2
32.0	0.0	0.0	0.0	
0.0	32.0	0.0	0.0	
0.2131233710075654	0.44135862319815566	0.0	0.0	
0.4051982074591738	1.0502888105219572	0.0	0.0	
0.38344780440172943	2.192848463197514	0.0	0.0	
0.3848429410308106	3.0935360235128875	0.0	0.0	
0.1517667093078483	4.242619020770142	0.0	0.0	
0.3319037739286145	4.852834771942131	0.0	0.0	
0.313964643329648	6.19271906650662	0.0	0.0	
0.42283260425696756	6.882413036672632	0.0	0.0	
0.42077016254369437	8.266816145443421	0.0	0.0	
0.2252030512963772	9.432485891890444	0.0	0.0	
0.2811391198255112	10.40642803220917	0.0	0.0	
0.47809897436692395	10.510822663503621	0.0	0.0	
0.38072052386649413	11.852110407351052	0.0	0.0	
0.32261520243099473	12.96118116090269	0.0	0.0	
0.45655702053876435	13.54698550778722	0.0	0.0	
0.006408867132330243	14.655401670491962	0.0	0.0	
0.2825199672387091	16.146043987272638	0.0	0.0	
0.052562543019389896	17.34719393038298	0.0	0.0	
0.1904827350301882	17.949588270559282	0.0	0.0	
0.44886977973480147	19.458944536092527	0.0	0.0	
0.12846186553124728	20.2386750714618	0.0	0.0	
0.4379140693647622	21.290331337404403	0.0	0.0	
0.32767678689701374	22.285478874568508	0.0	0.0	
0.33641068337585456	22.923809416090887	0.0	0.0	
0.4572932563406107	23.760889653845837	0.0	0.0	
0.3171804433124864	25.29627358981357	0.0	0.0	
0.36814842829254946	26.476539820682767	0.0	0.0	
0.2554860145533512	27.12301802473788	0.0	0.0	
0.06721435682541954	28.265235615486283	0.0	0.0	
0.24896374334767324	29.175617594226182	0.0	0.0	
0.09597587806512109	30.255457669465184	0.0	0.0	
0.18092177300133605	30.79542926181804	0.0	0.0	
1.285891305323172	0.05041381425683322	0.0	0.0	
1.1177669247248887	0.5217297302003512	0.0	0.0	
1.2552214887637194	2.2447661662365714	0.0	0.0	
0.7379359376151151	2.546393603958637	0.0	0.0	
0.8078715293565535	3.639336434687508	0.0	0.0	
1.211400650827462	4.600000315928279	0.0	0.0	
1.4962005994921856	6.194461209020473	0.0	0.0	
0.5168071418749041	7.013925988118396	0.0	0.0	
1.16593418147833	8.009147419330395	0.0	0.0	
0.7532244477596914	8.958399186551592	0.0	0.0	
1.297876099897731	9.645747623799359	0.0	0.0	
0.8686429347392184	11.111123105652544	0.0	0.0	
0.6154001806553342	11.618730389466608	0.0	0.0	
0.6439686373382486	13.395484373824468	0.0	0.0	
0.5590011452700443	13.957906552552954	0.0	0.0	
1.4035350224869694	15.137344363083818	0.0	0.0	
1.2216758500713907	15.513353544187451	0.0	0.0	
1.4250846937702213	16.67592378770685	0.0	0.0	
0.9222470844015116	18.146650305818717	0.0	0.0	
0.8509351671659736	19.089542528881633	0.0	0.0	
0.9327541426472937	19.694607972716984	0.0	0.0	
0.7574366078959109	20.841652397328364	0.0	0.0	
1.0203921432757588	22.360215977759484	0.0	0.0	
1.316037435322979	22.561689596643184	0.0	0.0	
0.7696245777914068	24.083382805265884	0.0	0.0	
0.8446181520368321	25.092149324336535	0.0	0.0	
0.9216015300802881	25.77009171214643	0.0	0.0	
1.2401988282975291	27.443370694901173	0.0	0.0	
1.3730832772757586	28.451139054943617	0.0	0.0	
1.2544818857496967	28.682677946316026	0.0	0.0	
0.7307325607806758	29.8239154435723	0.0	0.0	
0.6275153385995518	31.255820221394934	0.0	0.0	
2.326896595849239	0.1815388032680516	0.0	0.0	
2.124780272076727	1.3971980422892476	0.0	0.0	
1.95486558914383	1.7854353265523644	0.0	0.0	
2.3792878675500164	2.5474946119563224	0.0	0.0	
1.6024775745789288	4.410926806232576	0.0	0.0	
1.8279939373862917	5.489787296731896	0.0	0.0	
2.4623405464818684	5.523049654621479	0.0	0.0	
2.1201117618646723	7.404319603566959	0.0	0.0	
2.0638289262892178	7.702077995289614	0.0	0.0	
2.479830388030145	9.495413543538332	0.0	0.0	
2.435386171936406	9.90005264940779	0.0	0.0	
2.179609071587401	11.083678977948734	0.0	0.0	
1.9331707946790977	11.605845727164187	0.0	0.0	
1.7762756386615906	13.147758428899735	0.0	0.0	
1.698519412224394	14.221438489463047	0.0	0.0	
1.8083624088289554	14.916304979858166	0.0	0.0	
1.9031212746945072	16.344574832859333	0.0	0.0	
2.3703347813087854	16.70008405876376	0.0	0.0	
1.5822638985933937	17.57497146582531	0.0	0.0	
2.0689757494268792	19.385093800091706	0.0	0.0	
2.301283725623782	20.29206204782565	0.0	0.0	
2.4488262580314397	20.825322673026584	0.0	0.0	
1.697358303603012	21.7719794665703	0.0	0.0	
2.324034715608134	23.140545355158856	0.0	0.0	
2.3176852214978214	23.761681809427035	0.0	0.0	
2.2712214576974166	24.75970437429174	0.0	0.0	
2.1198700326641062	25.858481315449367	0.0	0.0	
1.9712267487090047	26.561761640163063	0.0	0.0	
1.5483225907209444	28.01997499048273	0.0	0.0	
2.466750167469303	28.99255572217889	0.0	0.0	
1.6223589119063888	30.1783519107891	0.0	0.0	
1.841715169871043	31.235987246414172	0.0	0.0	
2.7075349811357112	0.15513603592808312	0.0	0.0	
2.6142253725939515	1.2053117540100888	0.0	0.0	
2.7929314002390533	1.7744160451169315	0.0	0.0	
2.984639922664266	3.414625417315224	0.0	0.0	
3.2863636451893243	3.95685971039992	0.0	0.0	
3.072777680715728	5.442325559184745	0.0	0.0	
2.7587814302471054	6.060644228044102	0.0	0.0	
2.6036724331817185	6.518874508892411	0.0	0.0	
3.1331468439071517	7.98375314298191	0.0	0.0	
3.384790293541127	9.067001296327046	0.0	0.0	
3.006205662835252	9.516189862796267	0.0	0.0	
2.9420581555831844	11.13507065218671	0.0	0.0	
3.1279287845200088	11.974085048866133	0.0	0.0	
2.5540126398435508	12.645522421851437	0.0	0.0	
3.2207787978493108	14.255443505563196	0.0	0.0	
3.129011830414939	14.829704481011545	0.0	0.0	
3.1109511620570527	16.4957681484543	0.0	0.0	
2.9287587443519603	17.265157194800942	0.0	0.0	
3.2314417258499653	18.27812073567767	0.0	0.0	
2.8731372155871107	18.67615113865222	0.0	0.0	
3.236921793526996	19.71671791809954	0.0	0.0	
3.363259418682192	20.825197969223595	0.0	0.0	
2.6826269660521507	22.352689813986462	0.0	0.0	
3.0715337175110142	22.806159678678238	0.0	0.0	
2.506088390723349	24.27786064501807	0.0	0.0	
3.0137652284058922	24.953178153431878	0.0	0.0	
2.7354061483567595	25.506300615319592	0.0	0.0	
3.168015708900775	27.09058933337548	0.0	0.0	
2.5582377839266663	28.385450932151738	0.0	0.0	
3.3332230688447915	29.108750043980017	0.0	0.0	
3.1414379976903306	30.04481235069589	0.0	0.0	
2.9900799410658387	30.892262839748433	0.0	0.0	
4.330970196003966	0.31979422229698984	0.0	0.0	
4.384793737345154	1.3831648970242814	0.0	0.0	
4.306429414990856	1.6581217506100676	0.0	0.0	
4.241814826968929	3.460451112154863	0.0	0.0	
3.5820630351688805	3.9982066069879183	0.0	0.0	
4.1717343613644715	5.366854233333875	0.0	0.0	
4.251253024833147	6.287460174807675	0.0	0.0	
3.7623950061870257	6.556126975727542	0.0	0.0	
3.5816567206907592	8.42556888051918	0.0	0.0	
4.293415212902779	8.949298164353424	0.0	0.0	
4.1926860232205225	10.320490253378072	0.0	0.0	
4.203249708125545	10.982025008710673	0.0	0.0	
4.436846281891196	12.422632166762465	0.0	0.0	
3.841733277306033	13.261676996760228	0.0	0.0	
3.6431905717288293	13.690431475114577	0.0	0.0	
4.126085740246548	15.004483046608346	0.0	0.0	
4.450336342803316	16.186772051633557	0.0	0.0	
4.322334517925008	16.54176263930275	0.0	0.0	
3.8574083195286764	18.087975480168684	0.0	0.0	
4.043948496257972	18.939318861455835	0.0	0.0	
4.312588942281097	20.05365704315081	0.0	0.0	
4.293459675445142	20.730691359518545	0.0	0.0	
4.304584338389547	21.935765515930434	0.0	0.0	
4.472201105488649	23.152981956844066	0.0	0.0	
3.7446863999369695	23.735548004568727	0.0	0.0	
4.23687710493552	25.481877755727044	0.0	0.0	
4.475282626460533	25.783428525543112	0.0	0.0	
4.230996435430358	27.318932817034774	0.0	0.0	
3.5537342964702714	27.751497443383016	0.0	0.0	
4.135880717970698	29.219887209251663	0.0	0.0	
3.904703006613504	29.974636595420233	0.0	0.0	
4.05324919151896	31.065889528432855	0.0	0.0	
4.834270169903245	0.22044680960072982	0.0	0.0	
5.036262092569229	1.3263077429932673	0.0	0.0	
4.967936239848042	1.9248478371086755	0.0	0.0	
5.471999935679012	3.4173147068382725	0.0	0.0	
5.42491726746592	4.240930655085962	0.0	0.0	
5.092215465807515	5.276303833702784	0.0	0.0	
4.829975234715701	5.627694215451459	0.0	0.0	
4.840827240293745	6.8635664482946455	0.0	0.0	
5.330285303111895	7.758737828060828	0.0	0.0	
4.611052264744729	9.08504530413445	0.0	0.0	
4.593071444649736	10.051822070872518	0.0	0.0	
4.922969558812731	10.628802048115812	0.0	0.0	
5.421316125983444	12.416459254031414	0.0	0.0	
5.480172567043873	12.84582867665832	0.0	0.0	
4.62097380903497	14.130427131388666	0.0	0.0	
5.2267605515375655	14.844101482691897	0.0	0.0	
5.447284892153594	16.416929286721757	0.0	0.0	
5.175609748326545	16.6950735290057	0.0	0.0	
5.298815194063774	17.78707684962452	0.0	0.0	
5.444757759043346	18.844477966089517	0.0	0.0	
5.392602570371862	19.910989158253987	0.0	0.0	
5.001054888462294	20.836252186961417	0.0	0.0	
5.281018368823527	22.439781039426116	0.0	0.0	
5.010131112183538	22.82035160947148	0.0	0.0	
5.389588602116966	24.0011446329755	0.0	0.0	
4.81801376226849	25.220503181217765	0.0	0.0	
4.846923751058083	26.120473499210267	0.0	0.0	
4.511801167157287	27.070834179726525	0.0	0.0	
4.570287123481885	28.49852465739467	0.0	0.0	
5.298795939257063	28.55527714026666	0.0	0.0	
5.309456502866285	30.37148247039339	0.0	0.0	
4.924638424647283	31.442144841437077	0.0	0.0	
5.765931448593741	0.010421302661024034	0.0	0.0	
6.077270847247983	0.8045061999296776	0.0	0.0	
5.7423734533160244	1.5326236078082731	0.0	0.0	
6.446960712579368	3.00047808828139	0.0	0.0	
5.555856275036109	4.104131524246339	0.0	0.0	
6.218692612979684	5.3900544791922735	0.0	0.0	
6.216021748519978	5.912724626749858	0.0	0.0	
5.59215929205812	6.7003013070141915	0.0	0.0	
6.132028099119406	8.064909918286043	0.0	0.0	
6.304206688049813	8.642717107974203	0.0	0.0	
6.236859244657966	9.969276637085644	0.0	0.0	
5.854594824330526	11.336385910561916	0.0	0.0	
5.564558443670309	12.33896550929957	0.0	0.0	
6.327781508159975	13.372270463646426	0.0	0.0	
5.673077679080981	14.220213461556556	0.0	0.0	
6.476079515483411	14.666016629102097	0.0	0.0	
5.562788483100854	15.542536315680435	0.0	0.0	
6.429386608505664	17.15121204913043	0.0	0.0	
6.353591189395705	17.88514867670028	0.0	0.0	
5.661362113795294	19.06554067090034	0.0	0.0	
5.901851266563206	20.048462680334584	0.0	0.0	
6.290556208422506	21.12797764028705	0.0	0.0	
6.479252268422473	22.48456019756699	0.0	0.0	
5.692275055037856	22.74146134307305	0.0	0.0	
5.707007543493482	23.849597905241268	0.0	0.0	
6.448695648467064	25.054604946677742	0.0	0.0	
6.3904237621701006	26.147547945194894	0.0	0.0	
6.30687535262142	26.99549087712529	0.0	0.0	
5.688241999972125	27.981448873480716	0.0	0.0	
6.107131647633398	28.822984614385064	0.0	0.0	
5.806132115212424	29.913815128992155	0.0	0.0	
5.72990156213473	30.825307796923003	0.0	0.0	
6.6142336629550424	0.05965521902629878	0.0	0.0	
7.370539863925258	0.5817350543036233	0.0	0.0	
7.229811733239335	2.207181087073856	0.0	0.0	
7.453692654328206	2.984015640178821	0.0	0.0	
6.7363924680629	4.02853473514555	0.0	0.0	
6.800938402290083	5.49708939384448	0.0	0.0	
6.907185489961989	5.744743647531299	0.0	0.0	
6.585041109141771	7.194437904323521	0.0	0.0	
6.645928651667686	8.178103919271182	0.0	0.0	
7.442787142196637	8.874172896915022	0.0	0.0	
6.651175063190525	9.540334813628542	0.0	0.0	
6.841626238990587	10.602079080065394	0.0	0.0	
7.392292624038267	12.262803672853781	0.0	0.0	
7.444150591646312	12.638633468845725	0.0	0.0	
7.008024566769242	13.97674453304983	0.0	0.0	
7.254422734416836	15.335019147762631	0.0	0.0	
7.054762085949192	15.813794589565035	0.0	0.0	
6.661964841834441	17.02061948572922	0.0	0.0	
7.009500798542875	18.39808614973264	0.0	0.0	
7.132343196261298	18.67656078451966	0.0	0.0	
6.587615701844461	19.532962180951614	0.0	0.0	
7.394318764584487	20.847256850557212	0.0	0.0	
7.25229763414189	21.84014120890064	0.0	0.0	
6.634843922932986	22.601319202361857	0.0	0.0	
7.241837708355396	23.714488088712177	0.0	0.0	
6.553399942422959	25.362313546839616	0.0	0.0	
6.714897869499479	26.00355487816371	0.0	0.0	
7.2770744079929	26.805678949578628	0.0	0.0	
6.671095374270577	27.611248315962563	0.0	0.0	
6.903495552282477	29.36034606787306	0.0	0.0	
7.230161991050826	29.898845930292186	0.0	0.0	
7.383565618757502	30.85658525870617	0.0	0.0	
7.524204000315296	0.2940836673032321	0.0	0.0	
8.318689013134026	1.1486695010374164	0.0	0.0	
7.82460886717207	1.8936829114527298	0.0	0.0	
8.43356385736854	2.8743423549276454	0.0	0.0	
7.695507288442636	3.937436766904926	0.0	0.0	
8.113496956340954	4.749391278845176	0.0	0.0	
8.333374952089663	6.264543796212046	0.0	0.0	
7.677508923048486	7.009533588926458	0.0	0.0	
7.500555382466875	8.01748925968342	0.0	0.0	
8.150451692860107	8.906059253412375	0.0	0.0	
8.100988442006752	9.940845789292773	0.0	0.0	
7.9256963622792505	11.270029736777984	0.0	0.0	
8.307391029750505	12.489329178933108	0.0	0.0	
7.82151116206958	12.802831155491438	0.0	0.0	
8.018063929964512	13.646140880790709	0.0	0.0	
7.759236251904122	14.990875366350933	0.0	0.0	
8.365761482760036	16.07037424618828	0.0	0.0	
8.050004017432453	16.835646603597493	0.0	0.0	
7.5082970752807885	18.161791409964504	0.0	0.0	
8.43208148618638	19.20308720129186	0.0	0.0	
7.862948078228074	20.012923772484626	0.0	0.0	
8.237406140142225	20.567855066082668	0.0	0.0	
8.43606179668614	22.277303931923193	0.0	0.0	
8.498664832902593	22.569028151614553	0.0	0.0	
7.753420322636844	24.27454179094996	0.0	0.0	
7.515889049622145	25.03762206659065	0.0	0.0	
8.042959995235611	26.328941145914555	0.0	0.0	
7.91312022010719	27.190612471885885	0.0	0.0	
8.14138356154985	27.76415710118267	0.0	0.0	
8.000480172484188	29.062685817249843	0.0	0.0	
8.457581480409909	29.958794968487663	0.0	0.0	
8.464533494374484	31.4476855184275	0.0	0.0	
9.142829033933417	0.1252041361037577	0.0	0.0	
8.721739196648546	1.4984863270943056	0.0	0.0	
8.732135485577853	2.090439604455706	0.0	0.0	
8.617679882498255	3.113439017944178	0.0	0.0	
8.850781487746659	4.217295968645117	0.0	0.0	
9.313646356719289	4.526372940759369	0.0	0.0	
8.845258864485986	6.207108991555567	0.0	0.0	
8.747460336448107	7.4801613179513415	0.0	0.0	
9.491437848075194	8.172719873348022	0.0	0.0	
8.700867509310775	9.07472262686323	0.0	0.0	
8.619449587083409	9.568782031810397	0.0	0.0	
9.187446034050646	11.196422565261775	0.0	0.0	
9.246632794477245	12.068286678616323	0.0	0.0	
9.118712019934431	13.393965167438795	0.0	0.0	
9.358933801823564	13.520258809432692	0.0	0.0	
9.143201720752533	15.447651979272784	0.0	0.0	
9.10265416948434	15.639047595148668	0.0	0.0	
9.06293222985834	16.60273629214784	0.0	0.0	
9.430993193706293	17.68321359062307	0.0	0.0	
8.733828039024614	19.24405421371535	0.0	0.0	
8.622957004646596	20.499197134426105	0.0	0.0	
8.63672966819027	20.50124717355663	0.0	0.0	
9.428145437411844	21.726121160474925	0.0	0.0	
8.732414264770926	22.91929185863554	0.0	0.0	
9.490393120942688	23.929221934448105	0.0	0.0	
9.167292278885027	24.969084725743063	0.0	0.0	
8.649020246647542	25.723458520317045	0.0	0.0	
8.663507684165607	26.93510106774645	0.0	0.0	
9.058916623786002	27.68629826531376	0.0	0.0	
9.178729430842267	28.949365065076282	0.0	0.0	
9.144315983514907	30.406743535458123	0.0	0.0	
9.083208663893208	31.296602633895525	0.0	0.0	
9.543923865835376	0.29874635874469824	0.0	0.0	
10.164495787209384	1.1264732491793312	0.0	0.0	
9.536477030074975	2.045491592888646	0.0	0.0	
10.17454643620621	2.991065402842468	0.0	0.0	
9.538661774508917	3.955106489988108	0.0	0.0	
9.849648824633352	5.492590915538846	0.0	0.0	
10.1231021616983	5.594219161428077	0.0	0.0	
10.098829788611768	7.205686260669238	0.0	0.0	
10.19495320090896	7.9500819143649775	0.0	0.0	
9.892269691316772	9.468207512834526	0.0	0.0	
9.547023259828281	9.669872579969978	0.0	0.0	
9.926318637091587	11.096556462280915	0.0	0.0	
10.098852054463988	12.386743565694715	0.0	0.0	
10.449779553317313	13.148387624311576	0.0	0.0	
10.13796340697694	14.176582970330205	0.0	0.0	
10.024353388850606	15.223786181574052	0.0	0.0	
9.905630610218985	15.97853859573963	0.0	0.0	
10.402435532333108	16.924479852110714	0.0	0.0	
9.905919900447255	17.91058720613373	0.0	0.0	
9.885300842491366	19.08031600864126	0.0	0.0	
10.391209458425456	20.167200444709653	0.0	0.0	
9.976988367448126	20.739406917510387	0.0	0.0	
9.954316684232635	22.363744349109016	0.0	0.0	
10.486501113366263	22.777348343213422	0.0	0.0	
10.005411795610005	23.914942345597858	0.0	0.0	
10.050089895326623	24.62884305586849	0.0	0.0	
9.788317555942228	25.98339524097023	0.0	0.0	
10.16761232541709	26.71281202485071	0.0	0.0	
10.018969452678467	27.63007846177043	0.0	0.0	
9.950668181441506	29.445237448053696	0.0	0.0	
10.168615128930785	30.22530828155855	0.0	0.0	
10.26491450362577	31.23935725152324	0.0	0.0	
11.388966617045364	0.1469781988141563	0.0	0.0	
10.773709994625188	0.5935169740409225	0.0	0.0	
11.49901239031133	2.3229323006393914	0.0	0.0	
10.91385294629131	3.4624901277892084	0.0	0.0	
10.652062878858153	4.210432498563977	0.0	0.0	
11.188406903976068	4.913415695974308	0.0	0.0	
11.466195725481386	6.161480587133951	0.0	0.0	
11.028852551603022	6.687996537066897	0.0	0.0	
10.650183734432545	8.060566646513793	0.0	0.0	
10.967243229358568	9.220108832644193	0.0	0.0	
11.426471180069036	10.358586977826162	0.0	0.0	
11.110096379880485	10.855163358625306	0.0	0.0	
10.897825254598443	12.299234192467706	0.0	0.0	
10.758164589435147	13.46324692443064	0.0	0.0	
11.303031615624723	14.017782904163804	0.0	0.0	
10.574343277327547	14.97364581416382	0.0	0.0	
11.25877090882648	15.926987795026475	0.0	0.0	
10.752830264955694	16.792402703387854	0.0	0.0	
10.962785370641889	17.9658410778888	0.0	0.0	
11.4860467326027	18.995134084179877	0.0	0.0	
10.642475365732386	19.78885409466074	0.0	0.0	
11.313735559724144	21.40745824920624	0.0	0.0	
10.878636202438269	21.694961360751456	0.0	0.0	
11.440161025055174	23.309620796326076	0.0	0.0	
10.589164556807363	24.01819207536743	0.0	0.0	
10.851875317174953	25.02969783216651	0.0	0.0	
10.944156966298817	26.36493038372807	0.0	0.0	
11.436568521892871	26.99349458366696	0.0	0.0	
10.560905701103016	28.393247487688726	0.0	0.0	
11.476075191805057	28.875826735463924	0.0	0.0	
10.710363420223809	29.598914184094824	0.0	0.0	
10.949772273560214	31.075460225281653	0.0	0.0	
12.20304507193656	0.20559897068632904	0.0	0.0	
11.632474610622983	1.2148869380263534	0.0	0.0	
12.286180587618478	1.8903710615756952	0.0	0.0	
11.989719934783386	3.3932484040866093	0.0	0.0	
11.616785577419801	3.830162861545185	0.0	0.0	
11.772093765607954	4.713592066529117	0.0	0.0	
11.815709870427952	6.310632643679723	0.0	0.0	
11.926148408945147	7.066529764628148	0.0	0.0	
12.44624149129641	8.268526866980812	0.0	0.0	
11.713366543604199	8.626555155226402	0.0	0.0	
11.798796261580636	9.74284537462709	0.0	0.0	
11.739247754564001	10.616619094587493	0.0	0.0	
12.011514270253237	11.834590329220573	0.0	0.0	
12.300681011962855	12.524422462114849	0.0	0.0	
12.197218943840724	14.199216109065274	0.0	0.0	
12.362049584519998	15.473421178934178	0.0	0.0	
12.348324366599156	16.4035197975706	0.0	0.0	
12.191787035355246	17.065842711136792	0.0	0.0	
11.970673252114896	17.753057853917515	0.0	0.0	
11.83940625325406	19.123580904162978	0.0	0.0	
12.326801774235607	19.858187406344378	0.0	0.0	
12.273186964025829	21.397766546075772	0.0	0.0	
11.69173209416006	22.288082564828795	0.0	0.0	
11.808327044365958	23.432438021713796	0.0	0.0	
12.272042096079202	24.094137067822007	0.0	0.0	
11.93247065761428	25.134100039685485	0.0	0.0	
11.763404615608879	25.676858264133855	0.0	0.0	
11.581356536634011	27.091046798201827	0.0	0.0	
11.678209159781995	27.813597462914874	0.0	0.0	
12.362856251409644	28.900813204381393	0.0	0.0	
12.30864288030401	30.40831592975415	0.0	0.0	
12.349212744072483	30.988751760739127	0.0	0.0	
13.022932037008854	0.4099004648193395	0.0	0.0	
12.843125675348507	1.102270304170632	0.0	0.0	
12.979507953326523	1.9084718321212506	0.0	0.0	
13.352416808671109	2.57754992868343	0.0	0.0	
12.89615625181897	3.727433121719936	0.0	0.0	
13.083483577187254	5.215271792180285	0.0	0.0	
13.39151822715732	6.313380088075896	0.0	0.0	
13.322238652732038	7.064460379538977	0.0	0.0	
13.351448098739494	7.702630727918803	0.0	0.0	
12.574247904309711	9.309974958771353	0.0	0.0	
12.706406676324322	10.275943761212881	0.0	0.0	
13.150856178996252	10.761052531358029	0.0	0.0	
12.654214904398648	11.76193036023352	0.0	0.0	
13.072748314897805	13.431649152805411	0.0	0.0	
13.13735942010441	14.279661581048998	0.0	0.0	
12.500637579090325	15.318800121002953	0.0	0.0	
12.664597254539586	16.15907546499732	0.0	0.0	
12.74975736193701	17.194676552372268	0.0	0.0	
13.10049128095635	18.204565866390602	0.0	0.0	
13.362291562911105	18.97652336595291	0.0	0.0	
13.007999163285607	20.30723703294911	0.0	0.0	
12.857745668477657	20.917324038583253	0.0	0.0	
13.021019004774196	22.117044051837883	0.0	0.0	
12.602253034193893	23.467182338715695	0.0	0.0	
13.355840398638453	23.80943224133204	0.0	0.0	
13.110455316760255	24.692917753548375	0.0	0.0	
12.93640133188087	25.91524493740174	0.0	0.0	
12.62902075377796	26.927363573877916	0.0	0.0	
12.895368069434598	27.871968237535903	0.0	0.0	
13.44307163044727	29.02486133578167	0.0	0.0	
12.778032510095409	30.339845233672712	0.0	0.0	
12.559678235491086	31.460374276509096	0.0	0.0	
14.322110378337204	0.4957140618840289	0.0	0.0	
13.659063414237231	1.3785962275183614	0.0	0.0	
14.447250830581897	2.2275474728063775	0.0	0.0	
14.14329013870508	3.0047902523027177	0.0	0.0	
14.373713364103018	3.519683518326273	0.0	0.0	
14.279446000348406	5.387021227124973	0.0	0.0	
14.27747308960899	6.3462228287561695	0.0	0.0	
13.850592066770798	6.820611749360278	0.0	0.0	
14.2717721637677	7.8842168078858865	0.0	0.0	
13.988161573978449	9.140299647121658	0.0	0.0	
13.936784466575618	10.129923933616945	0.0	0.0	
13.991963453301365	11.33681328820981	0.0	0.0	
13.860162387501665	12.082003420541332	0.0	0.0	
14.076755543622376	12.671921023120559	0.0	0.0	
13.552421809564938	13.925657582476079	0.0	0.0	
13.766149449175545	15.416804517881003	0.0	0.0	
13.513230574744586	15.846037239759585	0.0	0.0	
13.690554065500745	16.862135687169538	0.0	0.0	
13.806466149719943	17.602927134208432	0.0	0.0	
13.956907090509958	18.975368741713947	0.0	0.0	
13.52838253336659	20.440321807386812	0.0	0.0	
13.791070038157574	21.094773971719913	0.0	0.0	
13.738170573730097	21.84321843443838	0.0	0.0	
14.234324054344972	23.384734706799783	0.0	0.0	
13.904931408451587	24.394079926458303	0.0	0.0	
13.8621238148078	25.392229280182104	0.0	0.0	
14.183986606502186	26.040982024693278	0.0	0.0	
13.883547871995276	26.909581541890073	0.0	0.0	
14.094714209416633	28.35564831548425	0.0	0.0	
13.857506429164903	29.050003220620304	0.0	0.0	
14.195688514037867	29.530658946946815	0.0	0.0	
14.312777953787739	31.166759909342566	0.0	0.0	
15.16876356032498	0.36863150986190696	0.0	0.0	
14.579005242651629	1.427484812949174	0.0	0.0	
14.675400864948227	2.4556113045367076	0.0	0.0	
15.254353974215636	3.491687287062848	0.0	0.0	
15.358969014438491	3.9395076269407276	0.0	0.0	
14.653306095619484	5.235358229451144	0.0	0.0	
15.276737402928319	5.682394633485211	0.0	0.0	
14.942162328946425	6.581303516463991	0.0	0.0	
15.073611033674648	7.822134086690508	0.0	0.0	
14.937720085348317	8.56540584242505	0.0	0.0	
15.16303824949223	9.6448285552196	0.0	0.0	
14.705337579287423	11.13535814237387	0.0	0.0	
15.070902615754555	11.866837267002206	0.0	0.0	
15.01243163710036	13.31457634223308	0.0	0.0	
14.877204599625056	13.929863183164159	0.0	0.0	
14.926381058134966	14.57428335296592	0.0	0.0	
15.216470615126816	15.951210804665998	0.0	0.0	
14.695869738513013	16.99330550090179	0.0	0.0	
15.46400665396541	17.50146967253384	0.0	0.0	
15.270248508166139	18.78874208144336	0.0	0.0	
15.434677089803044	20.255990081997886	0.0	0.0	
15.485638905551026	20.589348860308654	0.0	0.0	
14.733330762118083	21.91909332634753	0.0	0.0	
15.065773449240933	23.48441134706954	0.0	0.0	
15.215951687657645	23.994011749058572	0.0	0.0	
14.927126315895226	24.776604369584522	0.0	0.0	
15.36400511787906	26.291442906834515	0.0	0.0	
15.041980997675104	26.846645660303224	0.0	0.0	
14.568291392216723	27.763985564373396	0.0	0.0	
14.635678903432552	28.86709438123399	0.0	0.0	
15.123658142763585	29.83692525112238	0.0	0.0	
15.37968469775404	30.559065556839595	0.0	0.0	
15.922059534439413	0.2171135740014496	0.0	0.0	
16.21365185251546	1.0700485738420968	0.0	0.0	
15.559642919499511	1.6271999719211039	0.0	0.0	
15.932342080970228	3.1688123386228484	0.0	0.0	
15.702773984600633	4.361242855970172	0.0	0.0	
16.12271849256024	4.532422980864919	0.0	0.0	
15.865471786306065	6.168587590138897	0.0	0.0	
15.734260047352569	6.73300752856345	0.0	0.0	
15.526443776053204	8.493524617953327	0.0	0.0	
16.44805797567194	9.1342987825318	0.0	0.0	
15.840124944976695	10.25810249194275	0.0	0.0	
16.240728945816528	11.115900138761063	0.0	0.0	
15.754173878642039	11.674842774933362	0.0	0.0	
15.708361149775767	13.499712136865664	0.0	0.0	
16.46088114431904	14.383828037352293	0.0	0.0	
16.21158023068009	15.072431901913417	0.0	0.0	
16.07643737629776	16.372362372325533	0.0	0.0	
16.070504618026188	17.024599116115215	0.0	0.0	
16.10278750134165	18.090700605394254	0.0	0.0	
15.786975983596134	18.922239726740866	0.0	0.0	
16.43379494180682	20.27119154966857	0.0	0.0	
16.178893539184923	21.474566287073337	0.0	0.0	
15.66916897382293	21.98561811856422	0.0	0.0	
16.0342792406555	22.613344963154933	0.0	0.0	
15.536794816051895	24.2787976137927	0.0	0.0	
15.602907699844936	25.14299696126912	0.0	0.0	
15.898493407037074	25.611334202394787	0.0	0.0	
15.909903776735938	26.794377832351707	0.0	0.0	
16.21966570210129	27.963740767072608	0.0	0.0	
16.324949300998387	28.821531928584918	0.0	0.0	
16.498704680255123	29.917519973212443	0.0	0.0	
15.61647206351691	30.67242766477317	0.0	0.0	
16.592286580606093	0.0673172416141894	0.0	0.0	
16.70927019312399	0.6034289247350306	0.0	0.0	
17.171789410663244	1.990545413940166	0.0	0.0	
16.50860281541994	3.3894672260177083	0.0	0.0	
16.903226716659436	4.011155373336434	0.0	0.0	
17.16621575244729	5.111297725734205	0.0	0.0	
16.713989332965493	5.692528593012192	0.0	0.0	
17.306094470220067	7.124858189747271	0.0	0.0	
16.709557422276106	8.381012667073216	0.0	0.0	
17.33630082163455	9.109695232295872	0.0	0.0	
17.242404931902353	9.711462859867211	0.0	0.0	
17.286818845900825	10.587635473328383	0.0	0.0	
17.119210602505998	12.101283250252973	0.0	0.0	
16.595760926436178	12.81216746230643	0.0	0.0	
17.36267737699305	13.523716244131073	0.0	0.0	
16.50292438102738	15.16950233084498	0.0	0.0	
16.612904117026098	16.222257208542686	0.0	0.0	
17.050879908175077	17.334613717856275	0.0	0.0	
17.252874964038583	18.3242312636662	0.0	0.0	
17.06560174873854	18.526433349145687	0.0	0.0	
16.721371865164294	20.406405931553802	0.0	0.0	
16.67385676449349	21.353897633728582	0.0	0.0	
16.547414469443613	21.617236916353406	0.0	0.0	
17.051903217500268	22.89769923637693	0.0	0.0	
17.415011902254015	23.79347330889982	0.0	0.0	
16.889279264634403	25.120295099143966	0.0	0.0	
16.525616885120247	25.755697918961285	0.0	0.0	
17.332260321013397	27.272282566783424	0.0	0.0	
16.77630934966774	27.59713919624729	0.0	0.0	
16.70426271633127	28.940060185641993	0.0	0.0	
17.228250721663695	29.895343768111236	0.0	0.0	
16.806674929272532	31.434577079054577	0.0	0.0	
17.760352118827107	0.2883053163921204	0.0	0.0	
18.172109646911203	1.176269189197523	0.0	0.0	
18.170605485284018	2.3493538431291814	0.0	0.0	
17.59888862013625	2.9401177472618856	0.0	0.0	
18.468813951296877	4.330933775071462	0.0	0.0	
17.83807937959844	5.194858584857846	0.0	0.0	
17.940094523510837	6.040252375897884	0.0	0.0	
17.971586864540836	7.3104012097668205	0.0	0.0	
18.222390098694277	7.566441302787707	0.0	0.0	
17.572099687781776	9.245420287434134	0.0	0.0	
18.175295516294273	10.135038587686873	0.0	0.0	
18.451154119082013	11.45419541022834	0.0	0.0	
17.5527122492862	11.545678854134492	0.0	0.0	
18.28084575057278	12.82653254601833	0.0	0.0	
18.314740345274565	13.937320758689896	0.0	0.0	
17.951054078924994	15.19124827580756	0.0	0.0	
18.414195701376826	15.653247876277433	0.0	0.0	
17.684816350833792	16.561777851343248	0.0	0.0	
17.55508976089287	18.40580407313729	0.0	0.0	
17.520594798782902	19.188186983543318	0.0	0.0	
17.90339238964792	19.97914829704088	0.0	0.0	
18.325205954329014	21.490222384663074	0.0	0.0	
18.111854801028077	21.616537837139877	0.0	0.0	
17.89894006995358	22.943873927943542	0.0	0.0	
17.5029576348497	23.532667584879892	0.0	0.0	
18.348129338168583	24.57688614936856	0.0	0.0	
17.740869819146738	25.763365832566635	0.0	0.0	
18.31276063730396	27.497011373585032	0.0	0.0	
17.604841211536097	27.6296999268637	0.0	0.0	
18.207248973018206	29.206073769469405	0.0	0.0	
17.747853204004418	30.32749642589105	0.0	0.0	
18.43279865608133	30.688146223407305	0.0	0.0	
19.14063233132585	0.02743423880425444	0.0	0.0	
19.154827561313354	0.5078656755539462	0.0	0.0	
18.64233338937917	2.2832471470917577	0.0	0.0	
18.732905070308266	3.486926879145382	0.0	0.0	
18.69307069979429	3.9270829772625593	0.0	0.0	
19.264836237330005	4.560083080660402	0.0	0.0	
18.85186438079926	5.730969748190221	0.0	0.0	
19.070475040810408	6.636767410101589	0.0	0.0	
18.83353053189349	8.203439663121275	0.0	0.0	
18.905035401009517	9.200590927490019	0.0	0.0	
19.092649721814496	10.342629374609825	0.0	0.0	
19.26754974672902	10.574666169654511	0.0	0.0	
18.564256872816717	11.93624163555589	0.0	0.0	
18.884326725530872	13.491081338703342	0.0	0.0	
18.80458891999009	13.856867178899167	0.0	0.0	
19.333761962311094	14.931101814974394	0.0	0.0	
19.439842739642373	15.742532571948221	0.0	0.0	
18.516435296872125	16.70775311357813	0.0	0.0	
18.676724783448563	17.92016961054914	0.0	0.0	
18.900783311875305	18.644944967058198	0.0	0.0	
18.625076043166263	19.53258738344107	0.0	0.0	
18.510724665151038	21.398374794174927	0.0	0.0	
19.40471874473669	21.647872945367812	0.0	0.0	
18.938946300619403	22.852140889160825	0.0	0.0	
19.488565175393614	24.420102209786197	0.0	0.0	
18.52198474543347	24.544840323494082	0.0	0.0	
19.351823824922946	26.048801420777917	0.0	0.0	
18.751755894349614	26.57986505168285	0.0	0.0	
19.179141905538387	28.325005768725266	0.0	0.0	
19.404533123528587	29.135015299804223	0.0	0.0	
18.589333676328827	30.34883814146658	0.0	0.0	
18.582659455446297	31.2808075908478	0.0	0.0	
20.44127525384892	0.4093879106137851	0.0	0.0	
19.502217408910326	1.2693461539165574	0.0	0.0	
19.557825449998987	2.2457924113620913	0.0	0.0	
19.709521322716384	3.1703766118587016	0.0	0.0	
19.662559178515277	3.980483839992109	0.0	0.0	
20.443754692547603	4.82137639809465	0.0	0.0	
20.003699230485275	6.425407128763137	0.0	0.0	
19.829515033701238	7.3169637630841375	0.0	0.0	
19.727105106125318	7.540846332827851	0.0	0.0	
20.072485293085833	8.552199467210054	0.0	0.0	
19.504950231961445	9.795528185679903	0.0	0.0	
20.250844808396277	10.94823712522786	0.0	0.0	
20.432920603420705	11.629539493818132	0.0	0.0	
20.194158036912686	13.426968533150903	0.0	0.0	
20.308219953325015	14.217703656637823	0.0	0.0	
20.33318765408205	15.167666074092677	0.0	0.0	
20.01815157164426	15.679465286082658	0.0	0.0	
20.196822321155565	16.626511519424994	0.0	0.0	
20.25309427421731	18.24703944089395	0.0	0.0	
19.85259597419681	19.1760390668113	0.0	0.0	
19.698590359808936	20.47485827158353	0.0	0.0	
19.821299981038376	21.147699913636558	0.0	0.0	
20.455206426603972	22.169014316237533	0.0	0.0	
20.00580418072679	23.116739955369265	0.0	0.0	
20.331820559327646	23.90699655745319	0.0	0.0	
19.826786002210607	25.42789300301297	0.0	0.0	
20.06905257918831	26.086639887999308	0.0	0.0	
19.84358195701967	26.768740690070405	0.0	0.0	
19.584435789551843	28.038348785760604	0.0	0.0	
19.596880542255093	29.382536003145383	0.0	0.0	
19.771228605689977	30.17780052648955	0.0	0.0	
20.22689740699	30.7049235421605	0.0	0.0	
21.31478745298771	0.12139278510446894	0.0	0.0	
20.6466049505121	1.4919966552925665	0.0	0.0	
20.581369754102443	1.678265204280315	0.0	0.0	
20.845496248516177	3.0088694116428774	0.0	0.0	
21.118948969312616	3.5014753210266907	0.0	0.0	
20.656919448694758	5.391967167062947	0.0	0.0	
20.5803999050582	6.182850308005918	0.0	0.0	
20.52958828982837	7.426404232066338	0.0	0.0	
21.279972416872237	7.96283920221068	0.0	0.0	
20.767611251227475	9.022777292532023	0.0	0.0	
21.220530092475467	9.881296216941102	0.0	0.0	
21.44013074853604	10.83738113804927	0.0	0.0	
21.16557448256646	12.418371568776937	0.0	0.0	
21.349462058261544	12.913378033267467	0.0	0.0	
21.43610829015597	13.558602861606662	0.0	0.0	
20.62846498227587	14.534329107721238	0.0	0.0	
21.004730448006928	16.152792123826824	0.0	0.0	
20.696735993636466	17.26062474327233	0.0	0.0	
21.020918087207694	18.15397700647153	0.0	0.0	
20.99318979125445	18.676019383059653	0.0	0.0	
21.440104217969818	20.125845923990504	0.0	0.0	
21.164275019767192	21.424562455465264	0.0	0.0	
20.918597601853847	21.81827581247435	0.0	0.0	
21.28700716482339	22.915091294032084	0.0	0.0	
20.530815279981205	24.1957851498468	0.0	0.0	
20.860086564299927	24.749544715164042	0.0	0.0	
21.27330265987692	25.65483437961828	0.0	0.0	
20.765496173646824	26.507696607913914	0.0	0.0	
20.982600445619646	28.170589240689296	0.0	0.0	
20.742220390132204	28.669370135170965	0.0	0.0	
21.327702519841196	29.907301168194948	0.0	0.0	
20.660827524675955	30.54577353022523	0.0	0.0	
22.285521346084934	0.025496452947511683	0.0	0.0	
21.6650036962375	0.8992408013088259	0.0	0.0	
22.228972855712563	1.7227251501632965	0.0	0.0	
22.18197177374242	3.4043864398701045	0.0	0.0	
22.404505508015966	4.009911139523506	0.0	0.0	
22.36212766873749	5.307265021961301	0.0	0.0	
22.211482467906258	6.49459329569382	0.0	0.0	
21.818711941004725	7.415541141475936	0.0	0.0	
21.972273300358218	7.915757109648222	0.0	0.0	
22.493565874496646	8.777612178322949	0.0	0.0	
21.620440700541806	10.323837745311586	0.0	0.0	
21.796724391693942	10.660845088517899	0.0	0.0	
21.76663120198062	11.582436871453211	0.0	0.0	
22.235842087036584	12.526353445921718	0.0	0.0	
22.26659562854063	13.96900741088839	0.0	0.0	
21.87785253193715	15.166902318420396	0.0	0.0	
22.039647818955874	15.898670364560342	0.0	0.0	
22.06870589413449	16.95605598940527	0.0	0.0	
22.195099847448773	17.76143651686216	0.0	0.0	
21.87490929402269	18.831961434313584	0.0	0.0	
21.76698919840292	20.139656520371854	0.0	0.0	
22.382847502714384	21.25351703730403	0.0	0.0	
22.165702040293	22.250032013803708	0.0	0.0	
22.06269849401935	22.973560330916495	0.0	0.0	
22.307100718951997	23.596483213380388	0.0	0.0	
22.37750305664334	24.798920483986546	0.0	0.0	
21.539047901853568	25.5097135568432	0.0	0.0	
21.53003497371745	26.886937748441234	0.0	0.0	
22.47948637786832	27.746587750933454	0.0	0.0	
22.291811079531836	29.032157846687596	0.0	0.0	
21.7582919416314	30.22988687534223	0.0	0.0	
22.4314196983052	31.007812683634604	0.0	0.0	
22.982084098999398	0.0944371013664339	0.0	0.0	
23.2879390753364	0.7760921670773356	0.0	0.0	
22.99110582253385	2.3965075949810593	0.0	0.0	
22.980759497725895	3.044461059224177	0.0	0.0	
22.616571366608166	4.323020707121551	0.0	0.0	
22.821452439506224	5.4747335550927145	0.0	0.0	
23.434077339500234	6.358993871029645	0.0	0.0	
23.427457380546258	7.155929151692926	0.0	0.0	
23.413962547981654	7.550079924809548	0.0	0.0	
23.0040138121932	8.766839359896034	0.0	0.0	
23.02313244017037	9.570316710071065	0.0	0.0	
22.64771874737488	10.582074874769889	0.0	0.0	
22.717430211533557	12.15729871177866	0.0	0.0	
23.30650104796454	13.382398537659054	0.0	0.0	
22.502697233270386	14.136401508249044	0.0	0.0	
23.005417963804764	14.879380908126773	0.0	0.0	
23.031194030051864	16.04714794500535	0.0	0.0	
22.793613125920075	17.125553433006807	0.0	0.0	
23.03208152275543	18.300675947840514	0.0	0.0	
23.102943047873524	18.573265369089846	0.0	0.0	
22.761061332558516	19.874693004175843	0.0	0.0	
23.01337939404388	21.43054695896754	0.0	0.0	
23.26643066435399	21.834862450749267	0.0	0.0	
22.59057944408803	22.66364539773897	0.0	0.0	
22.69060578305285	23.777440101140712	0.0	0.0	
23.17191557189654	24.508363422851446	0.0	0.0	
23.35567738236696	25.696108719872623	0.0	0.0	
22.56547275148276	26.65956232275153	0.0	0.0	
23.220328060541142	27.580838658122072	0.0	0.0	
22.73677081644317	29.104396316156233	0.0	0.0	
22.784600884928945	29.70046108096035	0.0	0.0	
22.804738968314016	30.82075992073154	0.0	0.0	
23.908986906667078	0.3821718958260879	0.0	0.0	
24.28856079386451	1.2123923153769374	0.0	0.0	
23.62882334366547	1.79981328464733	0.0	0.0	
23.61908044218847	3.185972550649149	0.0	0.0	
24.141807485561536	3.7606948602691013	0.0	0.0	
23.822732474617517	5.11088572678713	0.0	0.0	
23.798982446954064	5.752993519846827	0.0	0.0	
24.145795038410782	6.67123156503955	0.0	0.0	
23.90371440242364	7.51272390055614	0.0	0.0	
24.439297670054692	8.84358200654982	0.0	0.0	
24.00304109464405	10.235911137211819	0.0	0.0	
23.56031655267171	10.780480487242917	0.0	0.0	
24.303393407411146	12.119777273022637	0.0	0.0	
24.25408994495766	12.81049684473195	0.0	0.0	
24.134864630753974	14.232180555385174	0.0	0.0	
24.38080246477391	15.384634212519925	0.0	0.0	
23.84601198936486	16.354877276579302	0.0	0.0	
23.753048315610247	16.765795885348656	0.0	0.0	
24.436945445156873	17.88616034703094	0.0	0.0	
23.647226090625033	19.34445299737356	0.0	0.0	
23.80869185458541	19.668900123685674	0.0	0.0	
24.39509330503321	21.163086211341383	0.0	0.0	
23.60628847394101	21.942371755298193	0.0	0.0	
24.18769995793659	22.65060427383392	0.0	0.0	
24.205776248140932	24.108570407435373	0.0	0.0	
24.08216453829526	25.021267508448574	0.0	0.0	
23.556118871904285	26.41977329440367	0.0	0.0	
23.91197350111691	26.590462960198618	0.0	0.0	
24.387862607820757	28.16279914206625	0.0	0.0	
23.990589613504643	28.909868307367233	0.0	0.0	
23.706910957933204	30.25137594048605	0.0	0.0	
23.935381718583177	30.719806612307895	0.0	0.0	
24.946229247462412	0.22374274783234616	0.0	0.0	
25.153204029024128	1.04196425079226	0.0	0.0	
24.63054069333066	2.2042610292972897	0.0	0.0	
24.80493268585377	2.7345492934188522	0.0	0.0	
24.65190716649056	4.155750153021148	0.0	0.0	
25.404169911733927	5.290546237033629	0.0	0.0	
24.8635823788841	6.33169393469291	0.0	0.0	
24.97499905445849	7.155936384292484	0.0	0.0	
25.061807185229192	8.190813704296817	0.0	0.0	
24.843429114962962	9.260520301122865	0.0	0.0	
24.56726189518838	9.770010490891696	0.0	0.0	
24.540671770514844	10.579810670869605	0.0	0.0	
24.51611850526602	11.602405241585034	0.0	0.0	
24.594410939360596	12.577844059013849	0.0	0.0	
24.6914125464891	14.479106103934791	0.0	0.0	
25.152152008009566	15.128894082759556	0.0	0.0	
25.213012648944993	16.07638220329562	0.0	0.0	
25.145535634681245	16.944028626697104	0.0	0.0	
24.77646670963909	18.073429158483247	0.0	0.0	
25.47519257791048	18.539362772045504	0.0	0.0	
25.416535536931427	19.820757640999886	0.0	0.0	
25.04722486283402	21.385371354678764	0.0	0.0	
24.54583122520374	22.476103780968018	0.0	0.0	
24.766036789726403	22.744846420229294	0.0	0.0	
24.77864374259132	24.284593326890597	0.0	0.0	
25.48881584570105	24.619305476765014	0.0	0.0	
25.24887309342005	26.26310624264769	0.0	0.0	
25.338477135839415	26.74232667476762	0.0	0.0	
25.460000281708584	28.064518072723242	0.0	0.0	
24.77566596168755	28.783661070401426	0.0	0.0	
24.726504953306712	30.331693756910425	0.0	0.0	
24.90964137474015	30.591638879395965	0.0	0.0	
25.930411098158064	0.14865844914406345	0.0	0.0	
26.2572686517375	0.9060962847900003	0.0	0.0	
26.464586687409287	2.3509593988550446	0.0	0.0	
25.99543314416088	3.172853877803966	0.0	0.0	
25.833386972399804	4.461252314739459	0.0	0.0	
26.060945286008742	5.371921808209468	0.0	0.0	
26.422499614815568	5.734522311960938	0.0	0.0	
26.209530835551632	7.07855541741479	0.0	0.0	
25.526096093382915	7.524551861002223	0.0	0.0	
26.39166032472198	9.188200875757861	0.0	0.0	
26.101835507104635	10.152000573938059	0.0	0.0	
26.234346106616243	11.255133298611897	0.0	0.0	
26.317200268961976	11.576713290393602	0.0	0.0	
25.76069333810807	13.007109773466313	0.0	0.0	
26.004946115914272	13.749957705110623	0.0	0.0	
26.287939618692867	15.14489469670253	0.0	0.0	
26.14133488278063	16.3670666400063	0.0	0.0	
26.00278224750352	17.30446357817505	0.0	0.0	
26.47616647584792	17.560269069238423	0.0	0.0	
25.549117413916083	19.03075243766201	0.0	0.0	
25.826009353633417	19.89559483433494	0.0	0.0	
25.65522776082846	20.789147975644916	0.0	0.0	
25.872962223604453	21.677608029455566	0.0	0.0	
25.84506292665181	22.504590574594612	0.0	0.0	
25.690297641667154	23.851479945119763	0.0	0.0	
25.80252622519647	25.07852923216328	0.0	0.0	
26.207876235080782	26.435827604277303	0.0	0.0	
26.25041437747216	27.416220319682715	0.0	0.0	
26.233680232984536	28.042736075718555	0.0	0.0	
25.954762687647612	29.41916606666917	0.0	0.0	
25.51573092405171	30.352020509581774	0.0	0.0	
26.235739976665904	31.27351010604865	0.0	0.0	
27.090732050512333	0.2357821755906735	0.0	0.0	
27.2122663146417	1.1601272962264813	0.0	0.0	
26.615873331920152	2.239916767303272	0.0	0.0	
26.734275744820444	3.054462901254794	0.0	0.0	
27.07818453386461	4.367997114203337	0.0	0.0	
27.0884725178022	4.657717267352152	0.0	0.0	
26.659774137953633	6.05206151263135	0.0	0.0	
27.37363400714252	7.1011622527504805	0.0	0.0	
27.39901354793455	8.444793737242334	0.0	0.0	
27.433163911399486	9.315153689347126	0.0	0.0	
26.57539582596488	10.487876710709692	0.0	0.0	
26.886346171631835	10.587627300682819	0.0	0.0	
27.446961078592338	11.555735942868077	0.0	0.0	
27.040355281011575	12.76073459946724	0.0	0.0	
26.645448266518574	13.724468124773367	0.0	0.0	
26.97516979208411	14.988438927443168	0.0	0.0	
27.488347564631727	15.852412654804695	0.0	0.0	
27.338634894497662	16.671317380927196	0.0	0.0	
27.41817615048348	18.14867807353501	0.0	0.0	
26.953603930891745	19.388579440144277	0.0	0.0	
26.994149098316022	19.901663428036777	0.0	0.0	
26.994276462849882	20.725734081305415	0.0	0.0	
26.70955517700301	21.57951886423789	0.0	0.0	
26.560824299910685	23.3501509121459	0.0	0.0	
27.19657022062102	24.450387458054916	0.0	0.0	
27.278251726840324	25.31455264155687	0.0	0.0	
27.183528789317787	26.316382315063265	0.0	0.0	
26.762935930127703	26.782332048050172	0.0	0.0	
27.35703501207094	28.395523139656117	0.0	0.0	
27.144514335330932	28.69644720039016	0.0	0.0	
26.626731475826922	29.81163418513176	0.0	0.0	
26.69150362003809	30.58737877486484	0.0	0.0	
28.266802620117524	0.35937619563104517	0.0	0.0	
28.296162388355427	0.6612427663669898	0.0	0.0	
27.99673756642062	2.3081097591183832	0.0	0.0	
28.090264170150277	2.815489386304862	0.0	0.0	
27.833770889559414	4.155162816767104	0.0	0.0	
28.052412292297888	4.834244375777551	0.0	0.0	
27.877858740314668	5.7374784562524965	0.0	0.0	
28.215961077911114	6.68658209301299	0.0	0.0	
28.3195030509609	7.8293479385393425	0.0	0.0	
28.091804917619175	9.018241983484497	0.0	0.0	
28.022216075479566	9.90857262242997	0.0	0.0	
28.30695912873923	11.025258929320255	0.0	0.0	
27.589812292838076	11.732755718738114	0.0	0.0	
27.50774026695046	13.045830416581804	0.0	0.0	
28.229553103504482	13.795451730069232	0.0	0.0	
27.613709432921432	14.562865798772958	0.0	0.0	
28.339672441059395	16.45768083422856	0.0	0.0	
27.83724994454808	16.867972974123678	0.0	0.0	
28.299954622280623	17.59722305341518	0.0	0.0	
28.257197509813654	18.59994487474795	0.0	0.0	
28.258669616983955	20.016025005864847	0.0	0.0	
28.364724571087297	20.83678323070383	0.0	0.0	
27.54021308482259	21.767176283691086	0.0	0.0	
28.396025535290182	23.17683881745138	0.0	0.0	
28.46366857213537	24.262036513891367	0.0	0.0	
28.41843786701993	24.69322624854851	0.0	0.0	
28.209919553471135	26.369303344065944	0.0	0.0	
27.80116742378876	27.48465991636696	0.0	0.0	
28.43482354190945	27.611841246435052	0.0	0.0	
27.628011476016066	28.979906797160336	0.0	0.0	
27.650265678544795	29.822722375675273	0.0	0.0	
27.55136219205358	31.22889775998629	0.0	0.0	
29.10878824404938	0.20332152152097682	0.0	0.0	
29.331639045714674	0.9256283606078893	0.0	0.0	
28.69888467200213	2.3419958224619664	0.0	0.0	
29.022029408492998	2.985744713826957	0.0	0.0	
29.0556819866671	3.8765037113647183	0.0	0.0	
29.141504651881508	5.365408745396019	0.0	0.0	
29.062029628765508	5.671826055809052	0.0	0.0	
28.50075433045008	6.514482681664204	0.0	0.0	
29.425595232162586	7.7286972373393334	0.0	0.0	
29.061431752230913	8.83614113454012	0.0	0.0	
29.049939864769033	10.482717750562742	0.0	0.0	
29.45914338665206	11.019364845586185	0.0	0.0	
28.75813900953146	11.972010384387172	0.0	0.0	
28.8965110484493	13.4574797943704	0.0	0.0	
29.086891255252404	14.075383929162856	0.0	0.0	
28.630572000614706	14.834721241497608	0.0	0.0	
28.995623194887404	16.078278483685715	0.0	0.0	
28.876749004406378	16.82117043221132	0.0	0.0	
29.385824280014937	17.56343660736819	0.0	0.0	
28.963756445651395	19.463264083951522	0.0	0.0	
28.707107486452273	20.328008160062762	0.0	0.0	
29.20218515065529	21.149730744779575	0.0	0.0	
28.753702023736334	21.845011651475044	0.0	0.0	
29.286920213475046	23.078142726520912	0.0	0.0	
28.81217458271899	23.99935095370535	0.0	0.0	
28.842689457662246	24.938622302364532	0.0	0.0	
28.552276983171385	25.788593104360388	0.0	0.0	
28.72726019536975	27.014635380080964	0.0	0.0	
28.669671435932816	27.877782520212367	0.0	0.0	
29.4599393503183	29.155065509783327	0.0	0.0	
29.04111865903927	29.500776084095463	0.0	0.0	
29.156154665239853	30.90077195653471	0.0	0.0	
29.945809107948964	0.12905088785192875	0.0	0.0	
29.684154521103515	1.101463954145165	0.0	0.0	
29.97354904504368	1.671396605769508	0.0	0.0	
30.169039206144728	2.921761962387799	0.0	0.0	
29.96395041894506	3.7397943401473297	0.0	0.0	
30.14365437281217	4.900233534496138	0.0	0.0	
29.66163626006748	5.8348148838438245	0.0	0.0	
29.577191993970384	7.0137468960015035	0.0	0.0	
29.81386422465103	7.586276655314527	0.0	0.0	
29.668184279693993	8.883174828679588	0.0	0.0	
30.11288571248096	10.27835579798754	0.0	0.0	
29.909518388069568	10.792814898501494	0.0	0.0	
30.244704608025597	12.31680478953164	0.0	0.0	
30.315930073243045	13.440714144607428	0.0	0.0	
29.803731520640248	14.094558068790372	0.0	0.0	
30.358979215193603	15.453338845485499	0.0	0.0	
30.1109693135867	16.230322973400977	0.0	0.0	
29.659312540136863	17.26452551573508	0.0	0.0	
29.64273455556395	17.73843457359025	0.0	0.0	
29.84546169479912	18.772829197516177	0.0	0.0	
30.258769626149345	19.513289909155763	0.0	0.0	
30.047522255765674	20.671204997468028	0.0	0.0	
29.593120069858244	22.3092970917233	0.0	0.0	
29.886292335747047	23.085909038881265	0.0	0.0	
30.152826680770247	23.79082466381445	0.0	0.0	
30.210968625076525	24.873951596896802	0.0	0.0	
30.16345844325542	26.473274592512293	0.0	0.0	
29.57928857830609	26.830706452110473	0.0	0.0	
30.34735536149145	28.3235322227071	0.0	0.0	
29.610482074540453	29.009424080268545	0.0	0.0	
29.561384382166267	29.953809389733575	0.0	0.0	
29.86864013728931	30.619739921055736	0.0	0.0	
31.410761976483776	0.06884077488285201	0.0	0.0	
30.99768361339503	0.881013815185548	0.0	0.0	
31.036280617452537	2.427621104709093	0.0	0.0	
30.773942575210032	3.070912456598501	0.0	0.0	
30.533427056813895	3.824970183157415	0.0	0.0	
31.443095114782473	5.204679191937729	0.0	0.0	
30.64631438434766	5.764879986154591	0.0	0.0	
30.881206820202095	6.55738768989735	0.0	0.0	
31.34803282424488	8.355165353530577	0.0	0.0	
31.417113545228393	8.537192484460142	0.0	0.0	
31.004719988253342	9.984368191873735	0.0	0.0	
30.921471554638998	10.819239761373167	0.0	0.0	
30.768128446294554	12.369851936608821	0.0	0.0	
30.81999120528078	13.201372193936876	0.0	0.0	
31.082698108692846	14.035750602118103	0.0	0.0	
31.28818354130823	15.153750253294854	0.0	0.0	
31.373403536779076	16.11661394825	0.0	0.0	
30.7341672222985	17.09402337522735	0.0	0.0	
30.768106813486067	17.91678696970503	0.0	0.0	
30.682284737285933	18.563507246894233	0.0	0.0	
31.002005172278505	19.88888813484419	0.0	0.0	
31.02965142292163	20.923981259363067	0.0	0.0	
30.639195607815	21.66298657538147	0.0	0.0	
31.385667673901967	23.184701152633757	0.0	0.0	
31.10398512301351	23.916605339114444	0.0	0.0	
30.927577754264007	25.368718172971818	0.0	0.0	
31.038988519942045	26.39588798091113	0.0	0.0	
30.908344292007474	27.120652967866373	0.0	0.0	
31.085128352455605	27.500990821272257	0.0	0.0	
30.945160660478564	29.28100550292099	0.0	0.0	
30.92937514068385	30.427344346290443	0.0	0.0	
31.309084011624556	30.844184513847548	0.0	0.0	
