2
32.0	0.0	0.0	0.0	
0.0	32.0	0.0	0.0	
0.17127230580044428	0.48865774295377107	0.0	0.0	
0.24387608838823505	0.6166385039076147	0.0	0.0	
0.1909644886210583	1.8116897527706195	0.0	0.0	
0.13214989062206117	2.6056731019671315	0.0	0.0	
0.20805275460638994	4.225332353998753	0.0	0.0	
0.01050998307009654	4.655820619535896	0.0	0.0	
0.23255063927759045	5.816424664093893	0.0	0.0	
0.15223910414323227	6.575492532877744	0.0	0.0	
0.48384891946825903	7.729871877315175	0.0	0.0	
0.4928262253521356	9.11221853197003	0.0	0.0	
0.40003763022683203	10.066266520768007	0.0	0.0	
0.437533028919045	10.507220920420744	0.0	0.0	
0.18385952194432964	12.446039278017405	0.0	0.0	
0.33577014839992014	12.507774822641952	0.0	0.0	
0.40229424413010406	14.170932989969547	0.0	0.0	
0.4678342214632173	15.005990628295425	0.0	0.0	
0.2619618145893817	15.976261649923773	0.0	0.0	
0.12337001342636622	17.295430059952686	0.0	0.0	
0.2140530088608955	18.456668227824746	0.0	0.0	
0.3911312208482064	18.529785817080988	0.0	0.0	
0.29086437156580436	20.084645303603136	0.0	0.0	
0.3819021836498492	21.243624029702886	0.0	0.0	
0.2835638023588736	22.105232832920503	0.0	0.0	
0.12174959512687833	23.396725994036316	0.0	0.0	
0.24539340360206952	24.324066619595705	0.0	0.0	
0.14534714588073927	25.44442418941793	0.0	0.0	
0.09899435091224973	25.58584422411267	0.0	0.0	
0.3032641860715294	26.520040985520282	0.0	0.0	
0.47478003467104857	27.793620616201473	0.0	0.0	
0.3702191883602507	28.80796413519763	0.0	0.0	
0.3116106363288317	30.351479033840725	0.0	0.0	
0.11624648887242528	31.167320417424943	0.0	0.0	
0.5484125570461398	0.17592525746221455	0.0	0.0	
1.2136553523538873	0.8621904229064521	0.0	0.0	
0.9237713590409234	1.6805936023294303	0.0	0.0	
0.6031964795218566	3.1266080942038177	0.0	0.0	
0.5334209927937733	4.220827605565373	0.0	0.0	
0.988671733512485	5.0108121596951225	0.0	0.0	
0.8952271284400425	5.964728214447278	0.0	0.0	
1.4312645811689277	6.960543658272002	0.0	0.0	
1.1707139900102597	7.81605022881576	0.0	0.0	
0.9628230125409682	9.26052952110073	0.0	0.0	
0.6822506471275982	9.879773942713442	0.0	0.0	
1.4377795593069438	10.805222286199777	0.0	0.0	
0.6498286558381469	11.741555780148069	0.0	0.0	
1.3052111568191442	12.635864022487466	0.0	0.0	
0.9011323467045101	14.169997959072548	0.0	0.0	
0.9450397490005733	15.120988393341289	0.0	0.0	
1.1280066664336101	15.848320460065382	0.0	0.0	
1.2038981485299112	17.457952985246592	0.0	0.0	
1.3774571434074887	17.54047809814023	0.0	0.0	
0.8860433634120736	19.22040603032037	0.0	0.0	
1.389877798608179	20.450747552159992	0.0	0.0	
0.9823757408205307	20.731002610070544	0.0	0.0	
1.2602674668177039	22.088072871479355	0.0	0.0	
0.9722196671801356	22.681999123176812	0.0	0.0	
0.6124166380262391	23.513090616498836	0.0	0.0	
0.6207656249477046	25.06973613669625	0.0	0.0	
0.5334999136947657	26.14695087244559	0.0	0.0	
0.9356444549946802	26.712217968419324	0.0	0.0	
0.7214251951058377	27.585587696740408	0.0	0.0	
0.7634123652638637	28.572145818291247	0.0	0.0	
0.6222921409525725	30.085381815695726	0.0	0.0	
0.8466988178303173	30.788729276102718	0.0	0.0	
1.6960061373826971	0.4597407971506894	0.0	0.0	
2.3142933056523387	0.9815418840789575	0.0	0.0	
1.6107313633441898	1.6031981397946193	0.0	0.0	
1.6160261863267424	3.260378323703432	0.0	0.0	
2.1316528850175214	3.997209748180669	0.0	0.0	
2.382402264230798	5.390457938969247	0.0	0.0	
2.2249046588741073	5.95684791003409	0.0	0.0	
1.527140999311336	6.919708409310182	0.0	0.0	
1.9152545826866385	8.369063482055285	0.0	0.0	
2.481602522143613	8.636366277334774	0.0	0.0	
1.9521760311006535	10.479857187829257	0.0	0.0	
1.9085948748670498	11.316713248889089	0.0	0.0	
2.177173196249965	11.662178489721853	0.0	0.0	
2.43409287087067	12.579661857332011	0.0	0.0	
2.1911646869654193	13.602188641451951	0.0	0.0	
1.5388783677895832	15.286732497978324	0.0	0.0	
2.3885602250153695	15.611579300929618	0.0	0.0	
2.2949437667031662	17.232957484833676	0.0	0.0	
2.208681311102497	17.743053903892612	0.0	0.0	
2.270251073084369	18.91183566914986	0.0	0.0	
1.8096304833879882	19.8650032121322	0.0	0.0	
1.6606343035999762	20.786400884577617	0.0	0.0	
1.8515268440898536	22.2005991415555	0.0	0.0	
1.9214427454257637	22.790243815256204	0.0	0.0	
1.6059531216990255	24.18593853102865	0.0	0.0	
2.0169239755830497	25.442547871269777	0.0	0.0	
1.9346739150927188	26.11196205114444	0.0	0.0	
1.5341801497115313	26.840063266762243	0.0	0.0	
2.4354598737958044	27.930749495393794	0.0	0.0	
2.4426253655291705	28.676842756788425	0.0	0.0	
1.7328783555436014	29.53610282664892	0.0	0.0	
2.3845851999481584	30.882132506574674	0.0	0.0	
3.4457757556000352	0.33279629332595195	0.0	0.0	
3.2367725577888065	1.3212255695971742	0.0	0.0	
2.7041218579330595	1.7865620702747604	0.0	0.0	
3.0446076104824433	2.8923198471725593	0.0	0.0	
2.681017302212732	3.6468840097162394	0.0	0.0	
3.3692420374405856	5.4883747732570365	0.0	0.0	
3.270685529666224	6.175307159389723	0.0	0.0	
2.9579884715769236	6.837081750051402	0.0	0.0	
3.0716177631183967	7.828532462569921	0.0	0.0	
2.626976283829271	8.537539410031654	0.0	0.0	
3.3840986690482913	10.057361032033532	0.0	0.0	
3.1905266465424136	11.000494206141303	0.0	0.0	
3.243510287010668	12.067976752115896	0.0	0.0	
3.434793180004762	12.877375312968693	0.0	0.0	
3.1059203884756545	13.703492845237026	0.0	0.0	
3.0702333375705266	15.427241552660963	0.0	0.0	
2.8775949295327536	16.101450491983066	0.0	0.0	
2.9687577811015315	17.02441041398338	0.0	0.0	
3.3145238423827776	18.17271325042543	0.0	0.0	
2.5662034624690615	19.315698005432463	0.0	0.0	
3.415432450757875	20.236095727921732	0.0	0.0	
2.831221363810887	20.741115815863978	0.0	0.0	
3.1351021481924426	21.577968014594603	0.0	0.0	
3.3032657207485636	22.98794631516617	0.0	0.0	
3.4435360832518405	23.76744975108315	0.0	0.0	
2.5148106009580893	25.316805950704865	0.0	0.0	
2.869989908353505	25.65787036659527	0.0	0.0	
2.781613867363375	27.148584243877938	0.0	0.0	
3.433205274167833	27.585451626662948	0.0	0.0	
2.78668813875933	29.46105643086615	0.0	0.0	
2.5942403463400745	29.664746034838853	0.0	0.0	
2.735293070109355	30.88575491302261	0.0	0.0	
3.908605191268196	0.3406980804539287	0.0	0.0	
3.5828448012202676	0.8132814499645941	0.0	0.0	
4.243773728413981	2.0042015437609866	0.0	0.0	
3.973136182686293	3.1853650926298562	0.0	0.0	
3.8958309760539156	4.078141582212816	0.0	0.0	
4.266606328756001	5.022504583782277	0.0	0.0	
4.432769590918853	6.410030765832563	0.0	0.0	
4.39446423411503	7.210227652156775	0.0	0.0	
3.5864018393815114	8.233468266451728	0.0	0.0	
3.8086167926137238	9.43908516464495	0.0	0.0	
4.292333436511529	9.612214488185154	0.0	0.0	
4.387407541037442	11.228361399129133	0.0	0.0	
3.9947703604364584	11.708916877245212	0.0	0.0	
4.112651004657842	13.34364295463661	0.0	0.0	
3.659687602828276	14.249752755261767	0.0	0.0	
3.7184309716918555	14.876489444090193	0.0	0.0	
4.191347668540344	15.625973517703352	0.0	0.0	
3.7799627229312454	17.40813122858247	0.0	0.0	
3.799443254560101	18.18568159963983	0.0	0.0	
4.087701314645636	19.363732756770577	0.0	0.0	
4.288522622887801	19.627991568148342	0.0	0.0	
3.636438918259861	21.265026734943852	0.0	0.0	
4.352732430430873	22.42457972047983	0.0	0.0	
3.5726079179322294	22.987030243609098	0.0	0.0	
4.203590969947947	23.64587121617811	0.0	0.0	
3.5650763281398072	25.357016081597372	0.0	0.0	
4.047228753865356	26.28944861137813	0.0	0.0	
4.172660098285501	27.020799131477233	0.0	0.0	
3.909893383473244	28.158802044144814	0.0	0.0	
4.1400365958521945	29.22514453405065	0.0	0.0	
4.151233534486333	29.748922645414787	0.0	0.0	
4.437020006293619	30.620948687156023	0.0	0.0	
5.03999862717148	0.4237644883573809	0.0	0.0	
5.4724782797982465	0.5858190226844632	0.0	0.0	
4.866472529079684	2.3767891220559703	0.0	0.0	
5.495881259494664	3.3777709551941375	0.0	0.0	
5.063653471074205	3.6003202621871186	0.0	0.0	
5.239841187106843	5.478976411237926	0.0	0.0	
5.214390275495412	5.517779559598615	0.0	0.0	
5.047458067604623	7.256436351336921	0.0	0.0	
4.7772284665796905	8.200654415174524	0.0	0.0	
4.650546133738869	9.277665286402932	0.0	0.0	
4.911222640142752	10.077480976004896	0.0	0.0	
5.129986767221276	11.373924907472674	0.0	0.0	
5.183169553508073	11.551308679866505	0.0	0.0	
5.08452972467477	13.485874173177965	0.0	0.0	
4.628875163290897	14.285675831813027	0.0	0.0	
5.237441152068329	15.206128391790779	0.0	0.0	
4.826013532170559	15.656191769366494	0.0	0.0	
5.427760806883267	17.23096301223735	0.0	0.0	
4.996904573041179	18.395929377043004	0.0	0.0	
5.041227902151597	18.9299025460644	0.0	0.0	
4.842659823833997	20.004568538126176	0.0	0.0	
4.679234167663273	20.787243094865982	0.0	0.0	
5.165336463726013	22.23621202775995	0.0	0.0	
4.900832761872911	23.166271698303625	0.0	0.0	
4.973867630809151	24.14326595353885	0.0	0.0	
5.010218588686687	25.34597463166255	0.0	0.0	
5.477297500477909	26.03622747680508	0.0	0.0	
4.993599470714637	26.9817503549825	0.0	0.0	
5.486351609445004	27.81524576225786	0.0	0.0	
4.532437907679336	28.736851637427375	0.0	0.0	
5.497345046950899	30.23361640359314	0.0	0.0	
4.967985685313907	30.570968703713245	0.0	0.0	
6.402516095821116	0.21768074565379436	0.0	0.0	
5.820968471208331	1.1936024934000407	0.0	0.0	
6.083416217940774	1.5700876983830567	0.0	0.0	
5.519250766367264	3.0151566348328904	0.0	0.0	
5.793934532150558	3.7552405980165346	0.0	0.0	
6.295209701646448	4.994049669479433	0.0	0.0	
6.383457084524618	6.235656601955442	0.0	0.0	
6.080114768266416	6.931313564887154	0.0	0.0	
6.344925273877976	7.882416950100696	0.0	0.0	
6.154897780531099	8.689489654999813	0.0	0.0	
5.8018997518633855	10.09364453450439	0.0	0.0	
5.738814730141923	11.10760893076808	0.0	0.0	
5.749997552747244	11.944196282941812	0.0	0.0	
5.752683888343588	13.13669485874438	0.0	0.0	
6.300073626045677	14.377350944925796	0.0	0.0	
5.591169516680851	15.009974873698066	0.0	0.0	
5.73850454075655	15.513269300741019	0.0	0.0	
5.873602284750346	17.156824620631358	0.0	0.0	
5.821423983058073	18.263535699566187	0.0	0.0	
6.4830385213441915	18.545870393343574	0.0	0.0	
5.54345132548578	20.34194285232052	0.0	0.0	
6.377063795924586	20.574334222257487	0.0	0.0	
6.052211175519238	21.75451741117579	0.0	0.0	
5.715932520433158	23.012777334740793	0.0	0.0	
6.491105600983708	23.653240283837164	0.0	0.0	
6.170935709563611	24.579050912207887	0.0	0.0	
6.342856667482363	25.810209320380707	0.0	0.0	
5.845579946298376	26.716692658119896	0.0	0.0	
6.1418890605105885	27.974233135155536	0.0	0.0	
6.336254166343184	29.29963855368633	0.0	0.0	
5.884796767811636	29.57692750709352	0.0	0.0	
5.766189864901962	30.617739178314324	0.0	0.0	
7.187143228581051	0.11040805321903968	0.0	0.0	
7.218667658922095	0.7791262933122479	0.0	0.0	
7.406045192336734	1.8981738738705234	0.0	0.0	
7.435598492524463	3.047462563400311	0.0	0.0	
7.392567552768254	3.947217512462462	0.0	0.0	
6.685339932877373	5.3142945070410965	0.0	0.0	
7.245005098147244	5.817167853356742	0.0	0.0	
7.322503699291344	6.657156386910147	0.0	0.0	
6.810595209683562	8.10199759974297	0.0	0.0	
6.592237532827447	9.477035723645018	0.0	0.0	
7.084517270490438	10.353262561157424	0.0	0.0	
7.250329543632306	11.217131991479102	0.0	0.0	
6.825926662199717	12.024311366770768	0.0	0.0	
6.621131059046536	13.447365936636812	0.0	0.0	
6.757173012599812	13.623495677944137	0.0	0.0	
7.469746464265669	15.008367008601333	0.0	0.0	
6.993977471086926	15.529275736029517	0.0	0.0	
6.8125416846559474	16.644543897182754	0.0	0.0	
6.958718506715318	17.74530067453414	0.0	0.0	
7.21684789708148	18.575985663331217	0.0	0.0	
7.233854939817516	20.48444271779444	0.0	0.0	
6.50582687416795	21.493687737853627	0.0	0.0	
6.712408537631219	21.684435610310558	0.0	0.0	
6.647894884862244	22.666085547021613	0.0	0.0	
6.815065168422509	23.960509287175093	0.0	0.0	
7.217255350289605	24.673361063199096	0.0	0.0	
7.36896191811366	25.543299261407103	0.0	0.0	
6.569078561528119	27.087621876507303	0.0	0.0	
7.0918582840155775	27.62140336652059	0.0	0.0	
6.8249489741338545	28.59836611808035	0.0	0.0	
6.64958720680836	29.760855858813105	0.0	0.0	
7.497145642505738	30.74896398672793	0.0	0.0	
7.581815533379197	0.26847228168642845	0.0	0.0	
7.644038000500338	0.6336722333318641	0.0	0.0	
8.166947649736084	1.8389515195333237	0.0	0.0	
7.635310522688817	2.8446010773894876	0.0	0.0	
7.727393309758509	4.352930292527932	0.0	0.0	
8.086620111681006	5.087136969928103	0.0	0.0	
7.628044058729105	6.180609826409031	0.0	0.0	
8.127140990519434	7.0445731317403215	0.0	0.0	
7.683280103487154	7.712630324457883	0.0	0.0	
8.348170842255504	9.378663693525484	0.0	0.0	
8.390645900819374	9.879405972551902	0.0	0.0	
7.968530176515872	11.382335621909508	0.0	0.0	
8.05037429382508	11.680551706799072	0.0	0.0	
8.324485068337953	13.32337852189537	0.0	0.0	
7.964215604807778	14.344034268294246	0.0	0.0	
8.030387019777846	15.00637941148614	0.0	0.0	
8.437273271885509	15.91113308860451	0.0	0.0	
7.653607808214057	17.194120268287527	0.0	0.0	
7.940879755525119	17.88991665965461	0.0	0.0	
7.62781749533777	19.355304313362947	0.0	0.0	
7.584479675582824	19.59892661462192	0.0	0.0	
7.843403606611648	21.483866198569608	0.0	0.0	
8.444168969014042	21.860015779698767	0.0	0.0	
8.081176174879651	22.909642892534315	0.0	0.0	
7.982234898309733	24.225531596049255	0.0	0.0	
8.438667328142454	25.47894314568901	0.0	0.0	
7.948658850585632	25.732420372063746	0.0	0.0	
7.605242151296868	27.021764237454807	0.0	0.0	
8.31757855709012	28.174796700781737	0.0	0.0	
8.166424807358164	29.352046000264618	0.0	0.0	
8.483361864403927	30.12021603198417	0.0	0.0	
7.733626301288421	31.4233513983962	0.0	0.0	
8.804853297411732	0.32743263225997066	0.0	0.0	
8.776929470151622	1.2243598721930056	0.0	0.0	
8.775638531353838	2.4191252538446246	0.0	0.0	
8.633330279834755	2.9809436542634833	0.0	0.0	
8.979227178921763	4.360665588480439	0.0	0.0	
9.244618225342673	4.896165566747421	0.0	0.0	
9.19139972668757	6.184829176035681	0.0	0.0	
8.62677197538388	6.891274552762874	0.0	0.0	
9.044310321385803	8.236355299178562	0.0	0.0	
9.12472915142481	8.57676875152474	0.0	0.0	
8.665860581890467	10.110656201383808	0.0	0.0	
9.150058922945192	11.474443574528186	0.0	0.0	
9.245718566982875	12.141907673046706	0.0	0.0	
9.254304287856105	13.35105619449184	0.0	0.0	
9.429609190473863	13.854973164048985	0.0	0.0	
9.161436483150075	14.885027439168555	0.0	0.0	
8.905772800164112	16.272256689612885	0.0	0.0	
8.746336412781984	16.622658307451555	0.0	0.0	
8.712614308361605	17.72264787511672	0.0	0.0	
8.592134742866085	18.929611700962433	0.0	0.0	
8.671086646240253	19.948611119602564	0.0	0.0	
8.928584717757932	21.18077380907126	0.0	0.0	
8.598749248075316	21.529929805698668	0.0	0.0	
9.392837647263166	23.36860143807089	0.0	0.0	
8.552420926874408	23.65026760568955	0.0	0.0	
9.46811241539321	25.470301571971643	0.0	0.0	
9.15194120653708	26.270732645923832	0.0	0.0	
9.49363840816059	26.715010381121296	0.0	0.0	
9.063020605339105	28.347492793301708	0.0	0.0	
9.490031764526087	28.701466984507377	0.0	0.0	
9.093116593391278	29.709796347403586	0.0	0.0	
9.04981959650236	31.195573627695865	0.0	0.0	
10.343447915234652	0.4347428447137338	0.0	0.0	
9.828171437357584	1.1393157969374035	0.0	0.0	
10.420194132220171	2.4692042354542796	0.0	0.0	
9.882096941257075	2.7563627691500217	0.0	0.0	
10.46252789676243	4.187321625748072	0.0	0.0	
10.01340712081055	4.58037950845766	0.0	0.0	
10.083265061133668	6.068259525303201	0.0	0.0	
10.048284034375202	7.199145440494532	0.0	0.0	
10.171603815934516	8.127914632622387	0.0	0.0	
10.437579744707234	8.889179391418805	0.0	0.0	
10.472150921551325	9.937261513232201	0.0	0.0	
9.554316710794025	11.484834775984817	0.0	0.0	
9.98451454047507	11.721161215494186	0.0	0.0	
9.725860398180279	13.227170999781038	0.0	0.0	
10.016927358723038	14.087771023527887	0.0	0.0	
10.219253160851073	15.43279499013208	0.0	0.0	
9.965272732998033	15.692538462899838	0.0	0.0	
10.153368893341556	17.045160975392303	0.0	0.0	
9.536771930803678	17.80259269240604	0.0	0.0	
10.315206703851311	18.774962502950775	0.0	0.0	
10.110191078637078	20.211020424323628	0.0	0.0	
9.983564024575672	21.431826557343783	0.0	0.0	
9.946055688063742	21.621535265975176	0.0	0.0	
10.209490517607136	23.44540470155761	0.0	0.0	
10.390967164931816	23.827120014967758	0.0	0.0	
9.752568890227693	24.91156214824682	0.0	0.0	
10.174062447019038	25.913622062088095	0.0	0.0	
10.433251158188128	26.82441453372525	0.0	0.0	
9.62184650314061	28.468009680915575	0.0	0.0	
9.807277658983747	28.5096146191788	0.0	0.0	
10.015660926200182	30.380502061660742	0.0	0.0	
9.637133404702755	31.444019972078674	0.0	0.0	
11.184405033853167	0.2317680693883747	0.0	0.0	
11.161950052927358	0.9505255803761413	0.0	0.0	
11.366989283656372	1.5573262892373478	0.0	0.0	
11.308065959552009	3.2142169003551153	0.0	0.0	
11.369464876760809	4.1081965636025055	0.0	0.0	
10.755450666044208	4.8896285957859735	0.0	0.0	
11.370412169773061	6.097128089175735	0.0	0.0	
11.375947416837711	6.783422826420784	0.0	0.0	
10.693100915248843	8.146976378579721	0.0	0.0	
10.871834305213813	9.008662318123058	0.0	0.0	
11.260284270617458	10.352877616181578	0.0	0.0	
10.989060735114046	11.092671729127481	0.0	0.0	
11.486356272497728	12.121161456319804	0.0	0.0	
11.173859171119123	13.032659721420881	0.0	0.0	
10.87002886737334	14.370177286546523	0.0	0.0	
10.943875858714698	14.839017763671428	0.0	0.0	
11.164409562118227	16.18928495406816	0.0	0.0	
10.898030419781243	17.29359017539635	0.0	0.0	
10.924751988714755	18.36172506522468	0.0	0.0	
11.004623881330776	19.194787915523644	0.0	0.0	
10.70573546849001	20.349600252228758	0.0	0.0	
11.278322821689871	20.62058780058483	0.0	0.0	
10.954639412601432	21.939122227161548	0.0	0.0	
11.446496503620379	23.431299126840422	0.0	0.0	
10.614525204273138	23.635334249981728	0.0	0.0	
10.540985137562217	24.616814153330882	0.0	0.0	
10.856768182406046	26.073038093445355	0.0	0.0	
10.904742246516905	26.840694087389366	0.0	0.0	
11.24526637994325	28.366621037244727	0.0	0.0	
11.243797188254048	29.1864256798127	0.0	0.0	
10.802339292817642	30.023404568771696	0.0	0.0	
11.098780505727749	31.319068839540872	0.0	0.0	
11.814074054525497	0.37587681819120144	0.0	0.0	
11.536710061382102	0.9938654281220743	0.0	0.0	
11.929068156131978	1.630500251158291	0.0	0.0	
11.54211247684076	3.4664358773797606	0.0	0.0	
11.685812962699263	4.333121713514689	0.0	0.0	
12.4629497197067	4.662703483271213	0.0	0.0	
12.10189775156842	5.575317298594394	0.0	0.0	
11.790795959037236	7.325397161585885	0.0	0.0	
12.223172866663033	7.560819464518184	0.0	0.0	
12.119375871872114	8.894889151786026	0.0	0.0	
11.995243020858432	10.029801761613156	0.0	0.0	
11.681161970892031	11.045143369266668	0.0	0.0	
11.626503458241183	11.573046340250846	0.0	0.0	
11.919521362518406	12.685810619299154	0.0	0.0	
12.40874011907803	13.825928967025295	0.0	0.0	
12.404314560477294	15.219542213471895	0.0	0.0	
12.109750106793774	15.540626043606185	0.0	0.0	
11.638738522825287	16.69094397760754	0.0	0.0	
11.60030159575887	18.245070616284252	0.0	0.0	
12.02871150369062	19.328312510934047	0.0	0.0	
12.396491181424128	19.92454327867601	0.0	0.0	
11.786276713352176	20.857419163688	0.0	0.0	
11.58371348723964	21.657389421306505	0.0	0.0	
11.754174945948353	22.64895911010449	0.0	0.0	
12.223037069755613	24.197773523051822	0.0	0.0	
11.649923406863095	24.827629610207026	0.0	0.0	
12.489498236502916	25.754276332444384	0.0	0.0	
12.107592046122079	27.324125392397164	0.0	0.0	
11.627338465775724	27.529531139099145	0.0	0.0	
12.346746504631854	29.020459069620383	0.0	0.0	
12.422704894362912	30.265173322761026	0.0	0.0	
12.007929392438694	31.21109207462383	0.0	0.0	
12.838037590710442	0.4486052244558063	0.0	0.0	
12.895884320340844	0.5942569216624822	0.0	0.0	
13.164670598039272	2.40589986699554	0.0	0.0	
13.318334948005024	3.1612273106614195	0.0	0.0	
13.162092571392517	3.88492228807109	0.0	0.0	
12.97616458397609	4.735995298702291	0.0	0.0	
12.511459095354384	5.752603395256998	0.0	0.0	
12.761862858388227	6.711668073523214	0.0	0.0	
12.884868745637641	7.764226391625687	0.0	0.0	
13.094055392568869	8.989751186180776	0.0	0.0	
13.448756642779307	9.872588978254388	0.0	0.0	
13.101640699625827	10.797856689466016	0.0	0.0	
13.31485002898518	12.407106545066046	0.0	0.0	
12.54252380618616	12.503683530428752	0.0	0.0	
13.126532524110326	13.573385455671417	0.0	0.0	
13.20238338394116	14.597005998479487	0.0	0.0	
13.190799450146034	15.731115916520206	0.0	0.0	
13.350770805799982	17.34091747077928	0.0	0.0	
13.02605843529759	17.7627747006865	0.0	0.0	
13.493355350811948	18.856605628628408	0.0	0.0	
12.957217027474307	19.967683499989622	0.0	0.0	
12.893955728687292	20.761815168688575	0.0	0.0	
12.980205830004405	22.42687050829847	0.0	0.0	
13.388780218423209	22.855307956743204	0.0	0.0	
12.789930092604584	23.664328633560814	0.0	0.0	
13.40832019523814	25.12952495975205	0.0	0.0	
13.096315284941998	25.68777194622349	0.0	0.0	
13.499728211922152	26.53071658870255	0.0	0.0	
13.353895581543302	27.7203350567456	0.0	0.0	
13.35920500139996	28.729324776219325	0.0	0.0	
13.242913681494642	29.5964022736292	0.0	0.0	
13.294299904323118	30.60366817632503	0.0	0.0	
14.126061646598723	0.1662375957532478	0.0	0.0	
14.470642112696119	0.5276048142320008	0.0	0.0	
14.274109332426045	2.194812304590085	0.0	0.0	
13.746882724572142	2.6809943340332563	0.0	0.0	
14.032740454634625	4.44706871552096	0.0	0.0	
14.007479844795515	5.250483049447996	0.0	0.0	
14.0557183817865	6.1664529916899316	0.0	0.0	
13.59602346071968	6.817461416985732	0.0	0.0	
13.5493598889559	8.462064400358589	0.0	0.0	
14.367345636035523	9.087324311689425	0.0	0.0	
14.248293474603651	9.64702818777945	0.0	0.0	
14.075244547942969	10.686207221235007	0.0	0.0	
14.366193281461396	11.576679328573208	0.0	0.0	
13.798232504615976	12.600390561496875	0.0	0.0	
13.782955548947378	13.976107717704211	0.0	0.0	
13.523147854464053	15.298575294957214	0.0	0.0	
13.920585791735363	16.001242078060212	0.0	0.0	
13.879458365151638	16.56137626481949	0.0	0.0	
13.727470609113274	18.090802739224152	0.0	0.0	
14.186684667805054	18.671940286614547	0.0	0.0	
14.296761641478444	20.164774631561105	0.0	0.0	
14.071456458108415	21.267963442424833	0.0	0.0	
13.964125017474194	22.01940010879404	0.0	0.0	
13.849814256248113	22.7943943381254	0.0	0.0	
13.922389916145653	23.85248839895673	0.0	0.0	
13.986834120195024	24.870003959499435	0.0	0.0	
14.200092142180095	25.802842229988624	0.0	0.0	
14.312314845779753	27.49942202632068	0.0	0.0	
14.166877897608176	28.27196026210533	0.0	0.0	
14.376514725013172	29.409536206921473	0.0	0.0	
14.013983204973437	30.117402788564224	0.0	0.0	
14.113603381446946	31.45472141404811	0.0	0.0	
14.935974467479113	0.27175480565113685	0.0	0.0	
15.490026818133398	1.2738466090851883	0.0	0.0	
14.888449629069548	1.5809508568237796	0.0	0.0	
15.434299795123293	3.0872260031615966	0.0	0.0	
15.087931515715155	3.7676015073285467	0.0	0.0	
14.685312487385376	4.922377146513571	0.0	0.0	
14.643787453512827	5.622160201460077	0.0	0.0	
15.218991711371174	7.360755678218779	0.0	0.0	
14.541214315854496	7.8377932829449595	0.0	0.0	
14.532553520114268	9.217578280254589	0.0	0.0	
15.009759590679716	10.044216480313487	0.0	0.0	
15.23970680154628	11.158453690831298	0.0	0.0	
15.024246824953252	12.368600563585975	0.0	0.0	
14.582815080901087	13.292275367556313	0.0	0.0	
14.924489902605435	13.728361700670202	0.0	0.0	
14.955506262369312	15.114631491428247	0.0	0.0	
14.5802519712755	16.14061740854577	0.0	0.0	
15.188703224156983	16.81675614531367	0.0	0.0	
15.206965646936368	18.40494950964993	0.0	0.0	
14.5417720809886	18.75827928328723	0.0	0.0	
14.551545153252317	19.536206677138008	0.0	0.0	
14.678851297118687	20.54798335099387	0.0	0.0	
15.345267970513152	22.036196735244378	0.0	0.0	
14.933134599948469	23.206529630608486	0.0	0.0	
14.787652634728326	23.797755120595355	0.0	0.0	
14.950449163065352	25.46021267456289	0.0	0.0	
15.437720395283321	26.343762525580058	0.0	0.0	
15.457822069729408	26.961707274917924	0.0	0.0	
14.680468248974051	27.50236927028594	0.0	0.0	
15.48818647541325	28.6650853374173	0.0	0.0	
15.19054224051614	30.27720607241952	0.0	0.0	
15.240433958452163	30.705823835957954	0.0	0.0	
16.43288635453895	0.37869604389381617	0.0	0.0	
15.822185879849945	1.2799733497778765	0.0	0.0	
16.247789077303835	1.5883388863471324	0.0	0.0	
16.453644868709386	3.424142337784107	0.0	0.0	
16.047062761127926	4.163318686404384	0.0	0.0	
16.494252368403973	5.173668244919827	0.0	0.0	
16.258041282754416	5.719742267146858	0.0	0.0	
16.391262985013178	6.644814396352178	0.0	0.0	
16.24561519312939	8.103674967162414	0.0	0.0	
16.04411618319855	8.880903841594934	0.0	0.0	
16.04143163110259	9.719454897752485	0.0	0.0	
16.148360448308757	11.495799992005901	0.0	0.0	
16.35073935150856	12.351809241695868	0.0	0.0	
15.882812468924769	13.163238989329717	0.0	0.0	
16.32878867305275	13.716449888792251	0.0	0.0	
16.394901699125235	15.09863995267476	0.0	0.0	
16.43132084638785	15.825191808097294	0.0	0.0	
16.316559537676337	16.986750946981765	0.0	0.0	
15.586328009632934	18.220378788596793	0.0	0.0	
15.894220450784964	18.72009819353596	0.0	0.0	
16.213743089401735	20.11438937465206	0.0	0.0	
16.305240100453407	20.787784780762657	0.0	0.0	
16.240994500126057	21.56728269908952	0.0	0.0	
16.39690040956355	22.84446349669816	0.0	0.0	
15.592902021377618	24.43930293814057	0.0	0.0	
16.101862686773146	25.18923748710613	0.0	0.0	
16.046968083134153	26.425411679107583	0.0	0.0	
16.00878156513637	27.387170919634634	0.0	0.0	
15.514233566069372	27.598590178116808	0.0	0.0	
16.16553140348151	29.181597302641674	0.0	0.0	
15.535570789896619	30.408382937113135	0.0	0.0	
16.352960571495704	31.092395138283347	0.0	0.0	
16.96194518170141	0.4740728049618095	0.0	0.0	
16.844297651000332	1.3038267338413814	0.0	0.0	
17.28387603170779	1.83975734586824	0.0	0.0	
17.10910687131678	2.594571546642549	0.0	0.0	
16.716907043609847	3.780063106073521	0.0	0.0	
17.390297183387993	4.584571455595519	0.0	0.0	
17.11377217000784	6.4187916266079394	0.0	0.0	
16.897030921106264	6.993496562846975	0.0	0.0	
16.857005291064972	8.464553182255223	0.0	0.0	
17.32260711298802	8.707438116246538	0.0	0.0	
17.25288509487143	10.054183057923918	0.0	0.0	
16.95962324776364	11.49070625786655	0.0	0.0	
17.23044400029685	11.69607128881852	0.0	0.0	
16.816060800165726	13.019798260479185	0.0	0.0	
17.17281431431792	13.849291207868152	0.0	0.0	
16.828070499836357	14.645822879856093	0.0	0.0	
17.252059979202397	15.944184790215653	0.0	0.0	
16.547239429612812	16.988061907735382	0.0	0.0	
16.59870641635747	18.044912009669233	0.0	0.0	
16.776188132658504	19.41873967140747	0.0	0.0	
17.117705635722515	20.011381764662854	0.0	0.0	
17.022970923851926	20.97299369189691	0.0	0.0	
17.15070472503272	22.014932427338845	0.0	0.0	
16.951272360642694	22.596916581726273	0.0	0.0	
17.38536117351349	23.610015950056106	0.0	0.0	
16.53927595791891	25.081561157411528	0.0	0.0	
16.981895757932616	26.389182988873785	0.0	0.0	
17.353612734532636	26.945591393378564	0.0	0.0	
17.220958432983416	28.006577408463887	0.0	0.0	
16.922930970720344	29.25479962216986	0.0	0.0	
16.611009221985245	30.035390715331886	0.0	0.0	
17.4380664796086	31.244388505741053	0.0	0.0	
18.3490357089524	0.4085100387537097	0.0	0.0	
18.3862374965887	0.796188871260007	0.0	0.0	
17.930930693046097	2.3431927012498286	0.0	0.0	
17.539117847186798	2.682511679178939	0.0	0.0	
18.497019977892247	3.5616705703195786	0.0	0.0	
17.53565037729983	4.580952595883044	0.0	0.0	
17.623193755360614	5.68490613049636	0.0	0.0	
18.100217392915944	6.817530038736596	0.0	0.0	
18.128421607238298	7.904843307103647	0.0	0.0	
17.97512987407414	9.471951476566273	0.0	0.0	
18.4987784724721	10.43677886486391	0.0	0.0	
17.546192274193686	11.0459315858519	0.0	0.0	
17.93017614319582	12.273190019519868	0.0	0.0	
17.856171227929632	13.339189327133436	0.0	0.0	
17.58970495999033	14.01131666090256	0.0	0.0	
17.904574908226387	14.619994324812643	0.0	0.0	
17.776567615789673	15.833339776397544	0.0	0.0	
18.26068985153458	16.61731882713001	0.0	0.0	
17.569865649651067	17.66388087628902	0.0	0.0	
18.045438052518367	19.416587240084766	0.0	0.0	
18.13632609402939	19.648502979798746	0.0	0.0	
17.740301828402448	20.78018817572975	0.0	0.0	
18.402014574500758	22.29834709240148	0.0	0.0	
18.02940297945807	23.013757369383264	0.0	0.0	
18.044006259071917	23.89687416185197	0.0	0.0	
18.168989178497352	25.49710453433009	0.0	0.0	
18.30855997347075	26.435594711652907	0.0	0.0	
18.3921656145019	27.33747037876675	0.0	0.0	
18.19884699077041	28.166658743131734	0.0	0.0	
18.27683636008869	29.089903740839937	0.0	0.0	
17.610882894400582	29.519199828262156	0.0	0.0	
18.32901989880598	30.74463541969712	0.0	0.0	
19.234591122487423	0.04113660123067109	0.0	0.0	
18.633054401218914	0.8683975046571478	0.0	0.0	
19.133643491440644	2.376904909486401	0.0	0.0	
18.89231336621018	3.316600205811641	0.0	0.0	
19.285866050375784	3.854783664678814	0.0	0.0	
18.741855612518588	5.425313008121363	0.0	0.0	
18.574569336977838	6.06593206833965	0.0	0.0	
18.60089470277242	7.031498223214298	0.0	0.0	
18.881755245240527	8.362161926453417	0.0	0.0	
19.369358280743363	8.501150823025451	0.0	0.0	
18.8383541896123	10.00925849047155	0.0	0.0	
18.50447116651261	10.574643943671674	0.0	0.0	
18.692595681232657	12.262788792740015	0.0	0.0	
19.349058089339522	13.480280123542322	0.0	0.0	
18.730500718324883	14.13759280594463	0.0	0.0	
18.633280686570448	15.132555835601114	0.0	0.0	
19.327198846753078	15.700339233221413	0.0	0.0	
18.775451651456905	17.202077416807384	0.0	0.0	
18.765391455642366	17.998327194316353	0.0	0.0	
18.9953476341241	19.369256424749892	0.0	0.0	
18.636714117692375	20.42779489933433	0.0	0.0	
19.419061378852096	21.001336431559793	0.0	0.0	
19.318058457308204	22.253397554104684	0.0	0.0	
18.974188947762666	23.31231287442816	0.0	0.0	
18.69267262184759	23.819030618508265	0.0	0.0	
19.12280526948009	24.5762777346997	0.0	0.0	
19.000573875499317	25.522987930533944	0.0	0.0	
18.65757370166309	27.264557948331305	0.0	0.0	
19.020538648431312	27.809778558561867	0.0	0.0	
19.300800510155685	28.960862567755786	0.0	0.0	
18.65480563834472	29.505182306426114	0.0	0.0	
19.162389099672843	30.817159020493573	0.0	0.0	
20.22611159755488	0.35348180211583	0.0	0.0	
19.568592266963137	0.7358020408749619	0.0	0.0	
19.65600272451247	1.9934241932219998	0.0	0.0	
19.94762275462702	2.9252184291819434	0.0	0.0	
20.457186996102713	3.8405803837329007	0.0	0.0	
20.0121095954714	5.316177472166157	0.0	0.0	
19.646753567720303	6.033154161536476	0.0	0.0	
19.94554443675884	6.932826806797948	0.0	0.0	
19.99996808578958	8.300690236696934	0.0	0.0	
20.093807536042448	8.624364554055273	0.0	0.0	
19.61824685197164	10.3149559316382	0.0	0.0	
20.066714244742894	10.769838638059948	0.0	0.0	
19.656587841672195	11.611244936059844	0.0	0.0	
20.35822292352257	12.842170489751267	0.0	0.0	
20.016188193109002	13.62152391990642	0.0	0.0	
19.799347421704447	15.18067643282454	0.0	0.0	
19.821638812012733	15.554553015574106	0.0	0.0	
20.445631086922173	16.842133232702512	0.0	0.0	
20.288158573893707	18.03217241036013	0.0	0.0	
19.91019532817655	18.978564668483845	0.0	0.0	
20.322395087070653	19.90985462022025	0.0	0.0	
20.17322827928809	21.307527123848104	0.0	0.0	
20.288935809489722	21.94715731462779	0.0	0.0	
19.683151038435888	23.134940621557174	0.0	0.0	
20.182207419881514	24.3545852140669	0.0	0.0	
20.241811192990177	24.638614314126304	0.0	0.0	
20.18097008979185	26.281473592554406	0.0	0.0	
20.231395435976314	26.636497022973515	0.0	0.0	
19.914309005476994	27.632958175224186	0.0	0.0	
20.36983227873011	29.24117216197363	0.0	0.0	
19.90357052999749	29.983120364855605	0.0	0.0	
20.10792905831403	30.56622134430125	0.0	0.0	
20.81300935697823	0.41525102871602104	0.0	0.0	
21.14978995178698	0.951775094771719	0.0	0.0	
21.09436415787541	1.9748404652522802	0.0	0.0	
21.330597005448432	2.7135182592269986	0.0	0.0	
20.59182554264118	3.50742500522741	0.0	0.0	
21.09195778991015	4.599312305491593	0.0	0.0	
20.87843286859975	6.342766070135038	0.0	0.0	
20.5141892081955	6.629970972435542	0.0	0.0	
20.8839725306531	8.490916422011292	0.0	0.0	
21.079445490229404	9.03273722864012	0.0	0.0	
21.046134766223265	10.197683082172674	0.0	0.0	
20.623569326325757	11.423006713603026	0.0	0.0	
20.962601936547212	11.8589512538755	0.0	0.0	
20.867223914838295	12.769830009780964	0.0	0.0	
20.93083434810919	14.379604179946053	0.0	0.0	
21.299231276079645	15.443351894880546	0.0	0.0	
20.745902354456675	15.986205896242971	0.0	0.0	
20.978853464007702	16.76672109452562	0.0	0.0	
21.247943127404795	18.043074706402216	0.0	0.0	
21.04666315233807	19.123694581780097	0.0	0.0	
20.51609315462306	19.54051040057983	0.0	0.0	
20.97477935169703	20.66012224437798	0.0	0.0	
20.57518103419941	21.55626315273427	0.0	0.0	
20.52371671491045	23.468843002516483	0.0	0.0	
21.39924941550284	23.705971341876506	0.0	0.0	
21.025279119996796	25.254859497377105	0.0	0.0	
21.186599483735364	26.494720841252587	0.0	0.0	
20.85162995503738	27.26585331498133	0.0	0.0	
21.293773553091906	27.99576549810203	0.0	0.0	
20.56551657306441	29.103142999933965	0.0	0.0	
21.39900577803731	30.086792113309997	0.0	0.0	
20.904296008814356	30.616159137903296	0.0	0.0	
21.828127599145382	0.37886463077123333	0.0	0.0	
22.36054251527102	1.464210992912655	0.0	0.0	
22.460741436791277	2.4325584855214113	0.0	0.0	
21.833841505788058	3.2625263288377284	0.0	0.0	
22.326853572812112	3.925061724312567	0.0	0.0	
21.63729556947096	4.725755833511756	0.0	0.0	
22.225958780253293	5.871980729931647	0.0	0.0	
22.061407737304517	7.429486709561183	0.0	0.0	
22.17301807827969	8.031279433262213	0.0	0.0	
21.610561665353725	8.507569062819366	0.0	0.0	
21.89946986799535	10.401217961863555	0.0	0.0	
21.634709328989636	11.212327912942333	0.0	0.0	
21.641778955486664	12.396086212856991	0.0	0.0	
22.37041512079151	13.233332526389065	0.0	0.0	
21.601423434366247	14.277592338978057	0.0	0.0	
21.53571027016189	14.915430872796666	0.0	0.0	
21.63176807754378	15.652928333767573	0.0	0.0	
21.7302187736503	17.29914884941027	0.0	0.0	
21.818650095133957	18.061846217422474	0.0	0.0	
22.41910708986956	19.440932403208485	0.0	0.0	
22.29841709959585	19.771647755204587	0.0	0.0	
21.66341383946278	21.084652328559404	0.0	0.0	
22.377024507982625	21.688337133294812	0.0	0.0	
22.301740373441188	22.6503754456585	0.0	0.0	
21.577149871659078	24.49188602061675	0.0	0.0	
22.3455092645792	25.339960545920007	0.0	0.0	
22.390460217948004	25.87109948390059	0.0	0.0	
21.953074619088255	26.74060242136368	0.0	0.0	
22.387364379427535	27.70259746874721	0.0	0.0	
21.60783952456407	28.548623565141746	0.0	0.0	
22.4449273977353	30.23817467932711	0.0	0.0	
22.03566840709222	31.42118090909989	0.0	0.0	
22.854048110085692	0.3778808690828046	0.0	0.0	
23.28760833587001	1.3758920325814175	0.0	0.0	
22.88395767258511	1.8195261597094758	0.0	0.0	
23.39930444736834	3.048027796635605	0.0	0.0	
23.38659502920621	4.468731158873644	0.0	0.0	
23.04650188543863	5.215072978552118	0.0	0.0	
23.229067568088823	6.170800753298291	0.0	0.0	
22.831934054830953	6.742873864683716	0.0	0.0	
22.730275109112732	8.442364631379036	0.0	0.0	
23.06032071514538	8.568638599351601	0.0	0.0	
22.778419338019248	10.206868040709345	0.0	0.0	
23.46113032295847	11.130136016183107	0.0	0.0	
22.901241833711815	12.003863379517233	0.0	0.0	
22.596255888391543	12.96460039560841	0.0	0.0	
23.00251535904501	13.810823813750169	0.0	0.0	
23.331348204821072	15.036987537542979	0.0	0.0	
22.84199370166193	16.46186052091945	0.0	0.0	
22.714952973478187	16.81520133708266	0.0	0.0	
22.58731979106191	17.690277358352002	0.0	0.0	
23.04767586772367	19.324910851866953	0.0	0.0	
23.372643101423257	20.47825855546997	0.0	0.0	
23.07709452640109	20.528590952152342	0.0	0.0	
22.927305473027953	22.134259570866593	0.0	0.0	
23.29059032987811	22.500531743511505	0.0	0.0	
22.980246861885895	24.154759088316997	0.0	0.0	
22.824182638520284	24.74199502526889	0.0	0.0	
22.895880271689702	25.6892068051797	0.0	0.0	
23.02587604498206	26.725126031265436	0.0	0.0	
23.081015056300043	28.106485658819178	0.0	0.0	
23.261195664363644	29.39421334507559	0.0	0.0	
23.245621710215705	30.476917868021868	0.0	0.0	
22.597346611287477	31.295724232907016	0.0	0.0	
23.655156913961438	0.3003947252204956	0.0	0.0	
23.641557688567694	0.6127466211309208	0.0	0.0	
23.925858018027352	2.281810600489326	0.0	0.0	
24.152456994769434	3.066366964269247	0.0	0.0	
23.57472672416909	3.753349173321962	0.0	0.0	
23.82907849445327	4.615709377166894	0.0	0.0	
24.314598693861434	6.0900794499184245	0.0	0.0	
23.647963847512415	6.677873721193106	0.0	0.0	
24.194265204991147	7.747870827785097	0.0	0.0	
24.348101325713532	8.864180383818473	0.0	0.0	
23.602604025064853	10.183589790146527	0.0	0.0	
23.906686926256036	11.255419432315813	0.0	0.0	
24.24049889427991	12.31320200854041	0.0	0.0	
23.779741841075296	12.61546883139275	0.0	0.0	
24.45768271128149	14.05337178369072	0.0	0.0	
24.113586146444796	15.439154666841551	0.0	0.0	
23.929305572000672	16.16628558962744	0.0	0.0	
24.469816266220224	16.99172931833981	0.0	0.0	
23.977082205529918	18.020794178609307	0.0	0.0	
23.622312145157604	19.084031379438237	0.0	0.0	
24.055774716959757	19.534876854459966	0.0	0.0	
23.653621640092847	20.71966749559037	0.0	0.0	
23.867020937588766	21.988581220829875	0.0	0.0	
24.2623405750974	22.577540866502922	0.0	0.0	
24.14295025672693	24.004818324602812	0.0	0.0	
23.851416176056105	24.547969900077433	0.0	0.0	
23.521481496494125	26.359761288542973	0.0	0.0	
24.057712126255684	27.32153752141627	0.0	0.0	
23.589119876301258	27.578781244414465	0.0	0.0	
24.25553183929447	29.400285754727097	0.0	0.0	
24.345771449656674	30.210571089952534	0.0	0.0	
24.414739670355754	31.10714359322583	0.0	0.0	
24.853014564677583	0.33078964448451587	0.0	0.0	
24.810866404577823	0.8749778702340848	0.0	0.0	
25.226367465874993	1.7747535218427841	0.0	0.0	
25.12173059245528	2.8743828634130737	0.0	0.0	
25.083764298860437	4.416923950253409	0.0	0.0	
25.139591836792583	4.6594845444080715	0.0	0.0	
24.918462326763684	6.317556024295689	0.0	0.0	
24.878934464093504	6.871202060706056	0.0	0.0	
25.42611760255922	7.734266548307065	0.0	0.0	
25.22712228832345	8.881583378842356	0.0	0.0	
25.26681189079251	9.64441586568433	0.0	0.0	
24.644938784280015	11.227621235124554	0.0	0.0	
25.418555791917587	12.460057666565888	0.0	0.0	
24.979487135761463	13.395166787160857	0.0	0.0	
24.680730866125007	13.660851920951245	0.0	0.0	
24.90307461756433	15.189026458902601	0.0	0.0	
24.63172226378213	15.63096371543354	0.0	0.0	
24.64498633984055	17.433185761065772	0.0	0.0	
24.90175690665535	17.769704089398644	0.0	0.0	
25.361261089343635	18.532162766983156	0.0	0.0	
25.127448810702496	20.17670265603355	0.0	0.0	
25.198928812679775	20.610408935362894	0.0	0.0	
24.558962966759406	22.1739521853872	0.0	0.0	
24.687363203361198	23.052776772694518	0.0	0.0	
24.61308679758638	23.838405578502098	0.0	0.0	
24.517684282743087	24.997837594637765	0.0	0.0	
25.334815483464034	26.089103353170206	0.0	0.0	
25.432068787896576	26.693853844790787	0.0	0.0	
25.26478411026773	27.850537527834323	0.0	0.0	
24.56811197157542	28.58946339521404	0.0	0.0	
24.53535194310975	30.12971027581425	0.0	0.0	
25.20927896512263	30.698094591966345	0.0	0.0	
26.075643488670885	0.34640796310939526	0.0	0.0	
25.922413119549347	1.4067991089435603	0.0	0.0	
25.571720260862044	1.513892324962181	0.0	0.0	
25.756711183709974	2.9027375625614047	0.0	0.0	
26.044679701733365	3.718425854803021	0.0	0.0	
26.253234444905644	4.983427265794207	0.0	0.0	
26.296086432007964	5.575621563184613	0.0	0.0	
25.9019730737807	7.378810341046011	0.0	0.0	
25.830379260983644	8.370855264742257	0.0	0.0	
26.08752858032552	9.494587622378276	0.0	0.0	
25.98912711493365	10.272876393675817	0.0	0.0	
25.515950217709708	10.96112677939949	0.0	0.0	
25.617329248520146	11.961242633488167	0.0	0.0	
26.307429169513316	13.284804718693048	0.0	0.0	
25.579477503984332	13.984555765244568	0.0	0.0	
26.318368250055894	15.14274294762778	0.0	0.0	
26.061165805734927	15.568318185655649	0.0	0.0	
25.77779913499972	16.834761196849392	0.0	0.0	
25.995525433714143	18.342720325508427	0.0	0.0	
25.73626571420226	18.588094836087134	0.0	0.0	
26.468994816017574	20.053219459026675	0.0	0.0	
26.494550659941776	21.181234688735234	0.0	0.0	
25.872032169750884	22.449556443462363	0.0	0.0	
25.835036230720192	23.340926325949905	0.0	0.0	
25.785714617227836	24.15925923181003	0.0	0.0	
26.491285552321596	24.895215108683026	0.0	0.0	
25.969843910388903	26.02101117117311	0.0	0.0	
25.920104151659505	27.154061020085614	0.0	0.0	
25.856594065728956	27.583742354408066	0.0	0.0	
25.510122496585222	29.206861812212043	0.0	0.0	
26.240185290319012	30.341444808311028	0.0	0.0	
26.19351226756988	30.94395223672263	0.0	0.0	
26.5867005718476	0.33002341241542055	0.0	0.0	
27.02857850103776	1.429580710996311	0.0	0.0	
27.491222810971152	1.5881733909440894	0.0	0.0	
27.41438842284676	2.9861647290586095	0.0	0.0	
26.976401630251665	4.000628311885634	0.0	0.0	
26.524638005135458	5.026427724093187	0.0	0.0	
27.375785139101037	6.199183867093118	0.0	0.0	
26.865608344210933	6.876814448774396	0.0	0.0	
27.163945506021356	7.960429881423691	0.0	0.0	
26.603609508938714	9.282653093685036	0.0	0.0	
27.11331317211908	9.921592025978427	0.0	0.0	
26.895294356558345	10.612805360382836	0.0	0.0	
26.686385652020157	11.670569895054252	0.0	0.0	
26.919788655033855	13.001992849596045	0.0	0.0	
26.692847830085647	13.683570485515393	0.0	0.0	
26.56642875880907	15.110246345068932	0.0	0.0	
26.85139439866605	16.299357096536195	0.0	0.0	
27.327153068887444	17.23387169842385	0.0	0.0	
27.097105052823732	17.771301866138163	0.0	0.0	
26.52195216866144	18.563598625880537	0.0	0.0	
26.57849647066987	19.981647574649838	0.0	0.0	
26.781306827589788	20.684426153055135	0.0	0.0	
26.98345845294097	22.04178755625973	0.0	0.0	
27.166542300608302	22.85042178984691	0.0	0.0	
27.369895943868805	23.68785813787157	0.0	0.0	
26.74523477937967	25.087960809189923	0.0	0.0	
26.6959635275956	25.915328361175003	0.0	0.0	
26.768339944513933	26.536521156779735	0.0	0.0	
27.1540505619502	28.437374193047162	0.0	0.0	
26.674607661796095	28.741620224454625	0.0	0.0	
27.218209166215786	30.464812588228973	0.0	0.0	
26.55773892644943	30.959771510650906	0.0	0.0	
27.809048614142938	0.006781055972233441	0.0	0.0	
27.97631004426956	0.694363321041974	0.0	0.0	
27.592260803074385	2.4550544080111254	0.0	0.0	
28.189775434252766	3.1337915106936696	0.0	0.0	
28.44331735915396	4.151668507837138	0.0	0.0	
27.934936269717216	4.712277911185491	0.0	0.0	
28.28331338964854	6.48481374411594	0.0	0.0	
28.288936255712592	7.24596674258442	0.0	0.0	
27.907658894118246	7.876587150371268	0.0	0.0	
27.838681052117696	8.722834337773374	0.0	0.0	
27.73523272433745	10.303552913180617	0.0	0.0	
27.944478716510936	11.098948636613475	0.0	0.0	
27.642084406726177	11.989540451430578	0.0	0.0	
28.041253084505993	12.50409806936113	0.0	0.0	
27.889332748851906	14.02365689423949	0.0	0.0	
28.193115987349437	14.8493001136327	0.0	0.0	
27.63464718160176	15.571532676008822	0.0	0.0	
28.04638011637231	16.563550163593128	0.0	0.0	
27.6812026990435	18.186652738191512	0.0	0.0	
28.18768185344685	19.241856834647905	0.0	0.0	
27.672255001923652	20.172036299341855	0.0	0.0	
27.962039395882	20.507172861707403	0.0	0.0	
28.229846985833845	22.412784515562052	0.0	0.0	
28.02243973188298	22.946396982946485	0.0	0.0	
27.741662935790334	23.58445603611667	0.0	0.0	
28.43784172388899	25.447106882821373	0.0	0.0	
28.407434956250707	25.808036701426737	0.0	0.0	
28.352434870212356	27.09904313868067	0.0	0.0	
28.142834417876674	27.87191998254321	0.0	0.0	
28.467399494056966	29.32804132368563	0.0	0.0	
27.56463278855971	29.725368200586914	0.0	0.0	
28.248905000450694	31.31365854612306	0.0	0.0	
28.505775198075316	0.10249395215318846	0.0	0.0	
28.619044104600537	0.5647588243658953	0.0	0.0	
28.671302094034203	1.8638013378881952	0.0	0.0	
29.450083035105287	2.7775687499303268	0.0	0.0	
29.184377784103546	3.599877546983306	0.0	0.0	
29.379846002344546	4.988927398236701	0.0	0.0	
29.046454118354593	6.075191982030203	0.0	0.0	
28.559388244121468	6.840499594732157	0.0	0.0	
28.677613955326514	7.767192718696656	0.0	0.0	
28.749450197844254	9.450921072051388	0.0	0.0	
29.308796917673014	9.871333800058299	0.0	0.0	
29.40591103712282	11.39614875700553	0.0	0.0	
28.578005185186313	12.04492432474608	0.0	0.0	
28.698875930378005	12.816529327951237	0.0	0.0	
28.67625643147752	14.490332002982884	0.0	0.0	
28.74701135266112	14.977514778158964	0.0	0.0	
28.54935041503165	16.09220953103812	0.0	0.0	
29.254812104623156	16.865422201561937	0.0	0.0	
29.41907564458324	17.655921162292675	0.0	0.0	
28.879798999922787	18.99578157408462	0.0	0.0	
28.548324887727095	20.174468525323093	0.0	0.0	
29.097994419897105	21.284747250045694	0.0	0.0	
28.894622576937543	21.699326314482384	0.0	0.0	
28.51257522443881	23.41347967429172	0.0	0.0	
28.914810101343043	23.59566831288661	0.0	0.0	
29.364663723964853	24.971054351354184	0.0	0.0	
29.40787517330902	25.826166441581897	0.0	0.0	
29.127438255084343	26.861995552571354	0.0	0.0	
29.240280060248363	28.435232120225677	0.0	0.0	
28.62450397227865	28.754069290517112	0.0	0.0	
28.900228055916596	30.45747989556567	0.0	0.0	
28.933573536777043	31.433104486948828	0.0	0.0	
30.18566025940347	0.3239284553275935	0.0	0.0	
29.820323105422272	0.5681219438844418	0.0	0.0	
30.471898887895023	1.6660890001815545	0.0	0.0	
30.47572716677089	3.328014021536611	0.0	0.0	
30.39382545166142	3.62747178868194	0.0	0.0	
29.961520183894564	5.203223344433266	0.0	0.0	
30.49643785700392	5.701681559973158	0.0	0.0	
29.639891765130887	7.1184478315189175	0.0	0.0	
29.99181411858387	8.26550273712731	0.0	0.0	
29.650486278245847	9.119629191116003	0.0	0.0	
29.989762588451903	9.58509737807939	0.0	0.0	
29.664071207051386	10.92002734886996	0.0	0.0	
29.6739893228048	12.291972906385602	0.0	0.0	
30.034256430300154	12.90572081381087	0.0	0.0	
30.426119777240768	14.437582021426632	0.0	0.0	
30.133422524091387	14.560179017373384	0.0	0.0	
30.109851307714123	15.742425942991593	0.0	0.0	
30.493800625749554	16.921201004063647	0.0	0.0	
30.09626570089128	17.611251796083636	0.0	0.0	
29.554240288763367	18.56885065157685	0.0	0.0	
30.22056334541035	20.20560177776935	0.0	0.0	
30.357528295354836	20.68712976709532	0.0	0.0	
30.39151520342212	21.967397808647203	0.0	0.0	
30.419377996063627	23.19858461800592	0.0	0.0	
29.866466139538964	23.798925889167432	0.0	0.0	
30.193384398482646	25.466881084388604	0.0	0.0	
29.54130085660974	26.253266514839705	0.0	0.0	
30.045637268571944	26.78870164823825	0.0	0.0	
29.685779809605506	27.995782974638765	0.0	0.0	
30.263631379890253	29.38417682278536	0.0	0.0	
29.875851663382434	29.803496898578445	0.0	0.0	
30.121211589748565	31.288003551939426	0.0	0.0	
30.53375728791098	0.3755372135487911	0.0	0.0	
30.83323968090476	0.9716407772891471	0.0	0.0	
31.48674286352219	2.2840617209789666	0.0	0.0	
30.698573478372797	3.241282128608499	0.0	0.0	
30.691830236974916	3.7639426168113053	0.0	0.0	
31.09416454817239	4.7883925388936355	0.0	0.0	
30.90009669797017	5.8925498900441475	0.0	0.0	
30.603759338322746	6.517249797073391	0.0	0.0	
31.421069517568	7.827685718184858	0.0	0.0	
31.20910967514017	8.550468279759823	0.0	0.0	
31.412817746395632	10.09303774219905	0.0	0.0	
30.665838991476704	10.920884815505104	0.0	0.0	
31.471462082842766	11.67423892385983	0.0	0.0	
30.844323567404327	12.69945041865635	0.0	0.0	
31.427620535441832	13.714908836700186	0.0	0.0	
30.888528128496336	14.67362854544611	0.0	0.0	
31.170864996768124	15.765567875348625	0.0	0.0	
30.70583735451113	16.663188519350243	0.0	0.0	
30.782016870312496	17.60413987008211	0.0	0.0	
31.01625197072832	19.35708896672465	0.0	0.0	
31.38344838885485	19.751340329005583	0.0	0.0	
31.044747873968156	21.041479923753773	0.0	0.0	
30.7655350326725	22.39575922433019	0.0	0.0	
30.82903147947069	23.29557770530662	0.0	0.0	
31.077269419128108	24.33205970971865	0.0	0.0	
31.453858431562438	24.718517626550845	0.0	0.0	
30.873630924706603	25.9688636045647	0.0	0.0	
30.770818158264824	27.46391241998847	0.0	0.0	
31.288773966131664	28.171528824839235	0.0	0.0	
31.08133969395181	28.74755311794983	0.0	0.0	
30.857418982743216	30.436699260154473	0.0	0.0	
30.94326729525986	31.345871457667627	0.0	0.0	
