2
32.0	0.0	0.0	0.0	
0.0	32.0	0.0	0.0	
0.29700526295423624	0.015967995474879704	0.0	0.0	
0.2548829263531136	0.5401809336125407	0.0	0.0	
0.07886571998013836	2.0459445279092323	0.0	0.0	
0.389228801614514	3.3789763295308024	0.0	0.0	
0.27339929041667344	4.159016990264931	0.0	0.0	
0.05179785508093093	5.477414124931222	0.0	0.0	
0.1763975177864574	6.460545356027096	0.0	0.0	
0.3225477149119933	6.930809779579707	0.0	0.0	
0.44288180982448944	8.181581558828576	0.0	0.0	
0.0895476960952235	9.396162309799266	0.0	0.0	
0.316142234621933	9.718904625920525	0.0	0.0	
0.3041198884998948	10.99392569992312	0.0	0.0	
0.3487978523363541	11.703441892172536	0.0	0.0	
0.10743108346454988	12.648236511184237	0.0	0.0	
0.3891652497927872	14.234946990568472	0.0	0.0	
0.021308017130593604	15.281673460257155	0.0	0.0	
0.4072100049415148	15.790553442859347	0.0	0.0	
0.38272532706370443	17.011226367253645	0.0	0.0	
0.3427696246331793	17.509416545300333	0.0	0.0	
0.15562497340420078	19.178272646886768	0.0	0.0	
0.4948428795455805	20.2067280565827	0.0	0.0	
0.2962292611595033	20.80640579152074	0.0	0.0	
0.34648586041258345	21.66661889005613	0.0	0.0	
0.02674243820654154	22.64673109534473	0.0	0.0	
0.08548189626221914	23.797474842698346	0.0	0.0	
0.03050651612155142	25.331950185019096	0.0	0.0	
0.3137964104565578	25.836628002769213	0.0	0.0	
0.208553988822185	26.73643244235862	0.0	0.0	
0.49088723279898727	27.938640368562236	0.0	0.0	
0.2955493406803936	29.10338474936211	0.0	0.0	
0.4323195097721447	29.856010019787565	0.0	0.0	
0.18180550879075386	31.289642851307487	0.0	0.0	
1.1571557734966669	0.2867240815970017	0.0	0.0	
0.5683472483958866	1.2783151857700308	0.0	0.0	
1.2475373897068889	1.9541821288669587	0.0	0.0	
0.7580649614941625	3.2415214138895085	0.0	0.0	
0.5520270872419923	4.15812362424624	0.0	0.0	
0.5491378892971174	4.8995432421829905	0.0	0.0	
0.6983156472346208	6.020223764919522	0.0	0.0	
1.2098697491118078	7.009464984596172	0.0	0.0	
0.975867062927911	7.570768513338019	0.0	0.0	
1.0795631148941336	8.677939815241853	0.0	0.0	
0.5239065056551592	9.829140091512507	0.0	0.0	
0.7822091095282516	11.33761795409959	0.0	0.0	
1.0544733364171024	11.8710941489727	0.0	0.0	
0.9463921447886348	12.641271267545564	0.0	0.0	
1.2264108350611829	14.497769674749845	0.0	0.0	
1.1242358376999324	14.526574032706886	0.0	0.0	
1.0070878405492452	15.790378480988654	0.0	0.0	
1.2235427748038956	17.25441342527193	0.0	0.0	
0.6823080221480791	18.31589062341276	0.0	0.0	
0.8177869204492378	19.036792786677317	0.0	0.0	
0.7918982459788924	20.34647782688278	0.0	0.0	
0.6930562554915703	20.659842531663095	0.0	0.0	
1.1968928801168617	22.30279991777912	0.0	0.0	
0.7797518594079305	23.478248832298426	0.0	0.0	
0.9939848685324217	23.57158492434703	0.0	0.0	
1.3050515081788228	24.712308883781095	0.0	0.0	
1.229049498130844	26.093600919808225	0.0	0.0	
1.2219074664826652	26.949616286781296	0.0	0.0	
1.3559290176818886	28.08514096415935	0.0	0.0	
1.488249578013908	28.84214480567068	0.0	0.0	
1.274460333747187	29.67664034328669	0.0	0.0	
1.026692159679678	31.090346971397967	0.0	0.0	
2.1386941266548325	0.1680894586951942	0.0	0.0	
2.2281314227714053	0.8580618022448874	0.0	0.0	
1.5145827985972309	2.419169719117508	0.0	0.0	
1.987000690958547	3.191176558408301	0.0	0.0	
2.407998614900524	4.460673982426129	0.0	0.0	
2.3544379020157127	4.745636786971197	0.0	0.0	
2.192547696114527	5.906009351009561	0.0	0.0	
2.1138353506651772	7.335460316685726	0.0	0.0	
2.1559047243231446	7.64722610615002	0.0	0.0	
1.5446427273277747	8.777848239057741	0.0	0.0	
2.210022486518267	9.957050694484748	0.0	0.0	
2.3054385977333096	11.405098500334743	0.0	0.0	
2.0912732808186774	11.65258319812026	0.0	0.0	
2.3047290734856327	13.351901152336055	0.0	0.0	
2.358274852423759	14.225745629322786	0.0	0.0	
2.4578818907816	15.449741046844418	0.0	0.0	
2.067522110074469	16.091873281432814	0.0	0.0	
1.93328533111805	16.93948345924015	0.0	0.0	
2.197443336127928	17.66036992301705	0.0	0.0	
1.5503655604809123	18.984748496277756	0.0	0.0	
1.8322760689896156	20.032336600061928	0.0	0.0	
1.8881281451953047	20.897130159922867	0.0	0.0	
2.4886538348830847	22.039227261856876	0.0	0.0	
1.7742871953913542	22.77108805186804	0.0	0.0	
1.7748704160483264	23.990923011373035	0.0	0.0	
2.3144658204938784	24.805762620539536	0.0	0.0	
2.227886921678988	26.260243719431077	0.0	0.0	
2.4859537467563237	26.743779916961966	0.0	0.0	
2.4450371641169397	27.65592523162079	0.0	0.0	
1.8384704900321844	28.937135147473185	0.0	0.0	
2.2440569741089504	30.428666656202502	0.0	0.0	
1.9345871113769357	31.169304888093542	0.0	0.0	
2.737749428184857	0.2426078620498342	0.0	0.0	
3.4171184323704624	1.1504025472044885	0.0	0.0	
2.7633762491064098	1.9669356677759398	0.0	0.0	
3.4915342920037444	2.9620752424669092	0.0	0.0	
3.1867004509838983	3.9202560711840135	0.0	0.0	
3.4340070121638067	4.66629663374953	0.0	0.0	
3.3404796728998156	5.669556327542379	0.0	0.0	
3.1758540511533404	6.681640554883182	0.0	0.0	
3.1856332502588494	8.369292029927813	0.0	0.0	
2.8959808336202992	8.880437896929557	0.0	0.0	
2.712761958800483	10.124369983450821	0.0	0.0	
3.229558698783206	10.901052950429811	0.0	0.0	
3.0485080095160804	11.909931021137284	0.0	0.0	
3.050613700523705	12.951383780810025	0.0	0.0	
3.0570021211208287	13.771099839270681	0.0	0.0	
2.901992961780639	14.722345105976885	0.0	0.0	
3.460336645183057	15.753530251149792	0.0	0.0	
2.7113423725956127	16.594198231619643	0.0	0.0	
3.034960153396873	17.88800908526007	0.0	0.0	
3.1539780346599215	19.15170360695516	0.0	0.0	
3.228332297088844	20.17398698892659	0.0	0.0	
3.0044543402390276	20.545916900181076	0.0	0.0	
2.6181905679464808	22.28700816705574	0.0	0.0	
3.495486870945003	23.036261602885393	0.0	0.0	
2.663259804551175	24.28305780870645	0.0	0.0	
3.0839637869888716	24.93121724041543	0.0	0.0	
2.6638020468944523	25.86246381199014	0.0	0.0	
2.6320266530058154	27.243631772656865	0.0	0.0	
2.897589275348835	28.15109130362129	0.0	0.0	
3.031100734468879	29.287617423189303	0.0	0.0	
3.2034624129695084	30.205173066283724	0.0	0.0	
3.352054533219219	31.218515522917137	0.0	0.0	
4.460946743881764	0.32112063234300126	0.0	0.0	
4.333290179014055	0.9878206292206329	0.0	0.0	
4.1628061968350805	2.0735895598185508	0.0	0.0	
3.581762322083411	2.805121245188869	0.0	0.0	
3.530610349686671	3.8340558936038693	0.0	0.0	
4.48840345565621	5.4341567665459936	0.0	0.0	
4.459324090534136	5.663466511198972	0.0	0.0	
4.304250351505677	7.44196508500183	0.0	0.0	
4.16647586822636	8.089832718535035	0.0	0.0	
4.170086316015199	8.78267306752895	0.0	0.0	
4.38105720664122	9.570243416004377	0.0	0.0	
4.117405733497708	11.34292503753158	0.0	0.0	
4.4774261266638335	12.008872839973325	0.0	0.0	
4.067914813489153	13.391834774722867	0.0	0.0	
4.325266044524579	13.905130547511929	0.0	0.0	
3.6852920625186876	15.266097893360818	0.0	0.0	
4.488569549800421	16.340610330869566	0.0	0.0	
4.3352412272337	17.22461060978437	0.0	0.0	
4.092872788562797	17.995095809788832	0.0	0.0	
4.296164401959716	18.826050328788142	0.0	0.0	
4.292380130433763	19.928342525759195	0.0	0.0	
4.338492701774939	21.449232467177865	0.0	0.0	
4.1327258203523884	21.88600961555789	0.0	0.0	
4.381730102380847	23.030077984663098	0.0	0.0	
4.228686883431466	23.985739299790737	0.0	0.0	
3.9581823829257536	25.257469268455083	0.0	0.0	
3.9939599753636554	26.30709713981176	0.0	0.0	
4.17608551433324	27.22270903090755	0.0	0.0	
3.8564935593430936	27.57324090873091	0.0	0.0	
4.161551743899241	29.22970441495787	0.0	0.0	
4.295849088500343	30.38608140026724	0.0	0.0	
3.681557086012503	30.853195736281002	0.0	0.0	
5.447031286134653	0.33968707264524756	0.0	0.0	
5.052170922503208	0.739900513641366	0.0	0.0	
5.440656940415551	2.0734287086496863	0.0	0.0	
5.3375971439614815	2.569490616381521	0.0	0.0	
5.490812727823875	3.9321945958082116	0.0	0.0	
4.832019722855173	5.151031960785909	0.0	0.0	
5.155064471926857	6.269044735215516	0.0	0.0	
4.852968361413268	6.706992742171259	0.0	0.0	
4.984506344448919	8.136521839698943	0.0	0.0	
4.638815913365309	8.781856960192167	0.0	0.0	
4.594834916515242	10.25293537027162	0.0	0.0	
5.060592057733228	11.391706494652718	0.0	0.0	
4.7803813048179435	11.948550998177835	0.0	0.0	
5.4481214653534416	12.771865260274502	0.0	0.0	
4.803491025125839	13.780314088485966	0.0	0.0	
5.145701091751618	15.17169749363015	0.0	0.0	
4.612771201522108	15.760901512118425	0.0	0.0	
5.251290678563979	17.09922518476286	0.0	0.0	
4.537888824684171	18.082257082253197	0.0	0.0	
4.594328275074455	18.586352528363907	0.0	0.0	
5.133074673981003	20.46600359775088	0.0	0.0	
4.528340391752104	21.18036769464258	0.0	0.0	
4.817972072127601	21.95251591801377	0.0	0.0	
5.042971474290057	22.904213007243165	0.0	0.0	
4.633242022716426	24.195188009200056	0.0	0.0	
5.492066014790605	25.22957087313483	0.0	0.0	
5.378730488492936	26.17682688573241	0.0	0.0	
4.710483580605331	27.220137108653823	0.0	0.0	
4.811558431259108	27.51530174007684	0.0	0.0	
4.6307190007468915	28.787097692249265	0.0	0.0	
5.254542717556831	29.533895850448364	0.0	0.0	
5.355151403450383	30.734299699254688	0.0	0.0	
6.305373245347932	0.09209194579143065	0.0	0.0	
6.266894271928723	0.5668657482656656	0.0	0.0	
5.911284752251195	2.0602823449166534	0.0	0.0	
6.419479753485762	3.4162441104854993	0.0	0.0	
6.191532187366434	3.61085304467888	0.0	0.0	
5.718510611343199	4.6333514061439045	0.0	0.0	
6.229289384313949	6.459179542914436	0.0	0.0	
6.135613616497089	7.470171798743188	0.0	0.0	
6.0943112818674	8.221293900202935	0.0	0.0	
5.7030929187566715	9.419054452096704	0.0	0.0	
6.288718222783135	9.891535070061583	0.0	0.0	
5.542020887678302	11.445517906098162	0.0	0.0	
5.58602314472124	11.950087843638673	0.0	0.0	
6.351046175914983	13.00484763360811	0.0	0.0	
6.263672180981906	14.319464147481423	0.0	0.0	
6.072783952842527	14.925068931641883	0.0	0.0	
6.029418098786307	15.824847826682234	0.0	0.0	
6.078912058454507	17.311790980965878	0.0	0.0	
5.875854068610884	18.103805589335003	0.0	0.0	
6.485504219244164	18.531542900812877	0.0	0.0	
5.55953703559241	19.927840614990153	0.0	0.0	
5.910188108290685	21.49334912998731	0.0	0.0	
6.319439632795747	22.251125778841924	0.0	0.0	
5.858486989805979	22.70961473600796	0.0	0.0	
6.2711461706558795	24.484326887701517	0.0	0.0	
5.934559112625974	24.600716753240338	0.0	0.0	
5.761699836945011	25.638381569088107	0.0	0.0	
6.113759796148665	26.97688734087651	0.0	0.0	
6.207040253423282	28.20990084482136	0.0	0.0	
6.0571188609077815	28.773297527078284	0.0	0.0	
6.15999763833341	29.733042847412374	0.0	0.0	
5.5886464907361475	31.242840691926332	0.0	0.0	
6.796682125426011	0.2106525466787066	0.0	0.0	
6.904047572533619	0.6381144079582404	0.0	0.0	
6.855162492451603	2.2180467830707635	0.0	0.0	
6.81661407894335	3.4959250982747774	0.0	0.0	
7.394818592072645	3.6334506745640676	0.0	0.0	
6.891080693766579	4.860572492942023	0.0	0.0	
7.468734515732411	6.260182335554308	0.0	0.0	
6.575962289231736	6.759785492301432	0.0	0.0	
7.0618289383321144	8.399692385552138	0.0	0.0	
7.32462748098759	8.830681989347422	0.0	0.0	
6.869182609680077	10.022601591686366	0.0	0.0	
6.5004194667593325	11.293256451086991	0.0	0.0	
6.586650586383321	12.241723202773958	0.0	0.0	
7.3499720001088935	12.726015399293257	0.0	0.0	
7.416114891642733	14.34620078505599	0.0	0.0	
7.036435218143365	15.441899039618516	0.0	0.0	
6.592178655374496	15.76851001958786	0.0	0.0	
7.267592759509251	17.317170967472236	0.0	0.0	
6.626142771566073	18.49455476020622	0.0	0.0	
7.267610064314911	19.42292163416552	0.0	0.0	
6.700614497431439	19.559616640969672	0.0	0.0	
7.026805239285994	21.235705037770998	0.0	0.0	
6.55241917438289	22.104426674345145	0.0	0.0	
6.802727946487289	23.02102355827935	0.0	0.0	
7.320343925421474	24.4922909810621	0.0	0.0	
6.571657416015241	25.48765085567086	0.0	0.0	
6.939072490830383	25.957337751562537	0.0	0.0	
6.6935462080416945	27.335645772536317	0.0	0.0	
7.115343081560631	27.92913582850685	0.0	0.0	
7.0585552685873925	29.101472330027036	0.0	0.0	
7.333841899000568	29.81984078233499	0.0	0.0	
6.789028994053157	31.069130604437124	0.0	0.0	
8.083054867841733	0.15323088103858518	0.0	0.0	
8.232251402303229	1.0424990020759664	0.0	0.0	
8.060927774060195	1.7105551475629168	0.0	0.0	
7.968360393632678	3.3592839258059017	0.0	0.0	
8.187502482987513	4.3517771622103805	0.0	0.0	
8.390224383371125	4.781930573558357	0.0	0.0	
8.03572046278865	5.582471545907155	0.0	0.0	
7.679282080013735	7.1555191223530334	0.0	0.0	
7.71961360359974	7.920659004602267	0.0	0.0	
7.916800447271911	8.845292795437354	0.0	0.0	
8.367644708115613	10.458431105507792	0.0	0.0	
7.781354154910734	11.288438762352067	0.0	0.0	
8.05313752453719	12.095082042465599	0.0	0.0	
8.28334059567347	13.148340370685272	0.0	0.0	
8.408581216118524	14.473540221920214	0.0	0.0	
7.541256736806941	14.57219525872519	0.0	0.0	
8.001189377019431	16.121290480967865	0.0	0.0	
8.014674952319654	16.614537586376848	0.0	0.0	
7.523113338411459	17.522342585547754	0.0	0.0	
7.57733913862205	19.214386812022706	0.0	0.0	
7.587341715606727	19.513748258976143	0.0	0.0	
7.887420001093997	21.468346479079766	0.0	0.0	
7.80122997471099	22.474432995104525	0.0	0.0	
7.948237844659351	23.080917571827364	0.0	0.0	
7.976711380394139	23.706563339986538	0.0	0.0	
8.247500916508626	25.11273632051698	0.0	0.0	
7.742236781951423	26.14636833574796	0.0	0.0	
7.5699189065035055	27.404541213524457	0.0	0.0	
7.704677819011019	27.527660968393604	0.0	0.0	
8.319171696681146	29.16695152473516	0.0	0.0	
8.400032278392215	30.164423629112136	0.0	0.0	
7.745345500697942	30.706931206875673	0.0	0.0	
8.73499278754978	0.3141102165749652	0.0	0.0	
9.478543028065419	0.8590645513850182	0.0	0.0	
8.668322942237205	1.9350663635795693	0.0	0.0	
9.213445529016763	3.293320620791615	0.0	0.0	
8.751673105198302	4.299603323307675	0.0	0.0	
9.37679439222876	4.733241743697377	0.0	0.0	
9.193203605118319	5.745092644323617	0.0	0.0	
9.226653859938402	6.816825436639974	0.0	0.0	
8.633798358396948	7.6952839664042845	0.0	0.0	
9.425354926212878	9.037453342682554	0.0	0.0	
9.160424960896671	10.076077734461249	0.0	0.0	
8.83412454156024	11.242164288801513	0.0	0.0	
8.779343615262242	12.475480518925933	0.0	0.0	
9.320614786679455	12.836995401900328	0.0	0.0	
9.263155533868192	14.265925967620875	0.0	0.0	
8.96958539333847	15.13634378145104	0.0	0.0	
9.022336831855435	16.1251296270687	0.0	0.0	
8.806353467008726	17.27270008828972	0.0	0.0	
9.34578240734315	18.491759324080174	0.0	0.0	
9.05587052686442	19.45697637195213	0.0	0.0	
9.047691465546029	20.44260693977651	0.0	0.0	
8.695299499318661	21.161563921871416	0.0	0.0	
8.813209829640055	21.580839795474745	0.0	0.0	
9.361603702361348	22.860633389565688	0.0	0.0	
8.687380323188265	23.90314037618664	0.0	0.0	
9.256908394616291	25.251083948830157	0.0	0.0	
9.120692201977079	26.41586688120639	0.0	0.0	
9.101975170785074	26.64727453873899	0.0	0.0	
8.969080301164947	27.987370556921725	0.0	0.0	
8.80830362573799	29.428647743097606	0.0	0.0	
8.56196483831981	30.184315991474698	0.0	0.0	
8.699415354572288	31.060930192763607	0.0	0.0	
9.718854903737615	0.22074854202623517	0.0	0.0	
9.564764192472209	0.8861771719631184	0.0	0.0	
9.985395491463908	1.8043483268715894	0.0	0.0	
10.17387344139751	2.673121266816617	0.0	0.0	
9.634552703430641	4.345132391567192	0.0	0.0	
10.03011932270485	5.375453924178236	0.0	0.0	
10.320962284489294	5.650196569012586	0.0	0.0	
10.249531690742426	7.448757872378172	0.0	0.0	
10.006914654724856	7.635218319003369	0.0	0.0	
9.863044598641647	9.168425560090908	0.0	0.0	
9.809073205301928	9.723382634841279	0.0	0.0	
10.272612649745327	10.712499541789201	0.0	0.0	
9.67356039463422	11.886156154124018	0.0	0.0	
10.441490438035032	13.254168005342356	0.0	0.0	
10.149004950491351	13.919032874309464	0.0	0.0	
10.391657237634945	14.686094059477561	0.0	0.0	
10.102279775368157	15.968743336508828	0.0	0.0	
9.700153763209851	16.74893414631611	0.0	0.0	
9.793917650454002	17.92401167062386	0.0	0.0	
10.345480331377786	19.182244418912344	0.0	0.0	
9.821452836261141	19.707730885490726	0.0	0.0	
10.002070079631778	20.55999976746587	0.0	0.0	
9.909002039104454	22.216881808985026	0.0	0.0	
9.80880284272092	22.751149840459902	0.0	0.0	
9.71083186193257	23.706367813213298	0.0	0.0	
10.269650655930343	25.094778175924123	0.0	0.0	
9.8926890993366	25.978531496598837	0.0	0.0	
10.470863223645773	27.415646074864245	0.0	0.0	
10.056722366524331	27.782923179174134	0.0	0.0	
9.922518019111106	29.492705244953967	0.0	0.0	
10.174024534016912	30.46122764393438	0.0	0.0	
9.650126832723947	30.73955003861726	0.0	0.0	
10.829461320670685	0.4389842062212498	0.0	0.0	
11.281835021685072	1.0648815245375711	0.0	0.0	
10.598829271684343	2.305039038793943	0.0	0.0	
11.103664850608974	3.1900591111212178	0.0	0.0	
10.863640868446232	4.385221813245313	0.0	0.0	
10.527933946650045	5.2826247290610215	0.0	0.0	
10.891734229623918	5.992342838415715	0.0	0.0	
10.908084839633142	6.849142548484247	0.0	0.0	
11.441610974975307	8.290618404671974	0.0	0.0	
10.865205773482685	9.06162080248867	0.0	0.0	
10.995649626693647	10.332295544994254	0.0	0.0	
10.870365515404098	11.307117738956745	0.0	0.0	
11.441216543646982	11.669123105912917	0.0	0.0	
10.915566674289465	13.353987639761513	0.0	0.0	
10.638398583123259	14.189068302869083	0.0	0.0	
11.317293631792538	15.231274608646107	0.0	0.0	
11.208098926892662	15.981349277161726	0.0	0.0	
10.644146462097222	17.497137288656436	0.0	0.0	
10.656940937079497	18.297382163873394	0.0	0.0	
11.375628577387461	19.41247162304729	0.0	0.0	
10.841045650315841	19.771901688527876	0.0	0.0	
11.492502394924166	21.16734642033967	0.0	0.0	
10.946841310587743	22.106768482421575	0.0	0.0	
10.590254740242075	22.67621270436908	0.0	0.0	
11.219394493458912	24.032122494506492	0.0	0.0	
11.406028562966581	24.727041967191013	0.0	0.0	
11.322213490219967	26.21613014792184	0.0	0.0	
11.01962740956538	27.468202082978717	0.0	0.0	
11.385484053032522	27.56478241570837	0.0	0.0	
11.339753691355158	28.847202153635134	0.0	0.0	
11.314907520829536	30.376401604465546	0.0	0.0	
11.301511323801684	30.806281850510178	0.0	0.0	
12.348866242947338	0.29640242516246185	0.0	0.0	
11.50856364371601	1.4093190571232164	0.0	0.0	
12.21732154568428	1.7324000776324309	0.0	0.0	
11.959410452903889	2.8823502358156077	0.0	0.0	
11.578198680259968	3.7784976200982365	0.0	0.0	
11.674597150126578	5.096368605564112	0.0	0.0	
12.000914448640206	6.032943162439231	0.0	0.0	
12.440282407592361	6.820044922814644	0.0	0.0	
11.923719264122099	7.617936068075957	0.0	0.0	
12.353788710121421	9.444989625696017	0.0	0.0	
11.702542153670171	9.725565573312615	0.0	0.0	
12.063286835696045	10.800433817874723	0.0	0.0	
12.083339230968303	12.177326636675973	0.0	0.0	
12.377090700714387	12.79409582393304	0.0	0.0	
11.737476190410247	14.049809566614895	0.0	0.0	
12.414884258408255	14.813713724954575	0.0	0.0	
12.266872197572503	15.526773076352068	0.0	0.0	
12.460385620126168	17.143209596444276	0.0	0.0	
12.433866380865807	17.936362335452134	0.0	0.0	
11.748519726161096	19.298834495849718	0.0	0.0	
11.867186484960147	19.77542866417932	0.0	0.0	
11.655683596068691	20.869241546941534	0.0	0.0	
12.355088646951199	22.17260776574176	0.0	0.0	
12.059600395860654	22.94742944120173	0.0	0.0	
11.848059396647807	24.078242333120492	0.0	0.0	
11.644191989909359	24.888758046009926	0.0	0.0	
11.587917123996027	26.084168605882642	0.0	0.0	
11.559312728393278	27.045062673786056	0.0	0.0	
12.314685157833267	28.004315063950035	0.0	0.0	
11.87983014600336	28.792899389531307	0.0	0.0	
11.886511519014853	29.586083620576385	0.0	0.0	
12.426499105338733	30.771067790689518	0.0	0.0	
13.179837212192439	0.28437293184057577	0.0	0.0	
13.142944279506619	0.7510967233946662	0.0	0.0	
13.29680715594603	2.163426464833271	0.0	0.0	
13.338224553377286	3.03774616414147	0.0	0.0	
12.948319201650913	4.316815636472644	0.0	0.0	
12.804971832290263	5.234709368758691	0.0	0.0	
13.0177232542958	5.85202297586816	0.0	0.0	
13.449179664734945	6.510150668410786	0.0	0.0	
12.507102917956354	7.837838088497792	0.0	0.0	
13.4750796808564	9.217809132460955	0.0	0.0	
13.320910287556044	10.18467704430598	0.0	0.0	
13.060647197307642	11.401470455097778	0.0	0.0	
13.421043739738627	12.109178731014586	0.0	0.0	
13.194766343531144	12.551075180905737	0.0	0.0	
12.519780078898247	14.45087924605438	0.0	0.0	
12.569998040219039	14.71426340479019	0.0	0.0	
12.83536410726341	15.830598498323234	0.0	0.0	
12.945647907772635	16.980327097836305	0.0	0.0	
13.3802603236215	17.899084930605543	0.0	0.0	
13.344709125490661	18.86717535906554	0.0	0.0	
13.46252535238803	19.825525031621364	0.0	0.0	
13.301667964035396	21.289511427950977	0.0	0.0	
12.511203529154946	22.44523958933483	0.0	0.0	
12.768739890652904	22.702611786851868	0.0	0.0	
13.09071372923567	23.680371467352533	0.0	0.0	
13.307649691996385	24.72317373841776	0.0	0.0	
12.972368078172153	26.080223859508877	0.0	0.0	
12.54715461473095	26.53642631095821	0.0	0.0	
12.62885538527422	28.3323586353426	0.0	0.0	
12.65270434587799	28.616087642571525	0.0	0.0	
12.683087675171977	30.176552202456502	0.0	0.0	
13.415386802227895	31.430751455487922	0.0	0.0	
13.646331157766657	0.315307875086438	0.0	0.0	
14.222270716305541	1.087935085726028	0.0	0.0	
14.125941861488583	2.1124257076922737	0.0	0.0	
14.43096154071418	3.272742377395337	0.0	0.0	
13.668621919541838	4.082615906094786	0.0	0.0	
13.61304803530766	4.629551665425646	0.0	0.0	
14.119798539063577	6.215674392914206	0.0	0.0	
13.994466723396975	7.364778090016575	0.0	0.0	
13.96213096360619	8.179786992498158	0.0	0.0	
13.787194810377354	8.968616342043626	0.0	0.0	
13.994039539629236	10.001153356701684	0.0	0.0	
13.762467082238036	10.714523928619858	0.0	0.0	
14.355264536555714	12.168487037717782	0.0	0.0	
14.041971767926494	13.232231545730373	0.0	0.0	
14.233344921618462	14.235654335722973	0.0	0.0	
13.61198862940682	15.45333870052836	0.0	0.0	
14.360256352732108	16.191293714022724	0.0	0.0	
13.865540158894365	16.66391901237392	0.0	0.0	
14.19989344305567	17.677720587506833	0.0	0.0	
14.259308449100626	19.27047850542822	0.0	0.0	
14.446417345306594	20.3045704093646	0.0	0.0	
14.217613559532548	20.502111451097033	0.0	0.0	
14.262243424191364	21.558728194963273	0.0	0.0	
14.418435343782354	22.816331354238585	0.0	0.0	
14.274532785780854	24.219574325834948	0.0	0.0	
13.883848982200982	24.548030387832735	0.0	0.0	
14.42006512420476	26.32231402134417	0.0	0.0	
14.115919200751945	26.64116712373757	0.0	0.0	
14.09616853474991	28.211020954105695	0.0	0.0	
14.30378742793515	29.05396815038081	0.0	0.0	
13.93168856578725	29.98006599073406	0.0	0.0	
13.74658249573775	30.625315603825	0.0	0.0	
14.581335981376206	0.3369897984035992	0.0	0.0	
15.03613149247237	1.350016659289989	0.0	0.0	
15.38385502147453	1.6088129347318003	0.0	0.0	
14.569421818024523	2.646802104937812	0.0	0.0	
15.415496612358183	3.5683141786653025	0.0	0.0	
14.544901259278488	5.074899128131361	0.0	0.0	
14.99483047464316	6.281827463690578	0.0	0.0	
15.183813665348628	6.515354701070566	0.0	0.0	
15.170866041679243	8.498267204316162	0.0	0.0	
14.821428679170802	9.119680740411699	0.0	0.0	
14.896106179310216	9.968123299022164	0.0	0.0	
14.933970945717517	10.594684514884335	0.0	0.0	
15.335637481476317	11.763208754455071	0.0	0.0	
14.928703611922577	13.0699156002219	0.0	0.0	
15.421381653840108	14.1311380998938	0.0	0.0	
15.084148275478704	15.050087841898657	0.0	0.0	
15.075736705849337	16.352353893788038	0.0	0.0	
14.915328555484855	16.957526813388945	0.0	0.0	
15.39702585499977	18.36355704307821	0.0	0.0	
15.129960582344015	19.292734579394985	0.0	0.0	
14.67706243472102	20.180468642153834	0.0	0.0	
14.625590166953584	20.70429446998459	0.0	0.0	
14.558400828205706	21.922311967276045	0.0	0.0	
15.087102251119973	23.28483203356727	0.0	0.0	
15.361456461331029	24.15980711771958	0.0	0.0	
14.512260250608877	25.104618264088657	0.0	0.0	
14.979945828587494	25.877218059621477	0.0	0.0	
15.037611753447772	27.446459127397983	0.0	0.0	
15.100948054841664	27.742025776101222	0.0	0.0	
15.262300066486322	29.177983316192684	0.0	0.0	
15.358214400758232	30.059657301283504	0.0	0.0	
15.361090874633698	30.990436611127887	0.0	0.0	
15.647099641371419	0.3492883797996016	0.0	0.0	
16.2427510575839	1.2973974662786247	0.0	0.0	
15.615622527558944	2.183150873555407	0.0	0.0	
16.190310307424443	2.937717976281907	0.0	0.0	
15.976745724232465	3.580760935367023	0.0	0.0	
16.387491197195367	4.6199972746600855	0.0	0.0	
15.751220594353454	6.314922151526521	0.0	0.0	
15.756952059434278	6.978535660091069	0.0	0.0	
16.435867836589843	7.766563410519659	0.0	0.0	
16.244540896098062	9.147920614943036	0.0	0.0	
15.503068694803948	9.701451757255809	0.0	0.0	
15.864203648995696	11.137243597812992	0.0	0.0	
16.01846505858212	11.541889869101773	0.0	0.0	
15.661950550945267	12.81415486294136	0.0	0.0	
15.64868215580366	13.835757858638138	0.0	0.0	
16.021457813833347	14.86182511087308	0.0	0.0	
15.759735039237318	16.447282196381206	0.0	0.0	
16.40160347295571	17.430841921321694	0.0	0.0	
15.773116629990186	18.259039825301535	0.0	0.0	
15.949521164086224	19.198614417657843	0.0	0.0	
15.856639861098294	20.183729234788366	0.0	0.0	
15.746753473815579	21.47710960186375	0.0	0.0	
16.42806588191482	21.756008300567167	0.0	0.0	
15.964343603399183	23.354752755229494	0.0	0.0	
16.290623532531573	24.108323986082105	0.0	0.0	
16.472488550988448	24.807697827492174	0.0	0.0	
15.914873594602685	26.315036331095854	0.0	0.0	
16.24272144692028	27.394363477468247	0.0	0.0	
15.65671773585065	28.015635970702007	0.0	0.0	
15.893659860356532	28.996490887639286	0.0	0.0	
15.63158861012538	29.684173785087374	0.0	0.0	
15.584565284835564	31.45453473985133	0.0	0.0	
17.28434399071264	0.1833752616267218	0.0	0.0	
16.862310065917498	0.7704478727860492	0.0	0.0	
17.23174528378421	1.60796264632275	0.0	0.0	
17.256937807347548	2.6681170459685486	0.0	0.0	
16.931359104739382	4.058046750472731	0.0	0.0	
17.388645439435134	5.44477053935612	0.0	0.0	
17.33230689933038	6.158628694365054	0.0	0.0	
16.54108613429444	7.112045368689204	0.0	0.0	
16.566880670716472	7.970955311734185	0.0	0.0	
16.865468356563127	9.455806224553898	0.0	0.0	
16.506364078163482	10.241804141690467	0.0	0.0	
17.429578988032656	11.377543148523772	0.0	0.0	
16.574709798376283	11.914953981793177	0.0	0.0	
17.347401727060273	12.525317007307496	0.0	0.0	
17.329903280564864	14.002349651175905	0.0	0.0	
17.155008849904764	15.260783687275056	0.0	0.0	
17.250765589990177	15.919359993828381	0.0	0.0	
16.660532136796352	17.295251796204212	0.0	0.0	
16.623515450357246	18.409441191194787	0.0	0.0	
16.972971657025365	18.897858267621512	0.0	0.0	
16.527991126787068	20.186461984495057	0.0	0.0	
16.716080923944094	20.965799813314984	0.0	0.0	
16.769065745879075	21.639810151823795	0.0	0.0	
16.78806166966957	22.71867956655706	0.0	0.0	
16.656313030319872	24.12640157097084	0.0	0.0	
17.26253672742879	24.794793380838584	0.0	0.0	
17.334101216042782	26.48370563070469	0.0	0.0	
16.679312233770617	26.834449586969278	0.0	0.0	
16.937326803661215	28.199395153859786	0.0	0.0	
16.832534048286554	28.808057455365876	0.0	0.0	
17.022713194166347	29.54792515203341	0.0	0.0	
17.21718403937346	30.665216749326305	0.0	0.0	
17.686053282114703	0.3399305662487514	0.0	0.0	
17.962137375701754	1.1987418554367126	0.0	0.0	
18.14464473642912	1.5645736836685653	0.0	0.0	
18.420657093339475	2.937317412165108	0.0	0.0	
18.487227713738946	4.231793648617375	0.0	0.0	
17.69891856412313	4.872276192860652	0.0	0.0	
17.821251808277076	5.548902248530609	0.0	0.0	
18.175619015859418	7.130600167895043	0.0	0.0	
17.700534748129776	7.524972123226754	0.0	0.0	
17.807217723575754	8.807595657479968	0.0	0.0	
17.876158925457606	10.280477106195308	0.0	0.0	
17.509792104040287	11.316221974867329	0.0	0.0	
18.087531717205618	11.553209711108956	0.0	0.0	
18.07516163377862	13.242169274835508	0.0	0.0	
17.540731276408966	13.939667248848027	0.0	0.0	
18.035621921893128	15.433372447870854	0.0	0.0	
17.599594200018416	15.741043866582928	0.0	0.0	
17.93369168988874	17.068894373660306	0.0	0.0	
18.42154921809584	18.24065266682851	0.0	0.0	
18.47903766778476	18.617382395866954	0.0	0.0	
17.93456384951135	20.28407831122726	0.0	0.0	
17.84045443345319	21.319165319972736	0.0	0.0	
17.70216305576856	22.30980538623283	0.0	0.0	
18.216179808427192	22.950716428736584	0.0	0.0	
18.385322664286885	24.106862385486597	0.0	0.0	
18.286447044666435	25.066802362604008	0.0	0.0	
18.35240626151392	25.919058614854194	0.0	0.0	
18.077887212424574	27.30161527098386	0.0	0.0	
17.561578260722317	28.105209012546023	0.0	0.0	
18.40870608307803	28.936051868314497	0.0	0.0	
17.98893189562694	30.03475608270641	0.0	0.0	
18.039396521644573	30.71081812213435	0.0	0.0	
19.485836941815993	0.1608338712278815	0.0	0.0	
18.646225797001275	0.5606451420683332	0.0	0.0	
18.853272311204435	2.240571435755263	0.0	0.0	
19.34925879547409	2.8645830685364437	0.0	0.0	
19.121170307122277	4.44589091396056	0.0	0.0	
18.633935380854037	5.0448050730302185	0.0	0.0	
18.95123204303354	5.66601675415561	0.0	0.0	
19.348828584272137	6.858661454001844	0.0	0.0	
19.093590192921056	8.437355637432926	0.0	0.0	
18.76882975055219	9.107156939658429	0.0	0.0	
19.333667676601713	9.971100515075715	0.0	0.0	
18.509864576693552	10.978913338995415	0.0	0.0	
18.98120830497565	12.38495242804436	0.0	0.0	
19.36739282279741	13.085640284166905	0.0	0.0	
19.26074806438526	14.26183062653116	0.0	0.0	
18.628142466182556	14.553292888324265	0.0	0.0	
18.98711952399507	15.98517181132522	0.0	0.0	
18.609410629027042	16.845615104007194	0.0	0.0	
18.874454744846144	17.864449728551463	0.0	0.0	
18.73172283310008	18.548970736917642	0.0	0.0	
18.53883136823253	19.999536761325118	0.0	0.0	
18.608425060004127	21.393841879275655	0.0	0.0	
18.677825630002438	22.282644300808105	0.0	0.0	
19.405304762925173	23.223788956353232	0.0	0.0	
18.513774871330327	23.771523068231957	0.0	0.0	
19.236729082436778	25.463817389360468	0.0	0.0	
19.412604599563185	25.854167528546846	0.0	0.0	
18.82091477639259	26.59026354255922	0.0	0.0	
18.80325211141451	28.403903416326838	0.0	0.0	
18.569159094476298	28.833845600030443	0.0	0.0	
18.71088539190636	30.176981031321436	0.0	0.0	
19.059595978340333	31.411635812572005	0.0	0.0	
20.25703019440518	0.14383039031194056	0.0	0.0	
19.663509063593644	0.5478956813799121	0.0	0.0	
20.123569373368987	1.5191571166903874	0.0	0.0	
19.50460229064767	3.303291969673464	0.0	0.0	
19.903940162293534	3.6244962456763625	0.0	0.0	
20.153800196263692	4.955122366159115	0.0	0.0	
20.333081686759026	5.567567799041927	0.0	0.0	
19.911507298462258	7.143645590775676	0.0	0.0	
20.45842382089398	8.023523085564197	0.0	0.0	
19.74093566750417	8.680877365484687	0.0	0.0	
20.04497978782125	10.119979994733868	0.0	0.0	
19.749949849667995	10.78754917188426	0.0	0.0	
20.228162387986156	11.868749891320466	0.0	0.0	
20.48257087910256	13.152204045692892	0.0	0.0	
20.384082823780076	13.513295500236554	0.0	0.0	
20.090968016714132	15.00220732527441	0.0	0.0	
19.712408693602743	15.835649569892825	0.0	0.0	
20.22121321063124	16.673185917195728	0.0	0.0	
19.800427607017742	17.538025449814953	0.0	0.0	
20.160034183935977	19.14555275937112	0.0	0.0	
19.62117864998415	20.054903614061583	0.0	0.0	
19.90600008212418	21.00600118932754	0.0	0.0	
20.41570508791737	22.046755451381387	0.0	0.0	
20.425597172911015	23.343245232727398	0.0	0.0	
20.168109158853532	24.28716544306642	0.0	0.0	
20.229988399056985	24.582496381886376	0.0	0.0	
20.216444963290932	26.069225997726456	0.0	0.0	
20.312843331171162	26.622985554858055	0.0	0.0	
19.679615000893133	27.776427155277155	0.0	0.0	
19.970125112544462	28.742722460070866	0.0	0.0	
20.44564542223545	30.078194290744666	0.0	0.0	
19.607046223401348	31.228481831352102	0.0	0.0	
20.643885714527933	0.3131787179517407	0.0	0.0	
21.11561440787774	1.3612977818429437	0.0	0.0	
20.82037251501436	1.6339665489408746	0.0	0.0	
20.627005854707537	3.1365608674620638	0.0	0.0	
21.49267661459893	4.289778120913357	0.0	0.0	
21.17873093087652	4.635660276054272	0.0	0.0	
21.34427364498457	5.61095954512036	0.0	0.0	
20.862675835908817	6.663586618141762	0.0	0.0	
20.830817767246312	8.011707195186398	0.0	0.0	
20.602320340503216	9.135468622030908	0.0	0.0	
20.81339514983991	10.474935242547646	0.0	0.0	
20.833296190480198	10.588949226690474	0.0	0.0	
20.780781950218056	12.324850488693212	0.0	0.0	
20.775511857651313	12.758548602917429	0.0	0.0	
20.70852853514379	13.685871854952621	0.0	0.0	
21.392859225209886	14.595476463685472	0.0	0.0	
21.40728672147911	15.871482566914617	0.0	0.0	
21.289932524302383	16.899751444146265	0.0	0.0	
21.3412384327657	18.463945063605173	0.0	0.0	
21.472190728661577	19.31591618854225	0.0	0.0	
20.640767741471656	20.178561133312957	0.0	0.0	
21.22636746935665	21.35281377460961	0.0	0.0	
21.037252505559415	21.781637977508957	0.0	0.0	
20.94464812982742	23.30089126506807	0.0	0.0	
21.464624969043623	24.225944671393144	0.0	0.0	
21.399659108576035	24.733763518221586	0.0	0.0	
20.52139104492121	26.482724622109203	0.0	0.0	
21.142335071568986	26.75442598011545	0.0	0.0	
20.50452452933768	27.831828910365402	0.0	0.0	
21.382604168015668	28.986647342420333	0.0	0.0	
20.645169577925962	30.173279268427358	0.0	0.0	
20.72261691708916	31.36646400319649	0.0	0.0	
21.99657616848693	0.03442644059641331	0.0	0.0	
22.44476399841141	0.8643563584859503	0.0	0.0	
21.915186326347058	1.790746284699214	0.0	0.0	
21.623907343765875	2.620158302873344	0.0	0.0	
22.35357205888461	4.214411399213358	0.0	0.0	
21.537710674697845	5.34674704441463	0.0	0.0	
22.12561912365968	6.3977549938591896	0.0	0.0	
22.292587236754688	7.0222034642041065	0.0	0.0	
22.102746496634985	7.7225546813495525	0.0	0.0	
22.380184580531044	9.454989563640684	0.0	0.0	
21.851783675500773	9.676430785937534	0.0	0.0	
21.9446380577313	10.607887555101936	0.0	0.0	
22.07412818862551	12.225995605978236	0.0	0.0	
22.30054901627087	13.395419867953278	0.0	0.0	
21.519214643511933	13.859399930630113	0.0	0.0	
22.357418332045604	15.207966844239563	0.0	0.0	
22.141871629645006	15.87871917092753	0.0	0.0	
21.64957147641909	16.67868550530074	0.0	0.0	
22.00584681762491	17.85641612032738	0.0	0.0	
21.566893646820738	18.838933357190836	0.0	0.0	
21.52611692772017	20.324317457444117	0.0	0.0	
22.360209689792672	21.478367767891385	0.0	0.0	
22.440971529547884	22.06978124028399	0.0	0.0	
21.977467840040635	22.65688506281193	0.0	0.0	
21.523133164485934	24.2163677976521	0.0	0.0	
22.453707343291793	24.871681381594506	0.0	0.0	
21.556777277411268	26.2088601131067	0.0	0.0	
21.64644546335025	27.474295647665986	0.0	0.0	
22.271610856837576	28.021663501731393	0.0	0.0	
21.93620517059069	28.76482500493055	0.0	0.0	
22.097522445828268	29.580708314350517	0.0	0.0	
21.54926648309064	30.952686743993393	0.0	0.0	
22.524418828001036	0.10956499672250297	0.0	0.0	
22.554481956289358	1.441614369150868	0.0	0.0	
22.522386481168077	2.3003213194025913	0.0	0.0	
22.511635119929537	3.348377842934146	0.0	0.0	
22.760194469943322	3.7237695904012673	0.0	0.0	
23.327635937161894	4.799153128913676	0.0	0.0	
23.253584334315192	5.529147711290422	0.0	0.0	
23.186315944682807	7.447201398819162	0.0	0.0	
23.09712914474437	7.818738506982541	0.0	0.0	
23.441520865003618	9.491408874789832	0.0	0.0	
23.36878432651792	10.090513238743942	0.0	0.0	
22.93119100411689	11.013217220186077	0.0	0.0	
23.35169931107687	11.99750472543948	0.0	0.0	
22.546905822276383	12.892454433925048	0.0	0.0	
22.577473064699603	13.885615642602648	0.0	0.0	
22.94980974777501	14.923044113724323	0.0	0.0	
22.996905837683464	16.21668168216701	0.0	0.0	
22.838979901457325	17.42303836891027	0.0	0.0	
23.478132403330203	17.798624954500365	0.0	0.0	
22.733100003683624	18.953223183775094	0.0	0.0	
23.062675528662247	19.767939719986014	0.0	0.0	
23.287203497875808	21.06782925868704	0.0	0.0	
23.4613183551991	22.190986952942108	0.0	0.0	
23.329057812314222	22.970749831362614	0.0	0.0	
23.1576339188895	24.032735374892024	0.0	0.0	
23.37037790611439	25.053179523534805	0.0	0.0	
23.024504077602224	26.27840554036789	0.0	0.0	
22.949603097492467	27.135809392485086	0.0	0.0	
22.989092556662325	27.964894030695636	0.0	0.0	
22.89494763309564	29.090130855120275	0.0	0.0	
23.31242777404078	29.504610237964116	0.0	0.0	
23.121586864976333	31.26124957370577	0.0	0.0	
24.459287209565346	0.3164637510642191	0.0	0.0	
23.774499134152915	1.3737420517011971	0.0	0.0	
23.948327270639435	1.7060397256031967	0.0	0.0	
24.25624149231667	2.632703801801803	0.0	0.0	
23.941882011962754	4.078780040884595	0.0	0.0	
24.194691001654753	4.6660086061580035	0.0	0.0	
23.84099914707548	6.079802591617234	0.0	0.0	
23.633102043695388	6.662271925639206	0.0	0.0	
24.307691120820955	7.992081439173571	0.0	0.0	
24.272142354940808	8.871864874015326	0.0	0.0	
24.30899040263851	9.591215261165003	0.0	0.0	
24.298398066401425	11.435118546439089	0.0	0.0	
23.66993590483969	11.992447048573426	0.0	0.0	
23.941924402206375	13.113546297323962	0.0	0.0	
24.04527635195701	13.633692693610486	0.0	0.0	
24.145807927714145	15.231136290326504	0.0	0.0	
24.37922328499817	16.03084538950904	0.0	0.0	
24.433853096110298	16.534509680723296	0.0	0.0	
23.894058671118938	17.52154540388993	0.0	0.0	
23.742905996583463	18.78758710766894	0.0	0.0	
24.196064602019174	19.710096927276844	0.0	0.0	
23.560618543109218	21.214943233644	0.0	0.0	
23.723127429739	22.40095563480059	0.0	0.0	
23.807916570455983	22.655215081785734	0.0	0.0	
23.980646386359485	23.83011068232949	0.0	0.0	
23.96824143907882	24.748378271704365	0.0	0.0	
24.422067822681857	26.393576646338648	0.0	0.0	
24.318830589349705	26.761814602874935	0.0	0.0	
24.20755433110405	28.119375928375486	0.0	0.0	
24.48956491485396	29.034182715127752	0.0	0.0	
23.79281929874493	29.663299305587508	0.0	0.0	
23.780039605690245	30.957012207439885	0.0	0.0	
24.8095942625963	0.4323076835660159	0.0	0.0	
25.0810829053074	1.124861472730356	0.0	0.0	
24.57167963042041	2.25291642049923	0.0	0.0	
25.317297576205203	2.990474932910713	0.0	0.0	
24.94739239836372	4.270607821470864	0.0	0.0	
25.049882575682688	4.80287164622513	0.0	0.0	
25.092771700584194	6.046693012344202	0.0	0.0	
24.81500289564907	6.7630129156734125	0.0	0.0	
25.331282670353318	8.333044303570047	0.0	0.0	
25.015776156295424	8.736126190309173	0.0	0.0	
25.177124842094152	9.565554748377807	0.0	0.0	
24.87243374188655	10.662529740193664	0.0	0.0	
24.630171345566147	12.21741015188848	0.0	0.0	
25.24471418336892	13.189968073164664	0.0	0.0	
25.239745251626704	14.356685986520802	0.0	0.0	
25.167940303405018	15.153417612082247	0.0	0.0	
24.575506644784667	15.974996590454294	0.0	0.0	
24.626559983971834	17.166513095941692	0.0	0.0	
25.418548162751666	18.267431509709255	0.0	0.0	
25.170400321263738	18.701519802461785	0.0	0.0	
25.115507354088713	20.333538565450084	0.0	0.0	
24.75556494691154	20.7368883117605	0.0	0.0	
25.497994519764433	21.638586339921407	0.0	0.0	
25.43247141948914	23.16364709501486	0.0	0.0	
25.25870361847968	23.875048144082026	0.0	0.0	
25.355917847750867	25.37627916801706	0.0	0.0	
25.49727360402033	25.806151349969973	0.0	0.0	
25.264690265606262	27.07973931835228	0.0	0.0	
25.234002405627308	28.441144138386612	0.0	0.0	
25.338587255003027	29.22661782031928	0.0	0.0	
25.404483163714175	30.317557897110746	0.0	0.0	
24.73527230229563	31.241266467652284	0.0	0.0	
25.614005922856794	0.45883206154090905	0.0	0.0	
25.803045407202973	1.387942460136676	0.0	0.0	
26.45770791716337	2.4110102476061805	0.0	0.0	
25.971894287005348	3.362380437777917	0.0	0.0	
26.468474789099854	4.420820489962917	0.0	0.0	
25.923627145719227	5.1115529842075595	0.0	0.0	
25.591500123265206	6.110831108114237	0.0	0.0	
26.148440754781667	7.126151646903271	0.0	0.0	
26.209105275371364	7.903587468656736	0.0	0.0	
25.710154218370224	9.125585329090393	0.0	0.0	
26.328238328864515	10.43894320092482	0.0	0.0	
26.30076884872378	10.710381208896981	0.0	0.0	
25.88744539268955	12.3428893434142	0.0	0.0	
26.158680659387446	13.305675340843239	0.0	0.0	
26.219575645860424	14.240211624543255	0.0	0.0	
25.998841592805665	14.948305096089305	0.0	0.0	
26.3926071007026	15.588752653626708	0.0	0.0	
25.713906619180083	16.54073114886004	0.0	0.0	
26.165145769004916	17.81920876262538	0.0	0.0	
26.303442723216463	18.82726219019128	0.0	0.0	
26.159801430261762	20.083089044025257	0.0	0.0	
25.814982861583665	21.116971141440974	0.0	0.0	
26.37664497913086	21.660755579222	0.0	0.0	
26.324527611597617	22.534580040228512	0.0	0.0	
26.102323986237405	24.083690176807696	0.0	0.0	
26.07899146636044	25.053345878927406	0.0	0.0	
26.359477070871556	26.3621895371223	0.0	0.0	
26.468293065722783	26.9498098893401	0.0	0.0	
26.234133266604378	28.055166429398238	0.0	0.0	
25.584781735237875	29.438918075495298	0.0	0.0	
25.567807932269336	29.81522949553102	0.0	0.0	
26.202510862237474	30.64725248655313	0.0	0.0	
27.30316825616224	0.3631401771452122	0.0	0.0	
27.1814920827591	0.7821272647532763	0.0	0.0	
26.500586355316656	2.4013134908377793	0.0	0.0	
27.22068879161395	2.5347824591441164	0.0	0.0	
26.834292376751527	3.574630235894206	0.0	0.0	
27.046810282375585	5.487062650067593	0.0	0.0	
26.543149310055476	6.307043065483623	0.0	0.0	
26.995831353113587	6.88223769687775	0.0	0.0	
27.36241599288186	8.034116621344905	0.0	0.0	
27.317345417589088	9.257066575856216	0.0	0.0	
26.725878796374218	10.06716917628932	0.0	0.0	
27.3972700369283	10.792939538775151	0.0	0.0	
26.753411133121144	12.449876344796227	0.0	0.0	
27.03908630900649	13.126596346034189	0.0	0.0	
26.958963629144193	13.55189637840636	0.0	0.0	
26.900420844364824	15.30677943164305	0.0	0.0	
27.032839985194528	15.617417646903933	0.0	0.0	
26.849911729407104	16.91958708827299	0.0	0.0	
27.145355625640796	18.14530869833758	0.0	0.0	
26.608633742035888	18.620792267734032	0.0	0.0	
26.51428930173451	20.03175317760896	0.0	0.0	
26.995319921591793	20.566308215824204	0.0	0.0	
27.071366914638617	21.69349188569769	0.0	0.0	
27.245698005268313	23.167125961349857	0.0	0.0	
26.641649655763594	23.963512496339202	0.0	0.0	
27.456073255621526	24.6668960436553	0.0	0.0	
27.046367887477906	26.425327929415445	0.0	0.0	
26.578408475221433	27.291043056422488	0.0	0.0	
26.791832924504416	27.78848252829748	0.0	0.0	
27.031447804916674	28.96219761562953	0.0	0.0	
26.805571495661336	30.43881654776862	0.0	0.0	
27.412243376065042	31.337233942237734	0.0	0.0	
27.959813340704056	0.4343115547761719	0.0	0.0	
28.378858364040248	0.7231375123756799	0.0	0.0	
27.88060519970877	2.0092783958562137	0.0	0.0	
28.03357899281894	2.761258581164659	0.0	0.0	
27.55365315894833	4.037319304326109	0.0	0.0	
28.476169628263335	5.393421667234377	0.0	0.0	
27.734469660223994	6.343226311632771	0.0	0.0	
27.979106818885466	6.854773482312678	0.0	0.0	
27.998088376822658	8.350154866582322	0.0	0.0	
28.058183168398735	8.503986683973864	0.0	0.0	
27.731096556622845	9.556444277378992	0.0	0.0	
27.910023358618858	10.734136617349197	0.0	0.0	
27.585450428392654	11.868287210553817	0.0	0.0	
28.45224809708396	13.427855872167154	0.0	0.0	
28.108145392205245	13.984541186344845	0.0	0.0	
27.530888624291794	15.009070462019503	0.0	0.0	
28.237824964675188	16.156905227622506	0.0	0.0	
28.13263844593202	17.16704879878974	0.0	0.0	
28.00985554515364	18.183460557170307	0.0	0.0	
27.615543117276317	18.529280923194204	0.0	0.0	
28.470322956826884	20.313229862692324	0.0	0.0	
27.95666624363395	21.413164080231894	0.0	0.0	
28.317430835553075	22.199561313060666	0.0	0.0	
28.001057193535917	23.44779386947724	0.0	0.0	
28.28832692096091	24.49029433567673	0.0	0.0	
27.51736865500605	24.763325067314927	0.0	0.0	
27.95730592925364	26.37990170744959	0.0	0.0	
28.239706782879	27.21496587898358	0.0	0.0	
28.204425322909117	28.063832016536228	0.0	0.0	
28.16107821145315	28.74935302774557	0.0	0.0	
28.07757827159571	30.275829167627926	0.0	0.0	
28.278322667503865	31.471498251078962	0.0	0.0	
28.959656990171098	0.21904323333535336	0.0	0.0	
28.89453752415478	0.9088549601177763	0.0	0.0	
28.64252713506301	1.7250771194057033	0.0	0.0	
29.48583366807737	2.9763839062662445	0.0	0.0	
29.01621517448771	3.9683716139003375	0.0	0.0	
29.047005061392316	5.442103165585292	0.0	0.0	
28.626009932894586	5.969243976178503	0.0	0.0	
29.429920099590262	7.276263141148111	0.0	0.0	
28.789428199397072	8.11994437319294	0.0	0.0	
29.12684377090419	9.073992055728684	0.0	0.0	
28.991696639138777	9.788647188358496	0.0	0.0	
29.18276282550922	11.286720120196696	0.0	0.0	
29.125915116399103	12.073376704211093	0.0	0.0	
29.032325363498558	13.29574791474263	0.0	0.0	
29.157181271263916	14.452589211634054	0.0	0.0	
29.494548366689	15.21240742457425	0.0	0.0	
29.49362713584941	15.638603678687218	0.0	0.0	
28.96835206272118	16.574931387604032	0.0	0.0	
29.254309591156044	17.764880562697886	0.0	0.0	
29.48195047543323	19.21263784155648	0.0	0.0	
28.96525220549056	20.14147476171377	0.0	0.0	
28.992414589095798	20.650652930067338	0.0	0.0	
29.131718623217083	22.224869704315093	0.0	0.0	
29.091351964408023	23.480782346763124	0.0	0.0	
28.595258005359625	24.313450498313408	0.0	0.0	
29.318047077459372	24.603436949833075	0.0	0.0	
28.87163218216983	26.363135120491133	0.0	0.0	
28.539409816637097	27.155141685019828	0.0	0.0	
28.60259294017099	27.720864489532694	0.0	0.0	
29.024525504385384	28.69344696692515	0.0	0.0	
29.133855455820665	30.022247258973795	0.0	0.0	
29.05496360297098	30.81924756908	0.0	0.0	
30.304518403106517	0.36443102106632563	0.0	0.0	
30.306331851222605	0.5321189870454105	0.0	0.0	
29.609114448412857	2.279237651297922	0.0	0.0	
29.9491871427405	3.32043178948874	0.0	0.0	
30.497589513661616	4.471069901315574	0.0	0.0	
29.673978255240193	5.1775693884801095	0.0	0.0	
30.145219050449327	6.046175903526009	0.0	0.0	
30.16091451759054	7.205029970377063	0.0	0.0	
29.752896388860645	7.540020767251053	0.0	0.0	
30.45749877875967	9.385750255228182	0.0	0.0	
30.41482849655721	9.771647753382902	0.0	0.0	
29.825906552633004	10.571109588696737	0.0	0.0	
30.245574290762253	11.710297722072598	0.0	0.0	
30.15797603218286	13.29307598570451	0.0	0.0	
30.24927083709775	14.20091692632033	0.0	0.0	
29.863817623205392	15.210123497558861	0.0	0.0	
29.83234840942266	16.08859141955412	0.0	0.0	
29.944623230007114	17.261166184643486	0.0	0.0	
30.34755990205321	17.96550076014493	0.0	0.0	
30.153346036725484	19.34921777365509	0.0	0.0	
29.653097957364924	20.019413091136162	0.0	0.0	
29.543779011492187	21.06644734515436	0.0	0.0	
29.504182308610634	21.915934916814212	0.0	0.0	
30.06327829045637	23.001480119203986	0.0	0.0	
30.219939688263857	23.84308194648018	0.0	0.0	
30.245727214634012	24.615259133177414	0.0	0.0	
29.964134498364103	25.754977135419008	0.0	0.0	
30.35898168257549	27.110002111422794	0.0	0.0	
29.743182883733887	28.070846139546827	0.0	0.0	
30.291569400576325	28.986901271568986	0.0	0.0	
30.362066609150606	29.89205478707686	0.0	0.0	
30.008146293949338	30.839644007451312	0.0	0.0	
31.355213009262194	0.2672445576355278	0.0	0.0	
31.368584365574332	1.207779239245685	0.0	0.0	
30.900570542210144	2.0270974389584895	0.0	0.0	
31.42978990112203	2.854685092204927	0.0	0.0	
31.080878275142002	3.5558828551876056	0.0	0.0	
31.140511949619523	5.451473470815027	0.0	0.0	
31.44547855510115	6.25588916441912	0.0	0.0	
30.951626593556334	6.75277355641504	0.0	0.0	
31.073246977703185	7.695124644805301	0.0	0.0	
30.61958161946152	8.807058966507174	0.0	0.0	
31.23983334535234	9.820188068871447	0.0	0.0	
31.181982745026907	11.005234071877524	0.0	0.0	
31.093338088294782	12.473624048690988	0.0	0.0	
30.592269293227748	13.173289803668647	0.0	0.0	
31.19839541811062	14.159533597591095	0.0	0.0	
30.549901058616843	15.059088634665411	0.0	0.0	
31.114168379880457	15.840560077041117	0.0	0.0	
30.808852365273335	17.148415155126525	0.0	0.0	
31.32913071991505	18.086457560354365	0.0	0.0	
31.04483729691678	18.995367428607622	0.0	0.0	
30.612072399385205	19.890575584449305	0.0	0.0	
31.450952416027082	21.455900553561104	0.0	0.0	
31.128438624954217	21.80358440072103	0.0	0.0	
30.94039334267337	23.30643841010509	0.0	0.0	
30.538212565086994	24.00587606305587	0.0	0.0	
30.978937726221673	25.11373461598045	0.0	0.0	
30.980705603464926	26.491733956152636	0.0	0.0	
31.068994206929716	27.08868366128375	0.0	0.0	
30.827114973547218	28.393095466760997	0.0	0.0	
31.330178162105266	29.240288778262695	0.0	0.0	
31.276584415503535	29.792312758680833	0.0	0.0	
31.468599734645313	30.589724109978572	0.0	0.0	
