2
32.0	0.0	0.0	0.0	
0.0	32.0	0.0	0.0	
0.30931573098264087	0.031155187511259008	0.0	0.0	
0.49473649949226717	1.177669443875524	0.0	0.0	
0.040369887087651435	2.3489562574677105	0.0	0.0	
0.16219184646945817	3.4975355172069014	0.0	0.0	
0.3881011086381213	4.220558564413378	0.0	0.0	
0.39399085928570265	4.8156224375528405	0.0	0.0	
0.02634988407059513	6.145021730134187	0.0	0.0	
0.452484756183795	7.355025772292171	0.0	0.0	
0.3334600439544647	7.70189668608225	0.0	0.0	
0.47676803835813564	8.565894425553038	0.0	0.0	
0.4015468029951885	10.161166481298395	0.0	0.0	
0.021188936019209126	11.15272331967516	0.0	0.0	
0.2637134451922355	11.762776753281276	0.0	0.0	
0.008480806866666746	13.077237900113586	0.0	0.0	
0.020206326318431556	13.863824327815525	0.0	0.0	
0.4234160109174463	15.179399183655686	0.0	0.0	
0.10654560774697008	15.836154887116672	0.0	0.0	
0.044476841904220965	17.067918508695065	0.0	0.0	
0.17807822160239384	17.726712987218786	0.0	0.0	
0.23462097613637267	19.003208913857254	0.0	0.0	
0.353595822569156	19.809957512320377	0.0	0.0	
0.0222463898068882	21.267760331061247	0.0	0.0	
0.44393817271998015	22.282805927502665	0.0	0.0	
0.08575247757285753	23.493431913646948	0.0	0.0	
0.43122356372777026	24.290259669253405	0.0	0.0	
0.3445319405765428	25.0019547901841	0.0	0.0	
0.29045886067762694	26.087754946016428	0.0	0.0	
0.4505161273603461	26.93317028305133	0.0	0.0	
0.03525129206417066	27.890276266305865	0.0	0.0	
0.4830669402361206	29.393084230130885	0.0	0.0	
0.09528810561760903	30.117867658496042	0.0	0.0	
0.4340165020887081	30.513868394247776	0.0	0.0	
1.148966993696415	0.22627001264684155	0.0	0.0	
1.1251836246030023	1.3524154653803349	0.0	0.0	
1.194499957178485	2.3465822047536666	0.0	0.0	
0.5386842904765635	3.13214049599525	0.0	0.0	
0.8661522656253829	3.702313202036515	0.0	0.0	
1.1838590753180642	5.4141580131545215	0.0	0.0	
1.0647730706993164	6.323627249254438	0.0	0.0	
1.1536624763186718	7.186838942063415	0.0	0.0	
0.6762238593374764	7.648181715020852	0.0	0.0	
1.0834630918783703	9.006124827658097	0.0	0.0	
1.0584720434367738	10.139505736692078	0.0	0.0	
0.5942276557972852	11.058216701325561	0.0	0.0	
1.245485939947885	12.406437220004136	0.0	0.0	
0.7146092811531445	12.937103896690834	0.0	0.0	
1.2528293447647825	14.497235650564768	0.0	0.0	
1.355609913181333	14.99170551110549	0.0	0.0	
0.6778249296942005	15.924862940047598	0.0	0.0	
1.3957836727684758	16.623326876802683	0.0	0.0	
0.8197185132870529	17.595913845673106	0.0	0.0	
1.100649222135159	18.50853524118349	0.0	0.0	
1.476647316425089	19.678497806520767	0.0	0.0	
0.6843313612653329	21.37669850113533	0.0	0.0	
1.0522711742243298	21.941081763914728	0.0	0.0	
1.3177156854719572	22.897790212588696	0.0	0.0	
1.3982744280665425	23.807232684949803	0.0	0.0	
1.177049202153293	24.956426373866663	0.0	0.0	
0.5593246435784962	25.664123243249875	0.0	0.0	
0.5504048978579136	26.91355264275654	0.0	0.0	
1.2278705840170936	28.326635485108795	0.0	0.0	
0.506897361197556	28.987048453763112	0.0	0.0	
1.0717405325666334	30.281562765251547	0.0	0.0	
1.3451219471354283	31.09234626484294	0.0	0.0	
2.2980115442963367	0.07652365866788757	0.0	0.0	
1.6361719255331768	1.069989850928795	0.0	0.0	
2.4347484482584862	2.3446422655746666	0.0	0.0	
2.350633524217267	2.656678520048278	0.0	0.0	
2.310589233560098	3.6853906304716686	0.0	0.0	
1.6710132913559235	5.347697599921349	0.0	0.0	
2.47081937630432	5.764752860556281	0.0	0.0	
2.362026371780895	7.205967500664408	0.0	0.0	
2.303977857054097	8.089072364608317	0.0	0.0	
2.036702012888069	8.986603806133093	0.0	0.0	
2.482209421331188	10.380455993788283	0.0	0.0	
2.1060525516224557	10.74349432664479	0.0	0.0	
1.8799656494965202	11.780715461708583	0.0	0.0	
2.4379960489220642	13.213451587071907	0.0	0.0	
2.000031100897327	14.4608767513044	0.0	0.0	
1.9564823437445944	15.040259532738338	0.0	0.0	
1.603146320700092	15.575692893449117	0.0	0.0	
1.5307777928865507	17.08619819768357	0.0	0.0	
1.6229641845342844	18.408027670543888	0.0	0.0	
2.1289453884994045	19.46549713377113	0.0	0.0	
1.7475475891452272	20.140704504215286	0.0	0.0	
2.0379912906736513	21.1058941597248	0.0	0.0	
2.4145669350176604	21.94790541391456	0.0	0.0	
2.165103209144986	22.9013672953978	0.0	0.0	
1.7013511861614965	23.508711242522942	0.0	0.0	
2.2377555263351683	24.90416566722575	0.0	0.0	
2.485109166464171	25.799949210020383	0.0	0.0	
2.0809724264162033	26.586587701244916	0.0	0.0	
2.4556802479275475	27.583019462693418	0.0	0.0	
1.8270932565607239	28.761532744412424	0.0	0.0	
1.7753544408762598	30.21536106576547	0.0	0.0	
2.04487995180562	31.469086548304226	0.0	0.0	
2.8522553058849804	0.3155791180737624	0.0	0.0	
3.064854461937151	0.67454057028385	0.0	0.0	
2.8229811284362416	2.4601927639571515	0.0	0.0	
2.5596714315547566	3.456386571235478	0.0	0.0	
2.536331051927715	4.138472305674395	0.0	0.0	
2.561013347631486	5.081352310111748	0.0	0.0	
3.0270494515478594	6.060484966003814	0.0	0.0	
2.6291517540980407	7.040625591726703	0.0	0.0	
2.8029831998154444	7.682430403963278	0.0	0.0	
2.5105238191928807	9.052298800923142	0.0	0.0	
2.8096990835986744	9.502590060856114	0.0	0.0	
3.081733179425001	11.189677277130489	0.0	0.0	
2.9933512510093423	11.896655704895524	0.0	0.0	
3.45598305715067	12.89440574122215	0.0	0.0	
3.4592460172219273	14.033430134246183	0.0	0.0	
2.6048116545934183	15.481343378112053	0.0	0.0	
3.3476673083341564	15.92674327602679	0.0	0.0	
3.394532336306686	16.5311877427922	0.0	0.0	
2.8546064082980314	18.487971436278876	0.0	0.0	
2.9324605751242396	19.00644105956768	0.0	0.0	
3.0025151226939935	19.88458794993318	0.0	0.0	
2.941981042057817	20.541912586564212	0.0	0.0	
3.1317366851946327	22.02311694919478	0.0	0.0	
3.4975454736806575	22.950541658705998	0.0	0.0	
3.1387622364494208	23.84367263960812	0.0	0.0	
3.2769925758762914	25.379423897281075	0.0	0.0	
3.060613675933351	25.548736775431646	0.0	0.0	
2.7428176692724167	26.677370021353674	0.0	0.0	
3.1829132342753494	27.56188707625037	0.0	0.0	
3.3272914194142693	28.717261281844074	0.0	0.0	
3.4370932327841035	30.096313374951357	0.0	0.0	
2.5091617360561322	30.542681001691363	0.0	0.0	
3.8025002309718214	0.08444635177743698	0.0	0.0	
3.7700812610661703	0.6931032441414469	0.0	0.0	
3.7460584358768294	2.4168613436820268	0.0	0.0	
3.5199507039268387	3.0038396631700706	0.0	0.0	
3.575176930421162	3.8831284867505174	0.0	0.0	
3.636855936200606	5.016863125840398	0.0	0.0	
4.305567586961864	5.60846139685471	0.0	0.0	
3.9825900576923776	7.220566003741847	0.0	0.0	
3.639823831542434	8.130293049916796	0.0	0.0	
3.8388378927232174	8.62245934485745	0.0	0.0	
4.136446932329344	10.057590038324978	0.0	0.0	
3.641507486825883	10.586277100292198	0.0	0.0	
4.41877387724392	12.42097412120021	0.0	0.0	
3.9944863162647803	12.993072143423756	0.0	0.0	
4.490618795428025	14.323048728730942	0.0	0.0	
3.8227168476850455	15.341075476913726	0.0	0.0	
3.625424615477232	16.247374239792155	0.0	0.0	
4.450141627758914	16.945889370169443	0.0	0.0	
3.548774222978472	17.72752766920013	0.0	0.0	
3.7703637703514903	19.450204750851363	0.0	0.0	
3.5387559202232284	19.589644491992352	0.0	0.0	
3.6227718072350017	21.052018371691183	0.0	0.0	
4.321145075173868	22.181870106244265	0.0	0.0	
3.8670009944305477	23.064329169787786	0.0	0.0	
4.233940168079686	24.42958480394432	0.0	0.0	
3.820564884465941	24.77964673133932	0.0	0.0	
4.347376627843631	26.183126804617444	0.0	0.0	
4.315045239150367	27.390998337900015	0.0	0.0	
3.6732135757029973	27.896478957037367	0.0	0.0	
4.470831756373095	29.14325656562622	0.0	0.0	
4.297710351181214	30.284405030247886	0.0	0.0	
3.574643438211556	30.88848195654889	0.0	0.0	
5.112372853969868	0.20771225941903704	0.0	0.0	
5.2492809508406895	0.8322511229737195	0.0	0.0	
5.371357023068414	1.6917582507742581	0.0	0.0	
5.279741752864062	2.9276942824408625	0.0	0.0	
5.1195151766445885	4.235508848379934	0.0	0.0	
4.572864772632732	5.120607998811662	0.0	0.0	
4.6234523780792625	6.219328624409551	0.0	0.0	
5.254555852625441	7.216631958023754	0.0	0.0	
5.314854412965036	7.529591248502188	0.0	0.0	
4.500873628361086	9.170281787894638	0.0	0.0	
5.036491592699576	10.323798081339966	0.0	0.0	
4.738027656513669	10.613957453277163	0.0	0.0	
5.128203393515157	11.670897637579952	0.0	0.0	
5.258161662700176	12.626098743469198	0.0	0.0	
4.8721099157780685	13.582601781520653	0.0	0.0	
5.183548291242368	15.070418856634411	0.0	0.0	
5.047721791252053	16.164948775045605	0.0	0.0	
4.661222594590338	16.828290211470843	0.0	0.0	
4.62919332093227	18.46528690783912	0.0	0.0	
4.644767816183496	19.030223788981473	0.0	0.0	
4.622386662140736	19.866015096092024	0.0	0.0	
4.821051407813051	21.352125062635665	0.0	0.0	
4.855935892982553	21.545425539064933	0.0	0.0	
4.896725871283938	22.96328451209305	0.0	0.0	
4.814163413632604	24.08464829235419	0.0	0.0	
5.087476544809881	25.287548930322696	0.0	0.0	
5.483268651244254	25.57968119250299	0.0	0.0	
5.301594626489573	26.740665692548067	0.0	0.0	
4.979245405632364	28.249417648850134	0.0	0.0	
5.204123532373673	29.297871128458247	0.0	0.0	
5.245847154665758	29.567621757770315	0.0	0.0	
5.2720693664072735	30.957802085394196	0.0	0.0	
6.156823882370578	0.35997040904758526	0.0	0.0	
5.688895337974691	1.3976353776425903	0.0	0.0	
5.743238221878664	2.370665100614421	0.0	0.0	
6.0017580156345804	3.0022518402984435	0.0	0.0	
6.188975264320167	3.863289727327167	0.0	0.0	
5.876714376738734	5.355100008298771	0.0	0.0	
5.507856011721033	5.926935585861522	0.0	0.0	
5.649710688142426	6.795854486514242	0.0	0.0	
5.83072685532725	7.587849306988485	0.0	0.0	
5.503337730888746	8.514423956557165	0.0	0.0	
6.491198003414261	10.041175778271375	0.0	0.0	
6.2356273451343345	11.469228015951058	0.0	0.0	
6.074113402859721	11.821037742812482	0.0	0.0	
6.2207581570243065	12.62990309502341	0.0	0.0	
6.106186522395934	13.813182878944849	0.0	0.0	
6.233042533614029	15.2466611217859	0.0	0.0	
5.691649002028457	15.670347063616584	0.0	0.0	
5.641342620709807	16.903371350431506	0.0	0.0	
6.49358364305437	17.50725586970767	0.0	0.0	
5.739741764478933	19.14157573326645	0.0	0.0	
5.5488434509244415	19.979048746718686	0.0	0.0	
6.448707860027245	21.040722266415727	0.0	0.0	
6.008116571973213	22.274766612249884	0.0	0.0	
6.305307843825022	22.960127653260745	0.0	0.0	
5.838016374190897	23.705628712919147	0.0	0.0	
5.702468373023885	24.580478882835667	0.0	0.0	
5.5047935541311865	25.56158733446543	0.0	0.0	
6.089279367840405	26.675748178550467	0.0	0.0	
6.465350381687392	27.9327029176385	0.0	0.0	
6.281164501499436	29.095553670972418	0.0	0.0	
5.767113736491803	29.827529140375983	0.0	0.0	
6.2278896868358204	31.0861613240724	0.0	0.0	
6.963568134552199	0.46579483463272	0.0	0.0	
7.308858322637122	0.507589951095576	0.0	0.0	
6.787798823282708	1.5863630550762897	0.0	0.0	
7.362255106393659	3.311833885028056	0.0	0.0	
6.836060882223188	3.8122338740749626	0.0	0.0	
6.644661127848744	4.6250724061578055	0.0	0.0	
7.270871711549154	6.051615914533796	0.0	0.0	
7.420061934969822	7.436648960434913	0.0	0.0	
6.602743001590798	8.082375149768858	0.0	0.0	
7.020469788088051	8.548664386594439	0.0	0.0	
6.747721411457698	10.12065876797347	0.0	0.0	
7.150224002229354	10.559617478302977	0.0	0.0	
7.432149467773015	11.70225051221278	0.0	0.0	
6.910265798410211	12.814157265033336	0.0	0.0	
6.996241644052967	13.820805753661947	0.0	0.0	
6.665149214963921	14.64099259988398	0.0	0.0	
6.576549528106323	15.659375034129548	0.0	0.0	
6.625671930886361	17.351494100951072	0.0	0.0	
7.270316092245543	18.11225085463177	0.0	0.0	
6.8041855583002455	19.295465573057015	0.0	0.0	
7.167078236281071	20.34153434563144	0.0	0.0	
6.551940151037674	21.115935042882068	0.0	0.0	
6.615176192792347	22.222095507237277	0.0	0.0	
6.814893431871238	23.40216616948102	0.0	0.0	
6.565599644439299	24.13838872147058	0.0	0.0	
7.480344066177884	25.429576870799682	0.0	0.0	
6.673517501239789	26.037564864453156	0.0	0.0	
7.2055180342180165	27.06320168426681	0.0	0.0	
7.079543232715288	28.366236149832275	0.0	0.0	
6.634500576214064	29.01398401888511	0.0	0.0	
6.642191392944629	30.027122418672434	0.0	0.0	
7.4103495403564015	31.082062144754154	0.0	0.0	
8.228001099229441	0.20711493817743754	0.0	0.0	
7.739894099218353	1.3088219992203505	0.0	0.0	
7.501546266838707	2.139975756356764	0.0	0.0	
8.139022947539473	3.040644849024208	0.0	0.0	
8.034837834342198	3.7022254297960657	0.0	0.0	
8.466767171000166	4.931144760057565	0.0	0.0	
8.044529911826146	6.496645481066042	0.0	0.0	
7.757290246713827	7.493645430566733	0.0	0.0	
8.454205042672026	7.91257987381027	0.0	0.0	
7.794710433418647	8.566275397121819	0.0	0.0	
7.848879083142954	10.220878812136501	0.0	0.0	
7.771078066893969	10.966756383488523	0.0	0.0	
8.357412833616383	11.946178387082174	0.0	0.0	
7.833673053472136	13.107166566217312	0.0	0.0	
8.357959598228906	13.790394609788516	0.0	0.0	
8.177550769509077	15.20233831578377	0.0	0.0	
8.160483592709367	16.27151752058812	0.0	0.0	
7.725972524694565	16.671656995269178	0.0	0.0	
7.540620192757193	18.415758599086697	0.0	0.0	
7.911179787494492	18.538824425588487	0.0	0.0	
8.293649381261414	20.09325045839149	0.0	0.0	
8.382060565556511	21.483376072833238	0.0	0.0	
8.461229899916276	22.16423555609941	0.0	0.0	
8.038945504550517	23.035391066001893	0.0	0.0	
7.777028273529263	24.051409837363156	0.0	0.0	
7.66036002980396	25.480256628461927	0.0	0.0	
8.493308222504373	25.688944698440753	0.0	0.0	
8.370770124182698	27.196509854783542	0.0	0.0	
7.614305793385279	27.68339529021253	0.0	0.0	
8.196701883156402	28.901159268593872	0.0	0.0	
7.934729316891773	29.944227975621324	0.0	0.0	
8.291752734951114	30.59508546911091	0.0	0.0	
8.684338133223857	0.21876223205557488	0.0	0.0	
8.508595364740897	1.074817605097839	0.0	0.0	
9.480647096015389	1.6220551417776043	0.0	0.0	
8.671227888738898	2.7278988438650114	0.0	0.0	
8.608106331935401	4.166813771145576	0.0	0.0	
9.051604258550624	4.561210218530018	0.0	0.0	
8.559081970172222	6.272598880790434	0.0	0.0	
8.643041259076579	6.784072476670439	0.0	0.0	
9.211459315870005	7.94515214021908	0.0	0.0	
9.47252496132387	9.370426533760854	0.0	0.0	
8.566249783713149	10.18030779580268	0.0	0.0	
9.226130655216638	11.414929191053883	0.0	0.0	
8.874898472336183	11.761042039562078	0.0	0.0	
9.121109283679885	12.702302686341586	0.0	0.0	
9.257886086546192	13.535663962221461	0.0	0.0	
9.267594266978247	14.54489544859396	0.0	0.0	
9.113841025523351	16.4810994344343	0.0	0.0	
9.262908862861979	16.658451251567318	0.0	0.0	
8.657701104692205	18.215408940328977	0.0	0.0	
9.141462728047475	18.859508600145194	0.0	0.0	
8.768495484058885	19.549570678879103	0.0	0.0	
8.707303559878607	20.874650357651184	0.0	0.0	
9.009944151125175	22.321798733045828	0.0	0.0	
9.420661328662005	23.421627408313803	0.0	0.0	
8.665639253618798	23.753486541347293	0.0	0.0	
8.990831389254119	25.318125330788746	0.0	0.0	
9.235568357337083	25.587211665543606	0.0	0.0	
8.900998634601565	26.530316969259395	0.0	0.0	
9.17944828841551	28.280662533699797	0.0	0.0	
8.850510360968514	28.604262831422275	0.0	0.0	
9.013938045454248	30.34390547262341	0.0	0.0	
9.179513020014076	31.369504481981462	0.0	0.0	
10.057292944507456	0.13707081430340495	0.0	0.0	
9.560696735521027	1.1778709020712195	0.0	0.0	
10.007216478268008	2.259285495341658	0.0	0.0	
9.893377949893313	2.8488131016391067	0.0	0.0	
9.689846184315645	4.319160726474073	0.0	0.0	
9.801510453112023	5.232562991528524	0.0	0.0	
10.24038896101949	6.053941365295629	0.0	0.0	
10.393559609525244	7.485528873139197	0.0	0.0	
10.397915646738333	7.745185025397133	0.0	0.0	
9.662593234200965	9.135222105752812	0.0	0.0	
10.206898530403027	9.553315223367505	0.0	0.0	
9.971760634956535	10.767974650507753	0.0	0.0	
9.94278175300396	12.291337777597217	0.0	0.0	
9.518706165618584	13.099659948804055	0.0	0.0	
9.744715487103385	13.506247596219541	0.0	0.0	
9.738493948899215	15.32305972686527	0.0	0.0	
9.955843448988354	15.765209540819198	0.0	0.0	
9.857411221310002	16.86462495512734	0.0	0.0	
9.968776187954917	17.8814888484778	0.0	0.0	
10.33455041336403	19.422830833371023	0.0	0.0	
9.819010453534105	20.43803665571649	0.0	0.0	
9.740725513903108	21.100052236981618	0.0	0.0	
10.044452983227083	21.862051408885282	0.0	0.0	
10.009883551777598	23.18050633749327	0.0	0.0	
10.36187119552911	23.83451126690145	0.0	0.0	
10.116311904129914	24.97108009650265	0.0	0.0	
10.410704006805656	25.552763074691832	0.0	0.0	
10.426915986451032	26.84108732230178	0.0	0.0	
9.9630463779937	28.385437745324353	0.0	0.0	
10.010921259555017	29.31007689323738	0.0	0.0	
9.704615159667465	29.62439316353623	0.0	0.0	
9.843948181769916	30.858222594104863	0.0	0.0	
11.233404483195525	0.23400703589606298	0.0	0.0	
11.453863522465012	1.09012732851988	0.0	0.0	
11.195381675314351	1.6014341558051761	0.0	0.0	
11.497338624748991	2.6034286324356537	0.0	0.0	
11.074694148806747	3.5760839877293007	0.0	0.0	
10.668774344449792	5.352136864058517	0.0	0.0	
11.181228335365642	6.325055612034194	0.0	0.0	
11.177676458393037	7.091093988397044	0.0	0.0	
11.460372315909112	8.051100470999128	0.0	0.0	
11.171929352636335	9.033146404519403	0.0	0.0	
11.31601364314995	9.976508504111912	0.0	0.0	
10.886822145096748	11.279913524308855	0.0	0.0	
10.993167022878719	12.41588374603049	0.0	0.0	
11.493861213790456	13.46803343232381	0.0	0.0	
11.202804627492046	13.629570193386542	0.0	0.0	
11.01629396202827	14.909209820847744	0.0	0.0	
11.4026988246538	16.331690881799563	0.0	0.0	
11.104054755854339	17.329203038932793	0.0	0.0	
11.17294795833281	17.817694795119962	0.0	0.0	
11.371056620667341	18.65223259309252	0.0	0.0	
11.036844988107966	20.213361572006164	0.0	0.0	
10.643128481203378	20.75661383139651	0.0	0.0	
11.304011037686491	21.814297078353526	0.0	0.0	
11.212425041646384	23.130661814225068	0.0	0.0	
11.298215750711899	23.846580901383273	0.0	0.0	
10.645641968874335	25.25923749250449	0.0	0.0	
11.142154108985102	26.140797532180425	0.0	0.0	
10.571426314483011	26.519165283917452	0.0	0.0	
10.738724749048442	28.490898497978808	0.0	0.0	
10.783332141788721	29.39139637677418	0.0	0.0	
11.127741705020634	29.895725249034506	0.0	0.0	
10.870467755415305	31.259631190607248	0.0	0.0	
11.83324930941899	0.10389300612725194	0.0	0.0	
12.118288138875327	0.5469901074904707	0.0	0.0	
12.369263609082243	1.5225690946896795	0.0	0.0	
12.043974837981859	3.3504130472711857	0.0	0.0	
11.557684962667208	4.122536801294329	0.0	0.0	
11.675885516910956	4.658880656119705	0.0	0.0	
12.172184153490052	5.5159579733770805	0.0	0.0	
12.1840098054315	6.894405338680373	0.0	0.0	
11.604137693538478	8.431923119193561	0.0	0.0	
11.583864204257422	9.066040802707187	0.0	0.0	
12.09089782168944	10.117145598838864	0.0	0.0	
11.715687835559766	10.800710348065222	0.0	0.0	
11.831664267460658	12.25633964239352	0.0	0.0	
12.371071541839115	13.370895540603506	0.0	0.0	
11.598308585435497	13.72597375840704	0.0	0.0	
11.90487677721286	15.438094246027273	0.0	0.0	
11.543160579366853	15.734936562437012	0.0	0.0	
12.232031505252246	17.302256519952753	0.0	0.0	
11.705543181921964	17.842187989103397	0.0	0.0	
12.324238444982411	18.994916656300173	0.0	0.0	
11.8873852346249	20.3911587676025	0.0	0.0	
11.780977890456635	20.978578800145556	0.0	0.0	
12.268312993230943	22.271022659829036	0.0	0.0	
11.678080559115743	22.852344120311006	0.0	0.0	
12.406519183388609	24.1493296659813	0.0	0.0	
11.747121013178221	24.960497969137126	0.0	0.0	
11.814189430609819	25.516729638520236	0.0	0.0	
11.599320076339039	27.21516298459416	0.0	0.0	
12.289044625930904	28.38261435108302	0.0	0.0	
11.619557751630914	29.331292336291245	0.0	0.0	
11.843052834396026	29.63478822203948	0.0	0.0	
12.19483132467138	30.982264660348154	0.0	0.0	
12.613142681966915	0.16633551270274227	0.0	0.0	
13.417957090039673	0.7688306364548374	0.0	0.0	
13.396880247570063	2.379466334194225	0.0	0.0	
13.074068023467598	3.4433086324586206	0.0	0.0	
12.808321248023576	4.377672544103144	0.0	0.0	
12.72697382794206	4.741665558568672	0.0	0.0	
12.595070426716157	5.59218205073573	0.0	0.0	
12.966909217010619	6.988730788096675	0.0	0.0	
13.016553930322717	8.097254651181526	0.0	0.0	
13.091685648203326	8.80049268899283	0.0	0.0	
13.383559186036376	10.15502464287856	0.0	0.0	
12.79465605792634	11.335877496089834	0.0	0.0	
12.774014551779159	11.73147158593105	0.0	0.0	
12.610708332952534	13.242816975844029	0.0	0.0	
12.769954666874325	13.783761478254315	0.0	0.0	
12.844330025332695	14.616049500950293	0.0	0.0	
13.257805187458814	15.782983455353646	0.0	0.0	
12.855961794587206	16.67500129599697	0.0	0.0	
13.205846160358721	17.97192562944399	0.0	0.0	
12.828819589957732	19.121515936170766	0.0	0.0	
13.128142583521642	20.429295602565578	0.0	0.0	
12.813035919066923	20.679566540995037	0.0	0.0	
12.78873444047009	22.08241894452166	0.0	0.0	
12.577900924495543	23.098709499675106	0.0	0.0	
12.76001280085735	23.722917694721446	0.0	0.0	
12.818011827543216	24.87495451741826	0.0	0.0	
13.446858245603831	26.307530590160905	0.0	0.0	
12.517459610763954	27.336750020408186	0.0	0.0	
12.747512269722133	27.93868879766447	0.0	0.0	
12.996779195366283	28.761655455035452	0.0	0.0	
12.737780579942742	29.76990058375612	0.0	0.0	
13.15862020400425	30.557043427377334	0.0	0.0	
14.227957616930958	0.30965812046086527	0.0	0.0	
14.19228125989775	0.6875210472810176	0.0	0.0	
13.526482263908736	1.8362759019098038	0.0	0.0	
14.367443049610582	2.8813675235428566	0.0	0.0	
13.985094197106891	4.4638206327302	0.0	0.0	
14.120739853691987	5.171619423214844	0.0	0.0	
13.894275871187935	6.403216889036556	0.0	0.0	
14.388187052194544	6.96788788301083	0.0	0.0	
14.372028047472114	7.608060521096886	0.0	0.0	
14.417210367256475	9.02781774858479	0.0	0.0	
14.154773577372598	9.748269130581857	0.0	0.0	
13.80872771599781	10.513437618491617	0.0	0.0	
14.179900026967992	11.893532996864511	0.0	0.0	
14.005814572600338	12.635265682492346	0.0	0.0	
13.878765004576845	13.985732616569763	0.0	0.0	
13.690393871040467	14.787297477952064	0.0	0.0	
14.243813861400714	15.840219230261614	0.0	0.0	
14.164053001254949	17.461262215388157	0.0	0.0	
14.284503669240017	18.124104815956574	0.0	0.0	
13.605265258684911	18.578601964429602	0.0	0.0	
13.881762037678634	20.44462364470256	0.0	0.0	
13.95150147570301	20.706361879971215	0.0	0.0	
13.73069945278553	21.75315468524765	0.0	0.0	
13.82187593117813	23.225630416161724	0.0	0.0	
14.180635708283159	24.334243921437686	0.0	0.0	
14.231615079071	25.292628012063712	0.0	0.0	
14.266878650372965	25.834451692685526	0.0	0.0	
13.845302015929505	27.290431916516724	0.0	0.0	
14.024766002976794	27.624405479835822	0.0	0.0	
14.374330666924815	28.906944658515688	0.0	0.0	
13.912224771077087	29.820616371696715	0.0	0.0	
13.971564064878406	30.703151574057497	0.0	0.0	
15.220018561032006	0.050599985817512017	0.0	0.0	
14.678985891380814	1.2925603954663005	0.0	0.0	
14.555954331427458	1.5374977352303667	0.0	0.0	
15.43761379825754	3.4572014363813057	0.0	0.0	
14.77592124828239	4.339468703218532	0.0	0.0	
15.127098114442822	4.606967082200096	0.0	0.0	
14.878679717301178	6.365257050827177	0.0	0.0	
15.099768182492218	6.542470463922955	0.0	0.0	
14.742519661824556	7.9922466595786865	0.0	0.0	
15.411368676239839	8.69574879058416	0.0	0.0	
15.091655285354921	10.499596632343712	0.0	0.0	
15.28573650253689	11.205659812125656	0.0	0.0	
15.18358731342011	11.981425542233088	0.0	0.0	
15.444390171895922	13.015694068419558	0.0	0.0	
15.236949988553832	13.758847461417362	0.0	0.0	
15.47302513952949	14.923543568070334	0.0	0.0	
14.864049563787601	15.57572678491581	0.0	0.0	
14.893050391632967	16.726139149205007	0.0	0.0	
14.870066638244795	18.004866874412336	0.0	0.0	
14.750015785335952	19.418867531174563	0.0	0.0	
15.354058466193855	20.461460025878374	0.0	0.0	
15.201323805845588	21.48869195145328	0.0	0.0	
14.960080109417609	22.333857135012387	0.0	0.0	
15.463496039166946	22.587730508630145	0.0	0.0	
15.489564784342129	23.56382315452303	0.0	0.0	
14.847094026379027	25.205730511081693	0.0	0.0	
15.337614824795413	26.45059799725412	0.0	0.0	
14.91578712875518	26.705509867840334	0.0	0.0	
14.545869421496183	28.267272895178426	0.0	0.0	
14.509405667176273	28.964099986138123	0.0	0.0	
15.015645205407697	30.212850170542488	0.0	0.0	
14.876609465699048	30.752440613174702	0.0	0.0	
16.024949038919758	0.08107423625651566	0.0	0.0	
16.199862104788938	1.2594451835494054	0.0	0.0	
16.418192657876535	1.5294614919446863	0.0	0.0	
16.337560955263307	3.0681354822574374	0.0	0.0	
16.223799405160108	4.172105977785114	0.0	0.0	
16.13264781134983	4.801184442085205	0.0	0.0	
15.965998022701777	6.450117762762613	0.0	0.0	
16.267289627453334	7.431619060606457	0.0	0.0	
15.832835477169132	7.952120929435078	0.0	0.0	
16.076963154334532	9.457289431910526	0.0	0.0	
15.514636908053934	9.679979388412534	0.0	0.0	
16.360005307451733	10.725368040900571	0.0	0.0	
15.961708246001924	12.432912571235317	0.0	0.0	
16.02324340036396	12.722955154980275	0.0	0.0	
15.80820295700562	14.388772559429324	0.0	0.0	
15.977669359184459	15.343603534630583	0.0	0.0	
16.126896551449985	15.865260985090217	0.0	0.0	
16.14458217527827	17.01674699964275	0.0	0.0	
16.17620786193058	18.349509786448703	0.0	0.0	
16.103509608647904	18.97047170558505	0.0	0.0	
16.054913465386516	20.38803495171145	0.0	0.0	
15.565869018205952	20.505699331119413	0.0	0.0	
16.030366849753737	22.317263933432752	0.0	0.0	
16.49988310865415	22.870762453269155	0.0	0.0	
15.963754321809006	24.283106321947244	0.0	0.0	
16.13482067078651	25.215762654185685	0.0	0.0	
15.937896471738998	25.963141001078643	0.0	0.0	
15.609482020334797	26.794664211481898	0.0	0.0	
16.328664056836253	28.333734433205347	0.0	0.0	
15.727391266011946	29.446949589225074	0.0	0.0	
15.810634788407935	29.847671241923013	0.0	0.0	
16.23817986569151	30.73166606026647	0.0	0.0	
17.32749197866082	0.10176170826324737	0.0	0.0	
16.82101039712465	1.163493686643609	0.0	0.0	
16.920261629374878	1.711934530469222	0.0	0.0	
17.291532347103754	3.4404799907660486	0.0	0.0	
16.52963069017273	4.286685559094697	0.0	0.0	
17.286552957939602	5.488954262329995	0.0	0.0	
17.382217571458817	5.855114513151577	0.0	0.0	
17.2762708555938	7.499542382699595	0.0	0.0	
17.151051505251683	8.194376714876961	0.0	0.0	
16.88227206833117	8.556345054922238	0.0	0.0	
16.569347174442306	10.105259249317829	0.0	0.0	
17.345609313485507	10.753743796189086	0.0	0.0	
16.934816186050107	12.369650597178026	0.0	0.0	
16.95542899374047	12.995902326834608	0.0	0.0	
16.62226097196126	14.149360188652253	0.0	0.0	
17.3119724170565	15.319383220159807	0.0	0.0	
16.850570486409413	15.938779463064902	0.0	0.0	
16.788673475830237	16.557830786124697	0.0	0.0	
17.336722674760054	18.05593778468962	0.0	0.0	
17.37556666937499	18.79339180253828	0.0	0.0	
16.70837450042622	19.826639983738573	0.0	0.0	
17.342467132591228	20.979383429768344	0.0	0.0	
17.399405395562297	21.51141129701749	0.0	0.0	
16.983608180861772	23.207911884571228	0.0	0.0	
17.268271518347657	23.693297997760194	0.0	0.0	
17.238145562694317	25.195437795193925	0.0	0.0	
17.171637348883994	26.258943121078005	0.0	0.0	
17.102586986132124	26.73193831232245	0.0	0.0	
16.609353615830987	28.492034718439008	0.0	0.0	
17.15819147632624	28.941652051099027	0.0	0.0	
16.670227234050436	29.87358208070133	0.0	0.0	
16.769885845288446	30.691407583193445	0.0	0.0	
17.77811119790848	0.2006461202155636	0.0	0.0	
18.3778827220724	0.6467805546995076	0.0	0.0	
18.37802170445936	1.6880196056336843	0.0	0.0	
17.91973480318807	2.7234393652592463	0.0	0.0	
17.675751827123843	3.582092634663554	0.0	0.0	
17.852711783193804	5.256607907736715	0.0	0.0	
17.58153864242747	6.41552450814925	0.0	0.0	
18.20823412445095	7.203361360918089	0.0	0.0	
17.559515408703238	8.255631179001288	0.0	0.0	
18.31449297046701	9.188703962516861	0.0	0.0	
18.076173168973185	10.446814040544663	0.0	0.0	
18.454042927007066	11.248081661578311	0.0	0.0	
17.7753851924289	12.00685332770316	0.0	0.0	
17.671953588423154	13.399945906305668	0.0	0.0	
18.07545289895649	14.202280313824067	0.0	0.0	
18.42840004140829	15.213783025190207	0.0	0.0	
17.84496639801438	15.880201878082579	0.0	0.0	
17.592608652562824	16.6225738927392	0.0	0.0	
17.516396500452498	17.689642531474913	0.0	0.0	
17.508972302000068	19.280917398675793	0.0	0.0	
17.56783740889517	19.64932346387259	0.0	0.0	
17.89345973684414	21.320094978099032	0.0	0.0	
17.60563206194721	22.132034610763775	0.0	0.0	
18.284254748476375	23.073280122368537	0.0	0.0	
18.325909021416837	23.94855665456126	0.0	0.0	
18.077316021040456	25.10951370787444	0.0	0.0	
18.45110340677913	26.06366866486777	0.0	0.0	
17.93105309535526	27.327496726185956	0.0	0.0	
18.11668803159983	28.415110150674575	0.0	0.0	
17.70920070392172	29.2929449938839	0.0	0.0	
18.475045053270136	30.255754203092152	0.0	0.0	
17.87811303429542	31.481838432488836	0.0	0.0	
19.240840390363914	0.08980504068000295	0.0	0.0	
19.354223697926855	0.982250043022784	0.0	0.0	
19.009125161077865	2.2908119639836846	0.0	0.0	
19.08316506233998	2.8602287203606154	0.0	0.0	
18.503794611119197	4.452166375111027	0.0	0.0	
18.79541080167867	4.992778953699107	0.0	0.0	
19.178649583782054	6.203722932512396	0.0	0.0	
18.557126133643614	6.734774252688969	0.0	0.0	
18.699761105494968	8.121873799802128	0.0	0.0	
19.153331624937646	9.090775358880126	0.0	0.0	
19.37146530125931	10.245837153084146	0.0	0.0	
19.28443742947088	10.802060137109232	0.0	0.0	
19.119733043580613	12.299382781408166	0.0	0.0	
18.868352143279136	13.07640617392213	0.0	0.0	
18.775510748221507	14.496251971457735	0.0	0.0	
19.03474199377481	15.326985062743441	0.0	0.0	
19.007276085550767	16.24681638089635	0.0	0.0	
18.870217063222757	17.37723604335594	0.0	0.0	
18.648106149817934	18.272270903875587	0.0	0.0	
19.19641589981703	19.223959926760656	0.0	0.0	
18.825395174510437	20.30057050883502	0.0	0.0	
18.524372540145396	21.143966100293422	0.0	0.0	
18.749521050266484	22.009403679271156	0.0	0.0	
19.05024326700116	22.57050429266177	0.0	0.0	
18.678390088691984	23.870042737862274	0.0	0.0	
19.359618605770223	24.727761824652013	0.0	0.0	
19.145986812148664	25.891771470931513	0.0	0.0	
18.96385918724022	26.785905756025954	0.0	0.0	
18.739659433165574	27.96660300795207	0.0	0.0	
18.662184552535635	28.771702572621987	0.0	0.0	
18.844549315938618	29.985740418382125	0.0	0.0	
19.275764486410644	30.504894973639217	0.0	0.0	
19.92346550585022	0.42122431649173253	0.0	0.0	
20.078728008638834	0.711088940012323	0.0	0.0	
19.709242784878032	1.859419482135101	0.0	0.0	
20.460620542143246	3.4189903320109822	0.0	0.0	
19.774457683988	4.408144639062892	0.0	0.0	
19.570061074612994	4.795761282412187	0.0	0.0	
20.127431171581694	6.257332598289089	0.0	0.0	
20.49187469385974	7.388607370211286	0.0	0.0	
20.485088864973275	8.354294442091385	0.0	0.0	
19.542232579125397	9.195530754158797	0.0	0.0	
19.715669174261816	10.476964716431821	0.0	0.0	
20.19444332923981	10.69411271756878	0.0	0.0	
20.41239719268886	11.921662773609297	0.0	0.0	
20.27673278280047	13.275510269714045	0.0	0.0	
20.064027679333797	14.090996225486506	0.0	0.0	
20.45971901543384	14.859996246649787	0.0	0.0	
20.2281830015511	15.75219135072305	0.0	0.0	
20.420820718846972	17.102797591411342	0.0	0.0	
19.932805196261036	18.410233641877017	0.0	0.0	
19.5502743530603	18.933270352729995	0.0	0.0	
19.799938757732967	19.558785473896627	0.0	0.0	
20.116161695972547	20.811971254378776	0.0	0.0	
20.372077813889526	22.241641640707616	0.0	0.0	
20.32690997968629	23.060498385687005	0.0	0.0	
20.089739716679652	24.15948681159417	0.0	0.0	
20.302814016636386	24.519878495691092	0.0	0.0	
20.20919091209033	25.894111618863157	0.0	0.0	
20.15080262988789	27.010865901154915	0.0	0.0	
20.448272956481734	27.554764423101563	0.0	0.0	
19.56640472832145	29.30245989338612	0.0	0.0	
19.791627920582943	29.643195110036206	0.0	0.0	
19.768700327446044	30.85864752917402	0.0	0.0	
21.392930283517636	0.15569783668470227	0.0	0.0	
20.850402356932086	1.3563588472942976	0.0	0.0	
20.54673447626013	2.24252346888897	0.0	0.0	
21.317230823415798	3.2569677071604626	0.0	0.0	
21.276717787090874	4.496734986270389	0.0	0.0	
20.53334262789529	5.110140445505401	0.0	0.0	
20.751161384373727	5.991511123000235	0.0	0.0	
20.818198654276635	7.444571752887773	0.0	0.0	
21.054093757093813	8.417179637938549	0.0	0.0	
21.212379867472745	9.234603829426385	0.0	0.0	
20.80866847658326	10.422313558965559	0.0	0.0	
20.96942759282799	10.543727047481566	0.0	0.0	
21.373186968265127	11.778340144025144	0.0	0.0	
21.104631917142523	13.12428834289523	0.0	0.0	
20.921340283762216	14.472343376891757	0.0	0.0	
21.152510118326347	14.968364031885722	0.0	0.0	
21.347730305411734	16.159609697426582	0.0	0.0	
21.036020287257756	17.038020209599402	0.0	0.0	
21.262449017389486	17.985461022404838	0.0	0.0	
21.429409125657454	18.916995346252214	0.0	0.0	
21.001340491822877	20.37445238808084	0.0	0.0	
21.105054290743738	20.514598496246027	0.0	0.0	
20.946218026776243	21.508708912925933	0.0	0.0	
21.128682653922812	23.290096278715744	0.0	0.0	
20.966515217390835	23.628482682727732	0.0	0.0	
20.724600332263243	24.643298856771565	0.0	0.0	
20.744689768326353	26.052543151117742	0.0	0.0	
21.059513092825156	27.01613312841663	0.0	0.0	
21.445836072610113	28.066098309505616	0.0	0.0	
20.562442626695134	29.16094642572128	0.0	0.0	
21.360684703631968	30.11376290081695	0.0	0.0	
21.261542148470625	31.041694714971328	0.0	0.0	
21.720835023272272	0.044176782880180676	0.0	0.0	
21.50919519431498	0.8269722913327805	0.0	0.0	
22.111401486640258	2.0801509442052577	0.0	0.0	
21.597809150262492	2.9055577814005655	0.0	0.0	
21.914458614080438	4.071397063419208	0.0	0.0	
21.868991925179976	5.134663364302664	0.0	0.0	
21.629552764420463	6.3562909759021045	0.0	0.0	
22.37896732990758	7.233420108958734	0.0	0.0	
21.519482700757404	7.710000184108473	0.0	0.0	
21.878082060939796	9.276348825414555	0.0	0.0	
22.358052263581648	10.30889384743849	0.0	0.0	
22.376081697836188	10.708687475512914	0.0	0.0	
22.360484563324203	12.202202278197554	0.0	0.0	
22.286389980475775	13.371850118466533	0.0	0.0	
22.055264511690083	14.285852818051875	0.0	0.0	
21.723042126567027	15.33528471209945	0.0	0.0	
21.57628974128773	16.298872888537197	0.0	0.0	
21.820570122460126	17.157247174859066	0.0	0.0	
21.63864292901693	18.042036308597563	0.0	0.0	
21.522816233152874	19.37782207248102	0.0	0.0	
22.083883636241456	19.726015719433963	0.0	0.0	
21.85337146381723	20.807776033909235	0.0	0.0	
21.964146353683063	21.79325514867294	0.0	0.0	
22.20031128274254	23.25213020569065	0.0	0.0	
22.286082160343533	24.366358953029632	0.0	0.0	
22.497964605120448	25.269436238675702	0.0	0.0	
21.979528402037744	25.89076619467649	0.0	0.0	
22.364721461272918	26.551669729303402	0.0	0.0	
22.41786793835228	27.79411579405695	0.0	0.0	
22.07369254527142	29.286860200547885	0.0	0.0	
22.405584138119664	30.136440160551118	0.0	0.0	
21.968753230119532	31.299786539712528	0.0	0.0	
22.542191905294814	0.17239586982750166	0.0	0.0	
23.35558885351324	0.9458057494865116	0.0	0.0	
22.83991797361503	1.898734118126966	0.0	0.0	
22.556163496730967	3.178956616623161	0.0	0.0	
22.697017686722056	3.9639662333419587	0.0	0.0	
23.154612436922836	5.09654625644922	0.0	0.0	
23.154473304848935	6.227212939222644	0.0	0.0	
23.383078307217115	6.687163858100422	0.0	0.0	
22.888715681932084	8.305629308629262	0.0	0.0	
23.05343370870892	9.34091725996352	0.0	0.0	
22.73354754003176	10.009743859286974	0.0	0.0	
22.987394588106092	11.387936509217003	0.0	0.0	
22.526277761951174	11.71138691099391	0.0	0.0	
23.482008105696657	13.403394337362949	0.0	0.0	
22.877733048400852	13.697593554399797	0.0	0.0	
22.610138276877645	14.644202731711106	0.0	0.0	
22.69174911516691	16.165265154645322	0.0	0.0	
23.13788884679857	17.36908876630567	0.0	0.0	
23.00932462306141	18.461037225613723	0.0	0.0	
23.3714347360621	18.668773697282877	0.0	0.0	
22.817551609032385	19.745173293455956	0.0	0.0	
22.884615726256204	21.02571481355057	0.0	0.0	
22.953682602376656	22.47369200036157	0.0	0.0	
23.369879180332454	23.466419686456028	0.0	0.0	
22.963202462225148	23.94848270217385	0.0	0.0	
22.859309288254902	25.359084012677677	0.0	0.0	
23.395749234161784	25.848787520041803	0.0	0.0	
23.28910250347663	26.901417723025116	0.0	0.0	
22.58188721767208	27.703247475044513	0.0	0.0	
23.065158575428406	28.546931399317288	0.0	0.0	
22.868318066912558	30.14211846864418	0.0	0.0	
22.917060962568584	31.456220609364888	0.0	0.0	
24.045351208557246	0.2682221389992735	0.0	0.0	
24.401204479428955	1.2494122077419452	0.0	0.0	
24.232023005883395	1.6736896627899478	0.0	0.0	
24.20963776085033	3.3297929392814773	0.0	0.0	
23.726319058347705	4.241999720436777	0.0	0.0	
24.466428356530056	4.50652920602032	0.0	0.0	
24.29573838969291	6.399768040243917	0.0	0.0	
24.435832321677033	6.964415827609538	0.0	0.0	
23.99496755753158	7.563036585992367	0.0	0.0	
23.792609226883812	9.275874665009715	0.0	0.0	
23.50208672025097	9.585356050485728	0.0	0.0	
24.08927094571051	10.771273955280886	0.0	0.0	
24.122678894083432	12.340956859769332	0.0	0.0	
23.760107937722136	12.970396192909016	0.0	0.0	
24.14195668913526	13.769529990567756	0.0	0.0	
24.18857543835118	15.352361470730626	0.0	0.0	
24.301591184810146	16.312059948093275	0.0	0.0	
24.277969728182292	17.135654562303948	0.0	0.0	
23.89398656534576	18.248824145188067	0.0	0.0	
23.710938336660465	19.43911700991815	0.0	0.0	
24.403473871140005	20.24676535777842	0.0	0.0	
24.311249142607128	20.512224632182058	0.0	0.0	
23.694169281688737	21.76771844592064	0.0	0.0	
24.449501606686887	22.57810762501192	0.0	0.0	
23.911835658143175	24.14902674130906	0.0	0.0	
24.381967936490298	25.105943512979373	0.0	0.0	
23.5267747927611	26.227914310782353	0.0	0.0	
23.607258090103194	26.846813310374838	0.0	0.0	
24.49537615021415	27.887837138287573	0.0	0.0	
24.295251585033395	28.70233673499549	0.0	0.0	
23.667958283611323	29.586727950079794	0.0	0.0	
23.69151622596354	30.509590491369288	0.0	0.0	
25.028385586401328	0.3973882548793558	0.0	0.0	
24.73606272366068	0.5779503290361219	0.0	0.0	
24.81775608331372	2.4538534698827377	0.0	0.0	
25.045565773907448	2.979695943476134	0.0	0.0	
24.59596442545838	4.129013056396534	0.0	0.0	
24.72219275814916	5.333715623836116	0.0	0.0	
24.51079321770455	5.542452799996788	0.0	0.0	
24.74217598949317	7.464652103384461	0.0	0.0	
24.647862257173557	7.853002527120031	0.0	0.0	
24.592785602692874	9.027862695721154	0.0	0.0	
25.147661595525896	9.748523387640956	0.0	0.0	
25.44139298561852	10.694611817872993	0.0	0.0	
25.493358526979602	12.402148144916344	0.0	0.0	
25.489921461503556	12.53007273613658	0.0	0.0	
25.016242809754466	13.99963417548225	0.0	0.0	
24.964478010558672	15.138996971447574	0.0	0.0	
25.180155913528274	15.52126872565179	0.0	0.0	
25.0265080354905	17.48253197623982	0.0	0.0	
25.282611377591408	17.854294593277622	0.0	0.0	
24.82572054216839	18.583418389440034	0.0	0.0	
25.014861970835046	20.054854254075327	0.0	0.0	
25.276047103531777	21.19591549925169	0.0	0.0	
25.03015708805827	21.959916947255895	0.0	0.0	
25.09379026581217	22.619625956664947	0.0	0.0	
25.49967593072017	23.513605847956086	0.0	0.0	
24.905597180552977	24.691145702823487	0.0	0.0	
24.68255923691681	26.188653850917586	0.0	0.0	
25.436742056233633	26.868909313676703	0.0	0.0	
24.620796788145505	27.619226114926715	0.0	0.0	
24.95367221145988	29.06228028718791	0.0	0.0	
25.10059316990325	30.346467393595677	0.0	0.0	
24.86493805463844	31.417163284412556	0.0	0.0	
25.95704028398215	0.3513539415740028	0.0	0.0	
26.164048973350912	0.5167837839443991	0.0	0.0	
25.907006178000394	2.2585616009117913	0.0	0.0	
25.998422082990896	2.7356297649757364	0.0	0.0	
26.296324566410462	4.422525859988006	0.0	0.0	
25.916957598964764	5.272781118492405	0.0	0.0	
25.60059426787173	5.960219884330543	0.0	0.0	
26.45895068773633	7.2627092140450555	0.0	0.0	
26.321920191171134	7.793166774935381	0.0	0.0	
25.950436176783	8.804930452321466	0.0	0.0	
26.437116714184988	10.375060897388023	0.0	0.0	
25.557866213426674	11.37983104591346	0.0	0.0	
25.755689235239057	11.855395541183668	0.0	0.0	
25.6417507240789	12.978299424650986	0.0	0.0	
25.757274036975573	14.40250424042076	0.0	0.0	
26.3668855827834	15.129042552447341	0.0	0.0	
26.466442888212022	16.00069271830531	0.0	0.0	
25.712824800594586	16.601000406696265	0.0	0.0	
25.702369799279634	18.06727305208924	0.0	0.0	
26.060546432820733	19.043742288929497	0.0	0.0	
25.91035540108083	20.318433092373922	0.0	0.0	
25.838645278336582	20.79086140082196	0.0	0.0	
26.035524605747707	21.962636933169986	0.0	0.0	
25.68429047576606	23.32583888447563	0.0	0.0	
26.142204690280895	23.609999386967534	0.0	0.0	
26.224043618800227	25.490350863952646	0.0	0.0	
26.48605229821159	25.76546123251605	0.0	0.0	
26.181755292926425	26.731642870152275	0.0	0.0	
26.12069103965351	28.11400900522337	0.0	0.0	
25.844309842724428	29.077232832603105	0.0	0.0	
25.714207289098677	30.162251162140123	0.0	0.0	
25.597666392625925	31.13544671192546	0.0	0.0	
27.297339358965285	0.10261250758772844	0.0	0.0	
26.661523713928208	1.3082084006352837	0.0	0.0	
26.679918876332756	2.459965518078776	0.0	0.0	
27.318528310969793	3.1254710293629127	0.0	0.0	
26.568061781322147	4.096376963222639	0.0	0.0	
27.44911513727894	5.056968662364401	0.0	0.0	
27.450409406658256	5.857516571474505	0.0	0.0	
26.643990559657375	7.41091997340102	0.0	0.0	
26.73722359587464	7.565508381453354	0.0	0.0	
27.402895661951778	9.449505994057247	0.0	0.0	
27.428203900146507	9.947093846033784	0.0	0.0	
27.168542435832475	11.445763532878695	0.0	0.0	
27.36877387294809	11.80227687135966	0.0	0.0	
27.221191678829292	13.257449763532469	0.0	0.0	
26.58662303054053	13.740851364619251	0.0	0.0	
26.791948303447104	14.752747472604616	0.0	0.0	
27.445580007356753	16.1737091413188	0.0	0.0	
26.95542097644394	16.773247984039703	0.0	0.0	
26.61709624884229	17.619186267275225	0.0	0.0	
26.880670407869307	18.681816421512632	0.0	0.0	
27.47763060705257	20.02432383079281	0.0	0.0	
27.30195800466012	20.722752581031774	0.0	0.0	
26.533970390114433	22.375603584107672	0.0	0.0	
27.44910107910816	22.902964175228686	0.0	0.0	
27.24130612379842	23.560099445381436	0.0	0.0	
27.45016626024745	25.366729795906085	0.0	0.0	
27.37771695051684	26.336521082670664	0.0	0.0	
26.560024694282166	27.22867582877804	0.0	0.0	
26.51010450087763	28.487814327471426	0.0	0.0	
26.5242486483214	28.94479272319577	0.0	0.0	
26.620707993772825	29.81411377836003	0.0	0.0	
27.333143102610645	30.541091645524705	0.0	0.0	
27.524382926767455	0.36767247105620793	0.0	0.0	
28.498645661661705	0.7027275463514893	0.0	0.0	
27.71011091444697	2.071685939414584	0.0	0.0	
27.722631907350934	2.981952601516724	0.0	0.0	
27.869908514704093	3.9239702740726736	0.0	0.0	
28.121258649365437	4.966023067706645	0.0	0.0	
28.269251873250997	5.603375975982529	0.0	0.0	
27.613989802718308	6.776247284039658	0.0	0.0	
28.336299075470215	7.911757963971853	0.0	0.0	
27.586400117933497	8.821616857153803	0.0	0.0	
27.885145990272928	9.751156588389641	0.0	0.0	
27.824260077295367	10.959331690934752	0.0	0.0	
28.215127837619256	12.40424748075286	0.0	0.0	
27.790687515657346	13.241472238620501	0.0	0.0	
27.85942843428989	14.266821696317082	0.0	0.0	
27.851452759985847	15.328621339806055	0.0	0.0	
27.704272998034543	15.965566627504124	0.0	0.0	
27.868687700938583	17.362487565629	0.0	0.0	
28.444653325963507	18.240999360923126	0.0	0.0	
28.210357973077965	19.025796411693218	0.0	0.0	
27.576427172425188	20.33746656038876	0.0	0.0	
27.809278264075928	20.6652781237267	0.0	0.0	
27.614548587082233	21.59697824398741	0.0	0.0	
27.58913249944883	23.075566244638964	0.0	0.0	
28.23130816788339	23.654540359299414	0.0	0.0	
27.558559328648204	24.79120805222628	0.0	0.0	
28.03942239285014	26.04244090885923	0.0	0.0	
28.27514189156182	27.120099583063787	0.0	0.0	
28.271420337149113	27.592180106347115	0.0	0.0	
28.170677571052924	29.18733786041491	0.0	0.0	
28.024950753348467	30.318673747528294	0.0	0.0	
28.1029887195227	30.756667109885935	0.0	0.0	
29.033702436747827	0.2758381396791496	0.0	0.0	
29.233498370267817	1.127166564076881	0.0	0.0	
29.480888093020535	2.4817511495362727	0.0	0.0	
29.400840793902518	2.847636661481569	0.0	0.0	
28.708630884272903	4.106792827317689	0.0	0.0	
29.14301452622278	4.746844839532084	0.0	0.0	
28.894731037596035	5.558849801688912	0.0	0.0	
28.964012038883585	6.951996892247587	0.0	0.0	
29.019747411591627	8.2786452509373	0.0	0.0	
29.425850166322995	8.572432635734303	0.0	0.0	
28.654774028214185	9.840900099703525	0.0	0.0	
29.414722503559446	10.709186123208873	0.0	0.0	
29.302208056691274	11.746234535558099	0.0	0.0	
28.962393133796436	12.701346092618431	0.0	0.0	
28.990875970691995	13.715967579761834	0.0	0.0	
28.546258719736155	14.696410649833773	0.0	0.0	
29.3214264399399	15.620711128634104	0.0	0.0	
29.01775456805964	17.134687951827008	0.0	0.0	
28.666258215420402	17.64045939212146	0.0	0.0	
28.76175191033755	18.601220931001112	0.0	0.0	
28.971557087532815	20.48150797583352	0.0	0.0	
29.132504685012524	20.89119846853284	0.0	0.0	
29.041430489518472	21.867478683916616	0.0	0.0	
28.64985508450662	23.47833226955243	0.0	0.0	
29.451848318437314	24.2586514389562	0.0	0.0	
29.44331475699296	25.38944464320772	0.0	0.0	
28.52388167244021	25.98700513174312	0.0	0.0	
29.3169170960558	27.02960704325217	0.0	0.0	
28.509590894292394	28.256913055643068	0.0	0.0	
28.51752697374712	29.00734161039612	0.0	0.0	
29.20479464061186	29.58327953333227	0.0	0.0	
29.199666457476116	30.71643956813414	0.0	0.0	
30.290986667937776	0.44070558336681953	0.0	0.0	
29.971849156960932	1.2541584277075972	0.0	0.0	
29.541104455563985	1.7297881194924791	0.0	0.0	
29.582926903921688	3.1513461492777033	0.0	0.0	
29.83746977326288	4.05786540345926	0.0	0.0	
30.285889600478125	4.982583180564843	0.0	0.0	
30.12940038904572	5.596140107895677	0.0	0.0	
30.210066925254484	6.99326728152332	0.0	0.0	
30.458611160172783	7.867982567105298	0.0	0.0	
29.92752049850555	8.60568448943346	0.0	0.0	
29.88351673064193	10.097119196758417	0.0	0.0	
29.948797951206792	11.360447213043901	0.0	0.0	
30.3580556020711	11.848835598046868	0.0	0.0	
30.24317935922192	12.996131706867157	0.0	0.0	
29.72404134484669	14.38622456902516	0.0	0.0	
30.425623953466847	15.348383951754316	0.0	0.0	
29.558551300207657	16.191396229774757	0.0	0.0	
29.903479535385237	17.00179001251414	0.0	0.0	
29.910937280436656	17.58376002525089	0.0	0.0	
30.026744542359317	18.775111960881762	0.0	0.0	
30.013401559788107	20.233653091909048	0.0	0.0	
29.7394290051133	21.424717146903003	0.0	0.0	
29.62400608786066	22.328572513726822	0.0	0.0	
30.018068372697808	23.047528465795473	0.0	0.0	
30.13057269315098	23.95437992855692	0.0	0.0	
29.52246372694996	24.86549417991616	0.0	0.0	
30.30438357254229	25.960617156887405	0.0	0.0	
30.110938671203865	27.31097388999581	0.0	0.0	
29.70559275829086	28.140388858046446	0.0	0.0	
29.529116704574445	29.414205618253675	0.0	0.0	
30.325775185830373	29.98315326125076	0.0	0.0	
29.52283481327059	31.21484807020761	0.0	0.0	
30.8593246177907	0.46759177273005736	0.0	0.0	
31.39124325494456	0.7034763713507608	0.0	0.0	
30.535762488931127	1.8282008703146029	0.0	0.0	
31.26207051395452	2.7594879440746194	0.0	0.0	
30.718612198632087	4.050993539660586	0.0	0.0	
31.292113808522174	5.068467207524698	0.0	0.0	
31.28257061621437	6.111291975024184	0.0	0.0	
30.738647011716072	6.815100787831693	0.0	0.0	
30.918128720765502	7.723775215883208	0.0	0.0	
30.6786739802815	8.701533366338714	0.0	0.0	
31.34201962653036	9.592030627049178	0.0	0.0	
31.244034311207038	11.47374680315859	0.0	0.0	
30.665482636184887	11.500173712198938	0.0	0.0	
30.820299665123795	13.456784784398364	0.0	0.0	
31.28614154597605	13.634841044624695	0.0	0.0	
31.055739471583596	15.057863423384697	0.0	0.0	
31.221857856155378	15.811164355382891	0.0	0.0	
31.234237819223853	16.746552223473426	0.0	0.0	
30.604318731864957	18.400720743433457	0.0	0.0	
30.79282706638888	19.006246746716187	0.0	0.0	
31.111864685013078	20.326260060667305	0.0	0.0	
30.5580534982785	20.71638352001592	0.0	0.0	
30.744205462104723	21.80380519925785	0.0	0.0	
31.45089035727616	23.360859918409087	0.0	0.0	
30.736021094780167	24.337356154011523	0.0	0.0	
31.24826176852293	24.574515180172185	0.0	0.0	
31.24964114952067	25.63031051507172	0.0	0.0	
31.345179810559692	26.641720976159505	0.0	0.0	
31.40501259295867	27.861655670224923	0.0	0.0	
30.627956390883067	28.53556349395361	0.0	0.0	
30.764431398405698	30.268181318567798	0.0	0.0	
31.267866036106046	30.947028980507607	0.0	0.0	
