2
32.0	0.0	0.0	0.0	
0.0	32.0	0.0	0.0	
0.3797183292220241	0.2578060518533878	0.0	0.0	
0.2797959720950166	0.9024340305581878	0.0	0.0	
0.3666303741178062	1.8285991192849536	0.0	0.0	
0.29198059943279997	3.4402358548231877	0.0	0.0	
0.4144655616343479	4.162862243628468	0.0	0.0	
0.2924372321352895	5.234117416490302	0.0	0.0	
0.28319323572032473	5.933537848967237	0.0	0.0	
0.20606984430806563	6.978334188394215	0.0	0.0	
0.24186502625205109	7.564218754848129	0.0	0.0	
0.29215778247539614	8.809938229234422	0.0	0.0	
0.3524212535272294	10.328220783981033	0.0	0.0	
0.2518680723421849	11.239994231121214	0.0	0.0	
0.1840650287749055	11.599613826556146	0.0	0.0	
0.01597066336006736	12.92632537576392	0.0	0.0	
0.026399931854666492	14.238729670240556	0.0	0.0	
0.4095329280888501	14.743898710409724	0.0	0.0	
0.45646260661309956	16.495301258690386	0.0	0.0	
0.20490136979761286	17.03050754843768	0.0	0.0	
0.03983370987660351	17.780478781989522	0.0	0.0	
0.24971733994621514	18.821326394911374	0.0	0.0	
0.16514590406961793	20.224590894156382	0.0	0.0	
0.24350043339351035	21.025470696852306	0.0	0.0	
0.24717454331503919	22.042909436236247	0.0	0.0	
0.002916121105651648	22.787855728331735	0.0	0.0	
0.301748038817761	23.710555778955946	0.0	0.0	
0.30663782980199705	25.361322398452806	0.0	0.0	
0.052918985943217534	25.81595838542719	0.0	0.0	
0.4952631501328748	26.56687303038956	0.0	0.0	
0.11275163654395404	27.809584762296005	0.0	0.0	
0.34748067188993215	28.856159605339386	0.0	0.0	
0.276395150051266	29.849900855941282	0.0	0.0	
0.22061622519664814	31.054207586459878	0.0	0.0	
0.501186278275694	0.39326979651877203	0.0	0.0	
0.8123839037905274	0.5323420097459285	0.0	0.0	
1.0825411400267004	1.604625683316803	0.0	0.0	
1.1747746165119182	2.9620103698655695	0.0	0.0	
0.5135445196560777	4.189528892694567	0.0	0.0	
0.9977867774992099	5.24624795404727	0.0	0.0	
0.6735228313940501	6.14986374279619	0.0	0.0	
1.4702200129386163	7.016219272481742	0.0	0.0	
1.1529061592023853	7.796602568359422	0.0	0.0	
0.6028004621948655	9.397825068914809	0.0	0.0	
0.8838697251364162	10.482423411094512	0.0	0.0	
0.9200992713313658	11.294259564820909	0.0	0.0	
0.8002461851225662	11.985592324917585	0.0	0.0	
0.903119096134665	12.532407904420669	0.0	0.0	
1.3869022270337639	14.059837715972348	0.0	0.0	
1.4960391844231	14.541555029524552	0.0	0.0	
0.6638650590557766	15.971464711042087	0.0	0.0	
0.9223882525221323	17.317271868218082	0.0	0.0	
0.5295817627734092	17.836504331947488	0.0	0.0	
1.0241571634396014	18.669870619823122	0.0	0.0	
0.5213089726774705	19.559809356799207	0.0	0.0	
0.5735418463585246	21.396211862128297	0.0	0.0	
0.6380414744265289	21.552397658970236	0.0	0.0	
0.6830903275250965	23.052780753637105	0.0	0.0	
1.2170410153068927	24.490967481078684	0.0	0.0	
1.2161175728569886	24.63707074824227	0.0	0.0	
0.6892203920511878	25.92704772368092	0.0	0.0	
0.66714289840155	26.998165940318234	0.0	0.0	
1.1901517560191404	28.268185382142512	0.0	0.0	
0.5565537320439841	29.09651304302905	0.0	0.0	
0.8917719455583136	29.847318917661394	0.0	0.0	
0.5357970827434531	31.07070699022961	0.0	0.0	
1.9171262128824633	0.27888256175041215	0.0	0.0	
1.9983650945622586	1.4740115535177045	0.0	0.0	
2.29667338700832	1.6766919652172145	0.0	0.0	
2.365543547195096	3.483534374531565	0.0	0.0	
1.8152355596271907	3.95955120873253	0.0	0.0	
1.8667927315188486	4.97465205730927	0.0	0.0	
1.7651930163034733	5.656686529984665	0.0	0.0	
2.2210729547729873	7.413444723177452	0.0	0.0	
2.1679057082644517	8.172834138450195	0.0	0.0	
2.4323715391669105	8.795258739249737	0.0	0.0	
1.9959355736595068	10.326220733184233	0.0	0.0	
1.8161810033898962	10.814664344538587	0.0	0.0	
1.9736094558418091	12.408648627430372	0.0	0.0	
2.3983030134676113	12.669356980350052	0.0	0.0	
2.3293635149579317	13.909662179484581	0.0	0.0	
1.8754726303064353	15.352774943160412	0.0	0.0	
2.138435327536501	15.792287089520368	0.0	0.0	
2.45811119415548	16.503339819485397	0.0	0.0	
2.1661731179688535	18.497929890412607	0.0	0.0	
1.553467951315958	19.01962235870427	0.0	0.0	
2.2011857801346104	19.511903605441972	0.0	0.0	
2.0002952160288325	20.965265718488805	0.0	0.0	
2.099726179604204	21.853275925790935	0.0	0.0	
2.2257485864030375	22.73464750629983	0.0	0.0	
2.2183555466082416	24.412696662084343	0.0	0.0	
1.9495725997412094	24.69311661009983	0.0	0.0	
2.202906046408133	25.524951466037482	0.0	0.0	
2.3234848981704834	27.173447028352047	0.0	0.0	
2.264642124032336	27.99304045229055	0.0	0.0	
2.245515288467626	28.8817163910312	0.0	0.0	
2.3000457511463632	30.42613401184944	0.0	0.0	
2.3072118258938614	30.878034327972546	0.0	0.0	
3.387455038172885	0.255568461708643	0.0	0.0	
3.3358769144375247	0.8997417839609012	0.0	0.0	
3.0585368479080235	2.0675242535947365	0.0	0.0	
3.2004456876985223	2.8279983438288583	0.0	0.0	
2.659419679386503	4.2360805413608515	0.0	0.0	
3.021626518924666	5.133822803194206	0.0	0.0	
3.092107241317053	5.714800440339072	0.0	0.0	
3.4095762793353708	6.738778201685685	0.0	0.0	
2.5419410940545446	7.783948296860888	0.0	0.0	
3.232386611216168	8.77505911796354	0.0	0.0	
2.997271081776113	9.940614181888327	0.0	0.0	
3.3917993561816244	10.824145447435406	0.0	0.0	
2.6242317264491533	11.903379389916497	0.0	0.0	
3.066983494174209	13.217401219727254	0.0	0.0	
3.4917827487158464	14.438013239989735	0.0	0.0	
2.9024081268605038	15.058927179773901	0.0	0.0	
2.8637055701734595	15.825949547155789	0.0	0.0	
3.113490288763819	16.56716505634201	0.0	0.0	
2.6602611616743896	18.010987024525065	0.0	0.0	
2.6669215497352416	19.364807626797276	0.0	0.0	
2.5339910859305284	20.089864045624786	0.0	0.0	
3.217932374008658	20.78079655234842	0.0	0.0	
3.2108439771741524	21.873010121672493	0.0	0.0	
3.432641090376565	22.589662974082607	0.0	0.0	
3.3035722073908502	23.616626603301878	0.0	0.0	
2.5672793954617865	25.072957879757187	0.0	0.0	
3.497766482871305	26.074748916556295	0.0	0.0	
2.927471973912721	27.165526846277725	0.0	0.0	
2.7298548077872193	28.358860468302122	0.0	0.0	
3.140643885230679	29.354944000189438	0.0	0.0	
3.0003218052125304	30.370394602855956	0.0	0.0	
2.938020555797569	30.93213301923763	0.0	0.0	
3.5538586799625946	0.1760990382779819	0.0	0.0	
4.455173543246265	1.362350027400142	0.0	0.0	
3.5673376729405426	1.586827986966258	0.0	0.0	
3.646700770251173	2.860565094162758	0.0	0.0	
4.156441646306308	3.514258120773785	0.0	0.0	
3.98061166741124	4.906204305609744	0.0	0.0	
3.998567743715733	6.392874167621805	0.0	0.0	
3.607134618267357	6.675864123310865	0.0	0.0	
4.1053714741611955	7.995511198548322	0.0	0.0	
3.887437271684929	9.141388644536761	0.0	0.0	
4.414445052523373	10.096868025688535	0.0	0.0	
3.8447854314358008	11.039905422323592	0.0	0.0	
4.074087248866961	11.786820829567361	0.0	0.0	
3.9005807415051574	12.71986440811542	0.0	0.0	
3.632076218937874	14.434654056886933	0.0	0.0	
3.7101924170592597	15.250216808139907	0.0	0.0	
4.444081971108901	16.34163389087395	0.0	0.0	
4.327308647456931	16.583482377540758	0.0	0.0	
3.846812602055711	17.766709677680126	0.0	0.0	
3.6779749141831584	18.731324695139683	0.0	0.0	
4.166278732051383	19.531576321629156	0.0	0.0	
3.5741738556791764	20.75054956933934	0.0	0.0	
3.996751727346368	22.430791092482448	0.0	0.0	
3.8872592232084062	23.462853889763377	0.0	0.0	
4.027319852916449	23.89379028296833	0.0	0.0	
4.451894005726818	24.65854003598779	0.0	0.0	
3.720055926048582	25.58174288875643	0.0	0.0	
4.174754857277643	27.334351716585275	0.0	0.0	
4.30054144631142	28.480851474364066	0.0	0.0	
3.6557182220804467	29.06295316944608	0.0	0.0	
4.2413062353018525	29.814846942770227	0.0	0.0	
3.9722375520643163	30.62444661791027	0.0	0.0	
5.497158481527825	0.46847428586749573	0.0	0.0	
4.9027305219334085	1.19574426793723	0.0	0.0	
4.759565854297399	1.501402237998703	0.0	0.0	
5.266497297537819	2.73617961910266	0.0	0.0	
4.959402017079265	3.643557282950066	0.0	0.0	
5.215782460034262	4.794077365675363	0.0	0.0	
5.4146930689343	6.318107772393343	0.0	0.0	
4.883208024680204	7.0216039042182885	0.0	0.0	
4.994434451340592	7.849576427309072	0.0	0.0	
5.098101011524946	8.74145840921274	0.0	0.0	
5.4017459612863234	9.720341855789947	0.0	0.0	
4.720705534338864	10.925120282387166	0.0	0.0	
5.430002845581684	12.357427895933498	0.0	0.0	
4.980729643819798	12.98544527564458	0.0	0.0	
5.0226725037334665	14.382512483209593	0.0	0.0	
5.322809918622428	14.660716683818602	0.0	0.0	
4.8007035213976375	16.41239910694765	0.0	0.0	
5.3050284234750835	17.382924862713917	0.0	0.0	
5.3947640656287765	18.405181542051647	0.0	0.0	
5.161656346840199	19.030557822477697	0.0	0.0	
5.036915376262265	20.499413093529135	0.0	0.0	
5.0013423211832295	21.363223002659215	0.0	0.0	
5.427238153841955	22.100002856541355	0.0	0.0	
5.296150306623982	23.247340884022044	0.0	0.0	
4.708240884968901	24.238413459960686	0.0	0.0	
5.459513942778429	24.659091232045885	0.0	0.0	
5.36398660578045	25.793159904119992	0.0	0.0	
4.962688426092388	27.172512246056932	0.0	0.0	
5.330068730861384	28.15363339527847	0.0	0.0	
4.550034736881942	28.532077306021666	0.0	0.0	
4.659815092308591	29.718532123986176	0.0	0.0	
5.153901890515187	31.46644530788848	0.0	0.0	
6.2015377543912455	0.17355337083219502	0.0	0.0	
5.825856022303127	0.5696495259526755	0.0	0.0	
6.296416842959165	1.665403108806116	0.0	0.0	
6.455409332503043	3.2416090043388337	0.0	0.0	
6.152841266149439	3.643535615112652	0.0	0.0	
6.4447486142054355	4.798978184662997	0.0	0.0	
5.9467375532773605	6.164332790135576	0.0	0.0	
5.935071883553837	6.919572600013263	0.0	0.0	
5.560033281845655	8.367450807832789	0.0	0.0	
5.989685795029072	8.81254879428816	0.0	0.0	
5.73672193274053	10.435244515464111	0.0	0.0	
5.554692258645659	11.272100643848358	0.0	0.0	
6.105879325698696	11.549028015268215	0.0	0.0	
6.141686599580455	12.521321466673196	0.0	0.0	
6.2505883998004155	14.17445824711938	0.0	0.0	
5.890002334373223	14.767354492313059	0.0	0.0	
5.684582787423682	15.758796684991136	0.0	0.0	
6.173692970117639	16.78179518755467	0.0	0.0	
5.722357888245886	18.235417942006155	0.0	0.0	
6.065472909946491	18.599347452859817	0.0	0.0	
5.847497277675165	20.109690645337093	0.0	0.0	
5.768368771328927	21.46293107817748	0.0	0.0	
5.669046249043939	22.08065709214472	0.0	0.0	
5.707295515084394	22.841115879893298	0.0	0.0	
5.811856312681256	23.723088162355282	0.0	0.0	
6.135071549243359	24.73434477485008	0.0	0.0	
5.983127765390432	26.06404943943987	0.0	0.0	
6.337001582282366	27.34084681940163	0.0	0.0	
5.720250511220852	28.47270627136125	0.0	0.0	
5.751357379342536	28.69760289484387	0.0	0.0	
5.680840276711637	30.418364109987508	0.0	0.0	
5.963958003613117	30.72776421724334	0.0	0.0	
7.25557803477321	0.1632831208462191	0.0	0.0	
6.816196179126843	1.289335059491696	0.0	0.0	
6.87589308120621	1.9998208575981222	0.0	0.0	
6.997531270183334	2.5993034393097867	0.0	0.0	
7.28670310457848	3.7289278929715906	0.0	0.0	
7.056646368765745	4.58042824770072	0.0	0.0	
7.2468535060483825	5.841796756461978	0.0	0.0	
6.561028187417706	7.007074035643264	0.0	0.0	
6.874734461961003	8.165366987034266	0.0	0.0	
6.838274068943489	9.215957721254583	0.0	0.0	
7.034106335645257	9.908823476151001	0.0	0.0	
7.384791417424011	10.847513558684021	0.0	0.0	
7.348515672616425	12.134288928389585	0.0	0.0	
7.443299171105899	13.104065746729457	0.0	0.0	
6.594455079887909	14.39813609929927	0.0	0.0	
6.865264766233681	15.087806817567788	0.0	0.0	
6.9072729668379145	15.601967063162887	0.0	0.0	
7.013301686183521	16.957968831087907	0.0	0.0	
6.680148126575206	18.114124564668522	0.0	0.0	
6.880440081574709	19.197896817826848	0.0	0.0	
7.19301118994003	20.149220798736806	0.0	0.0	
7.0681011526944815	20.689822467396066	0.0	0.0	
7.117488344066966	22.325815562780054	0.0	0.0	
7.412086468772184	22.66291894158201	0.0	0.0	
7.07453137734232	24.344775023857796	0.0	0.0	
7.181857022843147	25.24062531504648	0.0	0.0	
6.820098463811802	25.857687350867263	0.0	0.0	
7.3377149993021815	26.82004618189302	0.0	0.0	
7.149296318924148	28.457664068415113	0.0	0.0	
6.811530853598916	29.272116269211	0.0	0.0	
6.765202560412191	30.16574814992778	0.0	0.0	
6.623261620412805	30.69154609684336	0.0	0.0	
8.418477342584909	0.3379065086225328	0.0	0.0	
7.951622981319424	1.3807401225389215	0.0	0.0	
7.8060442845745275	1.9182159900371392	0.0	0.0	
7.579095604197457	2.6174952159910627	0.0	0.0	
8.25020039851738	4.482512617349811	0.0	0.0	
8.419828972664668	5.405961828687924	0.0	0.0	
8.031316129391008	5.617574294212472	0.0	0.0	
7.652580865147321	7.406058921529994	0.0	0.0	
7.588757057436654	8.289974625106064	0.0	0.0	
8.477452245048372	8.710246611895931	0.0	0.0	
8.194066972679623	9.538036161867149	0.0	0.0	
7.686721601698313	10.70425874451079	0.0	0.0	
7.529549962900424	11.843306125165855	0.0	0.0	
8.112046847013126	13.295787396080367	0.0	0.0	
8.023640659110914	14.032985377038678	0.0	0.0	
8.480193637102987	15.262216899560023	0.0	0.0	
7.605635569832734	16.127551849974484	0.0	0.0	
7.753978965224408	16.723141798680814	0.0	0.0	
7.998662725617338	17.982216456788986	0.0	0.0	
7.696962951251253	18.884854094880495	0.0	0.0	
7.704579074919578	19.72267847007732	0.0	0.0	
7.963725151573845	20.925409781698587	0.0	0.0	
8.18500161949391	21.939002450744503	0.0	0.0	
8.027290147547925	23.312120277648372	0.0	0.0	
8.436681473340915	24.05481725305588	0.0	0.0	
7.533131116538114	24.65163539180692	0.0	0.0	
7.592303964806131	25.605038575417893	0.0	0.0	
7.8765242065941825	27.494669928258915	0.0	0.0	
7.530243725012013	27.53661123984145	0.0	0.0	
7.681236826884302	29.0231724857265	0.0	0.0	
8.181703744414248	30.170381416489196	0.0	0.0	
8.471811303161044	30.742868788335013	0.0	0.0	
8.533496650346601	0.3389781280126919	0.0	0.0	
8.58979420810749	1.156335509995708	0.0	0.0	
8.848926713127504	2.4646415026803297	0.0	0.0	
8.90633093186462	3.064964338236767	0.0	0.0	
9.062622635837192	4.496595178351309	0.0	0.0	
9.165676615371106	5.272575221222412	0.0	0.0	
8.90520483170057	6.446605397608968	0.0	0.0	
8.738416896773177	7.122296994719018	0.0	0.0	
9.034037872693217	7.756574435146019	0.0	0.0	
9.202149254990326	9.299838258476816	0.0	0.0	
9.39009472611683	10.258632239384301	0.0	0.0	
9.085004340281083	10.625957145745616	0.0	0.0	
9.302656418726343	11.896935356616982	0.0	0.0	
9.213900960412817	13.25305892790061	0.0	0.0	
9.475086322869938	14.456046935137312	0.0	0.0	
8.633698959794026	14.559983319358711	0.0	0.0	
9.015283499590675	15.68106931808622	0.0	0.0	
9.4386484212979	16.677055778272745	0.0	0.0	
9.450747930024084	18.480630056306715	0.0	0.0	
8.608197076058502	19.42807857152973	0.0	0.0	
9.279404406237893	19.768175315367717	0.0	0.0	
9.048353139848892	21.48600419237174	0.0	0.0	
9.459103943840487	21.701798523163923	0.0	0.0	
9.120267156658636	23.447964733204987	0.0	0.0	
8.610539984167767	24.486617826649383	0.0	0.0	
8.679506724626211	24.646134931850476	0.0	0.0	
8.776446411280583	26.025769110444365	0.0	0.0	
8.621173827198305	27.048961156798494	0.0	0.0	
8.97501377071281	27.8389614077048	0.0	0.0	
8.892056024279512	29.472998104271085	0.0	0.0	
9.44212987922953	29.95507106295206	0.0	0.0	
8.88151283795648	30.710439395086205	0.0	0.0	
10.437818536531546	0.083968660980699	0.0	0.0	
9.827885849285519	0.6330769368435505	0.0	0.0	
9.556078667365156	2.0246349408431703	0.0	0.0	
9.785059126690994	2.93448783848036	0.0	0.0	
10.473771350017708	4.222094118514111	0.0	0.0	
10.063550392323686	4.637656539969281	0.0	0.0	
10.437782064479364	5.557853453837601	0.0	0.0	
9.770344573089158	6.9570646597576085	0.0	0.0	
10.08053899758999	7.751815465465585	0.0	0.0	
9.560670332052984	9.271721678307728	0.0	0.0	
9.63493381918956	9.500814050007172	0.0	0.0	
9.9414712453189	11.363741030694051	0.0	0.0	
10.15566492690613	11.977222725487389	0.0	0.0	
9.68242053044236	12.795933213400884	0.0	0.0	
9.893027547890341	14.076089217615845	0.0	0.0	
9.64576281426217	15.12521085069904	0.0	0.0	
10.363842932670774	15.612971660683652	0.0	0.0	
10.02181291977022	16.82139811514079	0.0	0.0	
9.814414232520205	17.576760791146153	0.0	0.0	
10.412527695228265	18.731941667220127	0.0	0.0	
9.802195830687161	19.96546778634273	0.0	0.0	
9.68611068331663	21.158093254475975	0.0	0.0	
9.85525931705791	21.560914647125777	0.0	0.0	
9.81327476798222	22.724976655116464	0.0	0.0	
10.455638947857175	24.243154721029825	0.0	0.0	
9.54929464971747	25.366331451809625	0.0	0.0	
9.829306446088609	26.167809914866243	0.0	0.0	
9.511142289235424	27.183461202711495	0.0	0.0	
10.20869668255612	28.486390544120383	0.0	0.0	
9.894347388695316	28.751251464920703	0.0	0.0	
10.009186782401596	29.953178002895815	0.0	0.0	
10.23262316305695	30.9797953962541	0.0	0.0	
10.96799558222076	0.24531337747391102	0.0	0.0	
11.494570520596989	1.481837120994824	0.0	0.0	
11.272750812487395	2.080330714918886	0.0	0.0	
10.832283515490406	2.823971941959171	0.0	0.0	
11.394893301152688	4.4235320539380325	0.0	0.0	
11.049215919680112	5.4951666406738315	0.0	0.0	
11.348330883528519	5.643862956344537	0.0	0.0	
10.842658560795742	6.627332034970128	0.0	0.0	
10.98004027920053	7.892055455602984	0.0	0.0	
10.776042233368415	9.445271315518957	0.0	0.0	
10.824044581109222	10.17969461460983	0.0	0.0	
11.016009867385007	10.954492376048805	0.0	0.0	
11.28040695054757	12.143380281937286	0.0	0.0	
11.339702183159007	13.393668284072534	0.0	0.0	
11.048657038959947	13.647207908886113	0.0	0.0	
11.389776741862628	15.432190800098045	0.0	0.0	
11.277957382952604	15.580137099467951	0.0	0.0	
11.418195473747122	16.925153425895335	0.0	0.0	
10.617772410143976	17.938574322787225	0.0	0.0	
10.751132911468089	18.55292964964778	0.0	0.0	
11.432513054579722	19.72765848117279	0.0	0.0	
11.456116314080854	21.072703195379976	0.0	0.0	
11.426849990923197	22.327660398181226	0.0	0.0	
10.523961369718092	23.478393332683588	0.0	0.0	
10.887309868044925	24.057190470313568	0.0	0.0	
11.151925292445053	25.285393650251777	0.0	0.0	
11.050963070455419	26.481923231659927	0.0	0.0	
10.74000329061431	26.51342387320768	0.0	0.0	
11.41259818120045	27.634046999579635	0.0	0.0	
10.94272084566055	29.392548162866646	0.0	0.0	
10.536194783175548	30.076286980182967	0.0	0.0	
10.554891895025658	30.834775338755744	0.0	0.0	
11.735484124563474	0.43859574549861247	0.0	0.0	
12.426065609297343	0.9120718399181833	0.0	0.0	
12.191554746805744	1.6344458444310943	0.0	0.0	
11.703840473567585	3.0259357416493984	0.0	0.0	
11.949063000028447	4.388139103902608	0.0	0.0	
11.717047107089696	4.586713777706931	0.0	0.0	
12.353395622682038	5.966408235295299	0.0	0.0	
12.043034857880004	6.564391914324855	0.0	0.0	
11.803171868280685	8.447362748481773	0.0	0.0	
11.548523863985913	9.39017981918154	0.0	0.0	
12.09283232898849	9.99063679786756	0.0	0.0	
12.042683902709554	10.635991892720519	0.0	0.0	
12.26301942991637	11.812999502512737	0.0	0.0	
12.48959150900828	13.474850796129239	0.0	0.0	
11.556054785082875	13.52068138409615	0.0	0.0	
11.795511767765113	15.23868087594948	0.0	0.0	
12.43270558270189	16.154356365001973	0.0	0.0	
12.158075127526036	17.168074901197013	0.0	0.0	
12.3513453195024	17.528079130761952	0.0	0.0	
11.857737315648832	18.65404772870527	0.0	0.0	
11.640193280235438	19.56086109006455	0.0	0.0	
12.016847388055714	20.632496808930842	0.0	0.0	
12.091488710270694	21.503203276198075	0.0	0.0	
11.546993065399699	23.473890344992412	0.0	0.0	
11.7319120363893	23.627271925370884	0.0	0.0	
12.205617000890541	24.639783058880216	0.0	0.0	
11.643564211711405	25.686274946321586	0.0	0.0	
12.305379532571367	27.117448534722154	0.0	0.0	
12.019619626510547	28.400975041521452	0.0	0.0	
12.054001636264951	29.054073273696538	0.0	0.0	
11.983841157368117	29.7456077005275	0.0	0.0	
11.76845845190276	30.75888119410226	0.0	0.0	
13.276334103955971	0.23374302113169	0.0	0.0	
12.690050082996898	1.1768495498752145	0.0	0.0	
13.477270186307134	2.269891982910946	0.0	0.0	
13.193603384515491	3.3229958387095353	0.0	0.0	
12.964955937225144	3.6014287892293417	0.0	0.0	
13.174014239872037	4.730517730591952	0.0	0.0	
12.897717407025194	5.825362550283104	0.0	0.0	
12.705365344904928	7.213960940783785	0.0	0.0	
13.401397048729063	8.049837966279842	0.0	0.0	
13.284922240054952	9.279378320781111	0.0	0.0	
12.577153111971711	10.292137464619746	0.0	0.0	
12.808392806080256	10.87190032258939	0.0	0.0	
12.83833925255685	11.641150282039032	0.0	0.0	
12.975812787057066	12.593962232229696	0.0	0.0	
13.198924478654659	13.60443725996179	0.0	0.0	
13.040969028544106	15.045288723501118	0.0	0.0	
13.004190657872588	16.43254306904158	0.0	0.0	
12.950986485726952	16.658507447689686	0.0	0.0	
12.85212260032137	17.844702124076278	0.0	0.0	
13.398595086016915	18.74859373697028	0.0	0.0	
13.108762784738866	20.02923592238823	0.0	0.0	
13.357198643347347	20.57599087229989	0.0	0.0	
12.552705411668182	21.90311798221745	0.0	0.0	
13.022686575612548	23.13420631721403	0.0	0.0	
12.867528134503296	23.95314452905351	0.0	0.0	
12.842968517663461	24.89386785080648	0.0	0.0	
12.61135420072912	25.8145006347263	0.0	0.0	
12.996956080130301	26.549501838805067	0.0	0.0	
13.142001286262703	27.8522607503886	0.0	0.0	
13.213176561034272	28.515190183828754	0.0	0.0	
13.036604857761954	29.732879888259507	0.0	0.0	
13.292838328516808	31.15566087032778	0.0	0.0	
14.498953255944366	0.3480159216461991	0.0	0.0	
14.029553477985823	1.4257060875250516	0.0	0.0	
13.7577576991564	1.8422632070439344	0.0	0.0	
13.989168598547518	2.647372304358901	0.0	0.0	
13.615497791791313	4.147933532175868	0.0	0.0	
13.681580307867357	4.864368713745447	0.0	0.0	
13.554697438408866	6.286377768243561	0.0	0.0	
13.837574002187022	6.974697176511939	0.0	0.0	
14.44455184310873	8.323118230266621	0.0	0.0	
13.89506665205387	8.675667507401421	0.0	0.0	
13.682026226936193	9.565351983002778	0.0	0.0	
14.150580041550889	10.728160823004423	0.0	0.0	
13.5143202975255	11.88656130440616	0.0	0.0	
13.984136725072329	12.863323694955085	0.0	0.0	
14.346142971909233	14.16345251261609	0.0	0.0	
13.742140157253722	14.704069956372289	0.0	0.0	
14.302452874778805	15.931076310322721	0.0	0.0	
14.359477785585723	17.376241361898472	0.0	0.0	
13.839305729056173	17.766493891661735	0.0	0.0	
13.60923111832937	18.569230040472412	0.0	0.0	
14.206647391552325	20.498907759676303	0.0	0.0	
14.427243850158916	21.30508736243845	0.0	0.0	
14.039267995305734	21.68844496324703	0.0	0.0	
14.286656548412378	22.801231040696152	0.0	0.0	
14.412047647861456	24.224396787353	0.0	0.0	
13.871850082895108	24.758252550998627	0.0	0.0	
14.36149198131604	25.717954821778722	0.0	0.0	
13.999938240746388	26.60581982806347	0.0	0.0	
13.91395731292778	28.068956112938945	0.0	0.0	
14.260189401820941	28.64444777380145	0.0	0.0	
13.89695823581062	30.339947447493177	0.0	0.0	
14.002999772750197	31.141576231739545	0.0	0.0	
14.72441272337454	0.14754376418311177	0.0	0.0	
15.034543018158258	0.6236828372982143	0.0	0.0	
14.99221526105132	1.9163091563567844	0.0	0.0	
15.478185448999165	2.6137488473899912	0.0	0.0	
14.693404842175308	3.745672997100465	0.0	0.0	
15.068022878428273	4.9892331529070795	0.0	0.0	
14.674133374532179	6.166815570538992	0.0	0.0	
15.498959898186778	7.112414596152266	0.0	0.0	
14.523842497511103	7.782658638782058	0.0	0.0	
15.39450400679906	8.674005856519125	0.0	0.0	
15.214381731943952	9.91749122742173	0.0	0.0	
14.71037476863045	11.456538070538741	0.0	0.0	
15.030139652555375	12.110779948370615	0.0	0.0	
15.325859989484368	13.000591503959606	0.0	0.0	
14.99633121652718	14.014449752027714	0.0	0.0	
15.490111523425561	14.905446145616924	0.0	0.0	
15.486838442889038	15.944081558315048	0.0	0.0	
15.437651388425701	17.35131492177176	0.0	0.0	
15.333124938287705	18.206337473803273	0.0	0.0	
15.462654972615216	19.269252733278083	0.0	0.0	
14.51989993004308	20.473134593205028	0.0	0.0	
14.854889146264911	21.29335794117459	0.0	0.0	
14.567940201619514	22.37895255658738	0.0	0.0	
14.820501692027417	22.763095855705732	0.0	0.0	
15.016265702158915	23.699477539941913	0.0	0.0	
14.81924584014421	24.683854595785103	0.0	0.0	
15.217653427538913	26.08421886233582	0.0	0.0	
15.36036480699413	27.131198156199506	0.0	0.0	
15.36394567932398	28.067081735431895	0.0	0.0	
15.222260568374807	28.777344604602686	0.0	0.0	
15.071762008623871	30.417105866734204	0.0	0.0	
15.149621954847877	30.791847526700447	0.0	0.0	
16.168336427483638	0.4144595431365773	0.0	0.0	
16.380938943424944	1.006071868882365	0.0	0.0	
15.974221186558285	1.5806078200420282	0.0	0.0	
15.835896050231982	2.60232647457371	0.0	0.0	
16.360942947334856	3.963696508507309	0.0	0.0	
15.943603012623885	5.023029271992142	0.0	0.0	
16.48831082131517	5.859174960192751	0.0	0.0	
15.918298104992967	7.300482614263228	0.0	0.0	
15.913298923216367	8.137874633851958	0.0	0.0	
16.198804585088567	9.0489996914166	0.0	0.0	
16.16434624867481	9.535061103734346	0.0	0.0	
15.99947720380581	10.684523764124904	0.0	0.0	
16.409724278224992	11.994854485574466	0.0	0.0	
16.162792084283684	13.1917676208743	0.0	0.0	
16.095037989223464	13.70630228275341	0.0	0.0	
15.970165553978644	14.571913303166328	0.0	0.0	
16.4654543441227	16.25245797326861	0.0	0.0	
16.446620933890483	17.428620562482134	0.0	0.0	
16.052061589541978	17.98122761844235	0.0	0.0	
16.17056175749725	19.219713658360778	0.0	0.0	
16.293855674669043	19.69113080010827	0.0	0.0	
15.98403523236627	20.98883650046496	0.0	0.0	
16.162208361271265	22.34796265094409	0.0	0.0	
15.689098825400642	22.919925142602374	0.0	0.0	
15.727861557308694	23.860455896650286	0.0	0.0	
16.215482545919908	24.655135455631314	0.0	0.0	
15.790775724584819	26.236540119664756	0.0	0.0	
16.326347008419063	26.960186758104843	0.0	0.0	
16.178097332644956	28.272974469098493	0.0	0.0	
15.712092763719253	29.372394417130018	0.0	0.0	
15.65663692508176	29.559241168420574	0.0	0.0	
15.654159928310067	30.642634628592646	0.0	0.0	
16.810580970010978	0.49557766701015016	0.0	0.0	
16.740389027623124	0.7266277120963924	0.0	0.0	
16.95204127539378	1.5619352713929497	0.0	0.0	
16.54332137063214	2.7188563883398245	0.0	0.0	
16.998223842511603	3.702467222764521	0.0	0.0	
17.474685042186348	5.071401627038663	0.0	0.0	
16.72250578589196	6.123321281742353	0.0	0.0	
17.299806851398394	7.051802304910228	0.0	0.0	
16.814850303821885	8.254526505943002	0.0	0.0	
16.961023384130435	9.179889371164592	0.0	0.0	
16.773182619567468	10.116433184547983	0.0	0.0	
17.451380795556126	10.615588090335144	0.0	0.0	
16.50480282513774	12.416933595107238	0.0	0.0	
17.128129391027628	13.111859945749188	0.0	0.0	
17.480622565112572	13.607686809613009	0.0	0.0	
17.478198797183786	14.962631533777168	0.0	0.0	
17.061338569655916	16.496161598996906	0.0	0.0	
16.702205092785775	16.831149403616664	0.0	0.0	
16.589377115351006	18.459256918982007	0.0	0.0	
16.80077917344078	18.99786595462873	0.0	0.0	
16.716516284340006	19.953741782325274	0.0	0.0	
16.62229770381894	21.168860119624423	0.0	0.0	
17.38642355625891	21.71594259828792	0.0	0.0	
17.041789038433667	22.80858572964065	0.0	0.0	
17.127794922939987	24.00777692734089	0.0	0.0	
16.506462973003135	24.94149747212736	0.0	0.0	
16.520211239245658	26.15042643544629	0.0	0.0	
17.390308353977286	27.103388665407103	0.0	0.0	
16.639241495221327	28.357148750233918	0.0	0.0	
16.94793548591642	29.43996074475495	0.0	0.0	
17.289764931170836	29.750419721016716	0.0	0.0	
16.86504075956488	30.508054062591132	0.0	0.0	
18.467486964763083	0.3996710659756999	0.0	0.0	
18.45709211251416	1.2865300920400138	0.0	0.0	
18.133907386772755	2.3345574410593057	0.0	0.0	
18.271047245218206	2.714200441834944	0.0	0.0	
18.046435413389702	4.262266502522651	0.0	0.0	
18.276639396699327	5.429088903998199	0.0	0.0	
17.666400577477617	6.426355804469907	0.0	0.0	
17.517737326773393	6.885072945996185	0.0	0.0	
18.131436330310027	7.954556183665683	0.0	0.0	
18.065379703306352	8.627214150932927	0.0	0.0	
17.58630038162119	10.45932618983814	0.0	0.0	
18.091851517460753	11.121841267264793	0.0	0.0	
17.55870813533183	12.176318618422512	0.0	0.0	
18.017975566498617	12.685136713723626	0.0	0.0	
18.322037143248416	14.176022138024877	0.0	0.0	
17.600266817707816	15.210643138457044	0.0	0.0	
18.18394777253046	15.829127461830964	0.0	0.0	
17.512767821704784	17.33851603755764	0.0	0.0	
17.79386889329639	17.68833968149633	0.0	0.0	
18.363691639258672	19.21119584897863	0.0	0.0	
17.921195099505013	20.12897753078218	0.0	0.0	
18.01032963009169	21.373195661280615	0.0	0.0	
17.821834207956282	21.990781946051463	0.0	0.0	
18.397352311969406	23.2948032613893	0.0	0.0	
18.305102472343894	23.870938869091972	0.0	0.0	
18.07001560237723	25.075666490860606	0.0	0.0	
17.67105728969076	26.226039642236998	0.0	0.0	
17.87081323649988	27.47250640241759	0.0	0.0	
17.667809655006636	27.686414823164803	0.0	0.0	
18.154158036378043	28.71592565847163	0.0	0.0	
18.36245627904893	30.4771486724844	0.0	0.0	
17.82481819424542	30.78672292030745	0.0	0.0	
18.621600528543343	0.23732669580400612	0.0	0.0	
18.961923201106675	0.9916920282019458	0.0	0.0	
18.837641013314908	2.0356184783555435	0.0	0.0	
19.154788334683303	2.5710066231016886	0.0	0.0	
19.017809754102124	3.7012500822406778	0.0	0.0	
19.213424464690288	4.691997261561787	0.0	0.0	
19.37315773578602	5.9850897586969705	0.0	0.0	
18.83468561158911	7.264362812644661	0.0	0.0	
19.406023495697575	8.464668762484415	0.0	0.0	
19.036975398141227	8.590187813496474	0.0	0.0	
19.307975281507428	9.516448850657195	0.0	0.0	
18.56975829505494	10.795586122116578	0.0	0.0	
18.81135056085621	12.34865118154513	0.0	0.0	
18.74211727714667	12.81038443130134	0.0	0.0	
18.680862139910218	13.691307186317637	0.0	0.0	
19.15565233571486	14.719331292590917	0.0	0.0	
19.152874484734372	15.950549623157182	0.0	0.0	
19.20700745467891	16.809977214425253	0.0	0.0	
18.55262415069007	17.815656188897186	0.0	0.0	
19.453826918907282	18.57042529870259	0.0	0.0	
18.658084256793934	20.18871361632008	0.0	0.0	
19.288111002311023	21.49794880034805	0.0	0.0	
18.760276306546217	21.526703772904163	0.0	0.0	
18.552267064805946	22.696890781417967	0.0	0.0	
18.76798059585907	24.05936728700462	0.0	0.0	
19.405459598065637	25.00123005666831	0.0	0.0	
18.81231632629241	25.972539039334364	0.0	0.0	
18.975959491899687	26.63814162229085	0.0	0.0	
19.064807759796693	27.544762000066225	0.0	0.0	
18.938285391408485	28.785932517413354	0.0	0.0	
18.641430034042557	30.1453804644957	0.0	0.0	
18.91886552524744	31.125571075334612	0.0	0.0	
19.979164674132416	0.40254507185866173	0.0	0.0	
20.012794235430253	0.7664282994489577	0.0	0.0	
20.161930956618775	2.057864574407766	0.0	0.0	
20.08165026312817	2.534694539811821	0.0	0.0	
19.857142067292294	4.345672355421451	0.0	0.0	
20.418924637726718	4.955495222190655	0.0	0.0	
19.53799617834654	5.61128743420375	0.0	0.0	
20.20570639412348	7.046024806507086	0.0	0.0	
20.229883299379104	7.763728163565328	0.0	0.0	
19.844478240593194	8.56956782955427	0.0	0.0	
20.205426377771033	10.102157620505363	0.0	0.0	
19.826698709571428	10.867972375021548	0.0	0.0	
20.43651597265868	11.833792198326906	0.0	0.0	
20.29750071096697	13.070421053341624	0.0	0.0	
20.41011688150674	13.793389054256592	0.0	0.0	
20.3962741753272	14.5561749611928	0.0	0.0	
19.805621521878827	15.500246434505895	0.0	0.0	
20.091921540685274	16.673575383171777	0.0	0.0	
20.48440646757632	18.01216285162778	0.0	0.0	
20.4086706590456	18.533037811083606	0.0	0.0	
19.74960595638096	20.097257457600044	0.0	0.0	
19.98692514783365	20.819221882672597	0.0	0.0	
20.055649949624136	21.897603572131047	0.0	0.0	
20.475641018873034	23.402315590065058	0.0	0.0	
19.844466627044827	23.59986238305833	0.0	0.0	
20.083638206822428	25.294132841687862	0.0	0.0	
19.667457100223334	26.253443308646794	0.0	0.0	
19.93035091347371	26.755270282203462	0.0	0.0	
20.02756334330741	27.800270148588382	0.0	0.0	
20.129327267704035	28.58918173440568	0.0	0.0	
19.564702683715986	30.16053552765683	0.0	0.0	
20.26237451998365	30.557445693182522	0.0	0.0	
21.015415500223128	0.09261409388892039	0.0	0.0	
20.62537078802538	0.6251326876988015	0.0	0.0	
21.117033363030096	2.0613828864998	0.0	0.0	
21.03961134292158	2.5635089449135653	0.0	0.0	
21.320968285951093	3.637319897106567	0.0	0.0	
21.172001836461142	5.11013558037221	0.0	0.0	
20.955519681811214	5.5161306461043775	0.0	0.0	
21.02778449198068	6.521988540273123	0.0	0.0	
20.551688473286525	8.328384417929783	0.0	0.0	
20.720424883208928	9.313399667652964	0.0	0.0	
21.313158119600246	10.163943688010587	0.0	0.0	
21.21963443149808	10.779263233971001	0.0	0.0	
20.75368969143104	12.066730103190851	0.0	0.0	
21.01912738119964	13.12228206693387	0.0	0.0	
21.272787337330676	14.02200865596183	0.0	0.0	
21.010192695313314	14.63244371892128	0.0	0.0	
20.974159830753546	16.18285807991411	0.0	0.0	
20.591326268805517	17.438076691737116	0.0	0.0	
21.250696096386903	17.76788552602659	0.0	0.0	
21.158668313391367	18.744203928952533	0.0	0.0	
20.515901065456326	20.097711069949447	0.0	0.0	
20.73028705556171	21.27960139243601	0.0	0.0	
20.878649316356523	22.091584167955435	0.0	0.0	
20.943544236007625	22.57452149967944	0.0	0.0	
20.56515359738211	23.94078530902366	0.0	0.0	
21.13546322979828	24.570564753884188	0.0	0.0	
21.289835999608695	26.381897411509545	0.0	0.0	
20.604030454851898	26.869540926297464	0.0	0.0	
21.426611323771485	28.062244822913723	0.0	0.0	
20.786990966803945	29.30291168893611	0.0	0.0	
20.696361199557003	30.016099665842848	0.0	0.0	
20.891031857693985	31.192195762550224	0.0	0.0	
21.529364574263465	0.21431965223010818	0.0	0.0	
22.471680055858062	1.478440857033688	0.0	0.0	
21.565710630621748	1.7454737176503445	0.0	0.0	
22.345217369518082	2.642115024544757	0.0	0.0	
21.808818695681467	4.4126288092608075	0.0	0.0	
22.19786983120828	5.268175704577441	0.0	0.0	
22.02902541137005	5.583236647133817	0.0	0.0	
22.188107096911544	6.674318050829966	0.0	0.0	
21.551606579100465	7.648474431053457	0.0	0.0	
22.316792491675095	8.678626583382782	0.0	0.0	
21.90149814599611	10.46502933885887	0.0	0.0	
22.270641967561065	10.795293751640294	0.0	0.0	
21.777499129475327	12.12987075332535	0.0	0.0	
22.070266575817048	12.53540732965205	0.0	0.0	
22.253074304830395	14.425014701415423	0.0	0.0	
21.731075897274106	15.357732761612613	0.0	0.0	
21.76134036769791	15.90871930304024	0.0	0.0	
21.57590489590421	17.07198962151944	0.0	0.0	
22.253026383365917	18.21971764998232	0.0	0.0	
22.192453416470002	18.75644388701728	0.0	0.0	
22.082798622724006	19.621533050305228	0.0	0.0	
22.109854691898523	21.458854146320924	0.0	0.0	
21.679255371658748	21.89456131381992	0.0	0.0	
21.615164644238533	22.720409589149686	0.0	0.0	
21.81870430404634	24.35017078367373	0.0	0.0	
22.230160243799574	24.62954094652563	0.0	0.0	
22.352583456778145	26.48539467103493	0.0	0.0	
21.529677622865286	27.33525404547148	0.0	0.0	
22.455967805479354	27.85399587985263	0.0	0.0	
22.16874567641978	28.641434049400907	0.0	0.0	
22.1449286687734	30.06104640060108	0.0	0.0	
21.666530701879555	30.82868204685625	0.0	0.0	
23.395957667862206	0.013003632040641588	0.0	0.0	
22.983911327196253	0.824741305799153	0.0	0.0	
23.08480716038619	2.220914419472284	0.0	0.0	
23.282122421890612	2.7569751183826114	0.0	0.0	
22.630792388952713	4.492766517268703	0.0	0.0	
22.79928688653603	5.284793070100009	0.0	0.0	
23.304604320215923	5.986350952958775	0.0	0.0	
23.418390076338127	7.3398497777218745	0.0	0.0	
23.177092461528407	7.876562281049639	0.0	0.0	
23.48889813379808	9.11245987492403	0.0	0.0	
23.012717129613748	10.142482077673307	0.0	0.0	
22.74892457802348	11.14912031558286	0.0	0.0	
23.483839133942126	12.272653039802252	0.0	0.0	
23.193604193453037	12.671948336887562	0.0	0.0	
23.410225804320163	13.544457553495526	0.0	0.0	
23.25966618657978	14.981576083550879	0.0	0.0	
22.832222925138673	16.26222391312088	0.0	0.0	
22.779669521450185	17.13412267148859	0.0	0.0	
22.574714686955094	18.101212840880407	0.0	0.0	
22.90627202053175	19.02227865203309	0.0	0.0	
22.826266924279043	19.71384992310934	0.0	0.0	
22.992417206886028	21.495611752833778	0.0	0.0	
23.07707810563364	21.659600492693276	0.0	0.0	
22.99944096485949	23.08529927893863	0.0	0.0	
23.25846519156108	23.74303686049829	0.0	0.0	
23.179681630423826	24.865055392615105	0.0	0.0	
23.04420729500632	26.271626012942153	0.0	0.0	
23.0780758651382	27.242794965672367	0.0	0.0	
22.626561675048617	28.45840411085285	0.0	0.0	
23.474427053483513	28.964580614513444	0.0	0.0	
22.833479407885186	30.415059447092858	0.0	0.0	
23.100294778354723	30.961742771279297	0.0	0.0	
23.681147605925425	0.22977730057927137	0.0	0.0	
23.970638826819304	1.1247073160062708	0.0	0.0	
24.279574775418126	2.2949899593739063	0.0	0.0	
24.096000352182546	3.0764658535185263	0.0	0.0	
24.316545664150826	3.8801844929248093	0.0	0.0	
23.997356434247887	5.492720082236982	0.0	0.0	
24.322297126383283	6.042445252734839	0.0	0.0	
23.760339940543314	6.731869085838004	0.0	0.0	
23.951554061297184	8.455053852984468	0.0	0.0	
23.719173998776142	9.138170407075204	0.0	0.0	
24.337570666337612	10.187610574149362	0.0	0.0	
24.325978911857014	10.775380213199425	0.0	0.0	
24.369693110005535	12.020675006817102	0.0	0.0	
24.1292843599326	12.558941253356991	0.0	0.0	
23.68608823117779	13.803416729138478	0.0	0.0	
23.96330054163226	14.686419545518216	0.0	0.0	
24.2365157220327	16.080304734304974	0.0	0.0	
24.425633118173607	16.830929490989785	0.0	0.0	
23.520696521796168	18.19054138623366	0.0	0.0	
24.303147531270948	19.45165119754548	0.0	0.0	
24.024559466711988	19.964293368233314	0.0	0.0	
24.47719981242653	21.288219002571452	0.0	0.0	
24.492030846586264	22.49032911271189	0.0	0.0	
24.09156829596967	23.114682440619628	0.0	0.0	
24.363386031717937	23.951051964131782	0.0	0.0	
24.385852920312363	25.135714839090905	0.0	0.0	
24.388817928790075	25.66919739900642	0.0	0.0	
23.865820321131995	26.936256265293782	0.0	0.0	
24.458342964005105	27.785105169199014	0.0	0.0	
24.315531036478053	29.13688098039119	0.0	0.0	
24.162570907631874	30.149264125067397	0.0	0.0	
23.71573639380947	31.366360574692305	0.0	0.0	
25.287553317784745	0.2385634619757887	0.0	0.0	
24.88809139545048	0.6969215147519788	0.0	0.0	
24.972992672467242	2.2781653398767205	0.0	0.0	
24.93024890905295	3.2435396547505126	0.0	0.0	
24.69759962964285	4.470959146539066	0.0	0.0	
25.323695903354956	4.661615991865207	0.0	0.0	
25.381117984383245	6.385014129809607	0.0	0.0	
25.097002294314763	6.8610822269135925	0.0	0.0	
25.35343624245786	7.852710073325073	0.0	0.0	
25.159359369007436	9.151968236984466	0.0	0.0	
24.65202959743775	9.528623943770242	0.0	0.0	
24.79455781395321	11.425608739031144	0.0	0.0	
25.088250460123184	11.65067576383806	0.0	0.0	
25.31082060736303	13.24410426496276	0.0	0.0	
24.727481685831904	14.459496428401692	0.0	0.0	
25.484540402763077	15.40143791115708	0.0	0.0	
24.562408745407694	16.11040266344682	0.0	0.0	
24.621895182354027	17.29792969524748	0.0	0.0	
25.032941880471547	18.10023786959324	0.0	0.0	
24.97286059968594	18.67743470871406	0.0	0.0	
25.324333070730678	19.532013289829084	0.0	0.0	
25.071830902103905	20.94373350552707	0.0	0.0	
25.049675896028184	22.38718612349319	0.0	0.0	
25.043892881760808	23.306704559911363	0.0	0.0	
24.691314440421547	24.066204309021472	0.0	0.0	
24.59389715296279	25.109070757544735	0.0	0.0	
25.477358551801352	26.115936467944277	0.0	0.0	
25.415893759961552	26.980785044521436	0.0	0.0	
25.171512750776735	28.382158378443503	0.0	0.0	
24.952668031484848	29.235460518728523	0.0	0.0	
24.53471950886448	29.803526430757657	0.0	0.0	
24.579806381704973	30.890436844092157	0.0	0.0	
25.8611157694553	0.26283365762024513	0.0	0.0	
25.51146666549242	1.141043389332051	0.0	0.0	
25.900343614835332	2.0332543008767305	0.0	0.0	
26.281021251075543	3.25374944536014	0.0	0.0	
25.82315677739057	3.860007377349387	0.0	0.0	
26.03478355312984	4.566686698214516	0.0	0.0	
26.374631910883416	6.4677555928597705	0.0	0.0	
26.044182219365172	6.698942847949773	0.0	0.0	
26.401985559820552	7.694622538782167	0.0	0.0	
26.149126139993346	8.664198136701472	0.0	0.0	
25.646035953331758	9.783036955437202	0.0	0.0	
25.707879960833154	11.400169104823707	0.0	0.0	
25.79337830712374	11.87862397907002	0.0	0.0	
26.360147729558168	12.595625664977876	0.0	0.0	
25.859819718324214	14.221810091797632	0.0	0.0	
26.080142430152335	14.62794460003625	0.0	0.0	
25.71040536730522	15.97695038691657	0.0	0.0	
26.322197307891397	17.377924759876088	0.0	0.0	
25.829237268107022	17.71606859569921	0.0	0.0	
25.72776847881448	19.1008727701899	0.0	0.0	
25.54699822804993	19.85352952365049	0.0	0.0	
26.096499132542107	20.564113987823436	0.0	0.0	
26.25953970791078	22.032790052998088	0.0	0.0	
26.053643062286813	22.592326290655706	0.0	0.0	
26.472931079812138	24.40742248977412	0.0	0.0	
25.56958810910031	25.252334775181627	0.0	0.0	
26.2332443179864	26.298084107193908	0.0	0.0	
25.796220885041794	26.919950720371972	0.0	0.0	
25.789900646587338	27.54010703544066	0.0	0.0	
26.457705784814475	29.32601881377695	0.0	0.0	
25.60677720396746	30.31395361523449	0.0	0.0	
26.361493027064604	31.453049915302312	0.0	0.0	
26.69021879706591	0.2303089199766427	0.0	0.0	
27.101851982497767	1.0641280266102204	0.0	0.0	
26.666492472686308	2.3455348757496504	0.0	0.0	
26.63751167818963	3.130533003840743	0.0	0.0	
26.833621728165138	3.6000729545426977	0.0	0.0	
27.038748261641675	4.784274445853546	0.0	0.0	
26.599229173340106	5.910984733427323	0.0	0.0	
27.486747304000808	6.669511894131055	0.0	0.0	
27.19471611686883	7.977553428945864	0.0	0.0	
26.861840611544547	9.051090394759637	0.0	0.0	
26.888478005248636	10.164407934139469	0.0	0.0	
26.514111167065096	11.23888851282101	0.0	0.0	
27.455921188378355	11.761087344509502	0.0	0.0	
26.821395657785104	12.781490184032982	0.0	0.0	
27.311929922917095	14.034174931434809	0.0	0.0	
27.28659401591873	15.018257856140263	0.0	0.0	
26.791028238141752	15.92008933751111	0.0	0.0	
27.35785053955115	16.806462219123635	0.0	0.0	
26.590771616744792	17.822713273238136	0.0	0.0	
27.086367304812264	19.24647137395157	0.0	0.0	
27.107963369411554	20.282391556119734	0.0	0.0	
26.76771507065576	20.986722080516454	0.0	0.0	
26.516955256798777	21.92078879056009	0.0	0.0	
27.18263280696321	23.356075891138783	0.0	0.0	
26.723458095724965	23.80570335813826	0.0	0.0	
26.826256366269657	24.852874646044643	0.0	0.0	
27.17046912601578	25.68503206218892	0.0	0.0	
27.033989398044355	27.08762014516349	0.0	0.0	
26.646544280558988	27.515007080618204	0.0	0.0	
27.34092394069124	28.690598378033517	0.0	0.0	
27.28977214882018	29.91212352825218	0.0	0.0	
27.33248515739526	31.251990210440276	0.0	0.0	
28.04089573688365	0.23292210177091588	0.0	0.0	
28.14102302593801	1.4675780629911461	0.0	0.0	
28.399716414167553	1.760762826133302	0.0	0.0	
27.78239261108059	2.790948148685283	0.0	0.0	
27.535277618530163	3.6964987534373623	0.0	0.0	
28.142309245353008	4.845592336712783	0.0	0.0	
28.427603798563666	6.424905610572414	0.0	0.0	
28.299570032081313	7.0813354665319865	0.0	0.0	
27.952918083137	8.207945402830015	0.0	0.0	
28.15091926356781	9.214347086854001	0.0	0.0	
28.243046037261703	9.735722883230002	0.0	0.0	
27.6054252049028	10.99529583363136	0.0	0.0	
28.307264322778344	12.057620085354097	0.0	0.0	
28.14152404069028	12.91427541896515	0.0	0.0	
28.179880306340678	13.843814779087088	0.0	0.0	
27.555119664670887	14.620590683811471	0.0	0.0	
28.12532907466501	16.03371494859511	0.0	0.0	
27.983148075228907	16.650802149028557	0.0	0.0	
28.271729690786234	17.636094303069626	0.0	0.0	
27.579966301532824	18.63414643209759	0.0	0.0	
27.565045666268915	20.425183982532996	0.0	0.0	
27.849796910368436	20.53872696817792	0.0	0.0	
27.93617137375977	22.391013296591172	0.0	0.0	
28.222426357241783	22.502282378091063	0.0	0.0	
27.813609190237752	24.417489487811004	0.0	0.0	
28.16152001065005	24.541371327425146	0.0	0.0	
27.593641674330716	25.902412405940073	0.0	0.0	
28.226892678254213	27.012246797123048	0.0	0.0	
28.3210260110298	28.374361911866984	0.0	0.0	
27.95060234088337	28.579940046185232	0.0	0.0	
28.000697051413354	30.40198531623283	0.0	0.0	
28.158650158941644	30.889545010307444	0.0	0.0	
28.622686093592126	0.31569368205589	0.0	0.0	
29.0777860228504	1.4745788498012922	0.0	0.0	
28.85015883180097	2.1992426424007014	0.0	0.0	
29.427744290960614	2.762534228159944	0.0	0.0	
29.363345425546147	3.624358182412835	0.0	0.0	
29.13270468098088	4.678752683668079	0.0	0.0	
28.573556966694053	5.501449798378884	0.0	0.0	
29.02269983441204	6.711361859282517	0.0	0.0	
29.15350661208949	8.252927117188987	0.0	0.0	
28.84269295238098	8.68833256803154	0.0	0.0	
29.421988412994374	10.419397053392984	0.0	0.0	
29.446252231248472	10.859951038757915	0.0	0.0	
29.150969675083054	12.383406671651304	0.0	0.0	
29.328505472442675	12.629156907415192	0.0	0.0	
28.683292950751685	14.064101837865259	0.0	0.0	
28.731339709329202	14.604186677001305	0.0	0.0	
28.73924367399143	16.113453934149145	0.0	0.0	
29.430834390347425	17.029431256025486	0.0	0.0	
29.25467013453522	17.696234638676938	0.0	0.0	
28.66343043732434	19.33634695345924	0.0	0.0	
28.64727467245227	20.414520682403012	0.0	0.0	
28.904261427894316	21.474918313334793	0.0	0.0	
29.238666428214728	22.386290719908278	0.0	0.0	
29.15663315318728	23.38826172153254	0.0	0.0	
28.875462780911054	24.451085057266553	0.0	0.0	
28.670697463244	25.069760200454454	0.0	0.0	
29.308219813712675	26.194400461385854	0.0	0.0	
29.030215289322896	26.645040883423647	0.0	0.0	
28.52351674244982	28.496377896116392	0.0	0.0	
29.478435096654973	29.4779038136018	0.0	0.0	
29.341055652915834	30.263934536905737	0.0	0.0	
28.815081199986825	31.17195714333136	0.0	0.0	
29.617254152063484	0.3080832745201133	0.0	0.0	
30.204743053593138	0.6110931196433123	0.0	0.0	
30.30647435356323	2.386160696558959	0.0	0.0	
29.701077708506975	2.613950364868816	0.0	0.0	
30.123164981686465	3.766477221633298	0.0	0.0	
29.868440957067193	4.81660530081425	0.0	0.0	
30.319766689853203	5.707967093644648	0.0	0.0	
29.531517592702276	7.0827861103189615	0.0	0.0	
29.94321133725959	7.528055413640702	0.0	0.0	
30.48441414537675	8.66895630534761	0.0	0.0	
30.06679209780142	10.190957264205489	0.0	0.0	
29.782938611550186	10.750889410097182	0.0	0.0	
30.408268333692916	11.664066008454297	0.0	0.0	
30.48939478820466	12.849527929061145	0.0	0.0	
30.309513859246668	14.02978277535005	0.0	0.0	
30.039865812865425	15.178025073602976	0.0	0.0	
29.595738288070052	15.881263535491765	0.0	0.0	
30.129169896206804	17.316529347610924	0.0	0.0	
30.32185627528162	17.9746527674192	0.0	0.0	
29.595136324687445	18.785890446093607	0.0	0.0	
29.767795184659505	20.24559314135352	0.0	0.0	
30.25881408046253	21.305508696030536	0.0	0.0	
30.166202456716185	21.77569491183295	0.0	0.0	
30.399313070826455	23.231551908708486	0.0	0.0	
30.230920244203634	23.502372918720546	0.0	0.0	
29.83840294936611	24.699000278107917	0.0	0.0	
29.749210539303732	25.652334628223613	0.0	0.0	
29.704798224110608	27.312199826575497	0.0	0.0	
30.087397935010877	28.13242151080711	0.0	0.0	
29.775159436584502	29.483823849048772	0.0	0.0	
29.609918040017416	29.515343465437272	0.0	0.0	
29.78863132273631	31.053533641611484	0.0	0.0	
31.085139734029518	0.011612103161001919	0.0	0.0	
30.978292276934397	1.065375194231379	0.0	0.0	
30.913535330329015	2.0310930552687623	0.0	0.0	
31.118972943715196	2.89238204448127	0.0	0.0	
30.772843776202908	4.164094234475159	0.0	0.0	
31.331078790390265	5.358069787288291	0.0	0.0	
30.71075731262388	5.998483354191943	0.0	0.0	
30.933249437288886	6.50051681184138	0.0	0.0	
31.053925246305184	7.841258238987748	0.0	0.0	
31.09897869206303	8.816938689299342	0.0	0.0	
31.089205201728312	9.776794585868341	0.0	0.0	
31.2801150468945	11.245663275708534	0.0	0.0	
31.269253649997825	11.552962936481505	0.0	0.0	
30.690439040224454	13.192348794869499	0.0	0.0	
30.994828722109784	13.960795338990318	0.0	0.0	
30.745058161263117	14.592694557092713	0.0	0.0	
30.56692763518029	16.284622435958493	0.0	0.0	
31.371418531872635	16.947372101257518	0.0	0.0	
31.454156181410795	18.250285066941352	0.0	0.0	
31.200167888494423	19.0690660075345	0.0	0.0	
31.323443036583235	19.516893433434387	0.0	0.0	
31.125501263598768	20.67038378039927	0.0	0.0	
30.65391741505171	22.46930013436038	0.0	0.0	
31.243749651736092	22.63640335772971	0.0	0.0	
30.97597215533468	24.18829361223164	0.0	0.0	
31.44100084908743	24.6522202983331	0.0	0.0	
31.127666063868592	25.653485119057443	0.0	0.0	
30.785575034760527	26.969173618579312	0.0	0.0	
31.243326239507404	27.781860865554687	0.0	0.0	
30.910196521300804	28.525729300745258	0.0	0.0	
30.925020265336133	30.324298887282147	0.0	0.0	
30.529880406319553	30.662701799069207	0.0	0.0	
