2
32.0	0.0	0.0	0.0	
0.0	32.0	0.0	0.0	
0.47894598568091384	0.39006637632740004	0.0	0.0	
0.4289991130488673	0.5058655973019733	0.0	0.0	
0.387576110631788	1.570287584508237	0.0	0.0	
0.2688730163309253	3.270877638817108	0.0	0.0	
0.3108260816685997	3.9442272663815237	0.0	0.0	
0.22725133179542567	4.9803995704199115	0.0	0.0	
0.46083312774450336	5.62847847849644	0.0	0.0	
0.3170559651970808	7.174333046377831	0.0	0.0	
0.35162764182807793	8.048523196920216	0.0	0.0	
0.2540811357314895	8.690095482944745	0.0	0.0	
0.24227831669733302	9.828302046867785	0.0	0.0	
0.2596333505360159	11.472357338375668	0.0	0.0	
0.0938983632721716	11.64294758565552	0.0	0.0	
0.044481828072297835	13.37020121134291	0.0	0.0	
0.43743409365086183	14.31244355054809	0.0	0.0	
0.21596152278168113	15.093341234946504	0.0	0.0	
0.3328060674161626	16.27042817249472	0.0	0.0	
0.09837955401009402	16.65307278729606	0.0	0.0	
0.05291304805470354	18.294806258286833	0.0	0.0	
0.006930439418249668	18.781627995558512	0.0	0.0	
0.2223216497300171	19.934065108200382	0.0	0.0	
0.37824969837127964	21.23587143064971	0.0	0.0	
0.3824447494382677	22.241486750598533	0.0	0.0	
0.25923939590444445	22.968914631535387	0.0	0.0	
0.42882115113074537	24.064448134395622	0.0	0.0	
0.3370649776914686	24.949170734074617	0.0	0.0	
0.19989161491235152	26.034936487254804	0.0	0.0	
0.23370357342222758	27.477460097605515	0.0	0.0	
0.07135383987903976	28.497848993704345	0.0	0.0	
0.4247869505780073	29.07082058547073	0.0	0.0	
0.44108449049053733	30.121471964731732	0.0	0.0	
0.24201933287291644	31.294934127377683	0.0	0.0	
0.6631922652505038	0.05433712964487658	0.0	0.0	
0.6440180384176364	1.3021154516596443	0.0	0.0	
1.1253931007108307	1.6283841869364892	0.0	0.0	
0.9285309312604065	3.0776917546029514	0.0	0.0	
1.287706429375982	4.353205775444204	0.0	0.0	
0.7230490236201034	5.126246297924677	0.0	0.0	
1.2258105063163465	6.220290427691675	0.0	0.0	
0.6296758411149767	6.8850131479423275	0.0	0.0	
0.6622150486577212	8.136840138685141	0.0	0.0	
1.2905969117414546	8.524074980234998	0.0	0.0	
1.4955909837751837	10.165776089875726	0.0	0.0	
1.4925348499333406	10.574173772539629	0.0	0.0	
0.9864971408883724	12.10782957440881	0.0	0.0	
0.5655336953028991	12.85772222021174	0.0	0.0	
1.1866852809902317	13.582205106769688	0.0	0.0	
0.8429138330877037	14.740390927462473	0.0	0.0	
1.2831023035421085	16.17341885170123	0.0	0.0	
0.6897441718005026	16.666249033841897	0.0	0.0	
1.455498096774004	18.37485063185545	0.0	0.0	
0.9109531373865343	19.380409501635164	0.0	0.0	
0.7431778500458426	20.08933007036184	0.0	0.0	
0.8509997652628162	20.90166930146505	0.0	0.0	
1.3229552037110612	22.49265901810963	0.0	0.0	
1.0467078762565496	22.61485951998219	0.0	0.0	
0.7855604379260959	23.857802082275676	0.0	0.0	
1.0182682827446317	25.12080937734162	0.0	0.0	
0.5449743382206386	26.23987778284878	0.0	0.0	
1.073589712419325	27.082203915725284	0.0	0.0	
1.150271977793309	27.683627089563128	0.0	0.0	
1.1909937153049681	28.897183523516954	0.0	0.0	
0.6166386734152862	30.275874424697093	0.0	0.0	
0.652847621107808	31.240259107844345	0.0	0.0	
2.386478403566522	0.008114425839013784	0.0	0.0	
2.0460618538543147	1.2807281372606576	0.0	0.0	
2.185801021671571	2.050691147930878	0.0	0.0	
1.893766292913582	3.144537720526296	0.0	0.0	
2.3693278221730973	4.0065716330931345	0.0	0.0	
2.3344233769393057	5.111908779500047	0.0	0.0	
2.2213219827881883	5.926877504535059	0.0	0.0	
1.9117175539921858	6.978750232894402	0.0	0.0	
1.5415234760010825	8.256655400055948	0.0	0.0	
1.559700694398792	8.908390407917679	0.0	0.0	
1.5926969661668449	9.980848754914229	0.0	0.0	
1.7070948660201575	11.162264741428062	0.0	0.0	
1.8189053657142398	12.163268846338902	0.0	0.0	
1.9130080389288633	13.255490362331985	0.0	0.0	
1.6197462881833182	14.129148753154785	0.0	0.0	
1.8372090987916678	15.18019457479555	0.0	0.0	
1.6990352710335417	16.243941011914387	0.0	0.0	
1.9019291843844004	17.22026036895477	0.0	0.0	
2.02135940143408	18.31934325845542	0.0	0.0	
1.6164700266698104	18.513898227821002	0.0	0.0	
1.5856632493301586	19.60023013226299	0.0	0.0	
1.7480432482139068	20.88710654704132	0.0	0.0	
2.4525587135523406	22.08039808147025	0.0	0.0	
1.6702428841855506	23.38676259010604	0.0	0.0	
2.2378319903706205	24.180716743859303	0.0	0.0	
2.250319363897011	25.20643109766231	0.0	0.0	
2.1601228287624457	26.16496733405801	0.0	0.0	
2.158398722057163	26.84193472627114	0.0	0.0	
2.2986421047684877	28.400544259225924	0.0	0.0	
2.4515430672553458	28.887930256364385	0.0	0.0	
2.2677187467137547	30.09755804206181	0.0	0.0	
2.1837556499176176	30.844978852446392	0.0	0.0	
3.381388606026394	0.12441068280489898	0.0	0.0	
3.0334161264618755	1.2624578142263108	0.0	0.0	
2.896542211332286	2.2212979680991314	0.0	0.0	
2.70946480465146	2.897814400883674	0.0	0.0	
2.5765049580953368	3.8374879001100015	0.0	0.0	
2.845682511047321	4.55707219552863	0.0	0.0	
2.658046068177865	6.115138578891761	0.0	0.0	
2.785532693413254	6.918687656847185	0.0	0.0	
3.4710626364614328	8.08433438859931	0.0	0.0	
3.2397433068981933	8.940009293817603	0.0	0.0	
3.4928326758516066	10.419325414493091	0.0	0.0	
3.025182558178685	10.936947862677808	0.0	0.0	
2.7737427924721647	12.041876844231478	0.0	0.0	
3.290440263021824	13.075618585420822	0.0	0.0	
2.7897816825471535	14.474921123737294	0.0	0.0	
3.3281210341971543	14.565833320780554	0.0	0.0	
2.5897340180119337	16.117286302213046	0.0	0.0	
2.83927198447272	17.296865645541917	0.0	0.0	
2.600062389128025	17.8578951633045	0.0	0.0	
3.1218681881331203	18.74240722426148	0.0	0.0	
3.0614684333618896	20.01700986583254	0.0	0.0	
2.792448085920981	20.786787004833492	0.0	0.0	
3.3999841805974818	21.697706557501075	0.0	0.0	
3.040905954837013	22.72374260344062	0.0	0.0	
3.1744049052354746	24.400928278665834	0.0	0.0	
2.9657395991842694	24.63018915860966	0.0	0.0	
3.2487806586911088	25.510423905554976	0.0	0.0	
3.497260139193808	26.670011963009248	0.0	0.0	
2.7866817773036545	28.26238574120989	0.0	0.0	
3.1786414133557472	29.255275153945984	0.0	0.0	
3.17015258035561	29.969849753039412	0.0	0.0	
3.354545827563477	30.607034260473565	0.0	0.0	
3.808872667751504	0.400410037742409	0.0	0.0	
3.747119265651347	0.9301849569335348	0.0	0.0	
4.101710170695943	2.1103518801308376	0.0	0.0	
3.8133718560991237	2.8585538593403452	0.0	0.0	
3.948034675317008	4.105316066233069	0.0	0.0	
3.769073763893233	5.3279783456078995	0.0	0.0	
3.9492464338146616	5.9017563309737735	0.0	0.0	
4.2406458410048735	7.494876773509085	0.0	0.0	
3.6572827131837684	8.004478860650053	0.0	0.0	
4.127075171268831	9.445502691980689	0.0	0.0	
3.931167065683521	10.210429456636685	0.0	0.0	
3.8045731364782434	10.641348300871886	0.0	0.0	
3.639398941680503	12.4881658243805	0.0	0.0	
3.557570333717579	13.375996293437746	0.0	0.0	
3.6256979561507827	13.685763301531413	0.0	0.0	
4.29764706592044	14.968623292794037	0.0	0.0	
3.697376636497319	15.775815937517933	0.0	0.0	
3.588055677261984	16.992181115159262	0.0	0.0	
3.9715167185215106	17.600023990776727	0.0	0.0	
3.8595500599644597	18.515213408528908	0.0	0.0	
4.052051151839726	20.32105386204852	0.0	0.0	
3.5480021297909654	20.890320689769023	0.0	0.0	
3.927488132232555	21.68646052958958	0.0	0.0	
3.716786540044346	23.332513056993786	0.0	0.0	
4.389255719261031	24.24772087822869	0.0	0.0	
3.78161291481469	25.321895212215754	0.0	0.0	
3.5567247559068504	26.34842923213282	0.0	0.0	
4.358746267688555	26.563619180224066	0.0	0.0	
4.045922979956927	27.60256726235787	0.0	0.0	
4.250591341657439	28.560746337887124	0.0	0.0	
3.8174584149633324	29.768226707116096	0.0	0.0	
4.4333010097529675	31.089220548236312	0.0	0.0	
4.537117012629587	0.3604247952305364	0.0	0.0	
5.090219515538913	0.8634563433763831	0.0	0.0	
5.295182797786451	2.1656487705359893	0.0	0.0	
4.710782731383978	3.3866419437450004	0.0	0.0	
4.847414690455293	4.177250826841291	0.0	0.0	
5.401973783665597	5.332228431360507	0.0	0.0	
4.813142608340032	6.462557342595042	0.0	0.0	
4.565344870801355	7.41651787424278	0.0	0.0	
4.880974529403234	7.914490291905711	0.0	0.0	
5.291052566297557	9.440356353500434	0.0	0.0	
5.369931746058769	9.784412524256155	0.0	0.0	
5.37026545986227	11.002597300912425	0.0	0.0	
4.8609101188937895	12.399197604453844	0.0	0.0	
4.962418382246698	12.65181365106503	0.0	0.0	
5.461675614078768	14.258255228909913	0.0	0.0	
5.122161219196548	14.748376896424828	0.0	0.0	
4.577414036277987	16.240230238134096	0.0	0.0	
4.892033923438569	16.693928349448075	0.0	0.0	
5.298269781413991	17.945281315489378	0.0	0.0	
5.288594353394083	18.54908779019537	0.0	0.0	
4.537566591246891	20.100694066573052	0.0	0.0	
5.262258418678601	21.241759984053207	0.0	0.0	
4.500920951153319	22.307876041265278	0.0	0.0	
5.041027591850946	22.976143317577648	0.0	0.0	
5.13148024498324	24.330097836935888	0.0	0.0	
4.771175568332504	25.045164074920738	0.0	0.0	
4.935838415720797	25.80687186134144	0.0	0.0	
5.434835181103965	27.311549523621125	0.0	0.0	
4.891511984673869	27.515669632985762	0.0	0.0	
4.541787130068982	29.317904428201754	0.0	0.0	
4.681474200470909	30.355011844167965	0.0	0.0	
5.089242670857649	31.006980505215832	0.0	0.0	
5.809624572138369	0.4559731054839463	0.0	0.0	
6.207292824326958	0.6570670617629943	0.0	0.0	
6.027376957748836	1.5705591469758686	0.0	0.0	
6.033830201707559	2.6055520052591365	0.0	0.0	
6.422616858719765	4.101395922394811	0.0	0.0	
6.011796083184622	4.543746929580939	0.0	0.0	
5.92351610403695	6.422205529991304	0.0	0.0	
5.535650596309546	6.54205682785064	0.0	0.0	
6.060301336347407	8.307023263694322	0.0	0.0	
5.619744363267292	9.185462233136438	0.0	0.0	
6.147326818667432	9.54511482533939	0.0	0.0	
5.574624794141364	11.427673443837621	0.0	0.0	
6.381192717100963	12.451966366144983	0.0	0.0	
5.551212783907148	12.624846405330228	0.0	0.0	
6.386724215740371	13.82479213234404	0.0	0.0	
6.3019317372210875	15.12897455483529	0.0	0.0	
5.634125181575126	15.673756352040616	0.0	0.0	
6.149050931014006	16.521172153455726	0.0	0.0	
6.133515058778201	18.05510677186508	0.0	0.0	
5.595262627356927	18.73696156252317	0.0	0.0	
5.558275841907967	19.795426353547725	0.0	0.0	
6.438528541738526	20.602741094235242	0.0	0.0	
6.293765531725131	22.385139426908445	0.0	0.0	
6.093491512368412	23.15598973230007	0.0	0.0	
6.009647191327315	24.42408259743197	0.0	0.0	
5.575106122985861	24.76743272796612	0.0	0.0	
5.582328132743241	25.58788123409883	0.0	0.0	
6.476950540822322	27.00201240764346	0.0	0.0	
6.179705483668234	28.033684494989767	0.0	0.0	
5.773219218950319	28.71288602280611	0.0	0.0	
5.946485307946694	30.135338334516373	0.0	0.0	
5.633792608665507	31.14638218083278	0.0	0.0	
6.571982395388404	0.349781150732032	0.0	0.0	
7.037051772260507	1.4069232328791068	0.0	0.0	
7.324049649082292	1.8398578031009003	0.0	0.0	
6.968197839171328	3.1283069284529534	0.0	0.0	
7.193863017220421	3.8310446001359835	0.0	0.0	
7.438617831139353	5.278706990131401	0.0	0.0	
7.363368096261721	5.602666937642485	0.0	0.0	
6.528424445866227	6.622871411424757	0.0	0.0	
6.681597880581342	8.273447666888762	0.0	0.0	
6.690717820107398	8.661221295595224	0.0	0.0	
6.505158020690865	10.115784850654116	0.0	0.0	
7.063970411043611	11.207561299378318	0.0	0.0	
7.071003217342013	12.159079711050166	0.0	0.0	
6.865578679323109	13.219045171875626	0.0	0.0	
6.580399237398318	13.801122907280778	0.0	0.0	
6.8951970305679575	14.986661786919898	0.0	0.0	
6.64650460630661	16.070094813783307	0.0	0.0	
7.015408352766277	16.732400482821138	0.0	0.0	
7.241190352953082	18.108757339973728	0.0	0.0	
6.567734771967243	19.37202005352404	0.0	0.0	
6.816644753648895	20.121914558697366	0.0	0.0	
6.867246854747626	20.85385678156125	0.0	0.0	
6.614970297644199	21.7758683009147	0.0	0.0	
6.553632271220179	22.714282369105995	0.0	0.0	
6.771348930701876	24.183123715324406	0.0	0.0	
7.0078257741845755	24.975696962795688	0.0	0.0	
6.547357523500572	25.60678460340714	0.0	0.0	
6.52720276243762	26.606893860380882	0.0	0.0	
7.453541038840203	27.526746486892744	0.0	0.0	
6.509319164733195	28.854910559988248	0.0	0.0	
7.29197203197578	29.948925029048898	0.0	0.0	
7.147341884152783	30.968123515608145	0.0	0.0	
8.249257853872578	0.17843019235150503	0.0	0.0	
7.732569916205497	0.6497717793671666	0.0	0.0	
8.21082926915619	2.4526518914836	0.0	0.0	
8.070380147858403	2.9153238883409176	0.0	0.0	
8.28234679313142	4.179061938035047	0.0	0.0	
8.286857338986037	4.582884726412426	0.0	0.0	
8.036342060662463	5.617378989263864	0.0	0.0	
7.847686050852532	6.64026994537623	0.0	0.0	
8.04677096731909	7.808508811519313	0.0	0.0	
8.261731835208236	8.57364413986202	0.0	0.0	
7.699071501105035	10.204843529822785	0.0	0.0	
8.20479986662586	11.21948338676173	0.0	0.0	
8.04847811090175	12.429621165105283	0.0	0.0	
8.019441706374561	13.309696110318711	0.0	0.0	
7.925868121096712	13.68384175736992	0.0	0.0	
7.9562947423384145	14.809575663116322	0.0	0.0	
7.50619637070883	16.219532943657214	0.0	0.0	
8.15745117176237	16.637359384258843	0.0	0.0	
8.343186919762768	17.73167168310941	0.0	0.0	
8.267484146328874	19.397526374475866	0.0	0.0	
8.381041442647275	20.157287941122767	0.0	0.0	
7.510901361299576	20.69489974302223	0.0	0.0	
8.11991782998053	22.356265181179957	0.0	0.0	
8.467368166133708	22.784586414724664	0.0	0.0	
8.146959183232807	24.13393267456831	0.0	0.0	
8.4808720543106	24.85372617187336	0.0	0.0	
7.700811483755638	26.089886408711244	0.0	0.0	
8.233259895579325	26.99534598979335	0.0	0.0	
7.623100150779711	27.783076756835698	0.0	0.0	
8.316663927711845	29.095934386452107	0.0	0.0	
8.377602680445017	30.072334737228324	0.0	0.0	
8.475091693709713	30.909807500258246	0.0	0.0	
9.057329851685562	0.4187091761271545	0.0	0.0	
8.797611169676179	0.5522967748711608	0.0	0.0	
8.884809020238928	1.531619703644253	0.0	0.0	
9.496910400578564	3.349078287521857	0.0	0.0	
9.233763699048675	4.033936598170522	0.0	0.0	
8.850447181298438	4.83259382431723	0.0	0.0	
9.287222361864146	6.045111243601098	0.0	0.0	
8.732679640755418	6.728145252197383	0.0	0.0	
9.259311601233332	8.141376320693189	0.0	0.0	
8.995362931428502	9.09696850275707	0.0	0.0	
9.443866452314904	10.472946622127662	0.0	0.0	
8.676476467288557	10.671283831659066	0.0	0.0	
8.973140692806798	12.309594913511333	0.0	0.0	
9.218387754722297	12.709312284750265	0.0	0.0	
8.715385197925478	14.306312433157345	0.0	0.0	
9.427661852175229	15.014925046616261	0.0	0.0	
9.290521666223306	16.479878482290072	0.0	0.0	
8.796544151468225	16.739340640305006	0.0	0.0	
8.505516993805118	18.00496892981749	0.0	0.0	
8.720595275764119	19.14584432650115	0.0	0.0	
9.322184085985276	20.00699934107449	0.0	0.0	
8.559010493672156	21.0199290059589	0.0	0.0	
8.905954802800691	22.34624580094219	0.0	0.0	
9.434777061206388	23.327197446537102	0.0	0.0	
8.748051684755112	23.557235007164717	0.0	0.0	
8.898333302612432	25.009307786052	0.0	0.0	
9.090889273608136	26.40754688206643	0.0	0.0	
8.589958724934469	27.22227742987573	0.0	0.0	
8.883462380617367	27.70101073425896	0.0	0.0	
9.312189031616587	28.643123206149596	0.0	0.0	
9.240054231489538	30.050587973916276	0.0	0.0	
9.001462883552616	30.91647262126087	0.0	0.0	
9.548711074292955	0.26447177586741755	0.0	0.0	
10.06382247161907	0.77554551852625	0.0	0.0	
10.100972982330653	2.4505746215287365	0.0	0.0	
9.922917003261878	3.3062411226978057	0.0	0.0	
10.19605572697247	4.35928932826703	0.0	0.0	
9.902244298837136	4.61376760823649	0.0	0.0	
10.322524008265225	5.720333225468443	0.0	0.0	
10.242298763049346	7.087044806811729	0.0	0.0	
9.783858514415902	8.21039565652942	0.0	0.0	
9.783770895901439	9.24147394621472	0.0	0.0	
9.974946773432976	9.914475768651553	0.0	0.0	
10.028266083913795	10.57402098446373	0.0	0.0	
10.273989877427539	12.314666707318652	0.0	0.0	
10.443202848303237	13.457392311905014	0.0	0.0	
9.528258661448954	13.764728028316993	0.0	0.0	
9.887264536380467	14.756017808074423	0.0	0.0	
9.778913353981782	16.429956853466674	0.0	0.0	
9.875721164028699	17.271740397814543	0.0	0.0	
9.77631802420537	18.311554433059335	0.0	0.0	
9.96899798965328	19.228251834671543	0.0	0.0	
10.37539092451741	20.41701503617816	0.0	0.0	
9.674438550077069	20.713492423215655	0.0	0.0	
10.2817502193655	22.16076999264678	0.0	0.0	
10.495303184371053	22.861617648795168	0.0	0.0	
10.215325647692312	24.3469072015512	0.0	0.0	
9.912449119872694	25.132315700780445	0.0	0.0	
10.32897748897043	25.916480133572172	0.0	0.0	
9.761546131693308	26.539295997239854	0.0	0.0	
10.095825034454993	27.9535838013485	0.0	0.0	
10.034695005794195	29.03321435691099	0.0	0.0	
10.10466870085884	30.062865511075515	0.0	0.0	
10.304433527238288	31.447827062195547	0.0	0.0	
11.082305784956096	0.3227839785032316	0.0	0.0	
10.85935884589016	1.4602614201241852	0.0	0.0	
10.966839728148926	1.9144145112595126	0.0	0.0	
11.098101781793144	3.255656119585304	0.0	0.0	
10.824352813748536	3.81824432973512	0.0	0.0	
10.795768723660279	4.7300696219465355	0.0	0.0	
10.721019254963897	5.995237369692835	0.0	0.0	
10.738869305699987	6.878413694820323	0.0	0.0	
11.08708507384953	8.148431885585445	0.0	0.0	
11.095971501402603	8.947443280011358	0.0	0.0	
10.7660336193138	9.763061397233626	0.0	0.0	
10.77937236209161	10.590265435638624	0.0	0.0	
10.99539116157436	12.100237913370103	0.0	0.0	
10.7402612251381	12.676501746078468	0.0	0.0	
10.85251574862914	14.425121309226114	0.0	0.0	
10.802134843878468	15.205165742368793	0.0	0.0	
11.3874130629207	15.675889328330165	0.0	0.0	
10.999042185031364	17.268406172345564	0.0	0.0	
10.748447724394357	18.04543222545365	0.0	0.0	
11.227745606156464	19.482375958528998	0.0	0.0	
10.70489921626077	20.13222277203701	0.0	0.0	
11.244655093678688	20.894798858740792	0.0	0.0	
10.935875643807362	21.646667573755348	0.0	0.0	
10.888424215572885	23.25658660139353	0.0	0.0	
11.354757345242867	24.024885347820987	0.0	0.0	
11.445991370190082	25.388619203498255	0.0	0.0	
11.38382064197695	26.346316924989747	0.0	0.0	
11.389875619385263	27.23359177056044	0.0	0.0	
10.96468965123812	28.344119240686506	0.0	0.0	
10.883925324300144	29.292392198220593	0.0	0.0	
11.131745498037343	30.302665148765108	0.0	0.0	
10.661428078221903	30.5750716093149	0.0	0.0	
12.384410555799336	0.15290038477991663	0.0	0.0	
11.622013967151723	1.331948038678222	0.0	0.0	
12.410705531119708	2.1296335673237516	0.0	0.0	
11.91802568953985	2.991303502649047	0.0	0.0	
12.330163509280753	4.28793196687145	0.0	0.0	
11.516178761505017	4.561430117438241	0.0	0.0	
11.990621169673506	6.486753168183832	0.0	0.0	
12.052971802116197	7.078088755982709	0.0	0.0	
11.761484545218748	7.658431571326779	0.0	0.0	
11.758683264875785	9.003871648616025	0.0	0.0	
11.778451465763125	10.431924188982153	0.0	0.0	
11.708956558049275	10.696502258821509	0.0	0.0	
11.886383752580848	11.737383612401814	0.0	0.0	
12.324222973480039	13.29343291698556	0.0	0.0	
12.235240095675431	14.012373095501449	0.0	0.0	
11.643713590822612	15.493854368197898	0.0	0.0	
12.45745573513414	15.626049841103198	0.0	0.0	
12.05755466591034	17.376632995109965	0.0	0.0	
12.1095826504457	17.630772413046657	0.0	0.0	
12.484575775784927	19.318097993081672	0.0	0.0	
11.868659166673215	19.607043428394462	0.0	0.0	
11.63322109593122	20.742554778192687	0.0	0.0	
12.25552257293094	21.50174511799906	0.0	0.0	
12.08078828750434	22.516669401586327	0.0	0.0	
11.5340842216821	23.983788303529757	0.0	0.0	
12.208329027482014	25.33528678547281	0.0	0.0	
12.303128999817686	26.06877736470454	0.0	0.0	
12.055216304546859	27.22790565651574	0.0	0.0	
11.65535522218517	28.393879614274656	0.0	0.0	
11.813098929194219	28.77776023936583	0.0	0.0	
12.190730199667147	29.58516407991775	0.0	0.0	
11.922214306354965	30.534715102887734	0.0	0.0	
12.611881204731105	0.224645072150917	0.0	0.0	
13.134421376436626	0.5765651795056381	0.0	0.0	
12.615856799172722	2.211326401513533	0.0	0.0	
12.74096855181973	2.6638846241096084	0.0	0.0	
13.289840091687541	4.2401549411221415	0.0	0.0	
13.030698968404362	4.829906720514076	0.0	0.0	
12.83917016743273	6.071908806475707	0.0	0.0	
12.509562900503742	7.481889996823396	0.0	0.0	
13.35716675883629	7.970375823807048	0.0	0.0	
12.740655263614414	8.620684545675541	0.0	0.0	
13.27919774964538	10.373274553088693	0.0	0.0	
12.939778946910055	10.69457550867494	0.0	0.0	
13.28085017921228	11.684989646285064	0.0	0.0	
12.707003696321792	13.220786535513174	0.0	0.0	
12.79880274554482	14.3763946299296	0.0	0.0	
13.27245862264113	15.318695307940837	0.0	0.0	
12.765608510414506	16.330146214437637	0.0	0.0	
12.79450100464917	16.645268503815917	0.0	0.0	
13.117197466334668	17.912873418182237	0.0	0.0	
13.433810721314643	18.547814707560104	0.0	0.0	
13.246337051264195	20.134933213194103	0.0	0.0	
13.146292796463412	21.15917199369671	0.0	0.0	
12.898396385199085	22.341120494335296	0.0	0.0	
13.140252009877864	22.915139663742238	0.0	0.0	
12.796666480000058	23.704637866732288	0.0	0.0	
12.735379731835398	24.931770332739518	0.0	0.0	
13.380340081060176	26.059174224069512	0.0	0.0	
12.73914905693494	26.949697095504465	0.0	0.0	
12.581774786655986	27.948227593818025	0.0	0.0	
12.804409694479974	28.886038379444603	0.0	0.0	
13.15975286754202	30.11068824060457	0.0	0.0	
13.073852403519455	30.818043756894976	0.0	0.0	
13.876180214270537	0.21580301954973102	0.0	0.0	
13.86589714729703	0.5858102829524859	0.0	0.0	
13.975599629203874	2.01044187347394	0.0	0.0	
13.789419772248007	2.970649207141859	0.0	0.0	
14.430046831042509	3.9699956152057085	0.0	0.0	
14.498521864596007	5.107684750418868	0.0	0.0	
13.84716034115755	5.951082775365915	0.0	0.0	
13.512593941401535	6.638674710617034	0.0	0.0	
13.72871723711975	7.7016590893246875	0.0	0.0	
13.934257632830592	8.890204621135316	0.0	0.0	
13.927308321400691	10.121498061298121	0.0	0.0	
13.51264700295832	11.150872414468289	0.0	0.0	
13.885491262483054	11.825657865387267	0.0	0.0	
13.819031264084444	13.475415792364903	0.0	0.0	
13.965339543141903	14.250691784752886	0.0	0.0	
13.693331648817855	14.833739517092544	0.0	0.0	
14.052079962191478	15.874534885310728	0.0	0.0	
13.828160062215904	16.746703007844932	0.0	0.0	
14.053047622766561	18.17615124610328	0.0	0.0	
13.66620815127816	19.162384980727193	0.0	0.0	
14.050062159705142	20.172181610870755	0.0	0.0	
14.045978135511593	20.60643737684556	0.0	0.0	
13.62722472821328	21.549996138511027	0.0	0.0	
13.529286746529436	23.103362976910514	0.0	0.0	
14.36459526537661	23.951936768425035	0.0	0.0	
13.628675802562471	25.349445071485047	0.0	0.0	
14.045383773151976	26.231066888575548	0.0	0.0	
13.72224599612865	27.139442404004804	0.0	0.0	
13.73085287774578	27.88573863528186	0.0	0.0	
13.63611993034834	29.269742401455776	0.0	0.0	
14.07823890481687	29.97706342127936	0.0	0.0	
13.619400805796351	30.622178035575807	0.0	0.0	
15.3022698600877	0.37250938820066837	0.0	0.0	
14.890507295870147	0.9696245811852372	0.0	0.0	
15.115900149748768	2.3571469849466054	0.0	0.0	
14.520964332241377	2.796847621149438	0.0	0.0	
14.888912006008747	3.5118787035628456	0.0	0.0	
15.33284748982427	5.345148765244191	0.0	0.0	
15.386583138517546	6.17257860968221	0.0	0.0	
14.96964097442185	7.152541555668794	0.0	0.0	
15.406323824026604	7.721313477271489	0.0	0.0	
14.606553702127869	8.873970913920227	0.0	0.0	
15.474998725109291	10.483263582011404	0.0	0.0	
15.346791633256338	10.68729814495755	0.0	0.0	
14.639092498020267	11.880425227619437	0.0	0.0	
15.135750570173359	12.59673991033878	0.0	0.0	
14.684474165899365	13.621866025921733	0.0	0.0	
15.195645941200397	14.657472013972972	0.0	0.0	
15.20774726124481	16.24797241647962	0.0	0.0	
15.20193089587336	17.400260502893108	0.0	0.0	
15.250684828860877	18.437048998216518	0.0	0.0	
15.292010724836768	19.321352381580283	0.0	0.0	
15.198937972906071	20.372180236482183	0.0	0.0	
14.689373390429992	21.421090888386207	0.0	0.0	
15.456294940805124	22.078835459432675	0.0	0.0	
15.364071620925209	23.185936543166726	0.0	0.0	
15.015443944203588	24.087952374624717	0.0	0.0	
15.082087190844327	25.0702021137149	0.0	0.0	
14.899291601178497	25.765488182345	0.0	0.0	
14.779626202766673	26.749205933835047	0.0	0.0	
15.403514932746509	27.965769103029952	0.0	0.0	
14.784031706486346	28.892985196337037	0.0	0.0	
15.417830196931186	29.698450677226006	0.0	0.0	
14.653432093866712	30.55456894989011	0.0	0.0	
15.763683436689428	0.05845562652823344	0.0	0.0	
15.731374455895034	1.234829939892785	0.0	0.0	
16.141296934848366	2.1925175833305746	0.0	0.0	
16.476265726640403	2.8184170671049094	0.0	0.0	
15.928566042694188	3.8081910216099497	0.0	0.0	
15.690429986233003	5.343392557132878	0.0	0.0	
15.669553665149628	6.080431334637798	0.0	0.0	
16.4156065372823	7.229147645431052	0.0	0.0	
16.451284870147337	7.635996773133059	0.0	0.0	
15.680474097565387	8.507743332029152	0.0	0.0	
15.719494330688713	10.401257205235748	0.0	0.0	
16.37609683232099	10.96057031766808	0.0	0.0	
16.026365581777846	12.382045645299538	0.0	0.0	
15.522014409313742	12.636285726756132	0.0	0.0	
15.716841534706743	13.757492943278784	0.0	0.0	
16.058907828339258	14.902153134684095	0.0	0.0	
15.71275186758752	16.020127850784572	0.0	0.0	
15.664655622887018	17.11446473617549	0.0	0.0	
16.290280577479404	18.34022487498699	0.0	0.0	
15.87168872019218	19.284079722566545	0.0	0.0	
16.19818585596526	20.179989423917686	0.0	0.0	
15.805732268108308	21.149692907069348	0.0	0.0	
15.866937363044304	21.517742251335296	0.0	0.0	
15.800687183755278	23.092704139223258	0.0	0.0	
16.070835939912186	24.46558514538003	0.0	0.0	
15.824555625295291	25.142882208203968	0.0	0.0	
16.258606591055287	26.19718205397302	0.0	0.0	
15.535531394221287	26.764849408146723	0.0	0.0	
15.505128288026805	27.623787426050853	0.0	0.0	
16.276490204595092	29.25645016183556	0.0	0.0	
15.90092698269058	29.881653861542386	0.0	0.0	
16.11692993680872	31.39921794401424	0.0	0.0	
17.307252708839798	0.27450083412413306	0.0	0.0	
16.83448797029716	1.0297744439038463	0.0	0.0	
17.024058159354524	2.2146921776042783	0.0	0.0	
17.357713564936176	3.464830697289575	0.0	0.0	
16.726250687297664	4.290268940491323	0.0	0.0	
16.879753629901856	5.298842410400572	0.0	0.0	
16.972549840751604	5.733184267384373	0.0	0.0	
17.4918610529999	6.613258765769567	0.0	0.0	
17.01588087759353	8.311889370771173	0.0	0.0	
17.10057595917469	8.601585110327823	0.0	0.0	
17.272963225294237	9.745744472416945	0.0	0.0	
17.00478835679324	11.41464755896654	0.0	0.0	
17.29448532252118	11.632003014650476	0.0	0.0	
16.61087605113312	13.235349750717987	0.0	0.0	
16.659832991149326	13.610857526903747	0.0	0.0	
16.55991604603424	15.271959111223019	0.0	0.0	
17.21434066858567	15.761409225254043	0.0	0.0	
17.355020947896165	16.81561526347014	0.0	0.0	
16.712397203376756	17.74134880914743	0.0	0.0	
17.246708848917166	19.290811056080273	0.0	0.0	
17.05260832175747	20.27797156826838	0.0	0.0	
16.823851526849612	20.919285368624173	0.0	0.0	
17.00326448977718	22.38946815679214	0.0	0.0	
16.74614190996494	22.74474754402054	0.0	0.0	
17.333991455010658	23.529451450762814	0.0	0.0	
16.94559719821105	25.032176106705155	0.0	0.0	
16.862252368721432	26.188730832860262	0.0	0.0	
17.22364260082526	26.53867605683417	0.0	0.0	
16.701143080598953	28.256155948073662	0.0	0.0	
16.827992985842272	29.187474715861526	0.0	0.0	
16.584852285506884	29.66845651305536	0.0	0.0	
16.608566373661866	31.441563607798365	0.0	0.0	
17.652040875065136	0.38025186891428664	0.0	0.0	
17.892755799819078	0.8081380476154125	0.0	0.0	
18.36360575299871	1.5332523747266187	0.0	0.0	
17.798140603870085	3.168926642311025	0.0	0.0	
17.865734003550592	4.47023258072352	0.0	0.0	
18.47352688263905	4.616772000899893	0.0	0.0	
18.06678565705865	6.3756260150932205	0.0	0.0	
18.374429165527967	7.182254056634973	0.0	0.0	
17.972546610368468	8.415447618111092	0.0	0.0	
17.918501225093816	9.146152855291982	0.0	0.0	
18.435436054568324	9.810699930646694	0.0	0.0	
18.187869852294956	10.877689689464189	0.0	0.0	
17.892178823396748	11.678787280938598	0.0	0.0	
18.04777695123076	13.07540788935876	0.0	0.0	
17.59476180517182	14.003504622059863	0.0	0.0	
17.641141442068474	15.364269023982184	0.0	0.0	
18.0241352601889	16.05677390781444	0.0	0.0	
17.516550419374564	17.099922225167788	0.0	0.0	
18.065084676125903	18.394707930321157	0.0	0.0	
18.02241148420576	19.311174923769713	0.0	0.0	
18.305733440919834	20.450671829835237	0.0	0.0	
17.756434421067443	20.77380160659932	0.0	0.0	
18.446940769468682	22.180150980763045	0.0	0.0	
18.30197858433564	23.094383375712752	0.0	0.0	
17.905601379004455	23.543268676007962	0.0	0.0	
18.263221045941318	25.013361637181443	0.0	0.0	
17.81160524403233	26.483819438818486	0.0	0.0	
18.128982311462043	27.44415911290916	0.0	0.0	
18.42655501862799	27.783863872543524	0.0	0.0	
18.148084316255456	28.847885356001743	0.0	0.0	
18.43355173956692	30.432295084679083	0.0	0.0	
17.529377130023104	30.586452254000935	0.0	0.0	
18.91864461618024	0.40332120765894597	0.0	0.0	
19.024625360374515	1.049058915331623	0.0	0.0	
18.628348935570127	2.3724834463017923	0.0	0.0	
19.27548802315647	3.164087228120768	0.0	0.0	
19.180231008968725	4.181998658886531	0.0	0.0	
18.802425644209094	5.272252411875565	0.0	0.0	
18.750331962651583	6.1204526177174605	0.0	0.0	
19.30973197761168	7.02735192002816	0.0	0.0	
18.933223661074404	8.456588803589309	0.0	0.0	
19.14393294782422	9.098157066853197	0.0	0.0	
19.13343280054066	10.451635257555335	0.0	0.0	
18.74256885269174	10.756783815643834	0.0	0.0	
18.628896915506274	12.487998818409666	0.0	0.0	
18.530725574362666	13.272719002249417	0.0	0.0	
18.57691962904125	14.481102720037438	0.0	0.0	
18.75138688803776	15.37688423047625	0.0	0.0	
19.162497756781963	15.911370174901618	0.0	0.0	
18.938706512151235	16.70660597572015	0.0	0.0	
19.293072149141338	18.271992781153205	0.0	0.0	
18.55579356522863	18.567791255687283	0.0	0.0	
18.53142040036274	19.535237180770448	0.0	0.0	
18.998614695626962	21.129355398837575	0.0	0.0	
19.284201200741954	22.355409242025782	0.0	0.0	
18.797071087151327	23.078048672346586	0.0	0.0	
19.459023895145904	24.005264980997953	0.0	0.0	
19.439834252828913	25.07430991718456	0.0	0.0	
19.045794235905255	25.56778421087562	0.0	0.0	
19.40262917405988	26.728065129678757	0.0	0.0	
18.561762254724176	27.941875957860923	0.0	0.0	
19.322929254084567	28.79401722998252	0.0	0.0	
19.30246467266275	29.522345694379624	0.0	0.0	
19.243062440837914	30.600506267175508	0.0	0.0	
19.90979560377737	0.2071727097591336	0.0	0.0	
20.190607376609776	1.299102985832027	0.0	0.0	
19.754321303651192	2.335231173526775	0.0	0.0	
19.5663204779755	3.413758637800619	0.0	0.0	
20.425011197046786	3.646019163779478	0.0	0.0	
19.940402408141498	5.02133416339506	0.0	0.0	
19.51617427374345	5.524639468710921	0.0	0.0	
19.719400970062587	7.417000364885773	0.0	0.0	
19.74620281302492	8.007807879190961	0.0	0.0	
20.10655002108382	9.034139944060627	0.0	0.0	
20.251717835787577	10.387903714470701	0.0	0.0	
20.359314841074234	11.380534181042984	0.0	0.0	
20.34102025683422	12.037752162493074	0.0	0.0	
20.114865611050757	13.239342899916824	0.0	0.0	
19.888565457276304	13.816333023438153	0.0	0.0	
19.920885648280844	15.197050782353815	0.0	0.0	
19.95985363903225	15.700411769003262	0.0	0.0	
20.12667058131148	16.901284911970265	0.0	0.0	
20.202623657188404	17.993499642905928	0.0	0.0	
19.73500695951173	19.42117060087946	0.0	0.0	
19.949358932518898	19.837975057909585	0.0	0.0	
19.808210440073147	20.809629497369514	0.0	0.0	
19.850155071296793	21.941831183284187	0.0	0.0	
20.42420359719095	23.276092815306612	0.0	0.0	
19.916287146734305	24.129298546961884	0.0	0.0	
19.792655131279087	25.159499707048322	0.0	0.0	
19.61010377204692	25.935855168137415	0.0	0.0	
19.58640018139387	27.24118967774841	0.0	0.0	
20.487910103316114	28.33089223768938	0.0	0.0	
19.859757267712638	29.498456494357377	0.0	0.0	
20.080473721054627	29.565012611186667	0.0	0.0	
19.668162802867798	31.46510261810669	0.0	0.0	
20.785637999593586	0.2809619959000458	0.0	0.0	
21.265312191798724	0.7946549568197157	0.0	0.0	
20.902852266620886	2.0317857896683256	0.0	0.0	
21.071452261016184	2.8419810959621845	0.0	0.0	
21.107958156710467	4.142654133247581	0.0	0.0	
20.716166720229182	4.6151201461852525	0.0	0.0	
20.529574464954074	6.070964192237442	0.0	0.0	
21.41863387386145	7.2859735058763	0.0	0.0	
20.788333911561555	8.08756361078448	0.0	0.0	
21.461351846494487	9.367758917770336	0.0	0.0	
20.511785519380787	10.100852574513654	0.0	0.0	
20.612880551659725	10.918511733921218	0.0	0.0	
20.989724180466883	12.017185321162792	0.0	0.0	
21.06189221313064	13.305515684409364	0.0	0.0	
21.441030612923623	14.283456783901197	0.0	0.0	
20.824849120948407	15.471852609895905	0.0	0.0	
20.993088226551304	16.175196797473774	0.0	0.0	
20.773404930348708	17.36252635759684	0.0	0.0	
21.230517643833803	17.549470005849127	0.0	0.0	
20.866647596425988	19.105532751456646	0.0	0.0	
20.941866286914276	19.732582529986555	0.0	0.0	
21.498394687602385	20.79684332180926	0.0	0.0	
21.403708619206387	22.37132442938679	0.0	0.0	
21.05492949432283	22.56304594070393	0.0	0.0	
20.697919492515123	23.956569378082737	0.0	0.0	
20.597407010380323	25.38941603950736	0.0	0.0	
21.410357096285864	25.9881102339573	0.0	0.0	
20.63164828637208	26.757846630464133	0.0	0.0	
20.962238078470264	28.156283507580568	0.0	0.0	
20.76464042395807	28.92544582225171	0.0	0.0	
20.80514838680823	30.430930391192316	0.0	0.0	
20.550285134496857	31.139016615710673	0.0	0.0	
22.0286800661777	0.08452427703321952	0.0	0.0	
22.13610648815598	1.21258252766214	0.0	0.0	
22.382424902492254	1.7793945023438638	0.0	0.0	
22.03761249424628	3.000814644441701	0.0	0.0	
22.13364488315247	4.170133218990677	0.0	0.0	
22.23442770243879	4.892804247918208	0.0	0.0	
22.458284318412392	6.484418508437974	0.0	0.0	
22.235136122585292	6.684222474157622	0.0	0.0	
21.960698077663775	7.632209763304235	0.0	0.0	
21.726001722202316	9.134135200716067	0.0	0.0	
22.10948613821967	10.425361362379226	0.0	0.0	
22.49047867695267	11.448127688899385	0.0	0.0	
22.420304448276813	12.110390558653437	0.0	0.0	
21.530914550360087	13.314972789950268	0.0	0.0	
22.473321985802095	13.970608177845868	0.0	0.0	
21.992683570128516	14.932051293246936	0.0	0.0	
21.605871561691366	16.371298966827148	0.0	0.0	
21.8925852948993	16.903769598739693	0.0	0.0	
21.8479948373319	17.807092518027332	0.0	0.0	
22.352003806038482	18.961592634031504	0.0	0.0	
21.88656118230045	20.0531298114638	0.0	0.0	
21.902163332387516	20.95962273941804	0.0	0.0	
22.150523810026232	22.15910984333701	0.0	0.0	
21.78627389903999	22.538586164763895	0.0	0.0	
22.406917160208565	23.845972313402203	0.0	0.0	
21.75011130164737	24.95835993882133	0.0	0.0	
22.188435782180235	26.01434822244761	0.0	0.0	
22.16925454787804	27.288461418748714	0.0	0.0	
21.77806952627091	27.890259996791162	0.0	0.0	
21.89547957663816	29.34025125837201	0.0	0.0	
22.08280673136076	29.90558251105159	0.0	0.0	
21.55499758858345	31.40428091520262	0.0	0.0	
23.43062567466297	0.19745500816169492	0.0	0.0	
22.68084758030386	1.450886903359474	0.0	0.0	
23.39293429629609	1.6428375248830565	0.0	0.0	
22.623208187203172	3.443770936058749	0.0	0.0	
22.6996673640772	3.539858155979412	0.0	0.0	
22.618633922533242	4.755716914124582	0.0	0.0	
23.378619640468322	5.712289013402151	0.0	0.0	
22.634735205396748	7.2940304771839	0.0	0.0	
23.310029321976838	7.535790920867945	0.0	0.0	
22.511844868303747	8.943500594105137	0.0	0.0	
22.75492670167876	9.837986576709712	0.0	0.0	
22.933848907470278	11.04507894328206	0.0	0.0	
23.445908355798473	12.157499826383482	0.0	0.0	
23.203817083792835	12.51130130087334	0.0	0.0	
22.595405158428484	14.493168269102094	0.0	0.0	
23.221529674775194	14.811259638540426	0.0	0.0	
23.200229790406716	15.792084771271151	0.0	0.0	
23.243271921667997	16.571986268200437	0.0	0.0	
22.530333924038274	18.408933454113946	0.0	0.0	
23.079464931456958	18.53011521214117	0.0	0.0	
23.15148485133766	19.816376730794097	0.0	0.0	
22.57329127950567	20.541341764267635	0.0	0.0	
22.95512935663391	21.950993506373884	0.0	0.0	
23.206359476894153	22.906188553994497	0.0	0.0	
23.23444487040021	24.368798066633346	0.0	0.0	
23.448000653109915	24.710525600875986	0.0	0.0	
22.74580900074934	25.863951103800026	0.0	0.0	
22.91320068731214	27.152537110654553	0.0	0.0	
23.004742779257256	28.25380483452693	0.0	0.0	
22.72294007646441	29.44245356221059	0.0	0.0	
22.969120468568754	30.015472673182863	0.0	0.0	
23.056011305638453	30.53930833927866	0.0	0.0	
23.66337747867307	0.11438616891711528	0.0	0.0	
24.18400459725519	0.5497269489032363	0.0	0.0	
23.97926628909812	2.26324158220467	0.0	0.0	
23.62864921069398	3.471605125737314	0.0	0.0	
24.41091633707839	3.740458418348352	0.0	0.0	
24.275257011471815	4.57111634783401	0.0	0.0	
24.010867939194547	5.50646926688156	0.0	0.0	
23.556309287636843	6.798351820864965	0.0	0.0	
24.23166785383406	8.281717238693354	0.0	0.0	
24.23636828451535	8.937269401364299	0.0	0.0	
23.603318449001375	10.342001397405589	0.0	0.0	
24.425296340003126	11.030697730085281	0.0	0.0	
24.2024204891918	11.919671794660607	0.0	0.0	
24.472131142113447	12.86900267256877	0.0	0.0	
24.085864858222926	14.435320651586931	0.0	0.0	
23.720196735124063	14.992199569168436	0.0	0.0	
23.855639775691557	15.688709743881363	0.0	0.0	
23.994160957802325	17.244424823564486	0.0	0.0	
24.453974190295785	17.623235241494985	0.0	0.0	
23.826786426915717	18.94220083440849	0.0	0.0	
24.353439311106914	20.157357203894083	0.0	0.0	
23.543350181251938	20.85412742920586	0.0	0.0	
24.114895369091677	22.316781975569686	0.0	0.0	
24.129472733589736	22.688939245607806	0.0	0.0	
23.84652642934869	23.545832570740494	0.0	0.0	
23.743269860564503	25.24200935703152	0.0	0.0	
24.081182700196354	26.461838440551897	0.0	0.0	
23.782311179884786	27.25562984879695	0.0	0.0	
24.465975860579253	28.479630337055816	0.0	0.0	
23.697692761705504	29.25189546809463	0.0	0.0	
24.215202379413117	29.535741359045456	0.0	0.0	
23.764534704959896	31.161721933459905	0.0	0.0	
25.448990972941193	0.04638163520873528	0.0	0.0	
25.01395755108064	0.8609155316512814	0.0	0.0	
25.441240386659853	1.9379505104075045	0.0	0.0	
24.82815250233301	3.4373251666411244	0.0	0.0	
25.4463176233998	4.476220892552575	0.0	0.0	
24.6871250430588	5.220161144724767	0.0	0.0	
25.247098643051615	6.327403149519193	0.0	0.0	
24.533274519566227	7.403972680522784	0.0	0.0	
25.458718675899984	8.425716284555357	0.0	0.0	
24.965173137807607	9.04180297697093	0.0	0.0	
24.99487219980122	9.671064665204991	0.0	0.0	
24.802858750633337	11.069439127307483	0.0	0.0	
25.130095528905276	12.287570401884247	0.0	0.0	
24.817269499414053	12.500183998815086	0.0	0.0	
24.828895349519815	13.801377507148871	0.0	0.0	
25.118084315902657	14.990058607570768	0.0	0.0	
25.109331284905515	15.500629818298403	0.0	0.0	
25.19901263015813	17.242613398188297	0.0	0.0	
24.73083248699158	18.097697265046328	0.0	0.0	
25.42007699884489	19.175376259092086	0.0	0.0	
25.26457964400037	20.110949128427283	0.0	0.0	
24.577376099571726	20.668866646383776	0.0	0.0	
25.353461192715933	21.809448912711332	0.0	0.0	
24.514340534261432	22.795929984411146	0.0	0.0	
24.56230448411655	24.44999601654154	0.0	0.0	
24.793747950579963	24.616501264702038	0.0	0.0	
25.38007983484435	25.88460582269213	0.0	0.0	
25.167680313508814	26.648105703128543	0.0	0.0	
25.393853544887165	28.027599995259507	0.0	0.0	
25.386033157470074	28.70843945854021	0.0	0.0	
25.011517720114096	30.187250142589015	0.0	0.0	
24.855039926462013	30.895703423312128	0.0	0.0	
26.472789774105266	0.08705542781703968	0.0	0.0	
25.71251627021287	0.5204701206872031	0.0	0.0	
26.061395026671814	1.741710874377755	0.0	0.0	
25.648122033923396	2.6747065424146967	0.0	0.0	
25.519801711164437	3.8834715637871478	0.0	0.0	
26.31429956845162	4.903550446146873	0.0	0.0	
26.285078485977934	6.231566317667197	0.0	0.0	
26.129700276981872	7.285301276980571	0.0	0.0	
26.199256044465187	7.5316360662113695	0.0	0.0	
25.895312772532773	8.9093158748455	0.0	0.0	
26.274454810483157	9.77790694811635	0.0	0.0	
26.276713853940645	10.583117803040166	0.0	0.0	
26.05131003650873	11.677053780064483	0.0	0.0	
26.426803999706543	13.115227166633128	0.0	0.0	
26.193849519975217	14.317758634418349	0.0	0.0	
26.427893426236096	15.479173444953197	0.0	0.0	
26.024465468727005	15.672313925464579	0.0	0.0	
26.37044190295144	16.975449719444434	0.0	0.0	
25.6941242731643	17.525866616339776	0.0	0.0	
26.067059053132617	19.43971272678107	0.0	0.0	
26.234907033895087	20.052428197736518	0.0	0.0	
26.112545028819653	21.046365523636858	0.0	0.0	
25.816782690455266	21.726033545560746	0.0	0.0	
25.747325084287844	22.7032527760869	0.0	0.0	
25.818016681783043	23.742707743087763	0.0	0.0	
26.498184980945755	25.05503457837606	0.0	0.0	
26.087591652306767	26.051731096315855	0.0	0.0	
25.87359750307015	26.794481074403155	0.0	0.0	
26.047839629434336	28.071734193546547	0.0	0.0	
25.559754593144017	29.371769163165183	0.0	0.0	
25.755362506768222	29.976143712239306	0.0	0.0	
25.67955181992347	30.570625375092575	0.0	0.0	
26.94076928459475	0.230325718290747	0.0	0.0	
26.67014293675131	1.4227856964514718	0.0	0.0	
27.142817791264385	1.9883742770749757	0.0	0.0	
27.1542097083561	2.9123683087368835	0.0	0.0	
26.74118169792307	4.370694049608142	0.0	0.0	
26.660492789223895	4.949194060313555	0.0	0.0	
27.2353619856939	6.200342939053485	0.0	0.0	
26.917749080159467	6.612980222829213	0.0	0.0	
26.948039837552468	8.339180258595812	0.0	0.0	
27.39778681426963	8.920346331886526	0.0	0.0	
27.447819770528028	10.361688791743545	0.0	0.0	
27.465966043789177	11.274761916370407	0.0	0.0	
26.875464262076402	11.550367455818197	0.0	0.0	
26.940872344416636	12.726647025647953	0.0	0.0	
26.804552754118266	14.28583864158569	0.0	0.0	
26.73491993691249	14.61746361709254	0.0	0.0	
26.603255502774765	16.28440459965226	0.0	0.0	
26.664476958718616	16.677234188557684	0.0	0.0	
27.447899875001383	18.136535863964358	0.0	0.0	
27.20712217026369	19.34582176075699	0.0	0.0	
26.59500788343013	20.30223237920479	0.0	0.0	
27.088322570258395	20.828366412851686	0.0	0.0	
27.387282104564953	22.343069886967317	0.0	0.0	
26.580150145493075	23.27759786815598	0.0	0.0	
27.02208150129775	23.936866701784826	0.0	0.0	
26.5524788827151	24.622607918449	0.0	0.0	
26.627143842093517	25.54117409407708	0.0	0.0	
27.425048250406793	27.403027683864014	0.0	0.0	
27.22422610319394	27.740171082832955	0.0	0.0	
26.90973311725288	29.458007488962107	0.0	0.0	
26.617921202781663	29.542340609739743	0.0	0.0	
27.47924167492222	31.034913201266527	0.0	0.0	
27.635085776006854	0.4422308716041613	0.0	0.0	
28.041449919346785	1.0413203897047922	0.0	0.0	
28.42668051649705	1.6323779013099362	0.0	0.0	
27.71560833584899	2.537886270196161	0.0	0.0	
28.455245585061427	4.263380926036796	0.0	0.0	
27.892387387178985	4.734285058579012	0.0	0.0	
27.76464469297192	5.765487904923729	0.0	0.0	
28.248642817568467	7.164134011947924	0.0	0.0	
28.43660294471283	8.476810818349133	0.0	0.0	
28.280224898232365	8.579749044054605	0.0	0.0	
27.911793374798492	9.840291507983853	0.0	0.0	
28.195008764618382	11.481335613323521	0.0	0.0	
28.497055424566557	11.88063693436706	0.0	0.0	
28.03145745886301	12.986837824414504	0.0	0.0	
27.547640023610878	14.39187012044786	0.0	0.0	
27.548415138292658	14.563597751417534	0.0	0.0	
27.570575329563052	15.6603172953724	0.0	0.0	
27.65887233095086	16.73017107493641	0.0	0.0	
28.15221075504849	18.39757157016876	0.0	0.0	
27.652923364797633	18.578207079884567	0.0	0.0	
27.932850770004652	20.324006955485483	0.0	0.0	
28.27112222559384	21.118248345794097	0.0	0.0	
28.016605008066463	22.24041070079271	0.0	0.0	
28.18392979415268	22.60982877147006	0.0	0.0	
27.710625403169708	23.748738453785073	0.0	0.0	
27.89765378841898	24.75122744657788	0.0	0.0	
28.3661939884906	25.541698711706346	0.0	0.0	
27.829361148927863	27.209117329010343	0.0	0.0	
27.738689038004374	27.966176926188602	0.0	0.0	
27.875170399388104	28.798708936525774	0.0	0.0	
28.481908516208755	30.21991486656356	0.0	0.0	
27.719584467773387	30.573387534954428	0.0	0.0	
28.83218531503743	0.19669275738450687	0.0	0.0	
29.208011241261165	0.7601307454813095	0.0	0.0	
28.59914915592333	1.5326953690494352	0.0	0.0	
29.084987750334403	3.277170450565251	0.0	0.0	
29.341448365099644	4.107174935918588	0.0	0.0	
29.493771374830143	4.947601769154607	0.0	0.0	
28.872935294419893	6.15388817064974	0.0	0.0	
29.475635332524014	6.752724798580704	0.0	0.0	
28.82312631366197	8.080375384456858	0.0	0.0	
28.879968551281074	8.842370125935503	0.0	0.0	
28.62640482644794	10.164423114858998	0.0	0.0	
28.930575424533465	11.314615351362605	0.0	0.0	
28.850198323027303	12.137449101362009	0.0	0.0	
28.87229674416495	13.013116453336163	0.0	0.0	
28.982494354099654	13.572712499386636	0.0	0.0	
28.616748373824457	14.87611139300137	0.0	0.0	
28.735368069513175	15.98272002371685	0.0	0.0	
29.227898015646996	17.475614293046334	0.0	0.0	
29.26130726956729	17.922939399330307	0.0	0.0	
28.95187176564975	19.06594681728938	0.0	0.0	
29.29770456007261	19.582684803619735	0.0	0.0	
29.012920882017966	21.233578505232316	0.0	0.0	
28.57580027073826	21.792240227801187	0.0	0.0	
29.17466504126876	23.245768259119888	0.0	0.0	
28.97234169388129	24.18211361545538	0.0	0.0	
28.96713900618934	24.687462976046934	0.0	0.0	
28.645598543827415	26.461899871561638	0.0	0.0	
28.556476562285578	27.447255855979815	0.0	0.0	
28.826447270329137	27.839420497089307	0.0	0.0	
28.78169202228623	29.137532961541794	0.0	0.0	
29.05612046976025	29.97165090442545	0.0	0.0	
28.67840310964495	30.647296810559663	0.0	0.0	
29.60307958836842	0.42491948524862677	0.0	0.0	
30.381721789023022	0.8582467287145555	0.0	0.0	
29.897361259008527	1.965014963439637	0.0	0.0	
30.01197830179724	3.3476950455283054	0.0	0.0	
30.081318622417875	4.055167399344865	0.0	0.0	
30.05996961919513	4.556136376331926	0.0	0.0	
30.423960323256082	6.466844131175353	0.0	0.0	
30.29742668225919	7.236194499209889	0.0	0.0	
29.91129783423493	7.610948680638979	0.0	0.0	
29.960822762644476	9.22478098565598	0.0	0.0	
30.148929912789274	10.452259127085933	0.0	0.0	
30.088363780441828	10.501942878232782	0.0	0.0	
29.712118340159023	11.803786111092203	0.0	0.0	
29.953955575821066	13.454674785168596	0.0	0.0	
30.051255735397934	13.672309814131015	0.0	0.0	
29.58483756996226	15.49852714120856	0.0	0.0	
29.63007641913814	15.55944509167481	0.0	0.0	
30.47069566400478	17.108479196282765	0.0	0.0	
29.810059951559122	18.40167371986788	0.0	0.0	
30.479027319364747	18.827395291646717	0.0	0.0	
30.23980933757607	20.325192089411512	0.0	0.0	
29.827592381110165	20.856886159390022	0.0	0.0	
29.57600093893894	21.635173346715064	0.0	0.0	
29.921752958141564	22.86436732139026	0.0	0.0	
30.091209910309434	24.410495756939888	0.0	0.0	
29.722200688096077	25.487194215994023	0.0	0.0	
29.892931403807385	25.558117549006816	0.0	0.0	
30.231790951057192	27.23681278897672	0.0	0.0	
30.309250341949006	27.60371853709277	0.0	0.0	
30.197180503818327	29.36833693259089	0.0	0.0	
29.661786515701206	30.00643555119565	0.0	0.0	
30.306794723474898	31.146100822146874	0.0	0.0	
31.207512872419265	0.40583524620697387	0.0	0.0	
30.976006555629148	0.9475960819277824	0.0	0.0	
30.994740687973078	1.6242999935677187	0.0	0.0	
31.161215781546982	3.0277471116347003	0.0	0.0	
30.722811815351804	3.647560630286411	0.0	0.0	
31.27420489660441	5.145874741080137	0.0	0.0	
31.02103384301592	6.426842719546512	0.0	0.0	
30.737907856897433	6.726606069299958	0.0	0.0	
30.941912959288125	7.851476049938475	0.0	0.0	
31.38605586698618	9.011038206948681	0.0	0.0	
30.501089164290743	9.865329041879091	0.0	0.0	
30.95261294939559	11.3792013004785	0.0	0.0	
31.23819670615004	12.149518395733825	0.0	0.0	
31.498511487240584	12.749470319443644	0.0	0.0	
30.577653521644315	14.005627443595497	0.0	0.0	
31.204003811363204	15.006630456405558	0.0	0.0	
31.005234455964423	16.16723487092328	0.0	0.0	
30.811745057673924	16.503051244203526	0.0	0.0	
31.14949655189915	17.975730880459214	0.0	0.0	
30.506889804616456	18.899330412438736	0.0	0.0	
31.438474754593496	19.617847748186865	0.0	0.0	
30.500796960600695	20.597595712566005	0.0	0.0	
31.332961062364543	21.7537605680814	0.0	0.0	
30.522449162026273	23.48797384305676	0.0	0.0	
31.273871557313296	24.212467094712284	0.0	0.0	
31.419881805269526	25.418416839192968	0.0	0.0	
31.14471818714266	25.82311712937996	0.0	0.0	
31.009960373529218	27.167359459487184	0.0	0.0	
31.03170454471503	27.94134013466153	0.0	0.0	
31.33587602317176	28.94025742519583	0.0	0.0	
31.47254411545834	30.264273438572733	0.0	0.0	
30.930007445341552	30.930762101615997	0.0	0.0	
