2
32.0	0.0	0.0	0.0	
0.0	32.0	0.0	0.0	
0.19871060863905687	0.2174210014920992	0.0	0.0	
0.11265051870955944	1.187291917291771	0.0	0.0	
0.0691842341940675	2.147453638406476	0.0	0.0	
0.08303020011370688	3.2691120927431054	0.0	0.0	
0.054270820266403286	3.8237512492635473	0.0	0.0	
0.036009170482030006	4.577301196564943	0.0	0.0	
0.45802037266340967	6.484501472783616	0.0	0.0	
0.18623761223949786	6.592712236284009	0.0	0.0	
0.38939843866472523	8.203339339452059	0.0	0.0	
0.09093684543997138	9.465212191296505	0.0	0.0	
0.2993139569974289	10.146614267955151	0.0	0.0	
0.353395966860229	10.971680692527846	0.0	0.0	
0.08972747455990016	12.073718292590817	0.0	0.0	
0.20759476197335924	13.395798758447143	0.0	0.0	
0.4651486713977898	14.15273381656792	0.0	0.0	
0.018428737678173657	15.469186259277969	0.0	0.0	
0.03387691697062789	16.240086358419564	0.0	0.0	
0.28594045369285115	17.16767304825902	0.0	0.0	
0.38353981520611335	18.100379571363668	0.0	0.0	
0.25089807039117706	19.38459741519383	0.0	0.0	
0.19227847982335577	19.983621504016185	0.0	0.0	
0.37547181016468434	21.407185675977708	0.0	0.0	
0.4467119819716846	22.33721244041573	0.0	0.0	
0.29510360782090883	23.244452423517906	0.0	0.0	
0.10854541416221974	24.07128210565619	0.0	0.0	
0.43336223244889904	24.759379464636165	0.0	0.0	
0.3939622174624843	25.65640323143361	0.0	0.0	
0.13131973962486143	26.64938099683315	0.0	0.0	
0.3281347670687428	28.125455306860292	0.0	0.0	
0.3957221223376143	28.9122296152231	0.0	0.0	
0.4568796288224888	30.091527845319884	0.0	0.0	
0.4138368498380245	31.258643099813014	0.0	0.0	
0.5052458476239737	0.39556897011960657	0.0	0.0	
1.1349123845248692	0.8465744044916078	0.0	0.0	
1.4876990854548078	1.684230007814202	0.0	0.0	
1.0840347387080818	2.522771001122308	0.0	0.0	
1.4001435735297005	3.7808281428949932	0.0	0.0	
0.6544120457876825	4.86854893324948	0.0	0.0	
0.6006144679270822	5.8336538618032705	0.0	0.0	
1.104289253754332	6.619401023640396	0.0	0.0	
0.5377463612666091	8.195604052662691	0.0	0.0	
1.2040082688482228	8.598961784148312	0.0	0.0	
1.4604041964176848	10.318419648068524	0.0	0.0	
1.0906552672675511	11.477853308855943	0.0	0.0	
1.1491701615905754	11.504449403046417	0.0	0.0	
0.5985556626799909	13.473596368057425	0.0	0.0	
1.2150786059538659	14.21905726284377	0.0	0.0	
1.3957458493035562	15.47373323579757	0.0	0.0	
0.6335165793787967	16.411691623094736	0.0	0.0	
0.7480096628543056	16.62527435599044	0.0	0.0	
1.0693203942330367	18.234728608824614	0.0	0.0	
1.1407791001526326	19.110181153950077	0.0	0.0	
0.8587715095637044	20.323508781653942	0.0	0.0	
0.6368995301609851	20.632438207792898	0.0	0.0	
0.573116081778437	21.69062717253706	0.0	0.0	
1.2577831238821833	23.376078213349853	0.0	0.0	
1.3531896457542198	24.00909294003577	0.0	0.0	
0.9443529344693059	24.86742427883087	0.0	0.0	
0.8216212955035787	25.640141687532378	0.0	0.0	
0.5661167634661929	26.808545518221333	0.0	0.0	
0.8315609961063449	27.81443012446436	0.0	0.0	
1.1977992489329874	28.8579340678516	0.0	0.0	
1.1087742827977625	30.448690550424807	0.0	0.0	
0.6284973958127932	31.221281518354516	0.0	0.0	
1.672764463337098	0.36047847404161726	0.0	0.0	
2.2796768904932794	0.6169113975567471	0.0	0.0	
1.5804320762478397	2.132896757587772	0.0	0.0	
2.4803895481121976	3.4282719789306846	0.0	0.0	
2.2523256112919237	3.61467841932006	0.0	0.0	
2.1613754787776602	4.642258199741484	0.0	0.0	
1.6821360987740426	5.828753497164639	0.0	0.0	
1.9141783966834112	7.461671507879127	0.0	0.0	
2.109590376055787	8.386418495088266	0.0	0.0	
2.226031977818177	8.505874265179349	0.0	0.0	
1.7843990190363783	9.848926934339099	0.0	0.0	
1.5810685282019175	11.083344348813869	0.0	0.0	
2.442226398185404	12.461108085245359	0.0	0.0	
1.520377163394645	12.743309953884983	0.0	0.0	
2.4130984583382804	13.613559406281178	0.0	0.0	
1.7079087610355024	15.499705811478714	0.0	0.0	
1.9157931617058521	16.333887067949714	0.0	0.0	
1.571061193386844	17.486685924767443	0.0	0.0	
2.1993376817341184	17.815608231843616	0.0	0.0	
2.3673689195913763	19.409682119100232	0.0	0.0	
1.6223405839021892	20.017477234711873	0.0	0.0	
1.5285058895746335	21.35755263572607	0.0	0.0	
1.7263360975848432	21.957765235189946	0.0	0.0	
1.881411851503957	22.815304637566644	0.0	0.0	
2.4213105966359487	24.498879869711264	0.0	0.0	
2.2839011732533665	25.006419774460763	0.0	0.0	
1.8244555337464465	26.312907358656815	0.0	0.0	
1.8428843200483715	26.95500145212364	0.0	0.0	
2.2074555933695637	28.434604936098943	0.0	0.0	
2.377485999566012	28.56772001717137	0.0	0.0	
2.0101297362731914	30.004435035178737	0.0	0.0	
2.3694024865879806	31.19404030010945	0.0	0.0	
3.394066940783194	0.2661475292823524	0.0	0.0	
3.303087109173076	1.2037703195372005	0.0	0.0	
2.612306529506623	1.599606244174266	0.0	0.0	
3.276192571708679	3.460797844548278	0.0	0.0	
3.4714915989361557	3.7035933837704067	0.0	0.0	
3.2784172585285623	5.32959577719777	0.0	0.0	
2.772101795882667	5.8789573766780725	0.0	0.0	
3.218369200722794	7.01440363324785	0.0	0.0	
3.4452865376541615	7.761059661306868	0.0	0.0	
2.811033398922087	9.020432074384269	0.0	0.0	
3.49224542774215	10.18255309916951	0.0	0.0	
3.367942823501134	10.986281708514246	0.0	0.0	
2.79170108016411	11.933099484291306	0.0	0.0	
2.669121216755599	12.562610502212047	0.0	0.0	
3.144696395666412	14.327182532413435	0.0	0.0	
2.8342905434061625	15.082290997335587	0.0	0.0	
3.338086563026068	15.613952927193381	0.0	0.0	
3.0981468503684315	16.991131179661107	0.0	0.0	
2.6288277855921587	17.723364175846093	0.0	0.0	
2.8760131696485898	18.623339990622135	0.0	0.0	
3.4977396573184056	20.345890270184615	0.0	0.0	
2.867946478011551	21.208406380400028	0.0	0.0	
3.444558995200257	22.30409950086163	0.0	0.0	
2.7261215507655434	22.875508452869223	0.0	0.0	
2.713963768660592	23.660999334115775	0.0	0.0	
3.36280619418696	25.2541808325972	0.0	0.0	
2.8923646740380837	26.137920612440276	0.0	0.0	
3.4541864907013435	27.141871054573375	0.0	0.0	
2.9704106832856105	28.219647429941418	0.0	0.0	
3.32520503937589	29.00779663762806	0.0	0.0	
2.741780157002227	29.669072970085487	0.0	0.0	
2.6855323028158367	31.24720943310165	0.0	0.0	
4.440663154794293	0.4013541516256268	0.0	0.0	
4.411570072966438	0.6793614869366166	0.0	0.0	
4.123738953340984	2.2046405702788068	0.0	0.0	
4.042594381651096	2.5404563040325736	0.0	0.0	
3.6846268576478782	3.8547246987814425	0.0	0.0	
4.405375880210807	4.528742101016919	0.0	0.0	
3.9432123390003158	6.007947159590039	0.0	0.0	
3.7198883637827462	6.994811821153569	0.0	0.0	
3.501383020670606	8.07421052086082	0.0	0.0	
3.6598467784742645	8.642788875631565	0.0	0.0	
3.9584445354872018	10.333136751009732	0.0	0.0	
4.207272992376995	11.102741359827906	0.0	0.0	
3.912710734737888	12.365551066992623	0.0	0.0	
4.299899564808694	13.458220469125934	0.0	0.0	
4.342225087025734	13.6196864632721	0.0	0.0	
4.288220093134541	14.948131916187906	0.0	0.0	
3.9836730096641606	16.27055480359267	0.0	0.0	
3.892105652799704	16.589019725522572	0.0	0.0	
3.5314647802668695	18.240087066016724	0.0	0.0	
4.024456109508522	19.34470926894588	0.0	0.0	
3.791315037315191	19.764457901304535	0.0	0.0	
3.6996285381492875	20.801027392587944	0.0	0.0	
3.7179950909121384	21.524675170090852	0.0	0.0	
4.429610750843721	23.3422562334009	0.0	0.0	
4.193598237935018	24.22757469622272	0.0	0.0	
4.432456069970125	24.994707043480176	0.0	0.0	
4.278876702758627	25.91779069297664	0.0	0.0	
4.103017782049657	26.662987230133037	0.0	0.0	
3.5803560752085897	27.673905788154983	0.0	0.0	
3.9291403463993184	28.88661219604938	0.0	0.0	
4.328804473848131	29.924404063712608	0.0	0.0	
3.7702607024592485	31.383374967727544	0.0	0.0	
4.849447311157916	0.23696724413023107	0.0	0.0	
4.712093956053108	1.2449711279962397	0.0	0.0	
5.312415253321786	1.5252953946211245	0.0	0.0	
4.778652024598615	2.6463306840030296	0.0	0.0	
5.498972579376807	3.9013912133543536	0.0	0.0	
5.237508620853795	5.245365064074692	0.0	0.0	
5.02933949252353	5.683492924831061	0.0	0.0	
4.837441275691044	6.7705011520456555	0.0	0.0	
5.361151377296684	8.465409988777088	0.0	0.0	
4.662521798527592	8.514721058427112	0.0	0.0	
4.780070974721946	10.389424475743715	0.0	0.0	
4.930829294573943	11.291572812254156	0.0	0.0	
5.2359311883132635	12.431178797839875	0.0	0.0	
5.353189815774474	12.787553669583131	0.0	0.0	
4.521711035855302	14.349620413608408	0.0	0.0	
5.212676140750511	14.850043214008686	0.0	0.0	
5.28248347632561	16.41561845981964	0.0	0.0	
4.647479727803793	17.268551723750278	0.0	0.0	
5.016164611817552	18.33616908406316	0.0	0.0	
4.662668256198118	18.776672232491244	0.0	0.0	
5.213864021755415	20.37917776370528	0.0	0.0	
5.121090786315201	20.978625350016166	0.0	0.0	
4.974231791169007	22.00543312235948	0.0	0.0	
5.00441868264481	23.150566662819703	0.0	0.0	
5.332942654677575	23.515178604140186	0.0	0.0	
4.997026006440632	24.675055767677566	0.0	0.0	
5.004637920512452	26.359093171050635	0.0	0.0	
5.175258033212321	26.681740525443757	0.0	0.0	
4.621182737565142	28.11147309169719	0.0	0.0	
5.371807858272747	28.81326771276953	0.0	0.0	
4.998903445665432	30.44213678453881	0.0	0.0	
5.14158107763438	30.511412925383812	0.0	0.0	
5.789797120288364	0.4642895230914784	0.0	0.0	
6.30983802516846	0.5385406798556406	0.0	0.0	
6.346962144498848	2.3862823062097154	0.0	0.0	
6.328482279889097	3.3654583257895214	0.0	0.0	
5.833614977372949	3.5125954981920238	0.0	0.0	
6.493201997643465	4.990843192960606	0.0	0.0	
6.11041788831785	5.85305652389053	0.0	0.0	
5.941051835786693	7.246413472004567	0.0	0.0	
5.7236176791331985	8.220567622581054	0.0	0.0	
5.804847386384517	9.420859279781876	0.0	0.0	
6.101913501969843	9.900147855061938	0.0	0.0	
5.837304919691737	10.989576999146598	0.0	0.0	
5.577142344249084	11.525229595160422	0.0	0.0	
5.931209739877243	12.994612846652094	0.0	0.0	
5.961293843661663	13.524541401400548	0.0	0.0	
6.48877505467629	14.626861861439501	0.0	0.0	
5.725833255758243	16.462260860687305	0.0	0.0	
5.834795911947458	17.426184488714444	0.0	0.0	
6.423001136949224	17.799135203212156	0.0	0.0	
6.207582411325082	19.446263306427795	0.0	0.0	
5.644866926822218	20.359383552703665	0.0	0.0	
5.78099223048108	20.75745318702916	0.0	0.0	
6.409207850570251	21.93439438870046	0.0	0.0	
6.12594551113504	23.076486107721415	0.0	0.0	
6.2314115928324085	24.36409174788695	0.0	0.0	
5.886592563875154	24.88188400142416	0.0	0.0	
5.95720706976511	26.081826950805887	0.0	0.0	
6.118889778397759	26.782781853833622	0.0	0.0	
6.458577081394424	27.7498843388329	0.0	0.0	
6.001208428663233	28.71471972340957	0.0	0.0	
5.649451021160134	29.89631912670179	0.0	0.0	
6.076491069889105	31.3202081027026	0.0	0.0	
6.768966875068944	0.05229082013580144	0.0	0.0	
6.960818754536015	0.5181843395505065	0.0	0.0	
7.324811529734708	2.3335641721195746	0.0	0.0	
6.9861419148272565	2.955246073058019	0.0	0.0	
7.404512263384015	3.5704997343156943	0.0	0.0	
7.068414470381373	5.0232926364252775	0.0	0.0	
6.8113596308268844	5.776454559573815	0.0	0.0	
7.391844964562324	7.186402963681842	0.0	0.0	
7.488673261689296	7.705772500342287	0.0	0.0	
6.565363812353691	8.707113655839214	0.0	0.0	
6.988938396666153	9.502131594790399	0.0	0.0	
7.055059977214592	11.172062141401096	0.0	0.0	
7.496747998943075	12.12488423701571	0.0	0.0	
7.321984022614753	12.851498526271776	0.0	0.0	
7.092429652056091	13.81318295210436	0.0	0.0	
7.212721143994255	14.593917722830735	0.0	0.0	
6.504413437598701	16.245778773946803	0.0	0.0	
6.704078361516011	17.490063652628226	0.0	0.0	
7.347723262297355	18.36418315518363	0.0	0.0	
6.988220947942001	19.178811712021893	0.0	0.0	
7.473860355465595	19.753017372143105	0.0	0.0	
7.039255996679643	20.956304332066914	0.0	0.0	
6.749456756264168	21.826887198555262	0.0	0.0	
7.106408866722584	23.415342270267125	0.0	0.0	
7.1694297819653245	23.534155146680554	0.0	0.0	
7.245701846078055	24.561185955032816	0.0	0.0	
6.866733107439447	26.060754593989582	0.0	0.0	
7.2290153432634074	27.16080022701615	0.0	0.0	
7.082723755030891	28.46337991454681	0.0	0.0	
6.612181676248512	28.68280555765662	0.0	0.0	
7.460023432486833	30.265021803301497	0.0	0.0	
6.906503641208483	31.26579559242431	0.0	0.0	
8.084287932548007	0.4062503828729891	0.0	0.0	
7.731436306542237	1.1827796059712838	0.0	0.0	
7.943831589190652	1.9536919817651919	0.0	0.0	
8.259548294891255	2.6680122679068	0.0	0.0	
7.5220959314801075	3.593541899639008	0.0	0.0	
8.256618892511153	5.022518085296929	0.0	0.0	
8.263922489384818	6.191498867266878	0.0	0.0	
7.863330351416023	7.140746752476517	0.0	0.0	
8.083616236250457	7.603924916918046	0.0	0.0	
8.006202714944202	9.437609174237627	0.0	0.0	
8.249082963611572	10.15764204021795	0.0	0.0	
7.78207587169774	10.987220290100856	0.0	0.0	
7.968419637873019	12.232781888826361	0.0	0.0	
7.561207576563017	12.733143319524302	0.0	0.0	
7.6604604434897015	14.143900260947227	0.0	0.0	
8.103631970631884	15.08920476329181	0.0	0.0	
7.917298286225684	16.28865560067298	0.0	0.0	
8.47331162037548	16.974498089486698	0.0	0.0	
7.568734620127033	18.25766916433053	0.0	0.0	
8.327611196849256	18.80883393262731	0.0	0.0	
7.563180908060891	19.783417946027743	0.0	0.0	
8.02521807836334	21.35709492408508	0.0	0.0	
7.582748782294378	22.378856641979247	0.0	0.0	
7.706658416810774	23.26740963837641	0.0	0.0	
7.952457879896941	23.76405400041166	0.0	0.0	
8.029912350614028	25.11188524756102	0.0	0.0	
8.021751047992883	26.18296132153905	0.0	0.0	
8.192979163059979	27.290486652897524	0.0	0.0	
8.148878414932794	28.465831132158158	0.0	0.0	
8.178373964614446	28.712718646027284	0.0	0.0	
7.58199106585576	30.085421392721113	0.0	0.0	
8.300716407031562	30.875965420165063	0.0	0.0	
9.153831290643284	0.4547997783353801	0.0	0.0	
8.83668924384587	0.6817865708295403	0.0	0.0	
9.049237839028544	1.6577181413692532	0.0	0.0	
9.443643836570478	3.4873566184632523	0.0	0.0	
9.190394062984478	3.5815391480972125	0.0	0.0	
8.542667519386164	4.647190191224874	0.0	0.0	
9.455105397795576	6.3710340989534515	0.0	0.0	
8.697663389118947	7.488275416485274	0.0	0.0	
8.57180912515295	7.779855073682717	0.0	0.0	
9.273668887596234	8.801625200150598	0.0	0.0	
9.050910577995056	10.28884791665744	0.0	0.0	
9.098664750360388	11.194586927201478	0.0	0.0	
8.58209670290665	11.955617585107968	0.0	0.0	
8.524709006196366	13.405604752603862	0.0	0.0	
8.570461775358797	13.845723571750087	0.0	0.0	
8.661671891042854	14.961845794472195	0.0	0.0	
8.860297594104793	15.674402511593131	0.0	0.0	
9.14491119225196	16.76469439165241	0.0	0.0	
8.779142303574744	17.760938341058385	0.0	0.0	
9.35237274645103	19.1123512779774	0.0	0.0	
8.600831049046564	19.528626634548417	0.0	0.0	
9.16702248230195	21.43426037337559	0.0	0.0	
8.744378131963874	22.165325811670062	0.0	0.0	
9.250202274723184	22.501187608237434	0.0	0.0	
8.708303841521797	24.02572867375982	0.0	0.0	
8.891983651209975	25.276522893187103	0.0	0.0	
8.881295171343913	26.12478116763404	0.0	0.0	
8.984325255151289	27.480541385420672	0.0	0.0	
8.585900202939273	27.68095025489338	0.0	0.0	
9.270711689393321	29.316980133856678	0.0	0.0	
8.820010850001267	29.892185290553325	0.0	0.0	
9.207141774279764	30.85486041408059	0.0	0.0	
9.896732590443074	0.3425517160290448	0.0	0.0	
10.33713756091079	1.0063063501464893	0.0	0.0	
10.14112962477587	2.368316988118022	0.0	0.0	
9.523732166225336	3.1247520887614693	0.0	0.0	
10.489581699000714	3.906668327646273	0.0	0.0	
9.852525734021018	4.647268978840316	0.0	0.0	
10.37859163529336	6.053270745430134	0.0	0.0	
10.347322718386653	7.376744134795439	0.0	0.0	
10.462877213965411	8.08837989533173	0.0	0.0	
9.558945680756011	8.518807855780784	0.0	0.0	
9.932089354872948	9.931260090068983	0.0	0.0	
9.782235380868372	11.263453535469932	0.0	0.0	
10.290793550995806	12.087012165585154	0.0	0.0	
10.08461879105656	12.622953699061439	0.0	0.0	
10.184901713112804	14.20184443120533	0.0	0.0	
10.114115253306798	14.741650632685259	0.0	0.0	
10.203954897989819	16.261804512162687	0.0	0.0	
10.108452273548036	17.275385905574424	0.0	0.0	
10.187281117880215	18.16102346685976	0.0	0.0	
10.034830102058825	19.079990987372444	0.0	0.0	
9.988379941118886	20.056999583037484	0.0	0.0	
9.646404052086394	20.99311918298991	0.0	0.0	
10.150587885275042	22.142591664911446	0.0	0.0	
10.334805424858258	23.3872122153851	0.0	0.0	
9.719950094609999	24.25771407588314	0.0	0.0	
10.074742249834133	24.921611532800757	0.0	0.0	
10.132707582741963	25.762480545357672	0.0	0.0	
9.876505533810443	26.958678507567743	0.0	0.0	
10.295846858361582	27.520796189938125	0.0	0.0	
10.236527911890693	28.650351909143872	0.0	0.0	
9.983680857746023	29.91491706359544	0.0	0.0	
9.650949014024766	30.86715922050595	0.0	0.0	
11.219848232899754	0.4144220309214749	0.0	0.0	
10.79461699001241	0.6453280353764935	0.0	0.0	
11.127771396544718	1.6089807969297762	0.0	0.0	
11.045916933434212	2.92126228252305	0.0	0.0	
10.747044106192194	4.44107886092185	0.0	0.0	
11.32634163711228	4.821438101676226	0.0	0.0	
11.136525193845067	5.8640999723480585	0.0	0.0	
10.629423928316765	7.102630957954286	0.0	0.0	
11.374655174307039	8.207008056211192	0.0	0.0	
10.651317839177679	8.52360599884297	0.0	0.0	
10.866881476622487	10.423643053498111	0.0	0.0	
10.875752675371723	11.197625439624254	0.0	0.0	
10.64772251021347	12.09706629606416	0.0	0.0	
11.349505665414625	13.391725459006588	0.0	0.0	
11.21935899673841	14.387436161529632	0.0	0.0	
11.369592302641255	14.996868499193578	0.0	0.0	
10.793970417928493	16.470907445458582	0.0	0.0	
10.75245502460967	16.809249867316446	0.0	0.0	
10.744062998139782	18.087940243871202	0.0	0.0	
10.851137450193656	18.80443105963631	0.0	0.0	
11.08111991326992	19.80852974533519	0.0	0.0	
10.729231474926609	20.511347011359753	0.0	0.0	
10.652374897769441	22.094036410696283	0.0	0.0	
11.092545045128485	23.071989636768283	0.0	0.0	
11.006338130476118	23.584367746121075	0.0	0.0	
10.600553599346807	25.446942472984702	0.0	0.0	
10.677847095083528	25.95266032986321	0.0	0.0	
10.73064931686011	27.286284234249237	0.0	0.0	
10.672324918303186	28.29201250852349	0.0	0.0	
11.376947186227431	28.844731782879638	0.0	0.0	
10.5019709982239	30.073871968528092	0.0	0.0	
11.44289633359182	30.816142310073108	0.0	0.0	
11.622051714200689	0.12397142095698854	0.0	0.0	
12.45541269956566	0.6374054441206907	0.0	0.0	
12.3989046714733	1.9810675851819615	0.0	0.0	
12.348481752638946	3.100461531201039	0.0	0.0	
11.991572573431617	4.24719643157599	0.0	0.0	
12.350494029471225	4.8860278195836875	0.0	0.0	
11.809208861162467	6.179016166781323	0.0	0.0	
11.708496800340853	6.936120074283355	0.0	0.0	
12.06440398500685	8.300665345269419	0.0	0.0	
11.935910794634118	9.449787596442844	0.0	0.0	
11.938335019901153	10.371561084552985	0.0	0.0	
12.395624631934083	11.12415740705712	0.0	0.0	
11.977983869379864	12.194481190436381	0.0	0.0	
12.41252460764044	13.45971579017752	0.0	0.0	
12.009536585828005	13.683907375835556	0.0	0.0	
11.982937346604675	14.684998673121157	0.0	0.0	
12.132500233016913	16.067419252455228	0.0	0.0	
11.525202674300003	16.97599000497784	0.0	0.0	
12.039011311889869	17.901287534028956	0.0	0.0	
12.244523763269633	18.782426771527813	0.0	0.0	
12.209709312007915	20.033188583696205	0.0	0.0	
11.5238079122265	21.40884913473818	0.0	0.0	
12.099250693158057	21.764893478093505	0.0	0.0	
11.5327941901121	22.932747504619588	0.0	0.0	
11.577842613818731	24.125964216544006	0.0	0.0	
11.663325469762533	24.704698143834584	0.0	0.0	
11.915465825328965	25.92528804025895	0.0	0.0	
11.843879611289053	27.085202840348938	0.0	0.0	
11.779680346016647	27.64038407624267	0.0	0.0	
11.978234835789141	29.445898505369048	0.0	0.0	
11.960221374045991	30.2318107885991	0.0	0.0	
12.273811932693425	30.580521415555076	0.0	0.0	
12.932811129705016	0.42536549653986955	0.0	0.0	
13.04559322687746	1.3407469753647006	0.0	0.0	
12.687417090840942	2.0091528302588726	0.0	0.0	
12.73606747463467	3.3633770087570247	0.0	0.0	
13.033216417916579	3.708486312387719	0.0	0.0	
12.502439785076888	5.238286812343676	0.0	0.0	
12.898804882296819	6.205367595715104	0.0	0.0	
12.617276192662224	6.65324296201341	0.0	0.0	
12.707728254106197	8.046269443135397	0.0	0.0	
12.916098967736339	9.16830002913622	0.0	0.0	
12.740220102125438	10.183104639204494	0.0	0.0	
12.963124741048697	11.48465902369097	0.0	0.0	
12.769639711945485	12.3912352167301	0.0	0.0	
13.494438381669346	13.233865333391028	0.0	0.0	
13.469031536354732	13.713840451925028	0.0	0.0	
13.326919713760509	15.260238953609925	0.0	0.0	
13.247595466946812	15.524084570059268	0.0	0.0	
13.437003176065609	16.817504953444214	0.0	0.0	
12.82140168836495	18.458253054740883	0.0	0.0	
13.035964947972374	18.7432483720542	0.0	0.0	
13.23721970486055	19.574084246285707	0.0	0.0	
12.532887650299733	20.78063612720764	0.0	0.0	
12.853213439312432	22.397312292217286	0.0	0.0	
13.371360924325419	22.963810697682472	0.0	0.0	
13.272713562186809	24.224010606280633	0.0	0.0	
13.301080772691119	24.67728757379047	0.0	0.0	
13.034414218280867	25.678105620078227	0.0	0.0	
12.518899513407149	26.714321546904227	0.0	0.0	
12.733971003177954	28.302689176349944	0.0	0.0	
13.230961855856997	28.788112741980665	0.0	0.0	
12.89365577861225	30.459402264600868	0.0	0.0	
13.210261625017067	30.755862976412715	0.0	0.0	
14.276551124699429	0.27819492294293546	0.0	0.0	
14.012158974488848	0.7952726751335703	0.0	0.0	
14.353882313426233	1.828615136932606	0.0	0.0	
14.113914304444718	3.1872057025188916	0.0	0.0	
13.633809953029246	4.441694866309354	0.0	0.0	
13.764654040703729	5.366849496304127	0.0	0.0	
14.159128521569109	5.949127991841187	0.0	0.0	
14.305776237707798	6.925883410140085	0.0	0.0	
14.451369032511028	7.749353769042776	0.0	0.0	
13.615506664837069	9.205544341202724	0.0	0.0	
14.278928664594291	9.90343577721306	0.0	0.0	
14.34071677176283	10.91086717154356	0.0	0.0	
14.047893096656864	11.724706610017444	0.0	0.0	
13.798606317592697	13.123739862561935	0.0	0.0	
13.895492076793042	14.235628370993311	0.0	0.0	
13.54606982320758	15.114926112331409	0.0	0.0	
13.847779282465998	16.104544094582774	0.0	0.0	
14.112866939313069	17.208270262257198	0.0	0.0	
14.16907256539497	18.073225901495004	0.0	0.0	
14.430529232622625	19.162737071771115	0.0	0.0	
13.903838906961235	20.020186707119827	0.0	0.0	
14.390968245043902	21.281609807659763	0.0	0.0	
14.092580918331452	22.025087027882254	0.0	0.0	
14.395920270514171	23.186627732408535	0.0	0.0	
14.273121778105553	24.090244284829915	0.0	0.0	
14.110665928783899	25.43367584661822	0.0	0.0	
13.67937810021576	26.231511839249414	0.0	0.0	
13.546081313132664	26.93534555652624	0.0	0.0	
14.084235799679675	28.03511631700036	0.0	0.0	
14.036430982778132	29.17504336147612	0.0	0.0	
13.816306883068448	29.636333026437622	0.0	0.0	
13.673326172678266	30.740883328816896	0.0	0.0	
15.122239209760016	0.038269090971629116	0.0	0.0	
15.105374584079737	0.567193631600766	0.0	0.0	
15.284015283698107	2.4805599025520704	0.0	0.0	
15.070178757510753	3.0441206468039113	0.0	0.0	
15.420054650807604	3.7753655943198314	0.0	0.0	
14.699659446398684	4.676529295099093	0.0	0.0	
15.21113774098772	5.711625238565643	0.0	0.0	
15.067079015039338	7.061948332226807	0.0	0.0	
15.373594665991629	8.362573374797346	0.0	0.0	
14.81805415925178	9.144793329101919	0.0	0.0	
15.288249255550964	9.696199171437986	0.0	0.0	
15.213408353706667	10.538472979858287	0.0	0.0	
14.71874556745632	12.039592885056535	0.0	0.0	
14.862210105688797	13.293087983903382	0.0	0.0	
14.820193382471434	13.878876695071394	0.0	0.0	
14.780466804189354	14.999005206502979	0.0	0.0	
15.370479134973259	15.593776953038669	0.0	0.0	
14.831538605908525	17.3738442690667	0.0	0.0	
14.937584654864729	18.38976831015667	0.0	0.0	
14.708830330528984	18.8678403867408	0.0	0.0	
14.711784945331715	20.168456605955686	0.0	0.0	
14.938146881917762	21.267968358636224	0.0	0.0	
14.786529829419822	22.032434190699878	0.0	0.0	
14.534840268099494	23.001426643415446	0.0	0.0	
15.165387514092032	24.43587525036772	0.0	0.0	
14.96607424985986	24.632316939283854	0.0	0.0	
15.240798391771197	25.663894904864943	0.0	0.0	
14.505025835813377	27.35612392484986	0.0	0.0	
14.89660760407478	27.832349153931705	0.0	0.0	
14.684524698218542	28.79957150754225	0.0	0.0	
15.057029240888147	29.996729437921545	0.0	0.0	
15.319802518238612	31.203620819773256	0.0	0.0	
15.97131748754389	0.16803647402872313	0.0	0.0	
16.141096811456755	0.5201177893311134	0.0	0.0	
15.824623750530167	2.3816898211953896	0.0	0.0	
15.848298367606484	3.232331703345359	0.0	0.0	
16.310179083133892	4.45196070526633	0.0	0.0	
16.22729632383054	5.033314729089022	0.0	0.0	
16.150574189682708	6.24996790825538	0.0	0.0	
16.36069229564315	6.634835298293293	0.0	0.0	
15.599111766715913	8.441163354091518	0.0	0.0	
15.78507768000624	8.557641085216613	0.0	0.0	
15.967659629232397	10.48534835126956	0.0	0.0	
16.477557580973325	10.988934497036134	0.0	0.0	
16.443983657489532	12.133686784146263	0.0	0.0	
16.000099474618693	13.454207826136894	0.0	0.0	
15.888679395449156	13.71018838661955	0.0	0.0	
16.498371581543495	14.9968375324153	0.0	0.0	
16.350901553631015	16.329286862790873	0.0	0.0	
15.688709886423652	16.954297770705946	0.0	0.0	
15.536256515434458	18.388664296516755	0.0	0.0	
15.715161904016677	19.224162998277887	0.0	0.0	
15.576411457974087	19.819591033402837	0.0	0.0	
16.07590838605675	21.3349767889107	0.0	0.0	
15.683010666460888	21.63132525475385	0.0	0.0	
15.728170415204037	23.302909671869113	0.0	0.0	
16.1242347237651	23.931911954752103	0.0	0.0	
16.14831438967116	24.534137845563798	0.0	0.0	
15.601428166251559	25.888191226655678	0.0	0.0	
15.665166055401954	27.043578779008232	0.0	0.0	
16.172835745894048	28.033169435205494	0.0	0.0	
15.521226828254862	28.773072501535065	0.0	0.0	
15.975428630616223	29.963681283761307	0.0	0.0	
15.96413273782572	30.826938086986612	0.0	0.0	
17.413545967245028	0.49128689553847427	0.0	0.0	
17.303670019694792	0.647503656312233	0.0	0.0	
17.261412897266233	2.0147281891266453	0.0	0.0	
17.304286162772282	2.77240488471819	0.0	0.0	
17.07162598810605	4.279423610155877	0.0	0.0	
17.18263753322288	5.057471947832573	0.0	0.0	
16.78685923506075	6.332157340609933	0.0	0.0	
17.173925104885637	6.543139624217447	0.0	0.0	
17.195374681377846	7.842611957953862	0.0	0.0	
16.501020629064545	9.304223377912226	0.0	0.0	
16.96099038008354	10.13998276921661	0.0	0.0	
16.823308747680425	11.427603069051163	0.0	0.0	
17.129567955024903	11.867193976756088	0.0	0.0	
17.001596567875676	12.693512517555934	0.0	0.0	
16.644142896909543	14.454984848848344	0.0	0.0	
16.947797837537085	14.887090025623053	0.0	0.0	
16.73401434816142	15.926602533018052	0.0	0.0	
16.778936302385617	17.31957649443852	0.0	0.0	
17.064746039675267	18.382922351280843	0.0	0.0	
16.645765328446053	18.694426970011826	0.0	0.0	
16.673565464582158	19.53293977275244	0.0	0.0	
17.48380243137481	20.961399082272745	0.0	0.0	
16.57062305447226	21.73059044468273	0.0	0.0	
17.023739137468063	23.178958943400392	0.0	0.0	
17.2987392405364	23.526530004027926	0.0	0.0	
16.979939923696303	25.323522070799335	0.0	0.0	
16.803233645608543	25.900892272158757	0.0	0.0	
17.38976949875725	27.260776674263457	0.0	0.0	
17.172148982290988	28.07469700514761	0.0	0.0	
17.384109855270946	28.540684663699082	0.0	0.0	
17.406612308387693	29.8384725342291	0.0	0.0	
17.10917458716134	30.707764067570057	0.0	0.0	
17.971506126894603	0.09063154923361205	0.0	0.0	
18.115571153995486	0.8165959642623275	0.0	0.0	
17.715462360875723	2.2089201687309483	0.0	0.0	
18.05023417426686	3.2808360403319305	0.0	0.0	
18.425171873339885	3.820939752980813	0.0	0.0	
18.15146169943253	4.847889413688261	0.0	0.0	
17.80579217643305	5.570758199195794	0.0	0.0	
17.696844553513692	6.818962313289462	0.0	0.0	
17.638839582300005	7.630096916804716	0.0	0.0	
17.844151849625387	9.372386317402743	0.0	0.0	
17.864967243533986	10.365186518853458	0.0	0.0	
18.031842360400166	11.375831036024662	0.0	0.0	
18.221771687752693	12.280627984298086	0.0	0.0	
17.604407100106627	12.602642796265918	0.0	0.0	
17.59936433040056	13.583977233408206	0.0	0.0	
17.969840467673194	14.775580850106074	0.0	0.0	
17.971930132090787	15.777905000300173	0.0	0.0	
18.364967439973107	17.096734903772926	0.0	0.0	
18.21836767686726	17.828861029489573	0.0	0.0	
17.791568953085964	19.374246117135566	0.0	0.0	
18.391831032072147	20.15388268397714	0.0	0.0	
18.07786178914163	20.8512622608027	0.0	0.0	
18.258131583371597	22.35424269125928	0.0	0.0	
17.850324215320658	22.633742681614805	0.0	0.0	
18.283938783866542	23.517805794858752	0.0	0.0	
17.83494638754625	24.715754997203174	0.0	0.0	
17.541232632691536	25.544945642788964	0.0	0.0	
17.511750306297383	27.344587290499533	0.0	0.0	
17.55631138042747	28.01633711627018	0.0	0.0	
18.279597479385245	29.238056075728696	0.0	0.0	
17.834459897894547	30.356150251589792	0.0	0.0	
17.66934751715875	31.00334564859179	0.0	0.0	
19.343797509267183	0.18202314373345574	0.0	0.0	
18.694429203982555	1.187652018752045	0.0	0.0	
19.11383534872276	1.633558632179329	0.0	0.0	
18.753191966848316	3.128092841170931	0.0	0.0	
18.58836641672952	4.0086993080492315	0.0	0.0	
19.150463233376076	4.690314698231285	0.0	0.0	
19.492072833356364	6.1753621579618265	0.0	0.0	
18.85778541773752	7.265772226346829	0.0	0.0	
18.876022644102008	8.240163368099996	0.0	0.0	
18.5898029522591	9.332605531357814	0.0	0.0	
19.282527076216223	10.341301364819728	0.0	0.0	
18.6572432801483	10.728166365883117	0.0	0.0	
19.296748822298163	12.414284937772806	0.0	0.0	
19.448902894059763	12.879226340822097	0.0	0.0	
18.647108574541356	13.987268288955747	0.0	0.0	
18.73565864357247	15.290675313453063	0.0	0.0	
18.925929015526595	15.836504827436169	0.0	0.0	
19.10674240080865	16.950355452615717	0.0	0.0	
18.712867125454423	18.21404002089933	0.0	0.0	
18.935620082578147	18.58686334083602	0.0	0.0	
19.291877841178977	20.17114243188756	0.0	0.0	
19.129069314256533	20.949009112209062	0.0	0.0	
19.223948976043683	21.61101797426483	0.0	0.0	
18.81817150929717	23.008240619098235	0.0	0.0	
18.50056081119024	23.687370409212885	0.0	0.0	
18.77945741081076	25.478101265386414	0.0	0.0	
19.313943856512424	26.085665801371373	0.0	0.0	
19.31007082229808	27.065032927956118	0.0	0.0	
18.74820242411729	27.528642572524635	0.0	0.0	
18.600579816194124	28.798557899736224	0.0	0.0	
19.19671053425125	29.918803722459064	0.0	0.0	
18.98015648315563	30.974737813072636	0.0	0.0	
20.056092267817366	0.4706421825631142	0.0	0.0	
19.93060797353255	1.2118489941929167	0.0	0.0	
20.487451812485087	1.5153563652343363	0.0	0.0	
20.12504592142458	3.1366381628653732	0.0	0.0	
20.189362722990428	4.00095488881964	0.0	0.0	
20.166600665803344	5.136642089933142	0.0	0.0	
20.346097554542045	6.1619087207490635	0.0	0.0	
19.82665311766351	7.143453813750923	0.0	0.0	
19.757686288992314	7.8028464170327805	0.0	0.0	
20.054397703481662	8.744439278486423	0.0	0.0	
19.89879114573676	9.710806352588747	0.0	0.0	
19.5380375457954	10.585253054007154	0.0	0.0	
19.753947651070856	12.03456959184978	0.0	0.0	
19.747036534726195	12.96462622755781	0.0	0.0	
19.60648018038137	14.188523824828714	0.0	0.0	
19.597177249259296	14.692787432682834	0.0	0.0	
20.26597657163155	16.072590204414823	0.0	0.0	
20.067923440937538	17.36401293276526	0.0	0.0	
20.00376209436877	17.75027493090667	0.0	0.0	
20.20937830073531	19.19552252664863	0.0	0.0	
20.42565680671815	19.628495425903733	0.0	0.0	
20.020060191382626	20.795826425522556	0.0	0.0	
19.614885941571565	22.13148869625118	0.0	0.0	
19.941128248156232	23.042351043653667	0.0	0.0	
19.67823850068223	23.952486657589798	0.0	0.0	
19.534132317786714	25.093970984841274	0.0	0.0	
19.852286174088917	26.16105667789278	0.0	0.0	
20.294199578339356	26.844755405728662	0.0	0.0	
20.46958331368416	28.494467953154953	0.0	0.0	
20.15702215977201	28.78327884851722	0.0	0.0	
19.90693827873039	29.536321710744645	0.0	0.0	
20.04584015780618	30.50006148287184	0.0	0.0	
20.751679280111883	0.0033791153053497336	0.0	0.0	
21.074183684458042	1.0896928275665543	0.0	0.0	
21.341214369870556	2.3580092239752797	0.0	0.0	
21.352782080341044	2.57688294412251	0.0	0.0	
21.39210717935848	3.775809689732739	0.0	0.0	
21.28023656516894	4.726538344492764	0.0	0.0	
20.850509473042354	5.814009973402058	0.0	0.0	
20.903060147791834	6.732974185349908	0.0	0.0	
21.337155942435068	8.0539048781866	0.0	0.0	
20.79288643351388	9.473386357848813	0.0	0.0	
21.453652870345397	10.116182365518972	0.0	0.0	
20.687064042829743	11.369828231655246	0.0	0.0	
20.527074202426448	12.150333894233647	0.0	0.0	
21.158140452867606	13.16801030500655	0.0	0.0	
20.59109257835056	14.072040930359305	0.0	0.0	
21.350624522147285	14.753102414472304	0.0	0.0	
20.677160400764024	16.041502132316733	0.0	0.0	
21.09894650459911	17.013634083454306	0.0	0.0	
21.29388542367138	18.48298487344631	0.0	0.0	
20.749360683760894	18.568635016059993	0.0	0.0	
20.771426804420734	19.958293695642684	0.0	0.0	
20.770224982191994	20.896509357076432	0.0	0.0	
21.49609286296075	22.2146536495472	0.0	0.0	
20.905600833169686	22.628864365024867	0.0	0.0	
21.46051067424975	23.57642123041107	0.0	0.0	
21.241769927274905	24.578076729121594	0.0	0.0	
20.629280838828286	25.939030888667478	0.0	0.0	
21.428516992541002	27.338464914163755	0.0	0.0	
20.75341301788913	28.485038521403286	0.0	0.0	
20.729437901196594	28.818197684099378	0.0	0.0	
21.046722310980652	29.90777434343881	0.0	0.0	
20.710542997398193	31.499723991165805	0.0	0.0	
22.09398640752862	0.4993621223452661	0.0	0.0	
21.81868714449146	0.5981454636274003	0.0	0.0	
21.82333234469132	1.811390648305393	0.0	0.0	
22.21282100504245	2.5086675299827084	0.0	0.0	
22.47305143623819	3.632854615557283	0.0	0.0	
21.601526106201128	4.845983274625536	0.0	0.0	
21.99322629274148	6.482534589615801	0.0	0.0	
21.964069966675957	7.423191498340362	0.0	0.0	
22.40234190523481	8.198128286056328	0.0	0.0	
21.717367813634596	9.330196943979299	0.0	0.0	
21.870667074992525	10.282531283239955	0.0	0.0	
21.74472759953824	11.202150623169207	0.0	0.0	
21.76003341847141	11.984848479743112	0.0	0.0	
21.9113425218538	12.629229202791276	0.0	0.0	
22.413566140717325	14.26247326214686	0.0	0.0	
22.340633430895917	15.479069843312878	0.0	0.0	
22.362723196759514	15.748133045040344	0.0	0.0	
21.988643270676864	16.94685746905067	0.0	0.0	
21.502296565420036	17.669683012160608	0.0	0.0	
22.090569742101742	18.515952523566302	0.0	0.0	
21.99643996743675	20.35236637787005	0.0	0.0	
22.41178463571817	21.04233718950463	0.0	0.0	
22.40298385419282	22.390838545834725	0.0	0.0	
22.47480077381437	22.693621870202307	0.0	0.0	
21.758046590223447	24.267598705253764	0.0	0.0	
21.96555011324679	25.321134107506364	0.0	0.0	
22.37744358108224	26.267647139861904	0.0	0.0	
22.377468071981614	26.999785996490868	0.0	0.0	
21.77463882066461	27.76512483465656	0.0	0.0	
21.953694428279228	29.193626279412264	0.0	0.0	
21.860238130270442	30.362780111912702	0.0	0.0	
22.485678210102506	31.06541757765917	0.0	0.0	
23.4488286343227	0.35269086303375896	0.0	0.0	
22.725920081159927	0.9300534932250794	0.0	0.0	
23.459865393878907	1.786660252285842	0.0	0.0	
23.104155809055623	3.1650821028909464	0.0	0.0	
22.967599089559027	4.297840501954938	0.0	0.0	
22.566540698786522	4.889972371343399	0.0	0.0	
23.473391035646262	5.764221384864918	0.0	0.0	
22.592744372716908	6.693357254110314	0.0	0.0	
23.395962340831684	8.269185918613113	0.0	0.0	
23.441311013861032	9.29734364108046	0.0	0.0	
22.804295142766943	9.554950387203215	0.0	0.0	
22.682534756855592	10.650602657787717	0.0	0.0	
23.448932197674154	12.046525788168374	0.0	0.0	
23.249013487804827	12.538314108989512	0.0	0.0	
22.776010314297444	14.497547279806627	0.0	0.0	
23.26814904239054	15.151237213337623	0.0	0.0	
22.994355929209537	15.868659881338585	0.0	0.0	
23.36327559185299	16.51083334877791	0.0	0.0	
23.4446755801598	17.62703158297262	0.0	0.0	
23.248027821437475	19.44585586920338	0.0	0.0	
22.711019986109562	19.813311418648237	0.0	0.0	
22.518805180225158	21.208717122816285	0.0	0.0	
23.45370152726598	21.567028473970087	0.0	0.0	
22.7343750034015	23.317887548769416	0.0	0.0	
22.9517643045919	24.444158439138874	0.0	0.0	
23.052837901419924	25.173016327357594	0.0	0.0	
22.73688226490854	25.94665073124387	0.0	0.0	
23.1730892316174	26.79635096861257	0.0	0.0	
23.226809210126536	28.196342422722385	0.0	0.0	
22.933236622102747	28.709771190565466	0.0	0.0	
23.07272424940461	29.853283286479908	0.0	0.0	
22.790013092854068	30.678159997192857	0.0	0.0	
24.087222438064753	0.28868956972348825	0.0	0.0	
24.07389483109742	1.1646140022600282	0.0	0.0	
24.23373729100932	2.468440369549929	0.0	0.0	
24.469017982133273	3.2812177948073527	0.0	0.0	
23.939942388732785	4.311082398982555	0.0	0.0	
23.88972718711185	5.061156949988365	0.0	0.0	
24.43225749375548	6.471125439598836	0.0	0.0	
23.755451005548462	7.21041949947557	0.0	0.0	
24.123933845529823	7.998918681438556	0.0	0.0	
23.588843480457374	8.569543203891348	0.0	0.0	
23.83192551526993	10.064796733903037	0.0	0.0	
24.449306066293428	10.816472654202318	0.0	0.0	
24.242483520319468	12.45260958112353	0.0	0.0	
24.333296948107364	12.547695098409754	0.0	0.0	
24.331758541219966	13.573217473742238	0.0	0.0	
23.81644452320331	14.626836118804652	0.0	0.0	
23.810286331574535	15.898456281830196	0.0	0.0	
24.198492427893083	16.99093217962934	0.0	0.0	
24.19338914790621	17.807673909611022	0.0	0.0	
24.439630529219897	18.560781818382694	0.0	0.0	
24.22370112299907	20.346916855867097	0.0	0.0	
23.753821791372673	20.86460644192417	0.0	0.0	
23.90354211099083	22.492672427101425	0.0	0.0	
23.870628870519763	22.94642224453928	0.0	0.0	
23.526888903712585	24.35985468627906	0.0	0.0	
23.801495604816015	24.960634667095604	0.0	0.0	
24.35543889275635	26.332576275470593	0.0	0.0	
23.524748563754493	26.767460050445752	0.0	0.0	
24.4998160434266	28.27062488341209	0.0	0.0	
23.863230082553397	29.029192004935734	0.0	0.0	
23.923186528853595	29.902439941372037	0.0	0.0	
23.947157900089003	30.976215016113034	0.0	0.0	
25.009040056096104	0.10703478258490573	0.0	0.0	
25.032721286595496	1.3223442354303954	0.0	0.0	
25.295412116295378	2.175456242464413	0.0	0.0	
24.92152695631781	3.32807811188234	0.0	0.0	
25.479733668107375	4.331264622538916	0.0	0.0	
24.867793625536862	5.409684146292072	0.0	0.0	
24.92703948919488	6.017157132513592	0.0	0.0	
25.249716724379184	6.644198110774923	0.0	0.0	
25.227759141783388	7.619297974889938	0.0	0.0	
25.24184765181846	9.030543076420676	0.0	0.0	
24.62039888201465	9.86120487477179	0.0	0.0	
24.795905650244276	10.51780948036028	0.0	0.0	
24.80192451547915	12.473717326702763	0.0	0.0	
24.87487390050123	13.180360704340309	0.0	0.0	
25.036637861297493	13.911876009977673	0.0	0.0	
25.204372778812136	14.679328774301634	0.0	0.0	
25.013786255315964	15.954514456128344	0.0	0.0	
25.36792450676096	17.319436017568925	0.0	0.0	
25.30531925704683	18.106126008709353	0.0	0.0	
25.162720104090166	18.507700600979916	0.0	0.0	
24.753023518336736	19.703839918364558	0.0	0.0	
24.64745554048275	20.913021860122225	0.0	0.0	
24.86840049015415	21.771609192717403	0.0	0.0	
25.37824614141829	22.998444811838006	0.0	0.0	
24.762906066901525	23.60905339115694	0.0	0.0	
24.61157974612969	24.897727766545785	0.0	0.0	
24.79192635761247	25.549194296101405	0.0	0.0	
25.09261326477395	27.221223795845514	0.0	0.0	
25.143868720328832	27.867007253405234	0.0	0.0	
24.6190622946558	29.37658652764083	0.0	0.0	
25.34521906961388	29.950503333997606	0.0	0.0	
24.576810175071422	31.222148374632063	0.0	0.0	
25.577743540758522	0.15772184636059072	0.0	0.0	
26.351725140940843	1.4494783483177873	0.0	0.0	
26.22457837076562	1.543968136289399	0.0	0.0	
25.832996225864772	2.882338951209344	0.0	0.0	
26.049929285944383	3.7101379057422763	0.0	0.0	
25.84508949500623	5.1298491841339695	0.0	0.0	
26.428311659221112	6.227839570808404	0.0	0.0	
25.91120535499958	7.294365387983557	0.0	0.0	
25.893604293019145	8.061852130662366	0.0	0.0	
25.73854460590658	9.359694445530113	0.0	0.0	
26.151614612564572	10.048435215892116	0.0	0.0	
25.812551301555494	11.185361251517511	0.0	0.0	
25.65478980955568	12.355949401896849	0.0	0.0	
26.142297102947825	13.04058668900823	0.0	0.0	
26.17222939353588	13.977592969782219	0.0	0.0	
26.307775978402347	15.405494798275067	0.0	0.0	
25.515548592888003	15.85996863648426	0.0	0.0	
25.73258599689578	17.431436891500287	0.0	0.0	
25.909946168516015	17.731520695648552	0.0	0.0	
25.736713832878845	19.438629748916245	0.0	0.0	
25.638094195594157	20.408903128043555	0.0	0.0	
25.782333236798067	20.76370510512719	0.0	0.0	
25.997280195488976	21.50664297187391	0.0	0.0	
26.003826734790653	23.13327599757986	0.0	0.0	
25.879343043697855	24.020297237021165	0.0	0.0	
26.450314641889392	24.736897774936285	0.0	0.0	
26.43628724526936	25.946103580582193	0.0	0.0	
26.220568515537863	26.721780223542808	0.0	0.0	
25.913027824920572	28.41951964147383	0.0	0.0	
25.99351874652799	28.57535438626571	0.0	0.0	
25.769943094982615	29.731074016581275	0.0	0.0	
26.294976255239128	30.53730915929279	0.0	0.0	
27.284603712135176	0.2996754551832218	0.0	0.0	
27.011014238751017	0.5605103344548763	0.0	0.0	
26.642097970994364	2.3345362854118203	0.0	0.0	
27.050531101209472	2.978018442683087	0.0	0.0	
27.474584138721294	4.105867936640748	0.0	0.0	
27.12630107990648	5.169536120476842	0.0	0.0	
27.21595591863162	6.253486406224067	0.0	0.0	
27.08092792456861	6.519431355581328	0.0	0.0	
26.72824739107054	7.95995340920791	0.0	0.0	
26.680000334245122	9.145618180449347	0.0	0.0	
27.09040120922318	9.559540812537515	0.0	0.0	
27.276392263654433	11.194966750636867	0.0	0.0	
26.6652073628955	12.115021947241747	0.0	0.0	
26.910208475314366	12.815126405074096	0.0	0.0	
26.905070783251038	14.053768231600976	0.0	0.0	
26.975434978447996	15.07449823794396	0.0	0.0	
27.463924749666404	15.876358141597054	0.0	0.0	
27.412477039420388	16.94086682144594	0.0	0.0	
26.592949308811537	17.880242991635253	0.0	0.0	
27.27711075421891	18.522329508516304	0.0	0.0	
27.0186986640164	19.63764510725969	0.0	0.0	
27.207281849984355	20.555215970802	0.0	0.0	
27.004372206833335	22.356420520702358	0.0	0.0	
26.524106463840983	23.05416944229117	0.0	0.0	
27.385380379512053	23.502990320709664	0.0	0.0	
27.213636192075406	24.912737973298878	0.0	0.0	
26.709317372353542	25.72627959502541	0.0	0.0	
27.13633053678315	26.895104744335047	0.0	0.0	
26.935088593330864	28.012946618213647	0.0	0.0	
26.646641143439837	29.09337593194995	0.0	0.0	
27.378363801343507	30.246851442819526	0.0	0.0	
26.770580975786988	30.577933990996936	0.0	0.0	
27.59191489104983	0.49053771241612065	0.0	0.0	
27.820780179052324	1.1293725445864327	0.0	0.0	
27.561013875366072	1.502772274338147	0.0	0.0	
28.153905818913895	2.755810343170594	0.0	0.0	
28.38454494555801	3.9237726839472256	0.0	0.0	
28.473871859452373	5.421028843237497	0.0	0.0	
28.413111704445	5.5945042508906875	0.0	0.0	
27.56692984826115	6.89624558966195	0.0	0.0	
28.363207766607907	8.218868629106808	0.0	0.0	
27.90107523389843	8.89053001450225	0.0	0.0	
28.34190747412249	10.428424408307345	0.0	0.0	
27.54565490321458	11.015430971521619	0.0	0.0	
28.322129261374762	12.026255783743418	0.0	0.0	
28.024310794508473	13.227798519822965	0.0	0.0	
27.869937255348802	13.630578895212487	0.0	0.0	
27.787867878597318	14.713393278769034	0.0	0.0	
27.6717476467041	16.220945327457223	0.0	0.0	
28.24508903552516	17.45536757518172	0.0	0.0	
28.277684753347188	17.66811894376372	0.0	0.0	
28.154865497267295	18.524766684543692	0.0	0.0	
27.885989069438377	20.170992782288508	0.0	0.0	
28.178140693187927	21.308282786599705	0.0	0.0	
28.46919461820803	21.705775872100524	0.0	0.0	
28.267041231404445	23.171357131669065	0.0	0.0	
28.14052939117562	23.72096042652869	0.0	0.0	
28.366813297814268	24.533207413789345	0.0	0.0	
27.677215258110916	26.341597185967473	0.0	0.0	
28.160912195690386	27.332592850058774	0.0	0.0	
28.033977686196984	28.357847505318716	0.0	0.0	
27.96618568548297	28.613749154561585	0.0	0.0	
28.236601186388217	30.090007726321645	0.0	0.0	
28.272818431955827	31.174710537393565	0.0	0.0	
29.046505380399644	0.1813202636929523	0.0	0.0	
28.53925878714453	1.0539709248973224	0.0	0.0	
28.832393575734084	1.7417589708770596	0.0	0.0	
29.022270911862375	2.9549698387879895	0.0	0.0	
29.24640875080555	4.089462459003999	0.0	0.0	
29.317019659230205	5.265017206159938	0.0	0.0	
28.947265451443126	6.199326186422394	0.0	0.0	
29.099546281425642	6.69056051623522	0.0	0.0	
28.787028791067005	8.148257786907045	0.0	0.0	
28.69324605477076	9.396873139837936	0.0	0.0	
28.69043288092461	10.243181407063261	0.0	0.0	
28.642827248742314	11.3179008901424	0.0	0.0	
28.98161009205297	11.67576600255033	0.0	0.0	
28.646590768352585	13.166892955125466	0.0	0.0	
28.646531381075945	14.08213544985941	0.0	0.0	
28.72643006058	14.618344003874524	0.0	0.0	
28.9232997682075	16.190434241175822	0.0	0.0	
29.20049751061338	17.370419500046562	0.0	0.0	
29.024835771364653	18.34436497033475	0.0	0.0	
28.990795330969824	18.53061043225956	0.0	0.0	
28.95988829615225	20.480117743344056	0.0	0.0	
29.442948088876136	20.77603034936612	0.0	0.0	
28.596281057828133	21.82455760708462	0.0	0.0	
29.366639892709646	22.760730659954096	0.0	0.0	
29.025921073151466	23.621003797690044	0.0	0.0	
29.0716000178869	25.098377989230627	0.0	0.0	
29.330769285488515	26.168100403500933	0.0	0.0	
28.808760606272585	27.061855141648913	0.0	0.0	
29.392085704667693	28.409381487337374	0.0	0.0	
28.905083164899658	28.595007739061693	0.0	0.0	
28.676022346222453	30.402877351391698	0.0	0.0	
28.90005662092512	30.752052146216567	0.0	0.0	
29.795579523968605	0.0023788616543660712	0.0	0.0	
29.98159565604519	1.4552926909517303	0.0	0.0	
30.222584926486167	1.7567710140901298	0.0	0.0	
30.175554745850445	2.7569658442005407	0.0	0.0	
30.436099010926633	3.659689933104965	0.0	0.0	
30.198103925860256	4.966159338486666	0.0	0.0	
29.732247786694472	6.141413476562596	0.0	0.0	
29.960801831335967	6.6104368833921106	0.0	0.0	
29.71942920345819	7.8230458745675655	0.0	0.0	
30.03391412373451	8.998135438276321	0.0	0.0	
30.10515897375827	9.852177821151512	0.0	0.0	
29.916305054651165	10.805726339652415	0.0	0.0	
30.37557172283884	11.761253326971916	0.0	0.0	
29.58929091109338	12.92415181315857	0.0	0.0	
29.575917728709353	14.070734652795096	0.0	0.0	
29.627092348152928	15.412441339159471	0.0	0.0	
29.91694623016471	16.35704740878513	0.0	0.0	
29.575996817739423	16.889690325547203	0.0	0.0	
29.66118198861241	17.97806243463914	0.0	0.0	
29.735774070810372	19.245671462941104	0.0	0.0	
30.39969217027889	20.263849943558654	0.0	0.0	
29.5536735850279	20.57064400632222	0.0	0.0	
29.89471194182163	22.280266340149485	0.0	0.0	
30.287730091596117	22.592892926258695	0.0	0.0	
29.77205074347549	23.81822075112443	0.0	0.0	
29.519454302911353	25.010604134138603	0.0	0.0	
29.876419108570012	25.889815546229507	0.0	0.0	
30.42167681348369	27.145375521662903	0.0	0.0	
30.383902002490643	28.48762513565258	0.0	0.0	
30.328069415506658	28.71071553437779	0.0	0.0	
29.504468124036663	30.04783576954871	0.0	0.0	
29.6104254454773	30.675042957813087	0.0	0.0	
30.956948196131666	0.3752344343169307	0.0	0.0	
31.174085867423234	1.0421128390162822	0.0	0.0	
30.698053016904517	2.395913406626872	0.0	0.0	
30.581332906414627	3.06503147222778	0.0	0.0	
31.37246656307781	3.983177064584672	0.0	0.0	
30.98479164316411	5.367448231592242	0.0	0.0	
31.49472176490304	6.356569031636983	0.0	0.0	
31.227666804924993	6.807479236234235	0.0	0.0	
31.049706681813888	8.466954945464671	0.0	0.0	
31.221662924969912	8.684446882048235	0.0	0.0	
30.815370035005103	9.609202606080343	0.0	0.0	
30.645327123227933	10.62358573209516	0.0	0.0	
30.817875470189442	11.789866337031043	0.0	0.0	
30.898757359572148	12.784530677199953	0.0	0.0	
31.329605401718638	14.466585862185127	0.0	0.0	
31.31821293236645	15.146674467704324	0.0	0.0	
31.08273653606043	16.200623969659794	0.0	0.0	
31.309572978816195	17.27181139398141	0.0	0.0	
30.534871442777536	17.91452311066003	0.0	0.0	
31.001898022401562	18.598078802351257	0.0	0.0	
30.561523202938325	20.39888825110885	0.0	0.0	
31.456892945754873	21.013643614538765	0.0	0.0	
30.93426476526276	21.53691283183568	0.0	0.0	
31.296182703126256	23.05527475881328	0.0	0.0	
31.492859105095242	24.280418387035045	0.0	0.0	
30.74808192633974	24.753935611756756	0.0	0.0	
30.63271664317143	26.016524199351043	0.0	0.0	
30.72520889854346	27.120732896140037	0.0	0.0	
31.187534736761847	27.531635006956787	0.0	0.0	
30.7596617164876	28.61018345608239	0.0	0.0	
30.93500194715297	29.72937551058993	0.0	0.0	
31.181259225357618	31.017039199232514	0.0	0.0	
