2
32.0	0.0	0.0	0.0	
0.0	32.0	0.0	0.0	
0.46815478814614453	0.12508933476219375	0.0	0.0	
0.23468080530410274	0.9221770389652894	0.0	0.0	
0.34444013521147043	1.6008243539529508	0.0	0.0	
0.45109294240735187	2.648053597489541	0.0	0.0	
0.16658732649216146	4.225992847543504	0.0	0.0	
0.027500147655963203	4.9377666787894166	0.0	0.0	
0.165735176716994	5.628975054247848	0.0	0.0	
0.0633976510201778	6.944275581294413	0.0	0.0	
0.029909450526145576	7.82367742375171	0.0	0.0	
0.29563293660317413	8.915447740911869	0.0	0.0	
0.1795274780528765	9.649865123925823	0.0	0.0	
0.3792919180244786	11.290685089309736	0.0	0.0	
0.37378179541027345	11.946299899192953	0.0	0.0	
0.2521601726941436	13.010021350776483	0.0	0.0	
0.3048404034693669	14.468227877879375	0.0	0.0	
0.4616781360419978	14.588405894867675	0.0	0.0	
0.1854367441183319	15.80609291206134	0.0	0.0	
0.30102152986496933	16.799429572445362	0.0	0.0	
0.09547060499719917	17.564348590727587	0.0	0.0	
0.1714727148181996	18.803881215623925	0.0	0.0	
0.08094089958671002	19.806484944308867	0.0	0.0	
0.3095555214840474	20.916595057101144	0.0	0.0	
0.26246986191084465	21.904524874111658	0.0	0.0	
0.27890108524323354	23.223034300732074	0.0	0.0	
0.4387065744838383	24.14044184254076	0.0	0.0	
0.26566016290276295	25.141173174414323	0.0	0.0	
0.0737097480510498	25.518755399937042	0.0	0.0	
0.18857580686424325	27.34002767881836	0.0	0.0	
0.0007163059857830945	27.86062432927182	0.0	0.0	
0.43694399574749376	28.75112476399235	0.0	0.0	
0.3138069299105294	29.643872844508856	0.0	0.0	
0.39348468101784717	31.312967821115826	0.0	0.0	
0.9393155385143683	0.29892760644418703	0.0	0.0	
1.2278048543942752	0.511617607048535	0.0	0.0	
1.1798198578937549	1.9656384267618727	0.0	0.0	
1.44725092617837	3.1436826142079832	0.0	0.0	
1.0844194360079729	4.134928304964949	0.0	0.0	
1.2294922067530945	4.686115744388827	0.0	0.0	
1.460250761612682	5.960562691979717	0.0	0.0	
1.4287982043989078	6.59468433247492	0.0	0.0	
0.6365499632705479	7.643452085875658	0.0	0.0	
0.6324878042779225	8.909810032363232	0.0	0.0	
0.5624616287299449	9.691692178125072	0.0	0.0	
0.9969959354134961	10.710115136208543	0.0	0.0	
0.9052392990931141	11.801704972030652	0.0	0.0	
1.2885123186534917	12.534407200127564	0.0	0.0	
1.3550529945118854	14.42197435282997	0.0	0.0	
1.4771700953965234	14.882644735407919	0.0	0.0	
1.3920850691126854	16.276174329941238	0.0	0.0	
0.6770308284494118	16.758533668038975	0.0	0.0	
0.5243928424815921	17.648132679118632	0.0	0.0	
1.3765569867933176	19.15310671463738	0.0	0.0	
1.2336107585586138	19.64180282754816	0.0	0.0	
1.338733129664506	21.049079996904183	0.0	0.0	
1.412920423321995	22.083646753238977	0.0	0.0	
1.0457781630981406	22.607921990591755	0.0	0.0	
0.8250939202238003	24.45404662491676	0.0	0.0	
0.8917375123069122	25.14439099749133	0.0	0.0	
0.8510622809833888	26.043010243531153	0.0	0.0	
0.964404489746752	26.572164681423416	0.0	0.0	
0.5736730440387862	27.96902945199658	0.0	0.0	
1.2423683424444718	29.413253300364964	0.0	0.0	
0.593778763045113	30.17086784616329	0.0	0.0	
1.067416398850817	30.95859576570671	0.0	0.0	
2.243522349754153	0.19671433462687504	0.0	0.0	
1.9056623237706583	1.3794586779132443	0.0	0.0	
1.669458736080188	1.6772335872838533	0.0	0.0	
2.0161968130409624	2.5045443389482025	0.0	0.0	
1.9733918462097977	4.174375984776969	0.0	0.0	
2.1696134109048266	4.618704781721013	0.0	0.0	
1.8062424282633116	6.441039200543042	0.0	0.0	
2.118376785203723	6.86805780186513	0.0	0.0	
1.9852916561992067	7.846613700902176	0.0	0.0	
1.5661171487325998	8.564311714703804	0.0	0.0	
2.1350462985665195	9.597796506143425	0.0	0.0	
2.3175018888382795	10.644145425723995	0.0	0.0	
2.317802877345406	12.293132162114242	0.0	0.0	
1.6605042275149318	13.434355473379009	0.0	0.0	
2.055764448159153	14.344183291305727	0.0	0.0	
1.5396591204254522	15.120737353431378	0.0	0.0	
1.5953659144684549	16.103527623070033	0.0	0.0	
1.5735923881658003	17.339507051528297	0.0	0.0	
2.2438625526547495	17.972511409940708	0.0	0.0	
2.2506881781680814	19.409102710903984	0.0	0.0	
1.8895062412118007	20.30254469896885	0.0	0.0	
2.2076933979885744	21.096886762304095	0.0	0.0	
2.422826999232588	22.1848297751262	0.0	0.0	
2.1535392754969367	22.627202974909014	0.0	0.0	
2.3117091841869275	23.656590758957584	0.0	0.0	
2.0005402243847046	25.41739864418044	0.0	0.0	
2.0821904625401464	26.364982811860717	0.0	0.0	
1.9802453577027048	27.28038533862196	0.0	0.0	
2.0639313388332914	27.50684658314406	0.0	0.0	
2.466874036661525	28.622929633676357	0.0	0.0	
1.8840832454035765	30.045077763366354	0.0	0.0	
2.189162832585344	30.80942459637196	0.0	0.0	
2.9331906849109664	0.15423136246225155	0.0	0.0	
2.6917727653403047	0.983983145538678	0.0	0.0	
3.3738814688083267	2.005062820160919	0.0	0.0	
3.026441019397355	2.597727166793815	0.0	0.0	
2.65373896226943	3.8224880786218285	0.0	0.0	
3.0994241836393264	5.153933404922127	0.0	0.0	
3.4610508900481176	5.76030989813022	0.0	0.0	
2.554061316095645	6.548226867572653	0.0	0.0	
3.431449892161167	7.700354672150915	0.0	0.0	
3.169283006320195	9.000276809756265	0.0	0.0	
2.9824253169054096	10.444879575949882	0.0	0.0	
2.500896090040222	11.086732528315737	0.0	0.0	
3.418426622314971	12.070557971685584	0.0	0.0	
3.0201406793972003	13.068990502640853	0.0	0.0	
2.87758323633937	13.686172796883753	0.0	0.0	
2.948565906315757	15.241166646620103	0.0	0.0	
3.042927267421387	15.564257686960095	0.0	0.0	
2.544930562155482	16.527056530917694	0.0	0.0	
3.455457448476086	18.441914559392917	0.0	0.0	
3.005968608475767	19.179373747133376	0.0	0.0	
2.901608980735446	20.429673513957862	0.0	0.0	
2.691395599705657	20.692803013307135	0.0	0.0	
2.530323715319751	21.883907356719508	0.0	0.0	
3.14756763031557	22.975826264946075	0.0	0.0	
3.0439167573850106	23.74618506661907	0.0	0.0	
3.193333434642299	25.46888570617149	0.0	0.0	
3.488352780838832	25.555695444965977	0.0	0.0	
2.637192564140941	26.609795544593823	0.0	0.0	
3.4529577667552602	27.790022284370313	0.0	0.0	
3.167822471422286	28.784412482832934	0.0	0.0	
3.4085855673776573	29.700138862281367	0.0	0.0	
3.3553636823569537	31.179770356329083	0.0	0.0	
3.98607752954276	0.49067734355341097	0.0	0.0	
4.157086824615086	1.010010467452698	0.0	0.0	
3.825363422031081	2.346437785053988	0.0	0.0	
4.470994821683016	3.46039174853025	0.0	0.0	
4.256237688843778	4.164357072713895	0.0	0.0	
4.315176331384151	4.638623012117463	0.0	0.0	
4.386042396210458	6.39658416629261	0.0	0.0	
3.813778408146019	7.176218203503536	0.0	0.0	
4.012101590437677	8.177503796740691	0.0	0.0	
3.7704770002579906	9.050691241359592	0.0	0.0	
4.3087247429168745	9.594589726075409	0.0	0.0	
4.044482374122306	11.353223713638018	0.0	0.0	
4.157615904850329	11.635250695606334	0.0	0.0	
4.01817917776989	12.842323854132541	0.0	0.0	
3.800622986343104	13.644795502884353	0.0	0.0	
3.9996768184841165	14.638055912809827	0.0	0.0	
4.165783496078769	16.285223737549828	0.0	0.0	
4.117457962977258	16.89080187076127	0.0	0.0	
3.7711110554749623	17.676362510824323	0.0	0.0	
3.564422776514888	18.769982539104895	0.0	0.0	
3.979100947142173	19.638667635557326	0.0	0.0	
3.503608709435085	20.78112025908188	0.0	0.0	
3.9729090396295677	22.161524514981778	0.0	0.0	
4.134322798952979	23.493088747925842	0.0	0.0	
4.030149170210378	23.816713172455906	0.0	0.0	
4.328884577393483	25.224365619639045	0.0	0.0	
4.382479870345318	26.448930158148045	0.0	0.0	
3.9069079966795575	27.091088749575857	0.0	0.0	
4.104863476263559	27.816482151003704	0.0	0.0	
3.731782933674292	29.19419847906311	0.0	0.0	
3.6432994961301954	29.881660335380246	0.0	0.0	
4.099165913683134	31.09044466219643	0.0	0.0	
4.513479976490631	0.08964503610859642	0.0	0.0	
5.435603770059043	1.093131199962848	0.0	0.0	
4.535394485520278	2.353053428928282	0.0	0.0	
4.851609379546874	2.6058180022463975	0.0	0.0	
4.829803968046319	3.7058881583039827	0.0	0.0	
4.953248305339418	5.160843352283576	0.0	0.0	
4.940046845497783	5.706984309137189	0.0	0.0	
5.4517359827101535	6.863614992351129	0.0	0.0	
5.297428641889484	8.186351535337062	0.0	0.0	
5.282357365392996	9.419423269272382	0.0	0.0	
5.364035115032908	9.979969198131194	0.0	0.0	
4.673773990909375	11.276089617356671	0.0	0.0	
4.903105944126564	11.70435203566671	0.0	0.0	
4.555114586875316	12.534242495211766	0.0	0.0	
4.873252629344964	13.901877654943123	0.0	0.0	
4.744132517393927	15.352700029348606	0.0	0.0	
5.269879862132063	15.761785780137586	0.0	0.0	
5.313205215418549	16.916099511069277	0.0	0.0	
5.141673696738423	18.39611992941198	0.0	0.0	
5.317076842651054	19.448782621986133	0.0	0.0	
4.823429278655816	20.13207802618207	0.0	0.0	
4.744303776190068	20.701343375666525	0.0	0.0	
5.342405795031684	21.55441844680264	0.0	0.0	
4.549494626579579	22.91736132664366	0.0	0.0	
5.4617255805426135	24.324997159213847	0.0	0.0	
5.156790880029127	25.062026228597002	0.0	0.0	
5.260536292311999	25.87904405959304	0.0	0.0	
4.757328241319248	26.539449187168415	0.0	0.0	
5.352373343707573	27.698113118577126	0.0	0.0	
5.314700693935548	29.445135547635523	0.0	0.0	
5.161707499459413	30.16671577265066	0.0	0.0	
4.649314817884821	31.314828551497538	0.0	0.0	
5.862860003562277	0.17176908342278585	0.0	0.0	
6.477199748852193	1.3827339158011456	0.0	0.0	
5.60812212831362	1.6049859356956158	0.0	0.0	
6.002320866579673	3.213763054577873	0.0	0.0	
6.214824997574493	3.5402211582764735	0.0	0.0	
6.124127508945332	5.18345070656282	0.0	0.0	
5.826868541059374	6.034912815430104	0.0	0.0	
6.157724373825954	7.313970908768516	0.0	0.0	
5.708510845950489	8.173414747498722	0.0	0.0	
5.701666495590715	8.666491460398113	0.0	0.0	
5.826473946883168	10.248761405822366	0.0	0.0	
5.681863656939308	11.068144097241294	0.0	0.0	
6.446407748558436	11.76053254302567	0.0	0.0	
6.4195712201359845	12.927290053682446	0.0	0.0	
6.458506897570079	14.087320743655845	0.0	0.0	
6.249084411092569	15.112645634422273	0.0	0.0	
5.700237076911418	15.854263620296003	0.0	0.0	
6.290564721715036	16.7784933202564	0.0	0.0	
5.83065001031716	17.948044487923788	0.0	0.0	
5.8442569439519705	18.915423143049725	0.0	0.0	
5.555941189982377	20.38252734690327	0.0	0.0	
6.421120816403788	20.716877244007033	0.0	0.0	
5.584038953046077	21.878657262939143	0.0	0.0	
6.3427028283806655	22.705342169612344	0.0	0.0	
6.027204729227423	23.918447114087815	0.0	0.0	
6.4940981764901995	25.30974910360445	0.0	0.0	
5.745303640759702	26.36156872242178	0.0	0.0	
5.687686930582612	27.35419399228093	0.0	0.0	
6.2329481393347965	27.77915847007261	0.0	0.0	
6.306320814116132	29.281176731931783	0.0	0.0	
5.629691580583291	29.779255378350456	0.0	0.0	
6.272411318673717	31.011054595005888	0.0	0.0	
6.810899462980515	0.11814742097504205	0.0	0.0	
7.325081699436482	0.8027753977933497	0.0	0.0	
6.743005575022816	1.739466520193234	0.0	0.0	
7.146182498012968	2.6538194386469995	0.0	0.0	
6.551857669100373	3.8770044851598597	0.0	0.0	
6.866442683543891	4.766388462779909	0.0	0.0	
6.677687774202605	5.5376928302573365	0.0	0.0	
7.403526377518262	6.823687123448644	0.0	0.0	
6.871539613759818	7.9726037341650295	0.0	0.0	
7.457312616865874	9.39763052034229	0.0	0.0	
6.588051775377961	9.725831221586144	0.0	0.0	
7.441029777020486	10.767840131996063	0.0	0.0	
7.4893926950575755	12.356656613377792	0.0	0.0	
7.311417916067043	12.881786427991845	0.0	0.0	
6.735927510176929	13.535105744662157	0.0	0.0	
6.797795509874529	14.551262640372334	0.0	0.0	
6.575304345991541	15.89497191047971	0.0	0.0	
6.5429923291633365	17.18042821307921	0.0	0.0	
7.330936125434096	17.617289978439466	0.0	0.0	
6.632157328595274	19.112406449607988	0.0	0.0	
7.0499591598767815	19.605317654879748	0.0	0.0	
6.972820320038691	21.165783850245223	0.0	0.0	
6.705405307882466	22.05397850641701	0.0	0.0	
6.601293952442191	23.072823627742867	0.0	0.0	
6.612963163007159	24.041799590112046	0.0	0.0	
6.801345946075821	24.91083390135075	0.0	0.0	
6.582681339891511	25.65088738167301	0.0	0.0	
7.1277643017835475	26.7213174076244	0.0	0.0	
7.298725819845881	28.305557951182703	0.0	0.0	
6.662091416027424	28.89894531882214	0.0	0.0	
6.996292863634576	29.562084583380347	0.0	0.0	
7.295355589928386	31.489821747230945	0.0	0.0	
8.031498315457265	0.01568274502287159	0.0	0.0	
7.503740833600419	0.7747336746997789	0.0	0.0	
7.748934671081511	1.5800523312462007	0.0	0.0	
8.120497799326218	3.183762063751616	0.0	0.0	
7.638842470312235	4.038985352232575	0.0	0.0	
8.054680298976763	5.4444814077775545	0.0	0.0	
7.756459585502276	6.232958964978523	0.0	0.0	
7.682824825322173	6.513728967674118	0.0	0.0	
8.493842031784492	8.473784207534637	0.0	0.0	
7.5036508371494595	8.647829090317883	0.0	0.0	
7.626270284626818	9.601568028525058	0.0	0.0	
7.5150974722275965	10.760005578460618	0.0	0.0	
7.8924526933326415	11.673621791311442	0.0	0.0	
8.040081645441305	12.538929593395999	0.0	0.0	
8.032126498491959	14.283426664368212	0.0	0.0	
8.252436650080952	15.483854076081212	0.0	0.0	
7.93572324606485	16.219595672250428	0.0	0.0	
7.976157546689009	17.447882121771325	0.0	0.0	
8.270101902798876	18.138923648905575	0.0	0.0	
8.393937846139373	19.02156101213287	0.0	0.0	
8.495829098923297	19.518069265482442	0.0	0.0	
8.358872474760194	20.996631075666397	0.0	0.0	
7.58732652136935	21.67207732425147	0.0	0.0	
7.88136494262759	22.956533772499153	0.0	0.0	
7.910586476550841	23.90906401569141	0.0	0.0	
7.888781961512913	25.201076858689145	0.0	0.0	
7.757263705338296	25.899800015326427	0.0	0.0	
8.478603869318766	26.858863596625035	0.0	0.0	
7.892097512343309	28.203146159207186	0.0	0.0	
8.092973507804789	28.72010209928336	0.0	0.0	
7.518571757573949	29.81179438461152	0.0	0.0	
8.444703155851254	31.401770569708365	0.0	0.0	
9.191570849708961	0.06589349402609923	0.0	0.0	
9.288308227858144	1.3395585934340977	0.0	0.0	
9.35600334748235	2.164849467462356	0.0	0.0	
9.441932267554868	3.2581123949838644	0.0	0.0	
9.4473354422076	3.625124982026605	0.0	0.0	
9.147651239228688	4.71861769493518	0.0	0.0	
8.834343870350525	5.941753948220476	0.0	0.0	
9.169542575851569	6.845698073469105	0.0	0.0	
9.094119664996162	7.507177759825563	0.0	0.0	
8.647557507664308	8.618048181426383	0.0	0.0	
8.973067913741597	10.228171681453006	0.0	0.0	
8.84983870899419	10.913530868565866	0.0	0.0	
9.301501701346343	12.01668709707721	0.0	0.0	
8.936400106926403	13.063401531863018	0.0	0.0	
9.276105829102814	14.022994343594018	0.0	0.0	
8.808210068686366	15.390133616667343	0.0	0.0	
9.140616210902223	15.862623212434139	0.0	0.0	
8.925984153087365	17.052747653022024	0.0	0.0	
8.56236693500442	18.32819145909754	0.0	0.0	
8.926572802711059	18.706220333410116	0.0	0.0	
9.041494001109182	20.16979801216628	0.0	0.0	
9.233968295529184	20.553147719656476	0.0	0.0	
9.250788251438834	22.254895954446734	0.0	0.0	
8.95889012264513	23.157490547705503	0.0	0.0	
8.961619809911795	23.827058310673646	0.0	0.0	
9.012089811207938	24.937602264400287	0.0	0.0	
8.72663757132936	25.707052409782598	0.0	0.0	
9.042044371358683	26.71384630359892	0.0	0.0	
9.30414546776272	28.43622129761737	0.0	0.0	
9.314681680638513	29.480711388616516	0.0	0.0	
9.006078676750018	30.02868547354378	0.0	0.0	
9.051224817557795	30.909489821845806	0.0	0.0	
9.770792739554706	0.21534955721812565	0.0	0.0	
9.668518955940252	1.3017730341506246	0.0	0.0	
10.215100036069183	1.5004528214374888	0.0	0.0	
10.389830759650447	2.8180297393302243	0.0	0.0	
10.492054712587306	3.5001633413489506	0.0	0.0	
10.147119681780758	5.460605847450738	0.0	0.0	
9.91621502138925	6.168580259719714	0.0	0.0	
10.013859019529914	6.724363472284639	0.0	0.0	
9.660636814630115	7.955048345721897	0.0	0.0	
10.328990751120038	8.952925082620464	0.0	0.0	
10.234259623995936	9.531719428473119	0.0	0.0	
10.22385400658414	11.36740855777679	0.0	0.0	
9.716306565667514	12.415039426795474	0.0	0.0	
9.760810766909785	13.17613699677211	0.0	0.0	
10.300582446585171	13.586371012457226	0.0	0.0	
9.797235763697028	15.19572815321671	0.0	0.0	
10.116573605081847	15.839103387109201	0.0	0.0	
10.138322392132448	17.05173181842636	0.0	0.0	
9.59513866240941	17.887578979737253	0.0	0.0	
10.115315027421186	19.009047833784372	0.0	0.0	
9.622120779612432	20.232763379309198	0.0	0.0	
10.444029179597711	20.580366558590292	0.0	0.0	
9.95633143737721	22.463974881859002	0.0	0.0	
10.45689907852707	23.44916766521058	0.0	0.0	
10.306492526248155	24.118237319757622	0.0	0.0	
9.935600213693395	25.457460987910626	0.0	0.0	
10.376262479224545	26.12053901332195	0.0	0.0	
10.37218606923635	27.056004441356	0.0	0.0	
9.923071147461366	27.832338775969585	0.0	0.0	
10.134338426394928	28.727906693771676	0.0	0.0	
10.427011397575832	30.07174631462647	0.0	0.0	
9.691167380625977	30.587940839010653	0.0	0.0	
10.695268663345804	0.3672494579724176	0.0	0.0	
11.499544421470263	0.5771733194791988	0.0	0.0	
11.180610509667165	1.5842107289850134	0.0	0.0	
11.352051285516287	2.648940251555758	0.0	0.0	
10.753312175814346	3.677469420247783	0.0	0.0	
11.489853349766154	4.946701310162582	0.0	0.0	
10.58730524902155	6.10145276707845	0.0	0.0	
11.259595792739889	7.381423327622722	0.0	0.0	
10.824865804485073	8.258039905027758	0.0	0.0	
10.733290445247967	9.328574918227229	0.0	0.0	
11.086283201404754	9.769162582646935	0.0	0.0	
10.744990308200586	10.978750926411212	0.0	0.0	
10.895279276169946	12.211825846469086	0.0	0.0	
11.190777390106845	12.687171613647541	0.0	0.0	
10.623348254889038	13.80804170475161	0.0	0.0	
11.229264108500184	14.550023556205383	0.0	0.0	
10.858227375016172	16.091245475273706	0.0	0.0	
11.137437411913625	17.239219738704563	0.0	0.0	
10.982384408232663	18.095674508082478	0.0	0.0	
10.768931566562754	19.24889446265491	0.0	0.0	
10.95172609595917	19.98840643404104	0.0	0.0	
10.89521597761505	20.61699822843567	0.0	0.0	
10.984110679407928	21.58310544146699	0.0	0.0	
10.500389657469718	23.21286300163016	0.0	0.0	
11.2178702486732	23.79089055004609	0.0	0.0	
10.60522290783979	25.259945333742024	0.0	0.0	
11.074343579572728	25.99542028055594	0.0	0.0	
11.242395721456225	27.342462513020283	0.0	0.0	
10.594199024942741	28.16969557846738	0.0	0.0	
11.410443363889899	28.8487453894773	0.0	0.0	
11.391883556370239	30.004766795187162	0.0	0.0	
10.668339931244828	30.7177553860033	0.0	0.0	
12.440301846097334	0.49956354467821873	0.0	0.0	
11.508033956861306	0.5625090629029833	0.0	0.0	
12.43770207975682	2.0905861069216427	0.0	0.0	
12.454034696804953	3.3021778190228908	0.0	0.0	
12.191248300068745	4.3990460287521245	0.0	0.0	
11.924538284902223	4.990817196280747	0.0	0.0	
12.265843040781297	5.825896758687465	0.0	0.0	
12.270795970555799	6.753359954351184	0.0	0.0	
11.78194690442337	7.781655914885433	0.0	0.0	
12.247572681413928	8.561249389147143	0.0	0.0	
12.357047509186032	9.938635779325981	0.0	0.0	
11.597122905616976	10.924264937787193	0.0	0.0	
11.525793163956038	11.916845670390472	0.0	0.0	
11.66482947917508	12.956936934113138	0.0	0.0	
12.344355607736103	14.031841924580638	0.0	0.0	
11.51657934374824	15.047358384164946	0.0	0.0	
11.935066633877241	16.11871077491244	0.0	0.0	
11.580573672383471	16.817958412046192	0.0	0.0	
11.756609371880458	17.50169232481866	0.0	0.0	
12.161407742530686	19.136695528595972	0.0	0.0	
12.308855354098014	20.30294376526872	0.0	0.0	
11.740323630513728	21.295566818957674	0.0	0.0	
12.167394115509657	21.57557564851621	0.0	0.0	
12.296045876104959	22.899108525000432	0.0	0.0	
11.788409605681185	23.813144868330095	0.0	0.0	
12.419652415180115	24.54324967726653	0.0	0.0	
11.903717570871926	26.11370503668134	0.0	0.0	
11.670350382789856	26.877363730163655	0.0	0.0	
11.525320189019626	27.79461582755238	0.0	0.0	
11.698641420838355	28.947307676177786	0.0	0.0	
12.158142083846899	30.076205455802565	0.0	0.0	
12.431819619804093	30.877812333524773	0.0	0.0	
12.81488967227406	0.10251932579357903	0.0	0.0	
13.373745471086188	1.2196827977566271	0.0	0.0	
13.377922905284004	1.9748179843959845	0.0	0.0	
13.053333665675545	2.972383150820064	0.0	0.0	
12.627512384457207	3.9828738832780304	0.0	0.0	
12.71109490489294	4.896819666152855	0.0	0.0	
13.38602815199951	5.521709257654394	0.0	0.0	
13.035303175154882	6.56206653001187	0.0	0.0	
13.256912497970667	7.973830813863475	0.0	0.0	
13.36568990985546	8.755218689733857	0.0	0.0	
13.294772277858678	10.018510581141717	0.0	0.0	
13.197728104855498	10.519069849887876	0.0	0.0	
12.679858808936523	11.803658056647924	0.0	0.0	
13.15491788735297	13.204829160255287	0.0	0.0	
12.790328000807584	14.022824892784424	0.0	0.0	
13.410420762656702	15.1199049102654	0.0	0.0	
12.752149778202563	15.7616138906182	0.0	0.0	
12.936571498328368	16.99362711397743	0.0	0.0	
13.335955075244676	18.469497232721388	0.0	0.0	
12.917182459628375	18.972045395918208	0.0	0.0	
12.728142859935232	20.15030912015323	0.0	0.0	
12.721472128387683	21.33094112910078	0.0	0.0	
12.69169231523165	22.31660016343819	0.0	0.0	
13.343892361863762	23.353272030106194	0.0	0.0	
13.308399509591245	23.524248050251757	0.0	0.0	
13.124158436469429	25.02693981126228	0.0	0.0	
13.413595966835203	25.75106913765943	0.0	0.0	
12.737601733688997	27.13400687995958	0.0	0.0	
13.445700210225143	28.072543098138052	0.0	0.0	
12.999998713146786	29.25740985172301	0.0	0.0	
12.9738937815603	30.302527038250652	0.0	0.0	
12.570664420983288	31.06954891396265	0.0	0.0	
14.305480415019943	0.1801407325942891	0.0	0.0	
14.155078374842036	1.1210663983246048	0.0	0.0	
13.950686641018239	2.2458699013354715	0.0	0.0	
13.719987048748878	2.823725955063587	0.0	0.0	
14.37561339487999	4.370210476188063	0.0	0.0	
13.980574896122388	5.119260489297275	0.0	0.0	
13.694599989374728	5.776702534648103	0.0	0.0	
14.036533145203567	7.421263856236265	0.0	0.0	
14.39314295102867	7.771875166335479	0.0	0.0	
14.122810777291074	8.522477351208508	0.0	0.0	
13.529832889194704	10.406906383351734	0.0	0.0	
13.715789547959078	10.599552480879364	0.0	0.0	
13.801403033867448	12.451525082637572	0.0	0.0	
14.407711953923306	13.167304683156466	0.0	0.0	
13.86456710274942	13.84302251162876	0.0	0.0	
14.374166805037849	14.515262644571665	0.0	0.0	
14.307719151747808	15.756110006300482	0.0	0.0	
13.57064058353066	16.871916574495835	0.0	0.0	
14.32334558769129	17.835572208415865	0.0	0.0	
14.422270535574242	19.057558614596427	0.0	0.0	
13.88190711414151	20.070335938901636	0.0	0.0	
14.310202271036687	21.247904320780417	0.0	0.0	
14.269608262941182	21.621098381144296	0.0	0.0	
13.907247386659114	23.320133918065835	0.0	0.0	
13.70618241512282	24.15942611540561	0.0	0.0	
13.736732629625234	24.59153157374094	0.0	0.0	
13.86164667667034	25.910959262448156	0.0	0.0	
14.011117762551075	27.49807179668036	0.0	0.0	
14.290720543608353	27.871333381415	0.0	0.0	
14.425649435086473	29.210629713088334	0.0	0.0	
14.377109586818232	30.00684255237881	0.0	0.0	
13.917640698318921	31.31142407032811	0.0	0.0	
15.098237488740317	0.25837601471808813	0.0	0.0	
15.026537659599992	1.2391343811437994	0.0	0.0	
14.82289699590108	1.8353645860674679	0.0	0.0	
14.520661018301103	2.904760402828501	0.0	0.0	
14.936607057128333	4.024863390048737	0.0	0.0	
15.34612333502406	5.309359553515566	0.0	0.0	
14.732367138107831	5.7552649845518165	0.0	0.0	
15.41334578696403	6.996663614848624	0.0	0.0	
15.395143282467755	7.547402055379367	0.0	0.0	
15.017603245991813	9.05389009616692	0.0	0.0	
15.327882997588336	9.800503429427259	0.0	0.0	
14.5251652190042	10.645027353069949	0.0	0.0	
14.59684302886693	12.344536798083125	0.0	0.0	
14.946153723904853	12.96553508825112	0.0	0.0	
14.770038938718404	14.12439709476384	0.0	0.0	
15.397461253571866	15.04144080536829	0.0	0.0	
14.764508777256601	15.853169403796437	0.0	0.0	
14.933790533535594	17.327428903239134	0.0	0.0	
14.969182568030115	17.89802938650673	0.0	0.0	
14.892712620271418	19.164854109522178	0.0	0.0	
14.777534468447113	19.559122177037615	0.0	0.0	
15.10264632129053	20.751551600050387	0.0	0.0	
15.19623297597988	21.781678314877663	0.0	0.0	
15.11438684638438	23.30314265598728	0.0	0.0	
15.14203808863534	24.053003037582112	0.0	0.0	
15.457670757213808	25.490794161972847	0.0	0.0	
14.883976391198676	26.188838611148164	0.0	0.0	
14.622863880433826	26.670677100418487	0.0	0.0	
15.163969845937862	27.543825843185076	0.0	0.0	
15.20683566311895	28.992199921755038	0.0	0.0	
14.957106049131722	30.022356009401204	0.0	0.0	
15.210418195577283	30.745505920754596	0.0	0.0	
15.845546821734251	0.43293302483327156	0.0	0.0	
16.162821768101573	0.966138978264148	0.0	0.0	
16.165907438194328	1.8777894922579579	0.0	0.0	
15.562473757547753	2.776368578094393	0.0	0.0	
15.638239798314512	3.982929213464671	0.0	0.0	
16.425106804079274	4.919161675030468	0.0	0.0	
15.887144590076806	6.0571036984997875	0.0	0.0	
16.00918300029438	6.9985554590278705	0.0	0.0	
16.1642969058491	7.924531175107784	0.0	0.0	
15.96000870473349	8.670732704864804	0.0	0.0	
16.151687346743582	9.802962167370191	0.0	0.0	
15.835329456513106	11.137613874300046	0.0	0.0	
15.505721989437012	11.512088328832244	0.0	0.0	
16.121926367745946	13.062025352768295	0.0	0.0	
15.78398963485721	13.848658224362653	0.0	0.0	
15.876908296976712	14.780471130630591	0.0	0.0	
16.352171545466355	15.603378662745605	0.0	0.0	
16.182699115660444	16.606826963578367	0.0	0.0	
15.790373463187466	17.96834094858476	0.0	0.0	
15.7803166712114	18.72248039825583	0.0	0.0	
15.781369017605678	19.541216918895213	0.0	0.0	
15.974755277342958	21.075044086451104	0.0	0.0	
16.127031615703576	21.67310227178992	0.0	0.0	
15.972177912849878	22.795468152090773	0.0	0.0	
16.188298303828844	23.756784969013253	0.0	0.0	
15.712656287553456	24.55862980292786	0.0	0.0	
16.15243130988116	25.847877456953828	0.0	0.0	
16.2106558660755	26.569427267924127	0.0	0.0	
16.31178342133513	28.217243803163186	0.0	0.0	
15.917306727217925	29.055663010749402	0.0	0.0	
15.552112699167642	29.81013090408693	0.0	0.0	
15.857282208348423	31.09760471156254	0.0	0.0	
17.234701797198266	0.06221882180422833	0.0	0.0	
17.370758873043858	1.271647957104278	0.0	0.0	
17.47604792212743	2.2154623647494502	0.0	0.0	
16.566552034389606	2.5323858775766412	0.0	0.0	
16.579607842288308	4.1701546269605005	0.0	0.0	
17.42301854599189	5.068066877129149	0.0	0.0	
17.260593757907365	5.755503342520633	0.0	0.0	
16.805683440850615	6.505659329834545	0.0	0.0	
16.50383302725234	8.24561252878292	0.0	0.0	
16.956800271110456	9.185452219352332	0.0	0.0	
16.985865554336456	9.929568983657063	0.0	0.0	
17.2115272711514	11.119247323625705	0.0	0.0	
16.981435220114427	12.232519386691177	0.0	0.0	
17.309137784588252	12.781694117023527	0.0	0.0	
16.755232103122363	13.79714570287485	0.0	0.0	
16.83064792511312	14.859818423888727	0.0	0.0	
16.615609411944487	15.939934710575553	0.0	0.0	
16.772931183636324	17.219490232695392	0.0	0.0	
16.604021684970903	17.58989800867264	0.0	0.0	
17.47270046294551	18.51123295094336	0.0	0.0	
17.207646676905377	20.019391290340717	0.0	0.0	
16.94303126882295	21.308277035490107	0.0	0.0	
17.200160657757475	22.35259735289556	0.0	0.0	
17.405902605960314	22.706894727358748	0.0	0.0	
17.417582546583365	24.25104823564889	0.0	0.0	
17.260369614633564	25.07219740938558	0.0	0.0	
16.918037789218562	25.696830801206463	0.0	0.0	
16.583771361800757	27.32300752852575	0.0	0.0	
16.6390731782448	28.368388260525293	0.0	0.0	
17.376843691419342	29.167026531602467	0.0	0.0	
16.663929740440757	30.313803845138292	0.0	0.0	
16.881419195829196	31.29952057056874	0.0	0.0	
17.91094117193084	0.4440987075369146	0.0	0.0	
18.452112242510253	0.5851263760956552	0.0	0.0	
17.90512722865775	1.6148507517737185	0.0	0.0	
18.018089274424952	3.2189207808878906	0.0	0.0	
17.89347497110722	4.270745095213252	0.0	0.0	
18.087421204048574	5.4216319250625125	0.0	0.0	
18.00397796654228	6.0987247749946905	0.0	0.0	
18.220253371574458	6.82072149614736	0.0	0.0	
18.074909099808135	7.582696413032957	0.0	0.0	
17.603021646551262	8.549606797317141	0.0	0.0	
18.318643374383832	9.708397263092685	0.0	0.0	
17.79290792593979	10.680215408362443	0.0	0.0	
18.188011431749963	12.448674209977645	0.0	0.0	
17.540439680864377	12.995670989339343	0.0	0.0	
18.228943467601397	13.621821971290716	0.0	0.0	
18.002342875425796	14.719810365658724	0.0	0.0	
17.990395406869553	16.26270259721934	0.0	0.0	
17.78731918062809	17.020299619066186	0.0	0.0	
17.985981926493466	17.81569129702574	0.0	0.0	
17.61657497936006	19.439830314615065	0.0	0.0	
18.391186907888365	20.412447267656038	0.0	0.0	
18.04920819961914	21.468827503034966	0.0	0.0	
18.37737328652365	21.948683839002012	0.0	0.0	
18.07113256634993	23.021369155100555	0.0	0.0	
18.13197743243732	24.27594754085702	0.0	0.0	
17.840763999692914	24.671804455701896	0.0	0.0	
17.699282028666328	26.177786212959997	0.0	0.0	
17.784335977809516	27.465009261268744	0.0	0.0	
18.28310996225281	28.186355905069092	0.0	0.0	
17.705482800616256	29.180384023437714	0.0	0.0	
18.222251035292736	30.387765045899197	0.0	0.0	
17.808886900009202	31.13782022260532	0.0	0.0	
18.825748632588454	0.10164789370361427	0.0	0.0	
19.06263862540233	1.0304685373216242	0.0	0.0	
19.44536203295199	2.441295971571846	0.0	0.0	
19.226935664793217	2.7046754962321438	0.0	0.0	
18.61511483904025	4.037598993176356	0.0	0.0	
19.361582291558395	4.879146755578147	0.0	0.0	
19.259077543293035	5.679905867123106	0.0	0.0	
19.404647383073097	6.893694774608121	0.0	0.0	
18.610758617477043	8.46458263198191	0.0	0.0	
18.71398546852158	9.472879222724927	0.0	0.0	
19.24649445561433	10.301458109975952	0.0	0.0	
18.72056887749883	11.099608519429223	0.0	0.0	
19.316120690986967	12.047002934819528	0.0	0.0	
18.90154126545649	13.36704034809145	0.0	0.0	
19.094652309675126	14.08363345040331	0.0	0.0	
18.659569794324828	14.81431757084517	0.0	0.0	
19.092755962058998	16.192249220665833	0.0	0.0	
18.932365788064377	16.506815018146355	0.0	0.0	
18.636563712925827	17.585335253182453	0.0	0.0	
19.280367544768662	19.21837215340755	0.0	0.0	
18.86943583860892	20.073369107577804	0.0	0.0	
18.96852460409278	20.774462915936965	0.0	0.0	
18.721292358536427	21.875026332159415	0.0	0.0	
18.89711669700134	23.115465302693153	0.0	0.0	
19.070009443097792	23.786887656130677	0.0	0.0	
19.055317798345314	25.289832338475815	0.0	0.0	
19.414260932967753	26.018885411970725	0.0	0.0	
19.186398015916765	26.577256385116247	0.0	0.0	
18.523823085287482	28.231306590153515	0.0	0.0	
19.20373526199939	28.53264099260234	0.0	0.0	
19.17073110003088	30.35580826032324	0.0	0.0	
18.72250996084046	30.54692497019292	0.0	0.0	
19.50313501555094	0.3556634967446085	0.0	0.0	
20.27038500127263	0.8461690833621754	0.0	0.0	
20.051060076568675	2.0940761287370693	0.0	0.0	
19.73769007782897	3.112856493408759	0.0	0.0	
19.589167152602318	4.292780792173327	0.0	0.0	
19.628889281061074	4.787775435841112	0.0	0.0	
19.62224168787398	5.85662829575583	0.0	0.0	
20.077637133953218	7.418904996499696	0.0	0.0	
19.7100283105455	7.761438900325457	0.0	0.0	
19.971398336667946	9.477094082937109	0.0	0.0	
19.945543401475206	10.005833751929634	0.0	0.0	
20.341755566684085	11.349921399252093	0.0	0.0	
19.887347151753982	12.365920976806507	0.0	0.0	
19.82286191515078	13.157915033831015	0.0	0.0	
19.971677800642173	13.556381800531275	0.0	0.0	
19.904592808323006	14.844189188398484	0.0	0.0	
19.763985343241515	15.753850855471638	0.0	0.0	
20.43989657399141	17.343514182663064	0.0	0.0	
20.065375222158192	18.286680230522805	0.0	0.0	
20.344648616215725	19.007729607342785	0.0	0.0	
19.745398096528803	19.578407622257156	0.0	0.0	
19.900901399906893	21.393438484124133	0.0	0.0	
19.70305053054316	21.86755859587121	0.0	0.0	
19.76527765102251	22.890181592589386	0.0	0.0	
19.897105908218617	24.02804548053718	0.0	0.0	
20.063262233897458	25.038868267220664	0.0	0.0	
20.091229024777096	25.789571568783234	0.0	0.0	
19.52385510749805	27.487949584607243	0.0	0.0	
19.903771420932184	28.230602245579032	0.0	0.0	
20.39080425700648	28.553030056894155	0.0	0.0	
19.604662567342288	29.754282457366354	0.0	0.0	
19.840627679472675	31.477157670439638	0.0	0.0	
21.290373176288746	0.18843086685344457	0.0	0.0	
21.49546377000962	1.4424987990092673	0.0	0.0	
20.812800207804994	2.2671738134508828	0.0	0.0	
21.274365965705734	2.9125777273708913	0.0	0.0	
21.110858141159632	4.167725719126208	0.0	0.0	
20.607061861814536	4.781736058500543	0.0	0.0	
20.896745381977084	6.043594693216812	0.0	0.0	
20.88118903021256	6.944632133130589	0.0	0.0	
21.051019846728643	7.929275527339822	0.0	0.0	
21.28155673201118	8.963022840209764	0.0	0.0	
21.29077404508193	9.996496096296239	0.0	0.0	
20.97451168910944	11.312678673751618	0.0	0.0	
21.012579674101673	11.667392303132408	0.0	0.0	
21.489845253813595	12.588411562159397	0.0	0.0	
20.852646485417758	14.475681221398181	0.0	0.0	
20.638876538842837	14.506153171581836	0.0	0.0	
21.158867052928247	16.342810024489225	0.0	0.0	
20.997734069378307	16.87517803533765	0.0	0.0	
21.17368818667749	17.74933852750037	0.0	0.0	
20.897466790302953	18.96169225116096	0.0	0.0	
21.00493076309211	20.121632855558076	0.0	0.0	
21.439715514314415	21.428529754104286	0.0	0.0	
20.895254247483464	21.970714925768636	0.0	0.0	
21.451113664334514	22.80868063510125	0.0	0.0	
20.86039015609965	24.165652193739717	0.0	0.0	
21.239345993579434	24.819236911289543	0.0	0.0	
21.427555550061356	25.874516804691304	0.0	0.0	
20.848495418920564	27.15857638054689	0.0	0.0	
20.686969458387313	28.427915082128298	0.0	0.0	
21.18139874412835	28.79520327800569	0.0	0.0	
21.28138208618809	30.419683083042475	0.0	0.0	
20.780079016776646	31.26229742842229	0.0	0.0	
21.893822419558763	0.43698451620161594	0.0	0.0	
21.800918078751558	1.2577856958423477	0.0	0.0	
21.88403447109514	2.447246855337485	0.0	0.0	
21.992470186059503	2.7650618663679527	0.0	0.0	
21.91294374521668	4.479663767855201	0.0	0.0	
22.190053267417756	4.736699206874638	0.0	0.0	
22.15667115983252	5.750571699880627	0.0	0.0	
22.018500081457567	6.9221612736370375	0.0	0.0	
21.580029438842363	7.955555896755444	0.0	0.0	
22.126839363901393	8.578318732458161	0.0	0.0	
22.10686545511744	10.124270340641962	0.0	0.0	
22.078500342168095	10.910600762752422	0.0	0.0	
21.656057823834555	12.276114690084363	0.0	0.0	
21.779337226383003	13.252692790484133	0.0	0.0	
22.185530378356336	14.000909501044712	0.0	0.0	
21.721576190368616	14.568265078865139	0.0	0.0	
21.97552059740299	15.743814849785052	0.0	0.0	
21.772480100108826	16.581028901121734	0.0	0.0	
22.24076822596487	17.94384242222367	0.0	0.0	
21.545961126201313	19.397174582766283	0.0	0.0	
21.596303133322657	19.755851792492866	0.0	0.0	
21.862929360629877	21.314333837395225	0.0	0.0	
22.25779727994169	22.320187089432395	0.0	0.0	
21.641403680167095	22.554820738228567	0.0	0.0	
21.51691370178328	23.573691768291443	0.0	0.0	
22.16624513061356	25.472899421810002	0.0	0.0	
21.921629350451877	26.419275448686204	0.0	0.0	
22.122879294733337	27.269878031795727	0.0	0.0	
22.07625153333745	28.257299109107766	0.0	0.0	
22.40174952335878	28.84208031863128	0.0	0.0	
22.31345378167274	30.0084326501422	0.0	0.0	
21.699772335981514	31.18095297022334	0.0	0.0	
23.042110288428255	0.10293622186675844	0.0	0.0	
23.24877119533169	1.3881510521884897	0.0	0.0	
22.841240542361035	2.340429710302402	0.0	0.0	
22.832975269723345	3.0565361878431188	0.0	0.0	
23.346413349611513	3.7453109848006134	0.0	0.0	
23.489465329487274	5.344708585936115	0.0	0.0	
22.800239786942363	5.573343462941431	0.0	0.0	
22.527567777745496	7.39988102595547	0.0	0.0	
22.79468381133556	7.74513865129652	0.0	0.0	
23.098513635227803	8.693444581674777	0.0	0.0	
23.10277860927127	9.872065354222604	0.0	0.0	
22.97094250221172	10.790348215226581	0.0	0.0	
23.219231394800495	11.683771482511306	0.0	0.0	
22.764223485747575	12.53600550207367	0.0	0.0	
22.92134081192648	13.971440868760103	0.0	0.0	
23.215444546278004	14.580576881286401	0.0	0.0	
23.172683890253733	16.02511571363748	0.0	0.0	
22.696074423727904	17.208318429894756	0.0	0.0	
22.663100423346997	18.096185818240624	0.0	0.0	
22.82899141438202	18.573092759104377	0.0	0.0	
22.820456443337502	20.2097377706714	0.0	0.0	
22.80326011855592	20.53090190827512	0.0	0.0	
23.340929492732613	22.31631987022097	0.0	0.0	
23.04651545488747	22.69368121763725	0.0	0.0	
23.453052570701825	23.99433842816993	0.0	0.0	
22.881933914454734	25.38520209583794	0.0	0.0	
22.6852867923501	26.48925322819536	0.0	0.0	
22.549556967861502	26.756315320193377	0.0	0.0	
22.760695558125335	27.655380365317257	0.0	0.0	
22.793215924364567	28.943704730060343	0.0	0.0	
23.019958848584405	30.019087930023762	0.0	0.0	
23.02505793761945	30.89146344501637	0.0	0.0	
24.053422150027483	0.29496748836526243	0.0	0.0	
24.143645336756308	0.9892885336438795	0.0	0.0	
23.64280869499131	2.1876286261511204	0.0	0.0	
23.685575802997754	3.3973586616515186	0.0	0.0	
23.963402889871002	4.144501156952637	0.0	0.0	
24.060982923107538	4.849093483107588	0.0	0.0	
24.45879177493094	5.7474054220990425	0.0	0.0	
24.014949605183556	6.889411603823861	0.0	0.0	
24.208518392818018	8.235274869012825	0.0	0.0	
23.949841026683618	8.596048086607318	0.0	0.0	
23.829137506795327	9.936282354574939	0.0	0.0	
24.04037209086545	11.110746916287562	0.0	0.0	
24.34983234222757	12.299326029407762	0.0	0.0	
23.81451859605312	12.8497013953935	0.0	0.0	
24.47174060229785	13.990753558822766	0.0	0.0	
23.859152983942153	15.175657068989603	0.0	0.0	
23.542342709749175	16.06096551802609	0.0	0.0	
23.553330861690732	16.80512212199027	0.0	0.0	
23.884927347528066	18.08938690664523	0.0	0.0	
23.963666882361135	18.972691455768576	0.0	0.0	
24.10589069207979	20.499485940988826	0.0	0.0	
24.13522247538241	20.992112067131764	0.0	0.0	
24.253648165889082	22.019724366335222	0.0	0.0	
23.760868337790342	23.37978189037869	0.0	0.0	
23.850754442921883	23.62361628631821	0.0	0.0	
24.21784060159288	24.906930712472892	0.0	0.0	
23.7823198861712	25.670294567666353	0.0	0.0	
23.591772178775987	26.888035628762353	0.0	0.0	
23.57047299439464	28.187428466645596	0.0	0.0	
23.61711919889629	29.286047701220273	0.0	0.0	
24.42651875299885	29.61948962919337	0.0	0.0	
23.987887126039666	30.82331252053803	0.0	0.0	
25.0352486582647	0.029998120095995673	0.0	0.0	
25.219968656502346	0.9131237237450822	0.0	0.0	
25.314491962573246	2.340657023396544	0.0	0.0	
24.77817607004503	3.47052574506712	0.0	0.0	
25.24752373631808	4.399815538468847	0.0	0.0	
25.39660711075987	5.098131933022255	0.0	0.0	
24.964269744531258	5.959965091838029	0.0	0.0	
25.45618596914658	7.049304959873234	0.0	0.0	
24.520837456499304	7.585158509502035	0.0	0.0	
24.61054915660869	9.44093302357317	0.0	0.0	
24.801525869426424	9.693559001273368	0.0	0.0	
25.311883657522557	10.761928170574054	0.0	0.0	
25.46231235081245	12.112107380064861	0.0	0.0	
25.101452730985585	13.23976526842253	0.0	0.0	
24.51898518329676	14.404845233217937	0.0	0.0	
25.051165732815583	14.965086668265513	0.0	0.0	
24.568952465948737	15.670348057300673	0.0	0.0	
25.06066589952738	16.812444212770643	0.0	0.0	
25.48944859710926	17.85854183149018	0.0	0.0	
24.986588884028507	19.35789966818236	0.0	0.0	
24.88424935539794	20.30831892143294	0.0	0.0	
24.55939380607709	21.388109534394694	0.0	0.0	
25.37369857943261	21.896959006311903	0.0	0.0	
25.07802076730537	22.775098449900877	0.0	0.0	
25.084164280928103	23.965407693359555	0.0	0.0	
25.32266291476046	24.99509724840091	0.0	0.0	
25.031548504260265	26.488992085089066	0.0	0.0	
25.44152178996984	27.068160456121483	0.0	0.0	
25.242747795663206	28.25883095356168	0.0	0.0	
25.04399562097552	29.017271574777237	0.0	0.0	
25.482855032227054	30.246924114215084	0.0	0.0	
24.97882884193123	31.39391555524624	0.0	0.0	
25.539911360080794	0.47372238031312996	0.0	0.0	
25.56805439574122	0.7833115088372896	0.0	0.0	
26.25773995925686	1.801704475525706	0.0	0.0	
25.629492631060298	3.300480875953143	0.0	0.0	
26.03877380805113	3.6982174362299967	0.0	0.0	
25.767268545616645	4.735378034978764	0.0	0.0	
26.43774544440211	6.32046978748266	0.0	0.0	
25.652210011143474	7.312822682205823	0.0	0.0	
26.32999595371255	7.616944701716978	0.0	0.0	
25.977287290553427	8.75279020637794	0.0	0.0	
25.999000443060083	10.12166918442611	0.0	0.0	
25.705314767982486	11.017439852998473	0.0	0.0	
26.48125834996418	12.139049192261407	0.0	0.0	
25.720398382258246	13.135515979690597	0.0	0.0	
26.439526933735678	13.864613809996477	0.0	0.0	
26.406007636465286	15.040772550986164	0.0	0.0	
26.100572013440715	15.99074015286514	0.0	0.0	
25.98611541852383	17.498928316221036	0.0	0.0	
26.280296932677004	18.273522288124404	0.0	0.0	
25.829553337381334	18.746118416053125	0.0	0.0	
26.203379082711127	19.72144547455134	0.0	0.0	
25.514403809812897	20.876902988499463	0.0	0.0	
26.388559466493643	22.055240174366524	0.0	0.0	
25.772693724556483	22.610363348637975	0.0	0.0	
26.3605892738935	23.83705096499022	0.0	0.0	
25.651764575586256	24.968977059134946	0.0	0.0	
25.826236866399324	26.166905007365308	0.0	0.0	
25.78740331225111	26.50731388310097	0.0	0.0	
25.745746151814565	27.951362625660522	0.0	0.0	
25.766806206233387	29.20326276877376	0.0	0.0	
26.061271407647133	29.563581897488643	0.0	0.0	
25.805134006892466	31.284063099214084	0.0	0.0	
26.96138140487557	0.13424167529807685	0.0	0.0	
27.14090309515995	0.8083007747558942	0.0	0.0	
27.31777873469559	2.3936758021749363	0.0	0.0	
26.93473963192925	2.685843236877505	0.0	0.0	
27.448591878608358	4.499096393049599	0.0	0.0	
27.461381348144627	4.77836232105519	0.0	0.0	
26.611019545508707	6.250398620939056	0.0	0.0	
27.46833884998684	6.51075309834326	0.0	0.0	
26.925137123429234	8.062959196818477	0.0	0.0	
27.132836730500642	9.218564011330468	0.0	0.0	
27.160273897657618	9.965581507470883	0.0	0.0	
27.16863782403279	11.280793400601093	0.0	0.0	
26.85775214713447	11.677105927766235	0.0	0.0	
26.586405637759775	13.113573182489237	0.0	0.0	
26.725047982078753	14.04360345108021	0.0	0.0	
27.316158765830487	14.798269011262128	0.0	0.0	
27.327656829002326	15.935523732386496	0.0	0.0	
26.8284165069922	16.93207692139012	0.0	0.0	
27.226831077170566	17.50053485485893	0.0	0.0	
27.202896349619348	19.494367783817122	0.0	0.0	
26.590457756569485	19.673173764874374	0.0	0.0	
26.87753255918792	21.05725466072984	0.0	0.0	
27.078113598018966	22.302360325320187	0.0	0.0	
27.017206107819487	22.507562632676603	0.0	0.0	
26.922407797182537	24.237191133347476	0.0	0.0	
27.387664126231176	24.673085779242122	0.0	0.0	
27.185929446148567	26.191115978332085	0.0	0.0	
26.73508221808358	27.038800658994536	0.0	0.0	
27.127628058869487	27.64356093868357	0.0	0.0	
27.29896104661364	29.137034073204507	0.0	0.0	
27.067633672800174	29.77863923375577	0.0	0.0	
27.18705065140661	30.54165760101635	0.0	0.0	
27.743804849247635	0.32812781211490905	0.0	0.0	
28.332672295148843	1.0559234178537142	0.0	0.0	
28.169491994231173	2.42009962070797	0.0	0.0	
28.00038469924372	2.997290536790066	0.0	0.0	
27.510118737095834	3.8861243431830887	0.0	0.0	
27.589048007590602	4.6706315367395	0.0	0.0	
27.92848251491075	6.446186227818218	0.0	0.0	
27.652765095153597	6.788284571763586	0.0	0.0	
28.18149478482611	8.283016961934205	0.0	0.0	
28.223738068621266	9.135974419076758	0.0	0.0	
28.106478283334056	9.783128899049897	0.0	0.0	
27.92415481861858	11.12843370111508	0.0	0.0	
27.795634450696813	11.56165025589718	0.0	0.0	
27.889858932476695	13.27663906253904	0.0	0.0	
27.90970267422672	13.763770474231173	0.0	0.0	
27.878170477229183	15.108037911342072	0.0	0.0	
28.451292959540712	15.866933823429894	0.0	0.0	
28.328940230980674	17.416447839253184	0.0	0.0	
28.08279314437427	18.17285336224835	0.0	0.0	
27.9419253211316	18.791844185381933	0.0	0.0	
27.741698442259292	20.16145465738845	0.0	0.0	
28.031006189082262	20.584443244712165	0.0	0.0	
27.551720166568334	21.537505770114507	0.0	0.0	
28.303758725130997	23.036851734606714	0.0	0.0	
28.027841012498133	23.908541784827655	0.0	0.0	
28.429506105592512	25.254462454460292	0.0	0.0	
28.023397772368188	25.684553623019898	0.0	0.0	
27.632628747767153	26.864711877509873	0.0	0.0	
27.528416472060094	28.311008368557655	0.0	0.0	
28.10567054582269	29.41212009982986	0.0	0.0	
27.841624398067495	30.288191123097953	0.0	0.0	
28.172787774131862	31.26119970004588	0.0	0.0	
29.11730611357708	0.05721068321276823	0.0	0.0	
28.679760214306025	1.298091079094509	0.0	0.0	
29.081083047218463	2.4274992699517344	0.0	0.0	
29.441597867124017	3.1268431423890095	0.0	0.0	
29.1981103195505	4.33914844630828	0.0	0.0	
28.5485980290873	5.225701516374176	0.0	0.0	
28.909207480362042	6.140573624207015	0.0	0.0	
29.003851238561662	6.927347454197437	0.0	0.0	
28.633324415609323	8.082272504620997	0.0	0.0	
29.438074100306064	8.83920371954295	0.0	0.0	
29.417440886007626	9.541650977867405	0.0	0.0	
28.871752065885367	10.779051147748273	0.0	0.0	
29.137131911842108	11.820181248096606	0.0	0.0	
28.92828530019685	12.533674813236049	0.0	0.0	
29.176429918216762	14.393573825261027	0.0	0.0	
28.596485143413624	14.604966673691617	0.0	0.0	
29.475436004084084	16.211944162205555	0.0	0.0	
28.766991138074953	16.66331841337724	0.0	0.0	
28.795545388071762	17.887018823504018	0.0	0.0	
29.196608349675962	18.81577485106566	0.0	0.0	
28.565206872736933	20.303905069066754	0.0	0.0	
28.797434025413533	20.83157207672161	0.0	0.0	
28.805743920450283	22.298439859307386	0.0	0.0	
29.060086755933252	22.74966749809483	0.0	0.0	
29.074313004226912	24.406333687202434	0.0	0.0	
29.307350718142626	24.636077394977743	0.0	0.0	
28.52304547618614	26.09464280215412	0.0	0.0	
29.03733053257161	26.747395701343397	0.0	0.0	
28.653224839260115	28.13900179519234	0.0	0.0	
29.243745073082263	28.883960924856993	0.0	0.0	
29.013047992013597	30.14642253288003	0.0	0.0	
28.6706784873782	31.188232735162355	0.0	0.0	
29.646095065826415	0.4964968496346197	0.0	0.0	
29.5887656650304	0.9362631907481486	0.0	0.0	
30.089630244397668	2.323282288000973	0.0	0.0	
29.572420860961344	2.5179477891282454	0.0	0.0	
30.07916187766423	3.6356322612084813	0.0	0.0	
29.68500670522157	5.089935774532039	0.0	0.0	
29.695478717171568	5.6535677816510015	0.0	0.0	
30.242719811310845	6.552744301315814	0.0	0.0	
30.341586234312327	7.912755135069886	0.0	0.0	
29.51543318430539	8.670444037850416	0.0	0.0	
30.096584249004017	9.740328733470477	0.0	0.0	
29.849633349930507	11.287348416338036	0.0	0.0	
30.43752129075933	12.071252824571	0.0	0.0	
30.108705578133645	12.952303002984856	0.0	0.0	
30.094641131602213	14.255920478688672	0.0	0.0	
29.995128766834043	15.107182310911849	0.0	0.0	
29.803083339480832	16.236760335493624	0.0	0.0	
29.996042372479327	17.379696929653	0.0	0.0	
30.334239158991142	17.623157541650762	0.0	0.0	
29.60533196831509	19.458722575272226	0.0	0.0	
29.942279373041327	19.902076379184578	0.0	0.0	
30.02562758051116	21.359014816062317	0.0	0.0	
29.643017244024218	22.027801680372672	0.0	0.0	
29.734041069706148	23.19764073015924	0.0	0.0	
30.189376259080582	24.282469640997384	0.0	0.0	
29.604122262199656	24.987769060023584	0.0	0.0	
29.9810144409037	25.842796658331814	0.0	0.0	
29.57041304827713	27.23007849520149	0.0	0.0	
29.905789044140334	27.66962324671705	0.0	0.0	
29.81891308354673	28.712191710907693	0.0	0.0	
29.520748554451288	29.983799144018743	0.0	0.0	
30.060168752596063	31.089881325204598	0.0	0.0	
31.471467637150948	0.2695749346856797	0.0	0.0	
30.657721860620043	1.0395333042415744	0.0	0.0	
31.438285871855463	1.506511027577598	0.0	0.0	
31.466355033708098	3.3434451919010364	0.0	0.0	
31.18576028665651	4.282093775054594	0.0	0.0	
30.668190373811548	4.869613552881392	0.0	0.0	
31.472373837796066	5.532390306466609	0.0	0.0	
30.913148302551303	7.0624500377785155	0.0	0.0	
30.507169329585015	7.573568408168102	0.0	0.0	
30.726759601895946	8.837563758081266	0.0	0.0	
30.996106730585538	9.674161282551024	0.0	0.0	
30.898522554473843	11.011817975334978	0.0	0.0	
30.71911689439696	11.950406226971756	0.0	0.0	
30.693950529517785	13.304857810589157	0.0	0.0	
30.778747913416325	14.364072849258466	0.0	0.0	
30.89287057759093	15.373590348949286	0.0	0.0	
30.99930177830932	15.654912631410483	0.0	0.0	
31.064888495129242	17.007897695093313	0.0	0.0	
31.076339227219176	18.364565078296785	0.0	0.0	
30.533241584900217	18.684416080958616	0.0	0.0	
31.11027670424691	19.895188577891805	0.0	0.0	
31.23510410138207	20.854618123488326	0.0	0.0	
30.775914877083096	22.16345563408821	0.0	0.0	
30.80631587863066	22.71216852541688	0.0	0.0	
31.49047692017126	24.42481363552646	0.0	0.0	
30.63462632415884	24.629772871336517	0.0	0.0	
30.550431149434743	25.98369197138579	0.0	0.0	
30.755593838830663	27.486164791094634	0.0	0.0	
30.813387976015335	28.218784511611243	0.0	0.0	
31.429890910876342	29.421210175396986	0.0	0.0	
31.236834836946606	29.86570820036841	0.0	0.0	
31.40903824437259	31.325071047705414	0.0	0.0	
