2
32.0	0.0	0.0	0.0	
0.0	32.0	0.0	0.0	
0.32672264232616466	0.19732156268723966	0.0	0.0	
0.4296799719127984	1.3975897539841093	0.0	0.0	
0.07224471779487929	1.8882044116913885	0.0	0.0	
0.3436410018845957	3.0486567701932614	0.0	0.0	
0.0018856049053200818	4.155552669019158	0.0	0.0	
0.25872709061844945	4.67624450085488	0.0	0.0	
0.007636705050002135	5.911197723488809	0.0	0.0	
0.36464744767547463	6.629363208172912	0.0	0.0	
0.4348564932863216	7.704191797441562	0.0	0.0	
0.1855463173101839	9.323907436151488	0.0	0.0	
0.23279552860335362	10.29302316543507	0.0	0.0	
0.2748248136141459	11.222970612040147	0.0	0.0	
0.16249623949676584	11.657515454641569	0.0	0.0	
0.4583552261031809	12.56955704164991	0.0	0.0	
0.22463271548825992	14.445628652255705	0.0	0.0	
0.2240756782801958	15.259317042102154	0.0	0.0	
0.02669320942297171	15.585688813849991	0.0	0.0	
0.49575284764103844	16.907238784609635	0.0	0.0	
0.3015998779426241	17.745723652448547	0.0	0.0	
0.022567735523558174	18.633239436525425	0.0	0.0	
0.0008332233739174466	19.99233905222047	0.0	0.0	
0.12205149076828115	20.636126362593195	0.0	0.0	
0.2461390268899606	22.00196817948239	0.0	0.0	
0.15753252593532852	23.27500142316845	0.0	0.0	
0.4279872879985208	23.93151269823622	0.0	0.0	
0.29591158864970546	24.956091208612836	0.0	0.0	
0.3767394793808947	25.572846002572195	0.0	0.0	
0.013115461670915707	27.39541690486513	0.0	0.0	
0.1446630190517042	27.56585681477185	0.0	0.0	
0.2148697440116677	28.956752105516962	0.0	0.0	
0.0802936205081971	30.03568364008023	0.0	0.0	
0.21451538583192586	31.42852872427581	0.0	0.0	
1.2851723411865181	0.37598670895458963	0.0	0.0	
0.720669991379165	1.20093472613318	0.0	0.0	
1.1029231084676834	1.7504327928828882	0.0	0.0	
1.0351813333832576	2.6101612842745547	0.0	0.0	
0.565210573298166	4.323332968436647	0.0	0.0	
1.1748719368361122	5.359540126910089	0.0	0.0	
1.4042742664722616	6.2064038679313605	0.0	0.0	
1.1920371169007993	7.037006782720113	0.0	0.0	
0.9873998078518992	8.42015267126929	0.0	0.0	
0.8406783163227227	9.396913251691599	0.0	0.0	
0.5756909939844653	10.114625838698636	0.0	0.0	
0.9412297577799618	10.636395611630913	0.0	0.0	
0.6688552675291173	11.78907577625812	0.0	0.0	
1.2043727399700406	12.870085551507728	0.0	0.0	
1.2835463586118094	14.231094557641132	0.0	0.0	
0.8561680757828399	15.296374770601702	0.0	0.0	
1.0234541529990997	16.316837856374054	0.0	0.0	
1.353664268115804	16.67418119300909	0.0	0.0	
1.152740111906879	18.190611175800623	0.0	0.0	
1.1665930502505795	19.151743556695497	0.0	0.0	
1.114405102022135	19.824131265816174	0.0	0.0	
0.9385002722694904	20.61318464578005	0.0	0.0	
1.0057732216785418	21.805465283377327	0.0	0.0	
1.097116221359636	22.814092793098933	0.0	0.0	
0.7470223045131718	24.31074780672677	0.0	0.0	
0.981280802194425	24.827578494870234	0.0	0.0	
0.9740074077167886	25.94592481771503	0.0	0.0	
0.9126449914485678	27.318225379700458	0.0	0.0	
1.1711700015928725	28.295527821771984	0.0	0.0	
1.223715760570816	29.34462079143581	0.0	0.0	
0.5895094675996297	30.084842235937877	0.0	0.0	
1.3769526223135946	30.683109792365926	0.0	0.0	
1.7458068485889409	0.21007904868845884	0.0	0.0	
1.5774734549930545	1.3458252639595574	0.0	0.0	
1.6059758154651858	1.8754807927448116	0.0	0.0	
2.4228438406992625	3.218861031417155	0.0	0.0	
2.29653391677187	3.684413328079355	0.0	0.0	
1.6402488377473974	4.705092641481077	0.0	0.0	
2.1410797618764996	5.777074148559878	0.0	0.0	
2.177492301504582	6.594602661182154	0.0	0.0	
1.5504766890227326	8.187559328470407	0.0	0.0	
2.272863161520062	8.722567647506985	0.0	0.0	
1.8396347473651429	10.48539846205826	0.0	0.0	
2.402752137321018	10.890084971397505	0.0	0.0	
1.9909734436093076	11.988621647861175	0.0	0.0	
2.4157467638613204	12.976553788724996	0.0	0.0	
1.691472133223991	13.736226892987782	0.0	0.0	
1.920756047467544	14.81937797502151	0.0	0.0	
2.175713217577332	15.770772964127625	0.0	0.0	
1.974974037552654	16.614093802621777	0.0	0.0	
2.477188374143439	17.910501996586433	0.0	0.0	
2.38288652191897	19.104008693983438	0.0	0.0	
2.36467640828414	19.69214895780142	0.0	0.0	
1.8725053809013685	21.048203973301177	0.0	0.0	
1.8321016679436382	22.434763089252343	0.0	0.0	
1.7990695845812152	22.56307377682853	0.0	0.0	
1.5953776594046416	23.56562939317934	0.0	0.0	
1.8148039675354712	25.103426844297594	0.0	0.0	
1.8305165988972631	26.39052525793033	0.0	0.0	
1.7096255048178841	26.710269580066257	0.0	0.0	
2.3939444334512836	27.626079135478513	0.0	0.0	
1.7908653264029222	29.237600520224568	0.0	0.0	
1.860582437341341	29.70245806313909	0.0	0.0	
1.5585398390032745	30.70970062882627	0.0	0.0	
3.3698192367202258	0.011628506623545087	0.0	0.0	
2.6799435114775165	0.9300759527297677	0.0	0.0	
2.6333007346549366	1.8188016634597028	0.0	0.0	
2.7689312313938874	2.606053687349575	0.0	0.0	
3.2611760398441176	3.7767675674055954	0.0	0.0	
3.1505841265816197	4.708031232443152	0.0	0.0	
3.3452680138568236	5.863261458266863	0.0	0.0	
2.887771657568882	6.643859168159216	0.0	0.0	
2.560020527260259	8.033320546734615	0.0	0.0	
3.174024658893937	8.646241007709996	0.0	0.0	
3.45835650397692	9.67318290445388	0.0	0.0	
3.3000687217241156	11.34314647299199	0.0	0.0	
2.678291266623687	11.780614301928354	0.0	0.0	
3.4131971495846027	13.481078627750382	0.0	0.0	
2.696355626853509	13.521781339083958	0.0	0.0	
3.210576059683823	15.301911513192696	0.0	0.0	
3.0552170029363466	16.208768531621544	0.0	0.0	
3.174596559683575	16.741767117101535	0.0	0.0	
2.9313022608901544	18.290320853988458	0.0	0.0	
3.444111246856766	18.781256771533656	0.0	0.0	
2.892024968866418	20.297398387216276	0.0	0.0	
3.289249107128053	20.649573332132714	0.0	0.0	
3.4249619714603066	21.507398355666638	0.0	0.0	
2.5998074048005915	23.496130312191564	0.0	0.0	
2.677860463347529	23.959697931479415	0.0	0.0	
2.7211820546601064	24.63017860712901	0.0	0.0	
3.1817297906763224	26.423554776230592	0.0	0.0	
3.442311953311307	26.735964471036485	0.0	0.0	
3.453835737456676	28.061047090993558	0.0	0.0	
2.813092435940985	28.958648438264067	0.0	0.0	
2.8744968485458724	29.882798985758672	0.0	0.0	
2.8510502824991018	30.678659794397507	0.0	0.0	
4.04503325037116	0.11525077497014669	0.0	0.0	
3.683625293789284	0.7121748819307095	0.0	0.0	
4.044095127441204	2.0880288488830923	0.0	0.0	
3.915177439073698	3.3898481791585677	0.0	0.0	
4.360782822246784	3.698281814788088	0.0	0.0	
4.081278669552773	4.896561086477709	0.0	0.0	
3.6919409282277833	5.943917387312517	0.0	0.0	
3.7344054463401366	7.325224287794376	0.0	0.0	
3.9090467549100936	7.686185167933188	0.0	0.0	
3.970576341135407	9.250827339404127	0.0	0.0	
3.60447410518433	9.958530752914356	0.0	0.0	
3.5394037155081515	10.887010553215001	0.0	0.0	
4.395918488122866	11.531319190307597	0.0	0.0	
3.951440879527617	12.912184213489208	0.0	0.0	
3.836191430816937	13.992305881320371	0.0	0.0	
4.387298590011859	14.92005761592956	0.0	0.0	
4.464278658664464	16.47859918308692	0.0	0.0	
4.362845725538237	17.380439881205042	0.0	0.0	
3.759428392986192	18.151118824944927	0.0	0.0	
3.563861212903766	18.658335379282164	0.0	0.0	
3.828672106320554	19.59271414931103	0.0	0.0	
3.8873434847412307	20.955262926097166	0.0	0.0	
4.356260542498868	22.087563418031266	0.0	0.0	
3.9264281285082707	23.289363870028517	0.0	0.0	
3.841064535994658	23.59694117806659	0.0	0.0	
4.142133222476804	24.717151326347786	0.0	0.0	
3.580338447854584	25.50701816385558	0.0	0.0	
4.4022586370097665	26.68560415100747	0.0	0.0	
4.448410524970601	28.26333126265574	0.0	0.0	
4.438357068426722	29.07831834036111	0.0	0.0	
3.8505148270219745	29.968902989605006	0.0	0.0	
4.060894473723034	30.886703577817176	0.0	0.0	
5.424161176647583	0.35433756456842713	0.0	0.0	
5.4039947550297605	0.9246808101266736	0.0	0.0	
5.3088345455183275	1.6077087562657235	0.0	0.0	
4.902383907812728	2.802006268019688	0.0	0.0	
5.182995592061125	3.78338625589721	0.0	0.0	
5.045866241472028	4.52340669814403	0.0	0.0	
5.320296113095792	6.206571433357766	0.0	0.0	
4.9837727740652	7.389738061467348	0.0	0.0	
5.135123752432535	8.045199289709727	0.0	0.0	
5.11737357236898	9.474630667091997	0.0	0.0	
4.959588454370621	10.149856654069524	0.0	0.0	
4.656421450080554	11.43261533789462	0.0	0.0	
5.073918413192744	12.342364162863527	0.0	0.0	
5.1631369339572375	12.937062088731473	0.0	0.0	
4.725768573241349	13.930280914556636	0.0	0.0	
4.516754399799067	15.195630736270317	0.0	0.0	
4.763487655872406	15.768764395393129	0.0	0.0	
4.931468840462553	17.391889627831134	0.0	0.0	
4.855795298692101	17.644422365146216	0.0	0.0	
5.3226348978253535	19.227370377601225	0.0	0.0	
5.317925148525183	20.190173231763062	0.0	0.0	
4.8108975314020785	20.667874359070908	0.0	0.0	
5.224487945001584	22.41618540119205	0.0	0.0	
5.359456911094912	23.205112379416228	0.0	0.0	
5.095951628628604	24.033544441031815	0.0	0.0	
5.064142894377882	25.067735129206795	0.0	0.0	
4.650618813477694	25.635308533706922	0.0	0.0	
5.016994928066729	27.119124934346022	0.0	0.0	
4.516973577339594	28.24798149602774	0.0	0.0	
5.0744264672987285	28.635862365270494	0.0	0.0	
4.920482662994509	29.57810489912347	0.0	0.0	
5.197302024184904	30.792025793557666	0.0	0.0	
5.6039214670200455	0.17715179240906798	0.0	0.0	
6.236145087010988	0.7447052057071377	0.0	0.0	
6.261087515962827	2.207697790740249	0.0	0.0	
5.816381687829242	3.2076241967666057	0.0	0.0	
5.883419933071153	4.470387493927576	0.0	0.0	
6.082825572798654	5.3142503586448795	0.0	0.0	
6.490182242441437	5.741314020139885	0.0	0.0	
5.691061416023413	7.330110363591953	0.0	0.0	
6.230128615124103	7.902066414911598	0.0	0.0	
6.293977565221933	9.442583327880858	0.0	0.0	
5.895744979579296	10.021726508014337	0.0	0.0	
6.259887758607927	11.318804409289367	0.0	0.0	
6.296630179968605	11.542687105541562	0.0	0.0	
5.920862648793174	13.162296298123362	0.0	0.0	
5.6881252176449495	13.528699510076502	0.0	0.0	
6.026569639627234	15.356869151604727	0.0	0.0	
5.6140722446011715	15.537195762500172	0.0	0.0	
5.7544127068613316	17.424443531350086	0.0	0.0	
5.735902966160962	17.726901998815244	0.0	0.0	
6.12202472570368	18.663749899717494	0.0	0.0	
5.874990512332187	19.752017534324754	0.0	0.0	
6.149491051530021	20.525813285066256	0.0	0.0	
6.112324626630156	22.1115068412813	0.0	0.0	
5.95929177138919	23.04982437042669	0.0	0.0	
5.643930572271891	24.442007207888857	0.0	0.0	
5.957912266921215	25.087046352986935	0.0	0.0	
6.118814081683984	25.79097573794999	0.0	0.0	
5.919494678664555	27.33683023986615	0.0	0.0	
5.5940630257650295	27.7281995963029	0.0	0.0	
5.558339706120534	28.80227853013934	0.0	0.0	
6.479951145208347	29.865816845425922	0.0	0.0	
5.64603886074639	31.357829208277366	0.0	0.0	
6.766206994443515	0.12410117462404902	0.0	0.0	
6.600532227038042	0.7928718067005334	0.0	0.0	
6.5411037135623875	1.9446377862399515	0.0	0.0	
7.179429187431053	3.149209632145172	0.0	0.0	
6.74135671890322	4.108850985251802	0.0	0.0	
7.417289508676341	5.102694887635575	0.0	0.0	
7.159231163252306	6.450272890808984	0.0	0.0	
6.518422414976269	7.144278455458134	0.0	0.0	
6.94000990061427	8.29768155114248	0.0	0.0	
6.977154034891735	9.34950060598089	0.0	0.0	
6.779922199669556	9.833610023561572	0.0	0.0	
6.728380670296811	11.042187244251558	0.0	0.0	
7.017176503788046	12.117741947790288	0.0	0.0	
6.693631656821023	13.03204940369247	0.0	0.0	
7.029373598756623	14.491467809437129	0.0	0.0	
6.55824869972664	15.032609539007865	0.0	0.0	
7.016317358322862	16.140009734798333	0.0	0.0	
6.707117915102405	17.00998604654421	0.0	0.0	
7.0352284221428425	17.997836286702295	0.0	0.0	
6.635549058120628	19.093882988438043	0.0	0.0	
7.295810270381888	20.052051864155263	0.0	0.0	
6.773231539024153	21.255684833099906	0.0	0.0	
7.433926618887497	21.86571002871282	0.0	0.0	
6.644732188631458	23.253377207539994	0.0	0.0	
6.5070827968797325	23.61456429791309	0.0	0.0	
7.198754029759782	25.21372329048704	0.0	0.0	
7.238204933217065	26.051198175428535	0.0	0.0	
6.912868859660151	26.612209187828803	0.0	0.0	
6.827493535129336	28.3755775787485	0.0	0.0	
7.200224209563899	29.153735313067443	0.0	0.0	
6.605948512641016	29.856698513473805	0.0	0.0	
7.236205506728239	30.526385796069974	0.0	0.0	
8.174949311084198	0.03825398106895672	0.0	0.0	
7.695182611456371	0.8112992524085679	0.0	0.0	
7.799927962046312	2.168141404149182	0.0	0.0	
8.203006519378803	2.9575769697606544	0.0	0.0	
8.03223130536162	3.5985983478904466	0.0	0.0	
8.114149626568087	4.766728009591888	0.0	0.0	
7.746045644362878	5.879698459029184	0.0	0.0	
8.33610065560294	7.430581849250574	0.0	0.0	
8.321598758214735	8.231968831918053	0.0	0.0	
8.047982204691296	9.361399621295531	0.0	0.0	
8.219102933288841	10.254946915346475	0.0	0.0	
7.686356293139935	11.264563561453947	0.0	0.0	
7.6029272825724155	11.787711178606415	0.0	0.0	
7.961097768708305	13.045573661203873	0.0	0.0	
7.589734010368852	14.464253447814347	0.0	0.0	
8.311114390627294	14.909649470549903	0.0	0.0	
7.54629708117854	15.661299970016064	0.0	0.0	
7.739825599788803	17.406361442385244	0.0	0.0	
7.569429730092057	18.15811653034371	0.0	0.0	
7.959326769730798	18.542695111970616	0.0	0.0	
8.33891713638878	19.965378798606217	0.0	0.0	
8.305815315098942	20.769719451259828	0.0	0.0	
7.840522248092742	22.209736850529346	0.0	0.0	
7.87038878077584	23.386174532069628	0.0	0.0	
7.776535877870691	23.760458558188336	0.0	0.0	
8.095433883136245	24.693344940963964	0.0	0.0	
7.5117768835211205	25.908571722515617	0.0	0.0	
7.773162845685584	26.79641656754788	0.0	0.0	
7.657849229260479	28.319599034569404	0.0	0.0	
8.417142907935046	28.59273359427513	0.0	0.0	
8.414412966389776	29.895675410054807	0.0	0.0	
7.516745370617992	30.555897024834557	0.0	0.0	
9.237783779389463	0.16917589636296593	0.0	0.0	
8.50613909242141	1.29265382997839	0.0	0.0	
8.506581665467614	2.0692203378335243	0.0	0.0	
8.609129358818041	3.196910641354962	0.0	0.0	
8.685919623130696	3.9345830248741187	0.0	0.0	
9.103700824530703	5.035246693833379	0.0	0.0	
9.322629509808923	6.326166180326709	0.0	0.0	
8.563418337190937	7.050861890029384	0.0	0.0	
8.664180650653579	8.365310058463232	0.0	0.0	
9.36249004720188	8.773250225378968	0.0	0.0	
8.985662744243182	9.578815606034297	0.0	0.0	
8.831700247850344	11.043309891801098	0.0	0.0	
8.91884912451705	12.07084560304233	0.0	0.0	
8.649562102401202	13.166119810193958	0.0	0.0	
9.117389457472926	13.980180169002331	0.0	0.0	
9.182040405418583	14.721846989272022	0.0	0.0	
8.65737633503019	15.80342986721437	0.0	0.0	
9.366625357684299	16.82072096756525	0.0	0.0	
9.459264269864152	17.50774009229819	0.0	0.0	
9.21404813122493	18.99029787615043	0.0	0.0	
9.36161851818241	20.170867493855535	0.0	0.0	
9.418499618030397	20.743221532839208	0.0	0.0	
9.118598010801596	21.696142823611105	0.0	0.0	
8.890004681560857	23.373671080607956	0.0	0.0	
9.174528915623638	23.526018191364845	0.0	0.0	
8.79300532607539	25.05012772340219	0.0	0.0	
8.560170776139415	26.258616537850756	0.0	0.0	
8.962599872119016	26.83015422734591	0.0	0.0	
9.011640443025223	27.653109371672894	0.0	0.0	
9.218459152569674	29.343309144308233	0.0	0.0	
9.157206320321084	30.12502993484742	0.0	0.0	
8.574761455057427	30.612942627268282	0.0	0.0	
9.873908396744278	0.40854335844735556	0.0	0.0	
9.765678692402568	0.8164159676818548	0.0	0.0	
10.039690210518815	1.508873846357404	0.0	0.0	
10.456718431174693	3.4508415774701797	0.0	0.0	
10.385184395339323	4.243712944176956	0.0	0.0	
10.17288818991457	5.0104409083509225	0.0	0.0	
9.989007561595578	5.601111952207662	0.0	0.0	
10.261099431893188	7.281225180187841	0.0	0.0	
10.01059841506067	8.053156865135058	0.0	0.0	
10.23090606573752	9.128624855631841	0.0	0.0	
9.88371575595931	10.252023092441112	0.0	0.0	
9.945612100089264	10.711427912616516	0.0	0.0	
9.828407512007246	12.445994717695292	0.0	0.0	
10.114067122459776	12.799733882525102	0.0	0.0	
9.701052146530529	14.4416777880559	0.0	0.0	
9.538087890840252	15.23932477082817	0.0	0.0	
10.402430859134451	15.878169129822059	0.0	0.0	
10.401689583124208	16.978070873909413	0.0	0.0	
9.913242164272829	18.218147833396664	0.0	0.0	
10.413227172392284	19.314588429680004	0.0	0.0	
9.895324649991943	19.65185410776023	0.0	0.0	
10.18600387068107	20.90975321349251	0.0	0.0	
10.034595618794304	22.105298768327202	0.0	0.0	
10.16794860349331	23.226106388404183	0.0	0.0	
9.741552650113515	23.80949391405449	0.0	0.0	
10.253409673627498	24.76619263393568	0.0	0.0	
9.9358808536183	25.606120234593206	0.0	0.0	
9.631984833411343	27.01373623201933	0.0	0.0	
10.45767154175163	27.988027901073057	0.0	0.0	
10.349765589639112	29.05195365441122	0.0	0.0	
10.424705171406952	30.015220519563687	0.0	0.0	
9.92276919646132	30.549353407753483	0.0	0.0	
11.380134600586615	0.2814388541127022	0.0	0.0	
10.850337083633997	1.272011974748385	0.0	0.0	
11.382217219853374	1.6064817327167897	0.0	0.0	
11.025322296179544	2.5235874272067327	0.0	0.0	
11.385333118384068	3.5940113352753738	0.0	0.0	
10.51750494947197	5.4014684368978205	0.0	0.0	
10.897737524061924	5.740907823576275	0.0	0.0	
11.278604150494248	7.386757183733057	0.0	0.0	
11.270547506293605	7.65195913074963	0.0	0.0	
10.652442140952727	9.017187872639532	0.0	0.0	
10.689322913728304	9.66075569839365	0.0	0.0	
10.664018149261722	10.887838916249702	0.0	0.0	
10.9325444758999	12.057858714030617	0.0	0.0	
10.563710166352887	12.585377860330365	0.0	0.0	
10.952309248860201	14.224506651813048	0.0	0.0	
11.423956548202936	15.048548982672584	0.0	0.0	
11.08030592548518	15.833406223801457	0.0	0.0	
11.203145642871181	16.88253344979095	0.0	0.0	
11.206632106185605	18.247903734415825	0.0	0.0	
10.827217384540097	18.744535702597666	0.0	0.0	
10.830064101235015	19.661481034091246	0.0	0.0	
11.311343285076715	20.831035497589866	0.0	0.0	
11.158958647810147	22.468781348005038	0.0	0.0	
11.399676444030389	22.775812082484027	0.0	0.0	
11.284166594475236	23.91401049060724	0.0	0.0	
10.904833098996372	25.451988419162674	0.0	0.0	
10.564031156792932	25.77149092601363	0.0	0.0	
10.64765574807479	27.336979365092112	0.0	0.0	
10.50081185151017	28.14981459195944	0.0	0.0	
10.888872484710928	29.178916775161493	0.0	0.0	
11.456353569102784	30.331484117563118	0.0	0.0	
10.562243459460918	31.403257708179396	0.0	0.0	
11.517327520670877	0.4555509695771639	0.0	0.0	
11.537678115419983	0.9797500955420898	0.0	0.0	
12.485795863635255	2.448251810262945	0.0	0.0	
11.91726767776246	3.3112616711181517	0.0	0.0	
11.92887824883639	3.858703014361265	0.0	0.0	
12.161085821475197	5.433252300947284	0.0	0.0	
12.480669320955014	5.8085363032962745	0.0	0.0	
12.409653210990825	6.671506574333552	0.0	0.0	
12.05278477561409	7.718784229072924	0.0	0.0	
12.158287085225545	9.43836863193307	0.0	0.0	
12.154768430186397	10.00640864450845	0.0	0.0	
11.709247898207822	10.600396225845893	0.0	0.0	
12.356986416513402	12.47692151452745	0.0	0.0	
12.298558155908967	13.423463801112383	0.0	0.0	
11.542738889776386	13.528797066618546	0.0	0.0	
11.594372348476776	15.322788713156962	0.0	0.0	
12.43650158284476	15.838569858742895	0.0	0.0	
11.512985599875744	16.99699256395922	0.0	0.0	
11.71114263473124	17.94690745502379	0.0	0.0	
11.826274551910934	19.454865157729557	0.0	0.0	
12.302193597405129	20.066723155302547	0.0	0.0	
12.155715166599535	20.680002980588515	0.0	0.0	
12.140314311907904	22.471297372162862	0.0	0.0	
11.597056829243542	23.014069771028815	0.0	0.0	
11.61337699297298	24.269629575299337	0.0	0.0	
12.14952212833082	25.157671118420204	0.0	0.0	
12.064285985093443	26.11297300815108	0.0	0.0	
12.425503378298863	27.051744002771372	0.0	0.0	
11.712457370083461	27.874618108557403	0.0	0.0	
12.150152714457942	28.583072616312553	0.0	0.0	
11.653826854352832	29.96434738334492	0.0	0.0	
11.901604665166378	30.917482605365773	0.0	0.0	
13.265453959460396	0.4990248878550041	0.0	0.0	
12.6387429669214	0.8573030182552038	0.0	0.0	
13.141185780856658	1.9871601368414489	0.0	0.0	
12.999058374693881	2.5438341174599772	0.0	0.0	
12.72871439317791	4.216790224711132	0.0	0.0	
13.119009146912555	5.134248266616882	0.0	0.0	
13.0378602947943	6.313588523149055	0.0	0.0	
12.510163183756474	6.5876422462246635	0.0	0.0	
12.971580910904565	8.306036917535126	0.0	0.0	
12.968480284647063	8.73474771650964	0.0	0.0	
13.43551349885702	9.751182304821599	0.0	0.0	
13.097106693432407	11.483341220194616	0.0	0.0	
12.961201975886127	11.626554924824346	0.0	0.0	
12.787668516478336	12.845030733220664	0.0	0.0	
12.675347232648711	14.316918265727756	0.0	0.0	
13.128781423722138	15.086295355499946	0.0	0.0	
13.384176169764793	16.376952715833685	0.0	0.0	
13.087420358180971	16.667073909288455	0.0	0.0	
13.174900108276418	17.70394209107326	0.0	0.0	
12.584860567904926	18.663069558200032	0.0	0.0	
12.886951065227725	20.355450155961087	0.0	0.0	
13.12367455926436	21.128325205246863	0.0	0.0	
12.82443361612348	22.14287390997777	0.0	0.0	
13.263601437320998	23.453994259699176	0.0	0.0	
12.558302987885485	24.499834831410727	0.0	0.0	
12.753059019722544	24.876840094032524	0.0	0.0	
12.540474843727853	25.76153349110383	0.0	0.0	
13.030029443747551	27.244706810001432	0.0	0.0	
13.105536075716872	27.676965370191624	0.0	0.0	
12.743202071214144	29.364107254519972	0.0	0.0	
13.077634120872101	30.356200164136105	0.0	0.0	
13.05253619225883	31.113575714932047	0.0	0.0	
14.04583936223454	0.003929093031857844	0.0	0.0	
13.565357482319829	1.383537450329024	0.0	0.0	
14.19425264837164	1.5992054457186182	0.0	0.0	
14.312326473569914	2.612226121210987	0.0	0.0	
13.913582188546664	3.9586809613023943	0.0	0.0	
13.94800282323635	5.243166241859649	0.0	0.0	
13.795269985600042	5.748748893455123	0.0	0.0	
13.558459358805584	6.922460546677261	0.0	0.0	
14.016964574164799	7.619095274194766	0.0	0.0	
14.111727218667683	8.84612815781836	0.0	0.0	
14.332918879092437	10.271960239558473	0.0	0.0	
13.723771231396782	11.407062393401866	0.0	0.0	
13.618884678544495	11.811732256627295	0.0	0.0	
14.227706468865296	13.094060574358412	0.0	0.0	
13.525806816452178	14.015815304255552	0.0	0.0	
13.97665181350501	15.373305038489299	0.0	0.0	
13.831113282582262	16.057133334872013	0.0	0.0	
14.236290135877526	17.425507372798318	0.0	0.0	
14.460835485977327	18.150520480203838	0.0	0.0	
14.01844391667575	18.803485997865888	0.0	0.0	
13.813781848814438	19.949855013546337	0.0	0.0	
13.981894473578508	21.310004309801826	0.0	0.0	
13.956988453224419	22.270372736351842	0.0	0.0	
14.385222040148802	22.806888876458384	0.0	0.0	
14.346336121303336	24.26616411593078	0.0	0.0	
14.303245505120742	25.133791327460447	0.0	0.0	
13.757461028874783	26.065824817371276	0.0	0.0	
14.429060046060957	27.245599904782193	0.0	0.0	
13.917564851062293	27.987291824962004	0.0	0.0	
13.946400156341094	29.00443569888825	0.0	0.0	
14.470554065648713	30.07365844826283	0.0	0.0	
14.290375903771356	30.625477498065496	0.0	0.0	
14.646022345279917	0.3322980187693688	0.0	0.0	
15.42815286600524	0.7955730403803372	0.0	0.0	
14.892762652146551	1.7472790994361493	0.0	0.0	
14.575158328594137	2.583662061251071	0.0	0.0	
15.483769578170067	3.990807562534683	0.0	0.0	
15.33229512386036	4.534159385746427	0.0	0.0	
14.598296081882582	6.422789843794982	0.0	0.0	
15.201761296459573	6.755096986240961	0.0	0.0	
14.792589055613396	8.383992771247664	0.0	0.0	
14.597956151123977	8.60002988848984	0.0	0.0	
14.691797444249572	9.523497727542749	0.0	0.0	
14.755608889616807	10.930175592813688	0.0	0.0	
15.077915868815046	12.470615932228494	0.0	0.0	
14.754762312201198	13.322786110601953	0.0	0.0	
15.125562681282133	14.272546072166023	0.0	0.0	
15.0350824116023	15.20590617224984	0.0	0.0	
14.99872249733312	15.975284933510796	0.0	0.0	
15.398375595712626	17.084732569344304	0.0	0.0	
15.459027850748726	17.744254204389605	0.0	0.0	
15.412593446707469	19.426716795953165	0.0	0.0	
14.92987034287057	19.99796514125136	0.0	0.0	
15.263911816861535	20.601971121163533	0.0	0.0	
14.542829301206178	21.692689850657615	0.0	0.0	
14.793997878650133	23.023224428463966	0.0	0.0	
15.211737056978556	24.156841820485727	0.0	0.0	
14.572490823071579	24.76460663337608	0.0	0.0	
15.094065937941734	26.243184671950036	0.0	0.0	
15.021145695887773	27.17226064675184	0.0	0.0	
15.000327323647728	28.164564683108495	0.0	0.0	
14.966498086082396	29.230419508439216	0.0	0.0	
15.485927065893573	30.17170110847222	0.0	0.0	
15.330037699691728	30.794144599100637	0.0	0.0	
16.390810103219312	0.49286483456602204	0.0	0.0	
16.279073613658976	1.312158956548797	0.0	0.0	
15.507952358172446	1.5047344216818663	0.0	0.0	
15.866015052456037	3.4285686663329926	0.0	0.0	
16.237740431506218	3.770849103091045	0.0	0.0	
15.669199256001999	4.6069996209966115	0.0	0.0	
15.578380988485094	5.960819738270451	0.0	0.0	
15.720990717129016	6.671282653041407	0.0	0.0	
16.08442438691274	8.273010864692205	0.0	0.0	
15.960478674296688	9.381098103204671	0.0	0.0	
16.013971445083172	10.31467903500061	0.0	0.0	
16.249231284080654	11.160390462914265	0.0	0.0	
15.829844257644963	12.303578503627596	0.0	0.0	
16.48675377223101	12.692082966708938	0.0	0.0	
16.052424602013083	13.659599661896928	0.0	0.0	
15.609228478728436	14.936611423904749	0.0	0.0	
15.816568886337787	15.576529081568342	0.0	0.0	
16.005248498084335	16.637047904678973	0.0	0.0	
16.365448021705248	17.806373284551896	0.0	0.0	
16.219537808331467	18.550694698366748	0.0	0.0	
16.460935724914666	19.75277016385526	0.0	0.0	
15.523008579220408	21.074938073121675	0.0	0.0	
15.644834623301731	22.02630747262093	0.0	0.0	
15.845868296483362	22.533046940840528	0.0	0.0	
15.615281372015115	23.728074903002803	0.0	0.0	
16.244590709212375	25.43091312901707	0.0	0.0	
15.523875957223373	26.293639961702787	0.0	0.0	
16.498724999502816	26.630361137332404	0.0	0.0	
15.980424612661604	27.94033864253839	0.0	0.0	
15.904906652924513	29.367166616493083	0.0	0.0	
16.396908267367223	30.238469834143586	0.0	0.0	
16.166558575850445	30.704342411947092	0.0	0.0	
16.59792887047009	0.23952386127134007	0.0	0.0	
16.796409482758982	0.5008513917245432	0.0	0.0	
17.389151820331467	2.1497869887651944	0.0	0.0	
16.648225861997943	2.9717758445058022	0.0	0.0	
17.19139089772443	4.499864787805725	0.0	0.0	
16.579718163639946	5.1266105337116095	0.0	0.0	
17.47078587241648	5.660756426670758	0.0	0.0	
17.13959754896393	6.769752588214063	0.0	0.0	
16.827318435313366	7.945930470535017	0.0	0.0	
16.907811911607	8.835393603555318	0.0	0.0	
17.356516634254355	10.186680745143587	0.0	0.0	
16.740290868308197	10.819485956747599	0.0	0.0	
17.186576439126277	11.882665487968922	0.0	0.0	
17.072127550222174	13.224858136979723	0.0	0.0	
17.276651540656257	14.201756915900827	0.0	0.0	
17.462156903549843	14.690707564085075	0.0	0.0	
17.145364908601145	15.93559301466727	0.0	0.0	
16.576000451336103	17.100681666490633	0.0	0.0	
16.903859847630738	17.78404078722261	0.0	0.0	
17.33359846728912	18.523301165658424	0.0	0.0	
17.421346088658257	19.76887364212835	0.0	0.0	
16.706392034016563	21.058707014707956	0.0	0.0	
17.41831714618736	22.4798106971788	0.0	0.0	
16.501870278319124	22.798511795236127	0.0	0.0	
16.85386595899185	23.935167449926066	0.0	0.0	
16.985967069005756	25.352777374876794	0.0	0.0	
17.291999393984568	25.725761671162847	0.0	0.0	
16.598875390403585	26.597203093728965	0.0	0.0	
17.215271512095235	27.83581123378794	0.0	0.0	
17.45866280110058	29.193080102790127	0.0	0.0	
17.31896483615506	29.965716484434605	0.0	0.0	
17.242762419690294	30.697189341583844	0.0	0.0	
18.23067794647551	0.44860482525236356	0.0	0.0	
17.997400988809567	1.2001478426160872	0.0	0.0	
18.01073553455036	2.3722776740190916	0.0	0.0	
17.905046763585872	3.016110072880187	0.0	0.0	
17.672275165768536	3.898577928873334	0.0	0.0	
17.533170720909244	5.433273756991367	0.0	0.0	
17.825034107174435	5.789515865999299	0.0	0.0	
18.402253453217632	7.228107894570149	0.0	0.0	
17.836160977372362	7.552192975392046	0.0	0.0	
17.949657506732144	8.988365183922667	0.0	0.0	
17.81686674775718	10.174307936748345	0.0	0.0	
17.7705705027686	10.830584892853595	0.0	0.0	
17.722554597207612	11.903345995594455	0.0	0.0	
17.684075764401243	12.553361159623854	0.0	0.0	
18.337692687482832	14.022100010022752	0.0	0.0	
18.157832441141093	15.301741206649236	0.0	0.0	
18.16666929435715	15.836067145975917	0.0	0.0	
17.605934598615637	17.090079042364973	0.0	0.0	
18.38575714059248	17.960545820658368	0.0	0.0	
17.70924486588007	19.124036446125412	0.0	0.0	
17.693842823369135	20.119042459377333	0.0	0.0	
18.26234146509535	20.52856869255719	0.0	0.0	
17.959616230326766	22.109028662362988	0.0	0.0	
18.228890230928315	22.85197647569716	0.0	0.0	
18.106411757889376	24.46586904836229	0.0	0.0	
18.454264208501414	25.242759016241916	0.0	0.0	
18.387756606408125	25.94945169761056	0.0	0.0	
17.602657175160257	26.57684161422095	0.0	0.0	
18.178751647701198	27.818525161639702	0.0	0.0	
18.07733387131461	28.7422802811992	0.0	0.0	
18.143790213934512	30.449470291846346	0.0	0.0	
18.341488993268257	30.827143311516515	0.0	0.0	
19.12667709068799	0.056567606180453645	0.0	0.0	
18.754735912058916	0.8010827436073776	0.0	0.0	
19.45093356771618	2.0838923780553182	0.0	0.0	
19.08862451904559	2.558324505774266	0.0	0.0	
19.477675170514708	3.5101796204946276	0.0	0.0	
18.697155324755915	4.94384733272763	0.0	0.0	
18.683107646289137	5.532727785086971	0.0	0.0	
18.689833401152946	7.293194641794284	0.0	0.0	
19.4264507081448	7.7699695938554285	0.0	0.0	
19.115836024761958	8.706121406631276	0.0	0.0	
19.401638733497503	9.78811240447131	0.0	0.0	
19.325708719865172	11.191939055953949	0.0	0.0	
19.05357254409413	11.845406650686781	0.0	0.0	
19.275698451848257	13.317309568511407	0.0	0.0	
18.7680937708063	14.317669529244606	0.0	0.0	
19.084483676650628	15.298096021816587	0.0	0.0	
18.668798993887506	16.343625977518844	0.0	0.0	
19.355166544022392	17.33742341954918	0.0	0.0	
19.297364697383706	17.90353534121336	0.0	0.0	
18.639983928707373	19.267118777379764	0.0	0.0	
19.116556635891655	19.755754230764023	0.0	0.0	
19.00297003999947	21.016855253007755	0.0	0.0	
19.15103566365465	22.015231303338147	0.0	0.0	
19.461289319180395	22.95938300525359	0.0	0.0	
19.470583700434208	23.998876685865923	0.0	0.0	
19.143725369620537	25.179727228634448	0.0	0.0	
19.04081283948713	25.524813588524378	0.0	0.0	
18.805203974126865	27.007968690696163	0.0	0.0	
18.695747460090235	28.24351887236875	0.0	0.0	
19.001427197891566	28.879444897954517	0.0	0.0	
18.638236479592642	29.88820019387698	0.0	0.0	
19.376586566228337	30.644897014689494	0.0	0.0	
20.365593331787654	0.48601030622464725	0.0	0.0	
20.47057002165737	1.0272077212373238	0.0	0.0	
19.64301456191126	1.6382399243083745	0.0	0.0	
20.041457390863094	2.923511809675244	0.0	0.0	
19.71596181346163	3.54082024854027	0.0	0.0	
20.47255557015851	4.668835074339335	0.0	0.0	
19.842459780614444	6.038071022443943	0.0	0.0	
20.16469080739945	6.500614800574806	0.0	0.0	
19.845048815790797	7.812275979402692	0.0	0.0	
19.765436320104584	8.566094477607741	0.0	0.0	
20.432488344917825	9.518349610887414	0.0	0.0	
20.372850791724545	10.947411904203378	0.0	0.0	
19.89713934257334	12.10866194952752	0.0	0.0	
19.698306799753215	12.848057105078546	0.0	0.0	
20.432728102208223	13.92188041958615	0.0	0.0	
19.9525202818851	15.304650106813671	0.0	0.0	
20.102762567461482	16.05244916056241	0.0	0.0	
19.895668850781227	17.428238217402875	0.0	0.0	
19.861090917856362	18.2932314623665	0.0	0.0	
19.748059170902664	19.01773519862628	0.0	0.0	
20.179064618585382	19.541587109585976	0.0	0.0	
19.832927190372118	21.42963985510979	0.0	0.0	
20.412097745638516	21.96720916795031	0.0	0.0	
20.062543167654855	22.893748350181934	0.0	0.0	
19.755768752743695	23.98548404095994	0.0	0.0	
19.52644667743084	24.94762533236331	0.0	0.0	
20.141678937145194	25.82507155247572	0.0	0.0	
20.047555451702436	26.788853140278786	0.0	0.0	
20.19237258234983	28.36195441442432	0.0	0.0	
20.164151699863552	28.991155156117138	0.0	0.0	
19.51145256579482	30.254315167150285	0.0	0.0	
20.08185500990198	31.011585378848864	0.0	0.0	
21.25178853069849	0.3106869456516621	0.0	0.0	
20.626943678913324	1.1640307231786284	0.0	0.0	
21.318461976341062	2.1189916242221427	0.0	0.0	
21.064155806674094	2.696207024633202	0.0	0.0	
21.24542849215008	3.9227301491671076	0.0	0.0	
20.90471457296597	5.0396032640554065	0.0	0.0	
20.535472161247913	6.136931126204434	0.0	0.0	
20.7031121292906	7.008525693482787	0.0	0.0	
21.29471616914407	7.757824949749123	0.0	0.0	
21.3994298168398	9.244185458738423	0.0	0.0	
20.885842160682092	10.10254469940465	0.0	0.0	
21.44295473530505	10.551465134071638	0.0	0.0	
21.218408365483512	11.508780885847926	0.0	0.0	
21.016037823578028	12.525048051249314	0.0	0.0	
21.28159365049932	14.144816675114358	0.0	0.0	
21.07340774010516	14.703179112507804	0.0	0.0	
20.551227706538917	15.93732924851829	0.0	0.0	
21.04534673562809	16.517980219732276	0.0	0.0	
20.766013624771176	17.80723263020077	0.0	0.0	
21.208963986862212	19.28339862718471	0.0	0.0	
21.11416775259341	19.87855370039835	0.0	0.0	
20.96352350266955	21.165553150713926	0.0	0.0	
20.954630800077574	22.463948204512313	0.0	0.0	
20.892686001183247	23.136683433990704	0.0	0.0	
20.70498822480747	24.156956654064174	0.0	0.0	
20.920235578917833	24.587360334007435	0.0	0.0	
20.980539999277745	26.471041700172364	0.0	0.0	
20.967094091896467	26.78094962136272	0.0	0.0	
21.017257881660374	28.268433146386236	0.0	0.0	
20.66573350032973	28.51841033252467	0.0	0.0	
20.822001497088394	30.30863776336826	0.0	0.0	
20.564535992775344	30.95159873165442	0.0	0.0	
22.414627806380036	0.4299482152443642	0.0	0.0	
21.821085045521237	1.3045294516318746	0.0	0.0	
22.138324245430727	1.5066572417251964	0.0	0.0	
22.38874123880249	2.555978554894827	0.0	0.0	
21.852056946751784	4.037230346351762	0.0	0.0	
21.752631962307646	4.964749030885903	0.0	0.0	
21.99310598244728	6.37002881666916	0.0	0.0	
21.92192592795418	7.253726478727235	0.0	0.0	
22.079513507158477	8.011308086481307	0.0	0.0	
22.449038418456315	8.782267786863178	0.0	0.0	
21.701609016187994	10.12237306180247	0.0	0.0	
22.086481425586765	11.332167655662595	0.0	0.0	
21.784567940673636	11.823422383554448	0.0	0.0	
22.12181027986793	12.763862536290064	0.0	0.0	
22.32613128337105	13.680477075034984	0.0	0.0	
21.59474282618076	14.66048531438192	0.0	0.0	
21.710763158649556	16.00034887051562	0.0	0.0	
21.785403966108756	16.67604923182205	0.0	0.0	
21.763198074749116	18.13289045130708	0.0	0.0	
22.385749010621467	18.6716676717721	0.0	0.0	
21.51657404134692	20.018239411528622	0.0	0.0	
21.65130784159655	20.762909533301947	0.0	0.0	
22.2646677528681	22.397644431985565	0.0	0.0	
21.653413857384024	22.76303620028865	0.0	0.0	
22.17709286383711	23.77549093923242	0.0	0.0	
22.40518653494008	24.77313739979579	0.0	0.0	
21.997387203383912	26.012808266633172	0.0	0.0	
21.572291292028964	26.719077962402817	0.0	0.0	
22.099424897446887	27.850502017035677	0.0	0.0	
22.109030579895244	28.525014788371493	0.0	0.0	
21.500474885913025	30.397220437843227	0.0	0.0	
22.364479404872043	30.93087643395322	0.0	0.0	
23.271958969980165	0.10894012036892531	0.0	0.0	
22.630255134510012	1.1787871000477743	0.0	0.0	
22.677340388408656	2.4165889835225314	0.0	0.0	
23.40931926692456	3.1286478791920502	0.0	0.0	
22.61291099588028	3.5237593025935308	0.0	0.0	
22.736656061672086	4.558267735561269	0.0	0.0	
23.39839963342215	5.772319570804172	0.0	0.0	
23.360449622283987	6.704908442807948	0.0	0.0	
22.569816585560055	7.84820050565556	0.0	0.0	
22.771981408537318	9.41037747206002	0.0	0.0	
23.223765064953085	10.386890220671186	0.0	0.0	
22.67810946137235	10.860576903717403	0.0	0.0	
22.59311382795374	12.29942529456651	0.0	0.0	
22.50809676050081	12.847310444687201	0.0	0.0	
22.942786714757766	13.575057687672743	0.0	0.0	
23.11290106896167	15.341859851768055	0.0	0.0	
23.413795427399982	15.956661481283405	0.0	0.0	
23.003595673972022	16.774159766928687	0.0	0.0	
23.337662424189922	18.070802192077632	0.0	0.0	
23.290447500328817	19.46616595885414	0.0	0.0	
23.00031497600233	19.677312796152915	0.0	0.0	
22.69862369974155	20.703361154123463	0.0	0.0	
22.55893776040034	21.54128290063627	0.0	0.0	
22.605355326494536	23.0109715116447	0.0	0.0	
23.41232876718857	23.91611490051564	0.0	0.0	
23.032406273539856	25.480671170643724	0.0	0.0	
22.623915774762555	26.180190917650098	0.0	0.0	
22.970671057765045	26.99515152956764	0.0	0.0	
23.101042855210434	27.633594795675773	0.0	0.0	
22.878770080669895	28.50898859735139	0.0	0.0	
23.394023911840645	30.39019943119619	0.0	0.0	
23.311721004111327	30.99664825154542	0.0	0.0	
24.34176834236687	0.19286541494411047	0.0	0.0	
23.560475973295404	1.106993659435887	0.0	0.0	
23.846418945664855	1.7746788172963457	0.0	0.0	
23.950400348634957	2.9659910265159706	0.0	0.0	
23.900131185813986	4.428613165598945	0.0	0.0	
23.962450284427536	5.43628976172906	0.0	0.0	
23.909869347074217	6.320539753992421	0.0	0.0	
23.55559366406289	7.0549788523705	0.0	0.0	
24.36639349228657	8.474338346473921	0.0	0.0	
24.350725080659323	8.927567502560256	0.0	0.0	
24.002615010723254	10.212523089515319	0.0	0.0	
24.09818893739306	11.220592743453276	0.0	0.0	
24.016771944934543	11.715856802252052	0.0	0.0	
23.65479826238471	12.62911539470302	0.0	0.0	
24.275166637654273	13.588910009093565	0.0	0.0	
24.288417469275604	15.362082665129655	0.0	0.0	
24.463272903333934	16.163776100621707	0.0	0.0	
23.53706242353841	17.216142487556528	0.0	0.0	
23.581474185681532	17.953144077862458	0.0	0.0	
23.844848032354815	19.462678311149	0.0	0.0	
23.90131885292234	20.0576228588513	0.0	0.0	
23.544020573428657	20.515995356469425	0.0	0.0	
24.2647205594203	22.148689034507974	0.0	0.0	
24.168899437267797	23.300936428811685	0.0	0.0	
24.173553961292452	24.39515110174658	0.0	0.0	
23.915351724912234	24.80736534633894	0.0	0.0	
23.622560706112196	26.356287735579603	0.0	0.0	
23.802810196915956	27.364771839758912	0.0	0.0	
24.082216708641536	28.009321325936874	0.0	0.0	
24.280050051790163	28.660039568785056	0.0	0.0	
24.19737934116256	30.0884321829449	0.0	0.0	
24.20557277804949	30.965872986110657	0.0	0.0	
24.60829633309852	0.27163995826768117	0.0	0.0	
24.852004983698304	1.010124763573446	0.0	0.0	
24.88625632480268	1.8921701863504992	0.0	0.0	
25.278070370550147	3.1119399312618583	0.0	0.0	
24.664394974437805	3.509206613459197	0.0	0.0	
25.14298665726952	5.103030962644873	0.0	0.0	
25.428156799318348	6.479962838583861	0.0	0.0	
24.606709199082157	6.962211288137592	0.0	0.0	
25.001415574418218	8.090721607004218	0.0	0.0	
25.42444874645249	9.33749518670363	0.0	0.0	
25.413334722605118	9.851214826873708	0.0	0.0	
24.77365385872307	11.328184148232811	0.0	0.0	
24.963747636999027	12.426909637139401	0.0	0.0	
24.97634334570908	13.124904504202567	0.0	0.0	
24.788417406162647	13.603161039268942	0.0	0.0	
25.27146129408691	15.246728272800029	0.0	0.0	
24.875147502427104	16.139758921758677	0.0	0.0	
24.93606033448671	17.05191413135009	0.0	0.0	
25.467679596730253	17.77722965528692	0.0	0.0	
24.957963116652714	19.134322492149245	0.0	0.0	
24.8618160033938	19.743709132058672	0.0	0.0	
24.504363180400706	20.989140835084868	0.0	0.0	
25.30363569496509	22.049600276666432	0.0	0.0	
25.18974142888151	22.556379897973834	0.0	0.0	
24.76949738093084	23.95741836433465	0.0	0.0	
25.026231395469395	24.88361913744337	0.0	0.0	
25.12448593508606	26.37525815461666	0.0	0.0	
25.066106980115034	27.063021302784232	0.0	0.0	
25.07377312761009	28.183828033249238	0.0	0.0	
25.320025476948384	29.222563467776943	0.0	0.0	
25.125410432182978	30.39665288088246	0.0	0.0	
24.85554420146808	31.368383702052345	0.0	0.0	
26.336968768527854	0.11222080129475409	0.0	0.0	
26.12121341505265	0.6139252734482671	0.0	0.0	
25.83289843301903	1.6542371818478512	0.0	0.0	
25.572029542612633	2.7197167697352844	0.0	0.0	
25.55013505928328	4.477273473017375	0.0	0.0	
26.197063471687052	5.485080625756265	0.0	0.0	
26.0219143657667	5.562824522262927	0.0	0.0	
25.785815970114328	7.065615279489985	0.0	0.0	
25.961154656250994	7.804547726366315	0.0	0.0	
25.546358953440684	8.628048829270952	0.0	0.0	
26.341043549503304	9.584591218912152	0.0	0.0	
25.578213958485698	11.405729051004652	0.0	0.0	
25.573741129949056	11.661050102703454	0.0	0.0	
26.08511441564805	12.809572535313483	0.0	0.0	
25.783048504767372	13.598159634381647	0.0	0.0	
26.36168413528701	14.636990223887228	0.0	0.0	
25.82249539596526	15.950721066267015	0.0	0.0	
25.710635423003996	17.41811212301706	0.0	0.0	
25.625403954280863	17.514810939984468	0.0	0.0	
25.638397890290683	19.458013085177083	0.0	0.0	
25.841906503964758	20.297658269076944	0.0	0.0	
25.806568255462658	20.556534065092283	0.0	0.0	
26.004618878284134	21.5819862771961	0.0	0.0	
25.72440026312597	23.090227269124064	0.0	0.0	
25.695524503568798	24.345794335877205	0.0	0.0	
26.23243969420242	25.21390569448891	0.0	0.0	
25.690592967054222	26.44670034385276	0.0	0.0	
25.9836510546007	27.249826361297433	0.0	0.0	
25.985546663945094	27.654525913393528	0.0	0.0	
26.1569872306825	28.638318774781837	0.0	0.0	
26.198752084618867	29.756092706840658	0.0	0.0	
25.774894444853864	31.08429415758249	0.0	0.0	
26.606353345249197	0.3612565890204765	0.0	0.0	
26.624368134891153	0.6562182465169866	0.0	0.0	
26.958859479842655	1.9904208528486742	0.0	0.0	
26.67527316204899	3.07625980138486	0.0	0.0	
26.83973137386949	4.200778520821229	0.0	0.0	
26.911904581959448	5.20689024006082	0.0	0.0	
27.287910030816388	5.815608652319554	0.0	0.0	
26.76890928953642	7.2437487481421945	0.0	0.0	
26.760221470877784	7.707060397181085	0.0	0.0	
26.989126426270765	8.775986610340064	0.0	0.0	
27.235391419169392	10.410810869452979	0.0	0.0	
26.774238314440318	11.320770388888333	0.0	0.0	
26.794154009769038	11.511016728455333	0.0	0.0	
27.245840866326226	13.299961429643133	0.0	0.0	
26.719207216351904	13.998625877448951	0.0	0.0	
26.772588175002184	14.617760399946924	0.0	0.0	
26.946662635347582	15.537888723171521	0.0	0.0	
26.610407301336934	17.015532219438988	0.0	0.0	
27.211071128330715	18.284043336144865	0.0	0.0	
27.190295491500862	18.86367732324933	0.0	0.0	
26.94117580254683	20.310553459610983	0.0	0.0	
26.566377237328954	21.057096607895684	0.0	0.0	
26.79506200946971	21.788731751160086	0.0	0.0	
26.643413812514883	22.898609997717255	0.0	0.0	
26.548872776191185	23.809288460343996	0.0	0.0	
27.353625495217404	24.801280229835154	0.0	0.0	
26.65314293192059	26.47994378567213	0.0	0.0	
27.08551811030579	26.519898756390518	0.0	0.0	
26.5907790591319	28.271383252431818	0.0	0.0	
26.949218491158035	28.818901929411183	0.0	0.0	
26.856244519328307	29.909852742285814	0.0	0.0	
26.7329665369811	30.81007559777069	0.0	0.0	
27.80216919985239	0.1089910423545758	0.0	0.0	
28.237392632985138	1.4692459860643368	0.0	0.0	
27.61362995706939	1.7395968475671428	0.0	0.0	
27.777827395320347	2.962520375129778	0.0	0.0	
27.61817361355343	3.690999237819981	0.0	0.0	
27.587684611518295	5.208258467150059	0.0	0.0	
27.851184434964754	6.437716260084455	0.0	0.0	
27.87831741921401	6.9622101693567835	0.0	0.0	
27.641095247305746	8.164403753835463	0.0	0.0	
28.336413534855055	8.616612823514041	0.0	0.0	
28.47367203225754	10.12279245174636	0.0	0.0	
27.63816591925681	11.362562291042247	0.0	0.0	
28.310335050527303	11.820289726013062	0.0	0.0	
27.853242792012903	13.000410481236724	0.0	0.0	
27.858731927980298	14.060329394110322	0.0	0.0	
27.501102703717937	15.106861190531742	0.0	0.0	
28.360853431431313	15.82607238759074	0.0	0.0	
28.269844697566356	17.241710497457767	0.0	0.0	
27.69374857185285	18.32921528165484	0.0	0.0	
27.58051309685867	18.62312477243386	0.0	0.0	
27.75588048755955	19.900943048903773	0.0	0.0	
27.50848978642622	21.118777190992233	0.0	0.0	
28.312274082892785	22.029269846327303	0.0	0.0	
28.49427460089998	22.917033281117366	0.0	0.0	
28.345092990145517	23.63293227045565	0.0	0.0	
28.485044704123272	24.850390558822415	0.0	0.0	
28.314780807746835	25.811073951516182	0.0	0.0	
28.148945372242164	26.62355828650089	0.0	0.0	
27.999179354102587	27.534295425669555	0.0	0.0	
28.11153594715623	29.41642427488858	0.0	0.0	
28.349697371196214	29.818298674321948	0.0	0.0	
28.452741010362427	31.315855729397466	0.0	0.0	
29.283749076448263	0.11251658674768095	0.0	0.0	
28.541896139896203	0.7868471631717021	0.0	0.0	
29.469655640506804	2.297607222820522	0.0	0.0	
28.98039472051004	2.7752156005978756	0.0	0.0	
29.436058162328077	4.170488409819183	0.0	0.0	
29.246433042198674	5.218455839924587	0.0	0.0	
29.317302639483128	5.863342312772739	0.0	0.0	
29.252612511311042	7.4845394540475	0.0	0.0	
28.604324730453754	8.069804788057352	0.0	0.0	
28.54933092920465	9.24917088652937	0.0	0.0	
28.519722113036998	10.11946382714175	0.0	0.0	
28.916747147543155	10.648148985469728	0.0	0.0	
29.218870848838137	12.075249439220705	0.0	0.0	
29.39112239839109	12.945223144721448	0.0	0.0	
28.698192313483904	14.01901087659376	0.0	0.0	
28.72760059982435	15.194570908953047	0.0	0.0	
28.781458262372183	15.73716956788481	0.0	0.0	
29.068489225904234	17.122045602276017	0.0	0.0	
29.280408028348212	18.16367263944969	0.0	0.0	
29.319171962256362	18.945556480009582	0.0	0.0	
29.285104926666158	20.30081325168634	0.0	0.0	
29.41866185937141	20.955928785478925	0.0	0.0	
29.440571623473325	22.423815414770026	0.0	0.0	
28.751001521757765	22.97770221007196	0.0	0.0	
28.665856196355413	24.441452760712423	0.0	0.0	
29.309351604567265	25.342111744810182	0.0	0.0	
29.35600336203768	26.119913452071767	0.0	0.0	
28.94618695229799	26.83922260912549	0.0	0.0	
28.93059304145376	28.40329272456202	0.0	0.0	
29.393301399307127	28.58697802635674	0.0	0.0	
28.6435679134105	29.63570738680727	0.0	0.0	
29.475251600911232	31.13826243432959	0.0	0.0	
30.19326429404639	0.05792510103483228	0.0	0.0	
29.87735662211849	0.8237262659675842	0.0	0.0	
29.796242617303385	2.307401420770175	0.0	0.0	
30.12304318552328	3.2292697634422938	0.0	0.0	
29.629459134438065	3.6211362754263403	0.0	0.0	
29.70767955389199	4.602740197803154	0.0	0.0	
29.54511199603417	5.783924642900496	0.0	0.0	
30.334511849127896	7.460015916933457	0.0	0.0	
29.63893140180226	8.290227881187937	0.0	0.0	
30.222002455569548	9.356706598077356	0.0	0.0	
30.13329613194564	9.838568533743686	0.0	0.0	
29.86653398954169	10.548376509850229	0.0	0.0	
30.331812012641873	12.237133899944169	0.0	0.0	
29.906422697259067	13.38005378143981	0.0	0.0	
29.88173769694929	14.00803635913926	0.0	0.0	
29.574558254806448	14.934044678212222	0.0	0.0	
29.72825200627287	15.757640495588483	0.0	0.0	
29.688118459405718	16.66554614943224	0.0	0.0	
30.458037874732344	17.6155454311554	0.0	0.0	
30.17255088696082	19.37158037458999	0.0	0.0	
30.249631695750566	20.412668779383544	0.0	0.0	
29.55833318178466	20.66116765166516	0.0	0.0	
30.061441288020568	21.83954755259007	0.0	0.0	
29.778594833841105	23.497325293193406	0.0	0.0	
30.404159197170117	24.129460367021657	0.0	0.0	
29.662095238823014	24.60082221934029	0.0	0.0	
29.897033328107035	26.2653108523818	0.0	0.0	
30.071579653371312	26.51135532940407	0.0	0.0	
29.554936819184867	28.213018018995232	0.0	0.0	
29.557231302579872	29.22860716132993	0.0	0.0	
29.528443199628107	29.630500884612804	0.0	0.0	
30.107008063043057	31.29231569412824	0.0	0.0	
30.521420057145782	0.2187448008223304	0.0	0.0	
31.156521502729806	0.7473458450098659	0.0	0.0	
31.47458107423767	1.5309447484188405	0.0	0.0	
30.72080855958771	3.43607305735417	0.0	0.0	
31.210557712600558	4.280532566852915	0.0	0.0	
30.687481249693928	5.230094397735211	0.0	0.0	
31.298645553013912	6.157856479506564	0.0	0.0	
31.105604067250415	7.143990562333831	0.0	0.0	
31.080780523936166	7.7936810043838625	0.0	0.0	
30.876077377700533	8.56877735045825	0.0	0.0	
30.765913645337573	9.766745971849002	0.0	0.0	
30.987878271468915	11.012082897523582	0.0	0.0	
30.505207920865455	12.398751002879104	0.0	0.0	
31.42770554948014	12.787368681301931	0.0	0.0	
31.07143941906634	14.037900155294755	0.0	0.0	
31.460442733145623	15.193659957125432	0.0	0.0	
30.50489136740474	16.005499741230913	0.0	0.0	
30.785835778923218	17.129855565753633	0.0	0.0	
30.575792402251977	17.789489554297862	0.0	0.0	
31.051801004508352	19.06004297352371	0.0	0.0	
31.348008706321224	19.704651825405247	0.0	0.0	
31.499823207576355	20.94702975792231	0.0	0.0	
30.54129282550995	22.265553682518473	0.0	0.0	
31.158008817626936	23.0428368204202	0.0	0.0	
31.419074346427145	23.64190059847985	0.0	0.0	
31.376406207513945	25.187400571940525	0.0	0.0	
31.01763186400036	26.24984931928498	0.0	0.0	
31.47045946943228	26.79760311322494	0.0	0.0	
30.632092366226036	28.326090444594293	0.0	0.0	
30.98207079118413	29.21581319392227	0.0	0.0	
31.471392863129314	30.3075599440467	0.0	0.0	
31.162330293167763	30.731767831389636	0.0	0.0	
