2
32.0	0.0	0.0	0.0	
0.0	32.0	0.0	0.0	
0.3326934148851346	0.2516086995767811	0.0	0.0	
0.4911191114324496	1.3190640589188352	0.0	0.0	
0.0172394101964084	1.5931546097225082	0.0	0.0	
0.4783116041758724	2.96714939101658	0.0	0.0	
0.18146988389919505	4.050560367510108	0.0	0.0	
0.17772578107809311	4.870700400201637	0.0	0.0	
0.1295121654701601	5.736420938991294	0.0	0.0	
0.23701238582729833	7.499140070003497	0.0	0.0	
0.03793245172530668	7.654013408453384	0.0	0.0	
0.2950923234223003	9.245081586115587	0.0	0.0	
0.210796653186608	10.271666859201561	0.0	0.0	
0.44171760107465396	10.958826498294522	0.0	0.0	
0.09991865202241823	12.399980316541056	0.0	0.0	
0.027946158861003823	13.350489107883307	0.0	0.0	
0.4385559176848197	13.896496859507744	0.0	0.0	
0.3105947313825367	14.6361496966267	0.0	0.0	
0.11920332454146232	16.01876670049307	0.0	0.0	
0.41474352273814885	16.83041104465437	0.0	0.0	
0.42029413886233113	18.376485860293332	0.0	0.0	
0.18867237741178333	18.8983738924941	0.0	0.0	
0.24170004888276986	19.62767182556996	0.0	0.0	
0.26842854289813733	20.875625423037633	0.0	0.0	
0.15837565009560106	22.271381813307237	0.0	0.0	
0.3877356183720555	23.4164821921206	0.0	0.0	
0.4786752058915592	23.682048039985627	0.0	0.0	
0.3344581024137233	25.364276332916205	0.0	0.0	
0.214380636944975	26.087655244900617	0.0	0.0	
0.21914369739425543	26.844752610198327	0.0	0.0	
0.33702597173615434	27.983754596528364	0.0	0.0	
0.23150878969138722	29.41853588104278	0.0	0.0	
0.2724393837684539	29.730251521990674	0.0	0.0	
0.06539544736585401	31.454318457238845	0.0	0.0	
1.3870528014948733	0.21637496984128435	0.0	0.0	
1.3206654946029097	0.6905798052329447	0.0	0.0	
1.0470663448144633	2.464808783040264	0.0	0.0	
1.3629060118068885	3.1101576059651297	0.0	0.0	
1.389615176856955	4.312944453497419	0.0	0.0	
1.2120474646809858	4.959704803306273	0.0	0.0	
1.0872799474688268	6.165739979188335	0.0	0.0	
0.7994095345078662	6.806925397078998	0.0	0.0	
0.5554840908717537	7.601106582682595	0.0	0.0	
0.9381003431473101	8.674035213680009	0.0	0.0	
0.6381487222714002	10.044542584810197	0.0	0.0	
0.8949345050171426	10.591445389486559	0.0	0.0	
0.8828303828375915	11.918972620403858	0.0	0.0	
0.7857706447624172	12.730207036983424	0.0	0.0	
0.8802622050155888	13.585838397248416	0.0	0.0	
0.8442631360089503	14.523961407953758	0.0	0.0	
1.3340938230814894	15.837999965236085	0.0	0.0	
0.5530260796369009	16.575198067700768	0.0	0.0	
1.379046826884198	17.744492151452473	0.0	0.0	
1.4059911761711477	19.364641306468023	0.0	0.0	
1.4860478385090126	20.318803840297992	0.0	0.0	
0.8939463325163454	20.929118286866135	0.0	0.0	
1.4213028241740044	22.027602577904354	0.0	0.0	
0.7122218379932966	22.626077444758714	0.0	0.0	
0.5373475265001351	23.898887086746914	0.0	0.0	
0.6445236053732749	24.76913698120776	0.0	0.0	
0.9857126756709006	25.585710379979833	0.0	0.0	
1.0765256326869768	26.656777239611205	0.0	0.0	
1.4540342082735993	28.449826871324582	0.0	0.0	
1.4302673105285404	29.300417982917068	0.0	0.0	
1.0897530094570984	29.866091207592365	0.0	0.0	
0.6438137428158135	31.11994505089541	0.0	0.0	
1.959272272923386	0.023219159577413606	0.0	0.0	
1.9039898358212506	1.199290046451397	0.0	0.0	
2.419211374557776	2.264402909505296	0.0	0.0	
1.6762817378267036	2.99264797408581	0.0	0.0	
1.5479330905944366	4.115412218769721	0.0	0.0	
2.4802062419983066	5.187984866170633	0.0	0.0	
1.5991692450092372	6.2580816822333905	0.0	0.0	
1.8203866440757883	7.358229747497267	0.0	0.0	
1.621992221835955	8.093664473391698	0.0	0.0	
2.148955515177697	9.470152238485188	0.0	0.0	
1.8831850003068487	9.80701643376114	0.0	0.0	
1.6451145904307645	10.70979309119022	0.0	0.0	
1.9752046074726608	11.817274616436412	0.0	0.0	
1.7530152274280417	13.494944346390508	0.0	0.0	
1.5021813861465465	13.62702440084033	0.0	0.0	
1.6761508747727207	15.460339988015301	0.0	0.0	
2.1095374467417667	16.33121577477455	0.0	0.0	
2.059609090771572	17.00984631868134	0.0	0.0	
2.330126367217675	17.733340006736597	0.0	0.0	
1.8978990633175452	18.900372183516662	0.0	0.0	
2.219648427220556	20.28639285559617	0.0	0.0	
2.0433342224596616	20.720094894639974	0.0	0.0	
2.3180094847396404	22.26111142687178	0.0	0.0	
1.7390980148001018	22.876528122077158	0.0	0.0	
1.9787878309436313	24.221532248769226	0.0	0.0	
2.027579519669407	24.91643743082586	0.0	0.0	
1.916465267756487	25.661065509347253	0.0	0.0	
1.7689844942301804	26.686530155568462	0.0	0.0	
2.351432020641718	28.0358592442702	0.0	0.0	
1.8675658900404213	29.042833737585834	0.0	0.0	
1.5326333452633183	30.133410289071904	0.0	0.0	
2.111274766895096	30.598324629940038	0.0	0.0	
3.4803319481625214	0.19032684391354993	0.0	0.0	
2.544577732319148	0.8434392958584244	0.0	0.0	
2.661494976402031	1.7940211285910785	0.0	0.0	
3.4759725991325348	2.8694357833931616	0.0	0.0	
2.9739889442431897	3.5169173177972177	0.0	0.0	
3.1577827518539716	5.336883429745665	0.0	0.0	
3.4193901166568486	5.715575571636569	0.0	0.0	
3.38735146714336	7.358611630899791	0.0	0.0	
2.9196731639846867	7.918013543524524	0.0	0.0	
3.012716691921989	8.783948474070794	0.0	0.0	
2.548762570988406	10.203796668218565	0.0	0.0	
2.5152507012381724	10.917412111764087	0.0	0.0	
3.1520389890788527	12.140200688799117	0.0	0.0	
2.703633496704414	13.137310880647199	0.0	0.0	
2.8427224000498783	13.922040446675954	0.0	0.0	
2.9420104282804953	14.967331117657706	0.0	0.0	
2.7278492882757632	15.67141197720331	0.0	0.0	
3.3985218575133347	16.978910018095327	0.0	0.0	
3.396696963777531	18.07399271946595	0.0	0.0	
2.9192697293950975	19.149764341308323	0.0	0.0	
3.11486656769933	20.251989445009965	0.0	0.0	
3.305207938103436	21.060056419263777	0.0	0.0	
3.1740125556952385	22.336646677872082	0.0	0.0	
3.408394403321591	23.349250257162907	0.0	0.0	
3.4160537771537474	24.370419874875438	0.0	0.0	
3.3466997263131093	25.034424963362422	0.0	0.0	
3.2823579012007453	26.382609834450783	0.0	0.0	
2.5886218818888453	26.547357762030778	0.0	0.0	
3.2679885550282033	28.166946184069825	0.0	0.0	
3.1699898184499578	29.371011885959536	0.0	0.0	
2.7670163413595064	30.111669097182965	0.0	0.0	
2.8760203714484716	31.334402808109793	0.0	0.0	
3.8621403707735347	0.3241586641778842	0.0	0.0	
4.454173121167288	0.9784620754971657	0.0	0.0	
3.5820597162713503	1.7103687492932043	0.0	0.0	
3.6869966859629697	3.02061763522012	0.0	0.0	
3.676962656310578	4.3162297916324395	0.0	0.0	
4.0775475795435385	5.392865450973609	0.0	0.0	
4.084305348689669	5.854317980389046	0.0	0.0	
4.174219910169473	7.479244056904299	0.0	0.0	
4.402733993406209	8.116307701855112	0.0	0.0	
4.478930697628485	8.99201948815574	0.0	0.0	
4.327188952343463	10.242207074024545	0.0	0.0	
3.511070775353543	10.782187141211843	0.0	0.0	
3.8599405640908238	12.031383954378416	0.0	0.0	
4.053529895619932	12.789226741910793	0.0	0.0	
3.888972186467587	13.786189015565188	0.0	0.0	
4.065370637428754	15.118060282544887	0.0	0.0	
4.4073439476684	16.286375216950756	0.0	0.0	
3.5401671469301945	17.39637382026031	0.0	0.0	
4.162438358349339	18.067471831067294	0.0	0.0	
3.983171878806869	18.500131348848637	0.0	0.0	
4.148100820673359	19.82352701858591	0.0	0.0	
3.8360095053789673	21.236903555649718	0.0	0.0	
4.237053042634648	21.8479742214913	0.0	0.0	
4.246409458387871	23.285155420686916	0.0	0.0	
3.849535763905231	24.10902784900637	0.0	0.0	
4.3743897085265795	24.528693324032844	0.0	0.0	
4.2687754429972085	25.568133727749636	0.0	0.0	
4.040220870060101	27.347639847738478	0.0	0.0	
3.9410894628163913	28.432452646504938	0.0	0.0	
3.7515800617318766	28.71429610572518	0.0	0.0	
3.6669658389154782	29.660086585585404	0.0	0.0	
3.528113277367213	31.103465729473925	0.0	0.0	
5.273933083940556	0.12670857878888353	0.0	0.0	
4.719366095966544	0.8742903278499444	0.0	0.0	
5.388160762782176	2.421775862028542	0.0	0.0	
5.400152385435645	3.4349709673105524	0.0	0.0	
5.222084786504153	3.9256087386670413	0.0	0.0	
5.295576692525585	5.109871923380021	0.0	0.0	
4.597909972462971	5.601401846953398	0.0	0.0	
5.10853303943689	6.875443040976019	0.0	0.0	
4.846953771329579	8.155572036451382	0.0	0.0	
5.011261806695964	8.971715831137272	0.0	0.0	
5.425159906086305	10.451546230484961	0.0	0.0	
5.408303525974069	11.269109112438109	0.0	0.0	
5.167314766680361	12.050619650953509	0.0	0.0	
4.965502978934258	13.059470690842033	0.0	0.0	
5.182682511122439	13.772063474368998	0.0	0.0	
4.915030768702061	15.451768595880754	0.0	0.0	
5.340534235899162	15.515604593595906	0.0	0.0	
4.570335070205305	17.19134987030859	0.0	0.0	
5.3059956051708435	17.641719265249346	0.0	0.0	
5.45462962980031	19.15635606480154	0.0	0.0	
5.343589655706072	19.954422518230256	0.0	0.0	
5.315243275257799	20.625712803430673	0.0	0.0	
4.532010235940076	22.026333374021718	0.0	0.0	
5.020494192519893	23.4071111606501	0.0	0.0	
5.153394255067878	23.558715296342694	0.0	0.0	
4.907780339107337	25.149641653708432	0.0	0.0	
5.387910883945086	25.741832204614248	0.0	0.0	
4.588312505776666	27.41562890935393	0.0	0.0	
5.309028172114597	28.00647156582668	0.0	0.0	
5.174264014874242	28.70956428337036	0.0	0.0	
5.44575238365869	29.781093422625066	0.0	0.0	
4.625988672765048	30.74906268995631	0.0	0.0	
5.587048582951526	0.27911027789623744	0.0	0.0	
5.643895116421695	0.9644367595839725	0.0	0.0	
5.966093700867915	2.289122641989694	0.0	0.0	
6.295305049650571	2.775808584505742	0.0	0.0	
5.870841596177526	3.6516255107246085	0.0	0.0	
5.832694891417907	5.286341047037796	0.0	0.0	
6.29508672234471	6.224729378235639	0.0	0.0	
5.783675131633705	6.900667985904233	0.0	0.0	
5.529340885967849	7.827139456353189	0.0	0.0	
6.205197754548496	9.04308236149639	0.0	0.0	
6.110365699881189	9.730772332048378	0.0	0.0	
5.670412052219288	10.795191615817314	0.0	0.0	
5.567039662076531	12.28302704885885	0.0	0.0	
6.2976863170582975	12.9043739540747	0.0	0.0	
6.205034568015794	13.719334625566834	0.0	0.0	
6.178603258393048	14.704604676084886	0.0	0.0	
6.346334262136059	15.595858639136477	0.0	0.0	
6.490105123169328	16.647758255878497	0.0	0.0	
5.572690688809717	18.14751666028164	0.0	0.0	
6.138554631027933	19.360369408752902	0.0	0.0	
6.253902240661868	19.73958146748017	0.0	0.0	
5.710465825331966	21.033154837538852	0.0	0.0	
5.801657358613782	22.161299904059938	0.0	0.0	
6.284850830544023	23.343194245789363	0.0	0.0	
5.992698369979364	23.958546505099704	0.0	0.0	
5.721789638403943	24.543306689231418	0.0	0.0	
5.677082063850277	25.605763654446182	0.0	0.0	
6.335821270366448	26.76062975711951	0.0	0.0	
6.2707734440314224	27.516979919094872	0.0	0.0	
5.888594883144503	28.679919040740756	0.0	0.0	
5.950373279800096	29.671085499819977	0.0	0.0	
5.6257342468697145	30.71832720362824	0.0	0.0	
6.599982335707066	0.0814724862661822	0.0	0.0	
7.37174008202037	0.6220404065731127	0.0	0.0	
7.221023002887087	2.4256921988409945	0.0	0.0	
7.257775918165113	3.0299485606124215	0.0	0.0	
7.267048679902073	3.761711869583303	0.0	0.0	
6.7662275528795135	5.314180394436731	0.0	0.0	
7.074137245900617	6.110309198555478	0.0	0.0	
6.846098748593386	6.576224253824443	0.0	0.0	
6.514848829653547	7.841689429970667	0.0	0.0	
7.373397836183285	9.038178451572175	0.0	0.0	
7.112852053111688	10.47804628625073	0.0	0.0	
6.986001376668461	10.609415430925782	0.0	0.0	
7.006969094891613	11.982922428089948	0.0	0.0	
7.179328892441615	13.089012759233317	0.0	0.0	
6.875661507967947	13.611871032796662	0.0	0.0	
7.300376795710224	15.26479678281736	0.0	0.0	
7.440814068773189	15.668861533404922	0.0	0.0	
6.5976770037236125	16.99591008698663	0.0	0.0	
6.801855799632886	18.00310349680888	0.0	0.0	
7.119474551502	19.421840133442696	0.0	0.0	
6.571013848135573	19.94720061442059	0.0	0.0	
6.860774112940819	20.98092754504176	0.0	0.0	
7.050132154971934	22.266007113739047	0.0	0.0	
6.7770998456699	23.364630849328677	0.0	0.0	
6.904312772402324	24.212495361761295	0.0	0.0	
6.8813300850274155	25.185697539469384	0.0	0.0	
6.5626532559863735	26.49268361255086	0.0	0.0	
7.140758166689773	26.875817083745513	0.0	0.0	
7.220906214247643	27.530684991084385	0.0	0.0	
7.339366600345788	29.174986364907973	0.0	0.0	
7.3140271137237205	30.166477046441155	0.0	0.0	
6.968605203972224	31.21482704277986	0.0	0.0	
8.14090055995742	0.43604594859485757	0.0	0.0	
7.510159530862438	0.6153495766960058	0.0	0.0	
7.803980596034797	1.5525018090841272	0.0	0.0	
8.238502507483743	3.370585527659196	0.0	0.0	
7.867761856372071	3.809522912954876	0.0	0.0	
7.692294330325453	4.728212244538164	0.0	0.0	
7.538098078021394	6.0346049548663405	0.0	0.0	
8.418443960590366	7.165689733330592	0.0	0.0	
8.052377644561064	7.9364946919953185	0.0	0.0	
8.066049698719176	8.7810511081201	0.0	0.0	
7.856923529342881	10.074991234953828	0.0	0.0	
7.942787600846378	10.877641221553812	0.0	0.0	
8.180772972893427	11.67878753957217	0.0	0.0	
8.179101687875358	12.917334050513583	0.0	0.0	
7.922969780884258	13.862136198303583	0.0	0.0	
7.53991781833795	15.344587657861803	0.0	0.0	
8.26228875324295	16.168560097508166	0.0	0.0	
8.13051589358606	17.143520729451748	0.0	0.0	
8.20821828931886	17.606287613772757	0.0	0.0	
7.771303179831866	18.686981489798548	0.0	0.0	
8.427443226009801	20.48883147460412	0.0	0.0	
7.680445860959553	21.171228088066286	0.0	0.0	
8.14934681907437	22.231584747230393	0.0	0.0	
7.646574213436421	23.044759515989455	0.0	0.0	
8.114583748535345	24.199659746113998	0.0	0.0	
8.437339292455434	25.431526736361587	0.0	0.0	
8.459138300207913	25.750259600084892	0.0	0.0	
8.393211344189895	27.157858171520395	0.0	0.0	
8.222926310432301	28.422709672791676	0.0	0.0	
7.5786690537655765	28.53970279925586	0.0	0.0	
7.763675160636654	29.820683236621893	0.0	0.0	
8.189767040622435	30.62472788436126	0.0	0.0	
9.094385152370347	0.14792246523506125	0.0	0.0	
8.88499253839004	0.9607077264230992	0.0	0.0	
9.17440187101873	1.910231054289305	0.0	0.0	
9.272429609372411	2.5914333825917684	0.0	0.0	
8.502301978992174	3.886693488125906	0.0	0.0	
9.42428268880618	4.746857229685218	0.0	0.0	
8.575826456216125	5.701546337285721	0.0	0.0	
8.595640212685565	6.68584275497774	0.0	0.0	
8.598747733659563	7.686769274614283	0.0	0.0	
9.394367689326515	8.957183902829533	0.0	0.0	
8.908382430187425	10.442254671275936	0.0	0.0	
9.305359608663325	10.65035907976839	0.0	0.0	
8.618209202616002	11.86583172100735	0.0	0.0	
8.926092822308066	12.753780000893157	0.0	0.0	
9.462055630206502	13.69269352948581	0.0	0.0	
8.721444209660968	14.974292481999074	0.0	0.0	
8.592043609608377	15.654096117660503	0.0	0.0	
9.231183335592913	17.434709512315692	0.0	0.0	
8.74830926910559	18.298063530397254	0.0	0.0	
9.066174077873894	19.266695924123916	0.0	0.0	
8.559307250202975	19.857809504962628	0.0	0.0	
8.625817891497308	21.266405924286996	0.0	0.0	
8.903738802252898	22.39477833899867	0.0	0.0	
8.837777639512234	23.103268434966513	0.0	0.0	
9.299625375099764	24.040544619341688	0.0	0.0	
8.708491420983123	25.066661922859367	0.0	0.0	
9.319812136671402	25.989047262854477	0.0	0.0	
8.654049846399458	26.68236184555499	0.0	0.0	
8.52991486085468	28.034256059064358	0.0	0.0	
9.205638985375494	29.2726780966689	0.0	0.0	
9.412677266728808	30.12251582685745	0.0	0.0	
9.354656707231454	31.19679208764993	0.0	0.0	
10.118510127740576	0.1291485084207188	0.0	0.0	
10.451442492585201	1.4676684197010061	0.0	0.0	
10.132296458678784	1.8938121983653882	0.0	0.0	
9.599000157622996	2.853957834881922	0.0	0.0	
10.28728054381417	4.389686510780878	0.0	0.0	
9.845889500207724	5.497409703138144	0.0	0.0	
10.368384447420691	5.883041807609996	0.0	0.0	
9.819814379470236	6.794434427496626	0.0	0.0	
10.475316350478128	7.838020060619177	0.0	0.0	
10.382216297786753	8.524047022288116	0.0	0.0	
10.33765772544521	10.176424011046002	0.0	0.0	
9.748688491914365	10.8466522525738	0.0	0.0	
10.382682568329328	12.440217874833078	0.0	0.0	
10.49063449777452	12.809314365370348	0.0	0.0	
10.255782332925268	13.556973693498552	0.0	0.0	
10.110755869636124	14.831666602240311	0.0	0.0	
9.579127203138963	15.705860333417109	0.0	0.0	
9.58564378841601	16.958086026161425	0.0	0.0	
10.002717866309135	17.88606488138698	0.0	0.0	
9.51969134164285	18.984295551385735	0.0	0.0	
10.078925869099	19.88582479906578	0.0	0.0	
10.347362303992941	21.038476091104418	0.0	0.0	
10.324433904314741	21.75755760408163	0.0	0.0	
9.885240166653091	22.814124511983444	0.0	0.0	
10.008108938011434	24.265217615497225	0.0	0.0	
10.23402282631024	24.882432155995907	0.0	0.0	
9.58895938051227	25.9236866263578	0.0	0.0	
9.87937804900228	27.03542268538765	0.0	0.0	
10.270758929343081	27.930659829448928	0.0	0.0	
9.712496786141832	29.183526925374885	0.0	0.0	
9.694952910552109	30.37357922874038	0.0	0.0	
9.737237522404781	30.560535481078485	0.0	0.0	
11.437114089722638	0.18002200861914097	0.0	0.0	
11.359956282013776	1.4029708303597284	0.0	0.0	
10.607303818127033	2.237685984351589	0.0	0.0	
10.932019521929476	3.472020168947569	0.0	0.0	
10.810554095660475	3.9424833776037094	0.0	0.0	
10.578956546927273	5.49970163307556	0.0	0.0	
10.721386779521245	6.038856422386277	0.0	0.0	
11.109144668350716	7.153876078435643	0.0	0.0	
10.639128763956213	7.5066758255330255	0.0	0.0	
10.976372297447899	9.242797639675317	0.0	0.0	
11.456903452667555	9.731797572390477	0.0	0.0	
10.505226089618432	11.003770818666263	0.0	0.0	
10.832450353730822	12.31624774494751	0.0	0.0	
11.12005322371141	13.380408626107304	0.0	0.0	
11.172103783540289	13.956398077497704	0.0	0.0	
11.05789672707583	15.32959737225671	0.0	0.0	
11.483150392503275	15.842525558405196	0.0	0.0	
11.37473930215835	16.584569393174064	0.0	0.0	
11.153754218380989	17.786222186295795	0.0	0.0	
10.894159616455468	18.582848030467996	0.0	0.0	
11.123582042730508	19.69644606791324	0.0	0.0	
11.209536256945801	21.37623611793456	0.0	0.0	
11.042961206551373	22.13577194932397	0.0	0.0	
10.741378164592813	22.96953460778162	0.0	0.0	
10.58184008727636	23.86818258309975	0.0	0.0	
11.370498693555852	24.713412452104894	0.0	0.0	
11.270699303849009	26.173363827967133	0.0	0.0	
10.968367853599867	27.345161144840894	0.0	0.0	
10.90130091106633	28.0481578264247	0.0	0.0	
11.339196172504447	29.279167089591112	0.0	0.0	
10.614985957788488	30.133901843003468	0.0	0.0	
10.939199298360839	30.77613853621413	0.0	0.0	
12.204289047046808	0.23974630991084955	0.0	0.0	
12.245767572026052	0.9219121692740797	0.0	0.0	
11.801964008995208	1.5677585363257776	0.0	0.0	
11.542322917103252	2.646295879238833	0.0	0.0	
12.30800143015989	3.6618385333593366	0.0	0.0	
11.815341196102986	5.304928858140805	0.0	0.0	
11.929181757951053	6.383168667159459	0.0	0.0	
11.97032296204154	6.664170967584266	0.0	0.0	
11.619746935605574	8.063631628569695	0.0	0.0	
12.085110996939658	9.276912750505344	0.0	0.0	
11.766693438708364	10.358059368746696	0.0	0.0	
11.778782048577346	10.64012703637286	0.0	0.0	
12.064368801372364	12.103462223158534	0.0	0.0	
12.191088737629206	13.029432373942127	0.0	0.0	
11.887833774393727	14.323039693294135	0.0	0.0	
12.348407889514855	14.855115512660868	0.0	0.0	
12.31191495035592	15.694591441797424	0.0	0.0	
11.899490398997813	16.76875378472849	0.0	0.0	
12.20622307293013	17.944432554115576	0.0	0.0	
12.284123767238743	18.59217701483669	0.0	0.0	
12.183797510877959	20.475339017572505	0.0	0.0	
12.039928968341352	20.67144316723667	0.0	0.0	
11.574338838601856	21.714515893015385	0.0	0.0	
12.316617592072788	23.177771764563822	0.0	0.0	
11.980374100890964	24.353966480279535	0.0	0.0	
11.749451562010076	25.339565338483354	0.0	0.0	
11.828268065583615	26.455570250040587	0.0	0.0	
11.665299625348863	26.920312726444294	0.0	0.0	
11.955461258544007	27.530935686895262	0.0	0.0	
12.154627909551662	29.06598697036623	0.0	0.0	
12.35640655772201	30.29807018865822	0.0	0.0	
11.88218383063363	30.946239516390776	0.0	0.0	
13.433362264390402	0.4301480952579646	0.0	0.0	
13.268462919454883	1.0209268050829619	0.0	0.0	
12.54858940781151	1.9176786370273684	0.0	0.0	
12.524162406863484	3.394952359312484	0.0	0.0	
13.480249542733443	4.136883187619434	0.0	0.0	
12.709738793914877	4.8865542955665155	0.0	0.0	
12.638508132010976	6.42424457077935	0.0	0.0	
13.353389430500888	7.0104614042167235	0.0	0.0	
13.40805901490352	8.159039014407698	0.0	0.0	
13.221095591516637	9.05330681073187	0.0	0.0	
12.859109460181102	10.355870282541447	0.0	0.0	
12.836088133831737	10.565286752924216	0.0	0.0	
12.840465131307223	11.938038912932692	0.0	0.0	
13.034279157726825	12.823529702936401	0.0	0.0	
12.867300547277177	13.871289090482401	0.0	0.0	
12.584084667487396	14.756883999634454	0.0	0.0	
13.124409792862785	16.33035385881392	0.0	0.0	
13.353468009207832	17.11794376770467	0.0	0.0	
13.335312590297804	18.084934747017577	0.0	0.0	
12.774747578577243	18.896449875671717	0.0	0.0	
13.372885550561362	20.325622015206946	0.0	0.0	
12.821960899898416	20.5653803198735	0.0	0.0	
13.432108072897293	22.167731667506473	0.0	0.0	
13.468356912171295	23.001327246491925	0.0	0.0	
12.962168367770978	23.587908142299707	0.0	0.0	
13.442946853171994	24.879192710491797	0.0	0.0	
12.64876198938284	25.940087556390967	0.0	0.0	
12.799223593143221	26.534515857752062	0.0	0.0	
12.751376970412183	28.046991436775823	0.0	0.0	
13.000864609411899	28.553311973182097	0.0	0.0	
12.846752899144121	29.66621356459502	0.0	0.0	
13.322428228185503	30.59614920459462	0.0	0.0	
14.4172702602109	0.37744109255059366	0.0	0.0	
13.858512228914398	0.9704900391629244	0.0	0.0	
14.025916404583484	1.5045883140046243	0.0	0.0	
13.827193924482138	2.918550734068349	0.0	0.0	
14.396274467429622	3.82765045804945	0.0	0.0	
13.699781474895156	5.149106762657437	0.0	0.0	
13.994610572173999	5.643548393423484	0.0	0.0	
13.974119833442593	7.391948023669076	0.0	0.0	
14.02933204966674	7.926469384532697	0.0	0.0	
14.09357787265346	8.867964934457666	0.0	0.0	
14.06368131773413	10.179515207104023	0.0	0.0	
13.5909383834705	11.075528822990155	0.0	0.0	
13.94937618624287	11.639932583332348	0.0	0.0	
14.201047716704963	13.24704759854684	0.0	0.0	
13.73574936339503	13.878876551539118	0.0	0.0	
14.031584492069978	15.387853264231456	0.0	0.0	
13.805386469466198	16.47590474835843	0.0	0.0	
13.774055659260073	16.939813096915906	0.0	0.0	
13.519651365313287	18.18322271918435	0.0	0.0	
14.466002118044262	19.179880403869475	0.0	0.0	
13.865314926405357	20.286434962733203	0.0	0.0	
14.08817366734283	20.528974604040926	0.0	0.0	
13.68560537502386	21.758742075570776	0.0	0.0	
13.737364494997523	22.73794584995674	0.0	0.0	
14.202935228189986	23.683820584786723	0.0	0.0	
14.067938593078686	24.750999787461268	0.0	0.0	
14.170345861988995	25.6110546159264	0.0	0.0	
14.458513584388921	27.188669644907854	0.0	0.0	
13.863822023535983	28.13115958215909	0.0	0.0	
13.9609033323196	29.448157883825324	0.0	0.0	
14.398274207049216	30.1369005921009	0.0	0.0	
13.923828454160502	31.205960784225965	0.0	0.0	
14.672141036289695	0.029340503084586023	0.0	0.0	
15.199508054252801	0.8400392883224109	0.0	0.0	
15.049012756275426	2.2312862991958573	0.0	0.0	
14.562002125731373	2.765137962082269	0.0	0.0	
14.94903672006994	3.982097437522781	0.0	0.0	
14.644449100790208	5.031540661419901	0.0	0.0	
15.416386111200488	5.698057170327754	0.0	0.0	
14.68062863276149	6.7356070323506705	0.0	0.0	
15.258015958820693	7.654071376986372	0.0	0.0	
14.581018716281099	9.267833012232952	0.0	0.0	
14.531697912172431	10.256612981616403	0.0	0.0	
14.720457069256089	10.920180741975912	0.0	0.0	
14.72600548826929	12.466312342866257	0.0	0.0	
15.17385152066561	13.371169178933187	0.0	0.0	
15.02016444375809	13.835802142311804	0.0	0.0	
14.973618141711135	14.653528090340128	0.0	0.0	
14.734697609666892	16.206420241135884	0.0	0.0	
14.936391929570554	16.516532644578163	0.0	0.0	
14.60287120215399	17.72468654303435	0.0	0.0	
14.743644984117449	19.492224804037154	0.0	0.0	
14.803747168571116	19.759717174136856	0.0	0.0	
14.610704952686552	21.05099143814334	0.0	0.0	
15.10856035150712	21.68862310488382	0.0	0.0	
15.363578067716986	23.271596826632106	0.0	0.0	
15.306431126297365	24.440672948361286	0.0	0.0	
14.56759761441397	25.412044295071823	0.0	0.0	
14.958247621796733	26.16873717961668	0.0	0.0	
15.117165706152525	27.082054131830162	0.0	0.0	
14.65340942230633	27.72274503357727	0.0	0.0	
14.681384416172904	29.198606005191508	0.0	0.0	
15.25379101912899	30.21198432662571	0.0	0.0	
14.765880909771274	31.245572849175662	0.0	0.0	
15.909325261748874	0.1879874350822388	0.0	0.0	
16.06589116103354	0.5670389859587572	0.0	0.0	
16.065043857312283	1.9637382202231173	0.0	0.0	
15.553485091743049	2.6959359900950197	0.0	0.0	
15.792320511530681	3.5782952173796447	0.0	0.0	
15.785098552052082	4.928137952711497	0.0	0.0	
16.195504119055126	5.52827482369075	0.0	0.0	
16.239210448982263	6.725003231265923	0.0	0.0	
16.31592888753873	7.773706429145551	0.0	0.0	
16.460459613724503	8.976969695244453	0.0	0.0	
15.593865509031142	9.527195952968992	0.0	0.0	
15.8277308207995	10.969991470908552	0.0	0.0	
15.507724016862158	11.991746304248263	0.0	0.0	
15.685381933085333	12.721203641638489	0.0	0.0	
15.748543944435301	13.877757089303271	0.0	0.0	
16.33203798391458	15.057219366894717	0.0	0.0	
16.192394337060456	16.00457707497508	0.0	0.0	
16.344431823789986	17.268009397748184	0.0	0.0	
16.482764435335305	18.008151764868945	0.0	0.0	
16.240314705661472	18.83369533370283	0.0	0.0	
16.387941406150784	20.46802193644821	0.0	0.0	
16.14128566047531	20.831828234407336	0.0	0.0	
16.02970221569308	21.59000235436389	0.0	0.0	
16.096158564788464	23.486831288060053	0.0	0.0	
15.752069873561286	24.33709218357315	0.0	0.0	
15.622375319119682	24.839769078404245	0.0	0.0	
15.647737506081114	25.77934927789386	0.0	0.0	
16.49812204527232	26.727707550503094	0.0	0.0	
15.891778669123394	27.9715896227422	0.0	0.0	
16.339687408678103	29.023931549363912	0.0	0.0	
15.942929228127138	29.661629758326463	0.0	0.0	
16.00953870745539	30.579864397415616	0.0	0.0	
17.148893260388654	0.15669881153959953	0.0	0.0	
17.10634024638952	0.6835755252103332	0.0	0.0	
17.337502213784017	1.6598647285443762	0.0	0.0	
17.38876643582519	2.737893404749511	0.0	0.0	
16.626169128338056	3.902909413728284	0.0	0.0	
16.78979216490178	4.989345623681246	0.0	0.0	
16.999148822171406	5.699920717184555	0.0	0.0	
17.048829936083973	6.602612079080747	0.0	0.0	
16.7532712380107	7.578248043244434	0.0	0.0	
16.64314525915866	9.128713363445131	0.0	0.0	
16.584196229119105	10.30207123176165	0.0	0.0	
17.327703339652324	10.698591496809495	0.0	0.0	
16.556808284292956	12.006373416266046	0.0	0.0	
16.590217803796214	13.313889387075104	0.0	0.0	
17.10023727938392	14.166029312769089	0.0	0.0	
17.16169314878484	14.519691837988194	0.0	0.0	
17.352860594037	16.237817407812912	0.0	0.0	
16.91330813618575	16.976967236446274	0.0	0.0	
16.51278957720955	18.036074768746204	0.0	0.0	
16.57322588260179	18.677749965667505	0.0	0.0	
17.495013387148635	19.505508646455688	0.0	0.0	
17.399420020752228	20.55713056206864	0.0	0.0	
16.59124253482976	22.189735296315867	0.0	0.0	
16.627316322564514	23.45439364662053	0.0	0.0	
17.037472476182877	24.122415916941517	0.0	0.0	
16.99719866232157	24.94358944733151	0.0	0.0	
16.74281989309038	25.6505191231788	0.0	0.0	
16.958050549511405	26.83109477687239	0.0	0.0	
16.600566832288703	27.64494170318017	0.0	0.0	
16.724856729132473	29.48032855961349	0.0	0.0	
16.718821619930154	30.311490872867402	0.0	0.0	
16.74621664763563	31.110641518157294	0.0	0.0	
18.336993685326473	0.4970063816947632	0.0	0.0	
17.92166639395791	1.2966154713372013	0.0	0.0	
18.487106926096594	2.4338317023611302	0.0	0.0	
17.528064977230763	2.6652268281069764	0.0	0.0	
18.491996314828313	3.9932158167021026	0.0	0.0	
17.75345689328233	5.357667210255093	0.0	0.0	
18.48858854163645	5.524382318637177	0.0	0.0	
17.62202895909746	6.600587330104429	0.0	0.0	
18.015672790329862	8.196419292711033	0.0	0.0	
17.98807720057586	9.112620717253826	0.0	0.0	
17.712672457675897	9.767106579953664	0.0	0.0	
18.368174953434554	10.820767782407279	0.0	0.0	
17.7200218351474	11.873176075748454	0.0	0.0	
18.192657952897004	12.609769467334766	0.0	0.0	
18.25300794115959	13.616025947104474	0.0	0.0	
18.30244293766881	14.890493718065551	0.0	0.0	
17.61300542076529	16.298286243281144	0.0	0.0	
17.719598118348404	17.20680387572825	0.0	0.0	
17.642623300729596	17.827808783065063	0.0	0.0	
17.845443895551007	19.38287600895627	0.0	0.0	
18.338176109181457	19.79973143747343	0.0	0.0	
17.650989413773157	20.686551471351905	0.0	0.0	
18.22561428510196	22.240071924865752	0.0	0.0	
17.88931107905401	23.236201438805175	0.0	0.0	
17.83148496862477	23.548893029513557	0.0	0.0	
18.209231133452803	25.0212546549928	0.0	0.0	
18.279371904741684	26.413637553682403	0.0	0.0	
17.577520300928754	26.638892987877234	0.0	0.0	
17.93688737456174	28.039928469937937	0.0	0.0	
17.690905873352644	28.789838927114936	0.0	0.0	
18.418607055215496	30.279098304729466	0.0	0.0	
18.397090103973714	31.495452956977104	0.0	0.0	
18.649585103320607	0.4259298331713539	0.0	0.0	
18.979691305082532	1.026201527258992	0.0	0.0	
18.97738169615605	1.6175827051376848	0.0	0.0	
18.632920329363237	2.659937842087507	0.0	0.0	
19.423583732485007	4.098239711105764	0.0	0.0	
19.26052104760107	5.41438515479653	0.0	0.0	
18.67572198690394	5.603100006836568	0.0	0.0	
18.564529360190758	7.087825830714769	0.0	0.0	
18.52722522267066	7.901815509664943	0.0	0.0	
19.124694948616632	9.296108910974384	0.0	0.0	
18.686843097881937	9.702155634099146	0.0	0.0	
18.91779029878303	11.05070383318598	0.0	0.0	
19.30260594574705	11.745633885680938	0.0	0.0	
18.958562291616367	12.525189830038846	0.0	0.0	
19.222618061307468	14.100619980445774	0.0	0.0	
19.171893312582863	15.424052745803854	0.0	0.0	
19.428620762781122	15.732375484560412	0.0	0.0	
19.00898208064338	17.15842006661281	0.0	0.0	
18.880559558608297	18.10444034751489	0.0	0.0	
18.827453066132318	18.91104751323871	0.0	0.0	
18.889043313486482	20.41025089797273	0.0	0.0	
19.358360069765432	21.24028976058734	0.0	0.0	
18.72836159047018	21.645717934383608	0.0	0.0	
18.64740128312975	22.700215581524613	0.0	0.0	
18.631014468674934	24.31208193213097	0.0	0.0	
19.309747785054192	25.387004458898627	0.0	0.0	
19.121433480027815	25.92762887387731	0.0	0.0	
18.798241389093253	27.38362778170937	0.0	0.0	
19.344588992801867	28.26534338590451	0.0	0.0	
18.920934050808278	28.59127024858302	0.0	0.0	
18.599568080749794	30.46680983993512	0.0	0.0	
19.0495440423058	31.228956661308583	0.0	0.0	
20.379723684739183	0.2985351242222646	0.0	0.0	
19.759710332112164	1.4300601497508194	0.0	0.0	
20.388605179103724	1.5496909996670183	0.0	0.0	
19.90330008700234	3.3473997776880378	0.0	0.0	
20.175134660667506	4.073879491800756	0.0	0.0	
20.110213927267832	4.600734131155113	0.0	0.0	
19.550950402767413	5.823809678672951	0.0	0.0	
19.662314692191906	6.935273784821632	0.0	0.0	
19.78625314258057	7.6186083905241	0.0	0.0	
20.405981325653915	9.342023317678454	0.0	0.0	
19.72715457571344	9.787002087940577	0.0	0.0	
20.121999629437788	11.326638231867163	0.0	0.0	
19.57551191168606	11.626853663060283	0.0	0.0	
19.917990311974165	12.731415791022954	0.0	0.0	
20.048723921701566	13.620082845258215	0.0	0.0	
20.21699802869086	14.66435719350407	0.0	0.0	
19.780529140910023	15.703253081049384	0.0	0.0	
19.51526916254	16.953494930347727	0.0	0.0	
20.278783316702192	17.99418733766576	0.0	0.0	
20.194468182075415	18.83996912601349	0.0	0.0	
19.56047537542552	20.14494151071366	0.0	0.0	
20.053543860928013	20.891487986331857	0.0	0.0	
20.133302361619243	21.764864834824014	0.0	0.0	
19.99220683084655	22.99314500342226	0.0	0.0	
19.638879541550466	24.291112890975956	0.0	0.0	
20.33957157406529	24.683158753099953	0.0	0.0	
19.930338632822213	25.702992053572668	0.0	0.0	
20.37478352469298	27.22840232074291	0.0	0.0	
20.258704961311643	27.683542735576786	0.0	0.0	
19.53834872914843	28.739628071443683	0.0	0.0	
20.4374151969026	30.329911092828397	0.0	0.0	
20.461934591094366	31.30901418450069	0.0	0.0	
20.833751268250317	0.04183271338123551	0.0	0.0	
20.861898960399586	0.9982189499659461	0.0	0.0	
21.288427071067215	1.5358484582588312	0.0	0.0	
21.21921734917464	3.0797510244436337	0.0	0.0	
20.98176559710634	3.8473286682698604	0.0	0.0	
20.85350968826387	4.9302051905371105	0.0	0.0	
20.923895532138147	5.629537334229964	0.0	0.0	
20.739415207228323	7.39129529582411	0.0	0.0	
20.59161278352472	7.508623676040322	0.0	0.0	
20.75861468996536	8.791613720751677	0.0	0.0	
20.60482610306435	9.808998602095905	0.0	0.0	
20.889357917266064	10.525283579918549	0.0	0.0	
20.585864555992014	12.071593807515047	0.0	0.0	
21.06929833252785	12.590072654582412	0.0	0.0	
20.760484644637135	13.787343560734978	0.0	0.0	
21.0214401549779	15.118702253417512	0.0	0.0	
21.000603093765967	15.600803740650445	0.0	0.0	
21.42973354720086	17.350537189843124	0.0	0.0	
21.031145499394373	18.046044151029044	0.0	0.0	
21.48779945329994	18.768983788348066	0.0	0.0	
21.287186824573066	20.06594176611681	0.0	0.0	
20.854615661583708	21.413564512845376	0.0	0.0	
21.071412356977028	22.11916967972219	0.0	0.0	
21.241078605562105	22.616314019089614	0.0	0.0	
21.285122918849627	24.3890046731836	0.0	0.0	
20.568878636045437	25.4405187543067	0.0	0.0	
20.916901430422335	25.585656307530613	0.0	0.0	
21.137582056732388	27.328550061804567	0.0	0.0	
20.77385443909897	27.964707958684997	0.0	0.0	
21.351109277168575	29.284757067818493	0.0	0.0	
21.487575984531226	29.897021501768798	0.0	0.0	
20.639893750637547	30.891287887656404	0.0	0.0	
21.96150537272481	0.2009294677222564	0.0	0.0	
22.449552937091443	0.6277220532139594	0.0	0.0	
22.111282448951847	1.927598486886299	0.0	0.0	
22.21533722278571	2.8592757824834063	0.0	0.0	
21.845657102518974	3.780423475746118	0.0	0.0	
22.43911423330819	5.244391230064715	0.0	0.0	
21.767156542059745	6.4610990362072505	0.0	0.0	
21.877341588335074	6.633275398828229	0.0	0.0	
22.17835608603976	7.774676494371819	0.0	0.0	
21.74797585623116	8.875544321067201	0.0	0.0	
22.234266846730172	10.031954264849015	0.0	0.0	
21.758768309596594	10.725190386929079	0.0	0.0	
22.258530456879075	11.763571356336042	0.0	0.0	
21.97435410887573	13.38156662585148	0.0	0.0	
21.758252265430247	14.288233890568938	0.0	0.0	
22.205044757195473	15.052195864788207	0.0	0.0	
21.99764997974843	15.72727308534199	0.0	0.0	
22.057601611974714	16.719138689089743	0.0	0.0	
21.819539046787735	17.58519783232986	0.0	0.0	
22.151891094126572	18.86340322318452	0.0	0.0	
21.573818128018555	19.592062837610506	0.0	0.0	
21.84419269768847	20.802474995930925	0.0	0.0	
22.29316972004884	22.36178894797174	0.0	0.0	
21.73257352167398	22.879271314163855	0.0	0.0	
21.82305366059828	24.177623174751705	0.0	0.0	
22.460419426333775	25.037156743804807	0.0	0.0	
22.431907095342424	26.31771707469644	0.0	0.0	
21.60193418274102	27.41264206688037	0.0	0.0	
21.937054441259253	27.688943705058126	0.0	0.0	
22.41610934112835	28.83043231861329	0.0	0.0	
22.180117112225354	30.030496444383108	0.0	0.0	
21.617240802324623	30.514467894097873	0.0	0.0	
23.04823721265618	0.47795244325708697	0.0	0.0	
22.884531613479332	1.4076063447685598	0.0	0.0	
22.813594363949836	2.16827430759863	0.0	0.0	
22.80334330870799	2.674795249586463	0.0	0.0	
22.592615627135338	3.6714795344524926	0.0	0.0	
22.651501665467336	5.379275019284767	0.0	0.0	
23.097241678380122	6.009388863114728	0.0	0.0	
22.78977393603672	7.135373960174889	0.0	0.0	
23.452163350789583	8.08198287115651	0.0	0.0	
23.232360904240167	9.234761698240357	0.0	0.0	
22.618281984019664	9.57365662046903	0.0	0.0	
23.228409903262246	11.291969321126338	0.0	0.0	
23.22003598579629	12.120882520733451	0.0	0.0	
22.651632447814656	13.277138501071537	0.0	0.0	
22.642367020194815	14.111194426579507	0.0	0.0	
23.189773163111877	15.079044879038431	0.0	0.0	
22.736311849581117	16.23527605564631	0.0	0.0	
23.293073406622554	16.676515899649694	0.0	0.0	
22.570523046688226	17.80629389817896	0.0	0.0	
22.9135590779142	19.107123958643143	0.0	0.0	
23.252182567466726	20.413244990981124	0.0	0.0	
22.956382405872837	21.16150435210153	0.0	0.0	
23.22120922778331	21.73287024317357	0.0	0.0	
22.82938674472648	23.186396611369677	0.0	0.0	
22.994695617084044	24.4951974966182	0.0	0.0	
22.796650788500912	24.939433607117515	0.0	0.0	
22.645602411873984	25.63476873893106	0.0	0.0	
23.105634680511937	26.51515665631528	0.0	0.0	
22.939491796233707	28.265093562812854	0.0	0.0	
23.037890759314244	28.66237756851042	0.0	0.0	
22.85241090623527	30.02850665436128	0.0	0.0	
23.47763585897055	31.00404999936659	0.0	0.0	
24.029286157368645	0.12445606359447814	0.0	0.0	
23.613241853400933	1.1478003847286944	0.0	0.0	
23.69039544007948	2.2106587063556296	0.0	0.0	
23.550797029572855	3.3612683417202023	0.0	0.0	
24.250634916232194	3.6503210911522173	0.0	0.0	
24.26702811254085	4.64869334551813	0.0	0.0	
23.63039845220309	6.2282774551502875	0.0	0.0	
24.395132807593225	6.828725064500658	0.0	0.0	
24.382696436485283	8.332283427927988	0.0	0.0	
23.544508940820368	8.5879745018618	0.0	0.0	
24.24310185344038	10.207439971922682	0.0	0.0	
23.677049576618884	11.091721662557422	0.0	0.0	
23.960879541163187	11.785553228978976	0.0	0.0	
24.41836021620579	13.019090241739654	0.0	0.0	
23.96951833601354	13.558757989333346	0.0	0.0	
23.910389094387593	14.730589302563352	0.0	0.0	
23.79630315943136	15.619905981993513	0.0	0.0	
24.119101006764335	17.250545401355303	0.0	0.0	
24.49509504696741	18.448315786485132	0.0	0.0	
23.99735622715552	19.48770306223282	0.0	0.0	
24.456673885323035	19.6957119855173	0.0	0.0	
24.185735003567466	21.08767026882195	0.0	0.0	
24.13003569555525	22.39939470958991	0.0	0.0	
23.52889680531812	22.626585235094094	0.0	0.0	
24.379903223605723	24.339878354492058	0.0	0.0	
23.670272549130924	24.663619320755476	0.0	0.0	
23.785400534075237	26.463259903792597	0.0	0.0	
24.48891169668971	27.041695648549993	0.0	0.0	
23.910299801645838	27.947635696158198	0.0	0.0	
24.11351818984504	29.16005009961946	0.0	0.0	
24.282968257185882	30.088580002749513	0.0	0.0	
23.9069199310923	31.30557855090385	0.0	0.0	
24.851956393987727	0.22812908080631533	0.0	0.0	
24.846894230785452	0.8234702306236515	0.0	0.0	
24.953943178123026	1.6027847319529438	0.0	0.0	
24.59481233341279	3.108667623159823	0.0	0.0	
24.69093273982681	3.5626740680195286	0.0	0.0	
25.06377112841089	5.093179514132947	0.0	0.0	
25.2721902960533	5.977914538620641	0.0	0.0	
25.115770702132473	7.33202370039715	0.0	0.0	
25.353005326172294	7.958850702231095	0.0	0.0	
25.215121251922394	8.987728856593263	0.0	0.0	
25.04084942223072	9.807788745035504	0.0	0.0	
24.68027362301823	10.701284186531742	0.0	0.0	
25.398469704240487	12.342617394277857	0.0	0.0	
24.6606874934821	12.503699078412035	0.0	0.0	
25.317547014670456	13.858435389849586	0.0	0.0	
25.417507782250564	14.695404038576905	0.0	0.0	
24.507169314888504	16.343596182611975	0.0	0.0	
25.273199226920795	16.80390205930411	0.0	0.0	
24.588901322184064	18.292167945230876	0.0	0.0	
25.174885976917285	18.853695978046748	0.0	0.0	
24.544524570430312	19.7048588119572	0.0	0.0	
24.909825782579276	21.266185874305172	0.0	0.0	
25.403759666926103	22.033518785663446	0.0	0.0	
24.937082634874404	23.051423978219987	0.0	0.0	
25.37444015028899	24.002862906482477	0.0	0.0	
24.852093532207352	24.97970161549067	0.0	0.0	
25.00073076778839	25.840012360406813	0.0	0.0	
24.556191858386608	26.789541925794577	0.0	0.0	
25.12588875519977	27.907771376644643	0.0	0.0	
24.823784305983004	28.872673129339702	0.0	0.0	
24.833891771065602	30.141625964197914	0.0	0.0	
25.31870877159128	31.43221670648969	0.0	0.0	
26.059583423105003	0.043353470160191865	0.0	0.0	
26.069093598913987	1.1878386109987928	0.0	0.0	
26.031066832101065	2.0269727698153552	0.0	0.0	
26.42739289442012	3.105902716597269	0.0	0.0	
26.006811999865008	3.697649283874213	0.0	0.0	
26.152430536441834	5.190756920919923	0.0	0.0	
26.215944320545198	5.70726876855933	0.0	0.0	
25.706012360436688	6.687334588479829	0.0	0.0	
25.872496168852766	8.452013976129594	0.0	0.0	
25.93566758653717	9.348446059653986	0.0	0.0	
26.244078557074097	9.719142031282258	0.0	0.0	
25.927977049121225	11.136073526290453	0.0	0.0	
26.368536099804686	11.509224330496917	0.0	0.0	
25.877749436008617	12.944177866684365	0.0	0.0	
26.103551874103516	14.482517494996758	0.0	0.0	
26.280817219450963	15.301201148218084	0.0	0.0	
26.07192847789641	16.32014318950528	0.0	0.0	
26.374607637456336	17.332470798905568	0.0	0.0	
25.836597027903952	17.83213530401989	0.0	0.0	
26.43139470170347	19.17063828954537	0.0	0.0	
26.205930195224568	20.018889178273653	0.0	0.0	
26.149106789751563	20.724365382723278	0.0	0.0	
25.797216954181703	21.697837846028346	0.0	0.0	
25.707850375563766	23.369937654245028	0.0	0.0	
26.07159447430203	24.407351799031723	0.0	0.0	
25.857060505518497	24.51672721285868	0.0	0.0	
26.278562646949414	26.36729586031573	0.0	0.0	
26.26644476862595	27.135458477305157	0.0	0.0	
26.07281978357081	27.95178644122722	0.0	0.0	
26.30442713269672	28.648246669576473	0.0	0.0	
26.059611155440102	30.37969613521606	0.0	0.0	
25.504643771320325	31.082875564716588	0.0	0.0	
26.672269326274286	0.17067990163895752	0.0	0.0	
27.48027935824965	1.1786296101041436	0.0	0.0	
26.626638395632856	2.1769569699746514	0.0	0.0	
26.739011281312493	2.8981699738498667	0.0	0.0	
26.816164973081907	3.9926360597219324	0.0	0.0	
26.733441009564572	4.712916672151673	0.0	0.0	
26.803596141218325	5.805131029940395	0.0	0.0	
27.03801653122753	6.718068560695414	0.0	0.0	
27.302969541645982	8.003955300177022	0.0	0.0	
26.79249837055447	8.939401288411531	0.0	0.0	
27.272259122010794	10.00608106800104	0.0	0.0	
27.139832914881836	11.491718545737479	0.0	0.0	
27.32630601786207	11.562274441119115	0.0	0.0	
26.93353078375064	13.415368927786572	0.0	0.0	
26.64844182144471	14.173450695356355	0.0	0.0	
27.165758960894426	14.864707233485607	0.0	0.0	
26.984785341768315	16.48092456603815	0.0	0.0	
26.79652117135488	16.697818007923846	0.0	0.0	
26.90271244644141	18.09442502927911	0.0	0.0	
26.998690282346818	19.248620665602424	0.0	0.0	
27.27237051110575	19.697317061343295	0.0	0.0	
26.65274198183292	20.525737969864668	0.0	0.0	
26.96570393801903	22.18907018465557	0.0	0.0	
26.70065741851832	23.01223256239019	0.0	0.0	
26.691427023694843	24.213172749536085	0.0	0.0	
26.89210092281733	24.904363528008286	0.0	0.0	
26.615056192341676	25.79900343034022	0.0	0.0	
27.38364974453449	27.046492105306996	0.0	0.0	
26.622053604467105	27.628947893243375	0.0	0.0	
26.522338124382024	28.787511850642346	0.0	0.0	
27.450833503022807	29.536378565337326	0.0	0.0	
26.790816295251155	30.580766403951596	0.0	0.0	
27.619581950192995	0.3519376030131749	0.0	0.0	
28.140525702979534	0.7188289538452589	0.0	0.0	
28.119523111005115	1.9940634782648399	0.0	0.0	
27.942900421836118	2.740423571074788	0.0	0.0	
28.431501129263822	4.261529209916258	0.0	0.0	
28.25883031311232	4.692945608478828	0.0	0.0	
28.485880988968976	6.185222048235475	0.0	0.0	
28.409657477913694	6.632012399061304	0.0	0.0	
28.239271762971033	7.812865933068454	0.0	0.0	
28.324631446326425	8.99919894105576	0.0	0.0	
28.49684923171388	9.969004649241928	0.0	0.0	
27.855895521108	10.727439859681247	0.0	0.0	
27.96475986780485	11.652435134618365	0.0	0.0	
27.665299997681934	12.926198578503097	0.0	0.0	
27.708020747072418	14.161467797234478	0.0	0.0	
28.122202706443744	15.382024079973203	0.0	0.0	
27.513417074933262	16.1262093987008	0.0	0.0	
27.613570953360668	17.146149984330453	0.0	0.0	
28.315023489874946	18.239829467812793	0.0	0.0	
27.983465548255882	18.630121462159575	0.0	0.0	
28.417755412315838	19.87514896423488	0.0	0.0	
28.45267647150491	20.501462225177757	0.0	0.0	
28.080599564462467	22.21913902478018	0.0	0.0	
28.23120656564986	23.24427079897443	0.0	0.0	
28.073602188207285	23.629590617166166	0.0	0.0	
27.826646856871527	25.237845832374898	0.0	0.0	
28.221850376812746	25.860733291072286	0.0	0.0	
28.00470503959163	27.119863513410323	0.0	0.0	
27.870719042225804	28.178755231720242	0.0	0.0	
28.340322648691856	29.23057695929247	0.0	0.0	
27.813454471430504	29.9904157987558	0.0	0.0	
27.956964434945714	31.1141743689611	0.0	0.0	
28.740538564033066	0.03574116506845271	0.0	0.0	
28.57965904835238	0.8021154306650466	0.0	0.0	
29.00996209487431	2.2023734803142143	0.0	0.0	
28.752367936468424	3.2702134047592666	0.0	0.0	
28.98610877563993	4.019161760901477	0.0	0.0	
29.30198678978486	5.417812377977322	0.0	0.0	
29.3564495956141	6.366171917597578	0.0	0.0	
29.239497358166616	7.205171131200934	0.0	0.0	
29.34176734117756	8.248568621627939	0.0	0.0	
28.578653833942926	8.71467062497847	0.0	0.0	
29.035212566813755	9.891008548231126	0.0	0.0	
29.334701617561564	10.87412810262521	0.0	0.0	
28.683702302359627	12.237987322126562	0.0	0.0	
28.62355525532297	12.87655195735363	0.0	0.0	
29.113677631962524	14.324957638576539	0.0	0.0	
29.300062490765384	14.537008765852574	0.0	0.0	
28.87183834575379	15.842764125675783	0.0	0.0	
29.24048558592423	17.455029530594004	0.0	0.0	
28.926765626000453	17.69623973106805	0.0	0.0	
29.48475235012725	18.501711064049076	0.0	0.0	
29.398461878815695	20.30356319717623	0.0	0.0	
29.2507267306248	20.986398323452566	0.0	0.0	
28.707657337753826	22.126480336213657	0.0	0.0	
28.61864850439958	23.010708813604584	0.0	0.0	
29.085492150418645	24.262977829900485	0.0	0.0	
29.168697826846675	25.101610715785498	0.0	0.0	
28.810176839914867	25.686906514748284	0.0	0.0	
29.151993157832152	26.66854005354947	0.0	0.0	
29.11714909240457	28.381648127021936	0.0	0.0	
28.83821412945652	29.043897947443856	0.0	0.0	
29.185778072453967	30.049229074460136	0.0	0.0	
29.01721695561938	31.486356519111222	0.0	0.0	
30.38855931360046	0.3796637708474877	0.0	0.0	
29.816976078904297	1.4214824853870394	0.0	0.0	
29.7375067132443	2.3599779557385396	0.0	0.0	
29.83325266443235	2.6102732173130327	0.0	0.0	
29.528175358794226	3.7545903987773634	0.0	0.0	
29.613175288075993	4.958456291500849	0.0	0.0	
30.249090104672714	6.084848251281096	0.0	0.0	
29.52565464331363	7.320554758609336	0.0	0.0	
29.846902305864226	7.5809072560651884	0.0	0.0	
30.31826639595676	8.927257377056293	0.0	0.0	
29.523586842110905	9.589017925816083	0.0	0.0	
29.84846848557494	11.17571844027702	0.0	0.0	
30.355808160120258	12.322101152946095	0.0	0.0	
30.415654263948884	13.256340499998018	0.0	0.0	
30.00753743381246	13.792427071071833	0.0	0.0	
29.933083418287534	15.056942598131588	0.0	0.0	
30.284269011055024	16.324614603570005	0.0	0.0	
30.38982478526094	16.745807461017343	0.0	0.0	
29.548947852213846	17.855949821426098	0.0	0.0	
30.005299561637255	19.433538835180435	0.0	0.0	
30.16739940745697	19.6637247403182	0.0	0.0	
29.82111716575553	20.734698988555206	0.0	0.0	
29.80104819529857	22.08851818790394	0.0	0.0	
29.802552335049402	22.73914113281504	0.0	0.0	
29.910340741063617	24.316061865137538	0.0	0.0	
30.070995099612052	25.417506539026615	0.0	0.0	
30.425700478584943	25.979427570814096	0.0	0.0	
29.849161430933414	26.98814072980299	0.0	0.0	
29.51827001056302	27.888309814282064	0.0	0.0	
30.148084720592127	29.14587452887774	0.0	0.0	
30.106515795397044	29.542489932621518	0.0	0.0	
29.687051491685974	31.43002787914459	0.0	0.0	
31.201111643409977	0.29695526703520725	0.0	0.0	
30.570922200766695	0.6334232282328206	0.0	0.0	
31.14993190650833	2.10035831466517	0.0	0.0	
31.192473223832614	3.462827145128739	0.0	0.0	
31.02383497540387	3.926868698583712	0.0	0.0	
30.846431211755608	5.154205574450214	0.0	0.0	
31.38296778438528	6.011198746476098	0.0	0.0	
31.14155110051769	6.734919266192921	0.0	0.0	
30.694898218962173	7.8509387700621	0.0	0.0	
31.338905579646358	9.479395838204875	0.0	0.0	
30.883292658584402	9.749541936315692	0.0	0.0	
30.658635604375526	10.940614160769785	0.0	0.0	
30.94280637840418	12.24121587818882	0.0	0.0	
31.234331379836203	13.423150649055636	0.0	0.0	
30.666005174442933	13.944361356742492	0.0	0.0	
31.473608655301973	14.638318994466037	0.0	0.0	
30.795096376097142	15.738096709865577	0.0	0.0	
30.628783041325534	17.184152503887297	0.0	0.0	
31.015299302569606	18.08807056873639	0.0	0.0	
31.494833334883758	19.13000248113867	0.0	0.0	
31.261612532144575	19.604937281849875	0.0	0.0	
30.93620790634522	20.547055406426793	0.0	0.0	
31.44252961053011	21.62355483678904	0.0	0.0	
31.411190752943995	23.092299434444964	0.0	0.0	
31.39626713729726	24.22483655874621	0.0	0.0	
30.729187929091896	24.89002004540214	0.0	0.0	
30.558067040767654	26.463022004316215	0.0	0.0	
30.79264953693607	26.666268337512655	0.0	0.0	
31.048731249788304	28.24876389540152	0.0	0.0	
30.72807195569331	29.4306898040279	0.0	0.0	
30.590634871489456	29.813843126332284	0.0	0.0	
31.457868855089206	31.487877052720208	0.0	0.0	
