2
32.0	0.0	0.0	0.0	
0.0	32.0	0.0	0.0	
0.43350781251075543	0.23367082484877144	0.0	0.0	
0.23110530518132955	1.2842802926692904	0.0	0.0	
0.18357069451532604	2.262328846530375	0.0	0.0	
0.34337326934868395	3.1849457746358105	0.0	0.0	
0.43597779086092214	4.02706273495673	0.0	0.0	
0.4714559043504186	5.069379146415281	0.0	0.0	
0.38982689285521155	6.129763890459192	0.0	0.0	
0.1514188016398832	6.71701976369169	0.0	0.0	
0.14631415449096585	7.913778460694058	0.0	0.0	
0.16769079125390818	9.053206779186686	0.0	0.0	
0.4322325411618566	9.543771450660596	0.0	0.0	
0.23276371012426622	10.511079999253372	0.0	0.0	
0.24806758542023866	11.644176750649315	0.0	0.0	
0.0023426676561822957	13.464670309155267	0.0	0.0	
0.06368833075740876	13.933004566557763	0.0	0.0	
0.22535617377883665	15.23314518732268	0.0	0.0	
0.33867848151401647	16.151421419049957	0.0	0.0	
0.07803255481492621	17.23987488402101	0.0	0.0	
0.4923813723960728	17.779640846294352	0.0	0.0	
0.26210239738957586	19.17877581038253	0.0	0.0	
0.14587472829791426	20.229214069752686	0.0	0.0	
0.4150442556574422	20.708613779694716	0.0	0.0	
0.43057768066811863	22.28104489997285	0.0	0.0	
0.41005428867608484	23.38711666956599	0.0	0.0	
0.3643143331635662	23.81949779132935	0.0	0.0	
0.0787455685536701	25.08124673806393	0.0	0.0	
0.4993397171592323	25.753019755535647	0.0	0.0	
0.10169629035934147	27.385934999885453	0.0	0.0	
0.05796314325749252	27.650456642986203	0.0	0.0	
0.36128387592984723	29.17660515631926	0.0	0.0	
0.4987590721669728	30.468451191364966	0.0	0.0	
0.19952000291354488	30.785670096023765	0.0	0.0	
0.8745219042624102	0.05276950752002918	0.0	0.0	
0.9864939781762326	1.059620992618195	0.0	0.0	
0.6190035553878058	1.8462982223353988	0.0	0.0	
1.3034210402594355	3.3767777490047615	0.0	0.0	
1.291299115371157	3.731953341210879	0.0	0.0	
0.5812365274777488	5.415783623638602	0.0	0.0	
1.1613303926640541	5.687861663094178	0.0	0.0	
1.4399065726642117	6.87643315286806	0.0	0.0	
0.5084399075215271	7.914718438981827	0.0	0.0	
1.0214404390676792	8.896882606814085	0.0	0.0	
1.1555415930555477	9.88412864752943	0.0	0.0	
1.498310110503525	10.599838320896955	0.0	0.0	
1.1657415794317583	12.013878996326465	0.0	0.0	
0.6730180802798242	12.58936818501556	0.0	0.0	
1.404258128533206	14.11436294081768	0.0	0.0	
0.5138704584504952	15.36721589320551	0.0	0.0	
0.763708457621982	15.827210491659253	0.0	0.0	
0.6905690407690456	17.39902182202748	0.0	0.0	
0.7496808014679137	18.096052836483217	0.0	0.0	
1.4775547750833693	19.249641281484074	0.0	0.0	
0.8169929161679159	20.013896921691675	0.0	0.0	
0.8099992665179204	21.137937133752143	0.0	0.0	
1.2584416942686576	22.038873545658586	0.0	0.0	
0.9725515608660844	23.071920841031968	0.0	0.0	
0.7793341283594718	24.022073616784862	0.0	0.0	
1.1821034432496773	24.5743799451907	0.0	0.0	
1.0634062978487981	26.13544145434853	0.0	0.0	
0.6223155715982951	27.33192347689861	0.0	0.0	
0.852196676881754	28.19286394138896	0.0	0.0	
1.1283203986831978	28.880615184855092	0.0	0.0	
1.3225728598714683	30.426308580196018	0.0	0.0	
0.774639683222386	30.81591121312685	0.0	0.0	
1.6210836112003213	0.2859496306790671	0.0	0.0	
1.5100994162845827	0.865545896106645	0.0	0.0	
1.5127490994288673	2.488396584063676	0.0	0.0	
2.0868057049937083	3.251202690489915	0.0	0.0	
1.7849520418270046	4.2056449063629335	0.0	0.0	
2.1272314040054248	4.905030646492928	0.0	0.0	
2.0722850372081214	5.654540222052363	0.0	0.0	
1.6764993663256624	6.739979650751859	0.0	0.0	
2.2370812017730834	8.175960104163469	0.0	0.0	
2.0315853946670925	8.63786771324854	0.0	0.0	
2.1524615650715417	9.579012069292807	0.0	0.0	
1.7088530123963017	11.111376973264685	0.0	0.0	
2.2524763117560784	11.586012374943854	0.0	0.0	
1.5540753710681041	12.770756086953723	0.0	0.0	
2.126907886401754	13.629554898629793	0.0	0.0	
1.579638037554354	14.829523760921383	0.0	0.0	
1.7515389885259243	15.695462321861685	0.0	0.0	
1.8116445523170088	16.643806296047497	0.0	0.0	
2.062187558492706	17.708685470490174	0.0	0.0	
1.961861442037784	18.83061300047184	0.0	0.0	
1.8422745244712453	19.66531662579144	0.0	0.0	
1.665074363499781	20.663433607141155	0.0	0.0	
2.2071446986794068	22.374079096939933	0.0	0.0	
1.7923088880920597	23.35987018377175	0.0	0.0	
2.3973375219681032	23.72769355863324	0.0	0.0	
2.3860856995132878	24.986892674772772	0.0	0.0	
1.7858464451659124	26.23844360954183	0.0	0.0	
1.9876004952381996	27.36293358582902	0.0	0.0	
2.2390351430973694	27.928072695629677	0.0	0.0	
2.455585791843953	28.846340133901474	0.0	0.0	
2.004450083981866	29.743128295312573	0.0	0.0	
1.8139096068269072	30.61096932249102	0.0	0.0	
3.381091511522019	0.14963401668718512	0.0	0.0	
3.0677358084800415	0.5009844998347177	0.0	0.0	
2.587913483624125	2.419959321047878	0.0	0.0	
2.848954911902446	3.018475297239194	0.0	0.0	
3.207326254378768	3.561519413527307	0.0	0.0	
2.6872114126395505	5.408377328937377	0.0	0.0	
2.7266594462121243	5.784371539349346	0.0	0.0	
2.8241132284013837	6.928363839356014	0.0	0.0	
2.90785507851487	7.725081298970636	0.0	0.0	
3.175550803835352	8.79928847218809	0.0	0.0	
2.7702048482125456	9.999716939567696	0.0	0.0	
3.405553713588178	10.797798045183587	0.0	0.0	
2.654157621515155	11.603462662041206	0.0	0.0	
2.7703638803939272	12.69450685652424	0.0	0.0	
3.1636559804798567	13.986887298388176	0.0	0.0	
3.3988347922225017	15.125211736232691	0.0	0.0	
2.646907739380007	16.254117135875408	0.0	0.0	
3.31345495222367	17.228599507535115	0.0	0.0	
3.1007794228868475	17.950428674825122	0.0	0.0	
2.650626291222679	18.791556921008276	0.0	0.0	
2.9054283916143175	20.375890579022943	0.0	0.0	
2.5004826699085294	20.99102709905948	0.0	0.0	
2.722324539016188	21.70285805395046	0.0	0.0	
2.65601378202798	22.58969414366155	0.0	0.0	
2.6788146695832715	23.813348417608054	0.0	0.0	
3.2865733832665938	24.875340624103167	0.0	0.0	
3.4853205969736036	25.872064727852912	0.0	0.0	
2.6232167339720784	27.33187098912554	0.0	0.0	
3.3083096757795474	28.05125984149542	0.0	0.0	
3.021088906983568	28.83932246317812	0.0	0.0	
3.1240859998968276	29.698824714528623	0.0	0.0	
3.1216318484265595	30.825154311681644	0.0	0.0	
3.8557395132256174	0.05866972609759724	0.0	0.0	
4.2429898626492	1.0223357401103939	0.0	0.0	
3.6757587471482696	1.9379760306318816	0.0	0.0	
3.679772139760721	3.370316196887679	0.0	0.0	
4.432058507258795	4.198909475125079	0.0	0.0	
4.418136087836007	4.843008930975558	0.0	0.0	
4.2551420625115774	6.166367237867396	0.0	0.0	
3.8255119156059276	7.145153916482599	0.0	0.0	
4.073409095709555	8.12253743566935	0.0	0.0	
3.6485120970032012	8.9531304058322	0.0	0.0	
3.597081210382738	10.141289875030203	0.0	0.0	
3.565333167902842	11.046601138331836	0.0	0.0	
3.9973337157639057	11.858440500753971	0.0	0.0	
4.385758733685694	12.953803234149756	0.0	0.0	
4.184229147740459	14.08192057251153	0.0	0.0	
4.3014784067688145	15.12361934733856	0.0	0.0	
3.99228436622867	16.42120339507799	0.0	0.0	
4.185600160947393	16.666675338733967	0.0	0.0	
3.7517605952439643	17.60031956722853	0.0	0.0	
4.4370745254998205	19.050593100791385	0.0	0.0	
4.245128308827853	20.27684583635875	0.0	0.0	
4.287217817713768	21.447792555034567	0.0	0.0	
3.680526539270879	22.198498793695688	0.0	0.0	
3.618112289116074	22.984249703923304	0.0	0.0	
4.027346818680413	24.437696912876362	0.0	0.0	
3.5399720731362088	25.428444757575274	0.0	0.0	
3.663405237794887	26.10051868261203	0.0	0.0	
4.489128504026079	27.104394618998015	0.0	0.0	
3.500913890397167	28.326641699260925	0.0	0.0	
4.170172918829588	29.00646543924003	0.0	0.0	
4.037303731092519	29.773674385141504	0.0	0.0	
3.62810578482311	30.851875094054208	0.0	0.0	
5.395456266182965	0.10501470241161004	0.0	0.0	
4.983280528808953	0.5901553400370025	0.0	0.0	
5.128507426458342	2.2573042426965353	0.0	0.0	
4.705291910545029	2.567554672695625	0.0	0.0	
5.381057754659904	4.306602511727173	0.0	0.0	
5.42895562710102	4.9734604771958475	0.0	0.0	
4.592295978539725	6.092255814722208	0.0	0.0	
4.893081385644439	6.963965903703364	0.0	0.0	
4.59903089240846	7.67596280384633	0.0	0.0	
4.601243746495949	9.496295213906308	0.0	0.0	
4.6497252129866125	9.696676196340674	0.0	0.0	
4.751695839899153	11.390901712788612	0.0	0.0	
5.299073086701524	12.274096660970221	0.0	0.0	
4.880808975778701	13.474106132071626	0.0	0.0	
5.019886275571927	14.29503982948335	0.0	0.0	
5.3184085546927005	15.465616835483102	0.0	0.0	
4.5226429793628675	15.896496402988696	0.0	0.0	
4.766857808889295	16.61773353840586	0.0	0.0	
4.632528275390387	17.99495089552045	0.0	0.0	
5.394846286557156	18.92492988877592	0.0	0.0	
5.114557355896896	20.499904450381933	0.0	0.0	
5.424440720970808	21.270670166990858	0.0	0.0	
4.67261068622209	22.27599041564706	0.0	0.0	
5.250334036627994	22.870256372023693	0.0	0.0	
5.063465595774716	24.040733197587567	0.0	0.0	
4.749583581344982	24.80472359924529	0.0	0.0	
5.125610544113627	26.475787597385594	0.0	0.0	
5.1543474014868	27.44852090825151	0.0	0.0	
4.976231362533526	27.789943436582757	0.0	0.0	
5.456122277047208	28.704247756293746	0.0	0.0	
5.035892967218292	29.916102137098044	0.0	0.0	
5.205708397789062	30.507972288398932	0.0	0.0	
5.808747036702252	0.13934926182157814	0.0	0.0	
6.375366643137416	0.6592674657509413	0.0	0.0	
6.219577475752686	2.127655940641368	0.0	0.0	
5.864727302146579	3.307861385883624	0.0	0.0	
5.904710869568059	3.787780207931443	0.0	0.0	
5.747795608659211	5.192755870273741	0.0	0.0	
5.6423698068674515	5.582019699585481	0.0	0.0	
5.766798848677881	7.00945611019921	0.0	0.0	
6.347123981025047	7.569246398725792	0.0	0.0	
5.731263516679555	9.469057212813832	0.0	0.0	
6.433559923942231	10.15595197252614	0.0	0.0	
5.890440750238655	10.770740193837865	0.0	0.0	
5.590675529512034	12.16577704439331	0.0	0.0	
6.246290117042974	13.360640510297436	0.0	0.0	
5.571766106820576	13.77428367499124	0.0	0.0	
5.968747603827636	14.928439949138962	0.0	0.0	
5.578494612783607	16.41147949077019	0.0	0.0	
5.698660767292881	16.883384121810074	0.0	0.0	
6.17273465918936	17.687763344700315	0.0	0.0	
6.440315555159425	19.24145010387332	0.0	0.0	
5.907129162695492	20.073561373390902	0.0	0.0	
5.821680428208	21.34756597013217	0.0	0.0	
6.134225732142635	22.407509237788762	0.0	0.0	
6.39110238618432	23.45306649192573	0.0	0.0	
6.250442623619651	23.980313809295687	0.0	0.0	
5.954581258477845	24.855145509026247	0.0	0.0	
6.311839301915256	26.46451736512581	0.0	0.0	
6.47251020314371	26.9528766699801	0.0	0.0	
5.720936173602616	28.174758029537195	0.0	0.0	
5.711752370726792	28.542013347764527	0.0	0.0	
6.179212600100618	30.31145013314147	0.0	0.0	
5.707128446541886	31.232132186476388	0.0	0.0	
7.078464881859732	0.4847706116433048	0.0	0.0	
6.959566945597486	1.3222941538679285	0.0	0.0	
7.442336865895354	1.987090076251775	0.0	0.0	
7.17794475302588	3.3871123775539917	0.0	0.0	
7.409275462409408	4.350585900322351	0.0	0.0	
6.6447882092589206	4.573220980268852	0.0	0.0	
6.693770183568446	5.5090745314509775	0.0	0.0	
7.095930262036545	7.404539705034082	0.0	0.0	
7.3890347883777165	7.996919694409081	0.0	0.0	
7.023585921164444	9.271345240303505	0.0	0.0	
7.24506843022828	9.903263576204758	0.0	0.0	
7.3310441636845	10.869016470314099	0.0	0.0	
7.0910323915199545	12.414703219759673	0.0	0.0	
6.955789757306397	13.472279709139524	0.0	0.0	
7.278351680191986	14.159303892364914	0.0	0.0	
6.735747695013078	15.191995018724954	0.0	0.0	
7.08882021292503	16.32380441852516	0.0	0.0	
6.8635579679035965	16.879174746994174	0.0	0.0	
6.919296778312238	18.397129125872993	0.0	0.0	
7.106751683347263	18.649521048884527	0.0	0.0	
6.9618821507706725	19.78490792127678	0.0	0.0	
6.864668661894621	20.505995224300214	0.0	0.0	
7.332457335778155	22.422317538640947	0.0	0.0	
7.385720857692824	22.556191875204224	0.0	0.0	
7.06782027395107	24.253516639345705	0.0	0.0	
7.394237699722126	24.914062653338444	0.0	0.0	
6.729530168971891	25.894241078198732	0.0	0.0	
7.244943614730759	26.71349738208445	0.0	0.0	
7.217347125086427	28.1857536973235	0.0	0.0	
6.557770785153608	28.951483372108676	0.0	0.0	
7.025598966036262	30.28000380598527	0.0	0.0	
6.7422778314952225	30.76581142641336	0.0	0.0	
8.21611019241082	0.08506238956646917	0.0	0.0	
7.789438369896126	1.119890328018096	0.0	0.0	
7.841237419237982	2.1428440905096915	0.0	0.0	
8.268528660775731	3.4465104185054125	0.0	0.0	
7.512072635976752	3.5859705422577473	0.0	0.0	
8.299458249942587	5.1518278392342305	0.0	0.0	
8.465416807378851	6.104243543882857	0.0	0.0	
8.117208066532024	6.746250937434919	0.0	0.0	
7.919587456053831	8.161141388173812	0.0	0.0	
7.983280639509153	9.212462127827358	0.0	0.0	
7.905255339241053	10.305241927964799	0.0	0.0	
8.324509985634975	10.67148144065825	0.0	0.0	
7.9440693628189	11.500132816953233	0.0	0.0	
7.646721300622392	12.799065127912646	0.0	0.0	
7.921352670491384	14.364496556215396	0.0	0.0	
8.372480526010948	15.083002044010447	0.0	0.0	
8.385577151979604	16.00142123147346	0.0	0.0	
7.603237675456624	16.80836840944024	0.0	0.0	
7.629229881912898	18.16943478518155	0.0	0.0	
8.256376958194425	19.287507938539456	0.0	0.0	
7.892425810183977	20.237871413511954	0.0	0.0	
7.9123699544465165	21.35075310018406	0.0	0.0	
7.720196249889786	21.594713846758136	0.0	0.0	
7.573614119896265	23.029257389778373	0.0	0.0	
7.801824786551527	24.098242087077278	0.0	0.0	
7.9771630497711365	24.873120677359328	0.0	0.0	
8.335763917421854	25.866188532460306	0.0	0.0	
8.437113524432078	26.580112438779242	0.0	0.0	
8.043858104578495	28.15237076692734	0.0	0.0	
8.408096210220377	28.640756784465452	0.0	0.0	
7.901277977308287	30.040934246633384	0.0	0.0	
7.9898202651295875	30.574865713236683	0.0	0.0	
8.520337413207537	0.09931732859476661	0.0	0.0	
9.018806260246501	1.4034898131818068	0.0	0.0	
8.909050931538916	2.227045939303265	0.0	0.0	
8.730454866445635	2.510498777208586	0.0	0.0	
8.824973552825814	4.236323867950695	0.0	0.0	
8.814638688872101	5.181055339512256	0.0	0.0	
8.841426408679805	5.638857065955336	0.0	0.0	
8.55898491648574	6.623472818021956	0.0	0.0	
8.691852711545986	8.13552869183594	0.0	0.0	
8.851115543106777	9.457521082559257	0.0	0.0	
9.44447280115993	10.179808809884054	0.0	0.0	
9.045804974345833	11.090154786373295	0.0	0.0	
9.4250325003935	12.342037756276401	0.0	0.0	
9.431320281738763	12.712675582895269	0.0	0.0	
9.221188021121742	14.451845338815387	0.0	0.0	
8.873110764050137	15.153999898274995	0.0	0.0	
8.59349356886294	15.813246633116206	0.0	0.0	
8.957312320657156	16.537919472547987	0.0	0.0	
8.981245605550052	17.901242473499003	0.0	0.0	
8.838035864630829	18.707099482929866	0.0	0.0	
8.603516915162317	19.87762724514778	0.0	0.0	
9.17602452470469	20.64310843671089	0.0	0.0	
9.156330238656901	21.70284571904779	0.0	0.0	
9.173109352207225	22.8852543567341	0.0	0.0	
9.126491024254538	23.729761545898246	0.0	0.0	
8.85539610233146	24.6075968697277	0.0	0.0	
8.892060607823465	25.971233182515757	0.0	0.0	
9.24866213979017	26.82378858929723	0.0	0.0	
9.11557547906086	27.94647128916409	0.0	0.0	
9.016844572070207	28.86392292609886	0.0	0.0	
9.160878697515884	29.643426189944623	0.0	0.0	
8.719793915327775	31.123679763800048	0.0	0.0	
10.092904123384768	0.31508703312076636	0.0	0.0	
10.10709733537917	1.190354397237137	0.0	0.0	
10.358189037117773	1.5752557888360381	0.0	0.0	
9.80347389765475	2.606016599289669	0.0	0.0	
10.006576884950643	4.160638743002316	0.0	0.0	
10.464546283690948	4.904315499897481	0.0	0.0	
10.397138855501844	5.670315539333169	0.0	0.0	
9.732593355716952	6.5141938222126505	0.0	0.0	
10.343722210387298	8.177321987471755	0.0	0.0	
10.054040920246653	8.625134800654799	0.0	0.0	
10.152849039739866	9.76159520744191	0.0	0.0	
10.028894905669286	10.868737400711716	0.0	0.0	
10.090281063545634	12.491582145853464	0.0	0.0	
9.924890353845052	12.669770129170828	0.0	0.0	
9.51475035832029	13.636939689835303	0.0	0.0	
9.872439565041365	15.199582876009043	0.0	0.0	
10.150009665331595	16.185297443775923	0.0	0.0	
10.385676883017604	16.72584988826624	0.0	0.0	
9.832709698452298	18.151880425176117	0.0	0.0	
9.654737457246954	19.066115716390648	0.0	0.0	
9.75139552195118	20.364808870433304	0.0	0.0	
9.864057463944532	20.53390739175572	0.0	0.0	
9.697117104593117	21.885598382683536	0.0	0.0	
9.88607000122746	22.896260844574595	0.0	0.0	
10.17991700107835	23.894086982340333	0.0	0.0	
9.955631881093549	25.4074191401318	0.0	0.0	
10.386807329233829	26.185881623545537	0.0	0.0	
10.480371164721351	27.359774148584293	0.0	0.0	
9.847504886228766	27.873544450970616	0.0	0.0	
10.438722591869649	28.82075828399675	0.0	0.0	
9.590044156793876	30.049017641484095	0.0	0.0	
9.744489553987632	30.916807207985364	0.0	0.0	
10.859805298907204	0.43489859229158745	0.0	0.0	
10.643367531983143	1.2546277702007949	0.0	0.0	
10.721239844528773	1.6617452779746018	0.0	0.0	
11.223730262111141	2.518535651109843	0.0	0.0	
10.751606398056417	3.755771755700322	0.0	0.0	
11.025474860757512	5.11805433468162	0.0	0.0	
10.873699980644592	5.886382436512468	0.0	0.0	
10.51920414132904	7.479605461993988	0.0	0.0	
11.237641684535236	7.705248874400222	0.0	0.0	
11.479422841716463	9.462405530761044	0.0	0.0	
11.414872881326442	9.864798871711715	0.0	0.0	
10.990132505176556	11.098217178626276	0.0	0.0	
10.79296508753316	12.070527376903282	0.0	0.0	
11.242891185846094	12.83548311090843	0.0	0.0	
11.248720534827465	13.673261381464206	0.0	0.0	
10.633154666032722	14.56601033462361	0.0	0.0	
11.316050718577895	15.656649032646495	0.0	0.0	
11.225539571698956	16.874221822190357	0.0	0.0	
11.17889635938412	18.215072691099913	0.0	0.0	
11.323338639111814	19.369202121496812	0.0	0.0	
10.590838502537855	19.538881029682432	0.0	0.0	
11.220767953698358	20.641441255013504	0.0	0.0	
10.777341717593325	22.297595950547798	0.0	0.0	
11.454456529323918	22.918945248708763	0.0	0.0	
10.884834910926996	24.186557486339098	0.0	0.0	
11.293982346225507	24.501726181728106	0.0	0.0	
11.227386399573202	26.187428292499458	0.0	0.0	
11.027984911306154	26.72130120404947	0.0	0.0	
10.785963201961385	28.255921333142968	0.0	0.0	
11.043271153428881	29.069999636624694	0.0	0.0	
10.526676446633449	29.72071535745624	0.0	0.0	
10.648011180532487	31.417081837494514	0.0	0.0	
12.26622453030991	0.47588537003759324	0.0	0.0	
11.899032376464394	1.3200351579182357	0.0	0.0	
12.250902881655653	2.303663634330593	0.0	0.0	
12.068935970809282	2.864390660975084	0.0	0.0	
11.740757147221677	4.4054572684550255	0.0	0.0	
11.58693296278648	5.201823837011162	0.0	0.0	
11.659526496713653	5.758417064159195	0.0	0.0	
12.212684744034457	7.451806991621487	0.0	0.0	
11.812108899221208	8.211221669533018	0.0	0.0	
11.582085736559659	8.852192763827482	0.0	0.0	
11.992008669472646	10.260866054186426	0.0	0.0	
12.466619545678519	11.321053029696548	0.0	0.0	
12.136031614891097	11.50557715920126	0.0	0.0	
11.898809386036746	13.239801075025914	0.0	0.0	
12.009010190732939	14.036107178928283	0.0	0.0	
12.231274483961258	14.60971970187497	0.0	0.0	
12.267344694075952	16.052507156535164	0.0	0.0	
11.772370413560093	17.08492554018133	0.0	0.0	
11.567013124847078	18.36402443194235	0.0	0.0	
12.28691171786312	19.180247841402714	0.0	0.0	
11.990257720795698	20.30181838663572	0.0	0.0	
11.743776650516303	20.863999870222116	0.0	0.0	
11.517404939962423	22.104944171804902	0.0	0.0	
11.930122720178318	22.533300540193306	0.0	0.0	
12.334658377218132	23.9793382408871	0.0	0.0	
12.287589267408599	24.747272970343545	0.0	0.0	
12.019681599319611	25.639438437264502	0.0	0.0	
11.633999668673278	27.108541927835994	0.0	0.0	
12.412197152501811	27.852201538332217	0.0	0.0	
12.312719676523576	28.68102334383367	0.0	0.0	
12.249800153153842	30.205018024294844	0.0	0.0	
11.647180735006511	30.63426899019562	0.0	0.0	
12.779627729206695	0.07083785671185983	0.0	0.0	
13.140344399661505	0.885783688904422	0.0	0.0	
12.729407180950263	2.0393913233523913	0.0	0.0	
12.57390254776946	3.411264569830002	0.0	0.0	
12.636217341703532	4.046636487841897	0.0	0.0	
13.473867285188716	4.816030219713047	0.0	0.0	
12.773224332591784	5.894658572986436	0.0	0.0	
12.991308645207322	6.5211763910720775	0.0	0.0	
12.951702305348785	8.148015594443212	0.0	0.0	
12.519360691902016	8.546816174206935	0.0	0.0	
12.962251768225203	9.74075600679283	0.0	0.0	
13.108903424927139	10.618146170540573	0.0	0.0	
12.838542455588195	11.790562634807669	0.0	0.0	
12.59478235750097	12.528666957142578	0.0	0.0	
13.332464963482167	14.410171528860076	0.0	0.0	
13.371584174903104	15.499809262118664	0.0	0.0	
12.71930671650646	16.412802091893724	0.0	0.0	
13.034514824741493	16.55881145470052	0.0	0.0	
13.449286312558868	18.282401957658447	0.0	0.0	
12.623552895306027	18.966021523211545	0.0	0.0	
12.90854235169639	20.496465215407728	0.0	0.0	
13.220449896312966	21.246854676403636	0.0	0.0	
13.10173112282855	21.664857921131365	0.0	0.0	
12.649581349016584	23.252048742244007	0.0	0.0	
12.90038769911927	23.56270676681708	0.0	0.0	
13.29920794887502	24.780859507598855	0.0	0.0	
12.531502604388196	26.191659484986893	0.0	0.0	
13.494944537082224	27.392568076438643	0.0	0.0	
13.483157523888385	27.793569855820937	0.0	0.0	
12.639610975877455	28.961241510605706	0.0	0.0	
12.86576381981439	30.342048882216005	0.0	0.0	
12.816844892659967	30.904861496400187	0.0	0.0	
13.804668456040503	0.013030238908302016	0.0	0.0	
14.462423179862078	0.8815671357537068	0.0	0.0	
13.564150950054835	1.5882322144777572	0.0	0.0	
14.494139530412822	3.049821319276157	0.0	0.0	
13.55220260734707	3.6795732504864187	0.0	0.0	
13.689267911735527	4.761830737234824	0.0	0.0	
13.961697140087777	6.2037325130212615	0.0	0.0	
14.217268093569619	7.1436641098683795	0.0	0.0	
13.89700248457147	8.222419862353238	0.0	0.0	
14.052718821302362	9.282284707831264	0.0	0.0	
13.911000564039293	9.822255238620956	0.0	0.0	
13.731136660091003	10.917595180787703	0.0	0.0	
13.63694806887634	12.050706202003116	0.0	0.0	
14.03194150779959	12.707941765631743	0.0	0.0	
14.357262719388794	14.07565242282922	0.0	0.0	
13.909001827790828	15.019101124158535	0.0	0.0	
14.010327024675016	15.96919474503534	0.0	0.0	
14.476744141647988	16.83033468941951	0.0	0.0	
14.423755158357185	17.583627647362395	0.0	0.0	
14.109851012245452	19.014953222311235	0.0	0.0	
14.411151505364035	19.91598598965711	0.0	0.0	
13.64626966741208	21.45666891220862	0.0	0.0	
14.219403945040968	22.109500313469823	0.0	0.0	
13.761809838284497	23.164441416201146	0.0	0.0	
14.374662488026036	24.384703343772053	0.0	0.0	
13.615941450997694	24.546014036744744	0.0	0.0	
14.010295691555157	26.00086584999369	0.0	0.0	
13.82965614516908	26.511633812863504	0.0	0.0	
13.627363157864492	27.64883213488599	0.0	0.0	
14.11411150929325	28.580111402721485	0.0	0.0	
13.872446496902244	29.890225103437043	0.0	0.0	
13.906977571540917	30.643529087333448	0.0	0.0	
15.266099318590001	0.15216872984005692	0.0	0.0	
15.04706811397162	0.7891281155988145	0.0	0.0	
14.912337567782512	2.308589070114817	0.0	0.0	
15.335665117563414	2.5178505715408845	0.0	0.0	
14.55370909499962	3.8196541326538007	0.0	0.0	
15.49161997072754	4.894687111167869	0.0	0.0	
15.269569867535527	5.533871699217242	0.0	0.0	
14.962434172423523	6.744243278709292	0.0	0.0	
14.84802143562815	7.858116566282246	0.0	0.0	
15.170202921636074	8.694207969720637	0.0	0.0	
14.626519072621656	10.126076738337519	0.0	0.0	
14.892780124801545	10.953825178083687	0.0	0.0	
15.168567120365065	12.123269209821947	0.0	0.0	
14.638561549712671	13.400635940390785	0.0	0.0	
14.710627469042649	13.950330254977365	0.0	0.0	
14.593431445305008	15.243677423575894	0.0	0.0	
15.031088821646964	16.09533714614801	0.0	0.0	
15.236034261628475	17.485455427219456	0.0	0.0	
14.814849296232039	17.894865608693006	0.0	0.0	
14.880133901475354	19.00895976577393	0.0	0.0	
15.486316829475697	20.238370278893466	0.0	0.0	
15.041819328328085	21.153200862423628	0.0	0.0	
15.000941962456913	21.880336137252275	0.0	0.0	
14.78754175983852	22.726867376021037	0.0	0.0	
14.519032012279421	24.489713595150835	0.0	0.0	
14.654710137540155	24.83270314527211	0.0	0.0	
15.49879258422225	25.506896563412496	0.0	0.0	
14.652250282448739	26.83972944783419	0.0	0.0	
15.007902280051237	27.73904708356448	0.0	0.0	
15.365110300420097	28.62157593709045	0.0	0.0	
15.182070083333215	30.364929404274694	0.0	0.0	
15.484595598023837	30.829297434853228	0.0	0.0	
16.133854492053786	0.13359210457349258	0.0	0.0	
15.878285299896437	1.3425258483085352	0.0	0.0	
16.389615556866538	2.093492145583181	0.0	0.0	
16.084825925826653	2.911516978490789	0.0	0.0	
16.48097875489017	4.207849867266681	0.0	0.0	
15.938929971123025	5.192854953164943	0.0	0.0	
15.724682473912907	5.966839369996072	0.0	0.0	
16.271593129897447	6.890513517237141	0.0	0.0	
15.506654202537966	7.526654423410045	0.0	0.0	
16.389306329592333	9.003779889299645	0.0	0.0	
16.05823577130505	10.115243698488502	0.0	0.0	
16.483724074589446	10.939922679123567	0.0	0.0	
16.318743424844108	12.103303583898049	0.0	0.0	
16.240286969772683	12.911907234672789	0.0	0.0	
15.576684905084944	14.210299281153112	0.0	0.0	
15.978054896100387	15.167869118634211	0.0	0.0	
15.728466561904556	16.00724417130625	0.0	0.0	
15.610413862522364	17.08676878337151	0.0	0.0	
16.479652859252727	18.002301212425426	0.0	0.0	
15.509171535641862	18.889597349070517	0.0	0.0	
15.61249644942727	19.70800480394254	0.0	0.0	
15.835754490074876	21.258994960628836	0.0	0.0	
16.446510331144843	22.031586445549447	0.0	0.0	
15.528122424677047	22.71373906682243	0.0	0.0	
16.46961550718461	24.010494281836454	0.0	0.0	
16.039482541296888	24.906253254613155	0.0	0.0	
15.61100834135807	26.09811794242014	0.0	0.0	
15.690758574216883	27.14997282826468	0.0	0.0	
15.764008890044197	27.982410463729952	0.0	0.0	
15.94240457645741	29.401706202682224	0.0	0.0	
15.551387220210044	29.71616417787504	0.0	0.0	
15.864694323684803	31.041898531805433	0.0	0.0	
16.976462364709068	0.0721183929746746	0.0	0.0	
17.36608894619586	0.8326153257153013	0.0	0.0	
17.290290440347633	2.19045163925184	0.0	0.0	
16.585787183775107	2.92919424580834	0.0	0.0	
16.766115247077252	4.099001930662946	0.0	0.0	
17.09883208915427	4.696375705417375	0.0	0.0	
16.71033727166115	6.36650612628865	0.0	0.0	
17.131326835384282	6.97530021088428	0.0	0.0	
17.284949233774004	7.812685595433825	0.0	0.0	
16.612835371732285	9.087119539503673	0.0	0.0	
17.389974754919038	9.573853719607857	0.0	0.0	
16.843615373064793	11.461770411769649	0.0	0.0	
16.71770971869656	11.578840586222485	0.0	0.0	
17.070235300005454	13.130039942712541	0.0	0.0	
16.7082401548006	13.918765798484202	0.0	0.0	
16.605656105111883	14.801293966026313	0.0	0.0	
16.690386077616335	15.99852398772459	0.0	0.0	
17.470411484772754	16.76448238207591	0.0	0.0	
16.980936099179683	18.24633233443564	0.0	0.0	
17.32405331121426	18.967650332513358	0.0	0.0	
17.365129487791616	20.06797716346327	0.0	0.0	
17.08025741855738	20.755391009852534	0.0	0.0	
17.307406895038135	22.06752543134466	0.0	0.0	
17.124357907920423	23.42866676520584	0.0	0.0	
16.638655789924137	23.62456508959416	0.0	0.0	
17.17170173576347	25.12517937346943	0.0	0.0	
17.337887922495256	26.19066236135309	0.0	0.0	
17.13888488409748	27.034529599492128	0.0	0.0	
17.166641217493392	28.165053508070898	0.0	0.0	
17.267768116799058	29.03828188512433	0.0	0.0	
17.4750845247446	30.135136040025497	0.0	0.0	
17.213491173014795	31.205422162170052	0.0	0.0	
18.388798527287655	0.31864898660419094	0.0	0.0	
18.389479361473253	1.372285975606319	0.0	0.0	
18.3322068473916	2.3827769198790407	0.0	0.0	
17.618511978063125	3.3207332608378284	0.0	0.0	
17.85581851704886	3.6563095479693866	0.0	0.0	
17.77094965782286	4.843996125560889	0.0	0.0	
18.22750580018385	5.561577098924216	0.0	0.0	
18.388362134871542	7.166288021380125	0.0	0.0	
18.21141266933133	7.847005280411162	0.0	0.0	
18.078312392071165	8.964562538237105	0.0	0.0	
17.579209910091997	9.807300298877685	0.0	0.0	
17.636597637295125	10.827919215083869	0.0	0.0	
17.969574798292644	12.380339947002822	0.0	0.0	
18.43074704286883	13.430950664569925	0.0	0.0	
18.06820562085568	14.201285230084972	0.0	0.0	
17.870112291818902	14.662036725056772	0.0	0.0	
17.838409501484865	16.404308795359917	0.0	0.0	
17.540240449776594	16.83720400545022	0.0	0.0	
17.63914256540832	18.3657151600628	0.0	0.0	
18.163211233180547	19.159858961940042	0.0	0.0	
17.728216927904967	20.054890601966342	0.0	0.0	
18.13093188782908	20.915533935406707	0.0	0.0	
18.20194700122595	22.31732767579408	0.0	0.0	
17.66348632230631	23.462093243170752	0.0	0.0	
18.010851275625285	23.578732975588412	0.0	0.0	
17.5610259793051	25.024325020441207	0.0	0.0	
18.35097618069379	25.889486217956513	0.0	0.0	
18.31373119807568	26.957646790291932	0.0	0.0	
18.46172614701618	28.193898978020485	0.0	0.0	
18.06719926402807	29.339706584998456	0.0	0.0	
17.59749114653428	30.226205691361958	0.0	0.0	
17.623146913754237	30.871627767349914	0.0	0.0	
18.898221545174465	0.3469401561154124	0.0	0.0	
19.198336436233756	0.5380545178861277	0.0	0.0	
18.833249321272213	2.4530886906710663	0.0	0.0	
18.653238803598775	2.589959333761074	0.0	0.0	
18.774841976880666	3.9453834350204655	0.0	0.0	
19.447652637706433	4.628239521011091	0.0	0.0	
19.042835813487553	6.073478014643834	0.0	0.0	
19.302533033810736	7.343829775285744	0.0	0.0	
19.472311246606353	8.129688206306723	0.0	0.0	
18.742433987741205	8.9377318067246	0.0	0.0	
18.734596813354578	10.150200922954548	0.0	0.0	
18.9956142707935	11.014858819944642	0.0	0.0	
18.94077933621179	12.385423179460012	0.0	0.0	
19.25252690728255	12.57349877749542	0.0	0.0	
18.80479892103004	13.561185342170925	0.0	0.0	
18.526130889367323	15.43981558621589	0.0	0.0	
18.755913619137488	15.66276601943557	0.0	0.0	
19.408202179464762	17.47521236910305	0.0	0.0	
18.54526914479488	18.09506947758175	0.0	0.0	
18.967946646474484	18.692209527914986	0.0	0.0	
19.069323924949188	20.324536504203625	0.0	0.0	
18.82739103613067	20.73678219733946	0.0	0.0	
19.33499992358153	21.69150833970973	0.0	0.0	
18.875276480646857	23.377305051837812	0.0	0.0	
18.73735484006273	23.89848261702351	0.0	0.0	
18.54383384633721	25.374755017612262	0.0	0.0	
19.246620404842908	25.63644248061231	0.0	0.0	
18.664214320983866	26.651754935111796	0.0	0.0	
18.80216774451492	28.241377314540667	0.0	0.0	
18.72996625356745	29.389870102873566	0.0	0.0	
18.67729291349601	30.110776951022633	0.0	0.0	
18.720956550089006	30.737714046918256	0.0	0.0	
19.90600535664279	0.26556149405612794	0.0	0.0	
20.042665411300632	0.6468557392660279	0.0	0.0	
19.759183393715993	1.8668975101018117	0.0	0.0	
20.065387833256086	3.2192491516315225	0.0	0.0	
19.963980136607756	4.171746706575586	0.0	0.0	
20.166810429194744	4.643878310400191	0.0	0.0	
20.25986691591121	6.144408579233854	0.0	0.0	
20.272712814184562	7.471248927998426	0.0	0.0	
19.825192943898085	8.32972432661485	0.0	0.0	
20.154959476679437	9.149492370428504	0.0	0.0	
19.840253321730536	9.63036349459841	0.0	0.0	
19.59964165835892	11.061045522363129	0.0	0.0	
20.346669646093325	12.176511392478567	0.0	0.0	
20.445397334541937	12.657074277991201	0.0	0.0	
20.008240860893835	14.400227726092997	0.0	0.0	
19.99118431225629	14.732679859210878	0.0	0.0	
19.798271021545307	16.380641607041312	0.0	0.0	
20.23208514960245	16.970288643579327	0.0	0.0	
20.34453569298299	17.658925422671885	0.0	0.0	
20.361266809210438	19.316638027925855	0.0	0.0	
20.11160033225317	20.377937667465496	0.0	0.0	
19.5235975169287	21.38536207695472	0.0	0.0	
20.01333846932248	21.797757541808185	0.0	0.0	
19.940888876213577	23.105600131066993	0.0	0.0	
20.049695021996822	23.898172893393564	0.0	0.0	
20.115747522042295	25.38218137843726	0.0	0.0	
19.844287265290983	25.572277911102585	0.0	0.0	
20.30152178007078	26.799549733233658	0.0	0.0	
19.56303595061804	27.76986786327183	0.0	0.0	
20.31124315947207	28.83719113306355	0.0	0.0	
20.16812743459448	29.83769893690014	0.0	0.0	
20.065389358008783	30.84068646254575	0.0	0.0	
21.184316271352227	0.215338120398485	0.0	0.0	
21.43822799306213	1.1397556285926893	0.0	0.0	
21.39560510589071	1.7085153525312728	0.0	0.0	
20.85992264304896	2.987571916990273	0.0	0.0	
20.777283842388183	3.653451210705179	0.0	0.0	
21.25807287404236	4.752342749912758	0.0	0.0	
20.78521981307586	6.143943806851153	0.0	0.0	
21.23186870933362	6.974868074297706	0.0	0.0	
21.31375132981723	7.716101630184263	0.0	0.0	
20.74350237103516	9.050159594937696	0.0	0.0	
20.969022776271483	9.665829123337414	0.0	0.0	
20.90043110157434	11.32595861621123	0.0	0.0	
20.633038052618115	12.12817687566078	0.0	0.0	
21.162322000943917	13.316239428248283	0.0	0.0	
20.69328068122775	13.549901103861792	0.0	0.0	
20.85624781412164	14.538236854540203	0.0	0.0	
21.220642453360497	16.29235113335923	0.0	0.0	
20.946768441262144	17.498114051031386	0.0	0.0	
21.16593036813219	17.546974996279204	0.0	0.0	
20.606701392693402	18.53995932972819	0.0	0.0	
20.68119432438804	20.091023478353495	0.0	0.0	
20.501258669914225	20.793891425435298	0.0	0.0	
20.824917962555347	22.153499740061953	0.0	0.0	
20.613309014277647	22.894236559214118	0.0	0.0	
20.90874580071178	23.697199264564208	0.0	0.0	
20.875573969546156	25.024366582855087	0.0	0.0	
20.88483780841134	26.07231817957282	0.0	0.0	
21.35294762976468	27.336732980411863	0.0	0.0	
21.413354114886058	27.84816059033125	0.0	0.0	
21.32132366029547	28.650317905147794	0.0	0.0	
21.245717491625168	29.724418058900568	0.0	0.0	
21.443327913499115	30.649658813582644	0.0	0.0	
22.071224490550456	0.14708590593020898	0.0	0.0	
22.407524825699323	0.8802461565741412	0.0	0.0	
21.882842469027437	2.071354710446338	0.0	0.0	
21.900202739643408	3.330090631600682	0.0	0.0	
21.808075952694942	3.980874131204716	0.0	0.0	
21.959507597717067	5.489921849648471	0.0	0.0	
22.200933393937632	5.912754735902513	0.0	0.0	
22.354170181965856	7.187206124276036	0.0	0.0	
21.543972739778678	8.081608197248794	0.0	0.0	
22.499371655651824	9.080120546062624	0.0	0.0	
22.32424339216416	9.70320808369613	0.0	0.0	
21.96261956084747	10.790638521255197	0.0	0.0	
22.279606475146796	12.179586913330148	0.0	0.0	
21.532136914091566	13.406243223949994	0.0	0.0	
22.270225028357643	14.351399366925614	0.0	0.0	
22.355145713309607	15.333690764926475	0.0	0.0	
22.095057130433396	16.068633084891346	0.0	0.0	
21.982302721939522	16.995127514433353	0.0	0.0	
21.866435863238483	17.892362860827244	0.0	0.0	
22.436462516706573	18.72375310558234	0.0	0.0	
21.593602142257833	20.29073120904944	0.0	0.0	
21.899737811697566	20.829165645249084	0.0	0.0	
22.2767460842881	21.510941617020322	0.0	0.0	
22.426642183375765	22.660046820014884	0.0	0.0	
21.523190344480586	23.97662356454607	0.0	0.0	
22.497048185393925	24.815491305238023	0.0	0.0	
21.81345284963104	25.757392778113267	0.0	0.0	
22.12453402007418	26.857316581777923	0.0	0.0	
22.411156341915884	27.955624210195673	0.0	0.0	
21.51681834928101	28.57806725824749	0.0	0.0	
21.66616771514439	30.351307852738092	0.0	0.0	
22.28234513516871	30.814086063484744	0.0	0.0	
22.552991710013508	0.4312263731758518	0.0	0.0	
22.918193355430716	0.5348911204093163	0.0	0.0	
22.881486726448646	2.0220061862674554	0.0	0.0	
22.78471546583421	3.2569212145381825	0.0	0.0	
23.19492986297602	4.410454575670795	0.0	0.0	
22.831047313226193	4.521279080502905	0.0	0.0	
23.049561099108068	6.49312244617286	0.0	0.0	
23.02813251772105	6.5033446262036385	0.0	0.0	
23.40554489669234	8.357613688500239	0.0	0.0	
22.624258430288286	8.794866001389478	0.0	0.0	
23.16680917822276	10.382946765190761	0.0	0.0	
23.31761030173693	10.987063180070978	0.0	0.0	
23.09776732785614	11.68450067338761	0.0	0.0	
23.220049198195102	12.962075874003272	0.0	0.0	
23.333140836842297	14.492872084549644	0.0	0.0	
23.029983692673945	15.104256248487216	0.0	0.0	
22.50509633983895	16.362282565063655	0.0	0.0	
22.629437628799835	17.1717070718189	0.0	0.0	
22.568406601693344	18.38185056140911	0.0	0.0	
22.799111973195643	19.2594788604121	0.0	0.0	
23.293546625835987	19.650566907233582	0.0	0.0	
23.18495315931224	21.259405854662447	0.0	0.0	
22.617100554157506	21.736764548178687	0.0	0.0	
23.100841797077766	22.583620959257576	0.0	0.0	
23.468351715909435	24.056938627229982	0.0	0.0	
23.19094183865574	24.752857586351983	0.0	0.0	
23.429005270050784	25.774360274105575	0.0	0.0	
22.88343921082913	27.068645057188505	0.0	0.0	
22.72702275888275	28.0088742733504	0.0	0.0	
22.996663661428155	28.76317774549552	0.0	0.0	
23.497554644169046	29.9878824857598	0.0	0.0	
22.81113487655609	30.929989403124758	0.0	0.0	
23.61356070669637	0.14574940402776637	0.0	0.0	
23.911111557776692	1.2291049721897227	0.0	0.0	
23.81165846541064	1.9311203683977936	0.0	0.0	
24.18687245489455	2.587196428639573	0.0	0.0	
24.29983334762024	4.241568654497042	0.0	0.0	
24.22482381577384	5.257380640908701	0.0	0.0	
23.763355417484345	6.171612043485519	0.0	0.0	
23.721596574240827	6.7608708583622406	0.0	0.0	
24.03127579196516	8.220636257878185	0.0	0.0	
23.59872912669613	9.460251645450434	0.0	0.0	
24.36666083068637	10.091124079189605	0.0	0.0	
23.797881198037857	11.053994104485218	0.0	0.0	
23.779580907640074	12.077140585344333	0.0	0.0	
24.058570088037474	13.129726486965948	0.0	0.0	
24.45195231043813	14.263603299709342	0.0	0.0	
23.548138471321344	14.51449908617039	0.0	0.0	
23.826405173979452	15.631171161309213	0.0	0.0	
24.130266350384854	17.049052829954423	0.0	0.0	
23.659956299396228	17.63873716281849	0.0	0.0	
23.7589823153819	19.246193111359137	0.0	0.0	
24.006607842626426	19.59592412392458	0.0	0.0	
23.846559249926024	20.63948288997715	0.0	0.0	
24.17790736614532	22.018702756039204	0.0	0.0	
23.989509823672037	22.699697863600967	0.0	0.0	
24.261740442633332	24.005566312995725	0.0	0.0	
23.941535329233194	25.08368285784886	0.0	0.0	
24.365745201511594	25.859861481765506	0.0	0.0	
23.95088638572139	26.883496403545777	0.0	0.0	
23.54230749333515	27.720325608907718	0.0	0.0	
24.30314427960901	28.811023700210846	0.0	0.0	
24.040272480454348	29.780449005726055	0.0	0.0	
24.39018926827168	30.6109386152826	0.0	0.0	
24.608038578946935	0.11828930869002574	0.0	0.0	
25.451858117256496	1.0547852179673296	0.0	0.0	
24.717549119118228	2.224038880522186	0.0	0.0	
24.961570489416257	3.4966424310717015	0.0	0.0	
24.71807754577185	3.560194693070984	0.0	0.0	
25.27342455550628	4.909106707791161	0.0	0.0	
25.36201327735506	5.5156168352255	0.0	0.0	
25.05031805283337	6.8418207131335285	0.0	0.0	
24.816054687049398	8.362289997145853	0.0	0.0	
24.617371454142802	8.910280638139653	0.0	0.0	
24.54287112295421	9.732094904287258	0.0	0.0	
25.499748036668194	10.638598260204503	0.0	0.0	
25.128251568389956	12.332091356786787	0.0	0.0	
24.763886067237877	12.741627986714196	0.0	0.0	
25.240601748248178	14.282158356086898	0.0	0.0	
25.1460366644891	15.05973220102347	0.0	0.0	
24.506215730558534	15.510930191314902	0.0	0.0	
25.170127330371745	16.729821030412413	0.0	0.0	
25.38383641288179	17.95743630245331	0.0	0.0	
24.971433754039836	19.14267697483772	0.0	0.0	
25.278188221134595	20.271731490259754	0.0	0.0	
24.855426949285803	21.256244431448707	0.0	0.0	
24.882366204243933	22.44374025075357	0.0	0.0	
24.607963770427002	22.88397895363683	0.0	0.0	
25.031581120944214	23.778938306165475	0.0	0.0	
24.97079669628075	24.774500859875122	0.0	0.0	
25.445447889424745	26.43700942063365	0.0	0.0	
25.188808582954607	26.977183639175735	0.0	0.0	
25.37720402626812	27.970761561549637	0.0	0.0	
25.448334041272442	29.087413313521402	0.0	0.0	
24.732954977692774	29.707634759562964	0.0	0.0	
24.977422071254736	30.768795314408397	0.0	0.0	
26.022472139531796	0.08564352633070038	0.0	0.0	
25.731819529272503	0.6940750855156405	0.0	0.0	
26.011577840402236	1.9712966557461937	0.0	0.0	
26.470092512317667	3.4608690812055167	0.0	0.0	
26.343602286170192	4.483941799267718	0.0	0.0	
26.310931941949015	4.944677674185002	0.0	0.0	
25.713888978363407	6.201772724166549	0.0	0.0	
26.44621673467071	7.340048016013684	0.0	0.0	
25.7372016896297	8.403929245067406	0.0	0.0	
26.003921380025844	9.239781932817182	0.0	0.0	
25.77226916791706	9.919341602893347	0.0	0.0	
25.83425770416011	10.629301043052045	0.0	0.0	
26.20198306315256	12.014480324173599	0.0	0.0	
25.70478246859946	12.52261155528806	0.0	0.0	
25.848461754187323	14.485733272906483	0.0	0.0	
26.129054792663386	14.810365056042933	0.0	0.0	
26.28073100271214	16.1302941651841	0.0	0.0	
25.524203243655336	17.484366912057382	0.0	0.0	
25.786646218828384	18.43243682709627	0.0	0.0	
25.92798104756359	18.561783202507257	0.0	0.0	
26.205840325935032	19.55317748676336	0.0	0.0	
25.775759468172833	20.78604366238484	0.0	0.0	
26.30042128491245	21.61627083028885	0.0	0.0	
25.521838062525326	22.699652890264836	0.0	0.0	
25.790051572625615	23.725229137421092	0.0	0.0	
25.815375016103907	25.3501206859111	0.0	0.0	
26.210018799360785	26.185738814935963	0.0	0.0	
26.098320031983214	26.61600766251668	0.0	0.0	
25.51125966147799	28.063486392443114	0.0	0.0	
26.10028827592058	28.84151263092108	0.0	0.0	
25.82765874404603	30.395382366845755	0.0	0.0	
26.389547791977495	30.80798773029813	0.0	0.0	
27.428243185127904	0.44586835672323766	0.0	0.0	
26.734255652678524	0.6124874207595336	0.0	0.0	
27.437344714301773	2.027365582677774	0.0	0.0	
27.104569694293236	3.453370765633089	0.0	0.0	
26.612666252696673	3.5798213747443444	0.0	0.0	
26.720930098857195	4.994585481904605	0.0	0.0	
27.42734488176122	5.957144322808547	0.0	0.0	
27.281999110433006	7.030616293487149	0.0	0.0	
26.748746544310684	8.418971520113244	0.0	0.0	
27.1179969637351	8.61821627609972	0.0	0.0	
27.021917767391685	10.450710630938188	0.0	0.0	
27.415867561511217	11.126690168643783	0.0	0.0	
27.476301974150534	11.800235262905034	0.0	0.0	
26.700993690454705	13.022522610010443	0.0	0.0	
26.636729783730107	14.226570312759893	0.0	0.0	
27.199873670346406	14.879653714703029	0.0	0.0	
27.19035575231168	15.841014214855484	0.0	0.0	
27.40178014928374	16.99150317916801	0.0	0.0	
27.325631102496057	18.18719960358573	0.0	0.0	
26.726651055522854	18.5641880093784	0.0	0.0	
26.679715442414878	19.610720597510024	0.0	0.0	
26.79954447411744	20.650986278269897	0.0	0.0	
26.736438994805845	22.39473372860741	0.0	0.0	
27.36133623511553	23.417601466260376	0.0	0.0	
27.31155363515573	23.522321779985248	0.0	0.0	
27.25149210948817	25.280549755907845	0.0	0.0	
26.998715516773906	25.549903394472334	0.0	0.0	
27.06814480878728	26.917396534888933	0.0	0.0	
27.48627580505996	28.256763365308856	0.0	0.0	
26.963084357414534	29.320004209230103	0.0	0.0	
26.733472883275894	30.301991385607508	0.0	0.0	
27.256494844859585	30.629139457476857	0.0	0.0	
28.14890025755151	0.2726464865334799	0.0	0.0	
27.80994824380042	0.5520031545606661	0.0	0.0	
28.18622002440632	1.752171712480349	0.0	0.0	
27.8850616588105	2.78475382280096	0.0	0.0	
27.540675220039105	3.9263179272414757	0.0	0.0	
28.223071157380552	5.498778906161169	0.0	0.0	
27.664477038661257	5.800685154937504	0.0	0.0	
27.574325536044366	7.131592945798791	0.0	0.0	
27.61632472320942	7.57283126499756	0.0	0.0	
28.17155521492668	9.214211286381927	0.0	0.0	
27.621010605223066	10.218857721256493	0.0	0.0	
27.536788727749556	11.131590413738095	0.0	0.0	
27.951899594935515	11.911823003365491	0.0	0.0	
27.929828839996304	12.825447563331037	0.0	0.0	
27.59536811803081	13.95242567204176	0.0	0.0	
28.047514102651853	15.117306330984473	0.0	0.0	
28.474095231715122	16.20477584084555	0.0	0.0	
28.474347003259336	17.078040608208163	0.0	0.0	
27.650632777242198	17.614646638443027	0.0	0.0	
27.951851986730148	18.66881756005451	0.0	0.0	
27.834409893806026	20.286929662898366	0.0	0.0	
27.755147228579386	20.710318615319267	0.0	0.0	
27.810041081828277	21.855639984824844	0.0	0.0	
27.865987165129617	22.826845918766963	0.0	0.0	
28.027380821805743	23.602940356625357	0.0	0.0	
28.118431215329654	24.579228780076267	0.0	0.0	
28.0566967370602	26.438013011014778	0.0	0.0	
27.56618291467359	27.109640298483843	0.0	0.0	
28.392289905913096	27.57885528939739	0.0	0.0	
28.435497508604406	29.03369960348838	0.0	0.0	
27.824940279315996	29.503474373171354	0.0	0.0	
27.686307149254603	31.484418520146196	0.0	0.0	
29.288697558336807	0.2733339196780086	0.0	0.0	
29.133392805231615	0.5177716151382005	0.0	0.0	
29.138917502668644	1.844119117173674	0.0	0.0	
28.634448138258122	3.0632474013469135	0.0	0.0	
29.44747055767639	4.327941403024822	0.0	0.0	
29.060432891679348	5.012460703456999	0.0	0.0	
29.025842024201246	5.524534421340886	0.0	0.0	
28.79537153678934	7.316933332191251	0.0	0.0	
29.11458545868031	7.8679310243507	0.0	0.0	
29.04413148586763	8.751959362674578	0.0	0.0	
29.231387209393844	10.366471810155078	0.0	0.0	
28.810551598394152	11.021580044890522	0.0	0.0	
28.813477789731486	12.118774047390675	0.0	0.0	
28.723053162692345	13.031288538264345	0.0	0.0	
29.301183058415344	13.642569181833297	0.0	0.0	
29.149180079398658	14.676600989064076	0.0	0.0	
28.54999114236292	15.52025465061948	0.0	0.0	
28.98324416448207	16.86830367093786	0.0	0.0	
29.040195975090068	18.014611935299182	0.0	0.0	
29.31735717569017	19.24132836618072	0.0	0.0	
29.353904566154995	19.758644557670188	0.0	0.0	
29.245028958541077	21.22539276332335	0.0	0.0	
29.128771746479867	22.230218858060013	0.0	0.0	
29.011260688150816	22.739425698023933	0.0	0.0	
28.89008060700521	23.925879078603444	0.0	0.0	
29.01171380706754	25.23864185191026	0.0	0.0	
29.1422578509603	25.66454825517712	0.0	0.0	
28.8440099805276	27.185505231791964	0.0	0.0	
29.245170196975064	28.075250311541676	0.0	0.0	
28.929486106196357	29.016880978839282	0.0	0.0	
28.94831450729105	29.634944269530884	0.0	0.0	
28.834878936654214	31.427078329169664	0.0	0.0	
29.501632718560533	0.42740997596585695	0.0	0.0	
29.960889260481053	0.7004685016340596	0.0	0.0	
30.352940700716623	2.2136240362984796	0.0	0.0	
29.738710902113098	3.438881970318246	0.0	0.0	
29.863292659342665	3.8488738272303817	0.0	0.0	
29.535798145650364	4.948533437599469	0.0	0.0	
30.32349775693423	5.939207160775737	0.0	0.0	
30.158919479522705	7.441305614763866	0.0	0.0	
29.76661041917312	8.159530167963473	0.0	0.0	
30.186430578343806	8.525792190530964	0.0	0.0	
30.135355837254	10.239359122763315	0.0	0.0	
29.621302112856288	11.07620147435362	0.0	0.0	
30.474439756812068	11.536733733995723	0.0	0.0	
30.044972373596167	12.773462332459284	0.0	0.0	
29.588133054344578	14.488074529428749	0.0	0.0	
30.050731985170223	15.39963489099921	0.0	0.0	
29.58906717876412	16.14530302840275	0.0	0.0	
29.99224418916183	16.903201286444197	0.0	0.0	
29.87912571838818	17.667905734439728	0.0	0.0	
29.778079529223085	18.576388508287117	0.0	0.0	
29.689644161036043	20.336379393456866	0.0	0.0	
30.450573744982247	21.227722677937074	0.0	0.0	
29.78687995964792	22.006322971006682	0.0	0.0	
30.06607138172034	23.095064996820238	0.0	0.0	
30.270383178246902	24.47168930886032	0.0	0.0	
29.624417587466613	25.37398046258046	0.0	0.0	
29.81800252073927	25.91451805081752	0.0	0.0	
29.580616049464297	26.501237084100765	0.0	0.0	
29.50769912545484	28.18250080066046	0.0	0.0	
30.495921423189873	28.666023977578824	0.0	0.0	
30.23257408215914	29.875059883741628	0.0	0.0	
29.885553332398267	30.767787413050367	0.0	0.0	
31.222484634521418	0.21134123549841344	0.0	0.0	
30.83875116102015	0.5946566339235467	0.0	0.0	
31.271456625169098	2.3278076470281412	0.0	0.0	
31.063135109709	3.4847547877785434	0.0	0.0	
30.701377659729047	3.995409092284352	0.0	0.0	
31.458115006101686	4.756063653023024	0.0	0.0	
31.069001074787415	6.133781570114104	0.0	0.0	
30.5821952177321	7.383467983019461	0.0	0.0	
31.437674426060383	7.917941643562179	0.0	0.0	
30.841980112443014	8.729836335704201	0.0	0.0	
30.52046332059911	10.058027553790492	0.0	0.0	
31.14684147190106	10.936514479200476	0.0	0.0	
30.558745495519645	12.075079901048598	0.0	0.0	
30.819923347471544	13.350432459246651	0.0	0.0	
31.302646972029493	14.282683532524318	0.0	0.0	
31.42921369201206	14.802041946953162	0.0	0.0	
30.626522554771643	15.565710764594527	0.0	0.0	
31.11913389690875	16.777867884315693	0.0	0.0	
31.119959992929115	18.25786356994962	0.0	0.0	
31.23184583883452	19.207645292796645	0.0	0.0	
31.399452037917364	19.798423563543174	0.0	0.0	
31.04279366733643	21.182427497175663	0.0	0.0	
30.824343574088356	21.751341953552156	0.0	0.0	
30.896707298329055	23.364138366959647	0.0	0.0	
31.432108848746054	24.42347309988543	0.0	0.0	
30.73414994518474	24.81299780692823	0.0	0.0	
31.027018924350607	26.08709314425305	0.0	0.0	
30.817733846867284	26.883816303360717	0.0	0.0	
31.089492043685166	27.665385062120002	0.0	0.0	
31.14286487181938	28.543669209972595	0.0	0.0	
31.033191750509772	30.075628253479664	0.0	0.0	
30.69251155628139	31.187127004426944	0.0	0.0	
