2
32.0	0.0	0.0	0.0	
0.0	32.0	0.0	0.0	
0.22008180412697764	0.187859258223666	0.0	0.0	
0.02902393786857027	1.2946981433395979	0.0	0.0	
0.20170093294026437	1.7849773384412622	0.0	0.0	
0.0810706478495895	2.7332713339451735	0.0	0.0	
0.19972914264856279	4.364283411659907	0.0	0.0	
0.27053447935246056	4.567029042559258	0.0	0.0	
0.49736492531652976	5.993382340635789	0.0	0.0	
0.005129131741488102	6.559174411499571	0.0	0.0	
0.07223842210457954	8.450637569645776	0.0	0.0	
0.009012147602581733	8.87955418074494	0.0	0.0	
0.19870956844561005	9.68930439482726	0.0	0.0	
0.20051217893126738	10.616795319124654	0.0	0.0	
0.4061218767547795	11.738595079586366	0.0	0.0	
0.026800071488027433	12.622953675975735	0.0	0.0	
0.44974900082633495	14.114839795424151	0.0	0.0	
0.21748304133336516	14.796576879733266	0.0	0.0	
0.1888335697953949	15.878055006191893	0.0	0.0	
0.049520086086130344	17.27474552755808	0.0	0.0	
0.48188516511004764	18.361990975113127	0.0	0.0	
0.4486475365460256	18.551682794492965	0.0	0.0	
0.33940890291386105	19.991117604595953	0.0	0.0	
0.06252058489160184	20.845727602209557	0.0	0.0	
0.35829317097975466	21.55530559573993	0.0	0.0	
0.010426367064656161	23.38188453998618	0.0	0.0	
0.11739651795338679	23.928165069663155	0.0	0.0	
0.15895711238179178	25.442815738848196	0.0	0.0	
0.2819538140200649	26.257078736969348	0.0	0.0	
0.059306027231184055	26.820491080499437	0.0	0.0	
0.41159678062855587	28.306240732004046	0.0	0.0	
0.046973059298535236	28.611964854697483	0.0	0.0	
0.0973281200904893	29.72426560477383	0.0	0.0	
0.431303249109796	31.010743598420532	0.0	0.0	
0.7152149605915892	0.49923215996770665	0.0	0.0	
1.3107750765196147	0.685739685487984	0.0	0.0	
0.9434258775251608	2.085077944011225	0.0	0.0	
1.0980230534862077	2.7031242941141502	0.0	0.0	
1.1902118690046073	3.6817420705066835	0.0	0.0	
0.8106329423180793	4.514060318944575	0.0	0.0	
1.1802437051233372	6.0064574948666385	0.0	0.0	
1.3347124166896633	6.962417706867498	0.0	0.0	
0.6984087436524266	7.8819573762772235	0.0	0.0	
0.523828352522534	9.27008354106486	0.0	0.0	
0.9707996932099318	9.75706762984317	0.0	0.0	
1.4949531597809702	11.310582390122958	0.0	0.0	
1.0484323287373216	11.558828151594943	0.0	0.0	
1.261000796895193	12.825063337338435	0.0	0.0	
1.4703965029104116	13.70916027945323	0.0	0.0	
0.7546066244435296	15.251262518939313	0.0	0.0	
1.0824569743847499	15.616997267661816	0.0	0.0	
1.1124311306378374	16.508516315331473	0.0	0.0	
1.2149006272654281	18.351211292062857	0.0	0.0	
1.1178552953230076	18.607953403018083	0.0	0.0	
1.1775943017495378	19.710034068246383	0.0	0.0	
0.7294967325431575	21.30161550766261	0.0	0.0	
0.7745710328072479	22.03395637969348	0.0	0.0	
1.4141019989224	22.737945119466026	0.0	0.0	
0.5359895992963909	23.680211802725477	0.0	0.0	
1.2280116067019207	25.295302104602566	0.0	0.0	
0.544738715290838	26.303830870565857	0.0	0.0	
1.0033966555230167	27.314648233651305	0.0	0.0	
1.1222994947254459	27.762945600450212	0.0	0.0	
0.6787310909766892	28.594690418737258	0.0	0.0	
1.4842846493266977	29.896975901030235	0.0	0.0	
0.5660156330214134	31.396211873320723	0.0	0.0	
2.427196704866746	0.0552631223095017	0.0	0.0	
1.8350976749007692	1.1946265052768497	0.0	0.0	
2.391248616434847	1.9919357516775738	0.0	0.0	
1.8185332790181807	3.40914007586049	0.0	0.0	
2.391877548435352	3.7805928827725994	0.0	0.0	
2.199609460565764	5.362379850560374	0.0	0.0	
2.003536305675672	6.404471916758777	0.0	0.0	
1.5784951991808338	6.827487682497798	0.0	0.0	
2.1061827819283296	8.338876436533111	0.0	0.0	
1.7394518952514229	9.427037402211337	0.0	0.0	
2.033307144076069	9.860562522693328	0.0	0.0	
1.5398819351078676	11.417619308544209	0.0	0.0	
1.8642215696446331	11.73698058845512	0.0	0.0	
1.99080462706422	13.474613424627575	0.0	0.0	
2.30701051980379	14.169418207757674	0.0	0.0	
2.140258980115485	14.92670999590144	0.0	0.0	
2.0157032000159845	16.169837353088443	0.0	0.0	
2.3376986256183585	17.492925690316376	0.0	0.0	
2.0055796623514963	18.17091289288981	0.0	0.0	
1.73974645717854	18.553727422250816	0.0	0.0	
2.193407584661039	20.072433021831564	0.0	0.0	
1.9900995339462413	21.22805722145505	0.0	0.0	
2.3204890195986456	22.061852046581752	0.0	0.0	
1.5687944720469988	23.138611923695727	0.0	0.0	
2.3766352560683712	23.756946192800694	0.0	0.0	
1.6444152505181695	24.630888616711502	0.0	0.0	
1.7221529555088806	26.090152453434737	0.0	0.0	
1.9796703118651182	26.53494123997549	0.0	0.0	
2.2697867463517247	28.487114504763017	0.0	0.0	
1.6889372623518053	28.791881684825473	0.0	0.0	
2.1045269919227096	29.828212541456605	0.0	0.0	
1.5437664728588905	31.125607766256636	0.0	0.0	
3.395752440459467	0.14491767383149734	0.0	0.0	
2.661004084456973	1.3971900823985357	0.0	0.0	
3.3939214943892275	1.9852272119166587	0.0	0.0	
2.509752269125881	3.3409470559108936	0.0	0.0	
2.934947697478743	4.474746263997909	0.0	0.0	
3.1822245111669485	5.2660807261254154	0.0	0.0	
3.0892984438069644	6.1426691585403255	0.0	0.0	
3.1523586261631675	6.8376238724585665	0.0	0.0	
3.1230365302753733	7.863036400261855	0.0	0.0	
3.2032243615993083	8.562929608370183	0.0	0.0	
2.8672833082714813	10.087540987740145	0.0	0.0	
3.028287929629141	10.720469856655766	0.0	0.0	
2.695896880465474	11.658680571450965	0.0	0.0	
3.410188004288802	12.562241096014521	0.0	0.0	
2.900773872437235	14.335507402380465	0.0	0.0	
3.05416806004766	15.177316772696143	0.0	0.0	
3.011634026304381	15.901432181496968	0.0	0.0	
3.3151093491508203	16.53355394513819	0.0	0.0	
3.244668365465987	17.871524997788427	0.0	0.0	
2.622276565881389	19.176218346389295	0.0	0.0	
2.795013007378385	19.801572239675266	0.0	0.0	
3.4027354186598244	20.512774063664594	0.0	0.0	
3.1890249649098923	21.558183285938064	0.0	0.0	
3.459826751103493	23.221494109827116	0.0	0.0	
3.2921464959302775	24.10820610833912	0.0	0.0	
2.83725594370271	25.34745004412526	0.0	0.0	
3.2696529194684176	26.023394349653937	0.0	0.0	
3.268877229072599	26.955609290252777	0.0	0.0	
2.7839550103607484	27.957809525760183	0.0	0.0	
3.385238690016294	29.002084640702297	0.0	0.0	
3.400265998188665	29.53386919160644	0.0	0.0	
3.050676907703245	30.90981128963722	0.0	0.0	
4.262109882642928	0.17968321834620193	0.0	0.0	
3.794981360595189	0.9808819820145719	0.0	0.0	
3.716874752254977	1.994038757120319	0.0	0.0	
4.329917888809414	2.551086484520848	0.0	0.0	
3.9118855046062615	4.289419070716113	0.0	0.0	
4.450890783453241	5.128865890054648	0.0	0.0	
3.6871032392524388	5.660105503771783	0.0	0.0	
3.778286985606783	7.483121198630607	0.0	0.0	
4.288050451772862	8.477682071906306	0.0	0.0	
3.5111978491095885	9.027951520123088	0.0	0.0	
4.294015999255846	10.063701741128739	0.0	0.0	
4.466607183834596	10.567942069632826	0.0	0.0	
3.5393366232452528	12.262467090094322	0.0	0.0	
4.1273943352789235	13.177744033379714	0.0	0.0	
3.8818873264064946	14.216572368666181	0.0	0.0	
4.126785511862432	15.112594423453587	0.0	0.0	
4.087625041663739	16.16405975259667	0.0	0.0	
4.386893414540611	17.040489960534	0.0	0.0	
3.8885535032464156	17.505694663186112	0.0	0.0	
4.07930280426349	18.729547265363625	0.0	0.0	
4.392563756484543	20.300639579791508	0.0	0.0	
4.023768946642627	20.52033420844899	0.0	0.0	
3.9687167441963584	22.210469703009196	0.0	0.0	
4.005590680257873	23.321291846898585	0.0	0.0	
4.308431511791445	23.62927160923169	0.0	0.0	
4.272718028152773	24.882334194450927	0.0	0.0	
4.20523529525577	25.55916948649127	0.0	0.0	
3.7448504207777145	26.582119461772454	0.0	0.0	
3.717640894834278	28.16053620218575	0.0	0.0	
3.906506152790329	29.424971209226243	0.0	0.0	
3.676621505297584	30.118436669139104	0.0	0.0	
3.7403892419012683	31.04338845376634	0.0	0.0	
4.543030479425438	0.48016912810732804	0.0	0.0	
5.153095719184387	1.2377552195611496	0.0	0.0	
4.933909053902822	2.467622437786487	0.0	0.0	
4.690160840194019	3.3610817677120517	0.0	0.0	
4.563326359870497	4.369035334731292	0.0	0.0	
4.644513165601146	4.5116119936498	0.0	0.0	
5.09780148612142	5.850223877903015	0.0	0.0	
4.556434102385591	6.884013011475037	0.0	0.0	
5.105032984038745	8.089895351506684	0.0	0.0	
4.840368569580023	8.930131028158778	0.0	0.0	
5.150541428570178	9.76824011864893	0.0	0.0	
4.96967536882624	11.22811787801114	0.0	0.0	
4.849557167195569	11.579644438433366	0.0	0.0	
4.584477980267574	13.043582499210316	0.0	0.0	
5.290951099170598	13.74854145324062	0.0	0.0	
4.970127521430375	14.55167698105682	0.0	0.0	
4.770623087484216	15.594007577371688	0.0	0.0	
5.089414150283497	17.03937462297601	0.0	0.0	
5.266418790932577	18.256528190151926	0.0	0.0	
5.329429929880716	18.80809777352199	0.0	0.0	
5.363967650374523	20.497599110466403	0.0	0.0	
5.215292290976011	20.7890680489669	0.0	0.0	
5.341996720193962	22.20833600973539	0.0	0.0	
4.989535767785769	23.2411585894081	0.0	0.0	
5.478250266515808	23.676019099200126	0.0	0.0	
5.281698328318728	25.135518263024654	0.0	0.0	
5.003535302920735	25.869285824078794	0.0	0.0	
4.80355296490656	27.18018064009001	0.0	0.0	
5.470705807914906	27.802622171367325	0.0	0.0	
5.306937044243394	28.645901276528104	0.0	0.0	
5.38000665953515	30.28975233697868	0.0	0.0	
5.468905662348377	30.512185067511236	0.0	0.0	
6.273916211519845	0.27767813674636654	0.0	0.0	
5.633662746410492	1.3063286040124664	0.0	0.0	
6.287987595979445	1.9025630923152705	0.0	0.0	
6.474995363961474	3.131365416422316	0.0	0.0	
5.623159554297694	3.5264844098718515	0.0	0.0	
5.895623100529875	5.347614461108519	0.0	0.0	
5.6311225554346	5.784697059926234	0.0	0.0	
5.541165919528754	6.978488372082808	0.0	0.0	
5.766492477839874	7.822751338059801	0.0	0.0	
6.117593653147539	8.550042382045284	0.0	0.0	
5.656684643644165	9.770068670560683	0.0	0.0	
5.929674411137147	11.059404657468429	0.0	0.0	
6.2724389562021985	11.934825096760367	0.0	0.0	
5.924745120639337	12.984462416827366	0.0	0.0	
5.593330328740702	13.834040097137862	0.0	0.0	
5.528607910478804	15.086392400335274	0.0	0.0	
6.306548122436856	15.911899577520625	0.0	0.0	
5.841047411802382	17.491831372641496	0.0	0.0	
6.13529250177289	17.919493930683192	0.0	0.0	
6.249441241301728	19.435964911238738	0.0	0.0	
5.61929103685276	20.251810239690542	0.0	0.0	
5.668902804161914	20.957771076768413	0.0	0.0	
6.386651515337157	21.62113346699999	0.0	0.0	
6.366205952972705	22.57708421697607	0.0	0.0	
6.215237864084758	24.111109003133578	0.0	0.0	
5.944280975977568	24.977632843872403	0.0	0.0	
6.28872400440956	26.487009350167078	0.0	0.0	
5.6208046897894866	27.354365762707314	0.0	0.0	
5.67870566804513	28.13985603945174	0.0	0.0	
6.466306575083948	28.814735585619463	0.0	0.0	
6.244085673502198	29.5969316841218	0.0	0.0	
6.245662381180221	31.175731019709453	0.0	0.0	
7.435724655886002	0.4690653900938535	0.0	0.0	
7.277386831143389	0.8178956008398596	0.0	0.0	
6.51080324423103	2.103619542029784	0.0	0.0	
7.448179970336602	3.256888934387081	0.0	0.0	
6.651898897195183	4.188407193546907	0.0	0.0	
6.6648401734847615	4.984209972792824	0.0	0.0	
7.102826839797789	6.451402690779408	0.0	0.0	
6.834105643019419	7.247154995903509	0.0	0.0	
7.0051489121814665	7.61920465083099	0.0	0.0	
6.675520534103235	8.70803198205817	0.0	0.0	
7.442591592694687	10.00920666916255	0.0	0.0	
7.069341436404949	11.167200386346265	0.0	0.0	
7.416947763296442	11.837535397244416	0.0	0.0	
6.755703911352521	12.587082231156518	0.0	0.0	
7.290065011528673	14.336413341100595	0.0	0.0	
7.354445890553009	14.615900639698845	0.0	0.0	
6.791781501800861	15.872502910065132	0.0	0.0	
6.841957766320638	16.67399856042063	0.0	0.0	
6.974239210448031	18.434876401323244	0.0	0.0	
6.562175923596719	18.809698067281097	0.0	0.0	
7.284448665694135	19.719140756904597	0.0	0.0	
7.483242024817573	20.67432451248747	0.0	0.0	
6.903464829816379	22.450633271501598	0.0	0.0	
7.126357719804554	23.255021887638446	0.0	0.0	
7.090565564100334	23.90537219734617	0.0	0.0	
6.9287784331485565	24.586013089525306	0.0	0.0	
6.726348501680817	26.073578728048673	0.0	0.0	
7.0317099728945625	26.772270822822534	0.0	0.0	
6.8823016647712025	28.344360605142302	0.0	0.0	
7.004420068886187	28.6526330548316	0.0	0.0	
7.076100309539323	30.42285366241058	0.0	0.0	
7.234501439095154	30.743959149096728	0.0	0.0	
7.520264045812572	0.43613227078766237	0.0	0.0	
7.678011116000314	0.8999120648330095	0.0	0.0	
8.436289397953896	2.2943745993507263	0.0	0.0	
8.249711058317617	3.3337559653567745	0.0	0.0	
7.545927962752064	3.687892535222568	0.0	0.0	
8.15407461196388	5.394570812933489	0.0	0.0	
7.967754771133458	5.740446441363158	0.0	0.0	
8.24406040916265	6.795483703454237	0.0	0.0	
8.255579938596108	8.08751948793408	0.0	0.0	
7.906507176926913	8.950098212176096	0.0	0.0	
7.948028097262405	9.509384915891419	0.0	0.0	
8.02074250377683	11.003320602646726	0.0	0.0	
8.38211440373673	12.331784454719564	0.0	0.0	
8.10335673297065	12.930794443563272	0.0	0.0	
8.434844950759983	13.657200086412093	0.0	0.0	
7.93172413887805	14.8078738869395	0.0	0.0	
7.578858328211213	15.997029307206187	0.0	0.0	
8.296683519982759	17.35265154939028	0.0	0.0	
8.112474727690783	17.57708407419841	0.0	0.0	
8.004689396095472	18.95137832009741	0.0	0.0	
7.768937248491448	20.04567305556924	0.0	0.0	
8.490648148396003	20.976622618894698	0.0	0.0	
8.039072620926543	21.732736274448165	0.0	0.0	
8.470554025770177	22.97449009036893	0.0	0.0	
8.414309864200495	23.915745089386203	0.0	0.0	
8.148687733442449	25.486799549817164	0.0	0.0	
7.894843779910883	26.357534948014347	0.0	0.0	
8.111040885038019	27.34264675119606	0.0	0.0	
7.742526472822759	27.805109657273302	0.0	0.0	
8.004246291185249	29.27802434111013	0.0	0.0	
8.463623631123461	30.33643392028481	0.0	0.0	
7.556958206096661	30.6084936795351	0.0	0.0	
9.378638588943755	0.3249561322789223	0.0	0.0	
9.066653276832808	0.879126346876662	0.0	0.0	
9.312949620707979	2.1677205794660233	0.0	0.0	
8.66456818078238	2.6494877437010476	0.0	0.0	
9.08853023016214	4.051308410742211	0.0	0.0	
8.830748944660993	4.778020133682859	0.0	0.0	
9.00259740399419	5.750204612380637	0.0	0.0	
8.61718467560327	6.8834872491469925	0.0	0.0	
8.770471732794553	7.7740439865236395	0.0	0.0	
9.219895678774085	9.274433371927689	0.0	0.0	
8.986256713624853	10.486863993413797	0.0	0.0	
9.11471677844055	10.992894482619374	0.0	0.0	
8.852251609064052	12.074962493155546	0.0	0.0	
9.252367186631238	12.913021235070296	0.0	0.0	
8.923054141266906	13.949667730825285	0.0	0.0	
8.57368325758221	15.377983399008004	0.0	0.0	
9.172103812504975	16.240832364327623	0.0	0.0	
9.082355373544381	17.32978825136968	0.0	0.0	
8.799291866832469	17.870647109747992	0.0	0.0	
9.283968928589752	19.25500889255966	0.0	0.0	
8.517338165575334	20.29774307790081	0.0	0.0	
9.014940299646485	21.074889673097818	0.0	0.0	
9.465983839584972	22.45271390141644	0.0	0.0	
8.678754939619491	23.0288124138313	0.0	0.0	
9.030924803379152	24.15145994406078	0.0	0.0	
9.316010048603955	24.879969807729648	0.0	0.0	
8.742856734430653	25.897740185927425	0.0	0.0	
8.914400979450612	26.519369155647528	0.0	0.0	
8.796220675784685	28.309163272376367	0.0	0.0	
8.69691828434577	28.932735811143402	0.0	0.0	
9.266480276160781	29.920204377686638	0.0	0.0	
9.105069837442391	31.279223525831036	0.0	0.0	
10.347368430276028	0.3958603935763644	0.0	0.0	
9.667266511898305	0.5025875490056466	0.0	0.0	
9.524334609147102	1.6558605774082638	0.0	0.0	
10.19664292295251	2.57315909493233	0.0	0.0	
10.29968924952152	3.95461019284185	0.0	0.0	
9.558924177416348	4.871920582605176	0.0	0.0	
9.749725645227652	5.8866736813645	0.0	0.0	
9.840098174060769	7.42356039317483	0.0	0.0	
10.017179567103978	8.229549515561063	0.0	0.0	
9.953978104497983	9.096186344564229	0.0	0.0	
9.739190562295278	9.964176120065101	0.0	0.0	
10.358051872169046	11.474385819393369	0.0	0.0	
9.561034375436325	12.354839966562086	0.0	0.0	
10.228763599972574	12.718254840166086	0.0	0.0	
9.79342401529741	13.944988463018879	0.0	0.0	
10.373362260075577	14.764177823988845	0.0	0.0	
9.611874122649436	16.31775793465823	0.0	0.0	
9.812866673442718	17.27391809509	0.0	0.0	
10.295277714172428	18.48991865305235	0.0	0.0	
10.47643666646047	19.404960949470098	0.0	0.0	
9.999109097589308	19.874441765326786	0.0	0.0	
9.731444120121223	21.267427314094295	0.0	0.0	
10.217513247289059	22.265152333206647	0.0	0.0	
9.660013266823018	23.046505109729697	0.0	0.0	
9.6414895636454	23.575874874274085	0.0	0.0	
10.147634628738084	25.433493901437174	0.0	0.0	
9.696553799145287	26.165170132274504	0.0	0.0	
10.123252974658994	26.88904523631373	0.0	0.0	
10.32342423930124	28.221987679756584	0.0	0.0	
10.104625295050639	29.128674573848144	0.0	0.0	
9.932448622682585	30.424466886190082	0.0	0.0	
10.219938720532282	30.84567994978002	0.0	0.0	
10.716387647165066	0.37908354564353763	0.0	0.0	
10.853140754456154	1.355045938814456	0.0	0.0	
11.110243832148587	2.350646596754123	0.0	0.0	
10.6888120031539	2.6288789283440077	0.0	0.0	
10.6329306789592	4.316190681673472	0.0	0.0	
11.447642628911844	4.538790297011023	0.0	0.0	
10.915685796351815	5.752086327454498	0.0	0.0	
10.773342049346699	7.005065193136561	0.0	0.0	
10.92971318846031	8.377273552788141	0.0	0.0	
11.303990747776602	8.703018240946818	0.0	0.0	
10.852306980855873	10.48105924134596	0.0	0.0	
10.881565496427742	10.881157570671856	0.0	0.0	
10.833618322443005	12.211382088472144	0.0	0.0	
10.509676990468678	13.114348333438093	0.0	0.0	
11.290578050736704	13.566207257221789	0.0	0.0	
10.650956952835289	15.296961378831826	0.0	0.0	
11.018100413065666	15.653977307597163	0.0	0.0	
11.33747614493169	17.256771572413268	0.0	0.0	
10.99775712107115	17.740007222151405	0.0	0.0	
11.34797645874433	18.9105378655541	0.0	0.0	
11.050760992267502	20.220055040799302	0.0	0.0	
11.09866934696447	20.721485035184642	0.0	0.0	
10.533679926191017	21.54985869228187	0.0	0.0	
11.143447991022143	22.571001096589967	0.0	0.0	
11.27864683462826	23.837528158467507	0.0	0.0	
10.562291924480446	24.68177751819422	0.0	0.0	
11.166077789932558	26.330222190275954	0.0	0.0	
10.944007494798278	27.32001131147725	0.0	0.0	
10.937720108560631	27.724245973564898	0.0	0.0	
11.232505797355891	28.63810322625824	0.0	0.0	
11.156370047901525	29.73077368367908	0.0	0.0	
11.4536079882246	30.627559016227153	0.0	0.0	
11.50785765718285	0.17521578647633063	0.0	0.0	
11.78117815711505	1.365827010056878	0.0	0.0	
12.044713241540542	1.9435957171266198	0.0	0.0	
12.380947290607612	2.692175661382764	0.0	0.0	
12.128144163902462	4.290864102096574	0.0	0.0	
11.601678242254694	4.7695209348215295	0.0	0.0	
12.182367131828853	5.559612264460632	0.0	0.0	
11.749783072713154	6.987454728357208	0.0	0.0	
12.33006863900187	7.945355716650345	0.0	0.0	
12.082837616386287	8.860266973342561	0.0	0.0	
11.826288880400169	9.57818336369652	0.0	0.0	
11.628148576921935	10.558409577868641	0.0	0.0	
11.589690118790411	11.978844625790344	0.0	0.0	
11.512740909663556	12.83369886971437	0.0	0.0	
11.792874988165869	13.873604198371709	0.0	0.0	
12.33817476440774	15.323316448834786	0.0	0.0	
11.847068079373635	15.579381424941515	0.0	0.0	
12.003424414617774	17.29368843740398	0.0	0.0	
12.240334803935946	18.18695947508152	0.0	0.0	
12.245582025823039	18.57947791332758	0.0	0.0	
11.8228329346309	19.862185107272524	0.0	0.0	
11.852838988561514	20.514844506731286	0.0	0.0	
11.707375758297317	21.60475361010896	0.0	0.0	
12.321137572953186	22.51008366342714	0.0	0.0	
11.628559723094368	24.254280094494003	0.0	0.0	
11.650382233003006	25.329278863455066	0.0	0.0	
11.991452515184568	26.154778927059308	0.0	0.0	
12.026867808345973	27.440328176491033	0.0	0.0	
11.809461227393513	27.989862523710375	0.0	0.0	
11.815422023217401	29.090817400502402	0.0	0.0	
12.000152767795623	30.47020119353572	0.0	0.0	
12.168702672243402	31.365755941552727	0.0	0.0	
12.887585048593158	0.16439342392264011	0.0	0.0	
13.380601573357621	1.0891326961616055	0.0	0.0	
13.326578703613682	1.7974733945109116	0.0	0.0	
12.979111692586162	3.0716719471118865	0.0	0.0	
12.905395454885307	3.5219311390084544	0.0	0.0	
12.609737053657565	4.704801350373598	0.0	0.0	
13.132531713561855	6.170414257548373	0.0	0.0	
12.912664836497248	7.211572895188802	0.0	0.0	
13.081311073921432	7.813837697497002	0.0	0.0	
12.976911271874812	9.459294810328178	0.0	0.0	
12.765715584261256	9.531518077378388	0.0	0.0	
13.27474866802199	10.71131418778772	0.0	0.0	
13.401196539560175	12.413607291153482	0.0	0.0	
12.685168651239621	12.843630689940667	0.0	0.0	
12.814219638614402	14.370301401027405	0.0	0.0	
12.795721686371856	14.829993143554695	0.0	0.0	
13.400130401275256	15.993262370180894	0.0	0.0	
13.29059573980428	17.491300125548463	0.0	0.0	
12.945288328312872	18.36891635557573	0.0	0.0	
12.654685664399551	19.190765308757854	0.0	0.0	
12.761583888281612	19.885831745273975	0.0	0.0	
13.320599761377855	21.262452029219098	0.0	0.0	
13.371911329122408	22.322872789877035	0.0	0.0	
12.681772383007633	23.084950672226533	0.0	0.0	
12.534551856553795	23.838636303587347	0.0	0.0	
12.669281961051054	25.20206290471633	0.0	0.0	
12.751197484381239	25.780581943054287	0.0	0.0	
12.85819717119521	26.961341897103402	0.0	0.0	
12.935786764969414	27.57675989665621	0.0	0.0	
12.905688917177615	28.75621600845856	0.0	0.0	
12.822557016321575	30.03903794735885	0.0	0.0	
12.820879031547213	31.321831479327166	0.0	0.0	
13.643936169752255	0.20665527905964198	0.0	0.0	
13.75837453104177	1.2636223153303483	0.0	0.0	
14.20880066981286	1.6731069897432387	0.0	0.0	
13.962682867137215	3.3514159114089175	0.0	0.0	
13.57746718048181	4.052324410508302	0.0	0.0	
14.487985725331331	4.63096709637599	0.0	0.0	
13.543055169566468	6.38178769285952	0.0	0.0	
14.305194846321498	6.800749763386256	0.0	0.0	
14.14578961214023	7.525172573367643	0.0	0.0	
13.674989182099186	9.394104311445602	0.0	0.0	
13.812650135862953	10.47553513445799	0.0	0.0	
13.624709813814876	10.976430795956691	0.0	0.0	
13.588777298514259	12.3668888773569	0.0	0.0	
13.931732612479193	12.65177429318395	0.0	0.0	
14.393333256712456	13.574535932938455	0.0	0.0	
14.235863729065422	14.874805224623204	0.0	0.0	
14.18147203077678	15.615317854908984	0.0	0.0	
14.365725910437769	16.950580405142347	0.0	0.0	
14.352481811973142	18.07339394064435	0.0	0.0	
14.137607354162476	18.501850989219186	0.0	0.0	
14.410913370993084	20.37554139568021	0.0	0.0	
13.64270153577013	21.04212241935891	0.0	0.0	
14.426429234957714	22.100023606938954	0.0	0.0	
14.394435504481057	22.970831198878905	0.0	0.0	
13.617369979689657	24.167770751710982	0.0	0.0	
14.025861078227543	24.61703985964881	0.0	0.0	
13.76777318094909	25.892076754447224	0.0	0.0	
13.60267241806692	27.028020883707317	0.0	0.0	
14.029657624833868	28.24475140973324	0.0	0.0	
14.24279254112501	28.790328021296403	0.0	0.0	
14.172022864036235	30.365357858275388	0.0	0.0	
14.273110745081967	30.697154394051083	0.0	0.0	
15.070211229781982	0.2525158611181183	0.0	0.0	
15.100551540426798	1.433324600185781	0.0	0.0	
14.713052224279473	1.6689837876177571	0.0	0.0	
14.78444749415099	3.16328592269601	0.0	0.0	
15.449722566162341	3.714868488225049	0.0	0.0	
15.215960251344162	4.9857895480579195	0.0	0.0	
14.72520704674833	5.730759516050246	0.0	0.0	
15.272211855604583	7.4106250309422315	0.0	0.0	
14.925818528831545	8.026332421302186	0.0	0.0	
15.464860363843956	8.77380938187613	0.0	0.0	
15.295280125141746	10.494554113294836	0.0	0.0	
14.963221500739548	10.856686170617197	0.0	0.0	
15.176770994582295	12.15793707835409	0.0	0.0	
14.648111380459175	12.897077726521276	0.0	0.0	
14.979973604706696	14.441607478783375	0.0	0.0	
14.883825160553126	15.030859383957898	0.0	0.0	
14.808140600242565	16.363996652238704	0.0	0.0	
15.027809156532163	17.398497145918455	0.0	0.0	
14.616485328802323	18.23344063620217	0.0	0.0	
14.588451125620393	19.442845353954933	0.0	0.0	
14.540840327191438	19.841323340921154	0.0	0.0	
15.469671455685294	21.20106628645511	0.0	0.0	
15.327172871485333	21.597126892309106	0.0	0.0	
14.888548087291838	22.585791676497138	0.0	0.0	
14.793534678934282	24.00725997016535	0.0	0.0	
15.232960347484255	25.022386110229746	0.0	0.0	
15.332773317668808	26.257012480720803	0.0	0.0	
14.904277192937021	26.849375899799654	0.0	0.0	
14.697988931160722	28.294499147312003	0.0	0.0	
15.316105898728434	29.275899539319724	0.0	0.0	
14.630960818794325	30.331786989325693	0.0	0.0	
14.769302752827501	30.855441723558666	0.0	0.0	
15.945727510275054	0.26880204368985405	0.0	0.0	
15.79634164797663	1.291169727658049	0.0	0.0	
15.66808358703448	1.5637782117466454	0.0	0.0	
16.12787087111976	2.568226292264592	0.0	0.0	
16.358615813009845	4.0633003330463575	0.0	0.0	
16.155409737951242	5.350868517848577	0.0	0.0	
16.31180891509487	6.302695089319936	0.0	0.0	
15.707552694187935	6.854159681312243	0.0	0.0	
16.31425913372765	8.405269332436324	0.0	0.0	
15.80550706819464	8.975725966980974	0.0	0.0	
16.171290933052674	9.574938594823418	0.0	0.0	
15.820105649289534	10.924528774539375	0.0	0.0	
16.39819685049115	12.20696640926368	0.0	0.0	
15.992563248242796	12.962259950923245	0.0	0.0	
16.302271172139953	14.335714404456919	0.0	0.0	
15.817250014043376	14.864480936308095	0.0	0.0	
15.553535916927189	16.471432726613	0.0	0.0	
16.413348729223834	16.67098045438717	0.0	0.0	
15.560233758215512	17.899451753070668	0.0	0.0	
15.762678670624524	19.21680219823617	0.0	0.0	
16.44892693426948	19.62556052288172	0.0	0.0	
15.53179673781777	21.492268736772044	0.0	0.0	
15.93372594713712	21.668194424051975	0.0	0.0	
16.308800784205125	22.813821222432757	0.0	0.0	
16.13612860143825	24.36429505971132	0.0	0.0	
15.806135186009303	25.231015258921342	0.0	0.0	
16.20686937091706	25.701571183671422	0.0	0.0	
16.447525273467573	26.583924723335777	0.0	0.0	
15.889490024995602	28.014377692854072	0.0	0.0	
16.210587803696452	28.786679397707264	0.0	0.0	
16.303514832289494	29.59721462800884	0.0	0.0	
15.540035578391528	31.483025949537996	0.0	0.0	
17.046033846308323	0.2495594411860862	0.0	0.0	
16.881566853368064	1.44369531620654	0.0	0.0	
17.263100565188104	1.839795740394515	0.0	0.0	
17.356436470239956	2.9735242977638405	0.0	0.0	
16.816609425266847	4.328932473548425	0.0	0.0	
16.668084475263157	4.942705044588015	0.0	0.0	
17.363139432063782	6.371776261408916	0.0	0.0	
17.06483369546625	7.095073892718441	0.0	0.0	
16.669341963753038	8.447695313100791	0.0	0.0	
17.292447433589377	9.07058981929235	0.0	0.0	
17.328672744372298	9.945051974996629	0.0	0.0	
16.768799953484656	11.294753283591358	0.0	0.0	
17.028949403902004	12.074017022245075	0.0	0.0	
17.303006148926265	13.170872393170105	0.0	0.0	
17.496713409842815	14.109812964393095	0.0	0.0	
17.323005638364908	14.545052833163842	0.0	0.0	
16.780551996696264	16.00534153784845	0.0	0.0	
16.75163426479152	16.59950171252339	0.0	0.0	
17.351360507180274	18.213118115943587	0.0	0.0	
17.10662306265938	18.74491425450991	0.0	0.0	
16.99649280661344	19.60022855900465	0.0	0.0	
16.778095133909567	20.99436124315916	0.0	0.0	
16.60593567273287	22.17417358998171	0.0	0.0	
16.925438045088942	22.97476853650741	0.0	0.0	
16.95009632415588	24.06459311069969	0.0	0.0	
16.645977169565523	25.443456514923636	0.0	0.0	
16.703071534265945	25.600850659982385	0.0	0.0	
17.42214757106065	26.775141303227706	0.0	0.0	
16.870669200420004	27.814605238869447	0.0	0.0	
17.010021605535318	29.2618764621757	0.0	0.0	
16.858717745185	30.28078511119271	0.0	0.0	
16.870735904035485	30.835929189518286	0.0	0.0	
17.850283593185114	0.49161365799135714	0.0	0.0	
17.92112802275085	1.014535389199204	0.0	0.0	
17.542117163934318	2.1862405345679905	0.0	0.0	
17.719818329545802	3.23047502627502	0.0	0.0	
17.791811317241834	3.9137143700692123	0.0	0.0	
17.561396222398066	4.676893071099752	0.0	0.0	
17.83185747473387	5.9031567485571586	0.0	0.0	
17.63807028004078	6.956335016283555	0.0	0.0	
18.15232402710551	8.41946253967474	0.0	0.0	
17.501288686063894	8.65226245460447	0.0	0.0	
18.234331495963737	9.943702215234051	0.0	0.0	
18.166161502578568	11.397006305017356	0.0	0.0	
18.44080397409864	11.503969630821233	0.0	0.0	
17.92501658990407	12.857444590069807	0.0	0.0	
18.41044819156378	14.491136575063107	0.0	0.0	
18.46221999952469	14.738702105076708	0.0	0.0	
18.1771899320473	15.925329255428858	0.0	0.0	
18.18966224866557	17.18916471477536	0.0	0.0	
18.479785427758788	17.56406468676922	0.0	0.0	
18.217569797939255	19.21141023202159	0.0	0.0	
18.378254727748068	19.721025435268455	0.0	0.0	
18.430895669667887	21.364360883332193	0.0	0.0	
18.238572859717575	21.689642593036623	0.0	0.0	
18.32188473068116	22.537493576342012	0.0	0.0	
18.19115394562352	24.275961569990596	0.0	0.0	
17.609574948863944	25.06389288563505	0.0	0.0	
18.339104032331296	26.03636946027289	0.0	0.0	
18.31367513378892	27.018632342925876	0.0	0.0	
17.850925615283252	28.286757311892952	0.0	0.0	
17.789087125592527	29.15630102229438	0.0	0.0	
18.307214463377765	30.193903665427914	0.0	0.0	
17.933334308412835	31.228824989647343	0.0	0.0	
19.263278988251223	0.1862316213692583	0.0	0.0	
18.61759354348989	0.6959320969881899	0.0	0.0	
18.777356068742204	1.6259108370109616	0.0	0.0	
19.291618271229964	2.785101871800836	0.0	0.0	
19.485495547363044	4.135751705311565	0.0	0.0	
18.908451283555237	4.870652665006656	0.0	0.0	
18.827419166181663	5.652895884116541	0.0	0.0	
19.33852722570395	6.691761898357001	0.0	0.0	
18.604729799947503	7.6729654571799175	0.0	0.0	
18.539706150031066	9.129682996351523	0.0	0.0	
19.067816922774238	10.35663722319528	0.0	0.0	
19.322620865018035	10.686722607014865	0.0	0.0	
19.15847013284173	11.847175124499529	0.0	0.0	
19.39278654378964	12.699959158427145	0.0	0.0	
18.958686691520576	14.262950333749645	0.0	0.0	
19.21438626124121	15.444083170342621	0.0	0.0	
18.98497548898836	15.872079423138057	0.0	0.0	
18.970352986879714	17.465006495106746	0.0	0.0	
19.134356794658334	17.55333112758963	0.0	0.0	
19.326024186345943	18.81173494471067	0.0	0.0	
19.2833326431413	19.8784447820751	0.0	0.0	
18.62669280979742	20.837383744436707	0.0	0.0	
19.470971517239995	21.692084571709096	0.0	0.0	
19.291984620410087	22.541375052653372	0.0	0.0	
19.001746808079297	23.97026825440988	0.0	0.0	
18.883073717405264	24.572701042941905	0.0	0.0	
18.741563784004406	26.175972631963138	0.0	0.0	
19.414687162432347	26.66588680321041	0.0	0.0	
18.973219630657177	28.12938158163741	0.0	0.0	
19.470857322856034	28.898152742568744	0.0	0.0	
18.530394256145286	30.320963991666854	0.0	0.0	
19.20915322922534	30.54609980717462	0.0	0.0	
20.010880236044194	0.11571961589038648	0.0	0.0	
20.322117418565337	0.639945761767609	0.0	0.0	
19.65748181657147	1.993417332467963	0.0	0.0	
20.4193807157459	3.105611838255921	0.0	0.0	
19.872818592855797	4.284013635057088	0.0	0.0	
19.507665137634014	4.999335376092817	0.0	0.0	
19.57664166371714	5.58181282541328	0.0	0.0	
19.553878212868188	6.989399269925174	0.0	0.0	
19.736442415131492	8.271256874335176	0.0	0.0	
20.330332487558202	8.547408449065584	0.0	0.0	
19.805576805162293	10.425939627630752	0.0	0.0	
19.79079834202629	10.792356608027879	0.0	0.0	
20.238937494613065	11.765777859198533	0.0	0.0	
19.86433039255455	13.381479169757531	0.0	0.0	
19.769686291542158	14.254161488408682	0.0	0.0	
20.415573231620158	15.293645308902766	0.0	0.0	
20.013599688205726	15.960348004234561	0.0	0.0	
19.931430445717655	16.974410048155587	0.0	0.0	
20.425281628785925	18.36218726755418	0.0	0.0	
20.209625382302946	18.839353501792125	0.0	0.0	
19.554612785551065	19.712028127250946	0.0	0.0	
19.6686063854811	21.199476038762658	0.0	0.0	
20.466343158076008	21.698832462344186	0.0	0.0	
19.90475537310736	22.749035361385477	0.0	0.0	
20.13137054669539	23.814434679086443	0.0	0.0	
19.87243218265601	25.25948626581537	0.0	0.0	
19.958406455611527	25.52084116714481	0.0	0.0	
19.515274591250137	26.67399156460862	0.0	0.0	
19.891183623083013	27.849088766157752	0.0	0.0	
20.146211789586104	28.53009510744296	0.0	0.0	
20.170611897892258	29.710149158639876	0.0	0.0	
19.93534945517192	30.60483584307902	0.0	0.0	
21.353589218112702	0.30577825468348385	0.0	0.0	
21.15401367494475	1.0557750570649556	0.0	0.0	
20.584607823095883	2.377693011215204	0.0	0.0	
21.457399584584536	2.9744751482134504	0.0	0.0	
20.823604885536035	4.20493668359361	0.0	0.0	
20.88695686606234	5.2525340830496505	0.0	0.0	
21.241711920381356	5.656706595304642	0.0	0.0	
20.51065985241005	7.0742454105608985	0.0	0.0	
20.60011813401514	7.514911146921304	0.0	0.0	
20.556664448914617	8.567573922192679	0.0	0.0	
20.817783386693122	10.107472111135126	0.0	0.0	
20.80294306786228	10.958309294936516	0.0	0.0	
20.632678821823323	12.292825532991714	0.0	0.0	
20.516082287707665	12.978110530988939	0.0	0.0	
20.81884850802038	13.665937909992623	0.0	0.0	
21.47309297049212	15.15091390798092	0.0	0.0	
21.329655398168818	16.41527491083238	0.0	0.0	
21.430049864950952	16.594221566809612	0.0	0.0	
20.51144464640005	17.97684227845755	0.0	0.0	
20.615356038363778	18.617441706434487	0.0	0.0	
20.594216539996065	20.215430681674523	0.0	0.0	
20.904483736504154	20.6904201397159	0.0	0.0	
20.74263813893899	22.373125867217862	0.0	0.0	
20.918345339786097	22.693622327747477	0.0	0.0	
20.907788049641287	24.2207905702441	0.0	0.0	
21.023244301235632	25.270301704229627	0.0	0.0	
21.04715266342271	25.680615195195166	0.0	0.0	
20.877116937036085	26.830322392328927	0.0	0.0	
20.72076747388898	28.157813241693216	0.0	0.0	
21.087598816001325	28.559434250159978	0.0	0.0	
20.858785446459063	29.778405528283766	0.0	0.0	
20.591508044607455	30.921231696868706	0.0	0.0	
22.321088217233875	0.40576111346476684	0.0	0.0	
21.54082617258411	0.9789507585142455	0.0	0.0	
22.112982899402457	2.127912802859338	0.0	0.0	
22.396590674543898	2.948775789917234	0.0	0.0	
21.51055374011402	3.8192894869329668	0.0	0.0	
21.729519654344145	4.528790529549515	0.0	0.0	
22.41405510881971	6.335877055625401	0.0	0.0	
22.169455197102675	6.578727086729274	0.0	0.0	
22.00114854658734	7.940519766008227	0.0	0.0	
21.964511348137776	9.235535881500946	0.0	0.0	
22.079923627388382	10.263217424293547	0.0	0.0	
22.1070576728583	10.722505878821156	0.0	0.0	
22.126291181875672	12.158598970194088	0.0	0.0	
22.444067425749125	13.290769175443325	0.0	0.0	
22.479556922841773	13.546490389601628	0.0	0.0	
21.643800420916136	15.356751704192874	0.0	0.0	
22.054647261137298	16.367440923642732	0.0	0.0	
22.186949363504947	17.429881348984356	0.0	0.0	
22.446420430889162	18.37610761854522	0.0	0.0	
22.083380700045737	19.473615472755736	0.0	0.0	
21.654972551666084	19.860848972329027	0.0	0.0	
22.03905354813909	20.96581005719324	0.0	0.0	
21.979085955246738	21.84375919780614	0.0	0.0	
22.157893124144202	22.793245064369117	0.0	0.0	
21.72987565523196	24.431857995578227	0.0	0.0	
22.178461988742804	25.084923507823035	0.0	0.0	
22.25424248708421	25.678564487625295	0.0	0.0	
22.14630121163458	26.842882954202143	0.0	0.0	
21.841304270586953	28.42734026485128	0.0	0.0	
22.061474452229458	29.13764991769843	0.0	0.0	
22.223626392346848	30.38025486115448	0.0	0.0	
22.412496485394687	31.494037429188307	0.0	0.0	
22.502764399342997	0.27528668828171343	0.0	0.0	
23.44123280293802	0.9365609063968682	0.0	0.0	
22.964137403682777	1.71470945004969	0.0	0.0	
22.965106352193935	2.690272430910576	0.0	0.0	
22.776090081129205	4.072460209745375	0.0	0.0	
23.031248978989275	5.165582013069669	0.0	0.0	
22.770062776945437	5.997557523082207	0.0	0.0	
23.10077965521117	6.995797322607771	0.0	0.0	
23.187862579110636	7.839461854898756	0.0	0.0	
23.447643659250016	8.598446785803999	0.0	0.0	
23.033877931711807	10.285624519306724	0.0	0.0	
23.240716247383467	11.16739550738795	0.0	0.0	
23.02986504602085	12.040551982347294	0.0	0.0	
23.434871603808848	12.800847345095004	0.0	0.0	
22.81963570191528	14.02704931377582	0.0	0.0	
23.131453292657444	14.738569770066151	0.0	0.0	
23.110661120855763	16.029107528144593	0.0	0.0	
23.458536142972182	16.984183491868254	0.0	0.0	
22.571970383236977	18.120356858589705	0.0	0.0	
23.116507437736132	19.38521932138636	0.0	0.0	
23.403398455761277	19.76120995524139	0.0	0.0	
23.32109400464823	21.097925214867466	0.0	0.0	
22.811407205303198	21.555318284668406	0.0	0.0	
22.602830757535152	23.30945465585385	0.0	0.0	
23.066426479501267	24.304866334632205	0.0	0.0	
23.092228163527306	25.491591850193174	0.0	0.0	
22.66644370297022	25.516629164931853	0.0	0.0	
22.590723525546633	27.184389051860535	0.0	0.0	
23.460402080364954	28.335889466424582	0.0	0.0	
23.34391832909452	28.977277387877052	0.0	0.0	
23.32599407210197	30.084742005002777	0.0	0.0	
23.04184245722688	31.420510278953113	0.0	0.0	
24.02132900064973	0.3474474377226078	0.0	0.0	
24.06502936038717	0.7088597089824304	0.0	0.0	
24.171844642316863	2.407499570472215	0.0	0.0	
24.471714333438015	2.871988951375919	0.0	0.0	
23.731288532651867	3.843227320811767	0.0	0.0	
23.84199345358591	4.986988275028265	0.0	0.0	
24.39848246297174	6.145727052502458	0.0	0.0	
24.027679536342315	7.1675778969330235	0.0	0.0	
23.97241554236801	7.741364989712545	0.0	0.0	
23.92955528114541	8.676726855272934	0.0	0.0	
23.787116742303258	10.097759403985378	0.0	0.0	
24.156501301892522	11.012851301150064	0.0	0.0	
23.786953139066895	11.669666754093932	0.0	0.0	
24.36397115274013	13.379882455069815	0.0	0.0	
23.541476911715126	13.729212047561235	0.0	0.0	
24.005504121482762	15.13947729747569	0.0	0.0	
24.448183152677565	15.779391713730508	0.0	0.0	
23.901993615786225	16.621788823780044	0.0	0.0	
24.037917953513624	17.743922632901278	0.0	0.0	
23.675871983000853	18.82866901762318	0.0	0.0	
24.087927438234804	20.015652225143846	0.0	0.0	
23.729836342177908	20.834169516825497	0.0	0.0	
24.00178441634332	22.463936714190154	0.0	0.0	
24.278655973127613	23.069821208848413	0.0	0.0	
24.486988478842445	23.664236928648123	0.0	0.0	
24.172545533968428	24.88482252806812	0.0	0.0	
23.504395779777838	25.740420057166762	0.0	0.0	
23.787266764742593	26.96397833896022	0.0	0.0	
23.56186017826804	27.712545772978316	0.0	0.0	
24.01760938315506	28.581179563099287	0.0	0.0	
23.567201870183315	30.31393290805006	0.0	0.0	
24.10915614989146	31.430761563398775	0.0	0.0	
24.988170637388976	0.4559182342787371	0.0	0.0	
25.475011322195176	1.398618334678653	0.0	0.0	
25.45527914356047	2.348775812444279	0.0	0.0	
24.537971630370077	2.8167605861745075	0.0	0.0	
24.822238736646216	3.6450352433631257	0.0	0.0	
25.02190623461204	5.320710201373242	0.0	0.0	
24.939896733310963	6.026852423682229	0.0	0.0	
24.529587715657478	6.5256060538607255	0.0	0.0	
25.200001984186493	8.001047396506943	0.0	0.0	
24.53394087038125	8.592567057042006	0.0	0.0	
25.18454542129756	9.618767882394364	0.0	0.0	
24.836919429610393	10.941993227895624	0.0	0.0	
25.30894589769229	12.422447748427976	0.0	0.0	
24.532651340534525	13.205943988764872	0.0	0.0	
24.610387088433093	14.160275196509492	0.0	0.0	
24.834222661585155	14.949901795709831	0.0	0.0	
24.586493787322855	15.872681405487368	0.0	0.0	
25.227496651952926	16.515610831592962	0.0	0.0	
25.137056043072466	18.198694178164974	0.0	0.0	
24.89071271104806	19.491083793446624	0.0	0.0	
25.439245420831263	20.494953087470893	0.0	0.0	
25.418752493971887	21.072501228618368	0.0	0.0	
24.622308468071164	21.748746644499835	0.0	0.0	
24.6642004518872	22.927947760552797	0.0	0.0	
25.027575269648736	24.073020554828595	0.0	0.0	
24.953730756135894	25.359126251582254	0.0	0.0	
25.486299576365255	25.636027143899526	0.0	0.0	
24.850744876406807	26.755290979183425	0.0	0.0	
25.188590796388667	28.21017577510341	0.0	0.0	
25.288436399192904	29.40116072771585	0.0	0.0	
24.951806884168278	29.587701451228654	0.0	0.0	
24.562091270759527	31.419535382869004	0.0	0.0	
25.90491339831792	0.34675225010655086	0.0	0.0	
26.0881884950503	1.2980339511994894	0.0	0.0	
26.10674822820183	2.1377968057247436	0.0	0.0	
25.573436371243297	2.964656153379493	0.0	0.0	
25.82356046924418	4.141789166549418	0.0	0.0	
26.46216461849688	4.539415716575618	0.0	0.0	
26.449657324365976	5.519692038284449	0.0	0.0	
25.73928026357873	6.788125580809904	0.0	0.0	
26.190942248993245	7.893167353915292	0.0	0.0	
26.203912989683904	8.87493003014629	0.0	0.0	
26.401941754523797	9.958819573059676	0.0	0.0	
25.60592108311067	11.136927248400998	0.0	0.0	
25.811272098373227	12.477563818961963	0.0	0.0	
25.760532365009134	13.387275245710383	0.0	0.0	
26.11848246553603	13.745033408284602	0.0	0.0	
25.573719273283988	14.918028270301296	0.0	0.0	
25.725274175205893	16.100425562647306	0.0	0.0	
26.47958888972555	17.388782527630312	0.0	0.0	
25.516793348854776	18.163008525230616	0.0	0.0	
25.766860715423054	19.127563100464023	0.0	0.0	
26.076585356579695	20.13627755824653	0.0	0.0	
25.856140238501563	20.791458827706073	0.0	0.0	
25.98320718561511	22.235475449846525	0.0	0.0	
25.706100550367033	23.373917367463854	0.0	0.0	
25.65263684567643	23.80361268525439	0.0	0.0	
25.81601420874521	24.611039315630826	0.0	0.0	
26.26134451183603	25.96471648970328	0.0	0.0	
25.60844638501865	26.666672552731942	0.0	0.0	
25.585142587198007	27.94907537576315	0.0	0.0	
26.36687767490363	28.636954263006285	0.0	0.0	
26.115443933895136	29.620946943162323	0.0	0.0	
25.891435968453184	31.352809274032232	0.0	0.0	
27.34369158317809	0.4478502266136518	0.0	0.0	
27.267658387487206	1.1950297304661972	0.0	0.0	
27.14915284169964	2.2224899014154347	0.0	0.0	
26.866598112403484	3.1535352397303846	0.0	0.0	
26.978137571967306	4.000108191708163	0.0	0.0	
27.014831116424578	4.932243462148318	0.0	0.0	
27.005316227146164	6.0916349596565	0.0	0.0	
27.275032560987754	6.945437367345903	0.0	0.0	
26.87223060375409	7.861215264229955	0.0	0.0	
27.042867533514077	8.846596166364288	0.0	0.0	
26.783941695788695	10.107035911272582	0.0	0.0	
27.154674620048304	10.87774847898271	0.0	0.0	
26.898951715659887	12.0991441765796	0.0	0.0	
26.58690872996326	12.67147708405939	0.0	0.0	
26.810318958805368	13.738598083979458	0.0	0.0	
27.07960364937785	14.74734548157208	0.0	0.0	
27.45261674322153	15.628760126951851	0.0	0.0	
27.129590057022387	16.83951013107319	0.0	0.0	
26.790351303363316	17.731454611602512	0.0	0.0	
27.1803674818732	18.589911775754704	0.0	0.0	
27.398476167403008	19.632194760473055	0.0	0.0	
26.87845538821915	21.007009759800404	0.0	0.0	
27.33928538185888	21.680012638402644	0.0	0.0	
27.058649477074347	22.741200449616848	0.0	0.0	
27.2866117236601	23.82816576772806	0.0	0.0	
26.665683458307903	24.974905144560974	0.0	0.0	
27.100939839738594	26.29893737424974	0.0	0.0	
26.604669966492633	27.363480772806607	0.0	0.0	
26.9153886304687	27.782579988330266	0.0	0.0	
26.555854540040297	29.0590407162526	0.0	0.0	
27.081694028454294	30.04079097168222	0.0	0.0	
27.22556221962601	31.371198947698744	0.0	0.0	
27.79877557906572	0.2618663994170284	0.0	0.0	
28.11614497637733	1.0698497362600614	0.0	0.0	
27.833853824670513	1.94519400195622	0.0	0.0	
27.566505556675125	2.8182783165679983	0.0	0.0	
28.181031906389382	3.7307669932819194	0.0	0.0	
27.789512358884238	5.3237189340431526	0.0	0.0	
28.24080278164251	6.1139741199196305	0.0	0.0	
28.455408847646737	7.462051213594501	0.0	0.0	
28.46131180250648	8.012314889376189	0.0	0.0	
27.858352660419882	9.038568193910255	0.0	0.0	
28.34771721979435	10.082119472176169	0.0	0.0	
27.92095328191259	10.549450181920049	0.0	0.0	
27.807128677698618	12.145171661977136	0.0	0.0	
27.900553181175148	12.696709822423774	0.0	0.0	
28.237392915483245	13.536390439956843	0.0	0.0	
28.485170352153578	14.554971875771768	0.0	0.0	
28.396872185618363	15.747501887138226	0.0	0.0	
28.449511528105216	17.24636182051161	0.0	0.0	
28.16609102751352	18.046677319646996	0.0	0.0	
27.889403609855165	19.056090093664796	0.0	0.0	
28.134627591570812	19.697886228774887	0.0	0.0	
28.244012687036577	21.17632532590164	0.0	0.0	
27.83375761012855	21.772083030010975	0.0	0.0	
27.848419188308064	22.74818862736558	0.0	0.0	
27.606559639159798	23.686732845044236	0.0	0.0	
28.39040385716412	25.343950989442725	0.0	0.0	
28.30483016886808	25.557889178086096	0.0	0.0	
27.525171383444913	27.185245861554936	0.0	0.0	
27.934978074841396	27.960857993695033	0.0	0.0	
27.620981931731013	29.403501620690683	0.0	0.0	
27.79765579416409	30.478292354322452	0.0	0.0	
28.449435987795887	31.398250631925976	0.0	0.0	
29.073365875404686	0.07680041852829078	0.0	0.0	
29.180710881822755	0.5473618258821137	0.0	0.0	
28.76989952410405	2.4483091158091073	0.0	0.0	
28.832097865263844	2.6372747163440255	0.0	0.0	
28.76014263681812	3.86785906579918	0.0	0.0	
28.570777023687803	5.285570915186668	0.0	0.0	
28.566107147510426	5.914691334209579	0.0	0.0	
28.954025804431733	7.140368190727504	0.0	0.0	
29.14135747367904	7.620003654713901	0.0	0.0	
28.64961663975174	8.902123522874454	0.0	0.0	
29.048948519453436	9.636302883393874	0.0	0.0	
28.808302441768898	11.092513233827411	0.0	0.0	
28.831196457959834	12.373042687646468	0.0	0.0	
29.18572157615874	12.520425805522512	0.0	0.0	
28.52580170629765	14.47750101639952	0.0	0.0	
28.56012937007966	14.918411349238717	0.0	0.0	
28.56564313632236	15.915857423738395	0.0	0.0	
29.067807110747015	16.86971556694594	0.0	0.0	
28.853807264092705	17.829778590651923	0.0	0.0	
28.86068237422131	19.427789820232956	0.0	0.0	
28.992706563017506	19.59272374389687	0.0	0.0	
28.706110100843368	20.572718766450674	0.0	0.0	
28.906518516518727	21.657005609984264	0.0	0.0	
28.632834826555104	22.863373507521345	0.0	0.0	
28.7760004293459	23.83834307404036	0.0	0.0	
29.288908523219515	24.880837208669544	0.0	0.0	
29.199186261837752	26.306472967219378	0.0	0.0	
29.257836023077274	27.403902090694192	0.0	0.0	
29.20685263605325	27.97299823377325	0.0	0.0	
28.54072349432427	28.988363340350634	0.0	0.0	
29.20635446442407	30.487799594486532	0.0	0.0	
28.567860626908665	30.89089190563112	0.0	0.0	
30.270655881582393	0.1252988544460688	0.0	0.0	
29.80867030102057	0.9450845292603425	0.0	0.0	
29.860440616852795	2.0766546003711106	0.0	0.0	
30.31748185815351	2.6153917888001663	0.0	0.0	
29.896554552506103	3.6489193983447157	0.0	0.0	
30.27814909053949	4.633144036739941	0.0	0.0	
30.125017930424296	6.1559660501611395	0.0	0.0	
30.11211776279087	7.042457907070928	0.0	0.0	
30.177612757001647	7.752816084370522	0.0	0.0	
30.14924553890963	8.939105243552685	0.0	0.0	
30.024565672205174	9.758584418089097	0.0	0.0	
30.17400134700493	10.831696809258638	0.0	0.0	
29.798315837784035	12.183570350485715	0.0	0.0	
30.414841950381057	13.493782960903633	0.0	0.0	
30.06252713797219	13.668804827968302	0.0	0.0	
29.761166726718272	14.932895387044768	0.0	0.0	
29.985642856484148	15.621292494541148	0.0	0.0	
29.792372772662688	17.430464165553364	0.0	0.0	
30.04338713501176	17.50743404388585	0.0	0.0	
30.0688228033594	19.256195817536828	0.0	0.0	
29.660482074395222	19.871803910336208	0.0	0.0	
29.945325951942642	20.89221163508801	0.0	0.0	
30.030739565513112	22.087362371018244	0.0	0.0	
30.283432252242424	22.912157645457032	0.0	0.0	
30.42779047770789	24.216598728624923	0.0	0.0	
30.10400175490137	24.663248403186167	0.0	0.0	
29.88373210168841	25.72424265959083	0.0	0.0	
30.201643033020183	27.079821225644267	0.0	0.0	
30.175243617492733	27.57961056482868	0.0	0.0	
30.301397739743955	28.858147524738413	0.0	0.0	
29.64551674536296	29.83187922033964	0.0	0.0	
29.515548824594077	30.896085215307956	0.0	0.0	
30.947361367144246	0.19635542777995751	0.0	0.0	
30.719694519443763	0.8566567058744291	0.0	0.0	
30.718669032776717	1.6735845070232973	0.0	0.0	
30.72950754149877	3.4073149385207357	0.0	0.0	
31.382721718122923	4.4219763938422325	0.0	0.0	
30.940191995540918	5.36031846931593	0.0	0.0	
31.134987541780355	6.3777997379943105	0.0	0.0	
30.80882268547423	6.760674085015399	0.0	0.0	
31.40178506294323	7.795332735936271	0.0	0.0	
30.694834864606452	9.090894834300052	0.0	0.0	
31.491871917814187	10.30127700417816	0.0	0.0	
31.01140036086978	11.279942986402348	0.0	0.0	
31.467506175179725	12.022050722238651	0.0	0.0	
30.619524807323593	12.960405029719283	0.0	0.0	
30.65587884386996	14.057963759467825	0.0	0.0	
31.0480821181319	14.589186348849537	0.0	0.0	
30.790081499060687	15.867520751402402	0.0	0.0	
30.861081585862888	17.2744788516359	0.0	0.0	
31.014530199094096	17.7698814566932	0.0	0.0	
30.59455674424966	18.838930485506562	0.0	0.0	
31.251702715770897	20.460682411015163	0.0	0.0	
31.097249879191246	20.976371024288255	0.0	0.0	
30.65813035112021	22.358379551786037	0.0	0.0	
30.501055956559586	22.797959038542718	0.0	0.0	
31.00286456424045	23.763121769499275	0.0	0.0	
31.112488540651196	25.29559429313964	0.0	0.0	
30.624180839419488	25.761605490200477	0.0	0.0	
31.205542943851576	26.656893117882703	0.0	0.0	
30.819962763600387	28.0471698896361	0.0	0.0	
31.00807676622407	28.735902524426546	0.0	0.0	
30.88636198099111	29.663326144854945	0.0	0.0	
31.445589359223987	30.742778623440074	0.0	0.0	
