2
32.0	0.0	0.0	0.0	
0.0	32.0	0.0	0.0	
0.13821101040726813	0.25534723335895804	0.0	0.0	
0.39191311751585334	0.6656755202567293	0.0	0.0	
0.0356255075411509	1.6545878487407046	0.0	0.0	
0.49082586591209465	2.522792862765674	0.0	0.0	
0.05628300431430411	4.191076365420746	0.0	0.0	
0.3656633317299973	4.5455303348788165	0.0	0.0	
0.23388009495013828	6.2703499265114715	0.0	0.0	
0.49014311264931754	7.269875105528947	0.0	0.0	
0.2827197528209029	7.745021598691736	0.0	0.0	
0.2711842667138633	9.37700565487331	0.0	0.0	
0.2270582358043728	9.89812207491117	0.0	0.0	
0.27863164485507996	10.708896322038587	0.0	0.0	
0.046631051815743674	11.54936601694788	0.0	0.0	
0.16535049801798207	13.051427361339256	0.0	0.0	
0.46974295063701565	14.230387174017078	0.0	0.0	
0.10218511889187343	15.085848561055498	0.0	0.0	
0.3934336110824267	15.729352801374343	0.0	0.0	
0.0613610190414523	17.450257027027664	0.0	0.0	
0.27690135373835956	17.955577540659064	0.0	0.0	
0.22281675521598265	19.192865157704986	0.0	0.0	
0.40503497901680974	19.93482278364381	0.0	0.0	
0.33759233560251756	20.672588468134432	0.0	0.0	
0.1700527828593903	22.42617194602494	0.0	0.0	
0.016375652429265197	23.440560907542032	0.0	0.0	
0.08555814818772445	24.36838679291847	0.0	0.0	
0.3022993094664319	25.20586408340316	0.0	0.0	
0.1904442086516681	25.776654338723578	0.0	0.0	
0.07048216233228655	27.21889748088908	0.0	0.0	
0.4354700980944608	28.25692120169164	0.0	0.0	
0.23425841869348718	29.362170618610953	0.0	0.0	
0.22554834878690266	30.24521933340758	0.0	0.0	
0.3513731262218469	30.760969590408923	0.0	0.0	
1.1543393751095552	0.2971433603740383	0.0	0.0	
1.4322782095614603	0.8338837159292245	0.0	0.0	
0.8200524548077271	2.11667718177503	0.0	0.0	
0.815370195905072	2.6879406311858633	0.0	0.0	
0.7794043214132208	4.236838838973977	0.0	0.0	
0.9391015023065273	4.577682893123768	0.0	0.0	
0.6953379498255285	5.507053991140296	0.0	0.0	
0.5752217071574282	7.310714470010427	0.0	0.0	
1.4114787251594407	7.6043533471357705	0.0	0.0	
1.2186916849455784	9.155120928091092	0.0	0.0	
1.2849557401823395	10.434654649851343	0.0	0.0	
0.7764771478424352	11.128334376858177	0.0	0.0	
1.4806398168347905	11.514530672331112	0.0	0.0	
1.0363838663019043	13.313928124715398	0.0	0.0	
1.1237107847719883	14.362442377211922	0.0	0.0	
0.7560967331647291	15.414515975370577	0.0	0.0	
1.1031821246043572	15.982396719196233	0.0	0.0	
0.6352183225193524	17.111638465673373	0.0	0.0	
0.8860283492524811	17.510101192188497	0.0	0.0	
1.4549187016438636	19.432231247698965	0.0	0.0	
1.3716389582100637	20.341914669117088	0.0	0.0	
0.7304342538200621	21.11373113162236	0.0	0.0	
1.1179239070072018	22.105851021974267	0.0	0.0	
1.404610859500011	23.36703171342696	0.0	0.0	
1.403280614570831	24.19842884090842	0.0	0.0	
1.0003193074185615	25.262758700410398	0.0	0.0	
0.5110974653116498	26.105177985930297	0.0	0.0	
1.3180454502930932	27.120537345965058	0.0	0.0	
1.3766515866636038	28.287863628607354	0.0	0.0	
1.413536768642883	28.780698756618182	0.0	0.0	
0.6865712856158145	29.996620591155402	0.0	0.0	
0.5694489896864867	31.328350078644327	0.0	0.0	
1.816989165594921	0.2463822438448886	0.0	0.0	
2.3064453713884765	1.0789030017834376	0.0	0.0	
2.010731888653045	1.9607697942089422	0.0	0.0	
2.1207508953331953	3.49691720502033	0.0	0.0	
2.2993408461646925	4.311455272908441	0.0	0.0	
2.2805351407447887	4.5147900020268725	0.0	0.0	
2.005761850716295	5.795280844102884	0.0	0.0	
1.8683859630919644	6.829096026385396	0.0	0.0	
1.6120295669221387	7.873503498528769	0.0	0.0	
2.2199588989007584	8.556101820682414	0.0	0.0	
2.350259591661576	9.541707443665556	0.0	0.0	
1.8272445906286414	11.392122792110406	0.0	0.0	
2.1441891029043356	12.332978435500383	0.0	0.0	
2.0814286650664773	13.049517010417665	0.0	0.0	
2.179196551820632	13.610837572533077	0.0	0.0	
1.9021284914781948	14.881806160848619	0.0	0.0	
1.676633477465436	16.374293207449732	0.0	0.0	
2.0779506159947205	16.841104520829106	0.0	0.0	
1.8641225070552767	18.31988662140544	0.0	0.0	
1.6470628566752978	19.034100054959243	0.0	0.0	
1.549986063101497	19.776318360111205	0.0	0.0	
1.7694846524920236	21.176686583259315	0.0	0.0	
2.4457835074188443	21.672948212722638	0.0	0.0	
1.5997306462045584	23.07777330999506	0.0	0.0	
2.019008645843557	23.73964062135977	0.0	0.0	
2.0092824080106126	25.05395105526594	0.0	0.0	
2.1281678297134423	25.871810925189788	0.0	0.0	
1.6958692517263092	26.758452139367336	0.0	0.0	
1.8412292183175292	28.283653478846887	0.0	0.0	
1.5803751941446844	28.812727321619914	0.0	0.0	
1.7467275280279297	30.039233559744158	0.0	0.0	
2.0218079745565545	30.997454575236294	0.0	0.0	
3.2129463586644103	0.4617473021199543	0.0	0.0	
3.4027271832323196	1.1755526519535413	0.0	0.0	
2.9964187577868517	1.9653964080399255	0.0	0.0	
3.4115782171904674	2.548301250797649	0.0	0.0	
2.789929619624546	3.857134820450337	0.0	0.0	
3.134004575763772	5.169566027800748	0.0	0.0	
3.0268130792208465	5.611759794956171	0.0	0.0	
3.0245045163039794	7.152639195282023	0.0	0.0	
3.2840726731819285	7.9416396290518	0.0	0.0	
3.0762890028777043	9.113170098386703	0.0	0.0	
2.698523278180085	10.311574246978621	0.0	0.0	
2.631760728368943	10.510216544159762	0.0	0.0	
3.4953151461932537	11.917978668347047	0.0	0.0	
2.8180482316498963	12.637812112115032	0.0	0.0	
3.1928553943171063	13.812750505094966	0.0	0.0	
3.0795896834805188	14.544560678943345	0.0	0.0	
2.9851039480022146	16.169906273103084	0.0	0.0	
3.0225707073188133	16.64526976941218	0.0	0.0	
3.3899096282805883	17.900803367104476	0.0	0.0	
2.5816953220170795	19.075461998726503	0.0	0.0	
2.9346291877112556	20.17357807589026	0.0	0.0	
2.544930652500909	21.426114868433366	0.0	0.0	
3.124489909125076	21.876796713508146	0.0	0.0	
3.2403168012101764	23.104698570906884	0.0	0.0	
2.9132791667346005	24.082741755134805	0.0	0.0	
3.018756026044628	25.382546435743226	0.0	0.0	
3.1909804519183216	26.130210640830928	0.0	0.0	
3.019804471752657	26.829492617924146	0.0	0.0	
3.187076729603626	28.16560240082567	0.0	0.0	
2.813360686028313	28.64832408612669	0.0	0.0	
3.4474501557108312	30.425336719759684	0.0	0.0	
2.708392290619789	30.78322861867675	0.0	0.0	
4.34283044979372	0.03793258060299465	0.0	0.0	
4.356327323673108	0.8628782628250944	0.0	0.0	
4.389474459195617	1.7346036149829507	0.0	0.0	
3.5388333524107614	3.4768425415119655	0.0	0.0	
3.615604190354315	4.259543307222013	0.0	0.0	
4.358588422092625	4.956446989980783	0.0	0.0	
3.510032892399026	5.9763694926943325	0.0	0.0	
4.001531163045686	6.5068781208333775	0.0	0.0	
4.437444454359398	8.424009511589729	0.0	0.0	
4.098594846168315	8.941235507264059	0.0	0.0	
3.570668654708062	10.325646430260848	0.0	0.0	
3.7141981593221156	10.590893133104746	0.0	0.0	
3.567621374417085	12.215669244550304	0.0	0.0	
4.42639222431423	12.547695986668323	0.0	0.0	
3.9980775906639874	14.198403690562904	0.0	0.0	
4.095493866635099	14.691890503513283	0.0	0.0	
3.6940939497297762	16.071038119827673	0.0	0.0	
4.176636827822086	17.09487656330649	0.0	0.0	
4.122647218935429	17.719324331303415	0.0	0.0	
4.468385428561798	18.959849083232154	0.0	0.0	
4.226348812445597	20.052043677463594	0.0	0.0	
3.6580715502944843	21.088077720949055	0.0	0.0	
4.005262397622902	21.80439641643647	0.0	0.0	
4.041988668555512	22.526419943384663	0.0	0.0	
3.6058457337942134	24.307633291697847	0.0	0.0	
3.8815503207494726	24.97405905090442	0.0	0.0	
3.633722673886082	25.99017854986236	0.0	0.0	
3.5328315962623904	27.39217596815564	0.0	0.0	
3.71718437285213	28.262818599347174	0.0	0.0	
3.940955443234379	28.963510764073412	0.0	0.0	
3.604713401080288	30.092012710964315	0.0	0.0	
3.590249808024372	30.921148015724047	0.0	0.0	
5.214108128768218	0.22181759337302742	0.0	0.0	
4.617109645108564	0.7660302004396068	0.0	0.0	
5.482943039671408	2.3175961494352944	0.0	0.0	
5.405844925482984	2.5507217795927963	0.0	0.0	
5.277312264487929	3.9588099133029826	0.0	0.0	
4.5976862432232455	5.073961300217317	0.0	0.0	
4.764441054486667	6.354655748286511	0.0	0.0	
4.8997244636011565	6.851264132493874	0.0	0.0	
5.3514475881065	7.521397375434581	0.0	0.0	
5.29855845606969	9.261349776797429	0.0	0.0	
4.802782684078545	9.981721264484099	0.0	0.0	
4.899786661713735	11.253631980311804	0.0	0.0	
4.876507299758657	11.869730989060551	0.0	0.0	
4.821186164246775	12.67453084523593	0.0	0.0	
5.026961524847393	14.019184312899828	0.0	0.0	
4.795598628716755	14.680042106787065	0.0	0.0	
5.171791123250292	16.351855250103952	0.0	0.0	
4.649437227943931	16.586815571822093	0.0	0.0	
5.08024788783032	18.487220772829193	0.0	0.0	
4.616724880752319	19.097819514596075	0.0	0.0	
5.002940241583994	20.40809501323049	0.0	0.0	
5.150813537643716	21.12653780001262	0.0	0.0	
4.975359639144476	21.95229774840101	0.0	0.0	
4.761783884678859	23.49176938828915	0.0	0.0	
5.053680291736503	23.507134732886403	0.0	0.0	
5.492477775269217	24.917906589227517	0.0	0.0	
4.544921074619302	26.097680512875435	0.0	0.0	
4.692101866862924	27.464611722873162	0.0	0.0	
5.402558943413633	27.654494187867197	0.0	0.0	
5.284098300465844	28.675432946018834	0.0	0.0	
4.845600079886091	30.438602775945238	0.0	0.0	
5.342420544947545	30.803550924661796	0.0	0.0	
5.5791779486907185	0.07461410385780165	0.0	0.0	
5.55430587576638	0.6417687592349189	0.0	0.0	
6.2233574171275485	2.47563771166023	0.0	0.0	
5.782378743314559	2.9444924577342557	0.0	0.0	
5.523690648607918	3.9817308851174134	0.0	0.0	
5.8237313087774005	5.40577261333609	0.0	0.0	
5.951129736493986	6.298386643370812	0.0	0.0	
6.082090856919956	6.839195528889925	0.0	0.0	
5.569441426513632	8.315205214398668	0.0	0.0	
6.380992585089526	9.374140672343684	0.0	0.0	
6.036507229837177	10.486762240268964	0.0	0.0	
5.999048884133177	11.118073110404993	0.0	0.0	
5.62919762221328	11.724603389722756	0.0	0.0	
5.719973140072748	12.782890808329423	0.0	0.0	
5.953656709808095	13.88395034587641	0.0	0.0	
5.824510925213232	14.502070872047312	0.0	0.0	
5.8330036390351445	15.727359081500474	0.0	0.0	
6.20796673382308	16.604196221660434	0.0	0.0	
5.620770379526649	17.80779057646713	0.0	0.0	
6.186117965515439	18.986349651036466	0.0	0.0	
6.301733286718902	19.526787353910706	0.0	0.0	
6.399266850344973	21.155045779076296	0.0	0.0	
6.06019159543761	21.883989595820193	0.0	0.0	
5.561314844152307	23.48056168434267	0.0	0.0	
6.29227697769375	23.777517057233293	0.0	0.0	
5.568474285941974	24.880314401985743	0.0	0.0	
6.296655978097913	26.363194281939784	0.0	0.0	
5.914653010497684	26.65727881156144	0.0	0.0	
5.819081984328493	27.683486107736694	0.0	0.0	
5.629227784466062	28.719479163698356	0.0	0.0	
6.166982903118304	30.33559348912198	0.0	0.0	
5.787852641968766	31.478368455027404	0.0	0.0	
6.997997397481087	0.42102526861598233	0.0	0.0	
6.971841225464282	0.7447157993840584	0.0	0.0	
6.826443876475897	2.1277035131499584	0.0	0.0	
7.1883011320659485	3.021753062898621	0.0	0.0	
7.301114897644798	3.983421550575241	0.0	0.0	
6.839085673945454	4.789301798641403	0.0	0.0	
7.077541512979406	6.476000486465591	0.0	0.0	
7.201345349527859	7.03910151439237	0.0	0.0	
7.2451636996121405	8.293304585580074	0.0	0.0	
7.095223263289605	8.545222019583017	0.0	0.0	
6.935412857733509	10.390079617064599	0.0	0.0	
6.559267118948437	10.78420645329732	0.0	0.0	
7.233054849123021	12.495855592012978	0.0	0.0	
7.187510761309918	13.338640807797699	0.0	0.0	
7.454945022129003	14.028247339937487	0.0	0.0	
6.979027287532748	14.931542428477565	0.0	0.0	
7.261318282300378	16.26943975133723	0.0	0.0	
6.8615996109115605	17.15847372309659	0.0	0.0	
7.168325959971288	17.653145069187634	0.0	0.0	
6.6684651375424355	18.863530249360558	0.0	0.0	
7.253957499774621	20.26652802796727	0.0	0.0	
7.242725465734605	20.992512211746522	0.0	0.0	
6.528727045074317	21.836115347962966	0.0	0.0	
6.704762149939727	22.626154242536806	0.0	0.0	
6.974659758387031	24.469774431366726	0.0	0.0	
6.520514045660523	24.813427181621684	0.0	0.0	
7.352882704138562	25.987505882684044	0.0	0.0	
6.806640137183018	27.43060594966994	0.0	0.0	
7.3126144499460235	28.239070341646705	0.0	0.0	
7.412297448434439	29.240909152271332	0.0	0.0	
6.759196200709057	30.249267404527288	0.0	0.0	
6.950202464722213	30.98885010404455	0.0	0.0	
7.798624504186495	0.38906276428478004	0.0	0.0	
7.630520143080352	1.2655304942213137	0.0	0.0	
8.223035038274379	1.660829596520819	0.0	0.0	
8.266420678441062	2.696808251431199	0.0	0.0	
7.833746197942916	4.248866459916325	0.0	0.0	
7.986305331009909	4.695367237442466	0.0	0.0	
7.906637807010433	6.466816126663761	0.0	0.0	
7.526309163028848	7.391566976766205	0.0	0.0	
8.07981627178707	7.742752718820022	0.0	0.0	
8.250525769834368	9.327577111874923	0.0	0.0	
7.7033144567621505	10.158015153573839	0.0	0.0	
8.470669636024654	11.19411822529838	0.0	0.0	
7.578284490503191	12.165723709292045	0.0	0.0	
7.552251515395021	12.848663922891197	0.0	0.0	
8.031667027884298	14.24964269195813	0.0	0.0	
8.164502883201248	14.650121455953322	0.0	0.0	
8.155409479175717	15.529461543930495	0.0	0.0	
7.859169206479167	17.021778121414243	0.0	0.0	
8.178199414628596	17.98566748528814	0.0	0.0	
8.162307409283512	19.28192449949249	0.0	0.0	
8.314058379756093	20.079305009173716	0.0	0.0	
7.872889974631818	21.315355112091204	0.0	0.0	
8.327211272924778	21.91318475521772	0.0	0.0	
7.805607334917007	22.823741991271397	0.0	0.0	
7.682314080209802	23.594085737636476	0.0	0.0	
8.020038952117012	25.23191232888562	0.0	0.0	
7.9281028852842	26.399822968625593	0.0	0.0	
8.16047057530162	27.38703076463469	0.0	0.0	
7.700229739719262	27.86509792943912	0.0	0.0	
7.710342789138598	29.400196521262437	0.0	0.0	
8.212384957096011	29.64956130540498	0.0	0.0	
8.424061013179415	31.257012500851914	0.0	0.0	
9.13086404478313	0.3123949644366949	0.0	0.0	
8.884909104482858	0.5757865536253784	0.0	0.0	
8.872732710204136	1.9500906322493772	0.0	0.0	
9.496758342909693	3.33760823822305	0.0	0.0	
9.433878804794745	4.48557217844279	0.0	0.0	
9.004507944581032	5.372921838664034	0.0	0.0	
8.529922445550236	6.304774154799346	0.0	0.0	
9.29252728992875	7.470505775388847	0.0	0.0	
8.564640987924161	7.51749952608128	0.0	0.0	
9.216067193385678	8.69141751504171	0.0	0.0	
9.269117042089453	10.023918163459722	0.0	0.0	
9.454166862650059	11.460098864776262	0.0	0.0	
8.851515426939482	12.477420561423397	0.0	0.0	
9.153069928793089	13.479153246616514	0.0	0.0	
9.071653231065191	14.446692317163947	0.0	0.0	
8.783051316523284	14.511795410757657	0.0	0.0	
9.001276207012502	16.400777998913327	0.0	0.0	
8.79615926921889	17.146700846220508	0.0	0.0	
9.494099802335867	17.97197681880712	0.0	0.0	
8.690027752172417	19.465192373924708	0.0	0.0	
9.067830897154513	19.616606173913755	0.0	0.0	
8.563578761123363	20.67039001468342	0.0	0.0	
8.511591846124837	21.964497856569164	0.0	0.0	
9.415030750401645	22.835942651484398	0.0	0.0	
9.478414631694552	23.61001702516484	0.0	0.0	
8.54134614136679	25.051040141747944	0.0	0.0	
8.830186863789116	25.91133746019873	0.0	0.0	
9.465774764282589	26.994703982493355	0.0	0.0	
8.991420876349357	28.40456795692537	0.0	0.0	
8.703805508034257	28.682156130074514	0.0	0.0	
8.980243095890518	30.18480386885429	0.0	0.0	
8.965330690522952	31.248067600121193	0.0	0.0	
9.701479943306273	0.06281416422728969	0.0	0.0	
10.241425610119721	0.9108675490844522	0.0	0.0	
9.960856933043882	2.1109278442380304	0.0	0.0	
10.145250337082357	2.7908153992417732	0.0	0.0	
9.94759063373433	4.2771500417326624	0.0	0.0	
9.80287434051543	4.696156237281175	0.0	0.0	
10.12662215607739	5.921354700931069	0.0	0.0	
10.18379226273524	6.597026839212319	0.0	0.0	
9.92548552823763	7.610060326741416	0.0	0.0	
10.29764177299386	9.038232054526723	0.0	0.0	
10.156106038249145	9.638457849611488	0.0	0.0	
9.82045292304892	11.422057456106051	0.0	0.0	
10.48459214883588	11.84077339771893	0.0	0.0	
10.344500820019507	12.66326902768121	0.0	0.0	
9.75376269965896	13.705036610283356	0.0	0.0	
10.334053134179234	15.313740171329899	0.0	0.0	
9.793300274030177	16.319901847373654	0.0	0.0	
10.47959747360531	17.428687388738314	0.0	0.0	
10.313240023300656	18.41945136817296	0.0	0.0	
9.992432931863334	18.90459617171306	0.0	0.0	
9.655710852695323	19.611431382835608	0.0	0.0	
10.112859593064222	21.482899096161542	0.0	0.0	
10.473530225772144	21.57125493667606	0.0	0.0	
10.307356586641863	23.320917773145677	0.0	0.0	
9.61537620811888	24.470858138724697	0.0	0.0	
10.31726485248065	24.701046794957314	0.0	0.0	
10.464975666785207	26.13357929864936	0.0	0.0	
9.721310117042316	27.369888592227316	0.0	0.0	
9.788005634830062	28.133997670558962	0.0	0.0	
9.668656752520318	29.096047259429596	0.0	0.0	
10.223478896599717	30.466344690211766	0.0	0.0	
9.63080214904356	30.751687425186724	0.0	0.0	
10.51511660885627	0.2971635645061943	0.0	0.0	
11.280607495440362	0.9960715812655062	0.0	0.0	
11.21543045671966	1.6233730312323198	0.0	0.0	
11.283235370255028	2.8473866134003813	0.0	0.0	
11.279567578966306	4.377836229358123	0.0	0.0	
10.79676652238329	4.909451806997894	0.0	0.0	
10.882721416023541	5.930234082677346	0.0	0.0	
11.142045814717678	6.715696806886916	0.0	0.0	
11.174866020960996	8.350129540246288	0.0	0.0	
11.215558107288922	8.940092937491821	0.0	0.0	
10.68925066172413	10.363395523307464	0.0	0.0	
11.385323957589897	11.191997388156622	0.0	0.0	
10.566296817653301	11.787606557036682	0.0	0.0	
11.094061731695353	12.881102368360574	0.0	0.0	
10.751126867506116	14.035125071738214	0.0	0.0	
10.566889739893124	14.61416526211039	0.0	0.0	
11.37556270188755	16.31793856880879	0.0	0.0	
11.011061403344334	17.215382099419664	0.0	0.0	
10.780629703660605	18.285624573398053	0.0	0.0	
11.100183739427525	19.235554273588065	0.0	0.0	
11.425020007559207	20.088966895063834	0.0	0.0	
11.297272700600857	20.822318054976993	0.0	0.0	
11.14726713153191	21.70134019265152	0.0	0.0	
11.110665268433285	23.267819431159968	0.0	0.0	
10.636767327149363	23.864443308515476	0.0	0.0	
10.68940301449184	25.12610354139866	0.0	0.0	
11.049177330936281	26.418385432405525	0.0	0.0	
11.325363048485416	26.66103863254472	0.0	0.0	
10.870890769431922	27.98963927202758	0.0	0.0	
10.691205027545088	28.65817067228108	0.0	0.0	
10.519466674222217	29.538767999529426	0.0	0.0	
10.891008777800016	30.896497521914256	0.0	0.0	
12.354124679567981	0.04073882273228702	0.0	0.0	
12.490181608280608	1.3499988689796392	0.0	0.0	
11.692525031492094	1.9198623378471151	0.0	0.0	
11.661970876797733	2.994719372467531	0.0	0.0	
11.69164245520029	3.9279244431559306	0.0	0.0	
11.912762198853276	5.316404132150827	0.0	0.0	
11.994137648900205	6.476298958974164	0.0	0.0	
12.352895408474177	7.351717536812024	0.0	0.0	
11.805417718871364	7.696879774267022	0.0	0.0	
11.773150513310213	9.199593144936344	0.0	0.0	
12.109679273160069	10.322592060646173	0.0	0.0	
11.773960528231639	11.121421373002283	0.0	0.0	
11.87735132013997	12.01077524084642	0.0	0.0	
11.674134012727965	12.567664182561643	0.0	0.0	
11.843537860848201	14.495766785299452	0.0	0.0	
12.227733455156088	14.575546324196553	0.0	0.0	
11.571177887582673	16.232101703968034	0.0	0.0	
11.592342522985444	17.19475933388879	0.0	0.0	
12.105428225575197	17.54207802988292	0.0	0.0	
11.666337264944943	19.303786860341365	0.0	0.0	
12.265879873859246	19.6444724444789	0.0	0.0	
11.567579602211767	20.649890015603525	0.0	0.0	
11.584291257375746	22.411043618868216	0.0	0.0	
12.118195223157537	23.265078915264013	0.0	0.0	
11.865953934761478	23.87480782747513	0.0	0.0	
11.671081271752367	25.01013807954137	0.0	0.0	
11.995603138613621	25.69241735037485	0.0	0.0	
11.754131090817056	27.31181713870086	0.0	0.0	
11.794516414614156	28.22920689572337	0.0	0.0	
11.676896114640726	28.84230358265267	0.0	0.0	
12.131068403897409	30.104845712271192	0.0	0.0	
12.255924393199976	31.43830316463314	0.0	0.0	
13.372000227623897	0.06794818807324299	0.0	0.0	
13.068070459230306	0.8446769905347602	0.0	0.0	
13.045504862046885	1.807804687906148	0.0	0.0	
13.375618671913532	2.631268820590615	0.0	0.0	
12.852701103350281	4.004020564144959	0.0	0.0	
12.924604077956266	5.042357285744751	0.0	0.0	
12.902578766064938	6.16646104643803	0.0	0.0	
12.660028556049989	7.104457008649955	0.0	0.0	
12.814212626641007	8.483782534047647	0.0	0.0	
13.322112727143232	9.45407740428815	0.0	0.0	
12.653064741733825	10.461455068108094	0.0	0.0	
13.040846001852298	11.036711886599672	0.0	0.0	
13.276938898697868	11.837659393208563	0.0	0.0	
13.410087115207084	13.282261028136467	0.0	0.0	
12.737098746962321	13.676007834249035	0.0	0.0	
13.372204982998367	14.944774854555845	0.0	0.0	
13.434641416719673	15.98486536461245	0.0	0.0	
13.460108675940816	16.86424179484212	0.0	0.0	
13.422349925538946	18.470928000371096	0.0	0.0	
12.61919723632791	18.672183629642113	0.0	0.0	
13.15906838670694	20.069433503496736	0.0	0.0	
13.426867430845174	20.70714962264317	0.0	0.0	
12.641698186034096	22.11761224731823	0.0	0.0	
13.400304644495982	22.536445993461445	0.0	0.0	
12.51613415271537	23.66261594599335	0.0	0.0	
13.352856288203467	24.815100465452772	0.0	0.0	
13.042330486058644	25.65156222771622	0.0	0.0	
13.404042980433795	26.615470842630636	0.0	0.0	
12.542486863243026	28.477497340533958	0.0	0.0	
13.173104839056524	28.67490352754026	0.0	0.0	
12.706107301651304	29.77742784817181	0.0	0.0	
12.741749973491835	31.38984168950621	0.0	0.0	
13.558524904153046	0.2104668341456124	0.0	0.0	
13.549641241610765	0.9177652090945186	0.0	0.0	
13.75606620583645	1.550746424020526	0.0	0.0	
13.790342371325712	3.2989625957430833	0.0	0.0	
14.005033935684967	4.182794765180671	0.0	0.0	
14.017341813219723	5.1191382143793085	0.0	0.0	
13.929476538136656	5.631190022807227	0.0	0.0	
14.148200868063388	6.763522834866991	0.0	0.0	
14.033921956855984	7.836583689844554	0.0	0.0	
13.6279666295091	8.675001667439858	0.0	0.0	
14.018170432656438	9.955274829394941	0.0	0.0	
14.070877423034393	11.249263890969099	0.0	0.0	
13.831368300908972	12.295402034435842	0.0	0.0	
14.256852527289771	13.446985333780212	0.0	0.0	
14.21507293009882	14.310113391453681	0.0	0.0	
13.7855627997284	15.423775880615151	0.0	0.0	
14.354977486399632	16.03209326873382	0.0	0.0	
14.080440989759945	17.062442034455902	0.0	0.0	
13.866898142491971	17.70633952025746	0.0	0.0	
13.776622686905386	18.992829228835795	0.0	0.0	
13.582627888354406	20.479333772862216	0.0	0.0	
13.513795853318236	21.26595885196106	0.0	0.0	
14.385741116866472	21.701298427477127	0.0	0.0	
13.942193552755867	22.65398979813676	0.0	0.0	
13.830879122722981	24.01840489003464	0.0	0.0	
14.119373269807433	25.337987720216304	0.0	0.0	
13.982911702615395	26.033210760988908	0.0	0.0	
13.720462392952198	27.41672468557926	0.0	0.0	
13.980380000714291	28.381876952823887	0.0	0.0	
13.696484733703121	29.337211342055518	0.0	0.0	
13.75130670587563	30.434257237801226	0.0	0.0	
13.91733818662802	31.037534866465528	0.0	0.0	
15.052611008321762	0.13945098281191703	0.0	0.0	
14.708637588944391	0.5531731162343829	0.0	0.0	
15.31785105756428	1.6000261851175581	0.0	0.0	
15.45081791264041	2.775062066389614	0.0	0.0	
14.806128991809675	4.479017893534118	0.0	0.0	
14.817942049948629	4.713292170037408	0.0	0.0	
14.811808001897262	5.529307084579232	0.0	0.0	
14.923975181086487	7.379561305753225	0.0	0.0	
14.549583482430439	8.099779911986058	0.0	0.0	
14.698838076656385	9.025940406723706	0.0	0.0	
14.705574348898422	9.593978960607759	0.0	0.0	
15.1505650546608	11.456086682704234	0.0	0.0	
14.679920771041282	11.813853755826687	0.0	0.0	
15.109966553636898	12.86526735591764	0.0	0.0	
14.665581235372033	13.64598630069899	0.0	0.0	
14.890876019230086	15.07793823991763	0.0	0.0	
14.790178062275883	15.644174764635569	0.0	0.0	
15.21521141104398	16.904184502154376	0.0	0.0	
14.552266329800453	18.283319620754995	0.0	0.0	
14.721810333552213	19.44409805077952	0.0	0.0	
15.269848221574932	19.834969782620227	0.0	0.0	
15.360657662397434	20.864234107067524	0.0	0.0	
15.482396745161324	22.319620087446335	0.0	0.0	
15.379664721268485	22.74347860409537	0.0	0.0	
15.164635092385893	24.444895629908395	0.0	0.0	
15.045200552974295	25.303624129002536	0.0	0.0	
15.234399476467988	26.266315271845972	0.0	0.0	
15.0600252806031	26.77638828293326	0.0	0.0	
15.188140991688964	28.348490305523036	0.0	0.0	
14.88085426790741	29.190157436817042	0.0	0.0	
15.264816282235262	30.326401892067793	0.0	0.0	
15.127250016060728	30.971743103474925	0.0	0.0	
16.372685193201715	0.4605307578294122	0.0	0.0	
15.736864885736484	1.0334310461212048	0.0	0.0	
16.07282292111877	1.957389213256687	0.0	0.0	
16.34161734185014	2.957311921616249	0.0	0.0	
15.72457547142265	4.4051697883306336	0.0	0.0	
15.615324427576471	5.459981081084179	0.0	0.0	
15.832698851951138	5.714454407330877	0.0	0.0	
16.45165939866983	6.631293596693926	0.0	0.0	
16.406820918056642	7.910479532436816	0.0	0.0	
15.748251112488497	9.011016214291928	0.0	0.0	
15.879556673340048	9.986785779931965	0.0	0.0	
16.34248242455684	10.576333025172168	0.0	0.0	
16.200229820832867	11.72272041021576	0.0	0.0	
15.879766086061263	12.850239641784432	0.0	0.0	
16.012722905375554	14.141456547376507	0.0	0.0	
16.460240769382082	15.33812515412977	0.0	0.0	
15.690086624626494	15.889207772240738	0.0	0.0	
16.310945735770265	16.995899103881257	0.0	0.0	
16.25740874431668	17.86546884532875	0.0	0.0	
15.825536324874612	19.017393735337638	0.0	0.0	
15.574767666192308	20.19030508711567	0.0	0.0	
15.81179041018751	20.921670588397653	0.0	0.0	
16.398973479693243	21.99900252034116	0.0	0.0	
16.3556271818803	23.010584937570503	0.0	0.0	
16.092804352518264	24.12772633084323	0.0	0.0	
15.585390411512616	24.76798806511559	0.0	0.0	
16.18313111552789	25.726923371494706	0.0	0.0	
15.504229834428243	27.316487333888627	0.0	0.0	
15.54367052659787	28.476366185880998	0.0	0.0	
15.834955619806012	28.57040349780734	0.0	0.0	
16.35772156952814	29.760078584253073	0.0	0.0	
16.49565871944461	30.966066062362103	0.0	0.0	
16.94235388541012	0.16954713546136446	0.0	0.0	
17.394952140291462	0.5162856874905756	0.0	0.0	
16.81371659944879	2.1087226081279837	0.0	0.0	
17.05010822782691	2.7654935905691937	0.0	0.0	
16.7268531868163	3.8142059342031587	0.0	0.0	
16.796813903647884	5.265383763230085	0.0	0.0	
17.426219091804068	5.500093854612577	0.0	0.0	
16.77292234020813	6.895513767244052	0.0	0.0	
16.786914255371247	8.17057238314382	0.0	0.0	
16.974661285026023	9.035368854839994	0.0	0.0	
16.534920536134482	9.927354674556053	0.0	0.0	
16.70089630533765	11.26048627638349	0.0	0.0	
17.120566819573142	11.534396889383027	0.0	0.0	
17.02056244192092	13.46081138799089	0.0	0.0	
16.619923257612232	14.20343093376947	0.0	0.0	
17.18387217544329	14.666612741721185	0.0	0.0	
17.391974413786492	16.1626009414628	0.0	0.0	
17.26231018029331	17.393175482972985	0.0	0.0	
16.927353165908674	17.60430883975279	0.0	0.0	
16.87868108542114	18.61763348785052	0.0	0.0	
17.091638709308203	19.56486400673834	0.0	0.0	
17.31950800307647	20.811437762980873	0.0	0.0	
16.75168559298874	21.769156481160593	0.0	0.0	
17.179383605981265	22.924629316736482	0.0	0.0	
17.390018486623063	24.13588102928148	0.0	0.0	
17.332979237396785	25.01768347999179	0.0	0.0	
17.208864760513833	26.32250310683065	0.0	0.0	
17.304665139596082	26.57912053215203	0.0	0.0	
17.13167512768922	27.733898710254202	0.0	0.0	
17.167419138629338	28.718263569501346	0.0	0.0	
16.679405602386094	30.277084565888345	0.0	0.0	
17.055729427732732	30.553707127942555	0.0	0.0	
17.7947254387164	0.07835010172917134	0.0	0.0	
18.20125720716596	0.9599406548309815	0.0	0.0	
17.890473778200146	2.186285224563454	0.0	0.0	
18.45356818183544	3.315276604060432	0.0	0.0	
18.080240893020555	3.6883348482598937	0.0	0.0	
18.261484748760992	4.7396782906883175	0.0	0.0	
17.569264570925867	6.343180275862824	0.0	0.0	
18.134950777658663	6.8549028751709535	0.0	0.0	
18.388802454705488	8.309637002554929	0.0	0.0	
18.39461963596214	8.986147161059787	0.0	0.0	
18.31906178956721	9.585150847546403	0.0	0.0	
17.519282354542995	11.465731109929438	0.0	0.0	
17.622111637474582	12.193534104345694	0.0	0.0	
18.12316709016449	13.267212369238234	0.0	0.0	
18.255137774859374	13.773045397787303	0.0	0.0	
18.072748171132016	15.291764377777778	0.0	0.0	
17.902215694287097	15.845702057616755	0.0	0.0	
18.117321345858993	17.094312693797736	0.0	0.0	
18.224898886868043	17.943277474856323	0.0	0.0	
18.174856989238727	18.867528067611488	0.0	0.0	
17.763256943796147	19.93213488361237	0.0	0.0	
17.86399401277673	20.85423417106553	0.0	0.0	
18.199948494821893	21.7507729728904	0.0	0.0	
17.703539699857174	22.923429493265765	0.0	0.0	
18.329334283434665	24.112083540775345	0.0	0.0	
18.129444601793697	25.0224786009365	0.0	0.0	
18.20022823834031	25.855013628914065	0.0	0.0	
18.27589452539968	27.247285286451504	0.0	0.0	
18.18397892134657	28.20429551440297	0.0	0.0	
17.5020308808089	29.13408373571303	0.0	0.0	
17.696186333606555	29.890535848261184	0.0	0.0	
17.639372858246695	30.971744713310777	0.0	0.0	
19.367714567077943	0.3647312421754415	0.0	0.0	
19.362169930105708	0.692744035944743	0.0	0.0	
19.314951014098998	2.07005321636605	0.0	0.0	
18.787092884830987	3.180203186537369	0.0	0.0	
18.752961750347826	3.5900634674204808	0.0	0.0	
18.607345004308158	4.710431327378392	0.0	0.0	
19.47810231924364	6.333195794821605	0.0	0.0	
19.414917982209126	7.05850128100284	0.0	0.0	
19.05208259298379	8.102229957466283	0.0	0.0	
18.578998591899378	8.78454514994831	0.0	0.0	
19.270437360058498	10.06285070194061	0.0	0.0	
18.550797501489768	11.210328206904535	0.0	0.0	
19.192494987020837	12.016695511735374	0.0	0.0	
18.98735492807046	12.76916891012572	0.0	0.0	
19.035170344854638	14.008008384099467	0.0	0.0	
18.850419653705444	15.40023389485605	0.0	0.0	
19.04574296220081	16.15125340993683	0.0	0.0	
19.32313107954483	17.189389281926875	0.0	0.0	
19.40918810814716	18.241467947610182	0.0	0.0	
18.80353110992658	18.808774028316606	0.0	0.0	
18.9649896988887	20.043942207543644	0.0	0.0	
19.21048654916804	20.557137882730483	0.0	0.0	
19.402532808389136	21.677612401939427	0.0	0.0	
18.936102908411474	22.578411620853473	0.0	0.0	
18.972320067832868	24.0871339522536	0.0	0.0	
19.090495614297247	25.045850454537163	0.0	0.0	
19.138317015039117	26.400445381184507	0.0	0.0	
19.296455462322957	26.68672931994895	0.0	0.0	
19.193031715145153	27.855335994843575	0.0	0.0	
18.800297940844818	28.984438376817426	0.0	0.0	
19.087092876148184	29.717449453914195	0.0	0.0	
18.555686775460757	31.08641043657831	0.0	0.0	
19.607008659920506	0.17105654199134634	0.0	0.0	
20.201284650204244	0.9717783041048945	0.0	0.0	
20.322723411930575	2.305548766127889	0.0	0.0	
19.96020978865738	2.602686235564208	0.0	0.0	
19.81866730132277	3.9166195889047666	0.0	0.0	
19.50656848619368	5.43251327210321	0.0	0.0	
20.451291552823008	6.087427461590274	0.0	0.0	
20.026373577172546	6.666868268170237	0.0	0.0	
19.657995885514158	8.369884678939716	0.0	0.0	
20.176161132618965	8.63389538197632	0.0	0.0	
20.1452431077965	9.837122171187964	0.0	0.0	
20.412593999715508	11.402379593186874	0.0	0.0	
19.824285068892426	11.84062944990902	0.0	0.0	
20.06010183371753	12.503588648650084	0.0	0.0	
19.700233031493788	13.652165705486695	0.0	0.0	
20.320901874418674	14.772473492623286	0.0	0.0	
20.376608769983907	16.102213685868183	0.0	0.0	
20.439682566029642	16.671783231408938	0.0	0.0	
19.604432164684937	17.575241292452386	0.0	0.0	
20.331080827915738	19.1735906368051	0.0	0.0	
19.608447986655353	20.1008134129424	0.0	0.0	
20.101606672096896	21.01940334108877	0.0	0.0	
19.63015845068597	22.164144287760834	0.0	0.0	
19.579569488707474	22.84698824553697	0.0	0.0	
20.210881628100605	23.685204554812866	0.0	0.0	
19.965790573790876	24.672983185211276	0.0	0.0	
19.894783717943056	25.82410655136976	0.0	0.0	
19.764584418819968	26.604353539147034	0.0	0.0	
19.913017271413118	27.865125299601512	0.0	0.0	
19.648791402427186	29.103107327137646	0.0	0.0	
19.879567713955645	30.009625935841896	0.0	0.0	
19.79429884081424	30.925904994116344	0.0	0.0	
21.122715738531692	0.4727719898573952	0.0	0.0	
21.037870645310257	1.3445793273847448	0.0	0.0	
21.004264402549214	2.15182756144245	0.0	0.0	
21.106003954559085	2.531012660722854	0.0	0.0	
21.222136229195698	4.1132898824220785	0.0	0.0	
21.191186921900844	5.223248480081578	0.0	0.0	
21.166216015949303	6.3578061273070166	0.0	0.0	
20.857908231394497	6.618690632656036	0.0	0.0	
21.133820729778375	8.336864211854666	0.0	0.0	
21.34378328499245	9.117349223064537	0.0	0.0	
21.09087646224352	9.660784442540274	0.0	0.0	
20.993718746353377	10.599424216170997	0.0	0.0	
21.065988840764213	12.072858473956071	0.0	0.0	
20.743620320492113	12.94497423059481	0.0	0.0	
21.427642105933483	14.160024527026192	0.0	0.0	
21.038994269641833	14.983716000161603	0.0	0.0	
20.66092201590081	16.088984299100694	0.0	0.0	
21.28291970300087	16.91202633152039	0.0	0.0	
20.923460158635127	18.32194367252961	0.0	0.0	
20.817078945793	19.296067193597324	0.0	0.0	
20.90267870961496	20.427005146399814	0.0	0.0	
20.600985245647287	21.278428529929194	0.0	0.0	
21.061751316872435	22.394068622652863	0.0	0.0	
20.648733958572247	23.084393027899523	0.0	0.0	
20.727275565067135	24.254338941026084	0.0	0.0	
21.097025090675828	24.864782551078108	0.0	0.0	
21.110599783290915	26.181311497057628	0.0	0.0	
21.109866155080333	27.083286597012656	0.0	0.0	
20.86537060372576	28.21371376088562	0.0	0.0	
21.336864679381005	29.274455454678304	0.0	0.0	
21.060167131970314	30.43782708431334	0.0	0.0	
21.319847746067172	30.95594397882168	0.0	0.0	
21.9017318103022	0.49772803879176486	0.0	0.0	
22.16266981608587	1.039643669902685	0.0	0.0	
21.623999236148478	2.1267972322471493	0.0	0.0	
21.718205569315188	2.765915443435075	0.0	0.0	
21.716770081952703	3.7231417177652912	0.0	0.0	
21.884812745628583	5.241686448111732	0.0	0.0	
22.392768341929305	6.038359864899538	0.0	0.0	
21.665688015738162	7.359278791724013	0.0	0.0	
22.187997001118877	7.715088847932187	0.0	0.0	
21.640735787117606	8.770606557379432	0.0	0.0	
22.483690884360673	9.809122170019243	0.0	0.0	
22.172737476496398	11.143246523559434	0.0	0.0	
21.547785293805088	11.903889462997384	0.0	0.0	
22.1697661209703	12.743062117157585	0.0	0.0	
22.192862035925693	13.522508505644208	0.0	0.0	
22.49473268297053	14.732170360104197	0.0	0.0	
22.335286581175083	15.722672125410197	0.0	0.0	
21.579950310404232	17.27055220627942	0.0	0.0	
21.67352901893165	18.240117754548187	0.0	0.0	
22.417676221593307	19.37568131598957	0.0	0.0	
21.9771227849318	19.50712115335123	0.0	0.0	
21.84737254398789	20.72823223361658	0.0	0.0	
21.699450771372405	22.298642189572472	0.0	0.0	
22.340966092229024	23.050410626500206	0.0	0.0	
21.904679376325813	24.330112891084227	0.0	0.0	
21.67118786154474	25.021495985297378	0.0	0.0	
21.95737948169962	25.74400971515217	0.0	0.0	
22.339786191433245	27.33348516045002	0.0	0.0	
21.53814374016421	27.750113709107193	0.0	0.0	
21.749535906597306	28.600767978198352	0.0	0.0	
22.110460850121626	30.393185028320374	0.0	0.0	
22.06455333396565	31.38426823775935	0.0	0.0	
22.834818407755982	0.21096222481098925	0.0	0.0	
23.245596775556937	1.3959547161626111	0.0	0.0	
23.274062947008034	2.489315255717938	0.0	0.0	
23.395269845731097	2.878398773988441	0.0	0.0	
23.346479936206222	3.7180512767805523	0.0	0.0	
23.17146260226488	5.152748431950627	0.0	0.0	
23.335753194246227	6.4251872101079215	0.0	0.0	
23.10740777641633	7.060628091575382	0.0	0.0	
22.68972951051162	7.511772896447657	0.0	0.0	
23.20845949286745	9.446007901602522	0.0	0.0	
22.766893677892725	10.192888166889983	0.0	0.0	
22.942329382995823	11.14934177844178	0.0	0.0	
22.67511710960401	12.403420928585607	0.0	0.0	
22.766304176197814	12.918039843502118	0.0	0.0	
22.82379829833269	14.286972015562876	0.0	0.0	
22.730081279332754	15.490626315000446	0.0	0.0	
23.39597929817483	16.320098546830373	0.0	0.0	
23.37011970690586	17.424867347917715	0.0	0.0	
23.197791867076255	18.019347918233297	0.0	0.0	
23.419987462886755	19.08137194388203	0.0	0.0	
23.14201932054988	20.376083838848754	0.0	0.0	
23.009975921262704	21.403351951743957	0.0	0.0	
23.27175660925669	22.35466008697619	0.0	0.0	
23.468674222800136	23.249405018899026	0.0	0.0	
22.64372580980374	24.227385308975563	0.0	0.0	
23.36434545508975	24.97391910844035	0.0	0.0	
23.002959613103236	25.629543063334093	0.0	0.0	
22.878567043755197	27.090882659358225	0.0	0.0	
23.405616357998134	27.928151925188587	0.0	0.0	
22.629554966684257	28.56834091743703	0.0	0.0	
23.327819389418227	30.0822566033982	0.0	0.0	
23.183914942927462	31.028817172326487	0.0	0.0	
24.248579058462376	0.2334856271387249	0.0	0.0	
24.367799066033008	1.2671852337834553	0.0	0.0	
23.67910683569138	2.1199010686133475	0.0	0.0	
23.807316955672484	3.3409281286781587	0.0	0.0	
23.72507602516045	3.5108889881374097	0.0	0.0	
24.194707178734447	5.47836000329697	0.0	0.0	
24.499528632717414	6.465641502035905	0.0	0.0	
24.007563906263854	7.412151650588254	0.0	0.0	
24.161774349865496	7.882785978300225	0.0	0.0	
23.83705811113218	8.880266817063124	0.0	0.0	
23.71018822689276	9.740775489928993	0.0	0.0	
23.694949582109068	10.716248963983926	0.0	0.0	
24.132833984447544	11.767445301829689	0.0	0.0	
24.350912873036176	13.230041365051454	0.0	0.0	
23.904198652231216	13.63253894762425	0.0	0.0	
24.164003314945976	15.48131036222891	0.0	0.0	
23.841769850204038	16.329686284988206	0.0	0.0	
23.65558257930315	17.2289206593799	0.0	0.0	
24.119326644375633	18.350791575707877	0.0	0.0	
23.8944880894474	18.851040042065552	0.0	0.0	
24.051522516085964	20.441965785322534	0.0	0.0	
24.094803242906785	20.757510174728186	0.0	0.0	
24.443074023422064	21.643671625712585	0.0	0.0	
23.569695297626236	23.24034129091818	0.0	0.0	
24.451245475225406	23.962217211819322	0.0	0.0	
24.240845626661393	24.82969331858655	0.0	0.0	
23.68713112838449	25.983714426735265	0.0	0.0	
23.61240709369806	27.19884858417431	0.0	0.0	
23.9104744833285	27.963748311939916	0.0	0.0	
24.07124955833015	29.044258299597594	0.0	0.0	
23.50245445898569	30.37928005013431	0.0	0.0	
24.099122671131486	30.56953329075361	0.0	0.0	
25.33369904787497	0.38031941860127827	0.0	0.0	
24.79522804111226	1.3777527806664782	0.0	0.0	
24.87507734679181	1.9226159429685814	0.0	0.0	
24.943279486443103	2.6543942022113	0.0	0.0	
25.48663895784398	4.02198163184836	0.0	0.0	
24.78384591542529	5.030302449279191	0.0	0.0	
24.988461175816234	6.025330471585026	0.0	0.0	
25.15853070309836	7.156039474085143	0.0	0.0	
24.88085539976668	7.664339868275721	0.0	0.0	
24.99151720459202	8.778658153923637	0.0	0.0	
24.534759741825894	10.484551367836819	0.0	0.0	
25.23182005706154	11.286613013131738	0.0	0.0	
25.139637722388336	11.910797322171605	0.0	0.0	
25.291669776022424	12.744579031833066	0.0	0.0	
25.15612847582404	13.839020533114262	0.0	0.0	
24.62223658616381	15.16919967959902	0.0	0.0	
25.255975578396217	15.986612525131843	0.0	0.0	
25.48892755041454	16.856274361501914	0.0	0.0	
25.17929201107274	17.865755189189006	0.0	0.0	
25.474713992419026	19.053399242196804	0.0	0.0	
24.80626830420346	20.170403949695764	0.0	0.0	
24.75785480775399	20.99381809893189	0.0	0.0	
24.520131530231197	22.42352124105896	0.0	0.0	
24.887940485617975	22.619393691711043	0.0	0.0	
25.43254937601665	23.8331380579794	0.0	0.0	
24.75160070663827	24.984155578358475	0.0	0.0	
25.016639661678617	26.377525302837984	0.0	0.0	
24.865890005755514	26.607959387981396	0.0	0.0	
24.961980851965528	27.71606227493224	0.0	0.0	
25.426502568922608	29.207262688920082	0.0	0.0	
25.4686917435182	29.803791085369195	0.0	0.0	
25.295507723520604	30.81653270826567	0.0	0.0	
25.74512170706382	0.3054863965596988	0.0	0.0	
26.092706174858293	0.5951505402400527	0.0	0.0	
25.565055454231082	2.396813749317599	0.0	0.0	
25.95628573098676	2.7859556747331156	0.0	0.0	
26.30376085365375	4.304662132550739	0.0	0.0	
25.61370089206092	4.972756631459896	0.0	0.0	
26.171811454150657	5.846053925107766	0.0	0.0	
26.0461289820676	6.97717470175019	0.0	0.0	
26.496094897663244	7.69584569793736	0.0	0.0	
25.692002011464215	8.727091934603722	0.0	0.0	
26.37006453698073	10.429463648427445	0.0	0.0	
25.582065787342163	10.652632528163686	0.0	0.0	
25.909699960279745	12.086260476803096	0.0	0.0	
25.980241121573048	13.427016531355466	0.0	0.0	
26.43626997943527	13.743741451451795	0.0	0.0	
25.7092560516406	14.705830609169814	0.0	0.0	
26.04550022824846	16.309949293707348	0.0	0.0	
26.36378263104912	16.70801971389634	0.0	0.0	
26.40471588374675	17.68764259573645	0.0	0.0	
26.068684885394724	18.745943598343455	0.0	0.0	
26.139706032871814	20.08032241224812	0.0	0.0	
25.834229879362415	20.50704769788231	0.0	0.0	
25.62421937907518	22.023126669787807	0.0	0.0	
25.872458698830503	23.2353386508882	0.0	0.0	
25.91567459941008	23.831448241840366	0.0	0.0	
25.74475410332169	25.338143998310994	0.0	0.0	
26.270244088111713	25.604138774549607	0.0	0.0	
26.121547820597517	27.03747253809774	0.0	0.0	
26.431948232470372	27.657410146982993	0.0	0.0	
26.288228665014977	28.966203249276294	0.0	0.0	
25.91930690751826	29.70477832399773	0.0	0.0	
26.211446332643817	30.818042201167934	0.0	0.0	
26.53814125980703	0.4054481511733319	0.0	0.0	
27.469186030439165	1.343952697370264	0.0	0.0	
27.192439356788174	1.7928419882003843	0.0	0.0	
27.44768209278856	3.2914187953280263	0.0	0.0	
26.746248145897095	4.456984243664622	0.0	0.0	
26.965344619231203	5.086782958801969	0.0	0.0	
26.922427823599975	5.778590933586915	0.0	0.0	
27.32601168382903	7.179131429341881	0.0	0.0	
27.307923719444005	7.924825458892739	0.0	0.0	
27.35109769966993	9.346279241837467	0.0	0.0	
26.558447359845196	9.72749458741323	0.0	0.0	
26.62281962302436	11.15453906261749	0.0	0.0	
26.80360507640331	11.750649487369238	0.0	0.0	
27.26139491412102	12.985051218567019	0.0	0.0	
26.694832812400794	13.506192407244825	0.0	0.0	
26.852492548791783	14.779557638053388	0.0	0.0	
27.4762317848741	16.47689922122126	0.0	0.0	
27.18677850236729	17.099085978064565	0.0	0.0	
26.739940491621407	17.74383549163777	0.0	0.0	
27.34465859328354	18.9062521233896	0.0	0.0	
26.60458435190161	19.96306476179787	0.0	0.0	
27.059146969669673	20.77677442216481	0.0	0.0	
27.063029852870127	21.933786562131733	0.0	0.0	
27.312505784083516	23.30817806357961	0.0	0.0	
27.25717423565169	23.76493444889914	0.0	0.0	
26.880403380901797	25.29031106160974	0.0	0.0	
26.916883432609744	25.57172987821133	0.0	0.0	
26.808213393022772	27.33956074289177	0.0	0.0	
26.864563731776688	28.097548807761008	0.0	0.0	
27.321423451349702	29.259455228509886	0.0	0.0	
27.130849442851584	29.92205196683175	0.0	0.0	
27.41464324813365	30.87290068643964	0.0	0.0	
27.83309952854758	0.2582505760941667	0.0	0.0	
27.6366405243236	1.2576158349198623	0.0	0.0	
27.72501255759292	2.020390575597774	0.0	0.0	
28.20006955124503	2.6627145565264927	0.0	0.0	
27.563035760497755	3.6724972447440316	0.0	0.0	
28.21162368406545	4.75743166926704	0.0	0.0	
27.568588693938672	5.669498879921767	0.0	0.0	
28.31463243300331	6.8658152388702405	0.0	0.0	
27.677136377483116	8.236370778576198	0.0	0.0	
27.95357641063178	8.561069597863076	0.0	0.0	
28.32533023294045	10.165310117021411	0.0	0.0	
27.855454233061288	10.649347581224136	0.0	0.0	
27.96857303500238	11.546495172393024	0.0	0.0	
28.173719616372072	12.695642794819356	0.0	0.0	
28.060606627688863	14.309478518457267	0.0	0.0	
28.096239208930744	14.961034103930011	0.0	0.0	
27.839194205275827	15.705802190179435	0.0	0.0	
28.387800184040735	16.88943420888496	0.0	0.0	
27.633581177598106	18.091475032620952	0.0	0.0	
28.409606753819787	19.057704514543378	0.0	0.0	
27.960867856631328	20.42193943783385	0.0	0.0	
28.45945814824028	20.503694928899492	0.0	0.0	
28.05720917788294	22.233671918615865	0.0	0.0	
28.41270697954897	23.1896988892964	0.0	0.0	
28.172202385502224	23.951809629005385	0.0	0.0	
28.289894949091718	24.995731868638742	0.0	0.0	
28.420327110348985	26.37097660273928	0.0	0.0	
28.100535019553057	26.866841717896893	0.0	0.0	
28.109075281937585	27.57967509779525	0.0	0.0	
27.65374658591549	29.319022987066468	0.0	0.0	
28.388026672974764	30.428593330489278	0.0	0.0	
27.888881698749554	31.46565275194787	0.0	0.0	
29.29972535788189	0.32068751850305155	0.0	0.0	
29.155831443705235	1.349460719066106	0.0	0.0	
28.577180180510872	1.7343770319695193	0.0	0.0	
28.76603717499734	2.9435333833638997	0.0	0.0	
29.0232972075501	4.010449442760452	0.0	0.0	
29.40427464273544	5.348790452458563	0.0	0.0	
29.298170441003595	5.850521954753757	0.0	0.0	
29.282166631928344	7.044716084282259	0.0	0.0	
28.805575941182095	8.003724256758401	0.0	0.0	
28.64151987223948	8.572033516688771	0.0	0.0	
29.34671095365211	10.347626388816005	0.0	0.0	
28.672790260044977	10.528658499759915	0.0	0.0	
29.25590273120126	12.404904886088923	0.0	0.0	
29.0873633820889	12.830458210204052	0.0	0.0	
29.270976253659445	14.463127161504548	0.0	0.0	
29.017307377265563	15.226518541697112	0.0	0.0	
29.076541150610282	15.530253074128781	0.0	0.0	
29.167795125147798	17.365026062019673	0.0	0.0	
29.274183685902347	18.190760162505907	0.0	0.0	
28.70248457180874	19.088842758277146	0.0	0.0	
29.176384481763215	19.606849148891808	0.0	0.0	
29.301788610091744	20.58590822173256	0.0	0.0	
28.60068582490343	22.35347647544116	0.0	0.0	
29.243210552087017	22.827798616879004	0.0	0.0	
28.854397920323255	23.608717728302825	0.0	0.0	
28.567514288076865	24.58529646254926	0.0	0.0	
28.528369223703802	25.55048921091401	0.0	0.0	
29.38812078786256	26.762385125122627	0.0	0.0	
28.58832668210236	27.69829715044477	0.0	0.0	
29.25603247780436	29.3937606983486	0.0	0.0	
28.77768171352248	29.68745482103018	0.0	0.0	
29.000901205287708	30.51960493294538	0.0	0.0	
30.097852197744277	0.2160535882075021	0.0	0.0	
29.541423175951234	0.8099207215931076	0.0	0.0	
30.040324335768577	2.1752264076184056	0.0	0.0	
29.85714404235874	2.928375773763114	0.0	0.0	
29.985624307959363	4.38999122953316	0.0	0.0	
29.76876317368309	4.8448746095521695	0.0	0.0	
30.213029783396788	6.2408152355838125	0.0	0.0	
29.64560475621007	6.848958956354261	0.0	0.0	
30.444089076656958	8.013001893607097	0.0	0.0	
29.540723920280907	8.997676641040949	0.0	0.0	
30.36837373504629	9.502785953307216	0.0	0.0	
29.753062730654598	11.11556597611369	0.0	0.0	
30.04369448345791	11.563214422391033	0.0	0.0	
30.33903771979352	13.173915762739199	0.0	0.0	
30.444483541214794	13.884709996966718	0.0	0.0	
30.33788259665865	14.868799958505283	0.0	0.0	
29.57224598002785	16.38129526031522	0.0	0.0	
30.038786220378466	16.809033753828782	0.0	0.0	
29.78250075675549	18.483703566696235	0.0	0.0	
30.452086820262256	18.980637724537235	0.0	0.0	
30.30162330771792	20.043424068797016	0.0	0.0	
29.70420202462806	20.75744039672654	0.0	0.0	
29.774360295248165	21.926632806355787	0.0	0.0	
30.3838788864214	23.49965460009772	0.0	0.0	
30.12273204499285	24.333919295969107	0.0	0.0	
29.980277467656123	24.521086755202326	0.0	0.0	
29.618019251376676	26.224175024072355	0.0	0.0	
30.499642702006167	27.144777965455223	0.0	0.0	
29.578211879972798	27.61584054715174	0.0	0.0	
30.143844394500505	28.745827800773633	0.0	0.0	
29.858394985636064	30.008373105825278	0.0	0.0	
29.857946413815277	31.282867154916342	0.0	0.0	
30.509539238985695	0.28408996685660204	0.0	0.0	
31.359928518120395	1.116835312007301	0.0	0.0	
31.017967691218367	1.64676085010855	0.0	0.0	
30.84855162303594	3.381689736300274	0.0	0.0	
31.202126004963272	4.474786778579651	0.0	0.0	
31.308455749776126	4.548803964098121	0.0	0.0	
30.653277996664873	6.200567663567959	0.0	0.0	
30.780338733491735	7.424460875201664	0.0	0.0	
30.820798341879936	8.344492004755939	0.0	0.0	
30.988602079684554	9.228291738666801	0.0	0.0	
31.416097850872895	9.57685171737546	0.0	0.0	
31.470142868940524	10.503265163907082	0.0	0.0	
30.693458408126762	12.469806243198587	0.0	0.0	
31.1843336776186	12.751486628011943	0.0	0.0	
31.15116218345504	14.237000349191986	0.0	0.0	
31.331559516812007	14.969132724812969	0.0	0.0	
30.539264895238063	15.562828345379865	0.0	0.0	
30.675718998898798	16.696816913446593	0.0	0.0	
31.38695335993046	18.194246726823952	0.0	0.0	
31.04201982244335	18.611745249241597	0.0	0.0	
30.56507629809856	19.635594347279486	0.0	0.0	
31.13904556614404	21.318065064986655	0.0	0.0	
30.828327227177603	21.61080079277619	0.0	0.0	
30.88424982804939	22.544519736262405	0.0	0.0	
30.986434055432845	23.79692935893017	0.0	0.0	
30.952062057716425	24.599079322719337	0.0	0.0	
31.384006312406015	26.153880578257105	0.0	0.0	
30.87465321294737	27.16113848958036	0.0	0.0	
31.252723444323884	27.90972268842302	0.0	0.0	
30.857870265614235	29.497422552904556	0.0	0.0	
30.992407892675505	30.183133701677228	0.0	0.0	
30.769879805769637	31.07182457889964	0.0	0.0	
