2
32.0	0.0	0.0	0.0	
0.0	32.0	0.0	0.0	
0.051159332894519904	0.019613069338778155	0.0	0.0	
0.14600055317453153	1.4655411891156982	0.0	0.0	
0.2346109061880609	2.4845337167249726	0.0	0.0	
0.0936787304975677	2.836738265115671	0.0	0.0	
0.43296281606541365	3.868117514135641	0.0	0.0	
0.012316499692372807	4.566299317198402	0.0	0.0	
0.38186381495930977	5.51273356749107	0.0	0.0	
0.31279907505018356	7.385045876616721	0.0	0.0	
0.2576333469451877	8.106119518052106	0.0	0.0	
0.24533398345402202	9.18360965448726	0.0	0.0	
0.07078414833755386	10.113976670021614	0.0	0.0	
0.40561171611354807	11.468919316106913	0.0	0.0	
0.19234766744918586	11.639173430697118	0.0	0.0	
0.49453411724141527	13.381004527296357	0.0	0.0	
0.250513597546997	13.705706568963537	0.0	0.0	
0.17602513984382528	15.441378363221885	0.0	0.0	
0.20869166856490873	15.621040499180719	0.0	0.0	
0.08187074776418202	16.78056400101742	0.0	0.0	
0.3185656053839875	17.921834169132623	0.0	0.0	
0.2535038375934795	18.755038943022797	0.0	0.0	
0.4477902257396107	19.975509030673113	0.0	0.0	
0.25057387940595	20.743545360742072	0.0	0.0	
0.33003952885260424	22.394367255816956	0.0	0.0	
0.2534019702901483	22.8620325005052	0.0	0.0	
0.08436003289230365	23.50752735565787	0.0	0.0	
0.2614336058866077	24.98660152967838	0.0	0.0	
0.40180273825491886	25.92292348746252	0.0	0.0	
0.16592390166912208	26.682260378749138	0.0	0.0	
0.437407622355924	28.16462473809139	0.0	0.0	
0.1569650199440098	29.077836115399187	0.0	0.0	
0.43940856302300213	29.770383852145315	0.0	0.0	
0.1481985205267803	31.227342235696963	0.0	0.0	
1.04259060246442	0.05949848475748121	0.0	0.0	
0.7978555798517823	1.4314783552039207	0.0	0.0	
0.6358786063736741	2.014652167064504	0.0	0.0	
1.4722418649757625	3.42895367385455	0.0	0.0	
0.940827311369878	3.9002635556573937	0.0	0.0	
1.3482190772942841	4.613855876939204	0.0	0.0	
0.9324559727281523	6.227116045347566	0.0	0.0	
0.5996305247733305	6.525281245009124	0.0	0.0	
1.4838387760129057	8.45628071326542	0.0	0.0	
0.589394663251524	9.38517372382181	0.0	0.0	
0.813416339646244	9.832748384154732	0.0	0.0	
1.0361141030103402	11.153384341752258	0.0	0.0	
0.5365456298362513	11.580466151761042	0.0	0.0	
1.411660086519233	12.632838740587768	0.0	0.0	
0.6513100641173366	13.937166498604045	0.0	0.0	
1.2510041093587445	15.00165432741336	0.0	0.0	
1.0793805062904662	15.894404694411499	0.0	0.0	
1.4517711120799626	17.203286950236787	0.0	0.0	
0.6793746052484683	18.41014680178878	0.0	0.0	
1.0917096940541535	18.64113576103263	0.0	0.0	
0.5371722114522322	19.83408814883788	0.0	0.0	
1.0990059559744183	21.22539614115301	0.0	0.0	
0.6812290257673613	22.490215172102545	0.0	0.0	
0.8851720443606648	23.39724348302862	0.0	0.0	
0.6047064202742868	24.006789107865217	0.0	0.0	
0.6000324074053731	24.87546051378794	0.0	0.0	
0.6403903047315742	25.634083446431227	0.0	0.0	
0.5034596957619051	27.30584296520169	0.0	0.0	
0.7053738897586628	27.66750385015161	0.0	0.0	
1.299053440327984	28.929685738107136	0.0	0.0	
1.3391420564499645	30.427832410008882	0.0	0.0	
1.3174611427043443	30.893361522369876	0.0	0.0	
1.989400902914858	0.11052243351937285	0.0	0.0	
1.5003131889674994	1.327364691870961	0.0	0.0	
2.1210599085517394	1.552941605673114	0.0	0.0	
2.1978722848561913	2.5071907174827204	0.0	0.0	
2.003130030286115	3.6567887359190125	0.0	0.0	
2.4363043081936286	5.373933848003208	0.0	0.0	
1.7199664823565806	5.596090711721544	0.0	0.0	
2.002324198351378	6.647054509240511	0.0	0.0	
2.094159276005836	8.455146933776442	0.0	0.0	
1.810553274495847	9.478338803566343	0.0	0.0	
2.0575545132619784	10.368456890040083	0.0	0.0	
1.72882093963595	10.829267681436587	0.0	0.0	
1.8809337705371196	12.31768671493722	0.0	0.0	
1.8404456779044007	12.903226872568471	0.0	0.0	
1.87927447717964	13.505447067875114	0.0	0.0	
1.5762236012872894	14.75978159917054	0.0	0.0	
2.044363999469194	15.638847194606035	0.0	0.0	
1.756306994232233	16.85943166712088	0.0	0.0	
1.6179271526100494	17.683191458087297	0.0	0.0	
2.373409260118359	19.24637579138673	0.0	0.0	
1.7464482553618645	20.180678303751762	0.0	0.0	
2.3679210545864073	21.18755252981924	0.0	0.0	
2.0925732128806382	22.231852918319532	0.0	0.0	
1.5907736980419007	23.371272568042283	0.0	0.0	
2.1387520734149255	24.389574071576256	0.0	0.0	
1.7866518361064831	25.203115128591183	0.0	0.0	
2.2480261671755777	26.493978386054	0.0	0.0	
2.2464982315254223	26.82475044351153	0.0	0.0	
1.5326840731760787	27.51624013948531	0.0	0.0	
1.99930111998671	28.64961612313965	0.0	0.0	
2.4900883435941843	29.8229535581531	0.0	0.0	
1.9436386678362274	30.906639180845787	0.0	0.0	
3.224393232781756	0.2490844518100932	0.0	0.0	
2.55529687395553	1.0009055503499416	0.0	0.0	
3.3684950398613633	2.3441771470332426	0.0	0.0	
3.194992560261702	2.52154464758019	0.0	0.0	
3.3770527886391695	4.073286620257513	0.0	0.0	
3.4901798126082797	5.1284860217708985	0.0	0.0	
3.4464085215063944	5.84437323292531	0.0	0.0	
3.391196724366774	7.440465481694094	0.0	0.0	
3.485106729037276	7.655792632401514	0.0	0.0	
3.2331840577734416	8.815453927964656	0.0	0.0	
2.5859731227593774	10.092306046224172	0.0	0.0	
3.052375862705719	11.301049155190933	0.0	0.0	
3.0903028355613404	12.096605940828452	0.0	0.0	
3.1723384205752327	13.096802967037949	0.0	0.0	
2.535080726333355	14.246766195218255	0.0	0.0	
3.001330602375611	15.209909430549086	0.0	0.0	
2.880501130984282	16.082223149699207	0.0	0.0	
3.385864194811189	16.64631754277625	0.0	0.0	
3.3543803320044936	18.482924720858257	0.0	0.0	
2.8877540550573917	18.539967352734955	0.0	0.0	
3.3739883585868764	20.15198482394333	0.0	0.0	
3.3802294025047956	21.459252804594694	0.0	0.0	
2.8413923609064557	22.082311226921693	0.0	0.0	
2.9877080549341564	22.96293242753489	0.0	0.0	
2.6159661230952374	24.490270556838404	0.0	0.0	
3.4324202623311697	25.204807082493147	0.0	0.0	
2.6240102799149714	26.359541612964694	0.0	0.0	
3.2956211011877192	27.275048214136294	0.0	0.0	
3.1284523322822855	27.843430826317192	0.0	0.0	
3.4075306881795253	28.912282173750942	0.0	0.0	
2.8926482900995687	29.602033384766504	0.0	0.0	
3.2178677082997673	30.848279095101574	0.0	0.0	
3.8906461275371456	0.18244893922431682	0.0	0.0	
3.7418184714169613	0.5849363868091482	0.0	0.0	
4.089668347270798	2.2322265781878707	0.0	0.0	
4.266154846563966	2.532360183888398	0.0	0.0	
3.5747963701702927	3.6876373464101837	0.0	0.0	
3.765430179360485	5.136163617250693	0.0	0.0	
3.6220603200659154	6.38437442427683	0.0	0.0	
3.661892259652324	6.96594242336761	0.0	0.0	
3.5819547230417816	8.212713470772082	0.0	0.0	
4.217722653212702	8.836866663908356	0.0	0.0	
4.055334702611312	10.163364330912959	0.0	0.0	
4.224655186176729	10.597413840705308	0.0	0.0	
4.1301418535446	12.146392735398855	0.0	0.0	
3.9091813158693367	12.521789592026847	0.0	0.0	
3.7248591056704803	14.173879789007342	0.0	0.0	
4.482110587429152	14.67104397394096	0.0	0.0	
3.6579266145675726	16.414868187594724	0.0	0.0	
4.427785702901702	16.830101983096032	0.0	0.0	
4.023717131460646	17.855173262144426	0.0	0.0	
3.7102245478312397	18.906105095182077	0.0	0.0	
4.0591287118901604	19.65322227696358	0.0	0.0	
3.7312354546280955	21.49041314681147	0.0	0.0	
4.29284893509371	21.87820397936999	0.0	0.0	
4.451774575762901	22.823005328343204	0.0	0.0	
3.6727879111831765	24.23305785478661	0.0	0.0	
4.431781382064113	25.076402231608885	0.0	0.0	
4.0621061462861645	26.45556103811308	0.0	0.0	
3.6681056299931982	27.07815892349382	0.0	0.0	
4.225780042593431	28.181723678135786	0.0	0.0	
3.782681429329636	28.725506542930137	0.0	0.0	
3.995860784962388	29.675116362038555	0.0	0.0	
4.2062666730483205	31.465084341150334	0.0	0.0	
5.479498090791029	0.354383730974684	0.0	0.0	
4.668403915137325	1.4009242316409796	0.0	0.0	
4.736091949834908	2.0393966755252655	0.0	0.0	
4.992631665036825	2.903929455949455	0.0	0.0	
5.219262580220627	4.209541845639345	0.0	0.0	
5.199476304463273	5.443144880058989	0.0	0.0	
5.112386256957388	5.5432873294165415	0.0	0.0	
4.568694242239944	6.508284020133813	0.0	0.0	
5.3514195455742275	8.276870869000467	0.0	0.0	
4.602084068871387	9.260498629368026	0.0	0.0	
5.022093218752692	9.952664530173418	0.0	0.0	
4.8956439060203945	10.602499125526423	0.0	0.0	
4.8393369425968435	12.153437600051936	0.0	0.0	
5.335690857391752	13.426635375693857	0.0	0.0	
5.04392796011155	13.78199909957216	0.0	0.0	
5.173009516291569	15.319003076566352	0.0	0.0	
4.511281444294059	16.296886628183767	0.0	0.0	
5.250072927960241	16.688409782352537	0.0	0.0	
5.282788922846837	18.055041044712524	0.0	0.0	
5.402550507578001	19.110387184999567	0.0	0.0	
5.361934991126512	19.632200852855224	0.0	0.0	
4.9101090986278315	21.38303951642302	0.0	0.0	
5.388891551939822	22.134332101987766	0.0	0.0	
5.179827086325687	22.697667433092583	0.0	0.0	
5.237494091729931	23.82049216820293	0.0	0.0	
4.6975366860190055	25.059291576299586	0.0	0.0	
5.056171941071717	25.53722018330778	0.0	0.0	
5.220883904051778	26.792656019629653	0.0	0.0	
4.5400633155811825	27.941415924631443	0.0	0.0	
5.372576719564072	29.45474542950618	0.0	0.0	
4.710524249595065	30.136833903658573	0.0	0.0	
5.294030995666377	30.90667951747337	0.0	0.0	
5.9050396303545725	0.11783370713256247	0.0	0.0	
6.176548568188448	1.1617517414294813	0.0	0.0	
6.310017286658969	2.3143206539860968	0.0	0.0	
5.706366116065279	3.317511019413474	0.0	0.0	
6.188564043220115	3.8947871701997494	0.0	0.0	
6.049776597788619	4.975798209894184	0.0	0.0	
6.453467196327836	6.2957545214665105	0.0	0.0	
5.672911126669333	6.6742725845362525	0.0	0.0	
5.540661896515222	8.394485816771585	0.0	0.0	
5.725094026885004	9.153210374158506	0.0	0.0	
6.271578549558866	10.029577908542898	0.0	0.0	
6.204105962185508	11.475739742247201	0.0	0.0	
5.607019687290848	12.212584097068293	0.0	0.0	
5.929092424225829	13.123896984289354	0.0	0.0	
6.161734386307412	14.228817050336833	0.0	0.0	
5.746214205962554	15.399626378172872	0.0	0.0	
5.5558560538226045	15.559134866091108	0.0	0.0	
5.961386906622928	17.08318907358514	0.0	0.0	
6.415851946248525	18.33784513693778	0.0	0.0	
6.149339026873862	19.16577448982581	0.0	0.0	
5.904278757137295	19.887090637137483	0.0	0.0	
5.629783551601763	20.717307315171375	0.0	0.0	
5.918022818080132	22.014720079674913	0.0	0.0	
5.824851307899887	22.82131284348067	0.0	0.0	
5.97113783907547	23.99154116307073	0.0	0.0	
5.769674567280014	25.066051444982744	0.0	0.0	
5.873894894855113	26.11484946822849	0.0	0.0	
5.52902079687321	27.469476643507615	0.0	0.0	
5.8505111723763825	27.78821882825389	0.0	0.0	
6.325295434665153	29.464924812389366	0.0	0.0	
6.282447524207842	30.140600025292706	0.0	0.0	
5.7980530636035	30.64070067484615	0.0	0.0	
6.696092030457568	0.4369713188970886	0.0	0.0	
7.302311531776435	0.6025443581886942	0.0	0.0	
6.826748894550928	1.6919488019284774	0.0	0.0	
6.9882501274671185	3.183936552001282	0.0	0.0	
7.172859761959149	4.363633135441338	0.0	0.0	
6.953946440489962	5.367918244767161	0.0	0.0	
7.434945516493457	6.388689594642056	0.0	0.0	
7.123290606380427	7.455845244691233	0.0	0.0	
7.483123826906756	8.238389034628268	0.0	0.0	
6.724359541471317	8.930763339367823	0.0	0.0	
6.577840247026531	9.912583600502447	0.0	0.0	
6.979248797635527	10.892256213694843	0.0	0.0	
6.687613419256681	11.9931723802465	0.0	0.0	
7.3169371221765	12.565521796307145	0.0	0.0	
7.3585880421472165	14.272874594200255	0.0	0.0	
7.072929325134332	14.585999875854636	0.0	0.0	
7.382833227088388	15.658072734708785	0.0	0.0	
6.999590995140686	17.43571143448171	0.0	0.0	
7.407286811141284	18.401146479722925	0.0	0.0	
6.990258176740192	18.83187079723005	0.0	0.0	
6.89570496183308	20.152695633173856	0.0	0.0	
7.353033608221028	20.935738003106827	0.0	0.0	
6.698055906657272	21.866978024044773	0.0	0.0	
6.600262984926861	22.74474821598325	0.0	0.0	
6.668196889946406	23.76035923632514	0.0	0.0	
7.4718028616127565	25.32970141990922	0.0	0.0	
6.56842827160999	25.69693548472106	0.0	0.0	
7.372095416840033	27.2345113225739	0.0	0.0	
7.129875701038335	28.4392474270059	0.0	0.0	
7.2586556678616825	28.765946759964034	0.0	0.0	
6.515876454960675	29.998101969780663	0.0	0.0	
6.9766953874948845	30.765424124231057	0.0	0.0	
7.6809369969315355	0.23291274493208047	0.0	0.0	
8.146570591459339	0.5483689129008636	0.0	0.0	
8.224340164175413	1.703330933982185	0.0	0.0	
7.5890794553220795	3.1276994138236143	0.0	0.0	
8.128282739423444	4.279245839410331	0.0	0.0	
7.987209888933898	5.204028101943873	0.0	0.0	
8.377247393299026	5.933553897030933	0.0	0.0	
8.174526744282925	7.305450016542444	0.0	0.0	
8.367128679350966	7.515894334979764	0.0	0.0	
8.128911257972241	8.980178771570674	0.0	0.0	
7.629688719478386	10.264928516172365	0.0	0.0	
7.509007017569336	11.12408343351251	0.0	0.0	
7.80102653955582	12.278418852771342	0.0	0.0	
7.5252031362226655	13.41524829503605	0.0	0.0	
7.645693405042836	14.112857825771611	0.0	0.0	
8.107954777016488	14.99158814977869	0.0	0.0	
7.682557042371265	16.425853716557093	0.0	0.0	
7.6185153847264395	17.327835067802194	0.0	0.0	
7.61251790864965	18.478745681264925	0.0	0.0	
8.395049162592427	18.653232802998264	0.0	0.0	
7.6642716502530375	20.24026175168549	0.0	0.0	
7.571647303550451	20.878362554997217	0.0	0.0	
8.011506760687457	21.768648402329987	0.0	0.0	
8.295739138355117	22.683197412495925	0.0	0.0	
8.039904862846615	23.787346072843636	0.0	0.0	
7.6546695876999795	25.261539358421388	0.0	0.0	
8.35690974389022	25.696927741768718	0.0	0.0	
7.922382261906636	27.281547216886445	0.0	0.0	
7.931074049690324	27.6320838763901	0.0	0.0	
8.199983139452288	29.01583146269178	0.0	0.0	
7.858225227550532	30.094372363716175	0.0	0.0	
7.928114322083713	30.801048859858142	0.0	0.0	
9.31941694284321	0.023032782191167445	0.0	0.0	
9.270775147975073	1.0176516784069465	0.0	0.0	
9.468976244824775	2.1963168222261213	0.0	0.0	
9.211215956652564	3.467873281631803	0.0	0.0	
8.555850537116699	3.957359765313749	0.0	0.0	
9.398187820767866	4.731107190340751	0.0	0.0	
8.937399028184474	6.300070427902364	0.0	0.0	
8.848146129396406	7.338475419667883	0.0	0.0	
8.66378890722225	8.260023611189695	0.0	0.0	
8.977961857383896	8.954379694524471	0.0	0.0	
9.312363546928744	9.641846140923203	0.0	0.0	
9.234453019028038	11.489847086375397	0.0	0.0	
8.78063767369856	11.741554105751362	0.0	0.0	
8.663559329550074	13.188141460430462	0.0	0.0	
8.670776412946918	14.274690245536807	0.0	0.0	
9.278452099421163	15.477884309797039	0.0	0.0	
8.761483362232857	16.055137744048398	0.0	0.0	
8.938245985834307	16.613636867089514	0.0	0.0	
9.35046579821938	18.492633807169042	0.0	0.0	
8.714735365133205	18.654235277395944	0.0	0.0	
8.90412027372708	19.632047274614912	0.0	0.0	
9.20789906011905	21.454265308238387	0.0	0.0	
8.971997019748205	22.220733041774235	0.0	0.0	
8.906551456336661	22.62214246832355	0.0	0.0	
8.969253809258774	24.247764355431126	0.0	0.0	
9.42354493406732	25.05459588663983	0.0	0.0	
9.387898645677204	25.501149929408268	0.0	0.0	
9.354095610688319	27.435995238931056	0.0	0.0	
8.833273954463888	28.067924542102816	0.0	0.0	
9.330923967936158	28.904127792674398	0.0	0.0	
9.39800753357916	30.322277479560498	0.0	0.0	
9.49469186092499	31.28367686314258	0.0	0.0	
10.245459869973857	0.4924983163934876	0.0	0.0	
9.655199029266672	1.362378271910143	0.0	0.0	
9.886227921622726	2.1484535858051363	0.0	0.0	
9.531166865175264	2.8952012955454274	0.0	0.0	
10.101965147107165	3.7686061659468617	0.0	0.0	
10.389038916860613	5.084850670259135	0.0	0.0	
9.967949961465553	5.779098262284109	0.0	0.0	
9.915610200926345	7.247861555896476	0.0	0.0	
10.481743615331832	7.9675100680227064	0.0	0.0	
10.287856032279787	8.543274102803297	0.0	0.0	
10.400726783623094	9.933973227660834	0.0	0.0	
9.99020506199775	10.70794742803856	0.0	0.0	
10.010936130595278	12.0721291722604	0.0	0.0	
9.85429556727063	13.450815401052996	0.0	0.0	
10.077833132772177	13.83274885719135	0.0	0.0	
10.059830559978657	15.437293525274336	0.0	0.0	
10.022755433206271	15.888383560457745	0.0	0.0	
10.272753265305369	17.4684146666285	0.0	0.0	
10.419052050992507	17.623784830721686	0.0	0.0	
9.941616015139108	18.87158551725987	0.0	0.0	
9.835306563749754	20.413460830079515	0.0	0.0	
10.310939540546416	20.607688230093792	0.0	0.0	
10.210113436030118	22.021215599034406	0.0	0.0	
9.635399891660363	22.75412183112437	0.0	0.0	
10.151264762386267	24.126807818859177	0.0	0.0	
10.270562403088553	24.878083188942636	0.0	0.0	
9.992850325991563	25.910579900651037	0.0	0.0	
10.323834245787808	26.99227951357971	0.0	0.0	
9.71613960826023	28.046288155012896	0.0	0.0	
9.68297223704524	29.16957625866273	0.0	0.0	
10.30986658717176	30.206563809755238	0.0	0.0	
9.754003869742832	31.375054166800016	0.0	0.0	
10.641338819038566	0.3926447919140531	0.0	0.0	
11.321164354087331	1.3219798519061752	0.0	0.0	
11.380033808492026	1.6860713389007498	0.0	0.0	
11.449772549863818	2.7403797784926356	0.0	0.0	
11.129356573822497	4.265760139451758	0.0	0.0	
11.393198300349102	5.2335294381166495	0.0	0.0	
11.315071370412916	6.086265898235389	0.0	0.0	
10.913095018977858	6.830498717613596	0.0	0.0	
10.662631770389272	8.25006484075396	0.0	0.0	
11.388852307107657	9.048196732951778	0.0	0.0	
10.910754532148433	10.019798437041631	0.0	0.0	
11.156135769429001	11.469237340934486	0.0	0.0	
11.27651722566523	11.674320457269822	0.0	0.0	
11.036041743340917	13.41356792197835	0.0	0.0	
11.026926917348336	13.530461046589433	0.0	0.0	
10.678564146868805	14.84271522136942	0.0	0.0	
11.487942531689786	16.168658065349334	0.0	0.0	
10.514698371327109	16.641517947272316	0.0	0.0	
10.898538289370535	17.66104002368977	0.0	0.0	
11.311098819140357	18.712965159953292	0.0	0.0	
10.641492294811789	19.54617354611565	0.0	0.0	
11.359348635406224	21.185710284186886	0.0	0.0	
10.666412709495926	22.25355117817654	0.0	0.0	
11.377498526278744	22.6644234309506	0.0	0.0	
10.967674685398924	23.976680995215055	0.0	0.0	
11.318057521085665	24.54716364015057	0.0	0.0	
10.603654742465547	26.23291996735679	0.0	0.0	
10.754865836577968	27.413176834396268	0.0	0.0	
11.446862266352896	27.622782767549044	0.0	0.0	
10.954061284637959	29.331036944858965	0.0	0.0	
11.021715691826106	29.588178788126957	0.0	0.0	
10.553517710973637	30.633485494612927	0.0	0.0	
11.796704201029044	0.04221613217285769	0.0	0.0	
12.290666032706381	1.2539453825301985	0.0	0.0	
11.628667151154117	1.5612756896325835	0.0	0.0	
11.626994329040425	2.855312509854121	0.0	0.0	
12.281108688386563	3.744881290778113	0.0	0.0	
12.318383917634216	4.7158233143499455	0.0	0.0	
12.298384874825828	6.054276599177598	0.0	0.0	
11.54842159205675	6.888472342199344	0.0	0.0	
11.752279328157083	7.9179149833888625	0.0	0.0	
12.06030010858393	9.15189564549809	0.0	0.0	
11.629503549273178	9.964223532085862	0.0	0.0	
12.419356876361123	11.406779961582323	0.0	0.0	
12.203862277333238	11.560092620989336	0.0	0.0	
12.41758973637226	13.360767404640955	0.0	0.0	
12.258360791712303	14.242831425353295	0.0	0.0	
11.519681049497239	14.962656784643654	0.0	0.0	
11.507556887991615	15.941435435997496	0.0	0.0	
11.949970439251679	17.292177650645577	0.0	0.0	
11.924034300706003	18.2459853278163	0.0	0.0	
11.549137242936682	19.386196041894447	0.0	0.0	
12.401405932731763	19.889820189931584	0.0	0.0	
11.581851168066327	21.179539222912968	0.0	0.0	
12.147231334870087	22.304350438809216	0.0	0.0	
11.649512123246957	23.02471921048899	0.0	0.0	
12.168999173554418	23.56486366911956	0.0	0.0	
12.116043335676906	25.290275892128832	0.0	0.0	
12.384190238165296	26.194802868597883	0.0	0.0	
12.060602985822774	27.465758578905067	0.0	0.0	
11.94415251605698	27.8080746021701	0.0	0.0	
12.31695951252822	28.93145636718178	0.0	0.0	
12.128504160747719	29.524201103015614	0.0	0.0	
12.405178764866017	31.169514018807455	0.0	0.0	
12.779468188923948	0.3264394154284723	0.0	0.0	
12.705286390765908	0.7640589692554318	0.0	0.0	
12.884002621732412	2.1837180358831594	0.0	0.0	
13.232399418074348	3.1003791198851864	0.0	0.0	
12.648590738014178	3.513350335670135	0.0	0.0	
12.890596837436878	5.036279233567038	0.0	0.0	
12.79011993862987	6.028253022708387	0.0	0.0	
13.452580365574242	7.233514068386024	0.0	0.0	
13.49912058609889	8.100651641603182	0.0	0.0	
13.399915131303802	8.820173951480395	0.0	0.0	
13.07055393783357	10.362202441748433	0.0	0.0	
12.675596224494504	10.753484202227627	0.0	0.0	
12.949585073280065	11.811371928369455	0.0	0.0	
13.350171964204248	13.494656902408645	0.0	0.0	
13.197873500994124	14.059939466545625	0.0	0.0	
13.42372399765584	15.120520612459774	0.0	0.0	
12.884204647136992	16.460680409717504	0.0	0.0	
13.191849641498614	16.905926872400595	0.0	0.0	
13.150465543597806	18.03671392813813	0.0	0.0	
12.898828276414152	19.393770411724798	0.0	0.0	
13.384916244982103	19.72504638781894	0.0	0.0	
12.731550962189473	21.384729346203702	0.0	0.0	
13.238160124405196	21.676565659679014	0.0	0.0	
13.068317084837105	23.494662579180204	0.0	0.0	
13.469618565728833	23.706250035729028	0.0	0.0	
12.529344690125484	25.10047144842118	0.0	0.0	
13.311253854141427	25.84292440995606	0.0	0.0	
12.962949986009317	26.948628284705215	0.0	0.0	
13.387144532322097	27.667320793841288	0.0	0.0	
12.859264194915966	28.64720579272508	0.0	0.0	
12.97063781894664	30.378212782915874	0.0	0.0	
12.822114261197008	31.44790155042575	0.0	0.0	
14.172374719810035	0.02050594932287264	0.0	0.0	
14.403866174323412	0.6241971779467967	0.0	0.0	
13.756111274904631	1.962925736582881	0.0	0.0	
14.002674780224737	2.982870225678952	0.0	0.0	
13.583975350445037	4.279160228814799	0.0	0.0	
13.707883996870407	4.686346139885363	0.0	0.0	
14.18709661692814	6.064447285004924	0.0	0.0	
14.41070037697196	6.936670977494893	0.0	0.0	
14.317238966928961	8.037676006155538	0.0	0.0	
13.64179617244926	8.840755295748934	0.0	0.0	
14.105117827193594	10.456386674071162	0.0	0.0	
13.515410010064977	11.438832994305487	0.0	0.0	
13.749247277926045	12.149273259212068	0.0	0.0	
14.266259244548868	12.69228959253601	0.0	0.0	
14.49222766519088	13.550491908811665	0.0	0.0	
14.252301858887286	14.973365740990685	0.0	0.0	
14.206912153828432	15.578948772086859	0.0	0.0	
14.290954943827767	17.361781277900917	0.0	0.0	
13.660172518168132	18.37961393198451	0.0	0.0	
14.202228669313467	19.328399791459233	0.0	0.0	
13.597074310022549	19.709068376613317	0.0	0.0	
13.949416212605625	21.13739763840496	0.0	0.0	
13.812957538144186	21.60998072661373	0.0	0.0	
13.790924911092013	23.164151446445835	0.0	0.0	
14.417136664495434	23.816512454153905	0.0	0.0	
14.43403784188343	25.05939675622383	0.0	0.0	
14.29389353823002	26.48399872757481	0.0	0.0	
13.656380744675136	26.954746901782485	0.0	0.0	
14.29680197385108	27.88250885901148	0.0	0.0	
14.203499090517294	28.993899556422594	0.0	0.0	
13.649187893578096	29.79148291050578	0.0	0.0	
13.507068668873604	30.86561883111201	0.0	0.0	
15.33703868487876	0.40008327833653323	0.0	0.0	
14.997608144728769	1.2453113885401093	0.0	0.0	
14.749365072609358	2.2222496382692567	0.0	0.0	
15.444300388382748	3.0593416039971695	0.0	0.0	
14.760541771588834	4.276753821796506	0.0	0.0	
15.087324148290035	5.2079018453654475	0.0	0.0	
14.515352077464044	5.717135701746593	0.0	0.0	
15.075511769410504	6.562432900723039	0.0	0.0	
15.35047274671342	8.139165690503333	0.0	0.0	
14.696744081182233	9.456960676346188	0.0	0.0	
15.159879974568355	9.535681722694134	0.0	0.0	
14.671375205690794	11.3526805611552	0.0	0.0	
14.859626714144904	12.388213789444071	0.0	0.0	
14.882369524654242	13.18187768972856	0.0	0.0	
15.059545655949506	14.227313446421855	0.0	0.0	
14.659438354831787	14.772348358267097	0.0	0.0	
15.272330618071784	16.077012694449188	0.0	0.0	
14.542367978591605	17.08275038117969	0.0	0.0	
14.781768935619981	18.32577105291911	0.0	0.0	
14.988232451802098	19.381794892260213	0.0	0.0	
14.763271271343275	19.638724533430604	0.0	0.0	
15.391894911486572	21.016641181051376	0.0	0.0	
15.213836766624	22.443400221442115	0.0	0.0	
15.059273400446774	23.47701745739914	0.0	0.0	
15.369528932360298	23.52062753512595	0.0	0.0	
15.428645991034706	24.928805638646605	0.0	0.0	
14.535444418858324	26.26971839774828	0.0	0.0	
14.788459949697838	27.466737819019833	0.0	0.0	
14.664362739971349	27.848999073505418	0.0	0.0	
14.936496589296786	29.17026295430486	0.0	0.0	
14.884164073020052	29.597048559751652	0.0	0.0	
15.223321145146603	30.73416017269007	0.0	0.0	
15.691406623617812	0.4689831018911822	0.0	0.0	
16.047205926330562	1.0929114163953357	0.0	0.0	
15.587611810757895	1.85382132768352	0.0	0.0	
16.211561644828123	3.0180338129696427	0.0	0.0	
15.636015996909222	4.13751949674875	0.0	0.0	
15.602182749464648	4.6567521764535	0.0	0.0	
15.553889123562696	5.756432074954864	0.0	0.0	
16.29455109023663	6.928847005474162	0.0	0.0	
15.697098476066158	7.637073239725963	0.0	0.0	
15.627810494755085	9.18546686490768	0.0	0.0	
15.64577785556828	10.228653191627046	0.0	0.0	
15.759337994598868	11.278373541232472	0.0	0.0	
15.913355976475223	12.449323853390096	0.0	0.0	
16.1800444953442	13.028529797219578	0.0	0.0	
16.45216668360242	13.881991744324477	0.0	0.0	
15.526532174048642	15.364497869891721	0.0	0.0	
16.22154646053123	15.984573160253243	0.0	0.0	
15.660829024119089	17.39653235547432	0.0	0.0	
16.139480273451202	17.93092517158316	0.0	0.0	
16.38686439324204	18.994444065219728	0.0	0.0	
15.713823564783933	20.36563707113825	0.0	0.0	
15.905572432636855	20.837498717589934	0.0	0.0	
15.954352294548528	22.005131490065448	0.0	0.0	
16.01045094668115	23.338937814633894	0.0	0.0	
16.37947991175206	23.882700878276534	0.0	0.0	
16.045463859876	25.05473628988888	0.0	0.0	
16.412844822086488	26.355959134070126	0.0	0.0	
15.690939306360901	26.697202537385902	0.0	0.0	
16.499383818867813	28.491868267187392	0.0	0.0	
16.1544281824922	28.73520160777412	0.0	0.0	
16.109058119100492	30.3371727014993	0.0	0.0	
16.103978977743516	30.615328851917393	0.0	0.0	
17.066221338381673	0.10418724803932444	0.0	0.0	
16.61493205400323	1.1277555107457613	0.0	0.0	
17.38612647898473	2.1009803804227447	0.0	0.0	
17.137058655580958	2.7805645406241877	0.0	0.0	
16.68755068975427	4.293641274314768	0.0	0.0	
17.092905676512487	5.431473167006285	0.0	0.0	
17.155999005379556	5.571143338325104	0.0	0.0	
17.017895964048094	6.684297903659487	0.0	0.0	
17.29744459514906	7.568535286430151	0.0	0.0	
16.54188742690894	8.964114943858089	0.0	0.0	
17.154712953249174	10.237059662602286	0.0	0.0	
17.012290543764788	11.264853554783254	0.0	0.0	
16.88358237586782	11.936981021421426	0.0	0.0	
16.902010043695576	13.289047569709838	0.0	0.0	
16.816559782653634	13.85338777472995	0.0	0.0	
16.959238663657445	14.922429065514105	0.0	0.0	
17.337756184028674	15.777882888981573	0.0	0.0	
17.237082455393	17.066174512711527	0.0	0.0	
16.636281738066007	17.978959178693206	0.0	0.0	
16.9788112639017	19.304494704369745	0.0	0.0	
16.850615195003112	19.897601708931393	0.0	0.0	
17.029457724782045	21.18879386721084	0.0	0.0	
16.60342504918347	22.023462749757453	0.0	0.0	
16.98384913815422	23.198817599780167	0.0	0.0	
17.038933721589895	23.687289487913183	0.0	0.0	
16.990376303826455	24.846927343198377	0.0	0.0	
17.470027569583852	25.630927767212178	0.0	0.0	
17.081062243934056	27.099580320489256	0.0	0.0	
17.36790400992834	27.554005657058088	0.0	0.0	
16.804057629971318	28.503612219084708	0.0	0.0	
16.957725179493533	29.94562575931054	0.0	0.0	
17.251273297469726	30.842076770696494	0.0	0.0	
17.63667547015607	0.2159196022682207	0.0	0.0	
18.306131937648612	1.4729461629774963	0.0	0.0	
17.77270723136983	1.7253492634759209	0.0	0.0	
17.866176002441616	3.1100714500136943	0.0	0.0	
18.059946345214755	4.315924640304676	0.0	0.0	
17.61898151911543	5.441679949091208	0.0	0.0	
18.49600909257386	5.688667800480975	0.0	0.0	
18.20943254693688	6.734831183111681	0.0	0.0	
18.233329506465815	8.132505464052683	0.0	0.0	
18.01054700537352	8.994315812065206	0.0	0.0	
18.082811052913616	9.640523474549195	0.0	0.0	
18.249624785955852	10.539780269641481	0.0	0.0	
17.914528302317887	11.706983416838115	0.0	0.0	
18.42336564367239	12.547158372112516	0.0	0.0	
17.884934995757586	13.775222932515797	0.0	0.0	
18.030095752836893	14.52579308768509	0.0	0.0	
18.178983325542312	15.912274183477159	0.0	0.0	
18.26780469869324	17.121878491194416	0.0	0.0	
18.05785641312151	18.334087752090735	0.0	0.0	
18.453928942235784	18.905056468299655	0.0	0.0	
18.051247847053936	19.782703842516362	0.0	0.0	
18.34193791964204	21.371601890996168	0.0	0.0	
17.800324426905682	21.754974300377647	0.0	0.0	
17.75968318104392	23.002543247838528	0.0	0.0	
17.637079518905274	23.51295065771846	0.0	0.0	
18.254022344175546	24.789272811558714	0.0	0.0	
18.384642714736675	25.759403704752117	0.0	0.0	
18.091310928838944	27.34029328324014	0.0	0.0	
17.81935931625131	27.60598842278467	0.0	0.0	
17.739559727364746	29.24171448874063	0.0	0.0	
17.99455706709146	30.270019964598372	0.0	0.0	
17.515123563537152	30.88277233965662	0.0	0.0	
19.124760033685522	0.3166716697450177	0.0	0.0	
18.512327054908212	1.39045702453741	0.0	0.0	
19.181476782280345	1.9708778204235768	0.0	0.0	
18.59766365380539	2.845367137261638	0.0	0.0	
19.02636589476062	4.336264156144918	0.0	0.0	
19.432938796878926	4.643499980932405	0.0	0.0	
18.776568739501737	6.146283489511277	0.0	0.0	
18.80199518370485	7.1986001401716155	0.0	0.0	
18.99266312918414	7.720109613770383	0.0	0.0	
19.082150282675865	8.89502040255433	0.0	0.0	
19.150680416565997	10.459946449938597	0.0	0.0	
18.54676486759463	10.551821341084798	0.0	0.0	
18.528123109198212	11.912757513794107	0.0	0.0	
18.78257196387308	13.111987672809967	0.0	0.0	
19.438400874092842	14.12078411438055	0.0	0.0	
19.105402708097454	14.812473845643657	0.0	0.0	
19.385223738182535	15.673216405763341	0.0	0.0	
19.435892792657825	17.48840227938281	0.0	0.0	
19.258614243573405	18.192531392816427	0.0	0.0	
18.762472852825965	18.826820285713133	0.0	0.0	
18.794334369607565	19.9267405621117	0.0	0.0	
19.45665282236617	21.220699009197542	0.0	0.0	
18.927808834550024	22.07334210410618	0.0	0.0	
18.946111943842666	22.578666540173806	0.0	0.0	
18.659229949526004	24.169784161503454	0.0	0.0	
19.17098809272393	25.4019088917711	0.0	0.0	
19.04490061107675	25.653317180450763	0.0	0.0	
19.27781520076534	27.13670470891851	0.0	0.0	
18.8585305317171	27.78019928750609	0.0	0.0	
18.95378785257533	28.612809425183787	0.0	0.0	
19.113647541807104	29.708799216973947	0.0	0.0	
19.260186585811844	30.800360097729854	0.0	0.0	
20.055232148157433	0.1257108022730865	0.0	0.0	
19.86342778320137	0.8396746019257818	0.0	0.0	
20.368945242920528	2.4140548368622103	0.0	0.0	
19.67354595668517	2.5232068899629287	0.0	0.0	
20.379466468495046	4.000051484240677	0.0	0.0	
20.116442882482563	4.719319171367748	0.0	0.0	
19.841877794618775	6.4123101154101	0.0	0.0	
19.699495058181384	6.711322699097392	0.0	0.0	
19.945033108612574	7.509372784910677	0.0	0.0	
19.6665770975977	8.851288988419775	0.0	0.0	
20.2552992268669	9.55108267701774	0.0	0.0	
19.60618650365886	10.710510221502085	0.0	0.0	
19.696489815170782	12.243414635342429	0.0	0.0	
20.36150307799266	12.969396497998336	0.0	0.0	
20.093724358138168	13.538186766112341	0.0	0.0	
20.267324337358893	15.494571108411211	0.0	0.0	
20.05692893251551	16.018565981379908	0.0	0.0	
19.71108873247253	17.324835461797793	0.0	0.0	
20.31305232204377	18.404695665437913	0.0	0.0	
19.748377614203765	18.766672450632885	0.0	0.0	
19.60091129759235	20.009800242287845	0.0	0.0	
20.190566170950856	20.883531464242253	0.0	0.0	
19.947805426421596	21.8719294638188	0.0	0.0	
20.30686775997162	22.922069594746667	0.0	0.0	
20.35813776752713	23.804242219212874	0.0	0.0	
19.61341821254363	24.991989851184464	0.0	0.0	
20.403712523037484	25.5567893783468	0.0	0.0	
19.525936905646496	27.32422483722875	0.0	0.0	
19.773822528224482	27.724670312596285	0.0	0.0	
19.793043726042523	28.551495313691778	0.0	0.0	
19.761914272032918	30.06476572098037	0.0	0.0	
19.835503356613657	30.941715704047535	0.0	0.0	
20.679539651761555	0.043914516843336915	0.0	0.0	
21.327141017288927	0.6925941423264435	0.0	0.0	
20.801267912692058	2.132199707244421	0.0	0.0	
20.51029650697022	3.4099236046347285	0.0	0.0	
20.576096329063596	4.105227743019905	0.0	0.0	
20.866875790100035	5.396765058896561	0.0	0.0	
21.390264368643532	5.619819069185899	0.0	0.0	
20.60365228062437	6.552912827030054	0.0	0.0	
21.16266536093379	7.9643607529132705	0.0	0.0	
21.410298870209374	9.046587092061921	0.0	0.0	
21.486525964724134	10.10059955857613	0.0	0.0	
20.911622326399506	11.382646488746317	0.0	0.0	
20.804124837914223	11.696945553634256	0.0	0.0	
20.8014605487415	12.659105243351359	0.0	0.0	
21.010437460726347	14.065718433609465	0.0	0.0	
20.880139482226124	14.594411048422831	0.0	0.0	
20.558547638260823	16.37316489216753	0.0	0.0	
21.25240361063442	17.469757118001144	0.0	0.0	
20.780595556843487	18.134515418111434	0.0	0.0	
21.096429497466378	18.89815176299862	0.0	0.0	
21.314979548266127	20.30184263311759	0.0	0.0	
21.14154463721174	21.34802607759089	0.0	0.0	
21.399118036128282	22.394149291913422	0.0	0.0	
20.903527957865382	22.955256666069083	0.0	0.0	
21.301936184763854	24.06873439216755	0.0	0.0	
20.56411550627092	24.99660975546995	0.0	0.0	
20.79477169856109	25.896167109530058	0.0	0.0	
21.15526405083725	26.86331729352558	0.0	0.0	
20.839935248067782	27.843519258240057	0.0	0.0	
20.674682841601413	29.377495681810753	0.0	0.0	
20.89138863249024	30.05682739117188	0.0	0.0	
21.279137077587354	31.42477797380324	0.0	0.0	
21.788434388964173	0.14048583973422923	0.0	0.0	
21.727959620186372	0.6833151484178193	0.0	0.0	
22.32721189947976	1.768978653166469	0.0	0.0	
21.85755788799997	3.3567725754881055	0.0	0.0	
22.085175915490513	3.8286180207131038	0.0	0.0	
21.78005314799205	5.086127029660535	0.0	0.0	
22.295148890911648	6.277027970225095	0.0	0.0	
21.590854889569115	6.577882307088948	0.0	0.0	
21.958455008602723	8.023002430987413	0.0	0.0	
22.25557993921567	9.26290779121923	0.0	0.0	
21.697866235927336	10.396180704120965	0.0	0.0	
21.956087492892067	11.305916597931908	0.0	0.0	
21.7005700441488	11.579270586566278	0.0	0.0	
21.536103548455774	13.090664636797841	0.0	0.0	
21.626849586011748	13.81276382276606	0.0	0.0	
22.114912987100475	15.388009121661968	0.0	0.0	
22.367468036168212	16.13949594105703	0.0	0.0	
21.677786605014916	17.46616822761304	0.0	0.0	
21.581114664829915	18.092324101562802	0.0	0.0	
22.204820297006915	18.640564830943998	0.0	0.0	
21.990845261857075	20.07156116783329	0.0	0.0	
22.088042906071877	21.101407545788906	0.0	0.0	
21.508725247548405	22.331342855813126	0.0	0.0	
21.50753307269947	23.48289538157789	0.0	0.0	
21.80189204615018	23.582724607122778	0.0	0.0	
22.149665334946167	24.6027157168423	0.0	0.0	
21.981651841996353	26.34528679132089	0.0	0.0	
22.332133746642157	26.86895758376374	0.0	0.0	
22.204534880246868	27.51300860862778	0.0	0.0	
21.770320955559765	28.883584214638617	0.0	0.0	
21.82317367002826	30.188942726205525	0.0	0.0	
21.5412742345902	31.452302127410114	0.0	0.0	
23.394003967908148	0.4204996743678856	0.0	0.0	
23.428563980989466	0.7999591410958465	0.0	0.0	
23.064502837390073	2.2398035883330394	0.0	0.0	
23.39352248859099	3.4453824271015585	0.0	0.0	
23.426661568718693	3.8653044220891646	0.0	0.0	
22.66364441263791	4.830430049610266	0.0	0.0	
22.800667898293625	5.898426721027707	0.0	0.0	
23.225424731367916	6.538539740247034	0.0	0.0	
23.070203666006837	7.828302704337423	0.0	0.0	
22.692192500484147	8.829229724276086	0.0	0.0	
22.885441338131155	9.523494621937012	0.0	0.0	
22.86686930292715	11.216700364464858	0.0	0.0	
22.550085333490788	12.192485903536427	0.0	0.0	
23.029005208419424	13.404511741906461	0.0	0.0	
22.607787606965406	14.249910322737854	0.0	0.0	
22.780777048437834	14.792618673510745	0.0	0.0	
23.082738786910937	16.04599885780767	0.0	0.0	
22.588316639991938	16.772714303775814	0.0	0.0	
22.55456668707814	17.98041735376731	0.0	0.0	
23.228997232119845	18.842237949758367	0.0	0.0	
23.41560082980156	20.43323645741808	0.0	0.0	
23.366578906570354	20.64530512736238	0.0	0.0	
23.293662765408833	21.738770897484503	0.0	0.0	
22.887431211401186	22.60227915420481	0.0	0.0	
23.46301480518698	24.29083269510217	0.0	0.0	
23.277593086962824	25.02984144311066	0.0	0.0	
23.22510470617844	25.81022755077994	0.0	0.0	
22.734650529975937	26.69711232446836	0.0	0.0	
22.61992332006112	27.721986901523046	0.0	0.0	
22.981561670108736	29.446119403072302	0.0	0.0	
23.37843440792981	30.02165665908353	0.0	0.0	
22.763681733753312	31.030268194062025	0.0	0.0	
23.517556576599187	0.04612656198069409	0.0	0.0	
24.308053909339822	0.5234696352477851	0.0	0.0	
24.233098292712526	2.4953639905484355	0.0	0.0	
23.5149581394651	3.27026477635972	0.0	0.0	
24.015274890946205	3.9759485361119347	0.0	0.0	
23.607922288501225	5.284756531917277	0.0	0.0	
23.683534789241648	5.54371873058966	0.0	0.0	
23.716565887534173	6.96511384812284	0.0	0.0	
24.33225654630156	7.901735158729918	0.0	0.0	
23.623663433709954	9.365588040174321	0.0	0.0	
24.26336203124652	9.749823062854368	0.0	0.0	
24.268707027095815	10.72521934361993	0.0	0.0	
23.75793532656792	11.954101493524899	0.0	0.0	
23.58193331207548	13.266561571188852	0.0	0.0	
24.142057487777496	14.005226679695632	0.0	0.0	
24.24733150888651	14.958344834754744	0.0	0.0	
24.086701438953362	16.136134463586735	0.0	0.0	
23.593912459706793	16.832038629748695	0.0	0.0	
24.329573975247076	17.81002563812145	0.0	0.0	
24.155737362077254	19.477394499441935	0.0	0.0	
23.89857779713724	19.575079450351122	0.0	0.0	
23.528800825206773	20.507817537283728	0.0	0.0	
24.480786577208573	21.90773464505819	0.0	0.0	
23.81879583088606	23.19501496957613	0.0	0.0	
24.228838253048746	24.144657768473905	0.0	0.0	
23.69984059849778	24.529805297577308	0.0	0.0	
24.016092417513967	25.7052462658947	0.0	0.0	
24.395984519020846	27.494179121306402	0.0	0.0	
24.470217786524984	28.189298573052753	0.0	0.0	
24.36897044846872	29.327729006477664	0.0	0.0	
24.235910950248346	29.91718536665291	0.0	0.0	
24.240629022044025	30.857736309013948	0.0	0.0	
25.3248629556908	0.2238963969650215	0.0	0.0	
24.660637615388005	1.4986708052673785	0.0	0.0	
24.518898818102056	2.183937399201705	0.0	0.0	
24.96381605825601	3.159708990922326	0.0	0.0	
25.279688954307403	4.287089116106521	0.0	0.0	
25.02663127991146	4.699325741621515	0.0	0.0	
24.757060276197517	5.898647769931146	0.0	0.0	
25.41926624005781	6.547197927480114	0.0	0.0	
25.288513046720123	8.08171234399149	0.0	0.0	
24.68147966577858	8.875271415910536	0.0	0.0	
24.727124513562167	10.496284756906423	0.0	0.0	
25.000708162691012	11.154016503974667	0.0	0.0	
24.606496875701453	11.639821404881324	0.0	0.0	
25.02370510897737	13.035199726125578	0.0	0.0	
24.517580021278505	14.416801624182105	0.0	0.0	
25.327121226450604	15.040728563004137	0.0	0.0	
24.83478453532564	16.204127244112655	0.0	0.0	
24.80289183796428	16.919306989661887	0.0	0.0	
24.51605371472507	18.319923778481932	0.0	0.0	
25.164536739391114	19.343614140966825	0.0	0.0	
25.333743329615952	20.08844102837473	0.0	0.0	
24.796581903268002	21.488792062683366	0.0	0.0	
24.73325446242394	21.702857375863466	0.0	0.0	
25.01266222736732	22.899605422028888	0.0	0.0	
25.289735767882185	23.675273624236368	0.0	0.0	
24.98195758234123	25.414098019376997	0.0	0.0	
25.24835400229515	25.54208958220227	0.0	0.0	
25.392299885933113	27.393857375123766	0.0	0.0	
24.77817369542489	27.690670619131506	0.0	0.0	
25.122744924417425	29.260625219496234	0.0	0.0	
25.106739073924974	30.10475601464777	0.0	0.0	
24.596962655540853	30.57636453097217	0.0	0.0	
25.52930933845338	0.3847982160880603	0.0	0.0	
25.554471878584323	0.8349145932971932	0.0	0.0	
25.7972938459496	2.3107564306142163	0.0	0.0	
26.222690767666055	3.0499326181212036	0.0	0.0	
26.134566077055265	4.191719630731387	0.0	0.0	
26.421134980646006	5.204183744451619	0.0	0.0	
26.423810331691726	6.234730859462168	0.0	0.0	
26.412863300992754	7.338573447673518	0.0	0.0	
26.024021970668787	7.769812398033552	0.0	0.0	
25.560168347743748	8.599931731509715	0.0	0.0	
25.546130733014813	9.928511024766262	0.0	0.0	
26.19647004847335	10.633004685295157	0.0	0.0	
25.553757576941557	11.872676282743626	0.0	0.0	
26.158500409880872	12.73278057942177	0.0	0.0	
26.408365893247865	14.182731986630973	0.0	0.0	
25.93366895832313	15.379478933789734	0.0	0.0	
26.28398821869434	16.050687933766916	0.0	0.0	
26.146031877686532	16.60377130503442	0.0	0.0	
26.369752276084935	17.856632043207775	0.0	0.0	
25.579600367367448	19.278639916939184	0.0	0.0	
26.431518752129204	20.13526211687891	0.0	0.0	
25.829528566402676	21.11119298785854	0.0	0.0	
25.77079718593066	22.16314694406795	0.0	0.0	
26.095336535418355	22.75751018464723	0.0	0.0	
25.524209532088033	24.146624441311342	0.0	0.0	
26.144427668819915	24.83368535758639	0.0	0.0	
26.01824090186915	25.749780596139153	0.0	0.0	
26.10772833053187	27.434301766478708	0.0	0.0	
25.783633973726815	27.756303525683965	0.0	0.0	
25.929550379158027	29.245276840664083	0.0	0.0	
25.6863896814305	30.315094656716095	0.0	0.0	
26.21223254879833	31.01139103993904	0.0	0.0	
26.579273345702603	0.22701916236856534	0.0	0.0	
26.613068601222395	1.2522471039120522	0.0	0.0	
26.853475304133912	1.8051940683121064	0.0	0.0	
26.54156578485296	2.6174288448138054	0.0	0.0	
27.265981775450463	4.175938992883078	0.0	0.0	
26.78026401453322	5.012143031012677	0.0	0.0	
26.62540875611503	6.325987446643096	0.0	0.0	
26.82085795709853	7.212790536611291	0.0	0.0	
27.006209066514263	8.20208490814357	0.0	0.0	
27.432151551354437	8.688301705684555	0.0	0.0	
27.423032626984444	9.641199647442905	0.0	0.0	
26.79535312002961	10.937934257410763	0.0	0.0	
26.600921730568114	11.571939550169848	0.0	0.0	
26.683938801245773	12.99832226447944	0.0	0.0	
26.573448639935226	13.644172931617208	0.0	0.0	
27.488606650215885	14.972013385589808	0.0	0.0	
26.968596913594073	15.657866706868681	0.0	0.0	
27.349798250247588	17.48278235693308	0.0	0.0	
26.599100018310825	18.079777724369173	0.0	0.0	
27.012278451807774	18.559259389249753	0.0	0.0	
27.251546902260415	20.222229146136705	0.0	0.0	
27.273283301077107	20.539145309724532	0.0	0.0	
27.406013670449475	21.981652639175653	0.0	0.0	
27.442654095891235	22.927446455600915	0.0	0.0	
26.831102658831792	24.124585276626924	0.0	0.0	
27.223110034313894	24.940539516287142	0.0	0.0	
27.164934791924516	26.220720587827053	0.0	0.0	
26.766803644714905	26.83320441915928	0.0	0.0	
27.43288220070737	27.9243082826285	0.0	0.0	
26.8302551268634	28.741349093451642	0.0	0.0	
27.020094019314435	30.18202192085765	0.0	0.0	
26.76087076972245	31.301219278177577	0.0	0.0	
27.952157187837173	0.16583680563775283	0.0	0.0	
28.03253014771514	0.9073064016459106	0.0	0.0	
27.682904672944296	2.3946614088070026	0.0	0.0	
27.891199286695333	3.489648562071041	0.0	0.0	
28.16270599116737	4.3490653782474205	0.0	0.0	
28.381491218737686	4.620818122786968	0.0	0.0	
28.241844499091698	6.36974481497682	0.0	0.0	
28.214995671027495	6.577542416348761	0.0	0.0	
28.235192816998357	7.998538817291008	0.0	0.0	
27.582574850615575	9.168389760572243	0.0	0.0	
27.747861829078925	10.056793662156279	0.0	0.0	
27.890528205301365	10.60704801904488	0.0	0.0	
28.14855769008277	11.760080060759742	0.0	0.0	
27.98062083780753	13.232553943561136	0.0	0.0	
27.91995269914706	14.333690356318243	0.0	0.0	
27.996422131510485	14.611174068142244	0.0	0.0	
28.24571082682807	16.499472807731372	0.0	0.0	
27.941996054012566	17.2336169535448	0.0	0.0	
27.584533274131804	17.57674470340552	0.0	0.0	
27.927769916757672	18.888136159785162	0.0	0.0	
28.341034655590605	20.47192587655186	0.0	0.0	
28.168928375701775	20.868915728327483	0.0	0.0	
27.655480663522525	21.867290375720206	0.0	0.0	
27.680364274172778	22.63046504716879	0.0	0.0	
27.745488203895718	23.561361301033184	0.0	0.0	
28.208311183128206	24.602586674027496	0.0	0.0	
28.40795570071649	25.91104501481307	0.0	0.0	
27.877765564624426	26.757209364779662	0.0	0.0	
28.460236748132274	27.892545282166978	0.0	0.0	
27.57166052970482	29.373634507349117	0.0	0.0	
28.24072782657098	30.221317026739293	0.0	0.0	
28.349950224293323	30.88898512856347	0.0	0.0	
29.490956159916447	0.151642800844212	0.0	0.0	
29.41930690141799	1.1481852479288506	0.0	0.0	
29.274813048102853	2.3437013931352286	0.0	0.0	
29.46356693452896	3.455447168454513	0.0	0.0	
29.01199072354616	3.6716882570962674	0.0	0.0	
29.24725029732123	4.918743619436456	0.0	0.0	
29.33455510618287	5.934600402941933	0.0	0.0	
28.883275872843353	7.2482215531201195	0.0	0.0	
29.274393740288303	7.626572888857082	0.0	0.0	
29.44231809577268	9.432326659810967	0.0	0.0	
29.29055712415205	9.976078762870003	0.0	0.0	
28.79462254681994	10.626152653785319	0.0	0.0	
28.895246381391637	11.766562126966928	0.0	0.0	
28.52852279222204	13.00852050107237	0.0	0.0	
28.707141549847588	13.948803250631759	0.0	0.0	
29.31536487710911	14.762133333927805	0.0	0.0	
29.251222944901887	15.701502809999003	0.0	0.0	
29.005702765323704	17.148468790178654	0.0	0.0	
29.453396572025166	18.064034958549957	0.0	0.0	
28.69057743072637	18.999940060750827	0.0	0.0	
28.78673631993985	20.27416671524065	0.0	0.0	
29.098875956466465	20.720841264614236	0.0	0.0	
29.043276357267118	21.764111898562913	0.0	0.0	
29.307943463947904	22.857885123943312	0.0	0.0	
28.61910932301569	24.493912656042475	0.0	0.0	
29.041854880337667	24.765300618257463	0.0	0.0	
28.54091978666677	25.588971727466834	0.0	0.0	
28.96355457619568	27.059947659500022	0.0	0.0	
29.42039620769831	28.158024075917904	0.0	0.0	
28.777265383313637	28.800923018783138	0.0	0.0	
28.90819400607024	30.426444614406076	0.0	0.0	
28.994691080252075	30.944410656991607	0.0	0.0	
29.631313033897012	0.16783416138687868	0.0	0.0	
30.121980127881105	1.4513074111916398	0.0	0.0	
29.90139378012788	1.7888215089678512	0.0	0.0	
29.756175977219794	2.6789927183066577	0.0	0.0	
29.647071710663777	3.9110820032491818	0.0	0.0	
29.513786699107506	5.08310709542613	0.0	0.0	
29.81225601322348	5.614436297501215	0.0	0.0	
29.536651789663797	6.789635209543622	0.0	0.0	
29.766994192026324	8.088406359334966	0.0	0.0	
30.188190829152916	9.201640047791383	0.0	0.0	
29.9839672001877	9.525905190438783	0.0	0.0	
29.74200936359107	11.315077761021847	0.0	0.0	
30.313227799325595	11.866903196619095	0.0	0.0	
30.357340981859767	13.303875031961214	0.0	0.0	
29.82989753362054	13.578742806871116	0.0	0.0	
30.0546577384726	14.510842371867554	0.0	0.0	
29.683538436383483	15.586807695562012	0.0	0.0	
30.40635758107109	17.182317031651266	0.0	0.0	
30.0235192119072	17.543387116567377	0.0	0.0	
30.137998462124404	19.07386664248002	0.0	0.0	
29.644646637040044	20.473851096245742	0.0	0.0	
30.484910514975734	20.532855655197658	0.0	0.0	
30.48157954420193	22.455873903666628	0.0	0.0	
30.000539448780433	22.741094504496104	0.0	0.0	
30.117745397666184	24.434050236637194	0.0	0.0	
29.76578835950504	25.026813661449438	0.0	0.0	
30.004003782006194	25.581836419589635	0.0	0.0	
29.907069875261932	27.10942550374421	0.0	0.0	
30.36411337764846	27.62857774944442	0.0	0.0	
30.146175595018022	28.962190000285492	0.0	0.0	
29.884947696359376	29.674574050933536	0.0	0.0	
29.53945022653722	30.91958272728299	0.0	0.0	
31.18925012151172	0.18555123647893979	0.0	0.0	
31.038878766979437	1.452810950437694	0.0	0.0	
30.93988418780283	2.4890198091317535	0.0	0.0	
31.436558189956003	2.856324455910423	0.0	0.0	
30.526145678708758	4.491467913100715	0.0	0.0	
31.09554961659706	4.619904195337055	0.0	0.0	
30.71858265803526	5.85132820351647	0.0	0.0	
31.25269007300626	7.342058867947316	0.0	0.0	
30.53722642375175	7.732125798660385	0.0	0.0	
30.841432601512192	8.904299951498839	0.0	0.0	
30.760438158268748	9.803468921408747	0.0	0.0	
30.608481527534366	11.047834728164453	0.0	0.0	
31.091096450820174	11.94706979419666	0.0	0.0	
31.447271263455274	12.763158636476094	0.0	0.0	
31.44521543230589	13.918166835442195	0.0	0.0	
31.102493465993707	15.446514444455913	0.0	0.0	
31.334202528587152	16.384944173733633	0.0	0.0	
30.93371898221678	16.99058977191022	0.0	0.0	
31.022840309415546	17.508252142290516	0.0	0.0	
30.50873095078321	19.225853250617355	0.0	0.0	
31.431425140799423	19.68713371117028	0.0	0.0	
31.035235114854398	21.14221257716568	0.0	0.0	
30.77789271509182	21.720474175027114	0.0	0.0	
31.226978575008978	22.895920007423243	0.0	0.0	
30.748852128686266	24.450592320213197	0.0	0.0	
30.71053595154687	25.205795543148536	0.0	0.0	
30.7358476523887	25.662423929763595	0.0	0.0	
30.799605008103768	27.143205653249133	0.0	0.0	
31.162839257926763	27.713658423447892	0.0	0.0	
30.64643792877599	28.932017048504434	0.0	0.0	
30.801346970106096	30.060775822861277	0.0	0.0	
30.658909289823487	31.10479699701175	0.0	0.0	
