2
32.0	0.0	0.0	0.0	
0.0	32.0	0.0	0.0	
0.41022475136043435	0.17013293263561358	0.0	0.0	
0.030564172416981505	0.9611840767344536	0.0	0.0	
0.4076497966930641	1.7979739300167323	0.0	0.0	
0.2718638686501965	2.7226124930009523	0.0	0.0	
0.0930283136093496	4.497631355521848	0.0	0.0	
0.401901661103482	5.163077183496811	0.0	0.0	
0.4803423651928551	5.796481213260291	0.0	0.0	
0.3852263848663888	7.4161190346512935	0.0	0.0	
0.23318434579773217	7.969739899764662	0.0	0.0	
0.42911574344011727	9.189192436695647	0.0	0.0	
0.3464756382740807	9.510062732454347	0.0	0.0	
0.231751267912655	11.320504658131284	0.0	0.0	
0.12661372802357995	12.468919321128421	0.0	0.0	
0.31461375957574167	13.273297657154194	0.0	0.0	
0.21183134828973937	14.347331814935888	0.0	0.0	
0.279463903408386	15.42628972354235	0.0	0.0	
0.1277892506845807	15.526625962411451	0.0	0.0	
0.45214047816702285	16.692897714703584	0.0	0.0	
0.08962125328794934	17.63980169404738	0.0	0.0	
0.3278095656189818	18.974747331787025	0.0	0.0	
0.16271826491067742	20.05402111193954	0.0	0.0	
0.14282281893429427	20.880508670127565	0.0	0.0	
0.33370091228783383	21.91348086519014	0.0	0.0	
0.07175642586772513	22.704283411118773	0.0	0.0	
0.15978269698584457	24.275083197221452	0.0	0.0	
0.4589676320535583	25.368998966155264	0.0	0.0	
0.40512064953594984	26.489989953417684	0.0	0.0	
0.1923947748592738	27.217575649835908	0.0	0.0	
0.09407350463853759	27.53906798610333	0.0	0.0	
0.26363541015081504	28.740062306100743	0.0	0.0	
0.36639812069980726	30.37073694268213	0.0	0.0	
0.025137110401155516	31.217379146446635	0.0	0.0	
0.5390292608242552	0.15590634490167066	0.0	0.0	
1.1762132453181335	0.5865499148197462	0.0	0.0	
1.069518161437958	2.212550994449343	0.0	0.0	
1.183354857379082	2.9075293950106063	0.0	0.0	
0.5876217474064347	4.298945027551133	0.0	0.0	
1.4726824931136622	4.70583548424032	0.0	0.0	
1.2256621200777462	5.9707123313079995	0.0	0.0	
0.927646696836327	6.696499090438041	0.0	0.0	
1.4931073130415262	7.669179702943698	0.0	0.0	
1.4959401011715934	8.882016730914696	0.0	0.0	
0.9199996278271583	10.26619919141448	0.0	0.0	
0.8140591410592202	11.078186554061167	0.0	0.0	
1.0064239027609905	12.426220101154714	0.0	0.0	
1.1635594353928416	13.166528633450834	0.0	0.0	
1.0574088649712308	14.037352766336545	0.0	0.0	
1.4288683618327593	14.85162868147501	0.0	0.0	
0.8895708921807318	16.09426873345315	0.0	0.0	
0.9075364321231841	17.300002427452974	0.0	0.0	
1.2617135957554626	18.3580935907037	0.0	0.0	
0.5874380099642766	18.91828484339249	0.0	0.0	
0.5262404572661167	19.84757656900007	0.0	0.0	
1.3621295811464118	20.85235729065958	0.0	0.0	
1.0948143273065003	21.72088934482412	0.0	0.0	
0.9074976756650766	23.498472204253815	0.0	0.0	
1.3661374275755565	24.14473791643085	0.0	0.0	
1.0348534836400631	24.614435229248187	0.0	0.0	
0.5054962144794514	26.165893386231264	0.0	0.0	
1.12655557521516	26.818605539494758	0.0	0.0	
1.4244697097707073	27.977733850606697	0.0	0.0	
1.4839349944361493	29.240417147420498	0.0	0.0	
0.9980677841536589	29.700285420800846	0.0	0.0	
0.7155705515808035	31.218670476196987	0.0	0.0	
2.2491668047508835	0.3100340054965639	0.0	0.0	
1.95702068297359	0.529957374035593	0.0	0.0	
1.5041919303768507	2.3601043533854775	0.0	0.0	
1.5014662161357326	2.808520140942095	0.0	0.0	
1.9467110021887422	4.382199590496821	0.0	0.0	
2.0812668108758596	4.604782977277813	0.0	0.0	
1.5251408367242072	6.466846460425896	0.0	0.0	
2.3358555235990215	7.027874384914074	0.0	0.0	
1.6017313663166426	8.283998243705376	0.0	0.0	
1.962815082498678	9.080984078339567	0.0	0.0	
2.177608259888525	10.445188916424378	0.0	0.0	
2.036250814936584	10.842762222810174	0.0	0.0	
2.4343060385028497	12.097572565498346	0.0	0.0	
2.228431342903531	12.94247874989245	0.0	0.0	
2.0105288401441066	13.560678951403482	0.0	0.0	
2.3279588058395024	14.967254982083519	0.0	0.0	
2.424643686230855	16.19243388820264	0.0	0.0	
1.86199115674856	16.756875622142836	0.0	0.0	
2.2177435675217922	17.711447515206213	0.0	0.0	
1.671673886379284	18.54451190408581	0.0	0.0	
1.9317520355420186	19.747151053307235	0.0	0.0	
2.3106044128509176	20.736446152300623	0.0	0.0	
1.776815443559915	21.832005004938157	0.0	0.0	
2.4150403509651412	22.85017870092481	0.0	0.0	
1.9252320727929664	24.01817553841036	0.0	0.0	
2.1882172986191972	25.160453431783168	0.0	0.0	
1.8931450401604337	25.794765512426835	0.0	0.0	
2.409118026527408	27.276677097817448	0.0	0.0	
2.163366602392966	28.32326274362451	0.0	0.0	
2.2793513760387305	29.1889336423194	0.0	0.0	
2.267652742661263	29.86946734549071	0.0	0.0	
1.5150580120743011	31.14302926768369	0.0	0.0	
3.0374374485688156	0.3207821653420373	0.0	0.0	
2.522349378692451	1.1315834574521015	0.0	0.0	
2.6010153029217036	2.151770409334878	0.0	0.0	
3.4047769745984118	2.5578070895412295	0.0	0.0	
3.044909387539913	3.839907544645854	0.0	0.0	
2.620771208698687	5.352342573279415	0.0	0.0	
3.4063717122366137	6.230062649553638	0.0	0.0	
3.482138232892221	7.023545954345618	0.0	0.0	
3.4735578658811956	7.873083705631288	0.0	0.0	
3.021319589417826	8.796745668541703	0.0	0.0	
3.3896558026909958	9.649110608616144	0.0	0.0	
3.0409925368208057	10.973398191752718	0.0	0.0	
3.267326220207074	11.807949320597386	0.0	0.0	
2.974723756462573	13.206638732890779	0.0	0.0	
2.7466360621316888	13.72696990981188	0.0	0.0	
3.1789867576870634	15.266769119816155	0.0	0.0	
2.929693419304243	15.865145285609875	0.0	0.0	
3.00535448216721	17.01240442794382	0.0	0.0	
2.6767518795539793	17.643988560300354	0.0	0.0	
2.9966596989577416	18.506803480021386	0.0	0.0	
3.342344335218917	20.39675767486283	0.0	0.0	
2.5803864117241324	21.381524207203498	0.0	0.0	
3.277784584603897	21.67264002009096	0.0	0.0	
3.248772864742176	23.40629126549171	0.0	0.0	
2.9358517558130584	24.467151930662897	0.0	0.0	
2.573708016732943	24.688693258128755	0.0	0.0	
2.6767532735718307	25.939503463274576	0.0	0.0	
2.5775132673636745	26.946933382875276	0.0	0.0	
3.361318181332118	28.285725617946078	0.0	0.0	
2.899088613690551	29.26005364289796	0.0	0.0	
3.1060514349553996	29.68229199518981	0.0	0.0	
2.706505107625702	30.51025783513527	0.0	0.0	
3.788360216104194	0.30243351146201813	0.0	0.0	
4.276620101233977	0.8180551611790212	0.0	0.0	
4.067948989987656	2.2806673286669774	0.0	0.0	
4.101797326022578	2.7843235624809832	0.0	0.0	
3.653201097141355	3.754527848565319	0.0	0.0	
4.092803261180777	4.933322187923041	0.0	0.0	
3.7223246842366526	5.659219843938589	0.0	0.0	
3.7905527983239793	7.180333062900058	0.0	0.0	
4.428002356433858	8.223020884468488	0.0	0.0	
4.204838516928178	9.013170631974573	0.0	0.0	
3.87633609557287	10.449197614298555	0.0	0.0	
4.203915838776134	11.463702655359278	0.0	0.0	
4.107801493984548	12.049179888285913	0.0	0.0	
4.366336825461193	13.446765031764578	0.0	0.0	
4.400935895667092	14.451771739674292	0.0	0.0	
3.9775110811912535	14.859224758638563	0.0	0.0	
4.471736723806612	15.78043027341308	0.0	0.0	
4.373956791778044	16.77833604339807	0.0	0.0	
4.018850258547415	18.479767853519704	0.0	0.0	
4.331399200268205	19.434541268066788	0.0	0.0	
3.8959605464367053	19.89867431272046	0.0	0.0	
4.024836520183174	20.976036362885235	0.0	0.0	
4.391553956435243	22.045237603438114	0.0	0.0	
4.247191428736555	23.17190845516513	0.0	0.0	
3.7710124306401216	24.183055429196724	0.0	0.0	
3.6191486476866266	25.31622553999103	0.0	0.0	
4.291865049664748	25.89608094408448	0.0	0.0	
3.9797137803185674	26.769100225524983	0.0	0.0	
3.5822526813768345	27.903808747507174	0.0	0.0	
4.309749232954391	29.016187738008977	0.0	0.0	
3.525099328286435	30.187632924966902	0.0	0.0	
4.4100470264949765	31.09043022346471	0.0	0.0	
5.366730163741412	0.12830412220490506	0.0	0.0	
5.2802594989995555	1.4239555601726208	0.0	0.0	
4.884090190555889	1.6149671397844674	0.0	0.0	
4.896149676337414	3.2406850839019685	0.0	0.0	
4.563287556393151	3.668855943215929	0.0	0.0	
4.503750785079744	4.8638260140103196	0.0	0.0	
4.828016432639981	5.964550635024908	0.0	0.0	
5.066172274111901	6.5463121120469	0.0	0.0	
5.065537149876115	7.708392142651565	0.0	0.0	
4.526862424943863	9.230334820714598	0.0	0.0	
5.231611817065682	9.579756626223878	0.0	0.0	
4.58294512879861	11.39057780848579	0.0	0.0	
5.031766339677491	12.010711019258043	0.0	0.0	
5.212730863843745	13.49912825935603	0.0	0.0	
4.653419676061706	14.094811055661003	0.0	0.0	
4.815022876198372	15.185560652078145	0.0	0.0	
5.231733824818719	15.947154166119486	0.0	0.0	
4.877581917546869	16.922542751904142	0.0	0.0	
5.433410208707684	17.857467150500906	0.0	0.0	
4.944889429080856	18.50364875064112	0.0	0.0	
5.098801185087073	19.814022682009995	0.0	0.0	
4.623294589364631	20.561131027820025	0.0	0.0	
5.213692586935367	21.825604355618843	0.0	0.0	
5.21700463604045	22.607852937920985	0.0	0.0	
5.499602403258976	24.04416818407205	0.0	0.0	
4.68849222537766	24.952072566430157	0.0	0.0	
5.1957981877847565	25.850218875655653	0.0	0.0	
4.873592775431627	27.119200791191883	0.0	0.0	
5.347565568403471	27.74534762121151	0.0	0.0	
4.689450899888254	29.105272544788313	0.0	0.0	
4.540976545398747	29.8905739369577	0.0	0.0	
4.721808185478691	30.965355112139626	0.0	0.0	
6.381788050613556	0.4107358003369358	0.0	0.0	
6.423982338775612	0.7381130112907093	0.0	0.0	
5.561799728900424	1.9856809853153297	0.0	0.0	
6.052632669413823	2.7518006163773094	0.0	0.0	
5.980011509468397	3.749521359231665	0.0	0.0	
6.228853576513615	4.5141713524185265	0.0	0.0	
5.902731224018123	5.629076105262325	0.0	0.0	
5.858594460554076	7.346981583359834	0.0	0.0	
6.395537983297443	8.279503956452949	0.0	0.0	
5.909991538841908	8.643419871745122	0.0	0.0	
6.250650663327225	10.3783181045624	0.0	0.0	
6.189515368210651	11.48156621863215	0.0	0.0	
5.541248009835497	11.973158158232932	0.0	0.0	
5.675275278652753	12.867940278056032	0.0	0.0	
6.141694581392257	14.126670800692926	0.0	0.0	
5.586133390992669	14.987752882755577	0.0	0.0	
5.941239626280447	15.606780195735501	0.0	0.0	
5.576658264941725	16.995901481634256	0.0	0.0	
6.413271410046818	17.622745816930586	0.0	0.0	
6.027162987676833	19.335901434988553	0.0	0.0	
5.605951502090966	19.92594770117845	0.0	0.0	
5.791291224248843	20.714437007748053	0.0	0.0	
5.680815874571692	22.384512160559233	0.0	0.0	
6.416247983482881	23.15976332541043	0.0	0.0	
6.114033866872202	24.44201276212698	0.0	0.0	
6.233233269016503	25.213605011155305	0.0	0.0	
5.772483133510016	26.098192479234893	0.0	0.0	
5.7142488748933	27.039048229743518	0.0	0.0	
5.8508548647390155	28.43691914080952	0.0	0.0	
5.523111336444269	29.102828965316775	0.0	0.0	
6.133615498285295	29.733202996776242	0.0	0.0	
6.09875197256641	31.16108693733115	0.0	0.0	
6.925744229207829	0.3885286162741005	0.0	0.0	
7.379651839588892	1.4982091427011095	0.0	0.0	
7.025222584415626	2.0651988034051207	0.0	0.0	
7.195469771686917	2.8490956232671114	0.0	0.0	
6.926393438373723	4.065616285502548	0.0	0.0	
6.598159760997343	5.25444955452157	0.0	0.0	
7.360314572955192	6.489470614218953	0.0	0.0	
6.836425219867934	6.8928716078501635	0.0	0.0	
6.986817836959661	8.048093879942316	0.0	0.0	
7.130733743025166	9.459984448293076	0.0	0.0	
7.217061865086793	10.04270296145138	0.0	0.0	
7.249033857896856	10.681383921448203	0.0	0.0	
6.917391298167938	12.12854591230796	0.0	0.0	
7.265257733446306	13.350202684568023	0.0	0.0	
6.734243062038831	13.793132545229183	0.0	0.0	
7.387571567194883	14.646815292602481	0.0	0.0	
6.674541871477521	15.893850703490115	0.0	0.0	
6.630286628538189	17.419081553091015	0.0	0.0	
6.7636209369779765	18.35949651513337	0.0	0.0	
7.167665784388294	19.030118717448964	0.0	0.0	
6.611143830166371	20.251813646345962	0.0	0.0	
7.285505209516808	20.64756152049659	0.0	0.0	
7.2801182209930015	22.100385838156736	0.0	0.0	
7.470143097865558	22.770312918468854	0.0	0.0	
6.807419692211727	24.397859390824625	0.0	0.0	
6.846003944923131	25.3001539428025	0.0	0.0	
7.017319074558292	26.42970064939791	0.0	0.0	
7.4646054927087535	27.260487563590853	0.0	0.0	
7.027060524162616	27.50372808752183	0.0	0.0	
6.6198986493172765	29.14835704546582	0.0	0.0	
7.255173945749096	30.04564262623518	0.0	0.0	
6.598784749535255	30.832517112782018	0.0	0.0	
8.005034094434036	0.31014228769402863	0.0	0.0	
7.587680636794001	1.0213708919150426	0.0	0.0	
8.395997502356913	2.0683014986046357	0.0	0.0	
8.039943012707901	3.4002203615057995	0.0	0.0	
8.403175387771844	3.6834780007088153	0.0	0.0	
7.622272855908908	5.007582826203665	0.0	0.0	
8.240395321661046	5.970256349890954	0.0	0.0	
8.45498560264827	6.544247438418588	0.0	0.0	
8.415823265151964	8.016370259048342	0.0	0.0	
8.029840026089722	9.365999596121059	0.0	0.0	
7.620990813846188	9.652284377113796	0.0	0.0	
7.86969168858036	11.11037052023563	0.0	0.0	
8.196473847035739	11.763331811949266	0.0	0.0	
8.004807564617762	13.023545117923	0.0	0.0	
7.76633856759262	13.537246999829627	0.0	0.0	
8.320624854934858	15.280547239153329	0.0	0.0	
8.092761306000762	16.476497080292344	0.0	0.0	
7.6578279417009725	16.914810179121822	0.0	0.0	
7.564015957863316	18.32186793958125	0.0	0.0	
8.053348616532222	19.159456381350324	0.0	0.0	
8.360524848569172	19.57974744779998	0.0	0.0	
7.739132060620788	20.676642734249132	0.0	0.0	
7.6219921830532185	21.820107764684998	0.0	0.0	
7.763802585747553	22.549102108995672	0.0	0.0	
7.507518251753563	24.466450204309133	0.0	0.0	
8.230351705326473	25.40778240715673	0.0	0.0	
8.426629729002277	25.769018585258394	0.0	0.0	
8.332361093444808	26.580106108506353	0.0	0.0	
7.854545649657566	28.368947103826198	0.0	0.0	
8.251892874742312	29.36313124652183	0.0	0.0	
8.2924291833922	30.05928185478496	0.0	0.0	
8.207511159267346	31.06729479282569	0.0	0.0	
8.79544145107779	0.48558985443352376	0.0	0.0	
9.434751339932202	1.1498356451217813	0.0	0.0	
9.01998172484781	1.5674430427874113	0.0	0.0	
8.550045057138055	2.50716970367015	0.0	0.0	
9.487825208290781	4.255483777471063	0.0	0.0	
9.123723985477223	4.705139790459761	0.0	0.0	
8.57679244875964	5.772189702097322	0.0	0.0	
8.564437171016626	7.197123970823513	0.0	0.0	
9.126343654248114	7.792915736231447	0.0	0.0	
8.576858685828446	8.632204049209125	0.0	0.0	
8.697261834996572	9.82782975184577	0.0	0.0	
8.604641939376238	11.341159776917609	0.0	0.0	
8.961180834404699	12.367682428659819	0.0	0.0	
8.63477116412279	12.672424247474412	0.0	0.0	
8.952044419700918	14.40505867881442	0.0	0.0	
9.357805618614115	14.986272031162844	0.0	0.0	
8.948727424427926	16.121605883155755	0.0	0.0	
8.78707536978483	17.07843932728123	0.0	0.0	
9.115895428079309	18.009514621412663	0.0	0.0	
9.165173900921099	19.40091292691268	0.0	0.0	
9.388358671118258	19.617473120459604	0.0	0.0	
9.434958841717906	21.39893863138667	0.0	0.0	
9.383956280677431	22.00527472653836	0.0	0.0	
9.445227191640084	22.591909756175653	0.0	0.0	
8.555787491769305	24.30498991500088	0.0	0.0	
9.322079005418596	25.469176542333663	0.0	0.0	
9.484372074688032	25.54806398651327	0.0	0.0	
9.320477069487298	26.866706859606825	0.0	0.0	
9.44972316238602	28.396416600531825	0.0	0.0	
9.200873353624965	29.482582877417563	0.0	0.0	
9.044044986154463	29.983725168854786	0.0	0.0	
9.493165492623161	31.122271810785335	0.0	0.0	
9.62466777393615	0.19070617383339705	0.0	0.0	
9.672996277133144	0.9254979988167896	0.0	0.0	
10.285042011085922	1.6046907367939678	0.0	0.0	
9.943958508891061	3.118073375311663	0.0	0.0	
10.448878851073633	3.799263459862084	0.0	0.0	
10.258176758788807	5.034028685320435	0.0	0.0	
10.121302560787957	6.402570037514765	0.0	0.0	
10.417483137228633	6.637910795473477	0.0	0.0	
9.822986426817634	8.095350118954668	0.0	0.0	
10.417237739157555	8.517540064080308	0.0	0.0	
10.470317732814275	9.735337941377809	0.0	0.0	
9.807772155543304	11.436426082480903	0.0	0.0	
9.572587012193754	12.094917887488402	0.0	0.0	
9.510202588072454	13.328745973046988	0.0	0.0	
9.862529001810394	13.78181941926219	0.0	0.0	
9.711795264809021	14.964445825826967	0.0	0.0	
9.56099105187219	16.14064232461517	0.0	0.0	
10.468408558011994	16.716318113271168	0.0	0.0	
9.751542847901765	17.508526526029566	0.0	0.0	
9.997533622922065	19.055172981852895	0.0	0.0	
10.103558756022483	20.204215813022067	0.0	0.0	
9.715632262475253	21.491517766386007	0.0	0.0	
9.665885724816775	22.0169077489545	0.0	0.0	
9.69667686121081	22.818985416285784	0.0	0.0	
9.936478865614486	24.3383992538172	0.0	0.0	
9.566668912476194	25.496662322536253	0.0	0.0	
9.864698996619575	25.962980312589565	0.0	0.0	
10.343878475593575	26.56584751213185	0.0	0.0	
9.6341451886612	27.94240022612642	0.0	0.0	
10.415874025805216	29.091617339193622	0.0	0.0	
10.257271618689243	29.912206517437408	0.0	0.0	
9.654006610675735	31.23848214523922	0.0	0.0	
11.493054609845107	0.07827481750412046	0.0	0.0	
11.104303718328234	1.0399045670692226	0.0	0.0	
10.89207987128337	1.86057121929236	0.0	0.0	
10.92649561422351	3.2839228639725846	0.0	0.0	
11.213933758687809	4.1544217483261185	0.0	0.0	
11.091486052595142	5.36065055205095	0.0	0.0	
10.966756444037253	6.438291433527073	0.0	0.0	
11.12669619771147	6.730798577097452	0.0	0.0	
11.280445294539057	7.646243448370416	0.0	0.0	
11.158782745811214	8.867975320395512	0.0	0.0	
11.07127511624667	10.074848453320982	0.0	0.0	
11.27912690152197	10.735154187833842	0.0	0.0	
11.13416266229626	11.968741337557088	0.0	0.0	
10.867464955228996	13.400941636001454	0.0	0.0	
11.37300786219535	13.801995854135146	0.0	0.0	
10.723880698619379	15.014584895571826	0.0	0.0	
11.074760934421475	15.76207308848453	0.0	0.0	
11.213322126225576	17.237070712193113	0.0	0.0	
10.90152695085838	17.990585791589353	0.0	0.0	
10.728034056455229	19.492225974445684	0.0	0.0	
10.89651791848712	20.235880148850654	0.0	0.0	
11.221972858471853	21.03027526492979	0.0	0.0	
10.58092564677999	22.383427825003317	0.0	0.0	
11.400967277465375	22.903406745183066	0.0	0.0	
11.038590433469441	23.944993415129325	0.0	0.0	
10.587513056840159	24.8306143372106	0.0	0.0	
11.396280625996896	25.604785450752964	0.0	0.0	
10.615509218366622	27.277619344615108	0.0	0.0	
10.624914252990637	28.45828354689491	0.0	0.0	
10.879754638467553	29.4004475444341	0.0	0.0	
11.206352611458291	30.24143918345708	0.0	0.0	
11.15287763199184	31.016256519232073	0.0	0.0	
12.205863601229888	0.20815496538795564	0.0	0.0	
11.703541933573957	1.3238869181053528	0.0	0.0	
12.025148155856206	1.5602954024094586	0.0	0.0	
12.339467230430436	2.8881512333205857	0.0	0.0	
11.50248333148108	3.649511821484244	0.0	0.0	
12.248682309722565	4.828376580183908	0.0	0.0	
12.076874082862131	6.138781443488995	0.0	0.0	
12.097237799946793	6.667620115421929	0.0	0.0	
12.23525867587647	8.447908891429304	0.0	0.0	
12.17896632232868	8.915548585390848	0.0	0.0	
12.331506431036955	10.433764228803808	0.0	0.0	
11.589746169378806	10.706953803536106	0.0	0.0	
11.547301526368297	12.184799060882229	0.0	0.0	
11.954588837449077	12.841675497708396	0.0	0.0	
12.025068072282764	13.848090644043376	0.0	0.0	
12.2808055997014	15.004236364157027	0.0	0.0	
11.651140874346318	15.759834965973994	0.0	0.0	
11.643089409576062	17.263212414995923	0.0	0.0	
11.932652410547098	17.7958874043166	0.0	0.0	
11.733510349302467	19.026414410058777	0.0	0.0	
11.614215055102356	19.77231950613685	0.0	0.0	
12.271725963572587	21.144847810894	0.0	0.0	
12.160928974722225	21.9965892760803	0.0	0.0	
12.344925958872052	23.09292577668225	0.0	0.0	
11.52532182528624	23.52765679714708	0.0	0.0	
11.557878000522333	25.245271046727577	0.0	0.0	
11.91184801102948	25.947998399230514	0.0	0.0	
11.847359734549455	27.158834955458588	0.0	0.0	
11.73427442519902	28.380745029402874	0.0	0.0	
12.355483480293193	29.355223002893307	0.0	0.0	
12.213083933430243	30.216581575828908	0.0	0.0	
12.072651480749906	31.47602571149073	0.0	0.0	
13.497286031488429	0.1805975533201768	0.0	0.0	
12.90960569302939	0.529396193582302	0.0	0.0	
12.60105338716541	1.6437007375212893	0.0	0.0	
13.397552454377601	3.0922788061314357	0.0	0.0	
13.47098837919094	4.208512045565268	0.0	0.0	
12.793999889659885	4.770301021426063	0.0	0.0	
13.143058516580925	5.897938984142866	0.0	0.0	
13.296271726093494	6.9346636091806815	0.0	0.0	
13.36590465015591	8.230141849471513	0.0	0.0	
12.552118126667521	8.991645495154799	0.0	0.0	
12.724189147951957	9.770248066828499	0.0	0.0	
13.311463185298498	11.355383586149241	0.0	0.0	
13.092451200365472	11.57866949346399	0.0	0.0	
13.481233026912427	12.830788835943391	0.0	0.0	
13.430458774834477	14.227196670747219	0.0	0.0	
12.938123148727836	15.109286298620706	0.0	0.0	
12.97728943417941	15.698231324082892	0.0	0.0	
13.139174789175419	17.30947082588339	0.0	0.0	
12.919249236690465	17.611352479225832	0.0	0.0	
13.408581180760537	19.45959940272938	0.0	0.0	
12.673863396317579	19.89874119921893	0.0	0.0	
13.395685633922726	20.868093355952915	0.0	0.0	
12.50779667829304	22.349107891278614	0.0	0.0	
12.95220151966316	23.368690955219705	0.0	0.0	
12.967342008028831	24.115258733400182	0.0	0.0	
13.121878195720084	25.327225734445125	0.0	0.0	
12.895836825869381	26.09753815134407	0.0	0.0	
12.703030199587616	27.46114629366697	0.0	0.0	
12.91885684544023	27.623155535329996	0.0	0.0	
13.05341476046451	29.443422791195253	0.0	0.0	
13.1500542988758	30.430875905943786	0.0	0.0	
12.944310163226008	30.826264012791963	0.0	0.0	
14.298660435480054	0.2549189225155354	0.0	0.0	
13.845129127825512	0.563777748596591	0.0	0.0	
14.08432870365292	1.9854104436177709	0.0	0.0	
13.989830768637399	2.520519225039781	0.0	0.0	
13.734211895665073	3.9930198883454766	0.0	0.0	
14.00047021095422	4.728935244986481	0.0	0.0	
13.540258238622485	5.793762094735134	0.0	0.0	
14.033543203479748	7.334239554428961	0.0	0.0	
13.64488922437208	7.885209650336936	0.0	0.0	
13.799084000007047	9.073339520639951	0.0	0.0	
13.593566208970481	9.52872474599021	0.0	0.0	
13.78301874215629	10.69673582317074	0.0	0.0	
14.338728701742353	11.975219060707493	0.0	0.0	
14.088408201442702	12.927599605824168	0.0	0.0	
13.907029891111206	14.38410361018859	0.0	0.0	
13.741944604610262	15.157307985430982	0.0	0.0	
13.812549076128372	16.169242374770597	0.0	0.0	
13.967258873661965	17.045790370593984	0.0	0.0	
13.634651267742624	18.491704588885902	0.0	0.0	
14.206207457134921	19.438446515162248	0.0	0.0	
14.34900822927973	20.274850386631996	0.0	0.0	
13.987960109948675	20.997345746730627	0.0	0.0	
13.618204405788111	22.23154883601986	0.0	0.0	
13.68651174838931	23.139506229470257	0.0	0.0	
13.520896407730872	24.129935605028507	0.0	0.0	
14.355551454276302	25.048423445361266	0.0	0.0	
13.675857513347125	25.623512724741353	0.0	0.0	
14.267463217771427	27.41994670377885	0.0	0.0	
13.521480547476427	27.69270050907117	0.0	0.0	
13.714544413086116	28.90507325077593	0.0	0.0	
13.870083811246152	29.65103948137873	0.0	0.0	
13.661983387394544	30.55898423012626	0.0	0.0	
15.098624366350537	0.4416406298571167	0.0	0.0	
15.167440013095472	1.0311461123424785	0.0	0.0	
14.565694474450828	1.5395983768838393	0.0	0.0	
14.513983868140986	2.7753944944798645	0.0	0.0	
15.24199437300062	3.5714039383094036	0.0	0.0	
14.635820175001442	5.015497644022661	0.0	0.0	
15.249535324153499	5.566949286673822	0.0	0.0	
15.1045288019844	7.17231829781529	0.0	0.0	
15.406772339296602	8.379685312607835	0.0	0.0	
15.466559317000431	9.198774497081601	0.0	0.0	
14.71341682290071	10.301024879637055	0.0	0.0	
14.58320144298642	11.014113817987457	0.0	0.0	
14.661031013867008	11.673599258102929	0.0	0.0	
15.203103064576194	13.002421779459473	0.0	0.0	
15.22958311033088	14.461452788723463	0.0	0.0	
15.354793351741682	15.181414171958366	0.0	0.0	
15.004734067177681	16.04357417101692	0.0	0.0	
15.161376585372487	17.13842547662433	0.0	0.0	
14.852461151338442	18.175812509692932	0.0	0.0	
14.849877319324884	19.237312909349715	0.0	0.0	
14.868640930497783	19.796901763986472	0.0	0.0	
14.839721147784559	21.103420793817115	0.0	0.0	
14.701489741256342	21.564061481758056	0.0	0.0	
15.334499065496429	22.506284270924112	0.0	0.0	
15.097382249227914	24.03600426917084	0.0	0.0	
15.319033146713462	25.44846215399475	0.0	0.0	
15.334725849516966	25.825253498155618	0.0	0.0	
14.521306995413077	27.19975690460888	0.0	0.0	
15.466000510482589	27.643226738302538	0.0	0.0	
14.981687438673285	28.596687313302496	0.0	0.0	
14.522594946632065	29.80818666058463	0.0	0.0	
15.383144537306984	31.426799522478195	0.0	0.0	
15.933403409042128	0.0647689090674648	0.0	0.0	
16.192576000723474	1.0238684956167006	0.0	0.0	
15.538624838275753	2.0296851005944974	0.0	0.0	
15.674902841754367	3.096220346516084	0.0	0.0	
16.328106525041758	3.7451155100967615	0.0	0.0	
15.658019373097185	4.607477674110402	0.0	0.0	
16.191903290977702	5.756070747676635	0.0	0.0	
15.868001722206179	7.258651671912797	0.0	0.0	
16.19463940498765	8.42745086830458	0.0	0.0	
15.929752483336088	9.114156613389328	0.0	0.0	
16.47909011414916	9.900930127570003	0.0	0.0	
15.739479575285623	11.143337681010152	0.0	0.0	
16.353760092328198	12.303256064528272	0.0	0.0	
16.026102192125293	13.265131380639161	0.0	0.0	
15.745367954089335	14.472915569565039	0.0	0.0	
15.687351910975133	15.459181963509813	0.0	0.0	
15.511855598208443	16.17034174616459	0.0	0.0	
16.26361787190912	17.474730812673183	0.0	0.0	
16.050632135152448	17.630343354522495	0.0	0.0	
16.445467979019345	18.886937319741055	0.0	0.0	
16.394410382115083	19.52262086673377	0.0	0.0	
15.642036456906204	20.54413491894435	0.0	0.0	
15.707479790783347	22.370187508835986	0.0	0.0	
15.992100283371586	23.158124556573345	0.0	0.0	
15.905456358384091	24.19997960579813	0.0	0.0	
16.342884203887483	24.799506355203885	0.0	0.0	
15.64058333532481	26.393419515795813	0.0	0.0	
16.300596093057766	27.3932161001101	0.0	0.0	
15.684481302353129	28.243078333962153	0.0	0.0	
15.935843903585045	29.412464204887062	0.0	0.0	
15.738796374156655	30.302652373530005	0.0	0.0	
16.211238451842547	30.705438997732443	0.0	0.0	
16.620751887700344	0.09981238971458872	0.0	0.0	
17.124126505677356	0.6229889378600045	0.0	0.0	
17.111833054981453	2.1879620669279127	0.0	0.0	
17.233523859015058	3.1306930989094774	0.0	0.0	
17.228515087922563	3.508526209255995	0.0	0.0	
17.259375350228005	4.680650226586195	0.0	0.0	
16.65681885593067	5.854633111850879	0.0	0.0	
17.346878964995746	6.90721957461283	0.0	0.0	
17.069822374789236	7.718985849582816	0.0	0.0	
17.461108056824028	9.006533789664683	0.0	0.0	
16.720830320485412	10.07849807114813	0.0	0.0	
16.801224935294382	10.574209467927972	0.0	0.0	
16.82832897341306	12.354057962718082	0.0	0.0	
16.999160040332463	12.611687628963244	0.0	0.0	
17.28521867039529	13.969054471807345	0.0	0.0	
17.451690099891113	14.576295818474971	0.0	0.0	
16.808575510069033	16.090298811537444	0.0	0.0	
17.386719406817868	16.94687912283726	0.0	0.0	
17.477630407564625	18.204044560314095	0.0	0.0	
16.65367886690697	18.680225262785232	0.0	0.0	
17.33134709708626	20.134662904774892	0.0	0.0	
16.577926932133128	21.128137732735716	0.0	0.0	
16.875534774335616	22.43458497397828	0.0	0.0	
17.028401581677006	22.913089383580846	0.0	0.0	
16.922609630760867	24.21436758594567	0.0	0.0	
16.729193598326912	25.226060532143173	0.0	0.0	
17.016414449668567	26.365655887774388	0.0	0.0	
16.6110593692953	27.30114261505643	0.0	0.0	
17.05710574074881	27.85738368297378	0.0	0.0	
16.69021907231891	28.949767612881786	0.0	0.0	
16.502983849227025	30.27635600404502	0.0	0.0	
17.08361814863859	31.148829293310353	0.0	0.0	
17.705460908951924	0.0316328977285536	0.0	0.0	
17.762206838111386	0.7478705459358413	0.0	0.0	
18.22189989469215	1.889061819260677	0.0	0.0	
18.194845211246534	3.0588415172957713	0.0	0.0	
18.293502069891158	3.5791198146132324	0.0	0.0	
18.3196833542	5.166452844725748	0.0	0.0	
17.512606084947336	6.40513627832041	0.0	0.0	
18.37815253521209	6.694330900517238	0.0	0.0	
17.692624810774205	8.46978451041456	0.0	0.0	
18.25657674562544	9.309639336985917	0.0	0.0	
18.09406365240108	9.8246668945249	0.0	0.0	
17.613056446567896	11.339206835841246	0.0	0.0	
18.098106199440092	11.658030648341313	0.0	0.0	
17.72213933927098	12.84391461968974	0.0	0.0	
17.748286298005958	14.012766752008801	0.0	0.0	
17.98294833031264	15.110611068943575	0.0	0.0	
17.71860909700504	15.543994726774626	0.0	0.0	
17.766911255513538	16.670520333805598	0.0	0.0	
17.63637372516997	17.769536035938682	0.0	0.0	
18.48751582479456	18.545119881630033	0.0	0.0	
17.891583572162936	19.588241096117375	0.0	0.0	
18.18904382139761	21.05998149626776	0.0	0.0	
17.82050031225052	22.14533109358941	0.0	0.0	
17.958908426374826	23.356113827397408	0.0	0.0	
17.562635014682314	23.68058613229216	0.0	0.0	
18.078399077552625	24.67453276231801	0.0	0.0	
17.77573093859355	26.256237992609925	0.0	0.0	
17.62288955037491	26.82509952633065	0.0	0.0	
17.636555634504077	27.984243466298764	0.0	0.0	
18.149153168978984	28.863191640351886	0.0	0.0	
18.16063566098775	30.29804557024284	0.0	0.0	
17.66593139428888	31.20801903182111	0.0	0.0	
19.210005195649295	0.041315569973379485	0.0	0.0	
19.372272404357254	0.7559904495100616	0.0	0.0	
19.088659123720827	2.0818374486374216	0.0	0.0	
18.91449584581085	2.682136536116173	0.0	0.0	
19.378773013353648	3.9787309237253443	0.0	0.0	
18.895650363601295	5.068839905390026	0.0	0.0	
18.987597941419136	5.872210188103067	0.0	0.0	
19.216153197718775	6.898016783731443	0.0	0.0	
19.13087233641612	7.837022813499984	0.0	0.0	
18.606180897393095	8.71866824207512	0.0	0.0	
19.06935872576598	9.563414642445018	0.0	0.0	
19.32843716878449	11.280350655960008	0.0	0.0	
19.366024977545536	11.782167497068476	0.0	0.0	
18.979035228164104	12.680378507351183	0.0	0.0	
18.79235651900591	13.830665824105965	0.0	0.0	
18.94870627964493	15.255011768771865	0.0	0.0	
19.43183527579492	15.67101830226593	0.0	0.0	
19.49297880948074	17.004796449094517	0.0	0.0	
18.97319249859249	17.533187570840376	0.0	0.0	
18.65974678898203	19.30704851672453	0.0	0.0	
19.101337487867735	20.387745042530735	0.0	0.0	
18.7521164329294	20.767999622920037	0.0	0.0	
19.45586396051002	21.75232950033832	0.0	0.0	
18.89532713584148	23.04728117139461	0.0	0.0	
19.105180876687324	24.05723160068705	0.0	0.0	
19.327376077404274	25.47225229412499	0.0	0.0	
19.083980110683747	25.522667031408744	0.0	0.0	
19.42951319728597	27.178997381995813	0.0	0.0	
18.6481344112563	27.6115253760913	0.0	0.0	
18.737387602393408	29.244616558080857	0.0	0.0	
19.38441166038297	30.375895009849486	0.0	0.0	
19.246412601282756	30.738154443745763	0.0	0.0	
19.62385134711837	0.2486975914603421	0.0	0.0	
20.45579950618124	1.0218310041382632	0.0	0.0	
20.36489174804951	1.678384342706782	0.0	0.0	
20.44151340617314	3.4401461630671784	0.0	0.0	
19.72222259481046	3.948446997049942	0.0	0.0	
20.335972290790895	4.771283740503748	0.0	0.0	
19.59790763680063	6.0039775011230665	0.0	0.0	
20.35381536453405	7.237964678124751	0.0	0.0	
19.934855721517557	8.411751218778816	0.0	0.0	
20.113886905056876	9.281507169076214	0.0	0.0	
20.382170618634753	10.080377067515688	0.0	0.0	
20.065902369959453	10.789084217585685	0.0	0.0	
20.02395628202219	12.245302803722955	0.0	0.0	
20.049043555391123	13.307328503179576	0.0	0.0	
19.84198778523084	14.018811163456103	0.0	0.0	
20.014859370684587	15.342402728306663	0.0	0.0	
19.60867703204275	16.23589654151064	0.0	0.0	
19.725016984061185	16.73002887045704	0.0	0.0	
20.295783767116347	18.262184974677716	0.0	0.0	
19.509936968266985	19.130477913256314	0.0	0.0	
19.773013612060605	19.840959770670143	0.0	0.0	
19.793002939804712	20.635905451417365	0.0	0.0	
20.44037118128005	21.706869275903383	0.0	0.0	
19.56833418293891	23.48373446601414	0.0	0.0	
19.548220237842106	23.5588234006185	0.0	0.0	
20.363271985473514	24.997402772397074	0.0	0.0	
19.99090514758636	26.139936445211735	0.0	0.0	
19.537578754892024	27.27367594785207	0.0	0.0	
19.648073135807255	27.986811121777308	0.0	0.0	
19.916237495347758	29.02483185585852	0.0	0.0	
20.195029464118633	29.703806863183967	0.0	0.0	
20.42056041809	31.092683060362294	0.0	0.0	
21.05133890983046	0.010145100990101241	0.0	0.0	
21.269543220895915	1.2282897114104356	0.0	0.0	
21.05443336220475	2.3189544019832593	0.0	0.0	
20.509581710526128	2.7845438190356413	0.0	0.0	
20.511855340325088	3.902675343308203	0.0	0.0	
20.627485428366658	4.623685835793234	0.0	0.0	
20.896790909813955	5.876104038060575	0.0	0.0	
20.804152187712177	7.470138560302887	0.0	0.0	
21.013671014308322	7.568751794122342	0.0	0.0	
20.849866306786232	9.203507522011476	0.0	0.0	
20.836913488475854	9.775954918745377	0.0	0.0	
20.746167628610554	10.580739087762918	0.0	0.0	
21.13221631023092	12.374494281642678	0.0	0.0	
21.256879828271366	12.841842353204331	0.0	0.0	
20.507610260801744	13.738755093623514	0.0	0.0	
21.08103902531303	14.74899030359082	0.0	0.0	
21.06661019807956	16.33312973539161	0.0	0.0	
21.196674330028923	17.354893244184552	0.0	0.0	
20.514266312257515	18.40885176560275	0.0	0.0	
21.17919548861976	18.554345821692102	0.0	0.0	
21.26758134299843	20.47029526940255	0.0	0.0	
21.14925141716668	20.615702624016098	0.0	0.0	
21.03192078640358	22.270545396205407	0.0	0.0	
21.313627719729734	23.445873440936165	0.0	0.0	
21.417300827522077	24.326985850082462	0.0	0.0	
20.531047304965156	25.258998352047218	0.0	0.0	
20.586697374625203	25.875002591598932	0.0	0.0	
20.69052158249019	26.658005958185573	0.0	0.0	
20.936432591237708	27.53060348989003	0.0	0.0	
20.991259285290575	29.418445431848006	0.0	0.0	
20.514090933041864	29.93106307989532	0.0	0.0	
21.455253461839575	31.32865041269733	0.0	0.0	
21.739792900114026	0.27751639169942954	0.0	0.0	
22.362465136085113	1.0688173964909509	0.0	0.0	
22.031499446328848	1.7576556949922129	0.0	0.0	
22.305643807959363	3.3945386276996374	0.0	0.0	
21.574175466517868	3.852405567537359	0.0	0.0	
22.05774364199068	5.001740377407565	0.0	0.0	
22.019487345110967	6.334583287285481	0.0	0.0	
21.515302923429687	6.855011689411657	0.0	0.0	
21.70242916970942	8.310525845104182	0.0	0.0	
21.52725642920502	8.741341795934904	0.0	0.0	
21.81790500980594	9.925587351932634	0.0	0.0	
21.927828958327503	10.606507696874553	0.0	0.0	
21.82512076115646	12.457065375668373	0.0	0.0	
21.909599977961747	13.245888458995415	0.0	0.0	
22.001398063838067	13.549694343393226	0.0	0.0	
22.295759650741008	15.34647727536468	0.0	0.0	
21.51252206518911	15.951365490814432	0.0	0.0	
22.2961115149095	17.40178065870439	0.0	0.0	
21.540752647845075	18.186639196426	0.0	0.0	
22.106467261852995	18.762789390649772	0.0	0.0	
21.57924411963097	19.58224219377453	0.0	0.0	
22.33825872108479	20.618108099997254	0.0	0.0	
22.408669582001437	21.9919871422857	0.0	0.0	
22.23418570992319	22.905650568065326	0.0	0.0	
21.5676497596272	24.161550909765825	0.0	0.0	
22.223039731053184	24.6471758688101	0.0	0.0	
21.779052855661135	25.914476393541435	0.0	0.0	
21.609555924971012	26.940863127003464	0.0	0.0	
21.774923481046606	28.293114779318447	0.0	0.0	
22.298165166626127	29.44462204385572	0.0	0.0	
21.891486577344065	30.34073907102612	0.0	0.0	
21.959665203520927	31.34508427545224	0.0	0.0	
22.72086305570507	0.1937293076957155	0.0	0.0	
22.653257189414294	1.171727682147592	0.0	0.0	
22.76931664475953	2.1585020803044577	0.0	0.0	
23.045979462886585	3.1154431658003565	0.0	0.0	
23.258052197355784	3.9050238622304283	0.0	0.0	
23.425651791393857	5.204582111684129	0.0	0.0	
22.842762633381227	6.000472088149506	0.0	0.0	
23.07320623746256	7.305083765563542	0.0	0.0	
23.041424846492454	8.437346053734387	0.0	0.0	
22.803518634894424	8.528033930710343	0.0	0.0	
22.830962203263525	10.470940665717144	0.0	0.0	
22.853843535441914	11.485164565679959	0.0	0.0	
22.53013978026554	12.282413262833545	0.0	0.0	
23.36695146964805	13.024611791696621	0.0	0.0	
22.733511815285834	13.615482210617039	0.0	0.0	
23.18007746508522	14.89577539217124	0.0	0.0	
22.648410189368693	15.960648277824015	0.0	0.0	
23.171227630270852	16.545438284359225	0.0	0.0	
23.067682442816178	17.652257679717938	0.0	0.0	
22.984766830851044	19.189044968841696	0.0	0.0	
22.910259256357804	19.685941467920966	0.0	0.0	
23.128286368990004	20.766708275689556	0.0	0.0	
23.035337717087984	22.125943614245685	0.0	0.0	
22.93120592867453	23.471501667993298	0.0	0.0	
22.710696174628822	24.10278617094753	0.0	0.0	
22.788704247949898	25.056574631921944	0.0	0.0	
22.73521130085043	26.014828245313605	0.0	0.0	
23.167726709512024	27.477950458707316	0.0	0.0	
22.585556712353704	28.06025478045503	0.0	0.0	
23.0669817724809	29.43969665489458	0.0	0.0	
23.05226204130961	30.127873804867694	0.0	0.0	
23.484496606161933	31.3073224896477	0.0	0.0	
23.891351867001624	0.32980718945350584	0.0	0.0	
23.582585846142397	0.9611649847998756	0.0	0.0	
23.578982013157738	2.1116329458146184	0.0	0.0	
24.266231622871764	3.074719080919522	0.0	0.0	
23.955247500597586	3.9163980517509063	0.0	0.0	
23.82714699199867	4.844267155054828	0.0	0.0	
23.697606809730367	6.385326979334155	0.0	0.0	
24.23061400115178	6.789119756419415	0.0	0.0	
24.00707640361144	7.590562144346896	0.0	0.0	
23.732326957423894	8.510647341497839	0.0	0.0	
23.777543177261425	10.34115175210561	0.0	0.0	
24.115940010459006	10.812012101018345	0.0	0.0	
24.085260567510677	11.917009411370211	0.0	0.0	
23.87109777998666	13.067082682274261	0.0	0.0	
24.203931888958284	13.802144759740827	0.0	0.0	
24.005516180955702	15.427008551127637	0.0	0.0	
24.45306958031924	16.157253544613422	0.0	0.0	
24.130307349435416	17.407222503300517	0.0	0.0	
23.900192924839057	17.539393456850835	0.0	0.0	
24.124512212610195	19.229055628879607	0.0	0.0	
24.491364474363913	19.536472260328825	0.0	0.0	
23.86741622153754	21.305914512239724	0.0	0.0	
23.591478232152564	21.796096992265692	0.0	0.0	
24.241245580241312	23.498766960971626	0.0	0.0	
24.341454148509232	23.60167958712246	0.0	0.0	
24.182541513858922	24.773690749986027	0.0	0.0	
24.199990763422814	26.474867737661217	0.0	0.0	
24.146896452691845	26.709132922213193	0.0	0.0	
23.780426095386368	28.223947919066806	0.0	0.0	
24.01439761468748	29.020607218205157	0.0	0.0	
23.90354973165112	30.30025086857555	0.0	0.0	
24.3708048608928	30.68434797647654	0.0	0.0	
24.709259926584586	0.2725437155036332	0.0	0.0	
24.87690352949316	0.7941608547953274	0.0	0.0	
25.339913836900468	2.0911332533305798	0.0	0.0	
25.490111767599792	2.939756883146475	0.0	0.0	
24.741206525021227	3.8978852553704133	0.0	0.0	
25.02732510035303	5.375867739385075	0.0	0.0	
25.362070651445705	5.743309678534498	0.0	0.0	
25.464841444197802	6.9176876747564275	0.0	0.0	
25.083085312450613	7.993654327340394	0.0	0.0	
25.165110148583743	9.060398352426049	0.0	0.0	
24.676589284276492	9.975736317132993	0.0	0.0	
24.922412364875182	11.101621666401302	0.0	0.0	
25.405451223434778	11.780765063059276	0.0	0.0	
25.193013373539593	12.751437431563023	0.0	0.0	
24.50708730176711	13.826912676895816	0.0	0.0	
24.60180862512136	14.716621182440461	0.0	0.0	
24.546216033240626	15.91986907317695	0.0	0.0	
25.27908617901878	17.1493381728498	0.0	0.0	
24.886402734146657	18.36242414143983	0.0	0.0	
24.8874391656039	19.3740957844592	0.0	0.0	
24.746037085489892	19.62468194359044	0.0	0.0	
25.139376454358825	21.057718715308688	0.0	0.0	
24.5919927989394	21.52005909969688	0.0	0.0	
24.942506745660022	23.271513547341016	0.0	0.0	
25.420660661994088	23.72037538545212	0.0	0.0	
24.53768540764254	24.5105425746162	0.0	0.0	
24.938982362062042	26.412502072936057	0.0	0.0	
24.65275942465099	26.615642660389362	0.0	0.0	
24.875273295142794	27.53850675351079	0.0	0.0	
24.917681629206047	28.594149576313505	0.0	0.0	
25.494087427482164	29.995972792520824	0.0	0.0	
24.847496085770523	30.802563267286764	0.0	0.0	
25.824155615140633	0.3008192098549516	0.0	0.0	
25.96500427049148	1.0807936621726415	0.0	0.0	
25.700995157312622	1.6209253214618613	0.0	0.0	
26.32147176220915	3.174540686966406	0.0	0.0	
25.59727685196213	3.738425146352586	0.0	0.0	
26.167410124659607	4.677433063508961	0.0	0.0	
26.305893153380882	5.815009669720497	0.0	0.0	
25.874621838822	6.945473142434741	0.0	0.0	
25.762656142117862	8.459530002772102	0.0	0.0	
25.590500637806116	8.648912516870105	0.0	0.0	
25.85033986444946	10.271482782468949	0.0	0.0	
26.2592462023616	10.583088285908712	0.0	0.0	
26.4493216868538	12.232194005751026	0.0	0.0	
25.51245324547732	12.70191438870951	0.0	0.0	
26.0644291174309	13.812908030637136	0.0	0.0	
25.59899318575312	14.87811735450447	0.0	0.0	
25.58011601016246	15.754506435276776	0.0	0.0	
26.220133271420192	17.312489463226786	0.0	0.0	
26.165484054810452	17.961378746676836	0.0	0.0	
25.79882917614478	19.46966285691498	0.0	0.0	
26.10860619031805	19.667476480482236	0.0	0.0	
26.497959013567097	20.70050323739452	0.0	0.0	
25.769272172344373	22.382270281168353	0.0	0.0	
26.332111443943795	22.950148330504952	0.0	0.0	
25.719980421251933	23.580436700210765	0.0	0.0	
26.134001553084385	25.384457179967285	0.0	0.0	
25.522282286613034	26.054208548062554	0.0	0.0	
26.38116164826728	26.63045125873061	0.0	0.0	
26.267035480767603	28.171277352230714	0.0	0.0	
26.320177744029838	29.45620405114297	0.0	0.0	
25.560155735951575	30.487702867437356	0.0	0.0	
25.903124512856195	31.018378410947097	0.0	0.0	
27.392506268167615	0.48298748875252295	0.0	0.0	
27.152220375426865	0.7803212629499953	0.0	0.0	
26.786390275242923	1.7889859765133043	0.0	0.0	
27.15428070595093	3.3106794924335072	0.0	0.0	
27.063378896402646	4.191352108917323	0.0	0.0	
27.30507197573451	5.065681072550645	0.0	0.0	
27.150770131870544	6.181938433565275	0.0	0.0	
26.800707062911282	6.668189347146365	0.0	0.0	
27.13418106144902	8.334990942750052	0.0	0.0	
26.592694156911982	9.449794286180868	0.0	0.0	
26.862355759585427	9.955632923010889	0.0	0.0	
27.13855740588548	10.608196330073506	0.0	0.0	
27.27029813069621	12.31250598369599	0.0	0.0	
26.869159503945074	12.716168619401268	0.0	0.0	
26.700905839073346	14.292334178368346	0.0	0.0	
26.569783400254387	14.933558080942856	0.0	0.0	
26.65895599824545	15.847547370689941	0.0	0.0	
27.476870959218623	16.809395759976056	0.0	0.0	
27.46680547277415	17.854340751409158	0.0	0.0	
26.66923288527219	18.841569913514917	0.0	0.0	
26.887928598853197	20.39680587514591	0.0	0.0	
26.908790729605798	21.083642489280628	0.0	0.0	
27.317546514571994	21.64003844431382	0.0	0.0	
26.5676042136303	23.473086410522534	0.0	0.0	
26.768195713080026	23.98892684573941	0.0	0.0	
27.05591851888855	25.16227471185878	0.0	0.0	
27.102264712558846	25.684090704344793	0.0	0.0	
27.468074024875232	26.58013812852191	0.0	0.0	
27.420081697766854	28.068776482783207	0.0	0.0	
27.117531460028395	28.80474507857272	0.0	0.0	
26.805506792143984	30.152542887614004	0.0	0.0	
26.557319662860888	31.131940068616046	0.0	0.0	
28.08081093184399	0.42134568513142523	0.0	0.0	
27.63255921938255	0.5937958044367979	0.0	0.0	
28.143447963510027	2.4277999131321586	0.0	0.0	
28.233797739979273	3.185702143277263	0.0	0.0	
27.89629810288848	3.6988433287891778	0.0	0.0	
28.1283961915214	5.351030799540422	0.0	0.0	
28.307478132927947	5.783033280860906	0.0	0.0	
28.331751913640588	6.551924708381858	0.0	0.0	
27.65220792332941	8.066666591617782	0.0	0.0	
27.928127399835244	9.492330168994288	0.0	0.0	
27.507697078348922	9.785676062703324	0.0	0.0	
27.82367219313334	10.838518097309006	0.0	0.0	
28.483227822594444	11.815441050902745	0.0	0.0	
28.094077764848656	12.532044165200217	0.0	0.0	
28.463725876598676	14.488846574455698	0.0	0.0	
27.824824487753375	15.484746411417417	0.0	0.0	
27.878741161553386	16.23781201001625	0.0	0.0	
27.903274165932352	17.4685923042522	0.0	0.0	
27.5777531466625	17.700573581795155	0.0	0.0	
27.82711181034372	18.904650182228593	0.0	0.0	
27.94203479649436	20.43657063727556	0.0	0.0	
27.979025412991895	20.87624979124577	0.0	0.0	
28.33739635492692	22.220155304523228	0.0	0.0	
28.017747885922695	22.646463645449288	0.0	0.0	
28.031914273984533	24.474803931404402	0.0	0.0	
27.57009870237736	25.419789706448842	0.0	0.0	
27.847716500876448	26.4824214598247	0.0	0.0	
27.778076381534742	26.524665511379034	0.0	0.0	
28.352389366561866	27.564123163438015	0.0	0.0	
28.316328369329945	28.83524072278981	0.0	0.0	
28.427978939790123	30.463217049275144	0.0	0.0	
28.34242019156374	30.652490233081107	0.0	0.0	
28.748241437867012	0.4847625474515309	0.0	0.0	
29.42913409390608	1.2149186658291322	0.0	0.0	
29.282968380985004	2.419677516742185	0.0	0.0	
29.06966454725099	2.5147387771421017	0.0	0.0	
29.470391327475806	4.296494258923645	0.0	0.0	
28.61218813632736	5.05747752653501	0.0	0.0	
28.973286946131974	5.575036106727094	0.0	0.0	
29.054774245519415	6.699465695802602	0.0	0.0	
28.53054777490228	7.725173377291571	0.0	0.0	
28.786956951549534	8.98641608098555	0.0	0.0	
29.332769138560607	9.896110921014783	0.0	0.0	
29.380335186359215	11.397499321101453	0.0	0.0	
28.56378980643206	12.190288449854238	0.0	0.0	
29.34663573027532	13.43999035379703	0.0	0.0	
29.28854794350781	14.336087871730571	0.0	0.0	
29.36326137911244	15.087433642920988	0.0	0.0	
28.909083504508974	16.23567341523856	0.0	0.0	
28.78583825068475	16.88404423800246	0.0	0.0	
29.175458124935314	17.832865826569876	0.0	0.0	
29.383644819551606	19.264271220414656	0.0	0.0	
28.779518995188585	20.25335160991977	0.0	0.0	
29.127680596929917	20.63096350303509	0.0	0.0	
28.833652943578425	22.381268918159183	0.0	0.0	
28.70859449056042	23.002314181292345	0.0	0.0	
28.80227381030697	24.042801260936887	0.0	0.0	
28.69010073581216	24.6221733458582	0.0	0.0	
29.469374712449124	25.78630976396364	0.0	0.0	
28.85485383030766	26.606348556050122	0.0	0.0	
28.674747533932514	28.28278190481424	0.0	0.0	
28.8376272333397	29.183024211044295	0.0	0.0	
29.35280849777008	29.578010704319873	0.0	0.0	
28.61508774331846	30.964404153393893	0.0	0.0	
29.849866759276473	0.3185925017547081	0.0	0.0	
30.340889692742135	1.3280256795506307	0.0	0.0	
30.401497411395027	1.5336904681612755	0.0	0.0	
30.33062437772118	2.8748800450461993	0.0	0.0	
29.905517322469017	4.191378494737055	0.0	0.0	
29.565009077242824	4.756242367178367	0.0	0.0	
30.151892323923008	5.696944302019474	0.0	0.0	
29.551312840408073	7.414362649831652	0.0	0.0	
29.947417024422318	8.18187708667697	0.0	0.0	
30.163853991677772	9.194058463175057	0.0	0.0	
29.609970507519872	10.428543076590026	0.0	0.0	
30.236077853123287	11.030188931183599	0.0	0.0	
29.79551971972891	12.094762168122978	0.0	0.0	
29.77778977995356	12.54332747409285	0.0	0.0	
30.231678263483378	13.806783300813306	0.0	0.0	
30.018983496522797	14.734910003698113	0.0	0.0	
29.541281053369296	15.713641363428707	0.0	0.0	
29.520263587604706	16.57631432569592	0.0	0.0	
29.712421849317035	17.683650699057424	0.0	0.0	
30.271189272653835	19.352145382341092	0.0	0.0	
30.064826818888893	19.79434937222211	0.0	0.0	
29.947244400128678	20.953208427568367	0.0	0.0	
30.493446710533547	21.56530216936135	0.0	0.0	
30.095794238113744	22.97119674011203	0.0	0.0	
30.265096494785258	24.19253369132449	0.0	0.0	
30.123311994621332	25.213840252367387	0.0	0.0	
30.158113101444947	26.480221067827127	0.0	0.0	
29.854319846661795	27.11197025300844	0.0	0.0	
30.34026500760062	27.98485402472408	0.0	0.0	
30.34896638527107	28.83698254119155	0.0	0.0	
30.211710024553323	30.492838862456207	0.0	0.0	
29.9004222544897	30.719553299103715	0.0	0.0	
31.08023137860583	0.3004392663541646	0.0	0.0	
30.703071379048723	1.0704399740806485	0.0	0.0	
30.628629875538735	2.3431834031748537	0.0	0.0	
31.49590248361228	3.1637105353156607	0.0	0.0	
30.941130418889305	3.6605244648838227	0.0	0.0	
30.96562294991033	5.48227430435308	0.0	0.0	
30.749796966643526	6.318322629110974	0.0	0.0	
30.87870849828121	6.591964776855642	0.0	0.0	
30.654783725129445	8.221388065254166	0.0	0.0	
31.180094967597462	9.277365405935951	0.0	0.0	
31.241037236905466	9.939371561564037	0.0	0.0	
30.66553948860284	11.073140907052476	0.0	0.0	
30.785504287709575	12.210552166173601	0.0	0.0	
31.09660944925713	12.870120503054002	0.0	0.0	
31.068302585495896	14.292318967047494	0.0	0.0	
31.020519592869334	15.153645045623785	0.0	0.0	
31.325235344305955	15.787615115566272	0.0	0.0	
30.814545496763547	17.32419816194466	0.0	0.0	
30.888651786202946	18.467544866273517	0.0	0.0	
31.359621952969444	18.678991686767333	0.0	0.0	
31.3347532278093	19.529194339762967	0.0	0.0	
31.43601585563214	21.176276210661275	0.0	0.0	
30.731150718766067	21.765800029625687	0.0	0.0	
31.082088025875265	23.033923079359568	0.0	0.0	
30.996571031052568	24.238629553784474	0.0	0.0	
31.019792055708717	24.78535910748605	0.0	0.0	
31.131751834466616	25.693984158422634	0.0	0.0	
31.456550908557887	27.43469425495575	0.0	0.0	
30.581475374100684	27.71762804687574	0.0	0.0	
30.914944574451518	29.002023285643922	0.0	0.0	
31.12204392708574	30.474427734512762	0.0	0.0	
30.663468083695562	31.189208433927835	0.0	0.0	
