2
32.0	0.0	0.0	0.0	
0.0	32.0	0.0	0.0	
0.33777033644559296	0.11044045918665579	0.0	0.0	
0.17670107291997905	0.8609459577776115	0.0	0.0	
0.1238448372444585	2.4908122834793422	0.0	0.0	
0.406634993460364	2.838756029767494	0.0	0.0	
0.38959487532020065	3.8334349851908693	0.0	0.0	
0.4920314010520652	4.783762472486901	0.0	0.0	
0.4281045966681668	5.8956036697076035	0.0	0.0	
0.1419388126924811	7.389620786228675	0.0	0.0	
0.36849328128825964	7.59140151677037	0.0	0.0	
0.30208089251532333	9.193845787561687	0.0	0.0	
0.3043372175135449	10.495796464129612	0.0	0.0	
0.23545718950496852	11.27372758968483	0.0	0.0	
0.16345727977735358	11.96201894929988	0.0	0.0	
0.4162706575306071	12.897708120008655	0.0	0.0	
0.2375116849148935	13.56744661959601	0.0	0.0	
0.14203786154588482	15.416492951078506	0.0	0.0	
0.40907559511482594	15.91600569422843	0.0	0.0	
0.16566412431086774	17.01020577071837	0.0	0.0	
0.23925851539832843	17.96380096473111	0.0	0.0	
0.12026875657429814	18.878636167164032	0.0	0.0	
0.1399796125746009	20.177972267017196	0.0	0.0	
0.41037710591977306	20.549587150366257	0.0	0.0	
0.2493047383319178	22.4551361703752	0.0	0.0	
0.4064762588327948	23.10724986398727	0.0	0.0	
0.011249609126114946	24.2490954159228	0.0	0.0	
0.39832503224961435	24.78282770953273	0.0	0.0	
0.02177442171667765	26.376076149099166	0.0	0.0	
0.4772858927649217	26.737445388538983	0.0	0.0	
0.0415813742847313	27.69866203924226	0.0	0.0	
0.03792709107478276	28.89352811948947	0.0	0.0	
0.3116628391874594	30.24296464034526	0.0	0.0	
0.26393398818095537	31.216933176002726	0.0	0.0	
0.6811493766585852	0.04530589398321894	0.0	0.0	
1.0131788340704835	1.2375652139394155	0.0	0.0	
0.5598890601203634	1.562980929806328	0.0	0.0	
1.2932103200244964	3.3326813205614414	0.0	0.0	
1.2756001925056855	3.9521538570198436	0.0	0.0	
1.0469062510861304	5.032969453666722	0.0	0.0	
1.1937985895452194	5.689151175309625	0.0	0.0	
1.4388656962807254	6.6939270747086965	0.0	0.0	
1.4774639048138871	7.601791349729985	0.0	0.0	
1.2308260491576009	8.786992994493975	0.0	0.0	
1.2407825083817368	9.920231821976607	0.0	0.0	
1.4246634744944564	11.083786632204514	0.0	0.0	
1.3046764564934157	11.62440788528017	0.0	0.0	
0.9495182923312427	13.116465870103614	0.0	0.0	
1.1927249121769865	13.962136512051472	0.0	0.0	
1.0138463045455026	14.851742769605938	0.0	0.0	
1.2204140966272397	16.3544691842049	0.0	0.0	
0.5995097555618065	17.213770671129826	0.0	0.0	
1.0712308292433166	18.445104428784845	0.0	0.0	
0.9916887811131634	18.723880382752576	0.0	0.0	
1.145775914246302	20.082305570741017	0.0	0.0	
0.6636617855946381	21.36420760359439	0.0	0.0	
0.845682551273929	22.29420827889283	0.0	0.0	
0.862547958319756	22.87563387459098	0.0	0.0	
0.7767428422535345	23.869978331449886	0.0	0.0	
1.2418896524926	24.727017807736363	0.0	0.0	
0.5486972019355538	26.401435872490595	0.0	0.0	
1.1351067670679873	26.588399477818236	0.0	0.0	
1.3106883635422064	27.835327150502472	0.0	0.0	
1.2908607480053544	28.850625982055806	0.0	0.0	
0.5524659205672146	30.453816122573855	0.0	0.0	
1.3849641721141461	30.96844306594681	0.0	0.0	
2.185682856957993	0.43890627306134233	0.0	0.0	
2.0457072763832533	1.2631848116093076	0.0	0.0	
1.7385233114892291	1.5621247567976064	0.0	0.0	
2.2669700562138853	2.5951506178000048	0.0	0.0	
2.0907212986436443	3.96320746947564	0.0	0.0	
2.173590374903062	4.7263109715782194	0.0	0.0	
1.747497650197972	6.260789768906821	0.0	0.0	
1.8959102629380276	7.093400100459564	0.0	0.0	
2.430875132493883	7.667643361041503	0.0	0.0	
2.4384389473296855	8.721032228909642	0.0	0.0	
1.6502023521847555	9.83754091141935	0.0	0.0	
2.2790965391397413	11.114173704561408	0.0	0.0	
1.7636858034700895	11.873142614672876	0.0	0.0	
1.8567875520899504	12.594682563179989	0.0	0.0	
2.0834288348249466	14.050373116687831	0.0	0.0	
1.7615995898211163	14.564881800666479	0.0	0.0	
2.122144545326216	15.559322197077353	0.0	0.0	
2.0381507449153946	17.187477057318933	0.0	0.0	
1.9752225303518074	17.8490630743492	0.0	0.0	
2.497235074684499	19.007867399978014	0.0	0.0	
1.7789279268267735	19.76308954107947	0.0	0.0	
1.5510544591657345	21.001541409654546	0.0	0.0	
2.1426958144905504	22.118617854262805	0.0	0.0	
1.6811987869033302	22.867498518509457	0.0	0.0	
1.8962766418945214	23.834380374713884	0.0	0.0	
1.5201352470369902	24.623029112196473	0.0	0.0	
2.172491770266568	25.77507639542997	0.0	0.0	
2.4823457717506145	27.468882638794817	0.0	0.0	
2.3472561678291353	27.75726807664041	0.0	0.0	
2.3122892434463553	29.03198602155974	0.0	0.0	
1.9025628133443218	30.270360348288843	0.0	0.0	
1.5799063497554218	31.400291788095224	0.0	0.0	
2.8664935980743564	0.16673392478096838	0.0	0.0	
2.6380182061501207	0.6495270985239283	0.0	0.0	
2.6476980199343996	1.8153868484396654	0.0	0.0	
3.1341964493462195	3.1166771692731348	0.0	0.0	
2.673935990067266	4.35179230882706	0.0	0.0	
3.1051692808726776	4.601510717582476	0.0	0.0	
3.406766742315199	5.938461032021138	0.0	0.0	
3.0094867337889615	6.545385266276934	0.0	0.0	
3.4842386657356195	7.779113163776794	0.0	0.0	
2.891734866138333	8.86528015146367	0.0	0.0	
3.363524859525736	10.168638842699636	0.0	0.0	
3.4466002565446914	10.549921139037398	0.0	0.0	
3.4918230295663797	12.266670365830576	0.0	0.0	
2.6186424487368685	12.532592858728496	0.0	0.0	
3.0053030610376914	13.709097405674543	0.0	0.0	
3.1970776239261216	15.269808436074868	0.0	0.0	
3.47533630078791	16.351743667000033	0.0	0.0	
3.474577009851227	16.713172428873005	0.0	0.0	
3.266310213396615	18.08575720137397	0.0	0.0	
3.186199359932199	18.942172385560415	0.0	0.0	
3.371713803436319	19.691190628395862	0.0	0.0	
3.289508581174592	20.770229174278768	0.0	0.0	
3.2159013508379313	21.916767733107253	0.0	0.0	
2.937674571925922	23.15254572972689	0.0	0.0	
2.8501106987849694	23.658709014864314	0.0	0.0	
2.5782292757366396	24.672830598966204	0.0	0.0	
2.906079127943244	26.484197917822822	0.0	0.0	
3.119246110878086	26.910195192445315	0.0	0.0	
3.497302887269085	27.658240511091538	0.0	0.0	
3.2552008723427828	28.768296173494964	0.0	0.0	
2.9622370210967484	30.03757107855536	0.0	0.0	
3.4118454307912813	31.024971523689327	0.0	0.0	
3.763280923255742	0.47638986201969724	0.0	0.0	
3.817762653179055	1.3415195916717408	0.0	0.0	
4.457177953891559	2.2013925393683467	0.0	0.0	
4.284051683019347	3.149730262711844	0.0	0.0	
3.976885052494025	3.988695342274697	0.0	0.0	
4.369909952828301	5.3880873111246	0.0	0.0	
4.044075064067515	6.259138689403043	0.0	0.0	
4.165977690474923	7.263765530851372	0.0	0.0	
3.8720426214829207	8.03425637700087	0.0	0.0	
4.0420215421343215	8.704012122386965	0.0	0.0	
3.8723608654687913	9.700410424653871	0.0	0.0	
3.581036941160288	10.979612911985386	0.0	0.0	
3.982786700869387	12.343369920823053	0.0	0.0	
3.7550751269824882	13.136748270438355	0.0	0.0	
4.029750547844322	13.784262413531257	0.0	0.0	
3.678872208547583	15.47024725407137	0.0	0.0	
4.433748248442086	16.157838083617158	0.0	0.0	
4.2209743737326075	17.215034955173405	0.0	0.0	
4.4605058275871805	17.794126804863655	0.0	0.0	
3.919396969715116	19.342362098535272	0.0	0.0	
3.856109756468195	19.555111978170533	0.0	0.0	
3.734911211253502	21.402003123465388	0.0	0.0	
3.732541900157979	22.11381001351252	0.0	0.0	
4.4613974943378505	22.988284576528898	0.0	0.0	
3.502709979466951	23.585723478883235	0.0	0.0	
3.6600608482999784	25.22942076484698	0.0	0.0	
3.733069986882813	26.276476049655354	0.0	0.0	
4.1651429053972615	26.56615836844541	0.0	0.0	
3.9023360969818466	27.769741916770123	0.0	0.0	
3.832906096602522	29.28017333719998	0.0	0.0	
3.7288494992810395	29.89699493335196	0.0	0.0	
4.046379063130339	30.61925995280867	0.0	0.0	
4.764605981331353	0.024803705620796923	0.0	0.0	
5.3350472532217115	0.672629471440401	0.0	0.0	
4.594760898367401	2.3482565075679194	0.0	0.0	
4.912405475784932	3.1800608161194446	0.0	0.0	
4.75032565713377	4.453408439972214	0.0	0.0	
5.194441597320583	5.429138881394214	0.0	0.0	
5.08331421995957	5.95111191627356	0.0	0.0	
5.390412047812371	6.920377193741309	0.0	0.0	
5.39527990296077	7.749742210290809	0.0	0.0	
5.2559689879469795	9.42795597927348	0.0	0.0	
5.402194142265134	10.26121042357005	0.0	0.0	
4.527512524794634	10.700961028541657	0.0	0.0	
4.56806103881181	11.78559106222915	0.0	0.0	
5.308906891963556	12.640364021946432	0.0	0.0	
5.394626359466178	14.377189482964834	0.0	0.0	
5.069288998999385	14.784261774786652	0.0	0.0	
4.54196815725991	15.90322063192157	0.0	0.0	
4.949554983206825	16.63067712904364	0.0	0.0	
4.654436996808212	18.206978248051872	0.0	0.0	
5.40696124538228	19.086380083961302	0.0	0.0	
5.005448485267736	20.22095673402707	0.0	0.0	
4.893781888803201	21.279363014578834	0.0	0.0	
5.480680593966823	22.012152887169282	0.0	0.0	
5.159193074419515	22.75055852332784	0.0	0.0	
4.721722028085082	23.968041661302603	0.0	0.0	
4.668510647740172	24.664907807331343	0.0	0.0	
5.479780689701229	25.65780918861181	0.0	0.0	
4.618282723138053	27.085133053962505	0.0	0.0	
4.55783567103991	27.896022877064414	0.0	0.0	
4.506003098601569	29.465398487838208	0.0	0.0	
4.5879396647820485	29.81211816290289	0.0	0.0	
4.809185679883968	30.921398993393236	0.0	0.0	
5.767902147131821	0.1964237781532321	0.0	0.0	
6.2319586227965615	1.0559388184437584	0.0	0.0	
5.687816887666378	1.6666378876091041	0.0	0.0	
6.061779617558793	3.1381160286938448	0.0	0.0	
5.904179188706633	3.82082434280679	0.0	0.0	
5.6096630492831245	5.334374924252765	0.0	0.0	
5.733437697334216	6.143182814450428	0.0	0.0	
6.432753082269156	6.742927448724158	0.0	0.0	
5.671461380547798	7.874096822687815	0.0	0.0	
5.840494192989406	9.37004573646023	0.0	0.0	
5.595175944768741	9.835204342708371	0.0	0.0	
6.406550511102775	10.51171499710765	0.0	0.0	
5.529441235385559	12.48990385977714	0.0	0.0	
5.523084271267441	12.543803978887745	0.0	0.0	
5.778120728422687	13.543171883075136	0.0	0.0	
5.72694898842715	15.379146204710585	0.0	0.0	
6.086865525523228	16.346384803888007	0.0	0.0	
6.429150757501081	16.670060968211477	0.0	0.0	
5.7492714071509585	17.688838044659136	0.0	0.0	
6.214350730940638	18.72713140103976	0.0	0.0	
5.537079502913365	20.1030461457018	0.0	0.0	
5.628549886878455	21.157459232326687	0.0	0.0	
6.249893813039813	21.729047955556837	0.0	0.0	
5.8741551798552685	22.531006716650168	0.0	0.0	
6.427741126825861	23.732241578777643	0.0	0.0	
5.685474535157649	24.71987819822754	0.0	0.0	
5.907461203909722	25.657161359427686	0.0	0.0	
5.867559522206083	26.724892431696627	0.0	0.0	
6.24017249676193	28.20496557028721	0.0	0.0	
5.9035468370664965	28.74606278326065	0.0	0.0	
5.983847870188805	30.043836351211514	0.0	0.0	
5.7474839524184285	31.24235710485805	0.0	0.0	
7.219642749512863	0.24369406095412405	0.0	0.0	
7.4597819652840425	1.2227233273635845	0.0	0.0	
7.295751509738114	2.3062356020447923	0.0	0.0	
6.690704272331208	2.5320926164482693	0.0	0.0	
7.117907077458392	4.372705252978143	0.0	0.0	
6.584780171715368	4.905838710160133	0.0	0.0	
7.318914124444642	6.0700688187503244	0.0	0.0	
7.4773288373539835	7.422531360573912	0.0	0.0	
6.744540123588562	8.283497522055654	0.0	0.0	
6.622773208257694	9.335694461832164	0.0	0.0	
7.202197286500932	10.256008597604719	0.0	0.0	
7.26676215812299	10.847148556331037	0.0	0.0	
6.785314878152693	12.353248179316271	0.0	0.0	
7.483546709286491	13.115904055508908	0.0	0.0	
7.452416294584314	14.335963891772487	0.0	0.0	
6.522853018926986	15.019690639855002	0.0	0.0	
7.460285890688315	16.331718757976642	0.0	0.0	
6.799664601802398	17.478060694163656	0.0	0.0	
7.2529895273871015	18.211860948624057	0.0	0.0	
6.771076065186155	19.153351375149583	0.0	0.0	
7.2276795427709	19.717357347215685	0.0	0.0	
7.116038350969728	21.007447077598094	0.0	0.0	
6.712283371697294	22.071977365416284	0.0	0.0	
7.211210504955246	22.708950993709053	0.0	0.0	
6.569531084896903	23.74866978795258	0.0	0.0	
7.1588821764585	24.786168080234184	0.0	0.0	
7.472095013565528	25.917966842471184	0.0	0.0	
7.180335386131355	27.188206239896093	0.0	0.0	
7.288568839066161	27.724325989283727	0.0	0.0	
7.295596771180115	28.983665675111766	0.0	0.0	
7.021477556780421	29.538810389481473	0.0	0.0	
7.497583997403539	31.211925835790847	0.0	0.0	
8.258045522617326	0.18576884610948918	0.0	0.0	
8.407488588930628	0.6665039775264436	0.0	0.0	
7.836833777490184	1.7952958847317269	0.0	0.0	
7.666116379773475	2.6880740616157897	0.0	0.0	
8.472079841889904	4.153702944287893	0.0	0.0	
8.211224846742002	5.070966071932967	0.0	0.0	
8.214369761646967	6.021766267397535	0.0	0.0	
7.951974183240557	7.4179406402540184	0.0	0.0	
8.327189334132338	8.238985474637463	0.0	0.0	
8.113876181635419	9.20077557543038	0.0	0.0	
8.006811406204179	10.339974933416105	0.0	0.0	
8.060157643967525	10.940666232071083	0.0	0.0	
8.415366085548175	12.344934715960845	0.0	0.0	
8.496770003175007	12.92699517831807	0.0	0.0	
8.113130278797055	14.049545655624925	0.0	0.0	
8.042952893543692	14.591170054401756	0.0	0.0	
7.903374175807839	16.247004930962046	0.0	0.0	
7.728582573001964	17.43534940070422	0.0	0.0	
7.6640608699793455	18.365410282630272	0.0	0.0	
8.166345770826357	19.34165003853582	0.0	0.0	
8.019792859911231	20.075027613472166	0.0	0.0	
8.448793865852346	20.80009241933286	0.0	0.0	
7.510837444931955	21.985070799775272	0.0	0.0	
7.882309305709682	22.86763355068791	0.0	0.0	
7.562990185412367	24.171722292183407	0.0	0.0	
7.966466494703654	24.87944441350344	0.0	0.0	
8.221199402101709	26.0031537627802	0.0	0.0	
8.228505741490295	26.834241592388494	0.0	0.0	
7.740633754904712	27.813078152743476	0.0	0.0	
8.177280617971713	28.752133931071615	0.0	0.0	
7.503151608326011	30.44061926224122	0.0	0.0	
8.098772749155975	30.755811149892125	0.0	0.0	
8.613474455617123	0.3970351782960574	0.0	0.0	
9.476764201181414	1.2245518991395237	0.0	0.0	
8.551769196002303	1.5943175189781342	0.0	0.0	
8.911197892067607	2.773380061950919	0.0	0.0	
8.584102675865452	4.215833375884878	0.0	0.0	
9.134426740817133	4.5935740390827275	0.0	0.0	
8.790132142024408	5.712847994610058	0.0	0.0	
9.460544842081852	7.142339744377036	0.0	0.0	
8.963765473229714	8.083401990261336	0.0	0.0	
8.883193225605522	8.919280904175958	0.0	0.0	
8.997969648392452	9.769596721196015	0.0	0.0	
9.48031280258047	11.491058681424814	0.0	0.0	
9.452174764943308	12.23689243100092	0.0	0.0	
9.038521076736952	13.404123904715295	0.0	0.0	
8.602546335595655	13.628154689620876	0.0	0.0	
9.283836782550312	15.052964796804543	0.0	0.0	
9.253543329593985	16.11868239472833	0.0	0.0	
9.274053568472496	17.384807521014512	0.0	0.0	
8.859363777977615	18.445354928064045	0.0	0.0	
8.84837462045902	19.27628837572887	0.0	0.0	
9.404165433279628	20.37918100080005	0.0	0.0	
8.692456946708234	20.986856526648655	0.0	0.0	
8.652760165155147	22.230115750340936	0.0	0.0	
8.798171625296849	23.35607809381529	0.0	0.0	
8.56819623068127	23.74074820055907	0.0	0.0	
9.358382422140775	25.043891876459313	0.0	0.0	
8.718351527250919	25.607939895213608	0.0	0.0	
9.24988442958062	27.43040510951203	0.0	0.0	
8.890169091595538	28.036071628880155	0.0	0.0	
8.818311785853846	28.956435834813398	0.0	0.0	
8.900950001771859	29.90632409317253	0.0	0.0	
9.408880102032219	30.80321725490712	0.0	0.0	
9.554329102350911	0.41239084558513606	0.0	0.0	
9.991792758649693	0.8204509052649928	0.0	0.0	
10.202745063120448	2.164706404233373	0.0	0.0	
9.800427458908453	3.2460526402248577	0.0	0.0	
10.206155969733905	3.7717754143319038	0.0	0.0	
9.860115071361264	5.337650960910345	0.0	0.0	
9.755757417435634	6.307077040201229	0.0	0.0	
10.032042727072053	7.164257634960217	0.0	0.0	
9.967355947759634	8.163462270005677	0.0	0.0	
9.822711130247333	8.839614647109828	0.0	0.0	
9.568349015816928	10.068043069335967	0.0	0.0	
10.182397233835726	10.800047511096697	0.0	0.0	
10.361919364321022	11.86848539840839	0.0	0.0	
9.927191519479715	12.683490496424032	0.0	0.0	
9.500584408377104	14.118574195929503	0.0	0.0	
9.811443339000322	15.378925764917046	0.0	0.0	
9.926443019230142	16.40882929370369	0.0	0.0	
9.530601125914453	17.0064933261429	0.0	0.0	
10.052163700754452	17.868210500203535	0.0	0.0	
9.59292374687902	18.612519699437605	0.0	0.0	
9.742072120183888	19.534525808178465	0.0	0.0	
9.533706264153942	20.566413705762542	0.0	0.0	
9.878590503060202	21.82152562685236	0.0	0.0	
9.75290918042515	23.013079730041774	0.0	0.0	
10.125352032932922	23.950877305885754	0.0	0.0	
10.24741054792485	25.34850133828934	0.0	0.0	
9.55023334223238	26.137002193287767	0.0	0.0	
9.766514135893889	27.140233038926517	0.0	0.0	
9.999057125506543	28.41333069641592	0.0	0.0	
10.026415051388627	29.44289624982783	0.0	0.0	
10.4951171689988	29.915850380655844	0.0	0.0	
9.727364770438706	30.69937841254651	0.0	0.0	
10.845191952305884	0.3970276130897368	0.0	0.0	
10.952644924361193	1.4314115632620843	0.0	0.0	
11.429734058581767	2.077138129800199	0.0	0.0	
11.497733194400881	2.91595145381807	0.0	0.0	
11.208791539393388	3.662208821442228	0.0	0.0	
10.664830137691792	5.324873519274579	0.0	0.0	
11.30927637325893	5.871484694102155	0.0	0.0	
10.568531869546412	6.7607866780802945	0.0	0.0	
10.771689078262792	7.825509623224591	0.0	0.0	
11.316566582209168	8.583684773717572	0.0	0.0	
10.928040001059815	9.936289729386564	0.0	0.0	
11.430914164987083	11.144291780505082	0.0	0.0	
10.823435403224119	11.615703084251505	0.0	0.0	
11.219694628527595	12.572432105817086	0.0	0.0	
10.706831856922502	14.435216735759827	0.0	0.0	
10.867190640830872	14.649866005640188	0.0	0.0	
11.372081531320852	16.18445570016449	0.0	0.0	
10.933296535556954	17.33027388651523	0.0	0.0	
11.469645779758206	18.209875596377625	0.0	0.0	
11.327002126671648	19.168088159545334	0.0	0.0	
10.791943219909005	20.075505066827734	0.0	0.0	
11.407474934296136	21.111224045945328	0.0	0.0	
11.496869740379346	21.985217916098524	0.0	0.0	
10.575940270749392	23.329410905871146	0.0	0.0	
11.262740448959875	24.099711706432608	0.0	0.0	
11.373827881999436	24.961855324632275	0.0	0.0	
10.621301156875145	25.821271106240115	0.0	0.0	
11.294913525891218	27.360455949642095	0.0	0.0	
10.536790600167807	28.2080829715874	0.0	0.0	
10.951056970881895	28.95992323475813	0.0	0.0	
10.726082569752933	30.119431788373	0.0	0.0	
11.210715210951117	30.702992654353917	0.0	0.0	
11.539876455676279	0.44851471064732107	0.0	0.0	
11.684026449991308	1.0963640450730274	0.0	0.0	
12.179472304777585	2.2576050301579644	0.0	0.0	
11.70239140054059	3.3204409870617173	0.0	0.0	
11.888168262958652	3.612068467337288	0.0	0.0	
11.708931586093213	4.797598820542534	0.0	0.0	
11.581014849904294	6.261905058052699	0.0	0.0	
11.739537517622757	6.9429133893248265	0.0	0.0	
11.61681197971618	8.186087183121105	0.0	0.0	
12.362954655386355	8.916683917960876	0.0	0.0	
12.127595918116741	9.965144306458333	0.0	0.0	
11.922228996637468	10.674347923633178	0.0	0.0	
12.400902179034022	12.009334024724826	0.0	0.0	
11.56387483694484	12.70260664876176	0.0	0.0	
12.368109241699997	14.155430057950998	0.0	0.0	
12.161566231337058	14.791257658750945	0.0	0.0	
12.454303947889175	16.09161540344725	0.0	0.0	
12.138966882735529	17.10690849676015	0.0	0.0	
12.397561815771919	18.446890022390516	0.0	0.0	
12.486364271016262	19.18992063050633	0.0	0.0	
11.663786120860262	20.262571763481162	0.0	0.0	
12.001374264845643	21.101667877947477	0.0	0.0	
11.797727893396097	21.551743902314932	0.0	0.0	
11.580091062972983	22.721251474410924	0.0	0.0	
11.584620092787828	23.938415229388937	0.0	0.0	
11.650498864391137	25.372945718025267	0.0	0.0	
11.860057380774224	26.310435341639113	0.0	0.0	
12.40866671305126	26.674520676833883	0.0	0.0	
11.719571458435095	27.939178189766483	0.0	0.0	
12.020559557215384	28.92894982838196	0.0	0.0	
12.386823075191442	30.329295091109667	0.0	0.0	
12.226744261785157	31.124855708918755	0.0	0.0	
13.309847232857042	0.012362481477161902	0.0	0.0	
12.995227402369263	1.1145632882866026	0.0	0.0	
12.925219811467011	2.082876099283144	0.0	0.0	
12.857249538099905	3.473243318940833	0.0	0.0	
13.210128208967514	4.316192174671061	0.0	0.0	
13.358887293259734	4.918619561452487	0.0	0.0	
13.462926010171575	5.701910186146372	0.0	0.0	
13.132646392537062	7.39807680567568	0.0	0.0	
12.75238427776678	7.889485089496507	0.0	0.0	
13.244970639000845	9.013039616791122	0.0	0.0	
12.86053676715154	9.507793232191304	0.0	0.0	
12.588689623223447	10.620526848243642	0.0	0.0	
13.38881622389602	12.3882160390951	0.0	0.0	
12.815896314428837	13.280653809639908	0.0	0.0	
12.8255741357533	14.376610587169688	0.0	0.0	
12.537887116003764	14.758793325096265	0.0	0.0	
13.400526704314416	15.773690043373303	0.0	0.0	
13.374538262850907	17.071945674155565	0.0	0.0	
12.789277686632749	18.49232400045746	0.0	0.0	
12.678778826703745	19.016388723644333	0.0	0.0	
13.256446209448626	20.34383034462305	0.0	0.0	
12.900482043506775	20.895505378986634	0.0	0.0	
12.563257016488084	21.63456179401521	0.0	0.0	
13.142023716964403	22.844903102282515	0.0	0.0	
12.57678044419972	24.205178040031505	0.0	0.0	
13.221885399290194	25.1262385295592	0.0	0.0	
13.346246730896794	25.723156781429445	0.0	0.0	
12.918270290262505	27.473033880421067	0.0	0.0	
13.409417455178849	28.110761169738545	0.0	0.0	
13.319578304252763	28.610388419527524	0.0	0.0	
13.243108037079384	30.172992079173152	0.0	0.0	
12.839567211666637	30.844170470468818	0.0	0.0	
14.052985079652945	0.4289673203648343	0.0	0.0	
14.066270602382756	1.2457385841921695	0.0	0.0	
13.577331312018726	1.8134117290477934	0.0	0.0	
14.184665542745382	2.5849549695139373	0.0	0.0	
13.871296101290548	3.5885906736223867	0.0	0.0	
14.487730000759209	4.702660918911552	0.0	0.0	
14.376087547493883	6.346582666286495	0.0	0.0	
14.38213001893479	6.97081905656558	0.0	0.0	
14.202932453041456	7.621525090713572	0.0	0.0	
14.483879564667314	9.100458538538476	0.0	0.0	
14.15147301334671	10.1912403484308	0.0	0.0	
14.195409915761937	11.303557180542722	0.0	0.0	
13.537812893926338	12.267770855621032	0.0	0.0	
13.63065887611067	12.852016869900922	0.0	0.0	
13.98171317519689	14.060584199604207	0.0	0.0	
14.23686850269196	15.016682053061816	0.0	0.0	
14.35230534719033	16.31486614418949	0.0	0.0	
13.729021621761524	17.178235101782327	0.0	0.0	
13.681558700886349	18.322610280800056	0.0	0.0	
14.465413097588364	18.71160770619737	0.0	0.0	
13.597283505033133	20.30384724730493	0.0	0.0	
13.89994565460411	20.98028345577074	0.0	0.0	
13.946964573091389	22.48958939970496	0.0	0.0	
13.564544058984668	23.010188129819156	0.0	0.0	
13.657675855128078	24.030296369692657	0.0	0.0	
13.638472422913964	24.83119833041431	0.0	0.0	
14.15936502331568	25.750291889358483	0.0	0.0	
13.830987621014826	26.740147529190143	0.0	0.0	
14.147753591631654	27.860888301102932	0.0	0.0	
14.342404552367809	29.494088742576853	0.0	0.0	
14.406151917186248	30.261626865717137	0.0	0.0	
13.809609369502752	30.75156681170305	0.0	0.0	
14.960203495117923	0.20407661979466984	0.0	0.0	
15.296670905553656	1.3465003819962322	0.0	0.0	
14.647162943078127	2.1705121785494734	0.0	0.0	
15.161134113325524	3.277861625534429	0.0	0.0	
14.674325426550224	3.5381277062595875	0.0	0.0	
15.380557421565774	5.253772630054771	0.0	0.0	
14.584048314809799	6.4010232983553035	0.0	0.0	
14.763882030400222	6.546359802838494	0.0	0.0	
15.26553823669498	7.6825423224042035	0.0	0.0	
15.301567889486583	8.694123649012628	0.0	0.0	
15.260956337942611	10.275315741173374	0.0	0.0	
15.014615975699249	10.839836746152825	0.0	0.0	
15.287953786054022	12.17392359872235	0.0	0.0	
15.38960396571249	13.438123478390526	0.0	0.0	
15.09504687569263	14.263270093911421	0.0	0.0	
15.29450793167922	14.894668364125558	0.0	0.0	
15.43067771640607	16.35239154729267	0.0	0.0	
14.55656463126138	17.32516567499509	0.0	0.0	
14.889692873302801	17.62447270904424	0.0	0.0	
15.073509559812594	18.840398095098674	0.0	0.0	
15.381519492614359	20.46205695723778	0.0	0.0	
15.122713098938522	21.221200029630275	0.0	0.0	
14.99166032457611	22.403610923980825	0.0	0.0	
14.684429264379046	23.008271124778858	0.0	0.0	
14.916954584663625	24.01893709821263	0.0	0.0	
14.72260852181979	25.473548742116606	0.0	0.0	
14.932970374576525	25.665157905638356	0.0	0.0	
15.33322998396679	26.785829204791685	0.0	0.0	
14.707932080965062	27.622487756635053	0.0	0.0	
14.708445103445117	29.39736148585408	0.0	0.0	
15.057225522484075	29.524000671117616	0.0	0.0	
14.985695226708254	31.225167391626368	0.0	0.0	
15.934517967856095	0.23855373985309636	0.0	0.0	
15.763954547277711	0.9513421452352772	0.0	0.0	
16.154605164469885	2.3257705807086486	0.0	0.0	
16.298713462435835	2.5678772660193685	0.0	0.0	
15.760036667840485	3.969277043917921	0.0	0.0	
16.125916552418467	4.555218959628286	0.0	0.0	
16.411254415108218	6.105839649289136	0.0	0.0	
16.312679374443416	7.479773418414238	0.0	0.0	
16.031670034638204	7.848196561873532	0.0	0.0	
16.07579965169393	8.615286025410553	0.0	0.0	
16.29342608492733	9.693671086285118	0.0	0.0	
16.208939374821178	11.15527080023475	0.0	0.0	
15.848885226398552	11.861410616030764	0.0	0.0	
16.40915698985814	12.835258948112447	0.0	0.0	
15.973801433260801	14.100911628347605	0.0	0.0	
16.33242966252386	15.325638260688347	0.0	0.0	
15.551819456584836	16.135848939653258	0.0	0.0	
15.574964226923932	16.56917654277945	0.0	0.0	
15.503283240133106	18.011205233349354	0.0	0.0	
16.38422333447125	19.291242897563684	0.0	0.0	
16.438171357817616	19.615743332214798	0.0	0.0	
15.98130670420941	20.780575099002036	0.0	0.0	
16.189756339586776	22.125072850788985	0.0	0.0	
15.947299503451687	22.57258764336069	0.0	0.0	
15.561053070640432	23.930426129310153	0.0	0.0	
15.999522280314379	25.121221708584898	0.0	0.0	
16.21767763939633	26.315403128113843	0.0	0.0	
16.056318254326648	27.18322799776921	0.0	0.0	
16.107466348529233	27.606145591510955	0.0	0.0	
16.25032411379722	28.659138886898425	0.0	0.0	
15.87108329164076	29.582523710193556	0.0	0.0	
15.919893253554855	30.788911041055634	0.0	0.0	
16.665412282499233	0.07088104200242362	0.0	0.0	
16.52553987688003	1.360103022005191	0.0	0.0	
17.1918756625228	1.8469145998489367	0.0	0.0	
17.19050210705107	2.701153751946807	0.0	0.0	
16.652638977153327	3.6687174455373164	0.0	0.0	
17.49191231020908	5.386033225782064	0.0	0.0	
16.718720816769938	6.222999478916502	0.0	0.0	
16.561135754550392	6.879555290809828	0.0	0.0	
16.516064550568906	7.633616320331074	0.0	0.0	
16.980930788394637	9.341989862210006	0.0	0.0	
16.897794659993334	10.341253708715774	0.0	0.0	
16.658155201488906	11.251540011301902	0.0	0.0	
17.405931003942936	12.001133457569797	0.0	0.0	
16.58208178704006	13.438969802590812	0.0	0.0	
17.020535619170452	13.59027695053385	0.0	0.0	
16.845571383292373	14.965913281767646	0.0	0.0	
17.41160619959764	15.543591689427833	0.0	0.0	
16.992951426318434	17.328040452633772	0.0	0.0	
17.17677661211274	17.642782692200363	0.0	0.0	
17.481852292498917	19.28882951255305	0.0	0.0	
16.53979576521752	19.841114825879064	0.0	0.0	
17.311906776491853	20.679389374227583	0.0	0.0	
16.6983868066597	22.136053943155474	0.0	0.0	
16.970885416943617	22.575221110514022	0.0	0.0	
16.8935832518971	24.164921156992317	0.0	0.0	
17.23384333778088	25.152774876110588	0.0	0.0	
16.556049240343555	25.779777551710332	0.0	0.0	
17.19322642196094	26.53827017562612	0.0	0.0	
17.253981000229977	28.150177860255486	0.0	0.0	
16.897169291269343	29.08812863948528	0.0	0.0	
16.553032435163367	29.785601695424983	0.0	0.0	
16.53676987558185	30.539942989667246	0.0	0.0	
17.861130100640537	0.4351240000518365	0.0	0.0	
18.01506059340365	1.2826535344330106	0.0	0.0	
18.382800546368838	1.6714620380070266	0.0	0.0	
17.82833215444486	3.4775505453961024	0.0	0.0	
17.59442909222174	4.034199572850217	0.0	0.0	
17.89099538581582	5.270796484344289	0.0	0.0	
17.936173274593905	5.505042321735065	0.0	0.0	
17.88142246748015	6.9062645093462205	0.0	0.0	
18.051323064727423	7.913282864501139	0.0	0.0	
18.151439133641738	8.602555438330345	0.0	0.0	
17.580594162273446	10.167250999406807	0.0	0.0	
18.198788048865836	11.443167171070069	0.0	0.0	
18.30920078408215	12.495893702634138	0.0	0.0	
17.750993947396164	12.960331836460812	0.0	0.0	
18.01673776931759	14.202439858601029	0.0	0.0	
18.02560511908995	15.2683193543348	0.0	0.0	
17.822871406595496	16.077334121666034	0.0	0.0	
18.312176996959096	16.503692885014445	0.0	0.0	
17.837712439213085	18.025265352699854	0.0	0.0	
17.795867054979343	19.048513164704538	0.0	0.0	
18.299026739435934	19.682105013567263	0.0	0.0	
18.100423447556924	21.16954822335255	0.0	0.0	
17.51861479790371	22.035642793291917	0.0	0.0	
17.970778231214517	22.850839513579047	0.0	0.0	
17.82157956112949	24.422545887234314	0.0	0.0	
17.553465655163652	24.6076602547677	0.0	0.0	
17.77510198071879	26.023792923869387	0.0	0.0	
17.834324583243497	27.493136747188593	0.0	0.0	
17.631070995431436	28.14082672597394	0.0	0.0	
18.448545964459704	29.026002707814058	0.0	0.0	
17.73376341291318	30.299672378213586	0.0	0.0	
17.569715694738843	30.82409326297632	0.0	0.0	
19.383011524609618	0.08368516611697951	0.0	0.0	
19.3235039193325	0.9615628605366776	0.0	0.0	
18.518675032617164	1.58153782551507	0.0	0.0	
18.948782971499885	3.0266902083337937	0.0	0.0	
18.568134560946827	4.495215336709563	0.0	0.0	
18.586184843694184	5.263810017179809	0.0	0.0	
19.373167063523052	6.222215555067485	0.0	0.0	
19.11100771630788	7.132497564422215	0.0	0.0	
19.017448213713287	8.124839067743507	0.0	0.0	
19.245893523140182	9.410903165477666	0.0	0.0	
18.632939640339615	9.56594611714695	0.0	0.0	
19.16890399322214	10.909281804370854	0.0	0.0	
19.320407163293417	12.013488487064269	0.0	0.0	
19.449817699722686	13.402572149346442	0.0	0.0	
18.58977762367896	14.205401625978356	0.0	0.0	
18.627905550807792	15.304230537863052	0.0	0.0	
19.29603806497294	15.812728820827509	0.0	0.0	
19.001351051565397	17.016044946062884	0.0	0.0	
18.51826917384535	18.375685361659027	0.0	0.0	
19.00486905243732	18.75701671969415	0.0	0.0	
19.35202962902583	20.48429620973512	0.0	0.0	
18.521809927236887	21.08501908409445	0.0	0.0	
19.40346334987414	21.711447561976474	0.0	0.0	
18.50188328228281	23.277131258436988	0.0	0.0	
19.32713029724657	24.33680805529693	0.0	0.0	
18.734772914690208	24.946283442111326	0.0	0.0	
18.910456553414384	25.8996178508842	0.0	0.0	
18.954326231093155	27.208768046616147	0.0	0.0	
19.188926793137735	27.98306405535474	0.0	0.0	
19.192780622104245	28.962437311474126	0.0	0.0	
19.077612999846007	29.619970244752217	0.0	0.0	
19.253072072575254	31.24444384501207	0.0	0.0	
20.24907142572698	0.020814211082012646	0.0	0.0	
19.915249236669013	1.221231798624872	0.0	0.0	
19.63141299396343	1.6300768068997074	0.0	0.0	
19.889586315472027	2.8259332417638965	0.0	0.0	
19.911356567811918	4.116462429939501	0.0	0.0	
20.393236885827935	5.239192840015663	0.0	0.0	
19.69024995567291	5.926693712014472	0.0	0.0	
20.05556787593109	7.2982486566227625	0.0	0.0	
19.515936757891637	7.577204432670267	0.0	0.0	
19.933802952638	8.744363279914051	0.0	0.0	
19.905839965163022	10.038801962673059	0.0	0.0	
19.766404165319145	10.913396779921682	0.0	0.0	
20.164274364994643	11.974670784846753	0.0	0.0	
19.72955303040654	12.570520334199214	0.0	0.0	
20.426762967597035	14.330865492953244	0.0	0.0	
19.64324959003676	14.957349291151258	0.0	0.0	
20.131111171427484	15.820679214102336	0.0	0.0	
20.40487110122596	17.268688533566724	0.0	0.0	
19.684716492832994	18.207563949301353	0.0	0.0	
19.530858003204944	19.395665316566568	0.0	0.0	
20.219086289353726	19.73378049084202	0.0	0.0	
20.32485250782153	21.498871142199995	0.0	0.0	
19.66951921401476	22.188008837149084	0.0	0.0	
19.958011619171828	23.427802024868058	0.0	0.0	
20.31378681536529	24.040447718317655	0.0	0.0	
19.580943841067185	25.422842902126114	0.0	0.0	
20.046907100157004	25.7693650575499	0.0	0.0	
20.292134636608196	26.502644916960644	0.0	0.0	
20.238214340777397	28.117247336645164	0.0	0.0	
20.111298899924034	28.794755898450457	0.0	0.0	
19.667897166360536	30.386935097614067	0.0	0.0	
20.49747808262938	30.7949205481264	0.0	0.0	
21.233928668736752	0.35674339170529934	0.0	0.0	
21.091876679688134	1.1617710123967733	0.0	0.0	
20.751025776923015	1.8426068351099119	0.0	0.0	
21.042769341196056	3.4943098181713794	0.0	0.0	
20.57287787488122	3.7786243350769326	0.0	0.0	
21.043451148356233	4.689870998119255	0.0	0.0	
21.202684526265394	6.211507656724276	0.0	0.0	
21.010325992636712	6.875066276374099	0.0	0.0	
21.36178512226952	8.306078177568569	0.0	0.0	
20.962044821854988	9.376371244130034	0.0	0.0	
20.74529643213125	9.74257709853546	0.0	0.0	
20.606712651336004	11.076903188610745	0.0	0.0	
20.827100032042125	12.199772044827629	0.0	0.0	
21.300853393985935	13.386478657393058	0.0	0.0	
21.412076514918567	13.952752338830004	0.0	0.0	
20.87240041768956	14.849608230439244	0.0	0.0	
21.48560661311945	16.123721474842963	0.0	0.0	
20.522845814632326	17.44358244610824	0.0	0.0	
20.824058648005916	17.56028224908352	0.0	0.0	
21.133422974005725	18.841240188625022	0.0	0.0	
21.150451455755316	19.933133907956165	0.0	0.0	
20.99440100786042	20.63091998028991	0.0	0.0	
20.65973152754107	21.81418690931876	0.0	0.0	
21.399493147169487	23.496589438787034	0.0	0.0	
20.667857058645346	23.965665875510254	0.0	0.0	
21.377309413044927	25.496412440282047	0.0	0.0	
21.283356435150857	25.68217408015359	0.0	0.0	
20.629751019137228	26.82446874032933	0.0	0.0	
20.701239630374992	28.41814260785123	0.0	0.0	
21.31534174702789	29.041249049843625	0.0	0.0	
21.130952956025823	30.025269667386134	0.0	0.0	
20.714853570421937	31.425277315634183	0.0	0.0	
21.90104162425108	0.3542746214979309	0.0	0.0	
21.836099340017867	0.9564960438099007	0.0	0.0	
22.214752523522233	1.9609862405437457	0.0	0.0	
22.25991308379377	3.2119182607086736	0.0	0.0	
22.358424815193114	4.117097519914686	0.0	0.0	
21.706747257438295	5.477196229706318	0.0	0.0	
21.501250361137824	5.856082363243138	0.0	0.0	
21.97266178074592	6.539133241105533	0.0	0.0	
21.692601449487466	8.356401061026421	0.0	0.0	
21.937573023350456	9.17915785451702	0.0	0.0	
22.329745699959414	10.326683109320626	0.0	0.0	
22.130432770667564	11.42008323699007	0.0	0.0	
21.531045029253423	12.271323154762893	0.0	0.0	
22.24052948308616	12.503054766562533	0.0	0.0	
22.265162012159287	13.65927736197598	0.0	0.0	
21.546482652904682	14.82588199078351	0.0	0.0	
22.091226684979574	15.951227852916865	0.0	0.0	
22.482573413988412	16.95676459638937	0.0	0.0	
21.825835551069602	18.133311583825822	0.0	0.0	
22.425464884092204	18.85744979784801	0.0	0.0	
21.631561684450283	19.705108624444144	0.0	0.0	
22.100362442896742	20.95420814085728	0.0	0.0	
21.6922787884094	21.81549964919402	0.0	0.0	
22.274134146864238	22.973259203330255	0.0	0.0	
21.545450316624695	23.554545995822835	0.0	0.0	
21.587603347629557	25.350459580683896	0.0	0.0	
22.46440344395215	26.07530360631338	0.0	0.0	
21.640419519030377	26.57113576422742	0.0	0.0	
22.305562847725444	27.569434310893858	0.0	0.0	
22.23756398404063	28.87075127256339	0.0	0.0	
22.110647450914655	30.16917130602835	0.0	0.0	
22.382803063635144	30.57703648605394	0.0	0.0	
23.02893312384837	0.4382032369493032	0.0	0.0	
23.10499141067791	0.5415090575837641	0.0	0.0	
22.538437426925963	1.7616724950195777	0.0	0.0	
23.488398380554678	3.2212780283349507	0.0	0.0	
22.52717980818442	3.948045680491371	0.0	0.0	
23.370381419788927	4.8769585808623175	0.0	0.0	
23.079005705928687	5.999251871089297	0.0	0.0	
23.279947021330077	7.448058019022509	0.0	0.0	
22.520097620114107	7.827092783183782	0.0	0.0	
22.989286500004408	9.343227390419028	0.0	0.0	
22.519638769040796	9.843586895598257	0.0	0.0	
23.08577075578749	11.098546676307548	0.0	0.0	
22.663868872444134	12.173350128777072	0.0	0.0	
22.893592839777494	13.430239687190541	0.0	0.0	
22.74800846223323	14.35636828000592	0.0	0.0	
23.496403131682776	15.39138185487686	0.0	0.0	
23.346280171640306	16.222363227652696	0.0	0.0	
23.20245043948085	16.929217210043117	0.0	0.0	
23.387892015046646	17.97747305727449	0.0	0.0	
22.537512524559308	18.723742520132944	0.0	0.0	
23.089995109528417	19.6025674820229	0.0	0.0	
22.928444996981852	20.741588233227333	0.0	0.0	
22.87159058253384	22.255044467803383	0.0	0.0	
22.73757128060968	23.44024431174167	0.0	0.0	
22.92607880257312	23.561436380315698	0.0	0.0	
22.524826750263713	25.37689504933725	0.0	0.0	
23.184879175659518	26.214928700959035	0.0	0.0	
22.805682859509396	27.250030856270502	0.0	0.0	
23.15313443961067	28.223557904997662	0.0	0.0	
22.87682915896136	28.893566260307274	0.0	0.0	
22.907255513383493	29.623996529581206	0.0	0.0	
23.277189216173216	31.05936221573824	0.0	0.0	
23.771960037350706	0.25571141993038327	0.0	0.0	
24.26157121245796	1.3399221843529405	0.0	0.0	
23.7012560580032	2.240328333625693	0.0	0.0	
23.85483708951721	2.676384645035429	0.0	0.0	
24.130081781407004	3.920054247200996	0.0	0.0	
24.132905997759536	4.575062354661433	0.0	0.0	
23.832050571101856	5.514014875812123	0.0	0.0	
23.901514208774387	7.453396027530336	0.0	0.0	
24.485226578255098	7.843145815452563	0.0	0.0	
23.63093884710348	9.105405958131168	0.0	0.0	
24.06957612302212	9.957037364856967	0.0	0.0	
24.16031071070376	11.27819005524682	0.0	0.0	
23.735496292320867	11.767624570844362	0.0	0.0	
24.03677168740373	12.807653601718133	0.0	0.0	
23.874995925548593	14.103950324867032	0.0	0.0	
24.371373354466638	14.701535008213616	0.0	0.0	
24.369129872415414	16.113919842714484	0.0	0.0	
24.187572832664355	17.23727797035955	0.0	0.0	
23.887846972956826	17.61698493747854	0.0	0.0	
24.30857599916436	19.117325607593965	0.0	0.0	
23.805229725981086	19.78495313065769	0.0	0.0	
23.85343634319418	20.859889834958697	0.0	0.0	
23.568139279302272	22.178012009266837	0.0	0.0	
24.291040895700174	22.654250755392244	0.0	0.0	
24.414745383218335	24.170169987192143	0.0	0.0	
24.116663570140823	24.915177677085765	0.0	0.0	
24.430324941478847	25.588261289335115	0.0	0.0	
23.5567207379909	26.579128770732815	0.0	0.0	
23.98954659245567	27.832906288008694	0.0	0.0	
23.617115824621454	29.480162912415455	0.0	0.0	
24.362026642582478	30.07359834488579	0.0	0.0	
24.089687926841744	31.041927556379225	0.0	0.0	
24.94517917536108	0.16256619666157301	0.0	0.0	
25.153626792944184	0.5559888518836218	0.0	0.0	
24.622074732130805	2.230551757146757	0.0	0.0	
24.59279406791892	2.998180895308027	0.0	0.0	
25.239044528646247	4.4902437093058465	0.0	0.0	
25.39758716363839	5.028934550769282	0.0	0.0	
25.02126833031813	6.323804229341989	0.0	0.0	
24.508558047705634	7.236606020406797	0.0	0.0	
25.15138987169185	8.237174004350567	0.0	0.0	
25.44969543646082	9.440356349023741	0.0	0.0	
25.16770614000903	10.483004817623844	0.0	0.0	
24.570984404459647	11.091969677710823	0.0	0.0	
25.09037557093646	12.46386629617743	0.0	0.0	
24.56092203683948	12.700949747931322	0.0	0.0	
24.63638009310509	14.177158865659559	0.0	0.0	
24.872122091159437	15.268373287740584	0.0	0.0	
24.680376373931498	15.773766456098503	0.0	0.0	
24.59204631574393	16.957000117173155	0.0	0.0	
25.140039324565986	18.14506178618617	0.0	0.0	
24.90455485965335	19.011930248034588	0.0	0.0	
25.354741470109133	20.426319741101093	0.0	0.0	
24.651244900621453	21.277178562182222	0.0	0.0	
24.70774185136001	21.515011174092717	0.0	0.0	
24.83839187971007	22.6997692245635	0.0	0.0	
25.002712425960734	24.351204227477396	0.0	0.0	
25.235226562417953	25.303419339314278	0.0	0.0	
25.18589380966335	26.405471060475158	0.0	0.0	
24.96921523305462	27.24509438342981	0.0	0.0	
25.13709191710811	27.767870577418407	0.0	0.0	
24.501806025554036	29.2545247641699	0.0	0.0	
25.49482236517061	30.341525820641095	0.0	0.0	
25.284195697496752	31.26187288032893	0.0	0.0	
26.29749807302895	0.43930142927701843	0.0	0.0	
25.848100263785316	0.9228803629612745	0.0	0.0	
26.417209827522985	1.5264294489475612	0.0	0.0	
25.623195348850786	2.6790390802841504	0.0	0.0	
25.90803680905128	3.648088124712216	0.0	0.0	
25.661356889080537	5.2290496462834435	0.0	0.0	
26.195325182221367	5.505125135096837	0.0	0.0	
25.679590765147257	7.414726469751302	0.0	0.0	
26.407311321993323	8.407529517071385	0.0	0.0	
26.15466446468231	8.590780302334784	0.0	0.0	
26.174161487954684	10.043675831176252	0.0	0.0	
25.57378363934849	11.239391821522274	0.0	0.0	
26.113679405879566	11.680960490331943	0.0	0.0	
26.248102651122835	13.062823692633682	0.0	0.0	
26.30081176539779	14.098365553540432	0.0	0.0	
25.82401084066482	14.857385580841434	0.0	0.0	
26.433854615302597	15.766604841952248	0.0	0.0	
25.867689512998755	17.151677141801283	0.0	0.0	
26.322789885982726	17.50035798443716	0.0	0.0	
25.720055810815538	18.637922843253694	0.0	0.0	
26.290082392645505	20.286738331652494	0.0	0.0	
25.68304126767468	21.017961963550224	0.0	0.0	
25.634582580833982	21.502898374857445	0.0	0.0	
25.504067963190842	23.268076297607625	0.0	0.0	
25.5179854476875	24.36961260476817	0.0	0.0	
26.12775951326508	25.16811838549031	0.0	0.0	
25.92289414027494	25.93855079394364	0.0	0.0	
25.829804543625322	27.345260492437752	0.0	0.0	
25.655938411252638	28.26483047937378	0.0	0.0	
26.019876228606304	28.61382405818067	0.0	0.0	
26.479959586365545	30.350960187338444	0.0	0.0	
25.659663234007596	30.51185710689506	0.0	0.0	
27.3283821395939	0.4094025211713854	0.0	0.0	
27.457994544132863	1.0895791410725546	0.0	0.0	
27.057259666680135	1.5054783387405735	0.0	0.0	
27.044082069580355	3.1041709242291526	0.0	0.0	
26.95274686739974	3.978468936915192	0.0	0.0	
27.11020660977706	4.947913536390174	0.0	0.0	
26.639618319172104	6.201109076119006	0.0	0.0	
27.158840594239496	6.585072011232802	0.0	0.0	
27.442130401071342	8.207772803504499	0.0	0.0	
26.6952885737599	8.570099612243972	0.0	0.0	
27.48850969989532	10.409961779134953	0.0	0.0	
26.536158704519455	11.387789545487262	0.0	0.0	
27.003033822847243	12.311715134449573	0.0	0.0	
26.989301799374246	12.748808509104226	0.0	0.0	
27.34919848366471	14.12759390020817	0.0	0.0	
26.596674983004725	14.599915110855717	0.0	0.0	
27.008106351981144	16.019565674052437	0.0	0.0	
27.197259701522903	17.181877886833192	0.0	0.0	
27.170985301521817	17.665807884023668	0.0	0.0	
26.971096956601787	18.698317742503413	0.0	0.0	
26.510453190233864	19.998213635518187	0.0	0.0	
26.64675888907322	20.779961001318114	0.0	0.0	
26.920520652676263	21.76372378461075	0.0	0.0	
26.805827177562975	22.522065617291478	0.0	0.0	
27.150016948738106	23.990043109513206	0.0	0.0	
26.842732855826025	24.691378796857766	0.0	0.0	
26.881409368499614	25.64700459423496	0.0	0.0	
26.740252376720733	26.786975807279706	0.0	0.0	
27.15769991781672	27.65389496405155	0.0	0.0	
26.928759592986037	29.35441754814093	0.0	0.0	
26.94888055498289	30.2560565191054	0.0	0.0	
27.06890376313671	30.5298054008688	0.0	0.0	
28.079547938697562	0.20209004659453544	0.0	0.0	
28.260595464887786	1.1736138086067576	0.0	0.0	
27.694921263888947	1.8473375174868918	0.0	0.0	
28.368781130489257	2.845188219300478	0.0	0.0	
27.787232910696073	3.5630793652387913	0.0	0.0	
27.875238683372825	4.842586367077491	0.0	0.0	
28.344453152690047	5.870983421865022	0.0	0.0	
27.860531070221928	7.274888523796277	0.0	0.0	
28.287409437131544	7.521887592348218	0.0	0.0	
27.761100122527264	8.72705338138868	0.0	0.0	
27.92519812127131	9.935869288649656	0.0	0.0	
28.047408104941006	10.846431540819685	0.0	0.0	
28.402880657143562	11.777753311151988	0.0	0.0	
28.243195159009474	12.517285276237386	0.0	0.0	
27.92697755961545	14.155733075177455	0.0	0.0	
27.88605028114985	14.841615711900834	0.0	0.0	
28.057563135326355	15.548432245332759	0.0	0.0	
27.815503255977134	16.882802772538128	0.0	0.0	
28.219573273157906	17.656770796996394	0.0	0.0	
28.450087320700128	18.80072247094649	0.0	0.0	
28.134875508791183	20.394501276336428	0.0	0.0	
28.136569083278868	21.120268015297444	0.0	0.0	
27.59076169926987	21.85338649073308	0.0	0.0	
28.405359279400017	22.89377928773849	0.0	0.0	
27.631737200143874	23.578428049967464	0.0	0.0	
27.91671686081411	25.454706072916835	0.0	0.0	
28.392216086378067	26.05114631146858	0.0	0.0	
28.02424887903787	27.10652930851405	0.0	0.0	
27.950764906007358	27.69160966111256	0.0	0.0	
27.77693433071428	28.86718409447866	0.0	0.0	
28.36952940514764	29.958114771168486	0.0	0.0	
28.095139094411362	30.72634695782771	0.0	0.0	
28.926150722950844	0.4355115435758341	0.0	0.0	
29.14843958908791	1.4813135573679825	0.0	0.0	
28.66571779160471	1.7505342553135397	0.0	0.0	
29.29925137540914	3.3525505972187672	0.0	0.0	
28.847615898908423	4.126648953404782	0.0	0.0	
28.70353457127461	5.26761823071657	0.0	0.0	
29.077736939240513	6.414002734197716	0.0	0.0	
29.17383167691685	6.504144030363651	0.0	0.0	
28.69330592247656	7.897691973156902	0.0	0.0	
28.70078217446715	8.651854919564629	0.0	0.0	
28.684879340002247	9.93686953746091	0.0	0.0	
28.746683220855815	11.336945758091295	0.0	0.0	
29.129750035982603	11.860342912191781	0.0	0.0	
29.35485418139318	13.089023217294397	0.0	0.0	
28.74791670811337	13.934231223963689	0.0	0.0	
28.7534592277142	14.973303835629546	0.0	0.0	
28.782177766614417	15.781702549026178	0.0	0.0	
29.488016287368914	17.393179572462245	0.0	0.0	
29.07092716399482	17.611440663569468	0.0	0.0	
29.47598152236108	19.002634731113773	0.0	0.0	
29.024858600961114	19.884025414312898	0.0	0.0	
28.548828377229786	20.728913828718827	0.0	0.0	
29.368982716637372	21.67692514386261	0.0	0.0	
28.768145306853242	23.463802867810546	0.0	0.0	
29.28558835952887	24.014441330778013	0.0	0.0	
29.1145653389526	24.692538470447218	0.0	0.0	
29.059718770302055	25.802158896291697	0.0	0.0	
29.273350124096105	27.412825763547147	0.0	0.0	
28.672878048008275	28.084855381244203	0.0	0.0	
28.96345969308417	29.332002627425233	0.0	0.0	
29.145350914957604	29.837881096267566	0.0	0.0	
28.974824516288415	30.771355648121794	0.0	0.0	
30.03480960841478	0.2395715446120512	0.0	0.0	
29.938269325780492	0.8531567160110534	0.0	0.0	
29.611145428370136	1.7636254573825076	0.0	0.0	
30.300736800812697	3.2112258003551117	0.0	0.0	
29.585672494228692	3.604582299203462	0.0	0.0	
29.576238281565892	5.321805834499322	0.0	0.0	
30.29752450336835	6.465671523351098	0.0	0.0	
30.140335385379363	6.911123406251489	0.0	0.0	
30.13077996047388	8.277134139373928	0.0	0.0	
29.833727144320846	8.832085982989938	0.0	0.0	
30.27972947081423	9.546439000902987	0.0	0.0	
29.943057323334607	11.362559762276152	0.0	0.0	
30.079912455920816	11.818098464240242	0.0	0.0	
29.773011466468702	12.736845843076983	0.0	0.0	
29.59633754098651	13.77363538154667	0.0	0.0	
29.944413315023855	14.930641750952358	0.0	0.0	
30.339388907626546	16.117667219942735	0.0	0.0	
30.388015651868717	17.31029240691388	0.0	0.0	
30.44286031544245	17.960434730363183	0.0	0.0	
30.135458952943235	18.67133032735603	0.0	0.0	
30.048761110673514	19.806389946233253	0.0	0.0	
29.87474841011246	20.731135213676584	0.0	0.0	
30.32071870485101	21.56104380509431	0.0	0.0	
30.291408427089838	23.045181533892567	0.0	0.0	
30.057933070683454	24.467052669728336	0.0	0.0	
30.093574556820865	24.668377188150046	0.0	0.0	
30.40163884275331	25.680226679859178	0.0	0.0	
29.69456252239521	26.905571751143594	0.0	0.0	
29.716408367161105	27.617864059791454	0.0	0.0	
30.31964843803096	29.281079281442587	0.0	0.0	
29.514810919410685	29.522342711399254	0.0	0.0	
30.379699872150685	30.906899401825278	0.0	0.0	
30.60007984108714	0.22560325344685384	0.0	0.0	
30.51508656823737	1.4262459871838526	0.0	0.0	
30.502231667075357	1.9088648905632857	0.0	0.0	
31.200984688132507	2.9082939247303563	0.0	0.0	
31.22317186374496	3.685409187252791	0.0	0.0	
30.983557241742282	4.556174051665943	0.0	0.0	
31.397090784748222	6.166564922190087	0.0	0.0	
30.5950045630127	6.560329793684505	0.0	0.0	
31.084622679035405	7.690797937386936	0.0	0.0	
31.29592662355563	8.841019433840922	0.0	0.0	
30.875100124895376	10.15811468528581	0.0	0.0	
30.77730998858031	11.027661438429394	0.0	0.0	
31.49720067529751	12.212495527770773	0.0	0.0	
31.28831076471615	13.231182782964606	0.0	0.0	
30.53300923563584	13.6988477061277	0.0	0.0	
30.638518866142363	15.375756622500997	0.0	0.0	
31.496734655877045	16.349707802490894	0.0	0.0	
31.22955766818144	17.30443658988956	0.0	0.0	
30.77649283401183	18.382072313564706	0.0	0.0	
30.781587377613274	18.574625008760655	0.0	0.0	
30.65234892290893	20.180785823693448	0.0	0.0	
30.525524934336214	20.921703753364042	0.0	0.0	
30.68203314752371	22.46772382779726	0.0	0.0	
30.508020024829918	23.270128692972136	0.0	0.0	
30.627574259547558	23.692373485726296	0.0	0.0	
31.05125370984101	24.78761431553622	0.0	0.0	
31.363228842574376	25.77771818462064	0.0	0.0	
31.47454911849114	26.53838573115696	0.0	0.0	
31.116029584385537	28.02989555460671	0.0	0.0	
31.103290089467677	28.61800740419116	0.0	0.0	
30.93276997727821	29.827807239265006	0.0	0.0	
31.468381412508915	30.96797390574942	0.0	0.0	
