2
32.0	0.0	0.0	0.0	
0.0	32.0	0.0	0.0	
0.2960539242984206	0.433477085632312	0.0	0.0	
0.4161507980508856	0.5356214396006094	0.0	0.0	
0.01408928816309285	2.422817615142003	0.0	0.0	
0.13117150951826062	3.291995817611706	0.0	0.0	
0.41500178516394226	3.888340583288217	0.0	0.0	
0.008025240724569227	4.884154185256326	0.0	0.0	
0.28771398061305675	6.009762276493351	0.0	0.0	
0.04833351476255554	6.519336910733963	0.0	0.0	
0.4926832776891449	8.150318770660029	0.0	0.0	
0.07078980446596217	9.08377038481373	0.0	0.0	
0.037352277905911335	9.879943895587015	0.0	0.0	
0.18957916505536587	11.190393955254994	0.0	0.0	
0.4909402993732087	12.482834531164233	0.0	0.0	
0.2323046084190331	12.782048806295183	0.0	0.0	
0.33837824777567593	13.585887053349762	0.0	0.0	
0.20239411307889899	14.987872885985809	0.0	0.0	
0.1456220759764163	16.439376663345826	0.0	0.0	
0.07949250228773086	17.437814686327048	0.0	0.0	
0.3309711915279202	18.061111409270616	0.0	0.0	
0.361900908296499	18.882288313504596	0.0	0.0	
0.22084695067845128	20.07778119754978	0.0	0.0	
0.14187631597444506	20.824737673207274	0.0	0.0	
0.38862752563304725	21.79307477679333	0.0	0.0	
0.2687961529038857	22.52223279238851	0.0	0.0	
0.18194856283413607	23.60088227356813	0.0	0.0	
0.09896679686518584	25.305444826156844	0.0	0.0	
0.22679235497513073	26.18786989941046	0.0	0.0	
0.4217560050339515	27.15791118290969	0.0	0.0	
0.19108286070533365	28.028343582256106	0.0	0.0	
0.1634285697279465	28.993292402285284	0.0	0.0	
0.08493554326747355	29.77450054601279	0.0	0.0	
0.19550654797482392	30.914396460572256	0.0	0.0	
1.0785138916154384	0.33125479928016166	0.0	0.0	
0.6139999996684389	0.5876918992217555	0.0	0.0	
0.6806162989550711	2.317053801040712	0.0	0.0	
0.8491537214996528	2.9474921631045277	0.0	0.0	
0.5497596933665119	4.308381038759378	0.0	0.0	
1.318052479731643	5.398756111959402	0.0	0.0	
1.001355679228687	5.89341405202407	0.0	0.0	
1.2315647820746323	7.009319173742604	0.0	0.0	
1.0774716424669422	7.53966593482343	0.0	0.0	
0.9780385015185457	8.75003297550797	0.0	0.0	
1.2668306013975565	9.64915519519281	0.0	0.0	
1.237319498044099	11.31340395133066	0.0	0.0	
0.5454800681495712	12.016465857019096	0.0	0.0	
1.0810486360912024	12.549838733709816	0.0	0.0	
1.1936770464387068	14.40271506496299	0.0	0.0	
1.3247806922580767	15.462748295543703	0.0	0.0	
0.8553595788826674	16.065763931024744	0.0	0.0	
0.5108740886207277	17.08161641204638	0.0	0.0	
1.0635438258864736	17.952907360659655	0.0	0.0	
0.7611195164138587	19.210128850502276	0.0	0.0	
0.5420629032627873	19.913074790653372	0.0	0.0	
1.087491574433948	20.73313442487373	0.0	0.0	
0.7880356166184865	21.87032181918244	0.0	0.0	
1.275650397589535	22.71108547159832	0.0	0.0	
1.2092914060577051	23.951314305241198	0.0	0.0	
0.8067584360309514	25.171231486347303	0.0	0.0	
1.0522046169482588	25.952854240474696	0.0	0.0	
0.8209652795369216	26.56374896611399	0.0	0.0	
0.5888258258920884	27.610931080807006	0.0	0.0	
1.331433627658523	29.38865034603995	0.0	0.0	
1.185466795816874	29.695890193890627	0.0	0.0	
1.2979833948860886	31.345892201248372	0.0	0.0	
2.302703374775016	0.24732423858938624	0.0	0.0	
2.404828320851909	1.1421360163565901	0.0	0.0	
2.0144397175619893	2.1120565810633365	0.0	0.0	
1.551970250131002	2.89723745886832	0.0	0.0	
2.225066196838121	4.442263322924418	0.0	0.0	
1.5077399884546288	5.437843786537567	0.0	0.0	
1.993657052813925	6.3793357552157754	0.0	0.0	
2.2601353232037003	7.266644467585669	0.0	0.0	
1.8272981491005271	7.693824014868448	0.0	0.0	
1.8337151269305836	8.589437590649446	0.0	0.0	
1.5969830994271765	10.105338378655047	0.0	0.0	
1.7809644559052975	11.225331313695872	0.0	0.0	
1.8732046598284187	11.794899226088747	0.0	0.0	
1.6257823314266842	13.24310932305315	0.0	0.0	
1.677631115843684	14.441465301392224	0.0	0.0	
2.37786103076851	15.38784061306018	0.0	0.0	
1.8017574549516722	16.111562906519893	0.0	0.0	
2.284479059056954	17.475027762826127	0.0	0.0	
1.9910072423706722	18.118412702604342	0.0	0.0	
1.9158720505336317	18.853384927131284	0.0	0.0	
2.4032752511658915	19.66956674398538	0.0	0.0	
2.4237893909484955	20.621591048241886	0.0	0.0	
2.3854314206582	22.232171438646834	0.0	0.0	
2.182262652028774	22.61734875047009	0.0	0.0	
2.3692888374241012	24.346295410684984	0.0	0.0	
1.905766109817586	25.374448628038103	0.0	0.0	
1.585256947901048	25.83567269299944	0.0	0.0	
2.3777794896395426	26.938146989757694	0.0	0.0	
1.526532423116386	27.92534060570716	0.0	0.0	
1.8174458079049804	29.23260002538226	0.0	0.0	
2.300683836379939	29.67151905863197	0.0	0.0	
2.3581607780993568	30.966598317891783	0.0	0.0	
3.430470466655132	0.1460938109442257	0.0	0.0	
2.784148058011183	1.4341689663558883	0.0	0.0	
3.159014238619246	2.1120056466733375	0.0	0.0	
2.643309955057483	2.679526040796015	0.0	0.0	
3.2043428124857045	4.481336755604131	0.0	0.0	
2.783353632036202	5.453539494768789	0.0	0.0	
2.7897100818417435	5.730875235268305	0.0	0.0	
3.1896122358104417	6.746723865568605	0.0	0.0	
3.4186499637994365	7.898452357441077	0.0	0.0	
2.832310388246113	9.016338244457133	0.0	0.0	
3.239240425441981	10.488195887504093	0.0	0.0	
3.0371135905253794	11.001714873181804	0.0	0.0	
3.040606652718319	11.798775204936497	0.0	0.0	
2.518508133561096	12.690396460550621	0.0	0.0	
2.8130618953889046	13.689264612455812	0.0	0.0	
2.8074803277350444	15.437923581032836	0.0	0.0	
2.609277361444001	16.37234327346515	0.0	0.0	
3.0439907570069806	16.51750302329142	0.0	0.0	
2.6411548396426188	18.28042476927578	0.0	0.0	
3.4616193381152947	18.566377702601926	0.0	0.0	
2.6318797331977013	20.383919645888298	0.0	0.0	
2.642413288966976	20.774068805824093	0.0	0.0	
3.4154570770773756	21.956004014642865	0.0	0.0	
3.0833981430185666	23.41227667458086	0.0	0.0	
3.282896162469049	23.515033749904553	0.0	0.0	
3.4398025415519418	24.92397664838167	0.0	0.0	
3.024513037910623	26.489277300706885	0.0	0.0	
2.6832238260562296	26.622584037655997	0.0	0.0	
2.88211382614598	28.416525891666062	0.0	0.0	
3.2950711224012807	29.326598969804273	0.0	0.0	
2.908064046591044	29.849958618247282	0.0	0.0	
2.756123902048065	31.039401544394902	0.0	0.0	
3.9067654151777322	0.07438944146214943	0.0	0.0	
3.9225758348424655	1.2425526270973832	0.0	0.0	
3.8464491947245536	1.7218270827035123	0.0	0.0	
3.844078336992122	3.029559802419494	0.0	0.0	
3.676177750332461	3.546745712980626	0.0	0.0	
4.127755848909465	5.373668150704303	0.0	0.0	
4.264006631145861	6.075743629770164	0.0	0.0	
4.039591638451123	7.3858468872740595	0.0	0.0	
3.841938499039042	8.142246138756567	0.0	0.0	
3.998323552030259	8.88173999533687	0.0	0.0	
4.359571713420454	9.616071412516206	0.0	0.0	
3.877686123283488	11.403956765738108	0.0	0.0	
3.757575035185054	11.505674605974285	0.0	0.0	
4.307260210954782	12.816008430784587	0.0	0.0	
3.574586721830269	13.77027022021726	0.0	0.0	
4.372802605309114	15.256217016504923	0.0	0.0	
3.886274015555867	16.202244512084505	0.0	0.0	
3.5070664762454067	16.880335838457015	0.0	0.0	
4.416939238030289	18.015740095193983	0.0	0.0	
4.461163627190996	18.780256022056896	0.0	0.0	
3.936256192201525	19.827920778800948	0.0	0.0	
4.267858202006974	21.086166913659795	0.0	0.0	
4.004057271191907	22.235865557933185	0.0	0.0	
3.925233109985652	22.785893551521813	0.0	0.0	
3.5852466234044886	24.26368682249458	0.0	0.0	
4.088442169735737	24.780804190834836	0.0	0.0	
3.9033566667497728	25.655453450074077	0.0	0.0	
3.8361394309617203	26.787436236402172	0.0	0.0	
4.018744613542038	28.131470755149305	0.0	0.0	
4.29402225445141	29.190544021642616	0.0	0.0	
3.511172211136947	29.94941254826207	0.0	0.0	
4.438241457471051	31.24072929070683	0.0	0.0	
5.439565040683531	0.20581858004890918	0.0	0.0	
4.770435970095424	0.9546288177528787	0.0	0.0	
5.280078728915237	2.3344668708018625	0.0	0.0	
4.5630515752541045	3.069675626881996	0.0	0.0	
4.887733926172318	3.7531143069616975	0.0	0.0	
5.3395912083244195	4.983502412412204	0.0	0.0	
4.542789367892741	5.557407120032753	0.0	0.0	
4.833305453660308	6.6711049297953195	0.0	0.0	
5.161078179174892	8.063022948998253	0.0	0.0	
5.11154976941654	8.893364163972056	0.0	0.0	
5.149624000982678	9.558912714967386	0.0	0.0	
4.828274575047894	11.377861694702236	0.0	0.0	
5.236588860312878	11.942333342178657	0.0	0.0	
4.799421050492735	13.044227611451499	0.0	0.0	
5.2812430841136395	13.74171903635757	0.0	0.0	
5.274332065975488	15.255679346741092	0.0	0.0	
4.618059754341836	15.702741176368585	0.0	0.0	
4.563320210564893	16.58475938235541	0.0	0.0	
4.5253950623728025	17.94970447078406	0.0	0.0	
5.4109527142580545	19.18350374864057	0.0	0.0	
4.629897744487865	20.1056306234702	0.0	0.0	
4.891299605284797	20.53611196953642	0.0	0.0	
4.7704160843557615	21.996094711970194	0.0	0.0	
5.45394393795941	23.26319633506512	0.0	0.0	
4.596922320296069	24.29740431513458	0.0	0.0	
5.087633313159374	25.05182842784462	0.0	0.0	
4.701129578573012	26.369973226576104	0.0	0.0	
4.889876727798452	26.658809154803567	0.0	0.0	
5.136623023047121	28.496857752207667	0.0	0.0	
4.793067930171474	28.726970299876527	0.0	0.0	
5.0711338284062855	30.00950675590085	0.0	0.0	
4.680491488611039	30.790267529261907	0.0	0.0	
6.248537787952854	0.11544251759620083	0.0	0.0	
6.2009446407510875	1.2204716998291385	0.0	0.0	
5.897035699059821	2.3585265290083544	0.0	0.0	
6.315032125550351	3.1525041920960595	0.0	0.0	
6.488832125892844	4.435242668487305	0.0	0.0	
5.604203805703215	5.299575069888949	0.0	0.0	
6.435920196351704	6.269029470877271	0.0	0.0	
5.974745801951628	6.621096531928108	0.0	0.0	
6.292488638642662	7.895710769685311	0.0	0.0	
6.481623625983358	8.67851336310615	0.0	0.0	
6.396621448972676	9.531187988711588	0.0	0.0	
5.648198490028406	10.988126808622766	0.0	0.0	
5.940952043916731	11.931811738794048	0.0	0.0	
6.402067767162135	13.308326083996773	0.0	0.0	
5.9243417978144635	14.11871400856129	0.0	0.0	
5.821136476066274	15.403636234446086	0.0	0.0	
5.6127832139101095	16.09371089365422	0.0	0.0	
6.098493472771601	16.68796024433514	0.0	0.0	
6.466074414136456	18.35054138892673	0.0	0.0	
5.628950580379602	19.309961946311642	0.0	0.0	
6.118760036663243	20.48467870216633	0.0	0.0	
5.524112167366241	20.94777212037866	0.0	0.0	
6.072914106707125	22.34590763852441	0.0	0.0	
5.884207962214595	23.264948903416133	0.0	0.0	
6.34783470291607	23.76779536894696	0.0	0.0	
5.553920588546816	24.8242807450833	0.0	0.0	
5.540571807436972	26.076317730672873	0.0	0.0	
5.810301380792952	26.642250762119726	0.0	0.0	
6.396528988032804	28.453193669683255	0.0	0.0	
6.084372749605347	29.01488899711733	0.0	0.0	
5.599129948783444	29.692530895166723	0.0	0.0	
5.744699870638337	31.381259551968864	0.0	0.0	
6.616612600500294	0.10719767157404203	0.0	0.0	
7.287811675173737	1.0746870484103472	0.0	0.0	
6.733952601652144	1.817389326099742	0.0	0.0	
7.467000853303985	3.3433255118826084	0.0	0.0	
7.146711016299372	3.5796556501838115	0.0	0.0	
7.430839396839865	4.5511275196452265	0.0	0.0	
7.405860036842135	6.354707781507931	0.0	0.0	
6.8197247221686474	7.400820384879209	0.0	0.0	
7.2091388001450305	8.273578913530736	0.0	0.0	
6.710836187002518	8.791729834104022	0.0	0.0	
6.500605906670244	10.351867502720035	0.0	0.0	
7.116222866297871	11.122282376703684	0.0	0.0	
6.524769123346479	12.134978913058962	0.0	0.0	
7.123562408082936	12.553557860363174	0.0	0.0	
6.795182323727402	14.25844974374275	0.0	0.0	
7.318713079367851	15.178657324734331	0.0	0.0	
6.785748916995634	15.790794731704064	0.0	0.0	
6.664297266513128	16.654959603872253	0.0	0.0	
6.924663036181256	17.64539120315104	0.0	0.0	
6.750772770252875	18.71489971181672	0.0	0.0	
6.826873393639077	19.944644543111007	0.0	0.0	
6.735552613992592	20.853075430850215	0.0	0.0	
7.367189061284293	22.14152154991959	0.0	0.0	
7.437052685406814	22.687181162855083	0.0	0.0	
7.250829876856559	23.698208265921746	0.0	0.0	
7.0520463698940565	25.497390727703195	0.0	0.0	
7.028496707763609	26.459147441666325	0.0	0.0	
7.186766833404848	26.566517607915774	0.0	0.0	
6.5190417862096774	27.901304935341336	0.0	0.0	
7.084936852022848	28.68625039005399	0.0	0.0	
6.748863763630034	30.337837839408408	0.0	0.0	
6.871296682049509	30.851791825011123	0.0	0.0	
8.452144369417425	0.33200057129012506	0.0	0.0	
7.592829953691366	1.2557813358878969	0.0	0.0	
8.253811077594927	2.4710108304676135	0.0	0.0	
8.156200120290952	2.539053874558265	0.0	0.0	
7.758235482955305	3.654314000272287	0.0	0.0	
8.444616817088681	4.857370372884791	0.0	0.0	
7.9533690908760475	5.596673644478606	0.0	0.0	
7.511054441295409	7.465505024428756	0.0	0.0	
8.261424569784857	7.668657032739288	0.0	0.0	
7.517743178080486	8.732450563528118	0.0	0.0	
8.281547731568205	9.577444241419691	0.0	0.0	
7.840025850192097	10.992433861832819	0.0	0.0	
7.963408445469373	12.226947126585694	0.0	0.0	
7.5065026827500265	12.99360775677948	0.0	0.0	
8.392709300176245	14.123698808638316	0.0	0.0	
8.337098696571859	14.853309246709706	0.0	0.0	
7.786635915610992	15.914494487423863	0.0	0.0	
8.366536887772588	17.33380584188405	0.0	0.0	
7.613038238089116	17.67314570860954	0.0	0.0	
8.036922105538574	19.074575281963696	0.0	0.0	
8.454248529288728	20.07330209167883	0.0	0.0	
7.589133183865625	21.064394412136732	0.0	0.0	
8.097003355501768	22.453147524600755	0.0	0.0	
7.690150244324523	22.83502188051403	0.0	0.0	
7.561579317312933	24.353988591703434	0.0	0.0	
8.233163409438005	25.16070712460479	0.0	0.0	
7.89272617527279	26.00938260203756	0.0	0.0	
8.339309599452971	26.67056984235328	0.0	0.0	
8.228050005154275	27.678138600018915	0.0	0.0	
8.035445143108348	29.21373125178095	0.0	0.0	
8.103393304471153	30.477688674666823	0.0	0.0	
8.430493053179084	30.519443384907614	0.0	0.0	
9.26610797806279	0.1867368537700448	0.0	0.0	
9.367981279052993	1.0879444194333998	0.0	0.0	
9.355613265275077	1.5950884075249965	0.0	0.0	
8.760207011410063	2.9073137668073272	0.0	0.0	
9.220371801497372	4.435325145401784	0.0	0.0	
9.206013444015042	4.740861337284995	0.0	0.0	
9.313553227891315	5.580777686399918	0.0	0.0	
8.531870474157481	6.848432572126752	0.0	0.0	
9.311915212002347	7.708576423597406	0.0	0.0	
8.652851595428743	8.849472766999172	0.0	0.0	
9.27177843799502	10.153883023383797	0.0	0.0	
9.321456727402591	11.472265452537277	0.0	0.0	
9.259135820120944	12.108493911369328	0.0	0.0	
8.59429012444081	13.48676938104984	0.0	0.0	
9.081111208818536	13.705293057898263	0.0	0.0	
8.594631980428892	15.178938379810706	0.0	0.0	
8.744723791474245	16.423013722606374	0.0	0.0	
9.19595868061639	16.663652251250436	0.0	0.0	
9.084537673846047	18.105272553608255	0.0	0.0	
8.941791167197023	19.387950857658858	0.0	0.0	
8.515446349181868	19.89013194410404	0.0	0.0	
8.994042371741433	20.770292802285862	0.0	0.0	
8.88286633616414	21.587198530619727	0.0	0.0	
8.767118819868008	23.194699026248397	0.0	0.0	
9.492763035881534	23.536046572302336	0.0	0.0	
9.445660135137071	25.194036529906196	0.0	0.0	
9.363914947852779	25.511480493302443	0.0	0.0	
9.097460569386975	27.159273095714944	0.0	0.0	
9.222516699793834	27.961839730302177	0.0	0.0	
8.562191144108668	28.941386131773108	0.0	0.0	
9.377219064464164	30.175235785987486	0.0	0.0	
9.15524553915236	30.951364898997838	0.0	0.0	
10.35625209911096	0.1815194563175464	0.0	0.0	
9.936686514123299	1.1217459962821144	0.0	0.0	
10.167327728370426	1.8280179357873005	0.0	0.0	
10.047328220554668	2.5372227724525014	0.0	0.0	
10.160366409581313	4.329653535049919	0.0	0.0	
10.224444489208972	4.538828945379501	0.0	0.0	
9.982779700032939	6.266506905933695	0.0	0.0	
10.09223678559899	6.573719538234284	0.0	0.0	
10.455746177642695	8.081170122545323	0.0	0.0	
9.955206761738719	9.27249383462341	0.0	0.0	
10.31499062797339	9.512404959609727	0.0	0.0	
9.774886459871112	11.137218799601337	0.0	0.0	
9.603914465661859	12.039126200973518	0.0	0.0	
9.735734018125093	12.946966811947618	0.0	0.0	
10.28656196957928	14.45294746507319	0.0	0.0	
10.484322121084338	14.53281233606025	0.0	0.0	
10.44496715300138	16.327013891784794	0.0	0.0	
9.897882853938231	17.017439679760233	0.0	0.0	
9.572226132581285	18.098015368558038	0.0	0.0	
10.018139999708973	19.12796934896267	0.0	0.0	
10.188219319274422	19.824249947803775	0.0	0.0	
9.698513399683934	20.769759225646954	0.0	0.0	
9.577376524408784	22.32557284069521	0.0	0.0	
9.766507987300484	23.402926478606037	0.0	0.0	
9.58717889747639	24.43023746927987	0.0	0.0	
9.739837289683324	24.843952727230356	0.0	0.0	
9.657125688883854	25.752769685391314	0.0	0.0	
10.30346775817253	27.166783047117008	0.0	0.0	
10.481737289315436	28.125453099005913	0.0	0.0	
10.113182715546108	28.679754535299296	0.0	0.0	
10.271920676100157	30.380614388185197	0.0	0.0	
9.857869169138622	31.261827794317043	0.0	0.0	
11.358325090489704	0.420776893788259	0.0	0.0	
10.965008796473263	0.9485298297077599	0.0	0.0	
11.160277492948321	2.4018618460199934	0.0	0.0	
11.327302713346798	2.918751288910016	0.0	0.0	
11.48644960286153	4.034724693592678	0.0	0.0	
10.839911667968394	5.129308850285939	0.0	0.0	
10.710085207598908	6.053321521238329	0.0	0.0	
11.478889277355446	6.835434248931227	0.0	0.0	
11.342116272218721	8.100278345729091	0.0	0.0	
10.700132581785901	8.798905133617207	0.0	0.0	
10.623820471668257	9.906661297605691	0.0	0.0	
11.306716551679738	11.117674803932559	0.0	0.0	
11.329375452107332	11.751269991124904	0.0	0.0	
10.744197091152934	13.424478991295018	0.0	0.0	
11.148407328693729	13.708892912918422	0.0	0.0	
11.274651965521578	15.120733283418422	0.0	0.0	
11.331295784008809	15.65281240734707	0.0	0.0	
10.667745894773294	17.331870849856195	0.0	0.0	
10.907005621592404	18.241100266266194	0.0	0.0	
11.267385242780422	19.06767371675126	0.0	0.0	
10.895742837629037	19.710922024183432	0.0	0.0	
10.564229307618797	21.311812880177747	0.0	0.0	
10.53135581086494	22.07448720654002	0.0	0.0	
10.885445328152523	23.31459414674532	0.0	0.0	
11.103961744214695	24.09910961359961	0.0	0.0	
11.07846884813803	24.638691657583284	0.0	0.0	
11.339264760657597	25.81301411130617	0.0	0.0	
10.586161998394287	27.374243147267055	0.0	0.0	
11.489662432260856	28.347435004033155	0.0	0.0	
10.712285288239777	29.159790943789925	0.0	0.0	
10.862885188035778	30.096538699446878	0.0	0.0	
10.978400627613345	31.301074964712246	0.0	0.0	
12.187293890708599	0.4477691837827634	0.0	0.0	
12.09645118455749	1.2456233038292892	0.0	0.0	
12.301252700798326	1.6151982178193238	0.0	0.0	
12.332040703100406	2.6953780230751727	0.0	0.0	
12.217388762115688	4.090613295022782	0.0	0.0	
11.995498146092961	5.3629477441322395	0.0	0.0	
11.533926449713226	6.411131241133351	0.0	0.0	
12.121441183632372	6.67470518262743	0.0	0.0	
12.478777990966977	8.37485749438914	0.0	0.0	
12.032230765418934	8.918724304547784	0.0	0.0	
12.391754028960534	9.776147733999299	0.0	0.0	
11.677305483039524	11.477611734285787	0.0	0.0	
12.355610376003426	11.946031497854783	0.0	0.0	
11.567300775678058	13.416882438657648	0.0	0.0	
11.8362249704046	14.389523283609801	0.0	0.0	
12.049997731234292	15.137219985075104	0.0	0.0	
11.500248959250857	15.805877081369559	0.0	0.0	
12.09869348681397	16.568315445113093	0.0	0.0	
12.302423438162606	18.06869993068769	0.0	0.0	
12.223778045565233	18.944117118385112	0.0	0.0	
12.01604501471714	20.40928833409436	0.0	0.0	
12.489204184568877	20.678773847644344	0.0	0.0	
12.495808940468244	21.789740121800307	0.0	0.0	
11.686804372676573	22.54267728188406	0.0	0.0	
11.85725394949759	23.841287120594735	0.0	0.0	
11.761152134256557	24.53466905307411	0.0	0.0	
11.773187194009422	25.631694370881853	0.0	0.0	
11.716649645533215	26.904918907405836	0.0	0.0	
11.921617787628126	27.558535424474115	0.0	0.0	
12.407031371923946	29.054804288501703	0.0	0.0	
12.0355474711793	30.313126059938178	0.0	0.0	
11.913715964999184	30.851621646872395	0.0	0.0	
12.545012914835914	0.41975249583608787	0.0	0.0	
12.922473032091471	1.0910358608821271	0.0	0.0	
13.128928904873094	2.0908603085952473	0.0	0.0	
13.16913163306605	3.121505993337732	0.0	0.0	
12.901964563845135	4.417139228380422	0.0	0.0	
13.231815977257433	5.338375817551789	0.0	0.0	
13.000083820269884	5.88096242555799	0.0	0.0	
12.860231326130343	7.391617652754178	0.0	0.0	
12.77230936687554	7.679149970751588	0.0	0.0	
12.694690270254114	8.899465928384817	0.0	0.0	
13.354264653014411	10.342529083407678	0.0	0.0	
12.768093265814635	10.561382903087607	0.0	0.0	
12.773445601263607	11.775811171162369	0.0	0.0	
13.134117227533496	12.916152322292435	0.0	0.0	
12.873471488064741	13.65919865422119	0.0	0.0	
12.73726295004139	15.070149631450667	0.0	0.0	
13.25652345221836	16.03098063708407	0.0	0.0	
13.257606103285061	16.61163166883293	0.0	0.0	
13.483900057704082	18.44784108894256	0.0	0.0	
12.930343433034311	18.586354574036548	0.0	0.0	
13.34942316138852	19.813032910791787	0.0	0.0	
12.861526951460599	21.229807392375584	0.0	0.0	
13.444561146381062	21.602371866191703	0.0	0.0	
13.392311950636273	23.368396402843914	0.0	0.0	
12.77007445379128	24.201377299241788	0.0	0.0	
12.70857081950888	25.212077228125704	0.0	0.0	
13.26652346464176	26.027994220842533	0.0	0.0	
12.756898348348098	27.011501720623258	0.0	0.0	
13.084532288514884	28.135481650354556	0.0	0.0	
12.651459712828114	29.35428142026904	0.0	0.0	
13.083844616539203	29.95040097446026	0.0	0.0	
12.721890774372312	31.316035336790875	0.0	0.0	
14.487183974046712	0.20190817940996997	0.0	0.0	
13.82429534739143	1.4716551937372082	0.0	0.0	
14.341222506224904	1.945532095989761	0.0	0.0	
13.857809895029835	2.9056775198013796	0.0	0.0	
13.65543790173373	4.402400609932366	0.0	0.0	
13.743161544243733	4.974117711615894	0.0	0.0	
13.782067020736017	5.971262290769179	0.0	0.0	
14.02363693840648	7.468883001225159	0.0	0.0	
14.32641053400627	8.003768035529532	0.0	0.0	
13.678854535521465	8.99735147192743	0.0	0.0	
13.969460713968578	9.681030837472127	0.0	0.0	
14.079418544895562	11.251309326617303	0.0	0.0	
14.181842955937967	12.08654959346144	0.0	0.0	
14.356792805501984	12.678541834461859	0.0	0.0	
14.410481355393197	13.944636557025849	0.0	0.0	
13.849258421798986	14.79152078442686	0.0	0.0	
13.791328418830824	15.848878823533592	0.0	0.0	
13.710185572993852	17.42001305137893	0.0	0.0	
13.836194442809273	18.11258970238056	0.0	0.0	
14.081980371450275	18.85863572911608	0.0	0.0	
14.441695210559072	19.66286360336339	0.0	0.0	
13.500805912009923	20.762051203729264	0.0	0.0	
13.649928718738963	22.49421294811063	0.0	0.0	
13.994957231081766	22.891108524567	0.0	0.0	
14.065912825761506	23.790509302183146	0.0	0.0	
14.026451138734094	25.278614036544692	0.0	0.0	
13.549065383314607	25.808791446968744	0.0	0.0	
14.224176518883745	26.558148123081473	0.0	0.0	
13.568091616014145	28.293116158223533	0.0	0.0	
13.752917034745058	28.74383663132723	0.0	0.0	
13.956453452500323	29.99142262256752	0.0	0.0	
13.609710138198274	31.40350439659135	0.0	0.0	
15.091781426739962	0.027419751166119055	0.0	0.0	
15.031716915151375	0.612802439565699	0.0	0.0	
15.270971303742314	1.9596601370552746	0.0	0.0	
15.01673610623591	3.1469722481204623	0.0	0.0	
14.538305759940558	4.227557439366797	0.0	0.0	
14.632775177023792	4.982681997483911	0.0	0.0	
15.45215029994831	6.186058435905382	0.0	0.0	
15.162444635610072	6.8368246760324185	0.0	0.0	
14.697300994082372	7.650064896637263	0.0	0.0	
14.863229906574208	9.341880565670031	0.0	0.0	
15.057301712106161	9.713920063416523	0.0	0.0	
15.195288515045364	10.681950361906795	0.0	0.0	
14.554447582269994	11.778304146358495	0.0	0.0	
15.291615520477837	13.246577505969167	0.0	0.0	
15.017009888532472	13.848414088528195	0.0	0.0	
14.556820547241715	14.85421672466713	0.0	0.0	
14.668423634203156	16.252553357075314	0.0	0.0	
15.460111616327332	17.00521421614197	0.0	0.0	
14.963921685981143	18.14386295461823	0.0	0.0	
14.976808558418735	19.148323991426462	0.0	0.0	
15.108410176462545	19.6732095002297	0.0	0.0	
14.642417330147293	21.055014968636986	0.0	0.0	
15.25175854588879	22.201987020151645	0.0	0.0	
14.83436843237496	22.940962723525963	0.0	0.0	
15.044009022006218	23.548488082881104	0.0	0.0	
14.711876776936622	25.477065851228808	0.0	0.0	
14.927189387587653	26.473715385303525	0.0	0.0	
15.07225906404854	27.330558186350842	0.0	0.0	
14.55012163440605	27.83537542324581	0.0	0.0	
15.3862256914155	29.230954760317566	0.0	0.0	
15.43629311870365	30.029388467547097	0.0	0.0	
14.90061858957584	30.694723356825037	0.0	0.0	
16.28509701699476	0.2317621487762186	0.0	0.0	
16.24271199178813	1.4601939889472444	0.0	0.0	
15.892564655002634	1.6020287803898667	0.0	0.0	
15.63636215320082	3.458612006142869	0.0	0.0	
16.209211197186	4.337484833019949	0.0	0.0	
16.1636620746456	4.928499030142236	0.0	0.0	
15.678904078510232	6.4920223472709075	0.0	0.0	
15.945441370349188	7.156280612948527	0.0	0.0	
16.084271677351516	7.517590277050493	0.0	0.0	
15.72603812434903	9.188455819576411	0.0	0.0	
15.998147249435663	10.030445856651003	0.0	0.0	
16.30919753517844	11.495952427737068	0.0	0.0	
16.03314569321066	12.379187547575517	0.0	0.0	
15.519514014790813	13.331475437221737	0.0	0.0	
16.277035160561887	13.555783191154418	0.0	0.0	
16.421433550998813	14.966983614942023	0.0	0.0	
15.786437242656854	16.241319600689533	0.0	0.0	
16.030094978774528	17.266973825393887	0.0	0.0	
16.217491284870157	18.329073862383037	0.0	0.0	
16.168194647178666	19.406852889375756	0.0	0.0	
16.30665962808483	20.29362058013014	0.0	0.0	
16.135958196030227	21.29186616300836	0.0	0.0	
16.494003822767432	21.646858540991943	0.0	0.0	
16.143295836314937	22.603852913914704	0.0	0.0	
16.434255489512243	24.199335696012064	0.0	0.0	
15.571343685177714	25.328341316872113	0.0	0.0	
15.753945850822348	26.000550032119303	0.0	0.0	
15.826342435869718	27.015506508348068	0.0	0.0	
15.690593994847374	28.4671439435148	0.0	0.0	
15.769060149003224	29.366701565432464	0.0	0.0	
16.065879760916367	30.37364266863937	0.0	0.0	
16.236610843758616	31.392371977383263	0.0	0.0	
16.823557540139095	0.3546392126095135	0.0	0.0	
17.314699395273355	0.6315088332904228	0.0	0.0	
17.396208215252866	2.3555354179793224	0.0	0.0	
17.25785019205435	2.8763380991550287	0.0	0.0	
16.962283776669995	3.750855421049725	0.0	0.0	
17.495316587919085	5.172768390905105	0.0	0.0	
17.44840557563656	6.247077617659247	0.0	0.0	
16.897419444089877	7.4861854958112914	0.0	0.0	
17.373794882112826	7.92152287167358	0.0	0.0	
17.447867091272883	8.613371270838998	0.0	0.0	
16.580471705538738	10.018214440612793	0.0	0.0	
16.515947549490313	11.246761953797403	0.0	0.0	
17.360038556215773	12.13900357414917	0.0	0.0	
17.260022147639887	13.368963728853062	0.0	0.0	
17.19139578097076	14.275182427113373	0.0	0.0	
17.47037463768122	14.549807714846594	0.0	0.0	
17.27488248432115	15.980022005869548	0.0	0.0	
16.929811539523435	16.82180556633466	0.0	0.0	
17.22644652044826	18.170091356051636	0.0	0.0	
17.02739713053955	18.821636928128434	0.0	0.0	
17.16035744273587	19.85574632697669	0.0	0.0	
16.955145083534156	20.531165362682035	0.0	0.0	
16.830779723366227	21.724069249264183	0.0	0.0	
16.69834637355913	23.01302881922894	0.0	0.0	
16.847363082445582	23.797153615420967	0.0	0.0	
16.85257978822232	25.360208036156692	0.0	0.0	
16.535615286650383	25.985814359760152	0.0	0.0	
16.92915716238355	26.909388161926227	0.0	0.0	
17.25287966741645	27.69535657375101	0.0	0.0	
16.976181082505803	28.75792479422494	0.0	0.0	
16.627099705128376	30.1048130837702	0.0	0.0	
17.214173933835465	31.029510167510754	0.0	0.0	
17.52354289049991	0.399336437119008	0.0	0.0	
17.600428512502322	0.8675436813232345	0.0	0.0	
18.491462446756007	1.9730156982893865	0.0	0.0	
17.996079122949144	2.8180488971404825	0.0	0.0	
17.579060155878206	4.321668903777705	0.0	0.0	
18.18204376228842	5.0689929323021445	0.0	0.0	
18.18109772248159	5.861981323094759	0.0	0.0	
18.165274792361608	7.000163119483587	0.0	0.0	
17.94691914752183	8.186328121500814	0.0	0.0	
18.470745550971383	9.041042091441728	0.0	0.0	
18.29944879781044	10.397536349398582	0.0	0.0	
18.455863391504177	11.255085001706268	0.0	0.0	
18.132658563583824	12.046961024262796	0.0	0.0	
17.801830353840828	12.677145079180823	0.0	0.0	
17.855256881123232	14.333189314670312	0.0	0.0	
18.07552351315506	14.754757425203291	0.0	0.0	
18.03908578649865	16.189745533106006	0.0	0.0	
18.077546359227306	16.899962081533562	0.0	0.0	
17.69306484671002	18.040392449148452	0.0	0.0	
17.5024425905183	19.432506344911978	0.0	0.0	
18.125421560262296	20.095477863925634	0.0	0.0	
18.202852777386504	21.378408794084695	0.0	0.0	
17.789523657584752	21.77409207670031	0.0	0.0	
17.96290290086394	22.930024223173728	0.0	0.0	
17.723572552789367	23.810933765660394	0.0	0.0	
17.616730927438645	25.47832707949583	0.0	0.0	
18.323744710438284	26.052187326000016	0.0	0.0	
18.27137059731544	27.099591609356597	0.0	0.0	
18.155166707168416	28.269068067187483	0.0	0.0	
18.30040266582049	29.44496421092446	0.0	0.0	
17.98047701933882	29.506627288859534	0.0	0.0	
18.033456036225147	30.91216325679921	0.0	0.0	
19.435167068908672	0.36990667055376314	0.0	0.0	
19.399758942692948	1.3913188409652752	0.0	0.0	
19.498751112780514	2.149603805249833	0.0	0.0	
18.622463752132212	2.5331716365785577	0.0	0.0	
19.430724655437555	3.644568275203273	0.0	0.0	
19.344152739637213	4.8900531139549885	0.0	0.0	
19.015084534670184	6.370783766251374	0.0	0.0	
19.00048240231396	6.506394164080166	0.0	0.0	
18.924262690289545	7.726835386707356	0.0	0.0	
18.578054916154738	8.863519121094512	0.0	0.0	
18.779086240073216	9.558412329616145	0.0	0.0	
19.392766628535128	11.088909095707905	0.0	0.0	
19.10585433089655	11.65905123314517	0.0	0.0	
19.31783844659906	12.654192444649494	0.0	0.0	
19.01594879673487	14.11719215390597	0.0	0.0	
18.52174517123707	14.879775866191693	0.0	0.0	
18.576258333472182	15.642049624196673	0.0	0.0	
19.37718387816008	16.72062686401239	0.0	0.0	
18.505542402867132	18.40970256321695	0.0	0.0	
18.951071853827095	19.34341056645606	0.0	0.0	
18.558193873298332	19.834622635528273	0.0	0.0	
19.28124811879176	20.84631950449633	0.0	0.0	
18.500416229543994	22.337949735176355	0.0	0.0	
18.636534641514302	22.93286025557773	0.0	0.0	
18.751616974160957	23.617692201614076	0.0	0.0	
19.436183337864815	24.826207925452746	0.0	0.0	
19.04520135635123	26.001124433169796	0.0	0.0	
18.859933349407907	26.777861436253474	0.0	0.0	
19.36069968635002	27.677634884148876	0.0	0.0	
19.084626999178013	28.77383051895594	0.0	0.0	
19.44276585220844	29.750963564354276	0.0	0.0	
18.930224863123385	31.31914828669634	0.0	0.0	
19.6272835103447	0.15716986535790367	0.0	0.0	
19.663492279573756	0.8118818521199171	0.0	0.0	
20.42579967325345	1.9073423730585928	0.0	0.0	
19.729937363334624	3.3710338027472138	0.0	0.0	
19.825559136500253	3.5861800565794417	0.0	0.0	
20.259801409793745	5.03283543906962	0.0	0.0	
20.419867682643456	6.0745707786891545	0.0	0.0	
20.224960031237327	7.492420770963135	0.0	0.0	
20.28124449144789	7.689236480975616	0.0	0.0	
20.00407875575316	9.474346273933769	0.0	0.0	
20.092011081034226	10.19163252243084	0.0	0.0	
20.105028061253417	10.827603484201552	0.0	0.0	
20.175125168075827	11.722687102882258	0.0	0.0	
19.85798892575904	13.012253020876221	0.0	0.0	
20.303410710915237	14.090084072774491	0.0	0.0	
20.16883797060321	15.093218826063485	0.0	0.0	
19.694549506286716	15.627831627035086	0.0	0.0	
20.38852556726927	16.50889431755625	0.0	0.0	
20.18895402983541	18.232177561461143	0.0	0.0	
20.108977531255327	19.06828904272189	0.0	0.0	
20.383039528291754	20.40903943757945	0.0	0.0	
20.146722233993486	21.172384729766392	0.0	0.0	
19.719035747788865	22.283322824115423	0.0	0.0	
20.017311266548123	22.817452641374867	0.0	0.0	
19.928170156039997	23.880557526673243	0.0	0.0	
19.87833385337737	24.626343710367205	0.0	0.0	
19.871955368883178	25.538075486627903	0.0	0.0	
19.52067446716259	27.23333469294883	0.0	0.0	
19.57777648648176	27.969931064843905	0.0	0.0	
19.633436752610116	28.705319765030975	0.0	0.0	
20.157393061567284	30.079812936161886	0.0	0.0	
20.216806614844373	30.717260345603684	0.0	0.0	
21.168685170620677	0.4503186663788433	0.0	0.0	
21.386658944215732	0.9097707050354559	0.0	0.0	
21.340895831464877	1.8453005082288993	0.0	0.0	
20.774489243631624	3.1775186181171673	0.0	0.0	
21.11347988539764	3.978526807261065	0.0	0.0	
21.22734876385897	4.948918552443861	0.0	0.0	
20.83003485186828	5.5429383585986844	0.0	0.0	
20.632647481860108	7.415481352061762	0.0	0.0	
21.302270860321578	8.367877190274807	0.0	0.0	
21.03978914650379	9.270233809288529	0.0	0.0	
20.869864792720517	10.034280756520381	0.0	0.0	
21.2484025227359	10.654153289083522	0.0	0.0	
21.419579750867527	11.917837710373435	0.0	0.0	
20.94607654116215	13.014412443115878	0.0	0.0	
20.960640281524178	13.957046436812062	0.0	0.0	
20.89669221120231	14.705209349569966	0.0	0.0	
20.986274052948847	15.984977753293178	0.0	0.0	
20.94134522511824	17.311977432111053	0.0	0.0	
20.96373974153491	17.541885988220557	0.0	0.0	
21.218302972784915	18.574567816911856	0.0	0.0	
20.64120386168884	19.856487386894166	0.0	0.0	
20.803865779145298	21.11880058455637	0.0	0.0	
20.607486075120715	22.379759669253758	0.0	0.0	
21.053043568228063	23.275264630969975	0.0	0.0	
21.486617161327644	24.11976141318093	0.0	0.0	
21.254229816960525	24.87707451904886	0.0	0.0	
21.1755461567765	26.49616815891878	0.0	0.0	
20.875580023289842	27.110157180864505	0.0	0.0	
21.053591645292638	27.66249816528485	0.0	0.0	
21.092388848168127	29.474295290176116	0.0	0.0	
21.388416322388498	29.53147413405889	0.0	0.0	
21.09207708528906	30.640045394827506	0.0	0.0	
21.75197972302387	0.1812913195886814	0.0	0.0	
22.01914246658643	1.1559485148438258	0.0	0.0	
22.373097013340757	2.209097166734354	0.0	0.0	
21.843904253869663	2.686789198541237	0.0	0.0	
22.17491033491869	4.210565084318254	0.0	0.0	
22.075475467709285	5.217736581414432	0.0	0.0	
22.165615805889967	6.10725145190748	0.0	0.0	
21.623008009188872	7.130593179914532	0.0	0.0	
22.304035108331412	7.541499226635418	0.0	0.0	
21.797681769507815	8.574855282992305	0.0	0.0	
21.85637367315223	9.638316037796292	0.0	0.0	
22.090322339004647	10.740480731996861	0.0	0.0	
22.278674941698906	11.53645580963202	0.0	0.0	
21.55568248216392	13.123513896393815	0.0	0.0	
22.28839817441648	14.044852535235666	0.0	0.0	
21.565974850519563	15.156304552857515	0.0	0.0	
22.31104297961547	16.383807826956936	0.0	0.0	
22.08874118837317	16.561718137318152	0.0	0.0	
22.112324270610706	18.123922163145416	0.0	0.0	
22.238792456229458	18.989174371681077	0.0	0.0	
21.549592505249457	19.55046089294931	0.0	0.0	
22.16339412686288	20.970336008609735	0.0	0.0	
22.049759940178472	21.605510844775377	0.0	0.0	
21.948508383322856	22.5967458036628	0.0	0.0	
21.550275817960067	23.897592665044687	0.0	0.0	
22.305636604606878	24.64547721974923	0.0	0.0	
22.04037307866731	25.88051858859032	0.0	0.0	
21.857571244172192	27.37142329727966	0.0	0.0	
22.265390297052168	27.853751746617835	0.0	0.0	
22.153997020944086	29.390804472537788	0.0	0.0	
22.262097322080827	30.36426585632114	0.0	0.0	
21.756351349220207	31.48637633437231	0.0	0.0	
23.283035174196414	0.14071154444542633	0.0	0.0	
23.17574030532984	1.4266558111781502	0.0	0.0	
23.409692674649122	2.217405924532179	0.0	0.0	
22.624777753606267	3.273031988778557	0.0	0.0	
23.266376419482512	4.2037492650750545	0.0	0.0	
23.189838029456425	4.749152106665263	0.0	0.0	
23.24086709860068	5.695344384070984	0.0	0.0	
22.504340765420437	7.243828873399926	0.0	0.0	
23.14761784275996	8.359494806513428	0.0	0.0	
23.320589252547038	9.23641125070372	0.0	0.0	
23.366178004539954	10.443951756068568	0.0	0.0	
22.741543385920732	11.477461399663484	0.0	0.0	
22.96591409455814	12.466785029129165	0.0	0.0	
23.040122789628708	12.570622506841758	0.0	0.0	
23.086029080783216	13.730633522164055	0.0	0.0	
22.750863663159173	15.044589083904457	0.0	0.0	
22.793917109925115	15.553497365136327	0.0	0.0	
22.659086935857754	16.94515295033659	0.0	0.0	
22.58276025075324	17.683013389135436	0.0	0.0	
22.74598445301558	18.84879211470828	0.0	0.0	
23.004078352458617	20.468566959614233	0.0	0.0	
23.440625384291423	21.451462993161908	0.0	0.0	
23.29203141665083	21.58570249690761	0.0	0.0	
23.251233350259636	22.618793842440837	0.0	0.0	
23.37732152574155	24.18105202442931	0.0	0.0	
22.846109609110115	25.475603899329165	0.0	0.0	
22.521622047342756	25.942072736547345	0.0	0.0	
23.463569844588054	26.504807094423008	0.0	0.0	
22.86480404038323	28.098528247078423	0.0	0.0	
22.50834146782376	29.03088211789821	0.0	0.0	
23.338425306545048	30.486503606436326	0.0	0.0	
23.38316249196444	31.443290246373543	0.0	0.0	
24.176584052983184	0.2792461184321645	0.0	0.0	
23.694489603002513	0.6001817098008768	0.0	0.0	
23.827247747769253	1.784765457829646	0.0	0.0	
23.993146012636213	2.876139311130956	0.0	0.0	
24.283920020769543	3.637462175614403	0.0	0.0	
23.730245826112927	5.392447004328038	0.0	0.0	
24.0978497319023	6.158977136704746	0.0	0.0	
24.077982999191008	7.285577665868109	0.0	0.0	
23.85792403749721	8.02963851446699	0.0	0.0	
23.501418681318974	8.755942966727893	0.0	0.0	
24.002962839423194	10.495151198492087	0.0	0.0	
24.095357071287676	11.197531668021544	0.0	0.0	
23.712780476215798	12.000060026511733	0.0	0.0	
23.906693206574626	13.125842852311818	0.0	0.0	
24.203630577511625	13.904163735964191	0.0	0.0	
24.19171191805036	14.607958183789437	0.0	0.0	
23.894688689642194	16.029037787402142	0.0	0.0	
24.035674189844705	17.055794565156837	0.0	0.0	
23.734157959627076	18.07032631637188	0.0	0.0	
23.845234518187457	19.274138052140746	0.0	0.0	
23.515479039675157	20.359620867630174	0.0	0.0	
23.540232309024596	20.793247032742364	0.0	0.0	
23.575689156160685	21.963589379477945	0.0	0.0	
24.358424341003484	22.857986781245227	0.0	0.0	
23.827361713616956	23.80127730629361	0.0	0.0	
24.09954256665557	25.025150358372002	0.0	0.0	
23.533584887374364	26.33978981187865	0.0	0.0	
23.818822222935896	27.35457768030521	0.0	0.0	
24.487282838011716	28.125270039365763	0.0	0.0	
23.8991623389215	29.34279311415644	0.0	0.0	
23.69171262352444	30.09341600747178	0.0	0.0	
23.57452717622875	31.32893708682481	0.0	0.0	
24.785804785342908	0.26767896845326955	0.0	0.0	
24.82619659199888	0.5122941781222746	0.0	0.0	
24.642105762793676	1.895149378310645	0.0	0.0	
24.52438704173088	2.799884183101529	0.0	0.0	
24.847553031246402	3.818547126801875	0.0	0.0	
25.21584586206373	5.260744922105048	0.0	0.0	
24.895964433299604	5.632795088927004	0.0	0.0	
24.913309581661455	6.538983125668843	0.0	0.0	
25.494190041663245	7.664143055509738	0.0	0.0	
24.612307525608568	8.709365396904106	0.0	0.0	
25.269262600785584	9.544845888870807	0.0	0.0	
24.542534202548616	10.722526963981577	0.0	0.0	
24.623955064133106	11.8426675852411	0.0	0.0	
25.12670681194707	13.171778011660805	0.0	0.0	
25.351158279436202	14.434060376715355	0.0	0.0	
25.37999440045042	15.466007865498517	0.0	0.0	
24.674062421076886	15.706646799903346	0.0	0.0	
25.16259102752306	16.591631557528785	0.0	0.0	
24.53416674596983	17.568493127070052	0.0	0.0	
25.295187020909268	18.92644902351536	0.0	0.0	
25.282495587035946	19.98289758729881	0.0	0.0	
25.140075050983295	21.438046360349237	0.0	0.0	
24.581714086606155	21.747823211908898	0.0	0.0	
25.155370602768315	23.35994858702663	0.0	0.0	
24.562681744782704	23.666098536391754	0.0	0.0	
24.788717913700246	24.542573410632137	0.0	0.0	
24.507000375286406	26.333832756414832	0.0	0.0	
25.329902388438917	26.591560055807353	0.0	0.0	
24.897123611923913	27.58985961341612	0.0	0.0	
25.301475647686246	28.561339015481455	0.0	0.0	
24.80386331105351	29.500083469399566	0.0	0.0	
24.90790458114976	31.377148880240675	0.0	0.0	
26.34645643543622	0.4140766799122719	0.0	0.0	
26.080633801444144	1.1791059964457709	0.0	0.0	
25.708150435421818	2.183728018139498	0.0	0.0	
25.947788023715436	3.0686921086476637	0.0	0.0	
25.934115976470228	3.6842890862738584	0.0	0.0	
26.21966580399524	4.9945629899629695	0.0	0.0	
26.348808941987595	6.497767328625312	0.0	0.0	
25.750548697782758	6.566086659016616	0.0	0.0	
25.83748345428081	7.8949158788564615	0.0	0.0	
25.693294935089543	9.362387029304235	0.0	0.0	
25.675632202273775	10.380803799365543	0.0	0.0	
25.888234666520216	10.735249410752637	0.0	0.0	
26.427530547892303	12.137820138188617	0.0	0.0	
26.22690919356277	13.014282269102793	0.0	0.0	
25.955120683224955	13.754381613052294	0.0	0.0	
25.691153588223333	15.25069130937626	0.0	0.0	
26.033053466451737	16.33449388108715	0.0	0.0	
26.086684869451293	17.322389022362024	0.0	0.0	
26.39814215398551	17.508916885280907	0.0	0.0	
26.37290978180068	19.269115369933708	0.0	0.0	
26.11201483930941	19.764369006991593	0.0	0.0	
25.694902065270938	21.053236789538218	0.0	0.0	
26.175238603305676	22.4030086536695	0.0	0.0	
26.157158054433257	22.60077122162276	0.0	0.0	
26.26201510401136	23.62327924424094	0.0	0.0	
25.949444225818063	24.528318020286267	0.0	0.0	
26.435128579048968	25.954411375751768	0.0	0.0	
25.65594326500423	26.99430413592964	0.0	0.0	
26.495381634884062	27.662697409794603	0.0	0.0	
25.979662179296355	28.743382834601796	0.0	0.0	
26.496084442886293	29.71602344669856	0.0	0.0	
26.047161508819293	30.996973896894097	0.0	0.0	
27.396547301630463	0.1767345993336058	0.0	0.0	
27.44710176594989	0.5487330374516911	0.0	0.0	
27.266747411021207	2.30847556348065	0.0	0.0	
26.64476256216133	3.4970195853433594	0.0	0.0	
26.892549114577385	3.6550097864819917	0.0	0.0	
27.238304414667073	4.573091881555852	0.0	0.0	
26.64634974125092	5.6926444592908165	0.0	0.0	
26.816401086384836	7.206466169123366	0.0	0.0	
26.970644241316013	7.678648735282542	0.0	0.0	
26.938373115742408	9.45807511143339	0.0	0.0	
27.17877170715038	10.260808713091041	0.0	0.0	
27.14349380630931	11.373240592352417	0.0	0.0	
26.751143625213373	11.998214636292106	0.0	0.0	
27.402633163513514	12.937854563149697	0.0	0.0	
27.200075049010596	14.450128678207937	0.0	0.0	
26.99487615505544	14.615986669364688	0.0	0.0	
26.85112363636378	16.441755213120356	0.0	0.0	
27.230641784179237	16.985156453773037	0.0	0.0	
27.25785741173532	17.62629364724448	0.0	0.0	
26.57785353606826	19.41355653507214	0.0	0.0	
26.952339286674764	19.55957063553285	0.0	0.0	
27.38054669363981	21.20948194415325	0.0	0.0	
27.069264517990977	22.20986633070099	0.0	0.0	
26.898905340558848	23.040185700994783	0.0	0.0	
26.65553991563273	23.867304927353217	0.0	0.0	
26.89026944689588	25.198861733876058	0.0	0.0	
27.280904279328407	25.688174479245028	0.0	0.0	
27.274055120852278	26.741498819403475	0.0	0.0	
27.085374320690683	27.50746903356136	0.0	0.0	
27.47123730008941	29.424621152719524	0.0	0.0	
26.68649162392387	30.192663496674438	0.0	0.0	
27.405038718896176	31.47625581801699	0.0	0.0	
27.70126429259954	0.44640570687734316	0.0	0.0	
27.664283848468997	0.8031417356450843	0.0	0.0	
27.908338164520586	2.351848104978494	0.0	0.0	
28.176995635910007	2.660856884708914	0.0	0.0	
28.369907601483995	4.324558598595438	0.0	0.0	
28.47418889886229	4.911768138757156	0.0	0.0	
28.06188491902826	6.400805781119733	0.0	0.0	
27.55255290757102	7.006569452725946	0.0	0.0	
28.045957772008475	7.801929644797891	0.0	0.0	
28.098049540256614	8.956906556489535	0.0	0.0	
28.022769144265734	9.932898081748883	0.0	0.0	
27.65200871859047	10.996600642485316	0.0	0.0	
27.673443058857533	11.608711865415824	0.0	0.0	
28.34752777425934	13.342954608878392	0.0	0.0	
28.128250939993222	14.121102070151853	0.0	0.0	
28.220334934948337	14.677231437102638	0.0	0.0	
27.741041834373707	15.766098006287205	0.0	0.0	
27.793792206524415	17.189877175609546	0.0	0.0	
27.987669912106607	17.846533486587084	0.0	0.0	
27.59506764661343	19.178927350683143	0.0	0.0	
27.59615522614851	20.349827565743396	0.0	0.0	
28.266671343862907	20.800805311167398	0.0	0.0	
27.801045141884966	22.26025434346206	0.0	0.0	
27.517995998712152	22.965964956481503	0.0	0.0	
27.50858733757225	23.843483707421637	0.0	0.0	
28.426956172488726	24.721626860550682	0.0	0.0	
27.984677557834136	25.53972759808508	0.0	0.0	
27.687858658094004	27.073568071801084	0.0	0.0	
27.73497806283121	27.5377125468176	0.0	0.0	
28.051765638580658	28.863065947799107	0.0	0.0	
27.9936547369851	30.26078346644311	0.0	0.0	
27.87863942364535	30.837576668036643	0.0	0.0	
29.00237250239021	0.09034815036604837	0.0	0.0	
29.33948028837947	0.5789381474099387	0.0	0.0	
28.681493448816276	2.1361216613005234	0.0	0.0	
29.408912576006937	2.6766002632011165	0.0	0.0	
29.063260966652287	3.727026492464593	0.0	0.0	
28.957089999590217	4.873474357263364	0.0	0.0	
28.646567948013676	5.814397141615509	0.0	0.0	
29.013514526400677	7.061354446546689	0.0	0.0	
29.274359789264178	7.505842869411726	0.0	0.0	
28.810527795596094	9.386250393502168	0.0	0.0	
29.46386778932947	10.194568815219641	0.0	0.0	
28.894943004656415	11.471155157048665	0.0	0.0	
28.580826322296573	11.570655661774117	0.0	0.0	
29.10814001452426	13.407666720752754	0.0	0.0	
29.014871101808062	14.429075691967917	0.0	0.0	
28.878189942927172	14.504258012874278	0.0	0.0	
29.319028691671086	16.182056399622386	0.0	0.0	
29.25204603886422	16.66152170596356	0.0	0.0	
28.620666230494784	17.622873863518105	0.0	0.0	
29.000588873764748	18.726962057941183	0.0	0.0	
29.40917668853658	20.34703913458415	0.0	0.0	
29.179269916577713	21.344704042232898	0.0	0.0	
29.232623409993824	21.816724807262005	0.0	0.0	
28.819912319121197	23.007449862709464	0.0	0.0	
28.502189876518834	24.080435916211457	0.0	0.0	
28.809830651271856	25.17338503153181	0.0	0.0	
29.16675036746642	26.397562189894874	0.0	0.0	
29.34165784331578	26.94637715396266	0.0	0.0	
29.361414725775106	27.70769285607848	0.0	0.0	
28.674738777598392	29.472266269958503	0.0	0.0	
28.926117474032203	29.637595196249116	0.0	0.0	
29.26099158600282	31.43551358924089	0.0	0.0	
30.03080739492029	0.31309952340533553	0.0	0.0	
30.016871732263116	1.3898384994677857	0.0	0.0	
29.54743858117682	2.141031297768861	0.0	0.0	
30.106870879763417	2.967754676690706	0.0	0.0	
30.31672748187134	4.286904410900304	0.0	0.0	
29.79185490122252	4.875875983356207	0.0	0.0	
29.804538980221523	5.567329202468691	0.0	0.0	
29.545998274856935	6.724131906902061	0.0	0.0	
29.867863506120237	7.527820474753038	0.0	0.0	
29.929795239172677	9.449934605420145	0.0	0.0	
30.435379017853972	10.038571643000443	0.0	0.0	
29.92496969160389	11.154818662337034	0.0	0.0	
30.484234120216264	11.911694950147695	0.0	0.0	
30.09609259464407	12.6119583067765	0.0	0.0	
29.99760673081839	13.750748808813219	0.0	0.0	
29.682657924585197	15.275761297933071	0.0	0.0	
29.76641567249002	15.850767380588119	0.0	0.0	
29.727194864499968	16.58032196551437	0.0	0.0	
29.567471883705597	18.12916524044994	0.0	0.0	
29.99730931475138	18.51026116496256	0.0	0.0	
29.5547062339004	20.371103437563278	0.0	0.0	
29.735052543566223	21.22649480677239	0.0	0.0	
30.46901636231947	22.009509894819523	0.0	0.0	
30.033582170651794	22.58259366983705	0.0	0.0	
29.629264838260582	23.672358105115652	0.0	0.0	
29.995539514670643	25.397143085623775	0.0	0.0	
30.091432634921254	25.813729628811885	0.0	0.0	
30.314901148615203	27.446254521061523	0.0	0.0	
29.59116496986288	28.246545886759858	0.0	0.0	
30.080589151043487	28.785116710853906	0.0	0.0	
29.666697084856995	30.019056655145476	0.0	0.0	
29.634415937721503	31.194319678752244	0.0	0.0	
31.450530306300166	0.4390634538330801	0.0	0.0	
31.44012267125671	0.8806570724220109	0.0	0.0	
30.851193862419166	2.1761629747057394	0.0	0.0	
30.734925643838423	3.2852517953475675	0.0	0.0	
31.459216452801318	3.648257895158035	0.0	0.0	
30.564973140505803	5.069126675728518	0.0	0.0	
30.89766178146242	6.3540516901701	0.0	0.0	
30.938832206544923	6.7759353697417755	0.0	0.0	
30.9765557282316	7.978899339535097	0.0	0.0	
31.15277023925717	9.385906034722776	0.0	0.0	
30.764956788343923	9.517484257682659	0.0	0.0	
30.79720337232506	10.576915774903	0.0	0.0	
31.439143811034345	12.145605837033052	0.0	0.0	
31.07826030550446	12.52033913522238	0.0	0.0	
30.836904418220854	13.571654563490647	0.0	0.0	
31.103864451249837	14.926411142062264	0.0	0.0	
30.878326347535285	15.726283148000244	0.0	0.0	
30.573477317001124	16.7428915463057	0.0	0.0	
30.51885160401194	18.383883277761594	0.0	0.0	
31.4556711123466	19.37316724118	0.0	0.0	
31.308131593390936	19.71185863802147	0.0	0.0	
31.46341435358359	21.045560017119282	0.0	0.0	
31.103617432494648	21.723785932796655	0.0	0.0	
31.05892566450838	23.119995392317986	0.0	0.0	
30.752476902494443	24.494045439869296	0.0	0.0	
30.70984243265239	24.647938981949988	0.0	0.0	
30.642640234993184	25.702719605242923	0.0	0.0	
31.203273398003056	26.699385495790214	0.0	0.0	
30.64983887742782	28.26878293298015	0.0	0.0	
30.580773167531884	28.716846406055463	0.0	0.0	
31.11277391462878	30.042324687298606	0.0	0.0	
31.10310975233104	31.459859592094467	0.0	0.0	
