2
32.0	0.0	0.0	0.0	
0.0	32.0	0.0	0.0	
0.24962014103976304	0.14373451143381033	0.0	0.0	
0.40985806459056107	0.5181160446594355	0.0	0.0	
0.3328999368466108	1.5579137730343002	0.0	0.0	
0.05669254974373639	2.7226389066971812	0.0	0.0	
0.4050300672821068	3.559548550058954	0.0	0.0	
0.24570308266503638	4.908361680240729	0.0	0.0	
0.3311101710435007	6.465644842224445	0.0	0.0	
0.07115930366864331	6.95233051743388	0.0	0.0	
0.1557336562656807	8.077570032340645	0.0	0.0	
0.08771814603231443	9.432053656462852	0.0	0.0	
0.07567282564763944	9.922548735329741	0.0	0.0	
0.49043793421634996	10.76250605593246	0.0	0.0	
0.23723729162970364	12.013804634189276	0.0	0.0	
0.14708697428393236	13.059820598354596	0.0	0.0	
0.025047228517506404	13.98453370014632	0.0	0.0	
0.08705025219571938	14.994520776041016	0.0	0.0	
0.28535500740008835	16.323998928727722	0.0	0.0	
0.4133237305360111	17.020791262011713	0.0	0.0	
0.30131112419511075	18.00635926179807	0.0	0.0	
0.018189739862251475	18.55054265908186	0.0	0.0	
0.17731674479617676	19.664806149856076	0.0	0.0	
0.4082930112375023	21.326111762341327	0.0	0.0	
0.49225969040870066	21.835061319226035	0.0	0.0	
0.32222656933087146	23.09783422492575	0.0	0.0	
0.3444394886034641	24.448229807971288	0.0	0.0	
0.383527961197511	24.872089661779228	0.0	0.0	
0.2868767683124497	25.532791845551696	0.0	0.0	
0.0656350259324302	27.24951320196643	0.0	0.0	
0.017432648797156558	28.326534507927892	0.0	0.0	
0.42848504138619004	28.856342834649364	0.0	0.0	
0.22119096581045328	30.110215848148595	0.0	0.0	
0.1943338675058086	31.39874242611514	0.0	0.0	
1.3978027566801794	0.16225349880378515	0.0	0.0	
0.8198656397132914	1.3704463840201218	0.0	0.0	
0.5731128461759941	1.982895696611078	0.0	0.0	
1.2807934473551512	3.0818300035590203	0.0	0.0	
1.0618058781743132	4.219575103282145	0.0	0.0	
1.4518827796134943	4.731783182384771	0.0	0.0	
0.8538126134286518	6.143134536379885	0.0	0.0	
1.1789799452261653	6.985851228976522	0.0	0.0	
1.2853832860692342	7.93562253283079	0.0	0.0	
0.8465909290738142	9.461341133039328	0.0	0.0	
1.3208805538886201	9.866885003804445	0.0	0.0	
1.1034544924165715	10.769604625113503	0.0	0.0	
1.0271189487752426	11.954945488915971	0.0	0.0	
0.5172986901853385	12.775696639540556	0.0	0.0	
1.4077180424214841	14.44880472322424	0.0	0.0	
1.3359194055948227	14.721425493319286	0.0	0.0	
0.5300110393185122	16.417323052983424	0.0	0.0	
1.1949586492555395	16.557168076942666	0.0	0.0	
0.8783269912080635	18.10873763718711	0.0	0.0	
0.51498036291029	19.3905539512592	0.0	0.0	
1.2519142695736956	19.515490796091566	0.0	0.0	
1.330047091854317	21.240156464163668	0.0	0.0	
1.1379208408307093	22.197071165686616	0.0	0.0	
1.1755448651799427	23.444594338198236	0.0	0.0	
1.0604152106777964	23.91646903360125	0.0	0.0	
1.1707133082528336	25.32147748844537	0.0	0.0	
1.4471173273671618	25.584437310474392	0.0	0.0	
0.9558938930899171	26.980451791973447	0.0	0.0	
1.4630005088416693	27.73966455329405	0.0	0.0	
1.0239267061778796	29.369139772910273	0.0	0.0	
1.100973734090248	30.273028488208602	0.0	0.0	
1.2031754886425343	31.047343834572185	0.0	0.0	
1.8043542168327795	0.47995440449886495	0.0	0.0	
1.504185501688356	1.1791602890526411	0.0	0.0	
1.6360454076487065	2.444102124886269	0.0	0.0	
2.0376961612541074	2.519222974957044	0.0	0.0	
2.319014855798212	4.46724332972634	0.0	0.0	
1.7743999375065327	5.320135854309928	0.0	0.0	
2.02144764561201	6.401128960307162	0.0	0.0	
1.7448110828299495	6.859202405331957	0.0	0.0	
1.78459963936134	8.023365354001992	0.0	0.0	
1.7130390520165801	9.207132993983409	0.0	0.0	
1.8627792912029424	9.50538921645768	0.0	0.0	
2.2852760771704976	10.673790415648028	0.0	0.0	
2.270560051002854	12.103865484840878	0.0	0.0	
2.2278894776282496	13.188609584269994	0.0	0.0	
2.281646061239429	14.433308467293074	0.0	0.0	
1.7134974464937718	14.604671727365877	0.0	0.0	
2.176657150491403	15.610707229313233	0.0	0.0	
1.8011847835988255	16.709583131284028	0.0	0.0	
1.6439960394645854	18.31371337941553	0.0	0.0	
1.8806283604914227	19.150322624132016	0.0	0.0	
1.9332809739990775	20.124320168840796	0.0	0.0	
2.0097790427767923	21.41642183944079	0.0	0.0	
2.4872538691305626	21.517546379150783	0.0	0.0	
2.444028803589897	23.02758523110386	0.0	0.0	
1.7567137536775324	23.818624409637557	0.0	0.0	
2.4498055709655935	24.855599177741436	0.0	0.0	
2.4083056764004698	26.19027657128056	0.0	0.0	
2.2747735897424146	27.497021268014073	0.0	0.0	
1.8864237819575977	27.678719485563704	0.0	0.0	
1.8746790357112413	28.629678117472817	0.0	0.0	
2.296473145240677	29.976331435655396	0.0	0.0	
1.9125576872982393	31.281630007992106	0.0	0.0	
3.1437476420574217	0.3371954421495217	0.0	0.0	
2.6467646741661426	0.626612618462212	0.0	0.0	
2.806572128736801	2.175419365145393	0.0	0.0	
2.854591459695582	2.84210606035197	0.0	0.0	
2.8229193345192076	3.7904590704990886	0.0	0.0	
3.2223539691192036	4.6587614324815645	0.0	0.0	
2.8107013484970196	6.476085164629103	0.0	0.0	
3.322505361547903	6.657119608898903	0.0	0.0	
3.3310282043020605	7.733518465524548	0.0	0.0	
3.007743959293163	9.287616327483871	0.0	0.0	
2.6718053097692183	10.155202225943567	0.0	0.0	
3.485553492070424	10.689950496063073	0.0	0.0	
2.88298123621277	12.389590588198233	0.0	0.0	
2.64281621647011	13.153149842960143	0.0	0.0	
2.688953465736276	14.481082819493444	0.0	0.0	
3.3065236843968315	14.800129684976973	0.0	0.0	
3.1350430413854475	15.76018905277605	0.0	0.0	
3.244829360930942	17.059927939769615	0.0	0.0	
2.8632897272164852	17.64510713244578	0.0	0.0	
3.1823579001305697	18.710553241828165	0.0	0.0	
2.8353887554692543	19.55120657886531	0.0	0.0	
3.0103241405800816	21.36356242624841	0.0	0.0	
2.947577270178024	22.14082560869403	0.0	0.0	
2.9140705332522723	22.91930623230104	0.0	0.0	
3.1774367457829205	24.431576583854394	0.0	0.0	
3.468935107959731	25.27970230856273	0.0	0.0	
2.6948842151337606	25.68806745899629	0.0	0.0	
2.9233873156726418	27.09883145417561	0.0	0.0	
3.163858949889145	28.494347930020478	0.0	0.0	
2.9194222149276627	29.05187740108676	0.0	0.0	
2.749631386136486	29.748276103857936	0.0	0.0	
2.797646941128844	31.08825890466976	0.0	0.0	
3.7450417197309336	0.14426117530246707	0.0	0.0	
3.862380911877078	0.572593320267845	0.0	0.0	
3.837898298800537	1.9470802576621686	0.0	0.0	
4.0993793116124175	2.5419513364709774	0.0	0.0	
4.092307142476757	3.7418765915182517	0.0	0.0	
4.474996064085094	4.924402537673205	0.0	0.0	
4.19188081380097	5.9213131816965605	0.0	0.0	
3.680304561091701	7.168629102898282	0.0	0.0	
3.553920325579303	7.514934695481897	0.0	0.0	
3.8075944294166812	8.693175211570818	0.0	0.0	
3.7603317553601006	10.477083873904247	0.0	0.0	
3.6258363338238904	11.187017566034662	0.0	0.0	
4.282314039218147	11.688112126149266	0.0	0.0	
3.559641043510923	13.341184737756256	0.0	0.0	
3.7470863210291996	13.78318435233155	0.0	0.0	
3.7722707468435517	15.155305232319286	0.0	0.0	
4.192748729838756	16.25619150587416	0.0	0.0	
4.293698434172211	17.47599052970674	0.0	0.0	
3.8552318853041445	18.234790043668976	0.0	0.0	
4.302981432067867	19.431279821825584	0.0	0.0	
3.5626354754444245	19.937670503863405	0.0	0.0	
4.146336115687013	21.42900943340769	0.0	0.0	
3.5523498969364424	21.757674497939735	0.0	0.0	
3.9860982353816783	22.62671588379179	0.0	0.0	
3.6106184903780263	23.572197538338116	0.0	0.0	
3.8964397026731827	24.82434006564828	0.0	0.0	
4.42695715055232	26.180467599500815	0.0	0.0	
4.162955605513301	26.557609250994687	0.0	0.0	
3.6468298078535617	27.84019415293262	0.0	0.0	
4.25536174986909	28.835611343895152	0.0	0.0	
3.909600709800893	30.298333007403954	0.0	0.0	
3.898239629218263	30.799190492930517	0.0	0.0	
4.875787386423446	0.005749567901330854	0.0	0.0	
5.218043238457172	1.4537692106321152	0.0	0.0	
4.750800514554484	1.7939983513386617	0.0	0.0	
5.353471639813196	2.6127809349647775	0.0	0.0	
5.14770054123348	3.731835199606982	0.0	0.0	
5.0139369359423505	4.980365482552946	0.0	0.0	
5.495421827515298	5.524024874671227	0.0	0.0	
4.531440677966994	7.118825692065042	0.0	0.0	
4.9658104127323375	8.343148682513798	0.0	0.0	
4.791919850514629	8.636281320150967	0.0	0.0	
4.981012455120566	9.632283480812438	0.0	0.0	
4.815624566308447	11.2754089057814	0.0	0.0	
5.011639396269412	11.578076830123276	0.0	0.0	
5.432251303137333	13.013586598991854	0.0	0.0	
4.880316979457912	14.482711052529641	0.0	0.0	
4.643405565065581	14.69598690280908	0.0	0.0	
5.489735633709759	15.679528115754879	0.0	0.0	
5.367179099940183	16.824758437785672	0.0	0.0	
5.209145051727125	18.354512458183155	0.0	0.0	
4.991764512364138	18.67474184512093	0.0	0.0	
5.173011243442307	20.321962234008566	0.0	0.0	
4.857703346712855	21.089135913155506	0.0	0.0	
4.792572007422775	21.899711505744094	0.0	0.0	
5.4562029346895535	22.540964825176342	0.0	0.0	
5.029359329576277	24.01053144146021	0.0	0.0	
5.237156032213642	25.33671460469099	0.0	0.0	
4.806673527406562	25.512027661940355	0.0	0.0	
4.670297681478814	26.86554676184114	0.0	0.0	
4.534827409474513	28.40916958856678	0.0	0.0	
4.765981813000815	29.07123416550216	0.0	0.0	
4.709052682826554	30.018654478884578	0.0	0.0	
4.643528997816303	30.533471050751782	0.0	0.0	
6.330430225608242	0.4821724484124307	0.0	0.0	
6.306584324293132	0.6796721441617256	0.0	0.0	
5.901241373580117	1.5890250407942421	0.0	0.0	
6.206973028591701	2.7298515326771047	0.0	0.0	
6.076566614709588	4.284659636779855	0.0	0.0	
6.367420117695578	5.486513597669868	0.0	0.0	
6.3943936644795585	5.7657110649059735	0.0	0.0	
6.025595726716963	7.090158651092875	0.0	0.0	
6.260384743548096	7.907425641675465	0.0	0.0	
5.816515518865531	8.614147617560137	0.0	0.0	
5.530557368832364	9.779257020698685	0.0	0.0	
5.8848945580396945	11.120826919887184	0.0	0.0	
5.891950149192789	12.490826792035847	0.0	0.0	
5.9441441902332075	12.836945900341448	0.0	0.0	
6.37971709635844	13.945674191735172	0.0	0.0	
6.493852776572998	14.81172567712219	0.0	0.0	
6.044756001406428	16.3371460268757	0.0	0.0	
5.560342196428165	16.79034418745549	0.0	0.0	
5.782539174874717	17.561639530376613	0.0	0.0	
5.723498830512897	18.681286912373583	0.0	0.0	
5.71365822277762	20.4989594236711	0.0	0.0	
5.575442182162373	21.22850002073357	0.0	0.0	
5.7580437761199486	21.61083914610227	0.0	0.0	
6.426102379263334	22.811036814801653	0.0	0.0	
5.8408459321063715	24.43878131310891	0.0	0.0	
5.988239309355423	24.56647351731626	0.0	0.0	
6.02629284443271	25.735641056530557	0.0	0.0	
5.569228484392258	27.442821584765905	0.0	0.0	
5.715195999864719	28.130624617479857	0.0	0.0	
5.821803453372631	28.78443403834364	0.0	0.0	
5.949050024983062	30.449828762866463	0.0	0.0	
5.6665361009194335	30.60319637239122	0.0	0.0	
6.526328307075296	0.11666134388427507	0.0	0.0	
7.393291035592654	1.1997480260204534	0.0	0.0	
7.409763871964016	2.305273508827214	0.0	0.0	
7.358699386975112	2.781288702519797	0.0	0.0	
7.381956897075074	3.5778535634739708	0.0	0.0	
7.055623402606551	4.87587390542912	0.0	0.0	
7.237390938450635	6.101595575999719	0.0	0.0	
6.886058522774177	6.861422290007116	0.0	0.0	
6.776863690924539	8.098446977631534	0.0	0.0	
6.717852242867995	9.258739279261107	0.0	0.0	
7.111724839366074	9.696129456700671	0.0	0.0	
6.959508646212192	10.716498393992888	0.0	0.0	
6.651471144520479	11.955118084488483	0.0	0.0	
6.5817867927674545	12.815240433882389	0.0	0.0	
6.827207548603296	13.594683043293294	0.0	0.0	
6.53604478199801	14.846630466554668	0.0	0.0	
6.767171823956276	15.97789721650995	0.0	0.0	
6.615664379262625	17.386000383981024	0.0	0.0	
7.178336427299111	18.4387332854944	0.0	0.0	
7.125167930797473	18.58821215207521	0.0	0.0	
6.916609428879386	20.195557064553313	0.0	0.0	
6.802211764499127	20.748156215284908	0.0	0.0	
7.287586964769983	22.494628613931756	0.0	0.0	
7.489137125930131	23.25969048985629	0.0	0.0	
6.5867402588057775	24.016310379409063	0.0	0.0	
7.252090280019089	24.90455520264846	0.0	0.0	
7.449825183011967	25.711888258620792	0.0	0.0	
7.431071327546939	27.376542782090088	0.0	0.0	
7.199002928876308	27.80440321062399	0.0	0.0	
6.852463462195493	29.097263390249694	0.0	0.0	
6.9816665524441905	30.020701395424457	0.0	0.0	
6.786999903064803	31.41911716398411	0.0	0.0	
8.447041670742186	0.442616989051122	0.0	0.0	
8.030514237674799	0.5595684254103783	0.0	0.0	
7.748311681928943	1.9738400915178467	0.0	0.0	
7.509935343841183	3.478082908329996	0.0	0.0	
7.806549965125212	3.6004950865851844	0.0	0.0	
7.996208815069027	5.2632885700093945	0.0	0.0	
7.649782515647003	6.447543238665327	0.0	0.0	
7.826963856918622	7.011630870565632	0.0	0.0	
8.434553782998575	8.119741818415294	0.0	0.0	
7.9640764601571545	8.506201065684115	0.0	0.0	
8.425095482843046	10.084788046159696	0.0	0.0	
8.008408159857762	10.543812167338388	0.0	0.0	
8.03739165389808	12.175863057247152	0.0	0.0	
8.42888745103145	12.740758663681294	0.0	0.0	
7.515384625684394	14.255713502427005	0.0	0.0	
8.251645887542352	15.466805044956347	0.0	0.0	
7.579991406263041	15.902106340822025	0.0	0.0	
8.02108109020819	17.22962964047903	0.0	0.0	
8.464526168331536	18.13262057661773	0.0	0.0	
7.591470696730142	18.548562368541802	0.0	0.0	
8.493592342763357	19.87062644568896	0.0	0.0	
8.483401568213218	20.99612291428201	0.0	0.0	
7.770320651480093	21.531696679022968	0.0	0.0	
7.795728608870073	23.343259638350187	0.0	0.0	
7.899018573603399	24.099835093777344	0.0	0.0	
7.660646745522991	24.72622819948984	0.0	0.0	
7.829448285898048	25.920230809216818	0.0	0.0	
7.759233529683915	27.081635503426938	0.0	0.0	
7.716995822783479	27.811685130210215	0.0	0.0	
7.948308631281157	29.208810592058228	0.0	0.0	
7.726846771024543	30.09692194307897	0.0	0.0	
8.073810909205521	30.73671991484647	0.0	0.0	
8.72088795352997	0.27976258028384837	0.0	0.0	
8.514976848938451	1.1565635979755	0.0	0.0	
9.317563589893203	2.36378430240442	0.0	0.0	
9.117857973997506	3.111785768553214	0.0	0.0	
9.156315060307996	4.227290814999159	0.0	0.0	
8.549747566861958	5.261646241794622	0.0	0.0	
8.699948209441247	6.043521564283867	0.0	0.0	
9.277102065767332	7.3932138665722436	0.0	0.0	
8.621737737079068	8.02206804750886	0.0	0.0	
8.867656132875506	9.092848561598759	0.0	0.0	
8.968514322421003	9.536719515724988	0.0	0.0	
9.087508900726812	10.910022626223697	0.0	0.0	
8.727756463927898	11.774983446729037	0.0	0.0	
9.441883056241064	13.19182264443546	0.0	0.0	
9.390239193398616	14.202238776887585	0.0	0.0	
9.197737405896246	14.515949884150393	0.0	0.0	
9.192290065071527	16.154883677545083	0.0	0.0	
9.306454247092455	17.49227775903781	0.0	0.0	
9.24563783269497	17.630064608543172	0.0	0.0	
9.079996486485465	18.844256678586543	0.0	0.0	
9.389630702148173	19.599455465320712	0.0	0.0	
8.969554718990237	20.9370136627208	0.0	0.0	
8.785515135458677	21.9881074232421	0.0	0.0	
8.600013435151904	22.980225689091128	0.0	0.0	
9.350139496868284	23.996027141579304	0.0	0.0	
8.894311598057438	25.186488341014357	0.0	0.0	
9.439742378889502	25.914832005459097	0.0	0.0	
9.218026514902546	26.71625516518485	0.0	0.0	
9.031077200918121	27.579451076211015	0.0	0.0	
8.70909811019048	29.251294105853443	0.0	0.0	
8.817025710278473	29.601860759569536	0.0	0.0	
8.633746102551184	31.164173330918608	0.0	0.0	
9.997745591806362	0.3410018660511397	0.0	0.0	
10.398997785324395	1.328026508089081	0.0	0.0	
9.786210734594754	2.082126756616243	0.0	0.0	
9.912976737489599	2.953203937611677	0.0	0.0	
9.66367688621971	3.8264995280766403	0.0	0.0	
9.559231387168937	5.001641344320859	0.0	0.0	
9.510200228286518	6.3696582904687995	0.0	0.0	
9.988010020991005	7.090132523616573	0.0	0.0	
9.680932209937996	7.912039162185973	0.0	0.0	
10.334882018540707	8.616689609664203	0.0	0.0	
10.402695305584876	10.093322398526238	0.0	0.0	
9.928499408509259	11.170242606523777	0.0	0.0	
10.163740863238065	11.579739849065692	0.0	0.0	
9.926786670784638	12.726792449483757	0.0	0.0	
10.090293831732158	13.588390085848953	0.0	0.0	
10.222963544235826	15.01360106541823	0.0	0.0	
9.940754075008783	16.35930707134219	0.0	0.0	
9.938295285760486	17.385305207794243	0.0	0.0	
9.56302900259937	18.322806166349935	0.0	0.0	
10.04202853756579	19.052219127984355	0.0	0.0	
9.966261109005924	20.26457211321272	0.0	0.0	
9.847747830986695	21.354016876363513	0.0	0.0	
9.67216703816311	21.85923965568938	0.0	0.0	
9.58268195303121	22.637822518277574	0.0	0.0	
10.02739648894625	24.211212062628753	0.0	0.0	
9.913709129655482	25.427983844020094	0.0	0.0	
10.196103253156902	25.633472439381123	0.0	0.0	
9.872187927534993	26.858168299947156	0.0	0.0	
10.16090714558806	28.058593870002973	0.0	0.0	
10.038240011795624	29.475878274298598	0.0	0.0	
9.537209470192884	29.692738149229395	0.0	0.0	
9.781589046497958	31.119965457243193	0.0	0.0	
10.804817732351008	0.4999167067452176	0.0	0.0	
11.09586209123719	1.1000314729219645	0.0	0.0	
11.326183867415793	1.6777012643226543	0.0	0.0	
10.640475627978953	2.664723724395885	0.0	0.0	
11.266622342436577	4.335463915474523	0.0	0.0	
10.820641687773792	5.374905311178241	0.0	0.0	
10.782963596540183	5.638879883961724	0.0	0.0	
10.792743152143137	7.217783839830856	0.0	0.0	
11.158340894315977	7.783444909298058	0.0	0.0	
11.29955575126096	8.802582545375937	0.0	0.0	
11.008842057543928	9.545839620306069	0.0	0.0	
10.693576372163678	11.423682417536886	0.0	0.0	
10.978746206524592	11.625540852236567	0.0	0.0	
10.550438446968018	12.586449633844428	0.0	0.0	
10.895671996808915	13.832438447935024	0.0	0.0	
10.894258455059694	14.880637231471498	0.0	0.0	
11.401764531845005	16.426357642442117	0.0	0.0	
11.320182956435561	16.95565725007475	0.0	0.0	
11.206557786193928	17.97188919918559	0.0	0.0	
11.366361984553762	19.051805731065457	0.0	0.0	
10.768633954829241	19.514825198169383	0.0	0.0	
11.077981361252693	20.95181760431554	0.0	0.0	
10.597462393967595	21.92419973526575	0.0	0.0	
10.765726791433766	22.97566209177358	0.0	0.0	
11.322851516532792	24.24757406403015	0.0	0.0	
11.332209304184389	25.059624795388853	0.0	0.0	
11.04626136022119	25.91345587593208	0.0	0.0	
11.3469233690966	27.337558559773505	0.0	0.0	
10.844975686630583	27.721105915260452	0.0	0.0	
11.498389740136615	28.726911919722298	0.0	0.0	
11.42023090864488	30.143217655006417	0.0	0.0	
10.797117934216077	30.860467580522318	0.0	0.0	
12.413256480558077	0.04466059252830412	0.0	0.0	
12.052343439530821	0.8798040625983091	0.0	0.0	
11.564291834067566	1.8991057369318072	0.0	0.0	
12.289320461971448	3.101890173360092	0.0	0.0	
11.943350481116246	3.610046160813794	0.0	0.0	
12.368638234039924	5.468462087753535	0.0	0.0	
11.612625598925117	6.226497723989304	0.0	0.0	
11.738995649288677	7.07190421882568	0.0	0.0	
11.892266097713279	8.186373004514065	0.0	0.0	
12.457230503320675	9.472737528788146	0.0	0.0	
11.765973267082417	10.329757511984802	0.0	0.0	
12.473977659546096	11.143187860758658	0.0	0.0	
12.458631250736461	12.00670527039011	0.0	0.0	
11.91421574985724	13.204942309712335	0.0	0.0	
12.192159587836022	14.374523826940642	0.0	0.0	
11.823696931178894	14.677711778485646	0.0	0.0	
12.17635256625978	16.321157338382918	0.0	0.0	
12.337503965331614	17.06306094346751	0.0	0.0	
12.366061917957753	17.96375860486168	0.0	0.0	
11.702407984976741	18.98595843388645	0.0	0.0	
11.641275713632018	20.28284882175275	0.0	0.0	
12.243767931092883	20.864438450671884	0.0	0.0	
12.129024698333403	22.060675248511142	0.0	0.0	
12.46167940715114	23.087234736723385	0.0	0.0	
11.80851579011689	23.629079689978155	0.0	0.0	
11.851778217746478	24.610012390059197	0.0	0.0	
11.792647085071508	26.31249954056988	0.0	0.0	
11.655830534753576	27.395455228706005	0.0	0.0	
11.62359798851628	27.84322137053955	0.0	0.0	
12.444639748032582	29.11475494834319	0.0	0.0	
11.532907571281896	29.658694403487544	0.0	0.0	
11.546208741877592	30.907692513734755	0.0	0.0	
13.102582612755675	0.11194797340428009	0.0	0.0	
12.553768440476583	1.2719907722278538	0.0	0.0	
13.44189296356914	2.334916476117658	0.0	0.0	
12.503032471846662	3.0960583481916113	0.0	0.0	
12.53383520586412	4.3785174764749435	0.0	0.0	
13.49003160075047	4.9538557393746645	0.0	0.0	
13.442352685204478	5.613222565953724	0.0	0.0	
12.518039331886367	7.23341571712123	0.0	0.0	
12.768138099117602	8.460435178380152	0.0	0.0	
13.075240816591121	8.939783428175266	0.0	0.0	
12.695260122045992	9.86987482985303	0.0	0.0	
12.939909438348645	10.95208854172166	0.0	0.0	
13.321311299912251	11.75418921789258	0.0	0.0	
13.386209330784682	12.591477948767775	0.0	0.0	
13.292344917881447	14.227763353175439	0.0	0.0	
13.489131311328704	15.085696341361961	0.0	0.0	
13.143418294251937	15.768748290379044	0.0	0.0	
12.64781620212874	16.701891652011415	0.0	0.0	
13.22911049312417	18.146456308951233	0.0	0.0	
13.289082650645119	18.731741601507593	0.0	0.0	
12.657307383230034	19.87322617833911	0.0	0.0	
12.624436070601853	21.431587074390702	0.0	0.0	
12.83709612668425	22.078537196638862	0.0	0.0	
13.48714980553037	23.266725302224295	0.0	0.0	
13.009728582875207	23.976678414965722	0.0	0.0	
13.435206944627582	24.943999168237347	0.0	0.0	
13.48600366054551	25.71861730360404	0.0	0.0	
13.336092855498364	27.469739204599932	0.0	0.0	
13.280229356606121	28.094852875966463	0.0	0.0	
13.45651224863141	28.878045759518148	0.0	0.0	
12.597846991183962	29.535429795184708	0.0	0.0	
12.558545330393626	31.0198945142915	0.0	0.0	
13.72505593299124	0.30755374838364835	0.0	0.0	
14.433928249208853	0.7783052034138963	0.0	0.0	
13.987804057484453	2.1029332811596944	0.0	0.0	
13.593683658094305	3.474531499942689	0.0	0.0	
13.511968607953435	4.229985414571858	0.0	0.0	
13.519273852727371	5.146527594153017	0.0	0.0	
13.50335574652214	6.207009417905423	0.0	0.0	
14.403926860083441	7.307822218790704	0.0	0.0	
13.593480768345632	8.37962230994659	0.0	0.0	
13.93929113000235	9.012786269489826	0.0	0.0	
14.00258086323227	9.833297864713263	0.0	0.0	
14.314754654379737	10.545483041855451	0.0	0.0	
13.961229736900751	11.742621953716903	0.0	0.0	
14.347773189736204	12.773146272906294	0.0	0.0	
13.985950823488329	13.676266607437354	0.0	0.0	
14.386991988743578	15.080023685148152	0.0	0.0	
14.481496411600979	15.851191663013912	0.0	0.0	
14.487250953119334	17.199721392779857	0.0	0.0	
13.551398887111347	18.295780086595833	0.0	0.0	
14.025546820590625	18.52385869262451	0.0	0.0	
14.126701558045838	20.426396593226332	0.0	0.0	
14.362866525424758	20.968168117071773	0.0	0.0	
14.475930218381375	22.25121938652409	0.0	0.0	
14.273475585098607	23.00828357799203	0.0	0.0	
14.376642789959421	24.013930379880325	0.0	0.0	
14.123598565312651	24.62159977878063	0.0	0.0	
13.527714923776822	25.635594523203185	0.0	0.0	
14.375151367132947	27.19228546369463	0.0	0.0	
14.027269697181204	28.094623733768834	0.0	0.0	
14.313258042704433	29.100518873488518	0.0	0.0	
13.829817401374452	30.147368554976886	0.0	0.0	
13.641292654122356	30.748193679751406	0.0	0.0	
14.958301633942735	0.44734778118644536	0.0	0.0	
15.428571501989445	0.9030424508355728	0.0	0.0	
15.449880055017491	2.4160914236125004	0.0	0.0	
15.269620462513352	3.499276300080708	0.0	0.0	
14.598241334885024	3.744088258850171	0.0	0.0	
15.379392989141316	5.281868300291045	0.0	0.0	
14.795012827127461	6.012337302747844	0.0	0.0	
14.503346233762624	7.459856702888793	0.0	0.0	
15.001924208817474	8.089025083533398	0.0	0.0	
14.745162030283778	8.961837583345051	0.0	0.0	
15.34485389147569	9.836380262999395	0.0	0.0	
15.165418740114287	11.17204804332707	0.0	0.0	
14.62756190372323	12.167582068810407	0.0	0.0	
14.626013520698901	13.047139245965372	0.0	0.0	
14.577937028528268	14.185719298109083	0.0	0.0	
14.547684953660424	14.880926201914072	0.0	0.0	
15.228411910846368	16.014222553697945	0.0	0.0	
15.48011196710985	17.034816210298587	0.0	0.0	
15.091299703647197	18.122346536750385	0.0	0.0	
14.597778851244536	19.40470595368471	0.0	0.0	
15.024351603950842	20.037577323083582	0.0	0.0	
14.514772048514098	21.28099143459794	0.0	0.0	
14.857022491657133	21.902265878255943	0.0	0.0	
14.776980720276532	23.245428745899755	0.0	0.0	
14.785918959969381	23.716642110095176	0.0	0.0	
15.011671712445432	25.034256912350223	0.0	0.0	
15.332059999155026	26.155233020791524	0.0	0.0	
14.98857230039623	26.515106185347957	0.0	0.0	
15.137836390871456	27.62190584663959	0.0	0.0	
14.974251298552643	28.69513443323117	0.0	0.0	
15.323072082022854	30.447684955475367	0.0	0.0	
14.920972273319132	30.649242678714003	0.0	0.0	
16.04234442218771	0.4524177874040376	0.0	0.0	
16.384408203390528	0.5310386961747243	0.0	0.0	
15.8920505178747	1.6523102611283793	0.0	0.0	
15.660919725561493	3.057733503149254	0.0	0.0	
16.178561597627002	4.340495277336682	0.0	0.0	
15.851098403765246	5.239903676690281	0.0	0.0	
16.045291848228263	6.220685419147633	0.0	0.0	
16.369276215058886	7.1925625063180805	0.0	0.0	
16.200121241505872	8.073985616733133	0.0	0.0	
16.11339061405135	8.867479527776778	0.0	0.0	
16.31844053826201	10.42613297443386	0.0	0.0	
15.671297495024053	11.286042895752344	0.0	0.0	
16.304775505804834	12.350539182859684	0.0	0.0	
16.28079057418845	12.863293945428023	0.0	0.0	
15.507215749859105	13.618558075500108	0.0	0.0	
16.108902741014916	15.11839280942068	0.0	0.0	
15.866577651519107	16.12033446202384	0.0	0.0	
15.507462665665066	17.471344015595133	0.0	0.0	
16.29420736836805	17.87031830137298	0.0	0.0	
16.448143406418197	19.144542222835593	0.0	0.0	
15.825196966683137	19.742627556837526	0.0	0.0	
15.817031936859527	21.134798378462325	0.0	0.0	
16.232577648644593	22.169031560755453	0.0	0.0	
15.695005512323437	22.72325130006725	0.0	0.0	
16.465913786062053	24.003660398212084	0.0	0.0	
16.406701705121446	25.184155361404926	0.0	0.0	
16.366848347399365	26.211465053897726	0.0	0.0	
15.634572436829497	27.31096360672929	0.0	0.0	
15.793725011302625	27.79453852831969	0.0	0.0	
15.683912263948187	28.70739643371335	0.0	0.0	
15.650181489251134	29.8369300873229	0.0	0.0	
15.759488026539612	30.948899676194966	0.0	0.0	
17.433788383554496	0.4317342315508229	0.0	0.0	
17.41181721389013	0.5313573162749134	0.0	0.0	
17.286273800286068	2.1229915728211854	0.0	0.0	
17.066292809858297	3.239574793349991	0.0	0.0	
17.088093372058317	3.8939862782209733	0.0	0.0	
17.25149802908808	5.102590154379444	0.0	0.0	
16.779553351104735	6.33206144499301	0.0	0.0	
17.14408634430088	6.956184103009899	0.0	0.0	
16.99979344403216	7.637793095771185	0.0	0.0	
17.0297657267593	9.481869661519013	0.0	0.0	
17.049802766655713	10.087020342955855	0.0	0.0	
17.14361239531424	10.832107394382927	0.0	0.0	
16.64160166143602	12.316544480051684	0.0	0.0	
17.393639920467137	12.816187877336107	0.0	0.0	
16.91192738056091	14.411517189586643	0.0	0.0	
17.011332748009156	14.672569182775138	0.0	0.0	
17.125181925146492	16.056591146495663	0.0	0.0	
16.514733373336238	16.779776600134323	0.0	0.0	
17.428914501412795	17.618762279383123	0.0	0.0	
16.814689703209787	19.405450952345994	0.0	0.0	
16.60591384557861	20.050884883469095	0.0	0.0	
17.04569200476474	20.874843891143847	0.0	0.0	
16.56223846874061	22.014727022517395	0.0	0.0	
17.29541445435539	22.8434429959271	0.0	0.0	
17.225703888155348	24.442099291018312	0.0	0.0	
16.6345324505539	24.8711871194076	0.0	0.0	
17.250435379718496	25.761698067118044	0.0	0.0	
17.03372671702222	27.216310774257337	0.0	0.0	
17.030181471439025	28.38736645573586	0.0	0.0	
17.22820693884022	29.06795579034589	0.0	0.0	
16.516890767691354	29.551886358526495	0.0	0.0	
17.46066784951211	31.377972875313777	0.0	0.0	
18.27558502587193	0.022053993836055108	0.0	0.0	
18.44322785686034	1.3829619693690614	0.0	0.0	
17.9780312757051	2.1786407996692483	0.0	0.0	
18.007406285016618	3.1272371391975247	0.0	0.0	
18.42012620879098	4.042015274555975	0.0	0.0	
18.407000479445596	4.650401401325231	0.0	0.0	
17.982646878577718	6.257319799867184	0.0	0.0	
18.13332783509278	7.051568422441394	0.0	0.0	
17.553414185304163	8.315991947191923	0.0	0.0	
18.156003153616968	8.732025997147405	0.0	0.0	
18.431078787752934	10.134751214233704	0.0	0.0	
18.374106574196087	11.142591739271415	0.0	0.0	
17.95209893790494	11.885593989054405	0.0	0.0	
17.696449435978344	12.700133256211494	0.0	0.0	
18.14953661091945	14.1059686387445	0.0	0.0	
17.690984716527648	14.971377988444479	0.0	0.0	
18.45537634013335	16.49335838082767	0.0	0.0	
18.025920480077957	16.85561961171493	0.0	0.0	
17.901722848445218	17.8262442401299	0.0	0.0	
17.8074882210941	18.958799425744413	0.0	0.0	
17.504229517200738	19.877725744873278	0.0	0.0	
18.49096278212263	21.13740265118688	0.0	0.0	
17.943518278229178	21.55099282185985	0.0	0.0	
17.62392124264014	22.778067058971246	0.0	0.0	
18.093105599764762	24.148331827671235	0.0	0.0	
18.262264476343443	24.75721470946241	0.0	0.0	
18.402429591562907	25.848266939118655	0.0	0.0	
17.771435907095327	26.817023654826855	0.0	0.0	
18.41642536973644	27.575252948618562	0.0	0.0	
17.78576629659136	29.081937838277643	0.0	0.0	
17.574555357664718	30.344547472561356	0.0	0.0	
17.523769471431937	30.913215580801456	0.0	0.0	
19.0607432431826	0.17169338047060578	0.0	0.0	
18.81469143282097	0.9103108667550788	0.0	0.0	
19.028912012068815	1.8668721434258355	0.0	0.0	
18.679482786099545	2.590874326990615	0.0	0.0	
19.426515114186135	3.5540557117238385	0.0	0.0	
18.93483168029753	4.689971103637124	0.0	0.0	
19.265075994991715	5.66810932592135	0.0	0.0	
18.737211331796125	7.49110091209737	0.0	0.0	
19.039955846898106	8.27995224301612	0.0	0.0	
19.283761561381855	8.81871378309903	0.0	0.0	
18.866031044651297	10.214325991919653	0.0	0.0	
19.285736092327816	11.014150000439775	0.0	0.0	
19.388556600134212	12.276151417727693	0.0	0.0	
19.4182794691803	13.42234222226839	0.0	0.0	
18.598153563874472	13.640454589802347	0.0	0.0	
19.219081399856645	14.97275214593501	0.0	0.0	
19.229825777214593	15.505988566018985	0.0	0.0	
18.765208954098128	17.469866028323025	0.0	0.0	
18.986728787377327	18.374231715565063	0.0	0.0	
19.12006433398213	18.772457752345552	0.0	0.0	
19.45354228748516	19.874051835093862	0.0	0.0	
18.831536288392485	21.015724539570215	0.0	0.0	
19.461944771275565	21.931588405146684	0.0	0.0	
18.669821571132882	22.796475769167934	0.0	0.0	
19.00321756995657	24.45768906038734	0.0	0.0	
19.367609507735356	25.276778515140208	0.0	0.0	
18.64987655215992	26.134903015215347	0.0	0.0	
18.57662184769604	26.711880172558395	0.0	0.0	
18.90655853347391	28.096438914494943	0.0	0.0	
18.744081293175686	29.35614116517303	0.0	0.0	
19.231408719792785	29.700577249911692	0.0	0.0	
18.755744388806953	30.603348315110342	0.0	0.0	
19.563386603332354	0.4839383819566684	0.0	0.0	
20.10763086432654	0.7340207045438857	0.0	0.0	
20.065408608905607	2.281424493555922	0.0	0.0	
19.872908847927153	2.9399176306200734	0.0	0.0	
19.745319386691655	4.13045767226264	0.0	0.0	
20.257277638202318	4.617048070482008	0.0	0.0	
20.37040869429849	6.117759608578368	0.0	0.0	
19.733368612226254	6.654309375537763	0.0	0.0	
20.106134252670206	8.098260787730231	0.0	0.0	
19.584700434762915	9.04962172748053	0.0	0.0	
19.998527776190837	10.133946967461647	0.0	0.0	
19.83050502141269	11.321860884658737	0.0	0.0	
20.114729944584493	12.305788386153413	0.0	0.0	
20.42799746362947	13.039256426239087	0.0	0.0	
19.767499935069115	14.223096699191464	0.0	0.0	
20.47263824578413	15.04702723590538	0.0	0.0	
19.930182968548795	16.126317779444577	0.0	0.0	
19.73098784215889	17.193995085394516	0.0	0.0	
20.299152195317625	18.30770081671717	0.0	0.0	
19.653277146321905	19.234835019664025	0.0	0.0	
19.76758375875492	20.491787583489945	0.0	0.0	
20.05573422628482	21.22945287502346	0.0	0.0	
19.746372963467543	21.564179564725162	0.0	0.0	
19.96271434447126	22.832366431216254	0.0	0.0	
19.641338366944	24.366502106991724	0.0	0.0	
20.077746825931616	25.33647737433364	0.0	0.0	
19.526696637032718	26.24293069316566	0.0	0.0	
19.766013404393625	26.695391040857125	0.0	0.0	
20.216370966331695	27.634380824842435	0.0	0.0	
19.89222472572797	29.42814628820453	0.0	0.0	
19.54906903885657	29.930079683585852	0.0	0.0	
20.108218622791	31.34816314683731	0.0	0.0	
21.23095077065328	0.13435814721322792	0.0	0.0	
20.69612417566906	1.0666497484157962	0.0	0.0	
20.970651683382407	2.3403272632713286	0.0	0.0	
20.82542254616806	2.735793446155527	0.0	0.0	
21.08021951928198	3.776584478998841	0.0	0.0	
20.567073185196904	4.845813861914082	0.0	0.0	
20.741395915922617	6.18978330982372	0.0	0.0	
21.258566773786654	6.559460088589619	0.0	0.0	
21.238953377894447	8.008063868552039	0.0	0.0	
20.62631723801536	9.265782469946087	0.0	0.0	
21.4087759719012	9.553307576706858	0.0	0.0	
21.345911472535846	11.496202219091181	0.0	0.0	
21.25076560508023	12.431171219499772	0.0	0.0	
20.818151184198555	13.112319637584145	0.0	0.0	
20.841622231559008	13.94658675438835	0.0	0.0	
20.755349016299263	14.791071397909269	0.0	0.0	
20.93485485824364	16.180068020040277	0.0	0.0	
21.40284161848666	16.92129417170942	0.0	0.0	
20.910659687397054	17.914210317982093	0.0	0.0	
21.20621990038273	19.47921612477782	0.0	0.0	
20.839604685916953	20.41610570339832	0.0	0.0	
21.44490673309179	21.09514867553762	0.0	0.0	
20.560807351933455	22.262906671481797	0.0	0.0	
20.610799439290933	22.803561603515515	0.0	0.0	
21.28100484971746	23.662032576903627	0.0	0.0	
20.828443342476255	24.604618615132118	0.0	0.0	
21.079908808076	25.65861244661884	0.0	0.0	
21.010203129153297	26.957768709448796	0.0	0.0	
20.74464802053197	28.31871360155105	0.0	0.0	
20.73393298621352	29.36979203361115	0.0	0.0	
21.466855355811795	30.375959062409233	0.0	0.0	
21.23100000351966	31.346706153176747	0.0	0.0	
22.25199283612298	0.1670792403250959	0.0	0.0	
21.749331185069	1.4540622548891067	0.0	0.0	
21.67489897486606	1.6483645305912562	0.0	0.0	
22.23226117963842	3.3286831692442425	0.0	0.0	
21.53088644892833	4.33826037212625	0.0	0.0	
21.575693994430285	5.385479507278082	0.0	0.0	
22.427958215918377	6.396476825734413	0.0	0.0	
22.040053873802023	6.601653901276313	0.0	0.0	
22.17839785651654	8.487100507243586	0.0	0.0	
22.345557604781757	8.732634971005382	0.0	0.0	
21.51042963399677	10.362314010317483	0.0	0.0	
22.209149757954187	11.256672633048526	0.0	0.0	
21.81421595992382	12.368497497805539	0.0	0.0	
21.653024299304978	12.904294561637446	0.0	0.0	
21.876023308715205	13.685849195643872	0.0	0.0	
22.488326988846243	14.663210529784294	0.0	0.0	
21.589716969460618	15.577920908166014	0.0	0.0	
21.92357800836207	17.284186483048966	0.0	0.0	
22.4537801935787	17.604196605371694	0.0	0.0	
21.938007638180043	18.92857324222629	0.0	0.0	
22.018503528118924	19.83084403587987	0.0	0.0	
22.311838056938594	21.259986408116294	0.0	0.0	
21.947648190837945	22.382415999710275	0.0	0.0	
21.731099762398458	23.0978649002618	0.0	0.0	
22.22493869475838	23.95707077049077	0.0	0.0	
22.295281392387032	25.13758287663133	0.0	0.0	
21.555127902868033	26.373756188151763	0.0	0.0	
21.63469183465748	26.901914747177056	0.0	0.0	
21.57185458124704	28.4053153139226	0.0	0.0	
21.763257565435143	29.460658551943563	0.0	0.0	
21.85498709123498	29.560458925904154	0.0	0.0	
22.31962761996249	31.16967425305733	0.0	0.0	
22.583698858232168	0.15594968634349982	0.0	0.0	
23.379036735457635	1.4068102570226861	0.0	0.0	
22.77305458851949	1.871701164427922	0.0	0.0	
23.03943620446033	3.1510874991114175	0.0	0.0	
22.797602135855502	3.6680490240831554	0.0	0.0	
22.749069470626093	4.910376470653907	0.0	0.0	
22.801261892754418	5.812541405606936	0.0	0.0	
23.056961161221274	7.376847561533812	0.0	0.0	
23.13885594312275	7.842280694503752	0.0	0.0	
22.780838256074393	9.258813866501221	0.0	0.0	
22.78764941767298	9.766636745653647	0.0	0.0	
22.89905965074574	11.400915358248655	0.0	0.0	
22.922300138425843	11.522795981043378	0.0	0.0	
22.887443695963118	12.789928467387671	0.0	0.0	
23.159163621139236	13.95602613187949	0.0	0.0	
23.03539805839071	14.756543268818582	0.0	0.0	
23.489190386559617	16.073801208374043	0.0	0.0	
22.99269423275141	16.866657041112116	0.0	0.0	
22.967399998932517	18.176367719694284	0.0	0.0	
22.85054623668823	18.832987413555305	0.0	0.0	
22.553444968115258	20.421119588529667	0.0	0.0	
22.791314299581053	20.827486799636826	0.0	0.0	
22.734186445990876	22.44725216066526	0.0	0.0	
23.287041027760434	22.771247409574997	0.0	0.0	
22.5601598142171	23.711790393393972	0.0	0.0	
23.10829096398991	25.09402353519287	0.0	0.0	
23.181163311666502	26.21010558887679	0.0	0.0	
22.73693093238744	26.785496216015723	0.0	0.0	
22.83149923672459	28.121171335299795	0.0	0.0	
22.618209342414705	28.577375927789497	0.0	0.0	
23.140728685948666	30.03910911695438	0.0	0.0	
22.873723648528102	31.314801250579958	0.0	0.0	
23.89447955282266	0.07942199813750683	0.0	0.0	
23.72273970960802	0.7762934408714144	0.0	0.0	
24.312817759557046	1.6258009477226838	0.0	0.0	
24.449738562635563	2.884685658540647	0.0	0.0	
23.949440983145475	4.489336217945801	0.0	0.0	
23.793433341799293	5.372096429879143	0.0	0.0	
23.650144129991414	5.700218969945121	0.0	0.0	
23.547703371587406	7.067377497057102	0.0	0.0	
23.81140420881241	8.442956345004763	0.0	0.0	
23.928040412152388	8.537099418235842	0.0	0.0	
23.562599097598078	9.713586359750106	0.0	0.0	
24.027038873248273	11.276455757198317	0.0	0.0	
23.821129069319298	12.317695389281258	0.0	0.0	
24.358516438078002	12.764083968583275	0.0	0.0	
24.28756011428619	13.99546944597745	0.0	0.0	
24.257973731895124	15.277032057705851	0.0	0.0	
23.962468441472286	15.591363645333292	0.0	0.0	
24.367217251296758	16.81462434112071	0.0	0.0	
24.383575531163928	17.51183050823706	0.0	0.0	
23.51499401124822	18.508353964150047	0.0	0.0	
24.245699906910186	20.465995758407693	0.0	0.0	
24.064138912829048	20.559487417600266	0.0	0.0	
24.388461545890944	21.70165017800179	0.0	0.0	
24.134477206364394	23.13684779893322	0.0	0.0	
24.080580110928825	23.84664003383681	0.0	0.0	
24.129650991158904	24.745599772157604	0.0	0.0	
23.679610852094886	26.13458674751746	0.0	0.0	
23.536198196647796	26.567782254372165	0.0	0.0	
24.168263501633408	28.197499488187116	0.0	0.0	
23.588784887150194	28.88961257743066	0.0	0.0	
23.940257842286808	29.5621394283639	0.0	0.0	
23.66238440896371	31.4189778561274	0.0	0.0	
24.737794431082108	0.12001913131408881	0.0	0.0	
24.811898363250595	1.209076511362564	0.0	0.0	
24.85672929038111	2.2207805960197318	0.0	0.0	
24.752294746792227	2.511841531374278	0.0	0.0	
24.53833082046214	4.3187914902419235	0.0	0.0	
25.107542791259817	5.2907264726234144	0.0	0.0	
25.128580988500467	6.177019147060196	0.0	0.0	
25.141078507588773	6.854698367091078	0.0	0.0	
25.461480727385815	8.280113636307545	0.0	0.0	
25.41003734828762	8.724536981054047	0.0	0.0	
24.900627099903197	9.504848809687553	0.0	0.0	
24.577380792092505	11.14391080044059	0.0	0.0	
24.51954846529367	11.931210079678666	0.0	0.0	
25.399344089847567	12.966719978814186	0.0	0.0	
25.263283689397245	13.882244155594753	0.0	0.0	
24.52742907564267	14.827340977501299	0.0	0.0	
25.49981223938188	15.541534513272376	0.0	0.0	
25.479175559392544	17.334971114171083	0.0	0.0	
25.317546423064535	18.471852561502846	0.0	0.0	
24.95985774319664	19.324779622877443	0.0	0.0	
25.185708295893296	19.883295748168027	0.0	0.0	
24.957960448031752	21.486658741646945	0.0	0.0	
24.869085132520574	21.767952595301928	0.0	0.0	
25.203119471752547	23.230024583062473	0.0	0.0	
25.258779416417465	23.661021062539444	0.0	0.0	
25.45598345270367	24.921364573376255	0.0	0.0	
24.763444527912494	26.34590428413188	0.0	0.0	
25.278685647746126	27.433349271401763	0.0	0.0	
25.32114269501549	27.678508999009683	0.0	0.0	
24.58564665887222	28.88719083340108	0.0	0.0	
24.611335867660834	29.729316698912115	0.0	0.0	
25.129610046292868	30.90788821706172	0.0	0.0	
26.368104765666942	0.02869991827985552	0.0	0.0	
26.458286979725848	0.8299821327130085	0.0	0.0	
25.674759485771002	2.1266347740117757	0.0	0.0	
25.677471287273693	2.6844326448331985	0.0	0.0	
25.909673591490282	4.1707655691103405	0.0	0.0	
25.534101359186067	4.58439150996462	0.0	0.0	
25.669160295227993	6.455699978678589	0.0	0.0	
25.528842112509743	7.3357993361680345	0.0	0.0	
25.965852908922706	8.313468128837231	0.0	0.0	
26.08906901553082	9.252030734702469	0.0	0.0	
25.65582370485718	10.309703135167428	0.0	0.0	
25.70916313538089	11.258429372001611	0.0	0.0	
25.841414678534015	11.986044681275413	0.0	0.0	
26.189304353520452	12.831306537577584	0.0	0.0	
25.90735221757688	14.3811359205659	0.0	0.0	
25.853232707874273	14.840338881054453	0.0	0.0	
25.948369084116397	15.990011195262541	0.0	0.0	
26.213015550793905	16.88544330097179	0.0	0.0	
25.943203226172763	17.98736109195329	0.0	0.0	
26.034815938824316	19.315433454049007	0.0	0.0	
26.434323031912164	19.538112403194013	0.0	0.0	
26.1075831412992	20.740123685941615	0.0	0.0	
26.148790765257363	21.965788000464812	0.0	0.0	
26.287027177417464	23.33442980053369	0.0	0.0	
25.92366424083965	23.66182390722323	0.0	0.0	
25.975626434307113	24.785597345190183	0.0	0.0	
25.65418976036396	25.607371482150736	0.0	0.0	
25.760539611941088	26.883695717214792	0.0	0.0	
25.875294057603938	28.411921941247577	0.0	0.0	
26.314208147790886	28.546705927317248	0.0	0.0	
25.512162212936637	30.08153663306595	0.0	0.0	
26.16713536321995	30.65458342011473	0.0	0.0	
27.20851580733808	0.212379365865779	0.0	0.0	
26.904688400124094	0.9315125599411751	0.0	0.0	
27.350891598068706	1.5660453310473428	0.0	0.0	
26.508432219379145	3.395408115758111	0.0	0.0	
26.674806298546905	3.6478811615771676	0.0	0.0	
27.318160398620353	5.439204195279057	0.0	0.0	
26.553704321878524	6.178665239194476	0.0	0.0	
27.464413960152168	6.776756810118722	0.0	0.0	
26.958947310092615	7.976825906931582	0.0	0.0	
26.626895305586693	8.82729534011871	0.0	0.0	
26.642959042190547	9.618052125034989	0.0	0.0	
26.811618061480925	11.281362915862656	0.0	0.0	
27.47800514795242	11.84255621294647	0.0	0.0	
27.478928696216975	13.116919241489864	0.0	0.0	
26.944625614534868	14.453957707323314	0.0	0.0	
26.524598177489562	14.54206491188699	0.0	0.0	
26.849527390515533	16.38496099366213	0.0	0.0	
27.229733629402357	17.23604309510291	0.0	0.0	
26.81909621170156	17.690828818659988	0.0	0.0	
27.074262475205067	19.00231404971856	0.0	0.0	
26.97115904002925	20.38755384513329	0.0	0.0	
26.71574252225617	21.030849899296403	0.0	0.0	
26.805859430340707	21.977632794588782	0.0	0.0	
26.52454571146337	23.087048789016222	0.0	0.0	
27.021567494797573	24.293589433818074	0.0	0.0	
26.800711600214903	24.590696560964133	0.0	0.0	
27.04940194613741	25.61177826413665	0.0	0.0	
27.328446685027714	26.8373943346498	0.0	0.0	
27.37205922060425	27.79704903822309	0.0	0.0	
27.12734867866512	29.42671768769678	0.0	0.0	
26.785338806072467	30.42512668748581	0.0	0.0	
27.04465129855293	30.957532043644495	0.0	0.0	
28.05351817359697	0.46658155661306266	0.0	0.0	
28.323135540813787	1.1531942951521064	0.0	0.0	
28.011079850011654	1.519479208995064	0.0	0.0	
27.59078351216421	2.82096956630945	0.0	0.0	
27.53122389330115	3.5501758314462757	0.0	0.0	
28.263933354132227	5.490091644583437	0.0	0.0	
28.129517265797073	6.1556968688371105	0.0	0.0	
27.854034639954094	6.862269653414157	0.0	0.0	
28.410435977032613	7.954217779985739	0.0	0.0	
28.40198652227627	8.893932506586188	0.0	0.0	
28.233253139508292	10.298838749476573	0.0	0.0	
28.48595313916478	11.342328037721561	0.0	0.0	
27.610828861726016	11.580581310319264	0.0	0.0	
28.383391882123018	13.375473544254197	0.0	0.0	
28.342986164664165	14.443832210489951	0.0	0.0	
27.626745620872562	14.81637967109807	0.0	0.0	
28.094580946041233	16.219034012184057	0.0	0.0	
27.7752139747175	17.19881118129928	0.0	0.0	
28.168277896790922	18.279469447259963	0.0	0.0	
27.881902950571984	19.070099038016718	0.0	0.0	
27.606069426543883	20.059321030856502	0.0	0.0	
28.43155417541445	20.839475295441407	0.0	0.0	
27.793104580790903	21.838152136106835	0.0	0.0	
28.384506937979143	22.9659459774775	0.0	0.0	
28.099826343877307	24.067345419576355	0.0	0.0	
27.519169060322632	24.84507783521408	0.0	0.0	
28.072594554732543	26.199208001857592	0.0	0.0	
27.988234747636053	27.06024246236499	0.0	0.0	
28.49124948440344	27.91413041288084	0.0	0.0	
28.336535992765516	29.343387650362374	0.0	0.0	
28.429174745806215	29.524428514650726	0.0	0.0	
27.871868176373084	30.635801277035593	0.0	0.0	
28.515624970684588	0.13156962409705852	0.0	0.0	
29.322330171305342	0.6997919383729445	0.0	0.0	
28.68100463708318	2.3017790572013093	0.0	0.0	
28.71308648024303	2.5698212452772635	0.0	0.0	
28.704072135780574	3.820025722812363	0.0	0.0	
29.13326578793856	5.375354368434944	0.0	0.0	
28.979966590195453	5.791336201032426	0.0	0.0	
29.193828247011034	6.870288472439414	0.0	0.0	
29.390949158514474	8.483136810062424	0.0	0.0	
29.29274625257006	9.221616366120193	0.0	0.0	
28.939152927139173	9.600316809736949	0.0	0.0	
29.128479501715937	11.128961779355736	0.0	0.0	
29.393884519689923	12.29466410032331	0.0	0.0	
28.838661155242	12.54674635135591	0.0	0.0	
28.950106139061894	14.093625800933754	0.0	0.0	
29.454074744258765	15.290100699052553	0.0	0.0	
29.159192830346743	16.278414681682527	0.0	0.0	
28.776182438325375	17.188233616614202	0.0	0.0	
28.899941535074465	17.867786174884323	0.0	0.0	
29.00784979088271	19.311167697133474	0.0	0.0	
29.206075756226948	19.988217074823094	0.0	0.0	
29.226936435025763	21.137712001249277	0.0	0.0	
29.11622794136477	21.871937905281236	0.0	0.0	
28.858607027514214	22.620797312055334	0.0	0.0	
28.553778123602708	23.714375342648395	0.0	0.0	
29.11611967608635	24.70771579618059	0.0	0.0	
29.372146481992893	25.73671954247434	0.0	0.0	
29.130738943986195	27.42888150975332	0.0	0.0	
28.66051300059192	28.112646250381918	0.0	0.0	
29.407047717300255	28.5635411782269	0.0	0.0	
28.724844337580247	30.013337776515268	0.0	0.0	
28.719146225471274	30.511563401989427	0.0	0.0	
29.718597655548948	0.26738591842088755	0.0	0.0	
30.40849076944741	0.5705941858366805	0.0	0.0	
30.268034919883785	1.9314950399054929	0.0	0.0	
30.294411387250626	2.825450360726492	0.0	0.0	
30.027634204200854	3.714501072453134	0.0	0.0	
29.53560084426261	5.312770423839281	0.0	0.0	
29.695514716522837	5.59096195801388	0.0	0.0	
29.869996153909685	7.340041092505038	0.0	0.0	
29.76427296564041	7.616453582139943	0.0	0.0	
30.052217403814307	8.81316884459526	0.0	0.0	
29.544071846404904	9.550094495635639	0.0	0.0	
30.282257719544415	11.144353668825753	0.0	0.0	
30.316229210909384	12.320300226637457	0.0	0.0	
30.461484279943388	12.795765582540866	0.0	0.0	
29.995378121102515	14.41371403843961	0.0	0.0	
30.093379702491138	14.666845859893657	0.0	0.0	
29.59531240971788	15.806226721200407	0.0	0.0	
30.30293884445403	16.803623646294337	0.0	0.0	
30.226960167639074	17.769399695569387	0.0	0.0	
29.968132771715315	18.619867468807158	0.0	0.0	
29.66360698438996	20.251431000577707	0.0	0.0	
29.99401787036015	21.012169080257735	0.0	0.0	
30.071778877502545	21.777684745443285	0.0	0.0	
29.765275609060417	22.804774850636957	0.0	0.0	
30.359563715390667	23.657831999682113	0.0	0.0	
30.149289875651576	25.363110831233076	0.0	0.0	
29.52014002115643	26.253871082937035	0.0	0.0	
29.564756068055342	26.89786001687534	0.0	0.0	
29.550730356970714	28.060237360214245	0.0	0.0	
30.299528591000232	28.702032598635125	0.0	0.0	
30.266785115040243	30.42568594798218	0.0	0.0	
30.4062353443186	31.441438527440422	0.0	0.0	
31.41916276388038	0.1356388483199098	0.0	0.0	
31.45252432480471	1.1696157526852886	0.0	0.0	
31.388309259874198	2.4702705936260916	0.0	0.0	
30.899653279058832	2.96092322369858	0.0	0.0	
30.67212252908713	4.365604707682747	0.0	0.0	
31.04710796376258	4.551751498775663	0.0	0.0	
30.821394327693422	6.376292612979232	0.0	0.0	
30.852047628541367	7.209213769656387	0.0	0.0	
31.131552743175682	8.395949514805368	0.0	0.0	
31.146479768986143	9.181694225095299	0.0	0.0	
30.830211409959755	10.493743112237146	0.0	0.0	
30.744137484898424	10.668176816528266	0.0	0.0	
30.744272659152998	12.062406160644022	0.0	0.0	
30.531803160467646	12.577658251032208	0.0	0.0	
31.19995820394393	13.7221836343499	0.0	0.0	
31.421810235678088	15.221269904403188	0.0	0.0	
31.021761214605522	15.539280059556235	0.0	0.0	
30.553516887056812	17.4099750732612	0.0	0.0	
31.194412757194314	18.47476435974337	0.0	0.0	
30.977368679627382	19.175662662697714	0.0	0.0	
31.455982099166526	19.538907083293402	0.0	0.0	
31.170681257825688	21.05114537606762	0.0	0.0	
31.236378796086868	21.890193567342827	0.0	0.0	
31.152077797889614	23.058898822982673	0.0	0.0	
30.804798569505774	23.75886622899354	0.0	0.0	
31.019887596553144	24.576602507701374	0.0	0.0	
31.171037956415518	25.926768161124613	0.0	0.0	
31.009582783982317	27.199339444633615	0.0	0.0	
31.28119196138309	28.425954392761305	0.0	0.0	
31.066267742172762	29.49129242777965	0.0	0.0	
30.698652243032527	29.54046585432109	0.0	0.0	
30.546533050426223	31.409842665337557	0.0	0.0	
