2
32.0	0.0	0.0	0.0	
0.0	32.0	0.0	0.0	
0.030673560919602827	0.3398883568434834	0.0	0.0	
0.15668433633672407	0.8582183640266305	0.0	0.0	
0.49360979865879195	2.0735269597974346	0.0	0.0	
0.36217065749326094	3.473295698544785	0.0	0.0	
0.1960790024899669	3.84681988476575	0.0	0.0	
0.11509612335290198	4.717288487226608	0.0	0.0	
0.13220533278348567	5.5264217889728116	0.0	0.0	
0.12346463122734197	6.646262281620001	0.0	0.0	
0.43725085497807203	7.97807219775529	0.0	0.0	
0.24861877941378518	9.13513467679872	0.0	0.0	
0.3410975879265482	9.943164928764746	0.0	0.0	
0.00602447047039012	11.412214681505771	0.0	0.0	
0.3562608285776946	11.823274566802365	0.0	0.0	
0.11023571709414959	13.035469370319564	0.0	0.0	
0.24346573029970275	13.544453247100016	0.0	0.0	
0.3242684814761576	15.352038289610487	0.0	0.0	
0.3365452316494114	16.29837199547243	0.0	0.0	
0.1931947054237616	17.214610793492323	0.0	0.0	
0.282475262077151	18.434941275035296	0.0	0.0	
0.3713766624351734	19.126999936639187	0.0	0.0	
0.20981674797822236	20.47650952968367	0.0	0.0	
0.0030857320300351487	20.513026202027042	0.0	0.0	
0.43379566340634546	21.673837311976083	0.0	0.0	
0.2022490006836336	23.030507646654108	0.0	0.0	
0.14764750994868392	23.897452372312983	0.0	0.0	
0.1878261037142871	25.40235091276887	0.0	0.0	
0.3331396034691454	25.591338997740404	0.0	0.0	
0.11225584830820268	26.74855164526273	0.0	0.0	
0.3904474705529357	28.07315640725967	0.0	0.0	
0.08065326794619332	28.783654624849067	0.0	0.0	
0.3192754918630131	29.738456884177367	0.0	0.0	
0.07315480860201706	31.452789039210412	0.0	0.0	
0.6839913707577575	0.0061105534525844885	0.0	0.0	
1.0571970023788864	1.0591082355563037	0.0	0.0	
0.73770895516507	1.5750488763645054	0.0	0.0	
0.6061196902513373	3.480738939239385	0.0	0.0	
0.6601432015240067	4.07015404086238	0.0	0.0	
1.0127792576108825	5.183610794337424	0.0	0.0	
1.3660870122180586	6.074382266027667	0.0	0.0	
0.8805798815814818	6.53982126176969	0.0	0.0	
0.7494685240428672	7.5882292293136935	0.0	0.0	
1.443656839205811	9.259692764286834	0.0	0.0	
0.7337548790333585	10.426768528930053	0.0	0.0	
0.6352126095223753	10.636966319067142	0.0	0.0	
1.1215206236559903	12.205346810617229	0.0	0.0	
1.1360870176511344	12.605013303085277	0.0	0.0	
1.0293415511484116	13.699976678869985	0.0	0.0	
0.9151724698821698	14.546216977310616	0.0	0.0	
0.7428076973714877	16.483893520807335	0.0	0.0	
1.1710512842693648	16.683250524416252	0.0	0.0	
0.9509552524316846	17.708259799411916	0.0	0.0	
0.8573377164409726	18.854699707248912	0.0	0.0	
1.3752576664817107	19.60669280798059	0.0	0.0	
1.4614185842312044	20.766649482247438	0.0	0.0	
0.5567844959128385	21.611354179244767	0.0	0.0	
0.9800815229244523	23.423467650389693	0.0	0.0	
0.6837497607094308	24.444498540195262	0.0	0.0	
0.5788088371688224	25.381201388189062	0.0	0.0	
1.2302001511657505	25.652598710420897	0.0	0.0	
0.6982215940977833	26.86667901193282	0.0	0.0	
0.8401971697836468	27.663176762095713	0.0	0.0	
1.005647258398373	28.657973244428046	0.0	0.0	
0.7858670724436376	29.56304815787334	0.0	0.0	
0.9730474688331497	31.486532735088716	0.0	0.0	
1.688579628101937	0.12574222231286714	0.0	0.0	
1.5162038484087532	1.2138847297835484	0.0	0.0	
1.6810744834004825	2.303175139506166	0.0	0.0	
1.8422318090255572	2.96125669276649	0.0	0.0	
1.658584876939227	4.180304365627948	0.0	0.0	
1.8252888095668147	5.088815439432809	0.0	0.0	
1.6739305918142418	6.319799567526475	0.0	0.0	
2.4506527414564943	7.343702066338853	0.0	0.0	
2.1204528204028126	7.854233833892392	0.0	0.0	
2.441642422167974	8.844481176146404	0.0	0.0	
2.397837616456856	10.313317528692371	0.0	0.0	
1.8287440821031935	10.870874724294028	0.0	0.0	
2.2444951320655937	12.31153905176717	0.0	0.0	
2.289584201348105	12.798971370635979	0.0	0.0	
2.180937869563357	14.358978509407136	0.0	0.0	
1.5364578106726654	14.73549569271975	0.0	0.0	
1.6546998859706914	16.12442869436716	0.0	0.0	
1.6837407067709997	17.422640279947665	0.0	0.0	
2.3944387977688013	18.38814902761171	0.0	0.0	
2.200886313268426	18.530274920071417	0.0	0.0	
2.203703191217721	20.27988964354601	0.0	0.0	
1.6069631807385656	20.771775769926386	0.0	0.0	
2.196016340591258	22.120940923298793	0.0	0.0	
1.8118180052383885	23.23258210040026	0.0	0.0	
1.857863953914594	23.735829743334374	0.0	0.0	
1.6190012414206154	25.343295029481943	0.0	0.0	
2.3269507814372474	26.222721928831742	0.0	0.0	
2.09206170537805	27.14652611433355	0.0	0.0	
1.9428892071734971	28.352048259137273	0.0	0.0	
2.0087468222699862	28.721222348400946	0.0	0.0	
1.889459007639164	29.91476822622634	0.0	0.0	
2.3411187609658386	31.080649699951152	0.0	0.0	
3.302995234768079	0.2477202329770194	0.0	0.0	
3.256536620484838	0.5726900490214345	0.0	0.0	
3.265228557261616	2.3745528276477	0.0	0.0	
3.309457884834659	2.578484043650474	0.0	0.0	
2.7520949351351995	4.008224200665684	0.0	0.0	
3.1154024414741754	5.1871285523903365	0.0	0.0	
2.857640236324035	5.526262285312834	0.0	0.0	
3.0459378248720386	6.5083223879314405	0.0	0.0	
2.7471405665705344	8.136430142961459	0.0	0.0	
2.7315120288926655	8.697390524578635	0.0	0.0	
3.1488820995819533	10.01375377915186	0.0	0.0	
2.6379085902306345	10.631419104818045	0.0	0.0	
3.3584332443821063	11.667487576193613	0.0	0.0	
3.391165367713456	13.251376001863427	0.0	0.0	
3.0419313517103994	13.567332407274032	0.0	0.0	
2.733238347889149	14.631988921353454	0.0	0.0	
3.1124075468488277	15.722342864327924	0.0	0.0	
2.6093878311764973	16.931821181561293	0.0	0.0	
3.402796294506174	17.83907196479292	0.0	0.0	
3.115037281495929	19.10309144138515	0.0	0.0	
3.46061423950641	20.18463832193656	0.0	0.0	
2.8225068816707384	20.620114134388718	0.0	0.0	
3.3152895403216944	22.484373803227207	0.0	0.0	
2.745112958900461	22.701748122879426	0.0	0.0	
2.693145598590686	23.651595551149654	0.0	0.0	
3.3226538459843216	25.416735286820877	0.0	0.0	
3.1794957719771313	25.808468889211348	0.0	0.0	
3.201625131240619	27.48448097987822	0.0	0.0	
3.0479849767693667	28.23177954225875	0.0	0.0	
3.0128764909501125	29.460694385845592	0.0	0.0	
3.4674162465378076	30.172838611740108	0.0	0.0	
3.1689923584444584	30.67890384563205	0.0	0.0	
4.401429155362852	0.28916595958513236	0.0	0.0	
4.326577508098975	0.9650694387523109	0.0	0.0	
4.140202984278684	2.083484209487816	0.0	0.0	
4.133518713942423	3.0096254841466834	0.0	0.0	
4.349018265060662	3.612840684330879	0.0	0.0	
4.262595128657386	5.2468693800163715	0.0	0.0	
4.392488609080405	6.028580161327829	0.0	0.0	
4.12894125749711	7.208981744577851	0.0	0.0	
4.1531766592761645	8.114234208066764	0.0	0.0	
4.369695928973169	9.292213277401558	0.0	0.0	
4.047120823303028	10.425977058686353	0.0	0.0	
3.8865323941285292	10.596301952339838	0.0	0.0	
3.6935141504659406	11.737589197300956	0.0	0.0	
3.9829519716438515	12.505174492493243	0.0	0.0	
4.479043537535906	13.5463035394551	0.0	0.0	
3.6040853325584936	14.952832620859759	0.0	0.0	
4.391053118911167	15.583738866528234	0.0	0.0	
3.930643277186821	16.684832421080955	0.0	0.0	
3.76112977099308	18.280133991413663	0.0	0.0	
4.400357502721491	19.498109767613162	0.0	0.0	
3.579341742067351	20.027130297275907	0.0	0.0	
3.762551598438652	21.281790670509736	0.0	0.0	
3.6481436654933446	21.630653083732113	0.0	0.0	
3.6041066153936687	22.535536884517473	0.0	0.0	
3.6658993023879165	24.363787851937982	0.0	0.0	
3.8140741003077174	24.655587351783936	0.0	0.0	
4.299541229092136	25.639687479675597	0.0	0.0	
3.545087715079588	26.908905835679757	0.0	0.0	
4.019165596811229	27.507949034832862	0.0	0.0	
4.3457958746440575	28.890068063455725	0.0	0.0	
4.349792397272917	29.981992022922533	0.0	0.0	
4.027915007561878	31.39267214574059	0.0	0.0	
4.51874487889633	0.032275241177969094	0.0	0.0	
4.734146458690947	1.0248118087959284	0.0	0.0	
5.40547437842107	2.1892596473414674	0.0	0.0	
4.562568431416036	3.1177474111870773	0.0	0.0	
4.6129409684763445	4.223902487778739	0.0	0.0	
4.618142462464671	5.003461644775757	0.0	0.0	
5.173765381945697	6.474177039046469	0.0	0.0	
4.82142242161193	6.666292896270148	0.0	0.0	
4.720633969934769	8.21163657807687	0.0	0.0	
5.346318299511549	8.527020643301746	0.0	0.0	
4.615411655822616	10.176602590622538	0.0	0.0	
4.73768787003041	10.927975679754972	0.0	0.0	
4.936835804331972	12.025284140523793	0.0	0.0	
5.265822808375693	13.304344052903978	0.0	0.0	
4.923825774948011	14.48000505011407	0.0	0.0	
4.673616171208346	15.144432036918445	0.0	0.0	
5.153410544305299	16.3285113863432	0.0	0.0	
5.1985487003076445	17.31881774163865	0.0	0.0	
4.5804697507349035	17.503066562727607	0.0	0.0	
4.629955668515704	18.90293414409686	0.0	0.0	
4.57836361254498	20.47761673175563	0.0	0.0	
4.782910822756828	21.233133783935212	0.0	0.0	
4.609274637372398	22.064245111736373	0.0	0.0	
5.156063648965199	23.090645389824616	0.0	0.0	
5.390107596243595	24.02073401675216	0.0	0.0	
4.9608645647972365	25.14061231184938	0.0	0.0	
4.599336411152253	26.110943670313493	0.0	0.0	
5.116180190955059	27.407786001732454	0.0	0.0	
5.098953195875431	27.580561936278286	0.0	0.0	
4.772021487997783	29.103385165344537	0.0	0.0	
4.808955851268646	29.766882163512072	0.0	0.0	
4.704889992027053	31.141038201290648	0.0	0.0	
6.238162694517466	0.2773219807918902	0.0	0.0	
6.044594660545473	1.2271569345649769	0.0	0.0	
5.643472022895309	2.4452455785285503	0.0	0.0	
5.866900687793711	3.191943562033732	0.0	0.0	
6.090674524694841	4.437929526058106	0.0	0.0	
5.6183873756347955	5.313554305550631	0.0	0.0	
5.860677336829717	6.417180693114624	0.0	0.0	
5.912937327989649	7.227381840260968	0.0	0.0	
6.16461815871037	8.451924916986991	0.0	0.0	
5.817590251216762	8.973837513902163	0.0	0.0	
5.758963874668831	9.905142864246361	0.0	0.0	
6.188694502687927	10.598129224955786	0.0	0.0	
5.638704824393922	12.266166847555782	0.0	0.0	
5.576366523059972	12.553047110055353	0.0	0.0	
6.051341907296773	14.08642852965208	0.0	0.0	
6.033613879377887	14.676027246610616	0.0	0.0	
5.525492608092138	16.367744004575876	0.0	0.0	
6.220712961788905	16.955972243286006	0.0	0.0	
6.13453712610457	18.22604789886945	0.0	0.0	
6.004337130496781	18.57774703224093	0.0	0.0	
6.297523793151671	19.514475158472024	0.0	0.0	
5.906895318399027	20.896857672470368	0.0	0.0	
5.9075629540640024	22.325865486881373	0.0	0.0	
5.85633928525217	22.921626977253467	0.0	0.0	
5.956460259620192	23.671712029935176	0.0	0.0	
6.2353223268171405	24.780223884697318	0.0	0.0	
5.866767438071646	26.074186621862793	0.0	0.0	
6.293618018921913	26.63476124086702	0.0	0.0	
5.866962479656627	27.92874188391913	0.0	0.0	
5.781675514098707	28.853123361475465	0.0	0.0	
6.053340822674937	30.152542025951426	0.0	0.0	
6.125936273840779	30.73435811643103	0.0	0.0	
6.883268367949967	0.4792183043115691	0.0	0.0	
7.4596570524736965	0.8914885707223679	0.0	0.0	
7.254680896849008	1.928496731077812	0.0	0.0	
7.127325995212425	3.3491680405787356	0.0	0.0	
7.104613904800184	3.937705479644111	0.0	0.0	
6.835363815867745	4.618565685841707	0.0	0.0	
6.9198518072144095	6.218326040179838	0.0	0.0	
6.530561296808224	7.0204252186804865	0.0	0.0	
6.603827820378464	8.150366920995669	0.0	0.0	
6.684373640295485	8.904156205412615	0.0	0.0	
7.229574514530964	9.51290236375096	0.0	0.0	
7.373777458741404	11.061593339013037	0.0	0.0	
6.765828830460215	12.184573182914885	0.0	0.0	
7.249587912163657	12.983537910513775	0.0	0.0	
7.484191466190666	14.021778879430087	0.0	0.0	
7.256807737964981	14.692575123351544	0.0	0.0	
7.24984498722588	15.818626476848321	0.0	0.0	
7.225752423858914	16.619586935006986	0.0	0.0	
7.441814350785549	18.008360015023992	0.0	0.0	
6.777472115521762	19.10376222500309	0.0	0.0	
6.597582198511496	20.113075766046492	0.0	0.0	
6.736268914979431	20.53752069153121	0.0	0.0	
7.3189551508841095	22.345441821766116	0.0	0.0	
6.647614495434423	22.595931294606007	0.0	0.0	
6.634429389310473	23.580658923946636	0.0	0.0	
6.963292008367972	24.66312598904356	0.0	0.0	
6.6386017897042136	25.686706090741303	0.0	0.0	
6.987679840209247	26.771896758665346	0.0	0.0	
6.536577852083665	27.801973349500745	0.0	0.0	
7.44139823379044	28.72087782330155	0.0	0.0	
6.653223819035204	30.19162825141164	0.0	0.0	
7.227652985820941	31.012348067088084	0.0	0.0	
7.680012193332317	0.07256020579936717	0.0	0.0	
8.007173067361112	0.7931117518653732	0.0	0.0	
8.142306316707794	1.536924309259672	0.0	0.0	
8.08502887110147	3.2577052055384765	0.0	0.0	
7.929410407244429	3.884673139495632	0.0	0.0	
8.355276547912244	4.504845093309033	0.0	0.0	
7.566435591811344	6.320102251747537	0.0	0.0	
8.28572971877902	6.5869411114977625	0.0	0.0	
8.198420927018836	8.111868565884745	0.0	0.0	
7.582036815687173	9.235682199031409	0.0	0.0	
7.704318665224398	9.774373962405107	0.0	0.0	
7.8603447254307195	11.24081762544625	0.0	0.0	
7.906577077148623	11.74897662442879	0.0	0.0	
7.856627788051638	13.033153894704107	0.0	0.0	
7.700527885853052	13.595070563371378	0.0	0.0	
8.212989367228781	14.687939581056876	0.0	0.0	
7.753225340638284	16.094957549757154	0.0	0.0	
7.991053766732313	17.28201142026095	0.0	0.0	
8.199417836103018	17.67532266377334	0.0	0.0	
8.211499337056958	18.874945296162075	0.0	0.0	
8.002699208213476	20.11284475695884	0.0	0.0	
7.733156902456463	20.876312372359923	0.0	0.0	
8.458019301945049	21.558532817441375	0.0	0.0	
8.356422149179949	22.824788437085253	0.0	0.0	
7.630378561560898	24.193359438316943	0.0	0.0	
8.022635150165897	24.679451849956813	0.0	0.0	
8.137600200173845	25.770427921895564	0.0	0.0	
7.511040413715136	27.014343976579394	0.0	0.0	
7.923436306724404	28.43602065902874	0.0	0.0	
8.473215825195716	28.60994251499481	0.0	0.0	
8.470639282666014	30.391799083019528	0.0	0.0	
8.040912523414526	30.82779918027146	0.0	0.0	
9.297919799434297	0.41280964073286763	0.0	0.0	
8.915353661251581	1.4704386857927745	0.0	0.0	
8.603688709728948	1.9880473619446368	0.0	0.0	
9.376941202308144	3.3108038101136525	0.0	0.0	
8.890909936363153	4.284792927840264	0.0	0.0	
9.460152045244692	4.790546444608195	0.0	0.0	
9.290355986723771	6.286207573919196	0.0	0.0	
9.449717882459964	7.036563939918663	0.0	0.0	
9.164275204640482	7.939476606356737	0.0	0.0	
9.340376332491443	9.174740180387234	0.0	0.0	
9.168088580583296	9.704506227979298	0.0	0.0	
9.388495776480301	11.074493864904438	0.0	0.0	
8.803095329061536	11.620770135981353	0.0	0.0	
9.266046263348365	12.585060735665518	0.0	0.0	
9.103268014188428	14.49915406342945	0.0	0.0	
9.276397705457626	14.804886666095294	0.0	0.0	
8.812046494827463	16.4924856778851	0.0	0.0	
8.860872440115084	17.28233713729621	0.0	0.0	
8.53456156229354	18.107048614582073	0.0	0.0	
8.697838257935151	19.02192879830906	0.0	0.0	
8.886270101539429	20.39923963785042	0.0	0.0	
8.87534387897336	20.7130553893942	0.0	0.0	
9.452858194912015	21.937828696301963	0.0	0.0	
8.81761824315457	23.337985956502095	0.0	0.0	
9.299330840711885	24.46217709174717	0.0	0.0	
9.002935516335514	25.11570216986945	0.0	0.0	
8.57302603942439	26.16529004230133	0.0	0.0	
8.803657990369866	27.217432561528085	0.0	0.0	
9.176861917480748	27.6409902799153	0.0	0.0	
9.481088534474809	29.372082111306806	0.0	0.0	
8.710073213375663	30.286994015645423	0.0	0.0	
8.985514649518297	31.263253389942133	0.0	0.0	
9.582434631137277	0.2806775309307128	0.0	0.0	
10.015608581045992	1.051450816631752	0.0	0.0	
10.328699905780962	2.29424869257946	0.0	0.0	
9.849990069632582	3.4858576529149516	0.0	0.0	
9.79926651624149	3.5643546151039436	0.0	0.0	
9.798329575527351	4.747596562286582	0.0	0.0	
10.258175489199415	6.432288832686811	0.0	0.0	
9.60993079392857	7.2908719712909384	0.0	0.0	
9.549581007662754	8.367044029917615	0.0	0.0	
9.551071218469655	9.488538358251754	0.0	0.0	
9.606656736136184	10.457977491755585	0.0	0.0	
10.16931467654154	10.522731450304253	0.0	0.0	
9.783094957585215	11.503450165465537	0.0	0.0	
9.623063883059402	12.714469072170534	0.0	0.0	
9.78741813923413	14.017094900091902	0.0	0.0	
9.811131571818834	14.50813902297778	0.0	0.0	
10.152598110970033	15.811119742607652	0.0	0.0	
10.019525030319413	16.877142033730497	0.0	0.0	
9.604046396418598	18.09632153477002	0.0	0.0	
10.079622991934528	18.73880031048928	0.0	0.0	
10.376958083584928	20.459978868006193	0.0	0.0	
10.37118904169085	20.869339953019725	0.0	0.0	
9.787827908848449	22.06579211328946	0.0	0.0	
9.98002211766027	23.408714548282077	0.0	0.0	
9.582301631039137	23.69815885567616	0.0	0.0	
9.909181383389193	25.24970395386543	0.0	0.0	
10.111896390231273	25.655775168471827	0.0	0.0	
9.588098682788697	27.265663013479692	0.0	0.0	
9.508532161759366	27.805179042047918	0.0	0.0	
10.484276954327635	28.6974409379741	0.0	0.0	
10.26151737585837	30.32737785139602	0.0	0.0	
10.354183170701335	30.51109453968141	0.0	0.0	
11.489472020243428	0.2789530075712199	0.0	0.0	
10.869092536811854	0.7398485565414128	0.0	0.0	
10.769557074253722	2.2505179518255964	0.0	0.0	
10.870742252018687	2.8772500063673045	0.0	0.0	
10.64253471909219	4.0150013341730455	0.0	0.0	
10.730755240380818	5.476531394617822	0.0	0.0	
10.532391185500495	5.677924888187942	0.0	0.0	
10.913372801847075	7.100696404493868	0.0	0.0	
10.948932670685911	8.382633181174743	0.0	0.0	
10.76619423805719	9.180396370400802	0.0	0.0	
10.542040819699146	9.722210621038153	0.0	0.0	
11.363415515214745	10.731759370051995	0.0	0.0	
10.956877692661642	11.60313243157264	0.0	0.0	
10.95826512304275	12.500231159509124	0.0	0.0	
10.956326941790405	14.397637496573735	0.0	0.0	
11.376119407946714	14.518179505949059	0.0	0.0	
11.359056846354596	16.303333919722512	0.0	0.0	
11.468198945242703	16.533376456582786	0.0	0.0	
11.46244008174395	17.54489231842512	0.0	0.0	
11.062043788117956	19.25218102732375	0.0	0.0	
10.908725244853342	20.294352681803026	0.0	0.0	
10.769114732785761	20.823611925432584	0.0	0.0	
10.72705493776788	22.436654956265993	0.0	0.0	
11.410560527001902	23.443832394611572	0.0	0.0	
11.255224241482832	24.279639868299604	0.0	0.0	
11.145355138027222	25.02681752123291	0.0	0.0	
11.03957067142837	26.44931809152806	0.0	0.0	
11.253236757084924	26.98014300780311	0.0	0.0	
11.02054826341456	27.609253394634443	0.0	0.0	
11.22957743544301	28.75976233884274	0.0	0.0	
11.061456365506828	30.315920127843167	0.0	0.0	
11.341929103448674	30.805212238755583	0.0	0.0	
11.691567329696042	0.4204709726505437	0.0	0.0	
11.86186827460765	1.3960910841786411	0.0	0.0	
12.111835907461781	2.0351175240784443	0.0	0.0	
11.636259484272703	2.814894061034531	0.0	0.0	
11.844904732478778	3.5035132909625886	0.0	0.0	
11.904456593363255	5.31939738571474	0.0	0.0	
12.468974893475554	5.728323136175391	0.0	0.0	
12.465513387607563	7.401764268580813	0.0	0.0	
12.293294601013603	8.146904731450668	0.0	0.0	
12.070117298921376	8.703508257869604	0.0	0.0	
12.00188792338788	10.485396377148959	0.0	0.0	
12.140654776753296	10.578816392190102	0.0	0.0	
12.100190484796213	11.957305009033963	0.0	0.0	
12.240991460009553	12.536099141834773	0.0	0.0	
11.59950315465293	13.554380280755272	0.0	0.0	
12.484260127709424	14.66395598576191	0.0	0.0	
11.85122014182949	16.286385827453742	0.0	0.0	
12.164547251126795	16.749230385387257	0.0	0.0	
12.358164281162201	18.420824786801134	0.0	0.0	
12.499967248704998	18.663505649414045	0.0	0.0	
11.66010670485685	19.998746215295736	0.0	0.0	
12.395849196009308	21.19259958145735	0.0	0.0	
12.253661251806209	22.218478877496274	0.0	0.0	
11.881729832287741	23.1566062540568	0.0	0.0	
11.686082429017496	23.550202025452023	0.0	0.0	
11.668728132602034	25.093871929650962	0.0	0.0	
12.329117710225784	25.573347776032687	0.0	0.0	
11.836513587144331	26.854513777472366	0.0	0.0	
11.602119044172383	27.615373250376134	0.0	0.0	
12.409114457912988	28.57282237631725	0.0	0.0	
11.811603781359093	29.66809219583285	0.0	0.0	
11.726449666623319	30.72441582246007	0.0	0.0	
12.52109016106785	0.26266118053100884	0.0	0.0	
13.307544491879675	0.8247993843767036	0.0	0.0	
13.025128597786116	1.8748369890227703	0.0	0.0	
12.950351238219147	3.340350544939055	0.0	0.0	
12.819834011797758	4.153663119939689	0.0	0.0	
13.203914425742681	5.040888461107864	0.0	0.0	
13.181680832834957	5.76726887626741	0.0	0.0	
12.559793196622122	6.8078974662452785	0.0	0.0	
12.635913916470907	7.724023198418346	0.0	0.0	
12.62741769852314	9.479436455355135	0.0	0.0	
12.999562790633435	10.158576765097353	0.0	0.0	
12.8056275706311	11.370950698010189	0.0	0.0	
13.352770712633172	11.820899560364527	0.0	0.0	
13.274072545248664	12.6773280969941	0.0	0.0	
13.142677125981631	14.267164788812762	0.0	0.0	
12.634476322253004	15.051277483929487	0.0	0.0	
12.881606994234764	16.484581822595143	0.0	0.0	
13.0248422704566	16.982191720265735	0.0	0.0	
12.589243945249864	17.997873412477045	0.0	0.0	
12.803622047810705	18.871347950848598	0.0	0.0	
12.973734516722851	20.06405476263447	0.0	0.0	
12.770118839986491	21.028319773259426	0.0	0.0	
12.640855725365748	22.30051337660052	0.0	0.0	
13.28647902774997	22.720950451050243	0.0	0.0	
13.134140087943432	23.950641985814652	0.0	0.0	
13.481634938296025	25.090231059403706	0.0	0.0	
12.69304965953241	25.842754595817823	0.0	0.0	
13.225854924588052	27.32016955667422	0.0	0.0	
13.177369304644216	28.0212202244642	0.0	0.0	
12.92918421687999	29.170506461060842	0.0	0.0	
12.557392886506046	30.153029126306983	0.0	0.0	
13.445723063742484	30.7157416034902	0.0	0.0	
13.787108574999914	0.08388515790651951	0.0	0.0	
13.70896738655597	1.4484925963283914	0.0	0.0	
14.148159517632328	1.8179488881648864	0.0	0.0	
13.609144835664738	3.171691264183784	0.0	0.0	
14.260798304745904	4.26689698769459	0.0	0.0	
13.959447718000078	5.1031591955443805	0.0	0.0	
13.562628626661569	6.016359729708743	0.0	0.0	
13.939174493015313	6.942524092220586	0.0	0.0	
14.465308075951965	7.855747542415687	0.0	0.0	
14.117668515525956	8.880751849851045	0.0	0.0	
14.386097435499991	10.324257480515932	0.0	0.0	
14.348508076043842	11.304284959598949	0.0	0.0	
13.657695021407001	11.957032757853279	0.0	0.0	
13.881989303402875	12.533711549441824	0.0	0.0	
14.474060389791417	14.49685531979542	0.0	0.0	
13.977787702574695	15.28990681245247	0.0	0.0	
13.859245163045463	16.425409859382718	0.0	0.0	
14.33414110155163	17.385706728961637	0.0	0.0	
13.89724229992182	18.44490231035443	0.0	0.0	
13.832576547711145	18.51134872042338	0.0	0.0	
14.1648599234755	19.8629707702979	0.0	0.0	
14.002098058837088	20.852669933123007	0.0	0.0	
13.963914979382306	22.112304133868196	0.0	0.0	
14.457842580446366	22.551995592942227	0.0	0.0	
13.93982888308133	23.712704637261535	0.0	0.0	
13.727230087772947	24.868207228879136	0.0	0.0	
14.131395613103807	26.354739852363867	0.0	0.0	
14.344827057071848	26.64342990522378	0.0	0.0	
13.53710159659488	28.0920589518697	0.0	0.0	
13.748015107309556	29.14125748489797	0.0	0.0	
14.333163734139124	30.497711267076745	0.0	0.0	
13.8246563666582	31.200889022252824	0.0	0.0	
14.538765702354084	0.4590195999777458	0.0	0.0	
14.877504234872246	0.535757914439847	0.0	0.0	
14.88580006691548	1.873311517041743	0.0	0.0	
15.405354319193602	2.7388423873118315	0.0	0.0	
15.050147584458447	3.786171742362076	0.0	0.0	
14.63671910698738	5.209494594065294	0.0	0.0	
15.33486964260843	5.546572663673447	0.0	0.0	
15.232879670545302	7.442051637108215	0.0	0.0	
14.78720741265309	8.05339034457693	0.0	0.0	
15.29896072191012	8.714728783052129	0.0	0.0	
15.19139575609513	9.93056735514523	0.0	0.0	
14.898587426600189	10.500893189003621	0.0	0.0	
14.970777994868802	11.550472849540402	0.0	0.0	
15.000223393265578	12.960588085912395	0.0	0.0	
14.582685227711279	13.51139537150998	0.0	0.0	
15.0281376805259	14.566386558155255	0.0	0.0	
15.197842973184176	15.503369274725548	0.0	0.0	
15.117462280539655	17.131467840059017	0.0	0.0	
14.991263902901244	18.091750065706922	0.0	0.0	
14.619857399915876	18.557176141568345	0.0	0.0	
15.203294512962051	20.489998638442987	0.0	0.0	
14.982051231738522	21.318151730927152	0.0	0.0	
14.797838684365596	21.889897383074967	0.0	0.0	
15.078583580908916	22.9301497756045	0.0	0.0	
14.643995592294976	23.768286184168282	0.0	0.0	
15.486815738061004	24.74828423944553	0.0	0.0	
15.388377470675785	26.44116831634184	0.0	0.0	
14.681962165973335	26.854168100818253	0.0	0.0	
15.01375517877089	27.916396297503955	0.0	0.0	
14.67862415358174	28.825008082013767	0.0	0.0	
14.547624698408528	29.902662755007853	0.0	0.0	
15.491292059838143	31.11782807929408	0.0	0.0	
15.533016807048755	0.29882563051935984	0.0	0.0	
15.646409419739888	1.1216119034980372	0.0	0.0	
16.08385987997948	2.041683975716077	0.0	0.0	
16.267437449275434	2.613900402333721	0.0	0.0	
15.924708666866056	3.795895084849412	0.0	0.0	
16.23185235528448	5.068483212407291	0.0	0.0	
15.975236480220865	6.4418931066789975	0.0	0.0	
16.261065983747265	7.064053316576481	0.0	0.0	
15.690964797687068	8.120556666205895	0.0	0.0	
16.190828847521054	9.016708040681289	0.0	0.0	
15.654553734893181	10.393686912617785	0.0	0.0	
16.26694704147539	10.944405006219998	0.0	0.0	
16.436778290397143	12.000365821219805	0.0	0.0	
16.41155792613074	12.593424114728384	0.0	0.0	
15.623069521513868	14.374408490289591	0.0	0.0	
15.627694613103687	15.162458071472816	0.0	0.0	
16.416361476799352	16.344321080056197	0.0	0.0	
15.62434330620447	16.713584667580303	0.0	0.0	
15.591274916370951	18.448418646296997	0.0	0.0	
16.282834943276356	18.661077517648852	0.0	0.0	
15.88647967295643	19.87709436530554	0.0	0.0	
15.717038401763274	20.831707950723068	0.0	0.0	
15.793340881277926	22.002462441663095	0.0	0.0	
15.934127063766317	23.297250619293013	0.0	0.0	
16.03276545769099	24.441962751772703	0.0	0.0	
16.317224080559594	24.752184190016997	0.0	0.0	
16.29345728301411	25.845511509268164	0.0	0.0	
16.15386305286852	27.110489659161292	0.0	0.0	
16.496240913626018	28.35595264588043	0.0	0.0	
15.942508053348256	29.2363051197256	0.0	0.0	
15.833372781092427	29.731826981732517	0.0	0.0	
15.670565214465025	30.641164411437604	0.0	0.0	
16.892415584685843	0.413809368970148	0.0	0.0	
16.794248202326564	0.9405211911254607	0.0	0.0	
16.9550716439297	1.654144370660673	0.0	0.0	
17.357249740847987	2.682784534206755	0.0	0.0	
17.107498668216287	4.2848651878862345	0.0	0.0	
17.285766785728605	4.71242563105084	0.0	0.0	
17.25197199417749	5.83502715274199	0.0	0.0	
16.674708305263657	7.176792361843974	0.0	0.0	
17.169125460305754	7.86722795519653	0.0	0.0	
17.031499233180913	8.875690994333327	0.0	0.0	
16.963866179678927	10.453470576523788	0.0	0.0	
17.12267642075774	11.084690740815947	0.0	0.0	
16.51409380997466	11.85270791089521	0.0	0.0	
16.96987087984086	12.51546072944251	0.0	0.0	
16.954642293576285	13.83872612253397	0.0	0.0	
16.570747977958025	14.98360711431288	0.0	0.0	
17.362127561861147	15.727006527637641	0.0	0.0	
17.411873192741556	16.51016201772717	0.0	0.0	
16.93303608224998	17.66778672198718	0.0	0.0	
16.70309501792556	19.00609655029035	0.0	0.0	
16.856854755970662	19.77039268302493	0.0	0.0	
16.848252767481267	20.95985273366984	0.0	0.0	
17.328619582019048	22.061297272455583	0.0	0.0	
17.44657091731705	22.556322937351066	0.0	0.0	
16.54483699261839	24.181600398883404	0.0	0.0	
17.36852990943057	25.373327646596145	0.0	0.0	
16.697428433575784	26.43340757827826	0.0	0.0	
17.15281568049064	26.709000514392724	0.0	0.0	
17.02466822296016	28.422344771798006	0.0	0.0	
16.56164687742688	29.486673634318418	0.0	0.0	
17.450919856108666	29.952299132980063	0.0	0.0	
16.70929238412667	30.61153557492348	0.0	0.0	
18.033113953976123	0.3764832186158734	0.0	0.0	
18.49474167475285	1.064855031520879	0.0	0.0	
18.450060159622346	1.680508163785897	0.0	0.0	
17.595639049958532	3.0923174798013435	0.0	0.0	
18.462378146094693	4.0273804764387275	0.0	0.0	
17.984231626071715	5.21868337905844	0.0	0.0	
17.687154239265364	6.337221696707924	0.0	0.0	
17.929667716089668	7.241684745785725	0.0	0.0	
18.350901191571953	8.159516293623131	0.0	0.0	
17.74918177277064	9.166821235045918	0.0	0.0	
17.64459927093869	9.876600721431773	0.0	0.0	
18.418993421035907	11.299308838051228	0.0	0.0	
17.90383255122237	11.693073259351168	0.0	0.0	
18.31185031050335	13.068777554111414	0.0	0.0	
17.69327281381126	14.32335287427826	0.0	0.0	
18.372831975854027	15.02187195385231	0.0	0.0	
18.338592736607822	15.593611542130759	0.0	0.0	
18.28018628246413	16.64322581883133	0.0	0.0	
18.003154007546073	17.6615825250373	0.0	0.0	
18.447216822638758	19.12474741489521	0.0	0.0	
18.39939810706609	19.67638027823885	0.0	0.0	
17.75631736199306	21.24520124846428	0.0	0.0	
17.644195349846516	22.02688083210419	0.0	0.0	
18.098416761021426	23.072605571377142	0.0	0.0	
18.173538318555565	24.46756615958494	0.0	0.0	
18.23998166578258	24.93024369375188	0.0	0.0	
18.411034322181415	25.530304165809408	0.0	0.0	
18.048530019743847	27.164867327841336	0.0	0.0	
17.89316864791775	28.095444533848084	0.0	0.0	
18.446584705158273	28.552326835508957	0.0	0.0	
17.846347666319115	30.483444805566773	0.0	0.0	
17.783634929376735	31.060772654785303	0.0	0.0	
19.390484354829113	0.06568497907517223	0.0	0.0	
19.18309677138814	0.727089281069521	0.0	0.0	
19.038021254785573	1.5962973219641947	0.0	0.0	
19.198348003996998	3.145465458251913	0.0	0.0	
18.91071137704623	3.7939541337287936	0.0	0.0	
18.945598499347447	4.74299772573535	0.0	0.0	
19.170054879207573	6.046535967747675	0.0	0.0	
18.83477862333322	7.329785958284727	0.0	0.0	
19.479787504482548	7.5327521308364584	0.0	0.0	
18.61850361395601	8.694186839877823	0.0	0.0	
19.439566437462737	9.825121614574883	0.0	0.0	
19.346751100349266	10.947077395397288	0.0	0.0	
18.64502544239171	12.434799679970974	0.0	0.0	
19.185521096024203	12.975161092594274	0.0	0.0	
18.714688557370295	14.07291363700371	0.0	0.0	
18.873563798032656	14.560978515146594	0.0	0.0	
18.772649930911168	15.511534762921258	0.0	0.0	
18.80821132619546	17.48418959764801	0.0	0.0	
18.961413189516037	17.64881753805686	0.0	0.0	
19.35248210825014	18.60189120894638	0.0	0.0	
18.51575529810568	20.388292611213203	0.0	0.0	
18.67296503708941	21.30686233921419	0.0	0.0	
19.272028011811127	21.6618290116876	0.0	0.0	
19.48470571618449	22.82758063063716	0.0	0.0	
19.442930159838323	23.672446301120328	0.0	0.0	
18.6108022680705	25.44102646917482	0.0	0.0	
18.887220231017217	26.199548706077856	0.0	0.0	
18.96092319303258	27.069310963787593	0.0	0.0	
19.434025317295045	28.44237478436875	0.0	0.0	
19.248072323559995	28.989199681370422	0.0	0.0	
19.4024491538129	29.922178871617547	0.0	0.0	
18.931576302090004	30.918063215348536	0.0	0.0	
20.018784842260963	0.23654771352481352	0.0	0.0	
19.698674274965217	0.7855868209245334	0.0	0.0	
19.97641942745524	1.6091027745232545	0.0	0.0	
20.17263690972439	2.954841298972591	0.0	0.0	
20.41930459531954	3.8426360900887557	0.0	0.0	
19.86342195384841	4.637192495975389	0.0	0.0	
19.93254906749342	6.067110961579228	0.0	0.0	
19.60643567560732	6.737398039688341	0.0	0.0	
19.897685234462802	8.34372945450391	0.0	0.0	
20.063878335668246	8.941388200711893	0.0	0.0	
20.36320953924998	10.176941377804077	0.0	0.0	
20.23164751414871	11.286915426583292	0.0	0.0	
19.627814395454234	11.869495027453425	0.0	0.0	
20.09914929545898	12.795007561896455	0.0	0.0	
19.689089671759962	13.610894203760758	0.0	0.0	
20.275380086008614	14.82759516809478	0.0	0.0	
19.876349914694597	16.05261002015314	0.0	0.0	
20.168088355059737	16.878700844546767	0.0	0.0	
20.4527451494827	18.498933749369648	0.0	0.0	
20.076825694212083	19.23308924461811	0.0	0.0	
19.874156973541346	20.21325363179165	0.0	0.0	
19.830625541228144	20.67161700960446	0.0	0.0	
19.75437322103602	22.33495592207146	0.0	0.0	
20.056109905370516	22.978138285042895	0.0	0.0	
19.860322751902714	23.532102004040286	0.0	0.0	
19.895569438498743	25.319312073142555	0.0	0.0	
20.40469333851726	26.111223614098954	0.0	0.0	
19.98641731651062	27.40587695650221	0.0	0.0	
19.540722052267522	28.472146782698623	0.0	0.0	
20.48312706462624	29.021292956852744	0.0	0.0	
19.830311634880836	29.603382841879487	0.0	0.0	
19.715743816514358	30.508608826752145	0.0	0.0	
21.07587281045718	0.4083248696583117	0.0	0.0	
21.144234430280427	1.0866263178107545	0.0	0.0	
21.242395263675565	2.0924490736802124	0.0	0.0	
21.061903302579143	3.0843001333656375	0.0	0.0	
20.674636014584873	3.5384361747855606	0.0	0.0	
21.253960270662347	4.752784371316019	0.0	0.0	
20.726884200783076	6.000719268649977	0.0	0.0	
21.368771382273497	7.461542369424781	0.0	0.0	
20.93969417516119	7.688205536209083	0.0	0.0	
20.890590047499824	8.702071363990905	0.0	0.0	
21.20766497976717	10.027972065659187	0.0	0.0	
21.409428297539908	10.857531316249958	0.0	0.0	
21.030860302998974	12.417546241166782	0.0	0.0	
20.764389057986843	12.90199413906837	0.0	0.0	
20.541629936266578	13.996013670841226	0.0	0.0	
21.10402036929606	14.923596037463254	0.0	0.0	
20.820914706047613	15.715943925115822	0.0	0.0	
21.006700218503624	16.60445932551794	0.0	0.0	
21.086713030834254	18.283708909485252	0.0	0.0	
20.779424179274116	18.788706143408955	0.0	0.0	
21.01341058766634	19.82264957279013	0.0	0.0	
21.263823039396136	21.009591724998884	0.0	0.0	
20.559888355303517	22.212026105381042	0.0	0.0	
21.377779640245414	22.784441102596205	0.0	0.0	
20.519271246580747	24.145230589729785	0.0	0.0	
21.005796013463645	24.917854548549172	0.0	0.0	
21.335557877692718	25.874454670346932	0.0	0.0	
20.74596827834517	26.51828939360751	0.0	0.0	
21.304040536910666	27.859796390709107	0.0	0.0	
21.213482348422225	28.860048547237255	0.0	0.0	
21.165189105552834	29.538196399480974	0.0	0.0	
20.802521324155386	31.354228794321457	0.0	0.0	
22.44856547559637	0.291002911615576	0.0	0.0	
22.118479095251715	0.9611296999553302	0.0	0.0	
22.235251591095505	2.342032994869431	0.0	0.0	
22.04824125344966	2.614571541894551	0.0	0.0	
21.622082477125865	3.9492278197332165	0.0	0.0	
21.731577978614222	4.701904409315147	0.0	0.0	
22.188415917177633	6.128069914636329	0.0	0.0	
21.88535970472324	7.267599625187522	0.0	0.0	
22.263245719416208	7.505284069531777	0.0	0.0	
21.821363401054548	9.158769884935342	0.0	0.0	
21.575684949848537	10.225964216986712	0.0	0.0	
22.412416881846553	11.13257526984315	0.0	0.0	
22.46521775588583	12.12437361695627	0.0	0.0	
22.350668587114324	13.232839743456987	0.0	0.0	
22.247002450814517	13.617612020809512	0.0	0.0	
22.46247335117438	15.067083309658749	0.0	0.0	
22.0730710113181	16.265572212507216	0.0	0.0	
22.391448807575202	17.239776995278838	0.0	0.0	
21.75418797976444	18.258373388169073	0.0	0.0	
22.15172865017348	18.928499740109444	0.0	0.0	
21.73605592046065	20.285245894707373	0.0	0.0	
22.069822936771732	20.654177061534114	0.0	0.0	
22.023500996551643	21.868633848831788	0.0	0.0	
22.429412165390154	23.461722125673326	0.0	0.0	
21.9146130710881	24.05199781729153	0.0	0.0	
21.525428582846537	24.508885981481786	0.0	0.0	
21.67402951632085	26.102767208326295	0.0	0.0	
22.083378355589304	27.201710206611274	0.0	0.0	
22.116505885595064	28.198803607618775	0.0	0.0	
21.933659337341066	28.897939620082774	0.0	0.0	
21.80491371099129	30.38735853266461	0.0	0.0	
21.78572781045735	30.881881983352095	0.0	0.0	
23.147824485560808	0.36893563461608847	0.0	0.0	
22.844296666307933	1.034321603749755	0.0	0.0	
22.83904562602264	1.8352564737790127	0.0	0.0	
22.990639070436682	3.2314505242565814	0.0	0.0	
22.706000115924727	4.224883730581183	0.0	0.0	
22.667104560533602	5.270922603300506	0.0	0.0	
22.69191275676101	6.125088968675801	0.0	0.0	
23.386603041925326	6.673007255565179	0.0	0.0	
22.580285483227367	8.329160958790407	0.0	0.0	
22.71158107847295	9.079654664935477	0.0	0.0	
22.926678541660962	10.24784679028986	0.0	0.0	
22.983335371957526	11.2452093212118	0.0	0.0	
22.88358842532831	12.124639404768685	0.0	0.0	
22.67586186310818	13.382295209930954	0.0	0.0	
23.032415625019674	14.101795205574176	0.0	0.0	
22.7104332891717	14.72364930248012	0.0	0.0	
23.290539568989306	16.35161426399412	0.0	0.0	
22.571562946752287	16.923459559097672	0.0	0.0	
23.441788637796815	18.394119902412207	0.0	0.0	
22.709686342347045	18.757229816645648	0.0	0.0	
22.549825497693625	20.350810356436842	0.0	0.0	
22.85199646596854	21.315461834462244	0.0	0.0	
22.993645015917526	22.24634480758293	0.0	0.0	
22.81949067912335	23.45705418123881	0.0	0.0	
23.454034708519163	23.692709744792264	0.0	0.0	
22.9755451991749	25.057237980609003	0.0	0.0	
23.24430308344651	26.296130586450587	0.0	0.0	
23.466396844419954	27.385001265383046	0.0	0.0	
22.736452925022558	27.654384240682813	0.0	0.0	
22.608723152404004	28.53120694266653	0.0	0.0	
23.016766807151342	30.41055611199625	0.0	0.0	
23.49353013789657	31.17188708788248	0.0	0.0	
24.421538752957833	0.1932935708579575	0.0	0.0	
23.579127259455518	1.0660988262989157	0.0	0.0	
23.601018190353365	2.398337409079291	0.0	0.0	
23.58570398792234	2.576051092633032	0.0	0.0	
24.388627673364805	4.114006685957964	0.0	0.0	
24.3138190315274	5.179544824490258	0.0	0.0	
24.44936317923812	6.111492542710019	0.0	0.0	
23.85955978120752	7.13517331187135	0.0	0.0	
24.47642244026653	7.7036378884590935	0.0	0.0	
24.387723030984976	8.815914006746375	0.0	0.0	
24.15745062412024	9.775980466043935	0.0	0.0	
24.176771131443644	10.544697006934925	0.0	0.0	
23.7609314801463	12.330854750416792	0.0	0.0	
24.153341790281463	13.190997442437512	0.0	0.0	
24.230276943033523	13.842984189575763	0.0	0.0	
24.395967447153247	15.419457341016251	0.0	0.0	
23.967642428991034	16.24544876947579	0.0	0.0	
23.68616522552237	17.275820377097144	0.0	0.0	
24.095229305788795	18.434481976369455	0.0	0.0	
24.37272723429874	18.693320169583394	0.0	0.0	
24.06565836983968	19.586302015413064	0.0	0.0	
24.387396682753025	20.860774301138754	0.0	0.0	
23.570709074985437	21.801552915480944	0.0	0.0	
23.73431391370041	23.258352094624218	0.0	0.0	
23.694706627474826	24.03698867474278	0.0	0.0	
24.459474862999766	25.263948118676787	0.0	0.0	
23.704794818716977	26.215944276732532	0.0	0.0	
24.11065545619377	26.671279418584295	0.0	0.0	
24.098458587484284	28.084905014377338	0.0	0.0	
24.1785631578811	29.318458078637224	0.0	0.0	
23.979693215876424	29.768528267680647	0.0	0.0	
23.60018318978465	30.766507546852036	0.0	0.0	
24.596190231510196	0.05566783597767111	0.0	0.0	
24.536351718827554	0.8648485944210066	0.0	0.0	
25.39383769445507	2.00006353001761	0.0	0.0	
25.399033155773	2.8414889229813305	0.0	0.0	
24.793200434422797	3.685435065728922	0.0	0.0	
25.143619952684677	4.877050612363345	0.0	0.0	
25.354022566602676	5.896008727638461	0.0	0.0	
24.810197061092257	6.832335153874819	0.0	0.0	
24.96162948708962	8.136221176898474	0.0	0.0	
24.877427690283064	9.477108559489906	0.0	0.0	
25.191149640337304	10.456870539538807	0.0	0.0	
24.981888940195446	11.070298768849126	0.0	0.0	
25.390115429318488	11.711290574069684	0.0	0.0	
25.022048901836865	12.545271567929525	0.0	0.0	
25.256786283467804	14.280469690639428	0.0	0.0	
24.74399565974937	15.162875159130978	0.0	0.0	
24.531276229742716	16.338154365281387	0.0	0.0	
25.176258164512927	16.965880374453697	0.0	0.0	
24.660176027149642	17.82564596369192	0.0	0.0	
25.49783090099721	19.02495798970741	0.0	0.0	
25.441723315246517	20.231514370507647	0.0	0.0	
24.608726282720088	21.076094003798328	0.0	0.0	
25.377918279328927	21.652006246271895	0.0	0.0	
25.32270216134773	22.83817818185452	0.0	0.0	
25.17878685065765	23.67004341492457	0.0	0.0	
24.977953450518456	24.844651335752268	0.0	0.0	
25.122105557322996	25.835674026631004	0.0	0.0	
25.298879099858645	27.430324684327992	0.0	0.0	
25.1494707662349	28.38134177005678	0.0	0.0	
25.288116356905753	28.788905009509946	0.0	0.0	
24.54561182011748	30.397253704595784	0.0	0.0	
25.345189023349842	31.428330547829454	0.0	0.0	
25.77061382031716	0.07120817214320874	0.0	0.0	
25.7794424894113	0.8079547457297287	0.0	0.0	
26.22538604597543	1.8935121847362797	0.0	0.0	
25.618988493817945	3.33468171959238	0.0	0.0	
26.38140867282418	4.030899271241107	0.0	0.0	
25.956224338472047	5.317300320726553	0.0	0.0	
26.148857735964643	5.501196180659188	0.0	0.0	
25.939071870807453	6.923528824966072	0.0	0.0	
26.277449569372177	8.328500715987408	0.0	0.0	
26.45070922750637	8.507755051252316	0.0	0.0	
26.430017353762405	10.48226069697879	0.0	0.0	
25.809735411724322	11.056965923563089	0.0	0.0	
25.707241149488855	12.23322505831392	0.0	0.0	
26.3829252889972	12.581736174524854	0.0	0.0	
25.564077791180274	13.731207723773625	0.0	0.0	
26.09175917440649	14.830048592201448	0.0	0.0	
26.173975089665937	16.490419774478184	0.0	0.0	
26.178507047094673	17.12535535572188	0.0	0.0	
25.571792254985958	17.536497638148763	0.0	0.0	
25.647371346584258	19.053313808883743	0.0	0.0	
26.47268752440144	19.63670816623445	0.0	0.0	
25.917788886262063	21.371790997121316	0.0	0.0	
26.267904638149076	22.337028437840047	0.0	0.0	
26.266683734861658	23.486565099775508	0.0	0.0	
26.33919937198945	23.855673659527415	0.0	0.0	
25.662915142583117	25.158859976958524	0.0	0.0	
26.016855589348133	26.451246515230842	0.0	0.0	
25.575475712384257	27.32620929650431	0.0	0.0	
26.325897348018845	27.726556354782897	0.0	0.0	
25.748303069139798	28.81223025979019	0.0	0.0	
25.691660640481718	30.01026723261124	0.0	0.0	
25.560039280987628	31.339001934963356	0.0	0.0	
26.909386342742934	0.2512703114948044	0.0	0.0	
26.70075359268414	0.6515963775811798	0.0	0.0	
26.72353192355255	1.5952766244853105	0.0	0.0	
27.249034639202662	3.1617582080103572	0.0	0.0	
26.978320447026533	3.698570363156215	0.0	0.0	
27.440715565971423	5.306968600503984	0.0	0.0	
27.220291861110553	6.1256020859402565	0.0	0.0	
26.632206288283516	7.062010570110436	0.0	0.0	
26.65234067831949	8.050350108936534	0.0	0.0	
27.14122229018098	8.954212109974339	0.0	0.0	
26.802004624641818	10.17156183424109	0.0	0.0	
27.021810267769755	11.45652839374582	0.0	0.0	
26.55379520971747	12.278511601870033	0.0	0.0	
26.64394377076573	13.268051562989008	0.0	0.0	
27.42464853083837	13.924325103707814	0.0	0.0	
27.046628152240434	14.524974512525034	0.0	0.0	
27.124198618172983	16.461644123500285	0.0	0.0	
26.974676840814382	17.249306836285772	0.0	0.0	
27.04325555968971	18.333978823115093	0.0	0.0	
27.209439505230165	18.627974714774716	0.0	0.0	
27.283131016200937	19.74465542523931	0.0	0.0	
26.53807273543606	20.740133841099123	0.0	0.0	
27.49645434584742	22.015211868695847	0.0	0.0	
27.233711611767117	23.134336482653424	0.0	0.0	
27.4125025221024	23.84106117066249	0.0	0.0	
26.761030126951646	25.02481138069913	0.0	0.0	
26.703521181311263	25.698846157129108	0.0	0.0	
26.781036031584946	26.59422065699298	0.0	0.0	
27.252025801336263	27.610657262976417	0.0	0.0	
27.056744917687446	29.136140793565566	0.0	0.0	
26.601284299811184	30.402699563717984	0.0	0.0	
26.620700848240034	30.663381729984433	0.0	0.0	
28.322173894956634	0.4169282964135246	0.0	0.0	
27.80004980108764	1.1295523519442523	0.0	0.0	
28.239011016549828	1.977922175906833	0.0	0.0	
28.032747014152648	3.386348819463321	0.0	0.0	
28.30002972247884	3.804843891264779	0.0	0.0	
27.604990886289393	4.791715500181715	0.0	0.0	
27.523798120558812	5.856399030592484	0.0	0.0	
27.731227666126802	6.519361681394725	0.0	0.0	
28.171669603047533	7.508891772838439	0.0	0.0	
28.445272192009536	9.199001343228607	0.0	0.0	
28.351742315132554	9.941321769702977	0.0	0.0	
27.766990176280196	11.275724598929186	0.0	0.0	
28.34174121303174	11.59552778093717	0.0	0.0	
28.184305900938767	12.769029613365193	0.0	0.0	
28.099334178483062	13.675267666063817	0.0	0.0	
27.99558305012811	15.057057659861707	0.0	0.0	
27.677530249082075	15.56712113021116	0.0	0.0	
27.911072883708684	17.051828766767485	0.0	0.0	
27.96611937403957	18.268813261991827	0.0	0.0	
27.76928083979438	19.094164093699103	0.0	0.0	
27.593290104121284	19.862502147585307	0.0	0.0	
27.730760080336513	21.18612004899994	0.0	0.0	
28.140511482738226	21.87009021958536	0.0	0.0	
28.344484440074652	23.370907345967527	0.0	0.0	
27.87197081717454	23.9059803224778	0.0	0.0	
28.0029403348984	25.131534769582952	0.0	0.0	
28.468090256275886	26.35094859428425	0.0	0.0	
28.417740340700245	26.623128529675142	0.0	0.0	
27.814227306539525	27.599821262664936	0.0	0.0	
28.307545153615784	28.944072842157656	0.0	0.0	
27.696576561424568	30.015299041083406	0.0	0.0	
27.91140408499064	31.14315399970915	0.0	0.0	
28.834688478901562	0.025627270171947103	0.0	0.0	
29.37259526858401	0.5695677378245085	0.0	0.0	
29.305707295955113	2.159037677629548	0.0	0.0	
29.240927736582595	3.480433046944191	0.0	0.0	
29.026380860510056	3.857558444446357	0.0	0.0	
29.323203191050077	5.307020608241681	0.0	0.0	
28.749186717837635	5.862065395709854	0.0	0.0	
29.15022484506285	7.064315990072454	0.0	0.0	
29.441977734333506	8.323603290927114	0.0	0.0	
28.50510000945684	8.511857772678823	0.0	0.0	
29.31709156986544	9.63871197309107	0.0	0.0	
28.65653132147014	11.391588641809205	0.0	0.0	
29.350723691355928	11.865013071443208	0.0	0.0	
28.887558038691715	12.682597293155974	0.0	0.0	
28.571938059961727	13.9182418240457	0.0	0.0	
28.90287294910656	14.899602387855122	0.0	0.0	
29.200439136806374	15.798249453906056	0.0	0.0	
28.801654046834102	16.543203161529306	0.0	0.0	
29.382824821358668	17.823701779471165	0.0	0.0	
28.679607521589332	18.598312936471473	0.0	0.0	
28.807539770957643	20.373609248084435	0.0	0.0	
28.669437967103264	21.317695966867063	0.0	0.0	
28.52047777251357	22.141384444940655	0.0	0.0	
29.306603814541482	23.253258332370006	0.0	0.0	
28.681337722961565	23.767037707592934	0.0	0.0	
28.742827585709108	24.832914721894713	0.0	0.0	
29.068135439368213	25.58915322941226	0.0	0.0	
28.933565609014476	27.124216795535624	0.0	0.0	
29.07716901281392	28.148414279750945	0.0	0.0	
28.922373303419626	29.394363918064027	0.0	0.0	
28.68154707207832	29.694515771157956	0.0	0.0	
28.79849508134851	31.25680737257104	0.0	0.0	
29.67767465266897	0.4200138118353397	0.0	0.0	
30.162491926148512	1.0949616742394177	0.0	0.0	
30.201883622812204	1.7398692019930513	0.0	0.0	
30.471696440012458	2.7906974560702573	0.0	0.0	
30.21149827343648	3.6700976762540907	0.0	0.0	
30.328611049785508	4.6377929914707705	0.0	0.0	
29.53344314305497	6.219976387620299	0.0	0.0	
30.039153970792945	6.811958743921517	0.0	0.0	
30.48625353819173	7.769339192274836	0.0	0.0	
30.303210838066512	8.919223337441354	0.0	0.0	
30.49846787529878	10.414364728433682	0.0	0.0	
29.653367072879334	10.969970254571795	0.0	0.0	
29.503177257076256	12.445724285198194	0.0	0.0	
30.420989400620204	13.318595467445766	0.0	0.0	
29.527938126394627	13.578831410084023	0.0	0.0	
30.24938516467139	14.649268657714062	0.0	0.0	
29.91196626002708	15.837393378530464	0.0	0.0	
30.163331957555247	17.34132467031927	0.0	0.0	
30.313866179405355	18.350747946741876	0.0	0.0	
30.39724089495099	18.723625551067748	0.0	0.0	
30.392292197256413	20.17558905733079	0.0	0.0	
30.1293089690794	20.837420121728115	0.0	0.0	
29.67877734169073	22.49980179566836	0.0	0.0	
30.007013457956756	22.9307425967693	0.0	0.0	
29.65544207556412	24.33068516881749	0.0	0.0	
30.320894380884166	24.510462253305633	0.0	0.0	
30.318242022703885	25.854793345135803	0.0	0.0	
30.11952947090157	26.54496885962889	0.0	0.0	
29.611370075714042	27.75275841160636	0.0	0.0	
29.558337584481027	28.776432433260762	0.0	0.0	
30.036946745842233	29.524769918124733	0.0	0.0	
29.665421332564566	31.189226515401117	0.0	0.0	
30.589383551956367	0.4294772480448823	0.0	0.0	
30.538682779398897	0.5884309924006792	0.0	0.0	
30.619959705445357	1.6876411124464001	0.0	0.0	
30.789401486044415	2.8394418678092537	0.0	0.0	
31.4444920472965	4.259617187684765	0.0	0.0	
31.33330655250195	4.9246703753074925	0.0	0.0	
30.952285807915207	5.534133501042445	0.0	0.0	
31.074544962176596	6.588989343789388	0.0	0.0	
31.473177021312	7.726381795906761	0.0	0.0	
31.38825635673939	8.910599238686745	0.0	0.0	
30.96453965408035	9.740803112295811	0.0	0.0	
30.840650544336476	11.390982863032146	0.0	0.0	
30.75596644534934	11.994168792788251	0.0	0.0	
31.44339531605854	13.100440559823156	0.0	0.0	
30.65425954904364	13.549803831369735	0.0	0.0	
31.423893777894584	15.151798375871104	0.0	0.0	
30.614651096688014	16.327957329324484	0.0	0.0	
31.2891303530242	17.343893231142456	0.0	0.0	
30.697447252154365	17.718973455942134	0.0	0.0	
31.00252343902056	18.536862787757485	0.0	0.0	
31.42898274987241	19.782189119899854	0.0	0.0	
31.49657627560178	21.383965197146367	0.0	0.0	
30.98194378910462	21.94121769240721	0.0	0.0	
31.471833399811953	23.29679130862179	0.0	0.0	
31.32063507564691	24.0444246596653	0.0	0.0	
31.387355220693905	25.24769373385378	0.0	0.0	
31.433441697691865	26.107084572792267	0.0	0.0	
31.491880716928783	26.84625772759606	0.0	0.0	
30.819454505555278	27.889748223717373	0.0	0.0	
30.66252282842615	28.546168043759735	0.0	0.0	
30.507640919375	29.796252658520196	0.0	0.0	
31.258689844502012	30.663269736502013	0.0	0.0	
