2
32.0	0.0	0.0	0.0	
0.0	32.0	0.0	0.0	
0.47720425369706854	0.4849560185631452	0.0	0.0	
0.3742284183492196	1.4364206173716934	0.0	0.0	
0.3511513940374702	1.9006531258987032	0.0	0.0	
0.18711243139168843	2.7580428710946787	0.0	0.0	
0.4128308635898411	3.960547148016461	0.0	0.0	
0.18688433578367047	4.515969080785626	0.0	0.0	
0.4482606153194546	6.48513958347619	0.0	0.0	
0.46319697274507365	7.327928136111866	0.0	0.0	
0.09873134144659412	8.131762823250963	0.0	0.0	
0.23340690404554132	8.792982037716557	0.0	0.0	
0.46468997072676976	9.51045430791122	0.0	0.0	
0.4772629185952223	11.464789315757125	0.0	0.0	
0.17706128023055945	11.94217775634855	0.0	0.0	
0.18159296444697748	13.000143213354235	0.0	0.0	
0.08940201848888119	13.755486763923482	0.0	0.0	
0.42486616046887427	14.99464284564602	0.0	0.0	
0.15968133793583272	16.494210524144858	0.0	0.0	
0.08514549228923507	17.172213825072653	0.0	0.0	
0.328266087927259	18.498709124180934	0.0	0.0	
0.3721544204831764	19.46101856803711	0.0	0.0	
0.31396885536396624	19.988883461617657	0.0	0.0	
0.015887565230949696	21.407468881322956	0.0	0.0	
0.07837362718572227	22.191857636427457	0.0	0.0	
0.39808177664332156	23.120827263770433	0.0	0.0	
0.3647281318852835	23.865193022562597	0.0	0.0	
0.3488795698806697	25.43601356078338	0.0	0.0	
0.30506989505911786	25.509301404290028	0.0	0.0	
0.4824521969708728	27.257344814053766	0.0	0.0	
0.49499892638982057	27.81185713227731	0.0	0.0	
0.40303009317572736	29.33870195652812	0.0	0.0	
0.2562788927449464	29.928370224098874	0.0	0.0	
0.28145591997257335	30.997580006439836	0.0	0.0	
0.8320104856553013	0.07868058456996085	0.0	0.0	
0.689336837271516	1.2229584319035927	0.0	0.0	
1.276600371594673	2.2541176878048184	0.0	0.0	
0.5459283401874615	3.4251944933216043	0.0	0.0	
1.278463738131758	4.1468379063193	0.0	0.0	
1.104188119115781	4.689659888437859	0.0	0.0	
0.7968180913678011	5.7520026718425825	0.0	0.0	
0.523521485292344	6.893222184408412	0.0	0.0	
0.9383095937475533	8.185308722025255	0.0	0.0	
0.7204690456937275	9.356473288178378	0.0	0.0	
0.7849110297957387	10.009687644327558	0.0	0.0	
0.6638166644672275	10.796243106280478	0.0	0.0	
0.9438462752167428	11.716114702392163	0.0	0.0	
0.5104073364569447	13.392015401437368	0.0	0.0	
0.6183609009819035	14.190728819755316	0.0	0.0	
1.2704075849263554	15.367641681262178	0.0	0.0	
0.5566236898042304	15.676925900810936	0.0	0.0	
0.5694172337944193	16.635166302340902	0.0	0.0	
1.4132348857926678	17.77538179535492	0.0	0.0	
0.5711496128656133	18.819256508012415	0.0	0.0	
0.6513331587927061	19.779963254818377	0.0	0.0	
1.249911937561706	20.771562329180163	0.0	0.0	
0.6222138938006797	21.62744964435483	0.0	0.0	
1.4820280287152765	22.71968701090779	0.0	0.0	
0.551366236938486	24.47290524559581	0.0	0.0	
1.0215734131933147	25.26920695120797	0.0	0.0	
1.4704893217961041	26.12856672304772	0.0	0.0	
0.5583935943435849	27.3628401090182	0.0	0.0	
0.7106047130304988	28.349777515067103	0.0	0.0	
0.5086345479790921	29.49583691959044	0.0	0.0	
1.272693999444439	29.959171145536583	0.0	0.0	
0.7373648136056508	30.662304210815478	0.0	0.0	
2.2399855434723204	0.10817112041481614	0.0	0.0	
2.453829178964445	0.6839296089935456	0.0	0.0	
2.399776479810117	1.5040215303084146	0.0	0.0	
1.602051266909125	3.1797349503664263	0.0	0.0	
2.2156501598790626	3.994408107327165	0.0	0.0	
2.20572405138092	4.747461074585001	0.0	0.0	
2.34766072190016	5.909491122606127	0.0	0.0	
1.9896377399086789	6.83830891079958	0.0	0.0	
1.911269972748051	8.46319045263723	0.0	0.0	
2.469422473974017	9.167728707195462	0.0	0.0	
1.8619386901453303	10.161424504853757	0.0	0.0	
1.8147719920017442	10.798526400751195	0.0	0.0	
1.9525953812783188	12.139070208917097	0.0	0.0	
2.316614586483499	13.085177589531844	0.0	0.0	
2.158243190287737	13.95863034786796	0.0	0.0	
2.380924922180588	15.376048532781017	0.0	0.0	
2.255061835787235	16.41535826914368	0.0	0.0	
1.6342037295395508	16.626147915216674	0.0	0.0	
1.515456087557725	17.596221387147867	0.0	0.0	
1.7118943895142928	18.87131154371225	0.0	0.0	
2.1685572349885236	19.683855016059773	0.0	0.0	
2.4004405738969137	21.213534849378053	0.0	0.0	
1.9970185326501164	21.522618915227852	0.0	0.0	
2.161910045352793	23.38031758120154	0.0	0.0	
1.5889199647986274	23.651572907876325	0.0	0.0	
1.9433192936647385	24.839667133473743	0.0	0.0	
2.0105069861557965	25.746606449041135	0.0	0.0	
2.0144532898284107	26.51179850822514	0.0	0.0	
2.35504815058836	28.06738232828689	0.0	0.0	
1.9385748714537847	29.14636840680135	0.0	0.0	
2.1278250926439823	30.36542825651297	0.0	0.0	
1.6792045838589074	31.371681849112093	0.0	0.0	
3.3024994823001594	0.004663604115259901	0.0	0.0	
2.635975868090172	0.6535152700985494	0.0	0.0	
2.793603845490335	2.247652306180748	0.0	0.0	
2.7568527184326035	3.365321581510523	0.0	0.0	
2.6088795915284777	3.6453623298865327	0.0	0.0	
3.257593067257666	5.018754798377594	0.0	0.0	
2.845855180125478	5.876249363854975	0.0	0.0	
3.4814313190194546	6.991152561850564	0.0	0.0	
2.700564481275932	7.8894697807132586	0.0	0.0	
3.403763455921356	8.899581241615985	0.0	0.0	
3.076565737657221	10.214460580922145	0.0	0.0	
2.6578762363169024	10.575323034840372	0.0	0.0	
3.4222094277848942	12.081606795568058	0.0	0.0	
3.465596033684513	13.366832717714622	0.0	0.0	
3.308503953356971	13.961782703614892	0.0	0.0	
2.8952356126982446	15.282399234030397	0.0	0.0	
3.2243550831674384	16.176623501878385	0.0	0.0	
2.849869039413072	17.45645106758858	0.0	0.0	
3.3733391662428795	18.287893054237706	0.0	0.0	
2.6494871805835425	18.60835741576675	0.0	0.0	
2.8138131147053556	20.410360157934132	0.0	0.0	
2.615992654639441	21.01032811084297	0.0	0.0	
3.3058982209110015	21.67884268966461	0.0	0.0	
2.758005215407698	23.092466263077696	0.0	0.0	
3.3999299877467086	24.456349480965862	0.0	0.0	
2.682673203460664	25.377356596473028	0.0	0.0	
2.8984128710408332	26.294838245719095	0.0	0.0	
2.97023123992355	26.645992339369514	0.0	0.0	
3.4051331795887023	27.90571211746935	0.0	0.0	
2.5423728743473837	29.304693832320854	0.0	0.0	
2.8580522510253448	30.117293736934343	0.0	0.0	
3.2952761101216987	30.737091116914407	0.0	0.0	
3.753453348465568	0.11215684085372124	0.0	0.0	
3.5800323802795413	0.9734041093687181	0.0	0.0	
3.6942193456997563	1.6637624911683155	0.0	0.0	
4.403561348220771	3.229574098718489	0.0	0.0	
4.264377696516612	4.089955350381174	0.0	0.0	
3.573206287421928	4.577957697153783	0.0	0.0	
4.25968719173943	6.2644032143783885	0.0	0.0	
3.5682459328315224	7.249523351537872	0.0	0.0	
3.8203794608377173	7.706983539335914	0.0	0.0	
3.7468837662068575	9.350031291378723	0.0	0.0	
3.840552336922387	9.89454498860459	0.0	0.0	
3.5858085566512523	11.288622088228783	0.0	0.0	
4.400189953340236	11.81930152623895	0.0	0.0	
3.567757289001457	13.418537755147371	0.0	0.0	
3.8078625386368423	14.390295170730225	0.0	0.0	
3.9976256117470492	14.867336200178077	0.0	0.0	
4.315727164825556	15.534439198618875	0.0	0.0	
3.771042796075273	17.383072844713933	0.0	0.0	
4.066196340501704	18.1055074837916	0.0	0.0	
4.184448548181322	19.301835947475894	0.0	0.0	
3.6892206198974673	20.070741003450873	0.0	0.0	
3.8772922565284356	20.668712969512328	0.0	0.0	
4.1782237071034745	21.597743166732002	0.0	0.0	
3.802082711768219	23.011224780481232	0.0	0.0	
4.038475576858131	23.50338790937435	0.0	0.0	
3.6683659826739747	25.233612954515685	0.0	0.0	
4.077100629375359	26.127384279831862	0.0	0.0	
4.122838889895624	27.141123712048742	0.0	0.0	
3.6834827117765743	28.39993062935117	0.0	0.0	
4.217466289771353	29.218096447226813	0.0	0.0	
3.7751852865968702	30.132278402192537	0.0	0.0	
3.69178037305432	30.54329059118124	0.0	0.0	
5.157842580052541	0.2622344965290707	0.0	0.0	
5.138037756708569	0.6577805096112725	0.0	0.0	
5.30310031574392	2.0323962633435904	0.0	0.0	
4.563237195957617	3.3708184141671564	0.0	0.0	
4.773641533314106	4.365854065413779	0.0	0.0	
4.96886072027116	5.153530739308758	0.0	0.0	
5.166437700523842	5.897174684920018	0.0	0.0	
5.330569121346819	6.690696117968626	0.0	0.0	
5.334357710791026	7.690797425326371	0.0	0.0	
5.2266347750416315	8.97880421881564	0.0	0.0	
4.5861778009699385	10.363380769293688	0.0	0.0	
5.423978167698133	11.313232170428073	0.0	0.0	
5.1743490022867835	12.013103115268867	0.0	0.0	
5.305821888403107	13.084637924576228	0.0	0.0	
4.802755618306589	13.885569293944446	0.0	0.0	
5.313725599863624	15.467711741422688	0.0	0.0	
4.873272532268678	15.71114879567589	0.0	0.0	
4.886371773960485	17.14962653780249	0.0	0.0	
5.369669674762331	17.62690835882975	0.0	0.0	
4.68865170360413	18.640257784070965	0.0	0.0	
4.577431055607217	19.761130444171243	0.0	0.0	
4.9705973758793665	20.546072949556294	0.0	0.0	
5.353424374117272	22.119841411515786	0.0	0.0	
4.552101829613521	22.642743840844318	0.0	0.0	
5.471673038454978	24.210041236112684	0.0	0.0	
5.365290235692097	25.41737565686113	0.0	0.0	
4.9940518613041	26.256222636369074	0.0	0.0	
5.407345414202154	26.781109770990582	0.0	0.0	
4.605090607896885	28.38854526390922	0.0	0.0	
4.55845372289559	29.3375814541693	0.0	0.0	
4.864215546857778	30.494675644512153	0.0	0.0	
4.798649760380712	30.60435608943847	0.0	0.0	
6.4218459600635365	0.4323457597178566	0.0	0.0	
6.263068005711483	0.9636015694163053	0.0	0.0	
6.374415454681485	2.4217430838144205	0.0	0.0	
6.284413571968021	2.8436054030693025	0.0	0.0	
6.487351162931161	4.216043608375047	0.0	0.0	
5.702887141978723	5.052541160823678	0.0	0.0	
6.025554145219919	5.790723559699646	0.0	0.0	
6.221080630049536	7.017553316667955	0.0	0.0	
5.645215564204732	7.731232084544493	0.0	0.0	
5.709667722727847	8.693547146279355	0.0	0.0	
6.440361115808837	10.141673520175015	0.0	0.0	
6.074082533951845	10.746540356984694	0.0	0.0	
5.726049170681681	12.48846253538623	0.0	0.0	
5.78902385615791	12.754695822998997	0.0	0.0	
6.043102429833155	14.198299783702673	0.0	0.0	
6.093227256001265	15.1477094098754	0.0	0.0	
5.590047467972302	15.56859250122056	0.0	0.0	
6.287304556278902	16.55211958520987	0.0	0.0	
6.279874717313565	18.307771280914842	0.0	0.0	
6.219014712181912	18.811081829842806	0.0	0.0	
6.186040965073511	20.087458630125457	0.0	0.0	
5.742484006374218	20.69550170877765	0.0	0.0	
6.3421134464729825	22.458250882217705	0.0	0.0	
6.210032305260365	23.30443803055856	0.0	0.0	
6.3466670792104924	24.372259176309484	0.0	0.0	
6.278047639691325	25.157348428757732	0.0	0.0	
5.78932112542342	25.77801656299214	0.0	0.0	
6.15363182953427	26.71952407324506	0.0	0.0	
6.3369962028251186	28.405251444354672	0.0	0.0	
5.772299120769522	29.127218164604532	0.0	0.0	
6.478536055015399	30.225178656777814	0.0	0.0	
6.095669598836936	30.95211469399958	0.0	0.0	
7.455042934500361	0.3101149634918514	0.0	0.0	
6.626875087561735	1.449280091759058	0.0	0.0	
6.697441045994702	1.8913122579132766	0.0	0.0	
7.456924681865534	2.5007746817949585	0.0	0.0	
6.751494136913907	3.813347621607022	0.0	0.0	
7.025620083731537	4.6770509981283	0.0	0.0	
7.072991454506564	6.288563521298067	0.0	0.0	
6.982879634754035	7.315087251571765	0.0	0.0	
7.161544095075875	7.6028879308183015	0.0	0.0	
6.645347503125031	9.334700308276982	0.0	0.0	
6.783578803757554	9.598916293727942	0.0	0.0	
7.035882867208923	11.042699493391506	0.0	0.0	
6.96650502023997	12.385551643155743	0.0	0.0	
6.784362668820661	12.974634189627828	0.0	0.0	
7.227293711069412	13.553475683354185	0.0	0.0	
6.595463884112949	15.027801194588353	0.0	0.0	
7.021495576056882	16.079769988547163	0.0	0.0	
6.565333883001151	17.227893022415852	0.0	0.0	
7.253547612210311	18.09877602487642	0.0	0.0	
6.954381443581393	19.452778198145275	0.0	0.0	
6.6033008283556835	19.76688654086264	0.0	0.0	
7.172641803068953	21.17421856014019	0.0	0.0	
6.710434749558495	22.295702866981728	0.0	0.0	
6.842937841351468	22.572398562103	0.0	0.0	
7.4185663103987425	24.34264265711812	0.0	0.0	
6.882004561730383	25.03513902204936	0.0	0.0	
7.173848964817632	26.09699558205261	0.0	0.0	
7.094626278539715	26.514798374871	0.0	0.0	
6.6424527454454845	28.032597941017258	0.0	0.0	
7.283286275541709	29.00294824561537	0.0	0.0	
6.547621848138738	30.371403728029737	0.0	0.0	
7.169006145982072	30.83949309439715	0.0	0.0	
8.287158655218082	0.16615406245251807	0.0	0.0	
7.836496657309486	1.485981644271357	0.0	0.0	
8.409887763371756	1.9492680336864492	0.0	0.0	
8.444674375873065	2.8877998777783955	0.0	0.0	
8.478721569614278	3.6634474620781554	0.0	0.0	
8.186986759802272	5.265092924290459	0.0	0.0	
7.886573651670136	5.935822259431004	0.0	0.0	
7.600938692854833	6.982017529758876	0.0	0.0	
8.481870299403003	7.644969742124077	0.0	0.0	
7.8665532577198345	9.405474740410668	0.0	0.0	
8.281229414909191	9.941434010534959	0.0	0.0	
7.7125787603440195	10.982860251725851	0.0	0.0	
7.530013811935846	12.161509757988933	0.0	0.0	
8.41051720425844	12.747638839016751	0.0	0.0	
7.9562409464122865	13.78921002058857	0.0	0.0	
7.5026809140128865	15.419267220485452	0.0	0.0	
8.042184430719727	15.844241643591417	0.0	0.0	
7.570561270716093	17.230433274339674	0.0	0.0	
8.227980524128615	17.788603007199555	0.0	0.0	
8.017165812538845	18.87451531246343	0.0	0.0	
7.621877683955993	20.07271070826593	0.0	0.0	
7.7279064720494475	20.599043693675426	0.0	0.0	
8.349087388133286	22.181219584824998	0.0	0.0	
8.270142640130933	22.653691884605447	0.0	0.0	
8.301346170822995	24.460894915900763	0.0	0.0	
7.522796962176369	25.452297745145195	0.0	0.0	
8.383660637477305	25.597474083978266	0.0	0.0	
8.08508751905908	26.984012930666417	0.0	0.0	
7.906443394708746	27.61757342837905	0.0	0.0	
7.615992713876032	29.428191432930547	0.0	0.0	
8.162599339072331	30.08743802582938	0.0	0.0	
7.6501171201690354	30.948209761324197	0.0	0.0	
9.003758579109611	0.04525373903473806	0.0	0.0	
8.902285102756403	1.2942244456737795	0.0	0.0	
9.106552366329934	2.4966969006692077	0.0	0.0	
9.093323889608897	3.0294303240900877	0.0	0.0	
9.39564235133319	4.354663478478793	0.0	0.0	
9.4039015317464	5.326141297893802	0.0	0.0	
9.496187835674798	6.180358131339684	0.0	0.0	
8.865864406699364	6.520503457695074	0.0	0.0	
9.33792407078213	8.083684138856944	0.0	0.0	
9.467407898301344	8.588448191873548	0.0	0.0	
9.465390692270958	10.059575874347823	0.0	0.0	
8.692163527607578	11.169358115528452	0.0	0.0	
8.838027742566469	12.030359819245323	0.0	0.0	
8.948688566185607	12.659784764044646	0.0	0.0	
9.04771636274833	13.729846484564414	0.0	0.0	
8.820754723411167	14.593796764784297	0.0	0.0	
8.523461089452793	16.370748435337806	0.0	0.0	
9.207344800540639	17.000592812150444	0.0	0.0	
8.931965399543188	17.61928386975679	0.0	0.0	
8.68980487208428	19.306128698858043	0.0	0.0	
9.170537718472165	20.028011449578596	0.0	0.0	
8.603950706919205	20.773496670706052	0.0	0.0	
8.658463857999488	21.739231482930045	0.0	0.0	
8.90717718039543	23.08661663120162	0.0	0.0	
9.07264872500556	23.83277027243941	0.0	0.0	
8.847498731518352	25.087189838667616	0.0	0.0	
9.285799714174047	25.77701301446191	0.0	0.0	
9.000156152273924	27.401679186526447	0.0	0.0	
8.903588195541914	27.656942605131334	0.0	0.0	
8.67178665127005	29.392955067697283	0.0	0.0	
9.159101836367306	30.092818953256682	0.0	0.0	
8.675447552377856	31.481837544472857	0.0	0.0	
9.514407825675175	0.2848852041716835	0.0	0.0	
10.115920606628805	1.07097116705292	0.0	0.0	
9.711129191473159	2.187100328463263	0.0	0.0	
9.857608248285715	3.2151367464852765	0.0	0.0	
10.488265099048686	4.319727440184189	0.0	0.0	
10.39923758358482	5.304455643021617	0.0	0.0	
10.03899908251719	6.072913102147613	0.0	0.0	
10.328036771777855	7.227217835702604	0.0	0.0	
9.771273044079516	8.0956297940116	0.0	0.0	
10.220043005142093	9.238012264003558	0.0	0.0	
10.14474789245803	10.192728147819349	0.0	0.0	
10.163446880850842	11.071700220695305	0.0	0.0	
10.386996423638687	12.395339846030987	0.0	0.0	
9.53956225593316	12.829133703168662	0.0	0.0	
9.839387623775941	13.595033103708538	0.0	0.0	
10.384699320008632	14.687886452766618	0.0	0.0	
10.304752874253325	15.659691632564762	0.0	0.0	
9.916292489718677	17.328243646831464	0.0	0.0	
10.113004289686133	17.64700347872938	0.0	0.0	
10.471162022616818	19.14295697837762	0.0	0.0	
9.518249210932575	20.469944405893063	0.0	0.0	
9.65279505859413	21.339324386197195	0.0	0.0	
10.01127380720166	22.2264341903036	0.0	0.0	
10.34363677463342	23.120401953383652	0.0	0.0	
9.736832147016848	23.926993952283333	0.0	0.0	
10.210753287203477	25.242140609483368	0.0	0.0	
9.582648021764081	25.641449764881372	0.0	0.0	
10.424805694804629	26.67953173258194	0.0	0.0	
10.259605143145352	27.625934081260745	0.0	0.0	
9.794285786123591	28.59399603866635	0.0	0.0	
9.949164689133072	29.790562332149776	0.0	0.0	
10.24167261336005	31.077692736608608	0.0	0.0	
11.210887074632552	0.10454700738370859	0.0	0.0	
10.957952864354596	0.6126812646661544	0.0	0.0	
11.143755364191934	1.5664151793612375	0.0	0.0	
10.778006498849155	2.6577213650729843	0.0	0.0	
10.713517721511495	4.088676032392873	0.0	0.0	
11.353715065563424	4.650463901004041	0.0	0.0	
10.806011325990745	6.039425217389719	0.0	0.0	
11.159929834810889	7.32125862887384	0.0	0.0	
10.973741260951781	8.285499154199382	0.0	0.0	
10.602164418331702	8.94354111634106	0.0	0.0	
10.925392470820482	9.768717122885135	0.0	0.0	
10.805942559775277	11.414846713387465	0.0	0.0	
10.8413640930167	12.027343334903563	0.0	0.0	
10.579720990851127	13.244643630900566	0.0	0.0	
11.103193699579805	13.949825622506173	0.0	0.0	
10.573585977657686	15.147496726452578	0.0	0.0	
10.586700151151488	15.611533711163151	0.0	0.0	
10.956766156867646	16.522668880146636	0.0	0.0	
11.283465202958785	18.495459890159538	0.0	0.0	
10.564239018125358	18.875580427062285	0.0	0.0	
11.099953525851912	19.946719830300626	0.0	0.0	
11.177905013277215	20.52773317603421	0.0	0.0	
11.127755830029567	21.560071820784355	0.0	0.0	
10.620082135198858	23.294390022999558	0.0	0.0	
10.989339875968525	23.794075162629223	0.0	0.0	
11.235145510419045	25.020483078083814	0.0	0.0	
11.055671349183823	26.450394103482296	0.0	0.0	
11.079944235258335	27.187386925447072	0.0	0.0	
11.463291296990377	27.836762172733483	0.0	0.0	
10.582867764705723	29.479935310236606	0.0	0.0	
10.90319198235853	30.030625148110303	0.0	0.0	
10.970356806087429	30.88906973732075	0.0	0.0	
11.711999746204034	0.3575951385605196	0.0	0.0	
12.355527399972068	0.7663791740349368	0.0	0.0	
11.995997035590355	2.4870311366682385	0.0	0.0	
11.71603832792883	3.4351291659480734	0.0	0.0	
11.656511326754279	3.6919546756860275	0.0	0.0	
12.142906840070104	4.540074439470992	0.0	0.0	
12.242092175535534	5.806332355391855	0.0	0.0	
11.697087418890534	7.46410685193441	0.0	0.0	
11.675226721791999	8.280530511277895	0.0	0.0	
12.069945194862674	8.563324423629695	0.0	0.0	
11.89785575941501	9.998961443630142	0.0	0.0	
12.25685238730633	11.47693877419902	0.0	0.0	
11.98843882263047	12.108898199546253	0.0	0.0	
12.381457446617352	12.53260174501963	0.0	0.0	
12.032107718254633	13.585839777703868	0.0	0.0	
12.497771854638051	15.277688277458493	0.0	0.0	
11.789137349473187	16.033209847696902	0.0	0.0	
12.163092593523386	16.54789457310286	0.0	0.0	
12.29608182715283	18.14582632274081	0.0	0.0	
12.0307706950112	19.3801582907454	0.0	0.0	
11.70684445030642	19.923955965453768	0.0	0.0	
11.810692824659172	20.91863166419885	0.0	0.0	
11.930236501762113	22.272354659712327	0.0	0.0	
12.128739676573666	23.071251090572687	0.0	0.0	
12.484482245146113	23.90755907366591	0.0	0.0	
11.86747400181691	25.44600051600259	0.0	0.0	
12.168472604702426	26.13773138808914	0.0	0.0	
11.645235508896508	27.40962528030216	0.0	0.0	
11.627096660192805	27.5958832760867	0.0	0.0	
11.821794818229575	28.66696640371826	0.0	0.0	
11.574190387982558	29.7022529436189	0.0	0.0	
11.654052560580627	31.120642752875472	0.0	0.0	
13.085264057000286	0.41732032941095354	0.0	0.0	
13.427090542042416	0.9571108353434383	0.0	0.0	
13.450763681785206	1.6072235923656026	0.0	0.0	
12.825229017492079	2.7704121422999	0.0	0.0	
12.601564634307543	4.1489519457498645	0.0	0.0	
12.741095343153045	4.694616700010409	0.0	0.0	
12.505741047436988	6.386138166087464	0.0	0.0	
12.567893015469227	6.578019947053746	0.0	0.0	
13.198020370189639	7.660031688827025	0.0	0.0	
13.328933438533838	8.796955033516472	0.0	0.0	
12.67677944049473	10.39878680530513	0.0	0.0	
13.195725529400285	10.797467829348648	0.0	0.0	
12.822628166196846	12.425248051974222	0.0	0.0	
13.484558488828018	13.342101034254316	0.0	0.0	
13.378173172515252	13.712574313011096	0.0	0.0	
12.648829808748667	14.538287235667052	0.0	0.0	
12.884064232767944	16.43345992347946	0.0	0.0	
13.48009348407817	16.633441496773187	0.0	0.0	
12.879164577532269	17.751657156982052	0.0	0.0	
12.621325469747266	19.27466240776396	0.0	0.0	
12.866146172255094	20.07104841429207	0.0	0.0	
13.485900287348281	21.08214445481991	0.0	0.0	
13.398300548085864	21.896404279393384	0.0	0.0	
12.842188177182674	22.722528827715205	0.0	0.0	
13.255367662127153	24.37980229219418	0.0	0.0	
12.792889678206073	25.02934430688368	0.0	0.0	
13.401281465915076	26.028260900679648	0.0	0.0	
13.012265142200622	26.667965090171442	0.0	0.0	
13.199652393969119	27.5034362546522	0.0	0.0	
13.456301760741926	28.624136146806542	0.0	0.0	
13.370148790055781	29.763551812967435	0.0	0.0	
12.504344582029807	31.145251617030024	0.0	0.0	
13.96720704166745	0.1096426498551798	0.0	0.0	
13.714675585373731	0.5114918137272146	0.0	0.0	
14.420258906077946	2.099414510253956	0.0	0.0	
13.956060787682116	2.7002231719721026	0.0	0.0	
13.998483714110982	3.7898982104143935	0.0	0.0	
13.538977867644242	5.18243830107943	0.0	0.0	
14.420829945681854	5.948293064207677	0.0	0.0	
14.231633415824797	7.247497823434977	0.0	0.0	
14.274419726526563	7.633284544411412	0.0	0.0	
14.182188323258181	9.488432507989286	0.0	0.0	
14.305320379260738	9.681588433901789	0.0	0.0	
14.394763868424395	10.842194188818143	0.0	0.0	
14.105220281489693	12.01664112768752	0.0	0.0	
13.73016274540957	12.917465707151411	0.0	0.0	
13.822716232871247	13.91827466438278	0.0	0.0	
14.323754580720308	14.796014041054022	0.0	0.0	
13.836227442791493	16.095227452402494	0.0	0.0	
14.243723340061178	17.015031406533534	0.0	0.0	
13.52651206114266	18.176278386293685	0.0	0.0	
14.11431434805079	19.427419191964642	0.0	0.0	
13.621116275968953	19.746167110245317	0.0	0.0	
13.716876203920181	21.161573043414876	0.0	0.0	
13.880603068288028	21.82048078310658	0.0	0.0	
14.218337448440849	23.22136138965477	0.0	0.0	
13.959057464579772	24.05235635109792	0.0	0.0	
14.03643061782536	25.199162912883846	0.0	0.0	
13.82730961562111	26.0947551052258	0.0	0.0	
13.873344937527033	26.690910515510996	0.0	0.0	
13.682908496760582	28.093108572355217	0.0	0.0	
14.240356707353637	28.51162037009312	0.0	0.0	
13.689576273661173	29.901433319703507	0.0	0.0	
13.546258113835762	30.578500265842525	0.0	0.0	
14.890484907998463	0.09231579696363645	0.0	0.0	
15.421885837508304	0.5150347346712916	0.0	0.0	
15.407926923750207	1.555738432731208	0.0	0.0	
15.387339020705381	2.6887707705098416	0.0	0.0	
14.921241289715557	4.3161816986255355	0.0	0.0	
14.76516199676347	4.930441669477947	0.0	0.0	
15.308593119035917	6.086402570046693	0.0	0.0	
14.577304704609647	6.9487244496850105	0.0	0.0	
15.264241786471569	7.879645155313423	0.0	0.0	
14.832965695701652	9.457995574156332	0.0	0.0	
15.006396724885034	10.26006938793678	0.0	0.0	
14.597433347415128	10.581949553962849	0.0	0.0	
14.590430443273128	11.595582574010955	0.0	0.0	
15.478299576248592	12.53771438291379	0.0	0.0	
14.843923587105063	14.380776371382508	0.0	0.0	
15.400722149522512	15.256997609249447	0.0	0.0	
14.672316108514977	15.942816124418867	0.0	0.0	
15.17675698787058	16.53537861599111	0.0	0.0	
14.878904270709006	18.219649378926274	0.0	0.0	
14.54884904695012	19.06803543855473	0.0	0.0	
14.69297155181963	20.20629557909851	0.0	0.0	
15.04806649788833	21.244512185567707	0.0	0.0	
15.010663017690655	21.55723911105492	0.0	0.0	
14.757229904354546	22.594340961526594	0.0	0.0	
15.178306860206266	23.788690199787908	0.0	0.0	
14.929857951824463	24.726883133464597	0.0	0.0	
15.023949348774376	26.366129593181768	0.0	0.0	
15.411263569138479	27.333531356673877	0.0	0.0	
15.212732764013762	27.7059436604037	0.0	0.0	
15.260001690842547	29.417116063013655	0.0	0.0	
15.021807927143021	29.528688434141586	0.0	0.0	
14.566936657057116	30.657305261471333	0.0	0.0	
15.600400464150999	0.206714719936965	0.0	0.0	
16.0021760315447	1.320819554983019	0.0	0.0	
15.636961517079456	1.6778577724037749	0.0	0.0	
15.680997647643855	3.2652555932867373	0.0	0.0	
16.063132345973475	4.033555653357445	0.0	0.0	
15.689863002282793	4.616712990564824	0.0	0.0	
16.380396063746563	5.8584311564288996	0.0	0.0	
16.26683209816125	7.208802685353786	0.0	0.0	
16.249215301946524	7.766968195335396	0.0	0.0	
16.346911110201596	8.741776276393354	0.0	0.0	
16.433454729635475	10.23751774837337	0.0	0.0	
16.48867099042467	11.275142683453563	0.0	0.0	
15.985153378967095	11.527705776210086	0.0	0.0	
16.04981144977492	13.256999876698917	0.0	0.0	
15.71390386177982	14.160170531726022	0.0	0.0	
15.949438640039233	14.591083122444713	0.0	0.0	
15.900109147098341	15.744429032730746	0.0	0.0	
16.24560310971404	17.42355309091811	0.0	0.0	
15.603781776902679	17.53369829130546	0.0	0.0	
15.63113868855353	18.65943248111586	0.0	0.0	
16.425000258169685	20.442436392327846	0.0	0.0	
15.843359161629877	21.06456537560943	0.0	0.0	
16.334887565134373	22.02410410702868	0.0	0.0	
15.98270186571853	22.830221052200823	0.0	0.0	
15.654310062523285	24.31631007691213	0.0	0.0	
15.533458855643673	24.908162202632095	0.0	0.0	
16.267363241334618	26.136774585399387	0.0	0.0	
15.58332956603995	27.416521754777207	0.0	0.0	
16.038774162641054	28.23886990742554	0.0	0.0	
16.459112400793817	28.58488712635942	0.0	0.0	
15.672702374405949	29.582710712116967	0.0	0.0	
15.933836901186254	30.79160151088178	0.0	0.0	
17.324440577057434	0.40443442505283433	0.0	0.0	
16.84784367140869	0.8679182955779232	0.0	0.0	
17.427490821903508	2.2306900045844187	0.0	0.0	
16.654475329453188	2.663876968422214	0.0	0.0	
17.47073071920548	3.7615559336053126	0.0	0.0	
16.851544623336785	5.211803962014712	0.0	0.0	
17.073720703542758	6.318327574607646	0.0	0.0	
16.679102291749157	6.840234459136765	0.0	0.0	
17.053257212482535	8.488856895419277	0.0	0.0	
16.68329097101835	8.861533270666753	0.0	0.0	
16.764455334860152	10.310153472314129	0.0	0.0	
16.718679938988544	11.177414310207118	0.0	0.0	
17.15882103627064	11.546877117054146	0.0	0.0	
17.162240593706834	12.87651100240281	0.0	0.0	
17.245534353066063	13.555247602554445	0.0	0.0	
16.823704238375363	15.221528515019067	0.0	0.0	
17.477589920519787	16.30993667538964	0.0	0.0	
17.148175368106	16.744540865610652	0.0	0.0	
16.661511347656866	18.443719268953988	0.0	0.0	
16.994354859533967	19.30234846160785	0.0	0.0	
17.347082921865166	20.49015445868445	0.0	0.0	
16.98073370903829	21.10283262216143	0.0	0.0	
16.92168882890249	21.50622313663793	0.0	0.0	
16.677218795560407	23.24797443597215	0.0	0.0	
16.867000194169123	24.21571195597766	0.0	0.0	
17.452966519091227	24.511198770124157	0.0	0.0	
17.107384400211007	26.086450747090442	0.0	0.0	
17.179959927749362	26.652523322406175	0.0	0.0	
16.521404263871045	27.51004549718152	0.0	0.0	
16.89207616981136	28.570813679812222	0.0	0.0	
17.05682795708377	29.595411890346206	0.0	0.0	
17.14583634764295	30.75293295406419	0.0	0.0	
18.157459748663804	0.0011411590422683027	0.0	0.0	
17.73469687744841	0.7256812105002922	0.0	0.0	
18.178054288446248	2.4562074701461634	0.0	0.0	
17.60838456310674	3.2720755118514004	0.0	0.0	
18.384356891245346	4.08656494277392	0.0	0.0	
18.467980751066165	5.403344138461564	0.0	0.0	
18.095730951930662	5.701813139974372	0.0	0.0	
18.4879306574352	7.047675201183942	0.0	0.0	
18.271163164263715	8.27311138422305	0.0	0.0	
17.72456175357269	8.968547228121139	0.0	0.0	
17.62920972244131	10.092481758879643	0.0	0.0	
18.12574930491569	10.544773354948648	0.0	0.0	
17.82418725189785	12.464744489649807	0.0	0.0	
17.765483065386544	12.954718333191613	0.0	0.0	
17.90999749547618	14.298542547109866	0.0	0.0	
18.144049868308098	15.417441535688486	0.0	0.0	
17.924909061622465	16.026960637224242	0.0	0.0	
17.502509483725586	16.935335973355112	0.0	0.0	
18.035074193459497	18.013445012106622	0.0	0.0	
17.595681852736952	18.56756939544356	0.0	0.0	
18.396304756792112	19.747965335281936	0.0	0.0	
18.02885898982538	20.687797167500854	0.0	0.0	
18.174900548491784	22.441197815883804	0.0	0.0	
17.773205591384837	22.664972090488778	0.0	0.0	
17.889899929647193	24.1999715809341	0.0	0.0	
17.838341984820566	25.12749595292039	0.0	0.0	
18.263354342738207	25.870834331440157	0.0	0.0	
18.37584787801153	27.255754352154543	0.0	0.0	
17.98687011021153	28.372147781493048	0.0	0.0	
17.59833161418121	28.68608808120313	0.0	0.0	
18.335262801954016	29.801157829968332	0.0	0.0	
17.73982345855658	30.79068294550669	0.0	0.0	
19.06376736478526	0.40291938140326455	0.0	0.0	
18.601464708254518	0.9907586860502896	0.0	0.0	
19.160804918042658	1.9865095396459957	0.0	0.0	
18.866185646297968	3.4277553106697525	0.0	0.0	
18.860686347029525	3.55805644580276	0.0	0.0	
18.8639002368749	4.863049909962931	0.0	0.0	
19.299001445006315	5.965752611322301	0.0	0.0	
19.185048501043475	7.089113916859554	0.0	0.0	
18.56106463058079	8.114152526669766	0.0	0.0	
19.33343825075447	9.293701548886894	0.0	0.0	
18.660363643377536	10.123437467252623	0.0	0.0	
19.311496249051153	10.582861480001732	0.0	0.0	
18.79489329082827	11.683663619818523	0.0	0.0	
19.37651822436522	12.931965726032061	0.0	0.0	
19.159497156588262	13.592180279753928	0.0	0.0	
18.627873140653946	14.93116398896627	0.0	0.0	
19.462880551211867	16.2191279107844	0.0	0.0	
18.84319136005285	17.410426578060623	0.0	0.0	
18.835613199087245	17.73562877504291	0.0	0.0	
18.66120613516426	19.38752290653488	0.0	0.0	
19.37348084043521	20.18652636267898	0.0	0.0	
19.17745886269606	20.749102089405547	0.0	0.0	
19.368044737307272	22.34454700004278	0.0	0.0	
18.526955470777605	22.56896998900836	0.0	0.0	
18.78316996721862	23.986165302619156	0.0	0.0	
19.312874689217583	25.144729419619473	0.0	0.0	
19.034591840214592	25.501226009215564	0.0	0.0	
19.195318731370836	26.766536000948324	0.0	0.0	
19.02858521980762	27.705072495699092	0.0	0.0	
19.291284953572177	29.294263832243193	0.0	0.0	
19.425981369738455	30.196169370735177	0.0	0.0	
19.377694102620907	30.525076975054397	0.0	0.0	
19.52426232230905	0.2999707564854571	0.0	0.0	
20.147629944532202	0.8032234368660117	0.0	0.0	
20.335401828895105	2.015006044144042	0.0	0.0	
20.271935100182816	2.6177100710673464	0.0	0.0	
19.91892405743686	4.17497316714349	0.0	0.0	
20.31416263286729	4.5352393438409235	0.0	0.0	
20.291376081415418	5.993278562070237	0.0	0.0	
19.524218668561364	7.412672905921306	0.0	0.0	
20.194736532063057	8.292676926755732	0.0	0.0	
19.78304653453474	9.341393476132106	0.0	0.0	
20.0497549503183	10.189707226620609	0.0	0.0	
19.820571621965605	11.237419667528037	0.0	0.0	
20.475679481972783	11.554968746619297	0.0	0.0	
19.768362686931372	12.886486706661868	0.0	0.0	
19.53198318853944	14.44984161646537	0.0	0.0	
19.76294003721404	14.73547616660314	0.0	0.0	
19.671094147226253	16.086932501527166	0.0	0.0	
19.570031073167176	17.355263275106907	0.0	0.0	
20.408730877349686	18.025111002098278	0.0	0.0	
19.720489667310336	19.009384384523653	0.0	0.0	
20.398056065446266	19.587630685328453	0.0	0.0	
19.957601476546984	20.88696195347908	0.0	0.0	
19.994831185956315	21.87545400298973	0.0	0.0	
19.691299863474843	23.37952422207935	0.0	0.0	
20.168183897194723	24.38767693109123	0.0	0.0	
20.162342113690926	25.394146175836607	0.0	0.0	
20.45593293280299	26.17335657288279	0.0	0.0	
20.33555770678364	26.83009037953169	0.0	0.0	
19.700017043756688	28.474213731214387	0.0	0.0	
20.173789003219838	28.884574384708404	0.0	0.0	
20.129641281932578	29.786456668779245	0.0	0.0	
20.060351023860495	31.225312085286237	0.0	0.0	
20.71614001823802	0.2910880432542112	0.0	0.0	
20.818646588694552	0.5723575605856975	0.0	0.0	
20.92620901184273	1.7274272850499885	0.0	0.0	
20.989428650290197	3.4075782275247333	0.0	0.0	
21.052862661883594	4.178311203409571	0.0	0.0	
21.056008491149967	5.027901719706478	0.0	0.0	
20.75269843271017	6.102352821656091	0.0	0.0	
21.368220473098816	7.44257876390396	0.0	0.0	
20.803273544679218	8.463340461112159	0.0	0.0	
21.296386180113753	8.68920363751389	0.0	0.0	
20.576368312679655	10.04552719590242	0.0	0.0	
21.280498683208137	10.594502880842573	0.0	0.0	
21.24030898713938	12.342262817982832	0.0	0.0	
21.279355172524784	12.766682438679279	0.0	0.0	
21.238885329401413	14.270803383236068	0.0	0.0	
20.923615893521944	15.496842017520661	0.0	0.0	
20.714661025602695	15.663950569681717	0.0	0.0	
20.886939000169424	17.23401418545913	0.0	0.0	
20.71288529850856	18.3592667443564	0.0	0.0	
20.84329630133983	19.377291598664808	0.0	0.0	
20.59999340443	19.885756068946986	0.0	0.0	
20.718671403129793	21.09534507853085	0.0	0.0	
21.240990090022503	22.13371045415929	0.0	0.0	
20.58333497321326	22.80203403625453	0.0	0.0	
21.493306294193836	23.919029263818032	0.0	0.0	
20.719571418400793	24.597334398156807	0.0	0.0	
21.1740224419372	25.846277731041685	0.0	0.0	
21.461463759735903	26.82089443532875	0.0	0.0	
21.26652328552693	27.70284364678644	0.0	0.0	
21.443430803852536	28.79527008657555	0.0	0.0	
21.397786466443463	29.67863843641423	0.0	0.0	
20.953392679280586	31.070214746567228	0.0	0.0	
22.23452568741738	0.4354183352109964	0.0	0.0	
22.082575735738924	1.4376831585518708	0.0	0.0	
22.233448976466356	1.5685229661575528	0.0	0.0	
22.11434890317477	3.1413888975946476	0.0	0.0	
22.176858126320294	3.5896276420683657	0.0	0.0	
22.10870221530503	5.126803207096382	0.0	0.0	
22.477934221411815	6.104079649246409	0.0	0.0	
22.29608868748914	7.355590055899004	0.0	0.0	
21.790641187730788	8.419394447007782	0.0	0.0	
22.139257427122132	8.551875387022587	0.0	0.0	
22.45026709874952	9.585300261693428	0.0	0.0	
22.192208570253925	11.430825972570105	0.0	0.0	
22.411995753007947	12.350821249671535	0.0	0.0	
22.41591723138589	13.140324326677147	0.0	0.0	
21.742838968303445	13.646665072011517	0.0	0.0	
22.399696009731844	14.690966323033262	0.0	0.0	
21.747586316374857	16.28377920548415	0.0	0.0	
21.574794092804808	17.350078645607976	0.0	0.0	
22.248594605391204	17.73877851799245	0.0	0.0	
22.392642640763384	19.41833923930539	0.0	0.0	
22.14691457413905	20.36165435923157	0.0	0.0	
22.074899452617643	21.454179667300746	0.0	0.0	
21.78809705183086	22.12942552899839	0.0	0.0	
22.13684443104198	23.317278755828784	0.0	0.0	
21.805732761818547	23.520875399140913	0.0	0.0	
21.580792850252106	25.061387036949505	0.0	0.0	
22.429094170653347	26.32906333381007	0.0	0.0	
21.56349585851839	26.644432729959412	0.0	0.0	
21.54751727145855	27.806172274432868	0.0	0.0	
22.49108915539818	29.072792938437004	0.0	0.0	
22.39756855427689	30.431032858345837	0.0	0.0	
22.36810591155352	31.28682419121388	0.0	0.0	
23.29874319526537	0.23458202871609424	0.0	0.0	
22.77195895034746	0.7816387880090869	0.0	0.0	
23.454093419797847	2.1074038924549403	0.0	0.0	
22.604864180979423	2.8134958925144344	0.0	0.0	
22.697261004332674	3.6362879107122357	0.0	0.0	
23.357963852188675	5.371723341302027	0.0	0.0	
23.015352906092115	5.826330371499177	0.0	0.0	
23.334354891363237	7.199707025145438	0.0	0.0	
23.161299125298907	8.423460174161107	0.0	0.0	
22.72038041399848	9.222886917470449	0.0	0.0	
22.580271971015723	10.44668330274674	0.0	0.0	
23.1833860716362	10.988064856427535	0.0	0.0	
23.486407625623986	12.381108235702321	0.0	0.0	
23.378793016248075	12.917819835039849	0.0	0.0	
23.222499512754748	14.076394081215044	0.0	0.0	
23.0615523983529	15.111002612396296	0.0	0.0	
23.447892851801342	15.606549145789378	0.0	0.0	
22.57445353172686	16.717343921302415	0.0	0.0	
23.014147809183854	17.832646667914688	0.0	0.0	
22.967344568539783	18.525403687850595	0.0	0.0	
22.696057658870416	19.52546524292397	0.0	0.0	
22.91705211095564	20.761830723260246	0.0	0.0	
22.98879842712828	21.519128889070338	0.0	0.0	
22.802051541228774	22.525238345966226	0.0	0.0	
22.793831594828237	23.57829394918085	0.0	0.0	
23.031866577543628	24.68052639389496	0.0	0.0	
23.207026781057802	26.263157681528025	0.0	0.0	
22.85216567046695	27.00415473374023	0.0	0.0	
22.579851299399028	28.04063135325223	0.0	0.0	
23.0694670818396	29.128953541901673	0.0	0.0	
23.498768011630634	30.1969462565679	0.0	0.0	
22.85572137297827	31.226041968363027	0.0	0.0	
24.151732151318647	0.13330598123748583	0.0	0.0	
24.01873014144516	0.8668651151982659	0.0	0.0	
24.49286720754074	2.4533947780422096	0.0	0.0	
23.861616910707518	3.257304149472843	0.0	0.0	
24.320943237854408	4.163171182915156	0.0	0.0	
24.04248459709842	4.8990573573623974	0.0	0.0	
24.13658704591884	5.590887247663371	0.0	0.0	
24.336146589177638	6.569775098690404	0.0	0.0	
24.149410963799603	7.953813692685781	0.0	0.0	
24.15057196723752	8.758548559887794	0.0	0.0	
23.752140855902425	9.930306281287624	0.0	0.0	
23.527618129279602	10.910387622110294	0.0	0.0	
23.65013985227335	11.723319241412286	0.0	0.0	
23.974223674824433	13.251108690608223	0.0	0.0	
24.080880135759486	13.61057565784072	0.0	0.0	
23.76676162720216	15.452251685422913	0.0	0.0	
23.956241372549574	15.842017455198098	0.0	0.0	
24.323331076309326	16.775861102631023	0.0	0.0	
23.765464448965496	18.437138408823845	0.0	0.0	
23.51108489266702	18.559631375632193	0.0	0.0	
23.876046051782893	19.821299732360167	0.0	0.0	
23.87845794998275	20.666806243582347	0.0	0.0	
23.676538790084933	22.082251020994377	0.0	0.0	
24.383920757977567	22.634905465774526	0.0	0.0	
23.844300643543114	23.98609367638305	0.0	0.0	
24.19492900593814	25.320026894975143	0.0	0.0	
23.70207120269688	26.194818170665638	0.0	0.0	
23.792570781953785	26.625974514223227	0.0	0.0	
23.788213598203182	27.843415267849178	0.0	0.0	
24.418166797910754	28.657279433647346	0.0	0.0	
24.476624980106603	29.94000238539592	0.0	0.0	
23.688463527445005	31.19905476341256	0.0	0.0	
24.965846022867833	0.38197966523383475	0.0	0.0	
25.40278647635493	1.4122716304911642	0.0	0.0	
25.20228400459808	2.23219062701126	0.0	0.0	
24.95691446524841	2.8752613193043275	0.0	0.0	
24.52983181324867	4.295514607022506	0.0	0.0	
24.523818916910262	4.811300450637279	0.0	0.0	
24.68511588619183	6.328755899855388	0.0	0.0	
24.746692940063838	6.514623524734544	0.0	0.0	
25.468002632963266	8.13399500614014	0.0	0.0	
25.19790813028752	9.017608424384838	0.0	0.0	
24.50889527941328	9.558583057747295	0.0	0.0	
24.81625530577672	10.925181603732184	0.0	0.0	
25.029792003474245	11.716870630660079	0.0	0.0	
25.082882143101358	12.661785681474798	0.0	0.0	
24.93256536453144	13.589000468548395	0.0	0.0	
25.456604553758268	15.468318465305517	0.0	0.0	
24.792894329319676	15.671249917972284	0.0	0.0	
25.381844542375347	17.35465410460822	0.0	0.0	
24.621091748339293	17.580866503683716	0.0	0.0	
25.244011071807762	19.08700439456525	0.0	0.0	
25.231014022486388	19.720932090497556	0.0	0.0	
24.790342547953465	20.69517372983004	0.0	0.0	
24.880172953985067	21.614020600146375	0.0	0.0	
24.884449788206037	23.496377070183723	0.0	0.0	
24.57662042668891	23.676287419265062	0.0	0.0	
24.569306760873896	24.946958255968095	0.0	0.0	
25.267379423669254	26.388029211607385	0.0	0.0	
25.02485654213342	26.63628480991652	0.0	0.0	
25.24663287349448	27.90701826992029	0.0	0.0	
25.47761433176216	28.870125867237334	0.0	0.0	
24.78569932241463	30.369134031799067	0.0	0.0	
24.952613745076594	30.784919808758197	0.0	0.0	
26.12863152653402	0.37733765982773315	0.0	0.0	
25.746726072289874	1.4411178480059568	0.0	0.0	
26.086981051918734	1.781231865351502	0.0	0.0	
25.677047869949483	2.849450434709558	0.0	0.0	
26.294987158277966	3.6064348330523566	0.0	0.0	
26.158542283125975	4.901856340126013	0.0	0.0	
26.13210683010174	5.675918332430853	0.0	0.0	
25.788855214510207	6.535573286128168	0.0	0.0	
26.39924186055913	8.232591422037501	0.0	0.0	
25.98277611317048	9.23510292503491	0.0	0.0	
26.195307430907057	10.330427334994791	0.0	0.0	
26.242298123564773	11.37116917261458	0.0	0.0	
25.736784580687814	12.09147948557755	0.0	0.0	
26.233058729745878	13.33332331866248	0.0	0.0	
25.518347793408658	14.03528701866627	0.0	0.0	
26.499349500544703	15.243823656513785	0.0	0.0	
25.556468926996835	15.75359220929735	0.0	0.0	
26.076879400360202	17.267235610157925	0.0	0.0	
26.253504663136077	18.10562004714212	0.0	0.0	
25.626348979012825	19.133143736223946	0.0	0.0	
26.166679160038363	20.38134037993505	0.0	0.0	
25.703346261112475	20.85498035219403	0.0	0.0	
25.539012769205826	21.88340534249844	0.0	0.0	
25.53816148403172	23.048222651608413	0.0	0.0	
25.69055671377841	24.225163048559672	0.0	0.0	
25.869723669895496	25.33310651701757	0.0	0.0	
26.02309830626451	26.29579349568091	0.0	0.0	
25.678707989962238	27.011573101483144	0.0	0.0	
26.056199365236104	28.211953414419046	0.0	0.0	
25.575499727553957	29.21039097237278	0.0	0.0	
25.568322289158118	29.550770213484796	0.0	0.0	
25.625722368652898	30.77459900268233	0.0	0.0	
27.30485406109936	0.37105118273233717	0.0	0.0	
27.300810486108453	1.2248764771051492	0.0	0.0	
26.62743388419418	2.0460788142124255	0.0	0.0	
27.146796103818456	3.0559754489297455	0.0	0.0	
26.87487204825694	3.698235455315536	0.0	0.0	
27.051275792946125	5.424582705406162	0.0	0.0	
27.37399943024908	6.310277894945793	0.0	0.0	
27.385656969416964	7.087452397493381	0.0	0.0	
27.048814061351035	7.638047036303602	0.0	0.0	
26.668454879012497	8.967150386406484	0.0	0.0	
27.306771241172154	10.005496631098435	0.0	0.0	
26.99888388979506	11.159347357136578	0.0	0.0	
27.012815497521128	12.26727899953626	0.0	0.0	
27.293526650354902	12.506893717255501	0.0	0.0	
27.10610148039849	14.478733075800683	0.0	0.0	
26.686190520143448	14.810165764170895	0.0	0.0	
26.54447947856684	15.567263940134456	0.0	0.0	
26.6315452688315	16.78067750169289	0.0	0.0	
26.99154737867333	18.072105989804772	0.0	0.0	
26.940467814183474	18.83872374214922	0.0	0.0	
26.502762520658816	19.782237981280538	0.0	0.0	
27.11381665178339	21.31792536408699	0.0	0.0	
27.1932105186267	21.960491704082035	0.0	0.0	
26.615709274061317	23.227375765240225	0.0	0.0	
26.515706297503957	24.41471689638291	0.0	0.0	
26.639397102853227	25.062681252375434	0.0	0.0	
27.19026602280713	26.45662164150406	0.0	0.0	
26.75571938745473	26.831448780778395	0.0	0.0	
27.020888671490916	27.68094653081989	0.0	0.0	
27.174311448028902	29.448369271805888	0.0	0.0	
27.233186524807664	29.942893675974517	0.0	0.0	
27.265857644769817	30.627716642340104	0.0	0.0	
27.725815041197986	0.24529197826727267	0.0	0.0	
28.360923575804936	0.8687565650182454	0.0	0.0	
28.290361529648774	2.047028137981901	0.0	0.0	
28.491336669761996	3.427836309568354	0.0	0.0	
28.239628539753483	3.90554873725125	0.0	0.0	
28.03807371696246	5.401317612167821	0.0	0.0	
28.30836513475262	5.6109093264999945	0.0	0.0	
28.443353823238525	6.897870245518128	0.0	0.0	
27.7710681261803	7.663911419568773	0.0	0.0	
28.32557844778832	8.767977173771492	0.0	0.0	
28.132897236519057	10.149527305698784	0.0	0.0	
28.027566846473754	10.515307621277397	0.0	0.0	
27.504463636815885	11.531211599590941	0.0	0.0	
28.338424462205953	12.567543290214894	0.0	0.0	
28.248705192781507	14.457478635384538	0.0	0.0	
27.63388994447968	15.494107085111988	0.0	0.0	
27.782230126748	16.406488672180124	0.0	0.0	
27.670178080056274	17.18155445122732	0.0	0.0	
28.228799779823547	17.63448089781476	0.0	0.0	
28.16165809868765	19.091736044174397	0.0	0.0	
28.247846541182717	19.50192652776546	0.0	0.0	
27.745066844007006	20.718394399773594	0.0	0.0	
28.01119972833198	22.073384477539	0.0	0.0	
28.43550244905296	22.95092876153825	0.0	0.0	
28.480740845343835	23.515571069598277	0.0	0.0	
27.89857644850397	25.23216538338102	0.0	0.0	
28.042016832774078	25.89278272795593	0.0	0.0	
27.831379359797452	27.03900727927823	0.0	0.0	
28.404461225121644	27.930315926224	0.0	0.0	
28.42668505669123	29.286420919164115	0.0	0.0	
28.25431881514204	30.391732714403158	0.0	0.0	
28.382739511265672	30.68954786080168	0.0	0.0	
29.354423679932967	0.2746066675945865	0.0	0.0	
29.432894322606636	1.3688092524180804	0.0	0.0	
28.59422300815475	1.5069954164990085	0.0	0.0	
29.395894097151437	2.6683123372198	0.0	0.0	
29.2844570554961	4.091209536600511	0.0	0.0	
28.903095460411134	5.4954428303550324	0.0	0.0	
29.468019677859996	5.604033221821776	0.0	0.0	
29.230422139462842	6.764790752457128	0.0	0.0	
29.11742602383138	7.5346003751014905	0.0	0.0	
28.988012090786075	9.431387995911983	0.0	0.0	
29.05510866079485	9.863248962083597	0.0	0.0	
28.572157697585883	11.059180021677426	0.0	0.0	
29.348021698691607	12.36305408090542	0.0	0.0	
29.29412378458302	13.451078134477187	0.0	0.0	
28.65704464087588	13.842075311677	0.0	0.0	
29.191173450372307	14.906219102496852	0.0	0.0	
28.60401067693664	16.417567847512135	0.0	0.0	
28.53229375700825	16.832249725128403	0.0	0.0	
29.227138282523132	18.216377412342617	0.0	0.0	
29.34993695671476	18.749868110722005	0.0	0.0	
29.363046398405903	20.02506655725432	0.0	0.0	
28.982222210964448	20.66581177122234	0.0	0.0	
29.480560279916485	21.679923494239272	0.0	0.0	
29.063055070201568	23.233591045496215	0.0	0.0	
28.6746206518431	24.09975117767301	0.0	0.0	
28.937454804769736	24.892978249162475	0.0	0.0	
29.308327038859904	26.35574951235618	0.0	0.0	
28.801933909486657	27.103928997843376	0.0	0.0	
28.858257854521717	27.963157439910997	0.0	0.0	
29.23598812256065	28.558021632773453	0.0	0.0	
28.76687960398787	29.601196466032007	0.0	0.0	
29.03939558858089	30.62703268108376	0.0	0.0	
30.02273058847735	0.020674215240437777	0.0	0.0	
29.57903566981862	1.4740629951035302	0.0	0.0	
30.017920801188104	2.1992488986470096	0.0	0.0	
30.47094187197816	3.2021135952029427	0.0	0.0	
29.69471478919583	3.87311850727817	0.0	0.0	
30.164311353025248	4.773854976781949	0.0	0.0	
29.526906015109304	6.494585818028612	0.0	0.0	
29.62026082866905	6.8425539420135015	0.0	0.0	
30.02452684120323	8.48116122372538	0.0	0.0	
29.565118397442635	9.079998280669297	0.0	0.0	
29.541562304201353	9.674709203470751	0.0	0.0	
30.177589047322495	11.49089901251018	0.0	0.0	
30.491504281105026	11.673984993743094	0.0	0.0	
29.740687772878566	13.018093342284043	0.0	0.0	
30.419435681482117	13.955252814932496	0.0	0.0	
30.165393256482343	15.311957045907182	0.0	0.0	
29.576921882337267	16.448553178898084	0.0	0.0	
29.730972237095266	16.732762673405404	0.0	0.0	
30.266031585412485	17.54263331971929	0.0	0.0	
30.271048257355584	18.533520713024654	0.0	0.0	
29.848944455432783	20.429625318758777	0.0	0.0	
30.424883564135662	21.340090450779357	0.0	0.0	
30.227117954623196	22.350664479687495	0.0	0.0	
29.956886842927478	23.40878096038488	0.0	0.0	
29.538862660440312	24.280556008779868	0.0	0.0	
29.565623445388713	24.946241428032565	0.0	0.0	
29.897607894310294	26.466772570316696	0.0	0.0	
30.49943188273795	26.71710154477174	0.0	0.0	
30.22174461513593	28.298149944131996	0.0	0.0	
29.7058208446758	29.18452151005073	0.0	0.0	
30.200783995069724	29.86379384925204	0.0	0.0	
30.110566021865196	30.68606737587921	0.0	0.0	
31.397160960584504	0.21362998368485253	0.0	0.0	
30.869128406301567	1.256191736336799	0.0	0.0	
31.113791959722313	2.1624521809628336	0.0	0.0	
31.46581433397766	2.8516453823573045	0.0	0.0	
30.782749816299315	3.7361883086166303	0.0	0.0	
31.322161442133538	4.524000627270508	0.0	0.0	
31.06331430417562	6.073871802509482	0.0	0.0	
31.45198083679164	6.726864238031231	0.0	0.0	
31.184224770273392	8.389452486781284	0.0	0.0	
31.20103249832507	9.343946067083056	0.0	0.0	
31.235043900736024	10.072879701820337	0.0	0.0	
31.465621866690217	11.197171741373381	0.0	0.0	
31.494141342003985	11.693972938818918	0.0	0.0	
30.974619231452042	13.33308508448445	0.0	0.0	
30.824981172684744	13.62446387946399	0.0	0.0	
30.752470761985006	15.185078892537504	0.0	0.0	
31.230040876584074	15.588179125190422	0.0	0.0	
30.580054494965403	17.222024111398376	0.0	0.0	
30.84276097392509	17.531624019958528	0.0	0.0	
31.08636726654678	19.065964481239373	0.0	0.0	
30.77451466616533	20.394067624959824	0.0	0.0	
30.560709606422904	20.85518943668891	0.0	0.0	
31.212924214551144	22.497692680207173	0.0	0.0	
31.18235320613145	23.22867423687373	0.0	0.0	
30.853134843888345	23.61674833481038	0.0	0.0	
30.81836039744185	25.15019243387588	0.0	0.0	
31.359299147553287	25.510720542357067	0.0	0.0	
31.379617018113738	26.67921072642666	0.0	0.0	
31.31311807575105	28.06348037174219	0.0	0.0	
30.65724386912152	29.30779730344522	0.0	0.0	
31.107160873207853	30.451705167654882	0.0	0.0	
31.192604559001374	31.439310831707367	0.0	0.0	
