2
32.0	0.0	0.0	0.0	
0.0	32.0	0.0	0.0	
0.1099942875579335	0.12340743642643803	0.0	0.0	
0.3238878172475592	1.1901086423143874	0.0	0.0	
0.3948338470825735	1.8992631316951096	0.0	0.0	
0.345581925514833	2.640787143005232	0.0	0.0	
0.21865508720167626	3.5631083613024233	0.0	0.0	
0.4576395604618676	5.302224644423307	0.0	0.0	
0.37185323366464373	5.788816096325427	0.0	0.0	
0.389940430453397	7.090812611474797	0.0	0.0	
0.2562420373809884	8.31280301555927	0.0	0.0	
0.12454496211572019	9.432682178258542	0.0	0.0	
0.43492957561209733	10.028465579508412	0.0	0.0	
0.2050964337557134	11.210812145177659	0.0	0.0	
0.17358107743661721	11.71668039778872	0.0	0.0	
0.3327399513650332	13.31688619728971	0.0	0.0	
0.41692809650059637	14.34657904573113	0.0	0.0	
0.2097940370502237	15.284459527231819	0.0	0.0	
0.044693301835796784	16.2008479320803	0.0	0.0	
0.048134167429737196	17.387615456889844	0.0	0.0	
0.13485248634814662	17.85517360289114	0.0	0.0	
0.0035803743327762483	18.891544199290184	0.0	0.0	
0.2376881120359413	20.153200085035806	0.0	0.0	
0.27771583723097437	20.73378936221741	0.0	0.0	
0.09575255941003136	22.419814407804928	0.0	0.0	
0.07134425774887299	22.70182373655439	0.0	0.0	
0.0702600145662664	24.322213745230922	0.0	0.0	
0.26814886526824244	25.01394295748397	0.0	0.0	
0.4373727447870819	26.134574451053382	0.0	0.0	
0.02736955479928116	26.93393087159967	0.0	0.0	
0.22615553900834917	28.121151618107895	0.0	0.0	
0.38909229213455254	29.47861475435608	0.0	0.0	
0.16267303074801254	30.328187922637447	0.0	0.0	
0.374107849334265	31.20318320484909	0.0	0.0	
1.2456845854182053	0.14939741876377144	0.0	0.0	
1.393545577472629	0.623017771539838	0.0	0.0	
0.7642997013595364	1.5337084393651903	0.0	0.0	
1.0388820723090766	3.2819520353588083	0.0	0.0	
1.4130540428808036	4.153706220001174	0.0	0.0	
0.6148149649880847	4.637905994892557	0.0	0.0	
0.6954994675423185	5.9946179577701395	0.0	0.0	
0.971349846307207	6.969485234974895	0.0	0.0	
1.201788982475815	7.889535473654524	0.0	0.0	
0.8661374773483406	8.627359328576535	0.0	0.0	
1.2944157092349142	9.680958241957326	0.0	0.0	
0.7267783319812458	10.674971371560778	0.0	0.0	
0.6732927160536486	12.315497198979072	0.0	0.0	
0.8785842169490592	12.512661540457763	0.0	0.0	
1.1012647171254137	14.122603668943505	0.0	0.0	
1.1638597441187244	14.904967708276367	0.0	0.0	
0.931735883059763	16.16314896516213	0.0	0.0	
1.2071186492502024	17.46355850543019	0.0	0.0	
1.4128260337190017	18.47615521397028	0.0	0.0	
0.9456328038145636	18.656123146839786	0.0	0.0	
1.398052675787196	20.290102539651137	0.0	0.0	
0.9643893745203077	21.18875466306665	0.0	0.0	
1.3566146694125854	22.12143832286617	0.0	0.0	
1.0980685706409463	22.72672081872288	0.0	0.0	
1.459344942934703	23.548617124819295	0.0	0.0	
0.6508823541713807	24.62989910466039	0.0	0.0	
1.1964731941556226	26.27209440007618	0.0	0.0	
1.056809930532348	26.900935842809485	0.0	0.0	
0.5427903187880326	27.764968359601873	0.0	0.0	
1.401873723491489	29.065283951378483	0.0	0.0	
1.2381370627784167	30.10419093266493	0.0	0.0	
1.341361063064113	31.310795678362886	0.0	0.0	
1.7279850764791265	0.47515784772297653	0.0	0.0	
1.6544943578284275	0.9880438054833711	0.0	0.0	
2.352636600887789	2.404437930053092	0.0	0.0	
2.4657875440068535	3.1539169286830546	0.0	0.0	
2.0785781830367283	4.061963205392713	0.0	0.0	
2.444414382964369	4.812432531949279	0.0	0.0	
1.635212320355838	6.373758346201206	0.0	0.0	
2.13738525758532	7.440404839659851	0.0	0.0	
2.432187763913185	7.8062498832252345	0.0	0.0	
1.628852770912764	8.599737339724168	0.0	0.0	
1.6783111609441828	9.696709231698055	0.0	0.0	
1.60387129424831	10.948236071289854	0.0	0.0	
2.093026173188491	12.413551413581564	0.0	0.0	
1.7301391061868021	12.860179232158952	0.0	0.0	
2.455599090412232	13.660830846451194	0.0	0.0	
2.408610934380136	15.178740607170464	0.0	0.0	
2.36694649463285	15.621312223012623	0.0	0.0	
1.6923954576922569	16.669180204033957	0.0	0.0	
1.8585402306054446	17.663767806615606	0.0	0.0	
2.2283229759291383	18.523547349518566	0.0	0.0	
1.7203339688985153	19.819229536869262	0.0	0.0	
2.1416725300531803	20.81966794377739	0.0	0.0	
1.9615934950488176	22.065241892449137	0.0	0.0	
2.370654673299806	23.174944764151725	0.0	0.0	
1.5488489941736283	23.881601630179325	0.0	0.0	
1.6895111114398538	25.48971628271652	0.0	0.0	
2.1305546578553143	25.91522971282048	0.0	0.0	
1.8332936103435347	27.12741793732353	0.0	0.0	
1.666679338883076	27.554989320501196	0.0	0.0	
2.3876234330590997	28.507649071345416	0.0	0.0	
1.5890399724144164	30.19557667787436	0.0	0.0	
1.7111811404021722	30.586705649236254	0.0	0.0	
2.9849506641680454	0.0025079711987754383	0.0	0.0	
3.4265151999277195	0.665471710648402	0.0	0.0	
2.770520883198697	1.8718096687378056	0.0	0.0	
2.82860829449829	3.4389839126880357	0.0	0.0	
2.9642092147068864	4.187264288075876	0.0	0.0	
3.3007762794046505	4.8153222213637825	0.0	0.0	
3.1571229673420502	5.948446033351095	0.0	0.0	
3.443427135657492	7.423993619143801	0.0	0.0	
2.99861794809423	7.608349159314052	0.0	0.0	
3.0062982325259777	9.32799908680589	0.0	0.0	
2.930576486493383	10.184102571082283	0.0	0.0	
2.5702537636991645	11.136369437971346	0.0	0.0	
2.9488995278227903	11.789680740039843	0.0	0.0	
3.4291127551171954	13.337309132046702	0.0	0.0	
2.8635709273378596	13.569006228433105	0.0	0.0	
2.9583769948278817	15.492264420373541	0.0	0.0	
2.510972731168654	15.661367014544387	0.0	0.0	
3.4241090020562517	16.880379582146738	0.0	0.0	
2.5858482402504173	17.856023859330776	0.0	0.0	
2.832958149702594	19.305631463236345	0.0	0.0	
2.764538815536619	20.461648113682187	0.0	0.0	
3.196464518597932	21.407687804652358	0.0	0.0	
2.9319394372180403	21.663477534354836	0.0	0.0	
2.7150325932877606	23.40201787207147	0.0	0.0	
2.531670113874859	24.112505475030837	0.0	0.0	
3.2099883233778814	24.500701292544704	0.0	0.0	
2.6135242528525966	25.59026662593936	0.0	0.0	
3.4424048906876012	27.109382692784486	0.0	0.0	
2.9001689867256633	28.215753182543864	0.0	0.0	
2.5089689819056584	28.92025768363494	0.0	0.0	
2.729162566316413	30.16704221266467	0.0	0.0	
3.081212847399703	31.467531757608587	0.0	0.0	
3.565295484504064	0.1402453784443145	0.0	0.0	
4.141351409006996	1.3786878344438418	0.0	0.0	
4.437634600272972	2.491994047589314	0.0	0.0	
3.6475762969364105	2.8179132772670763	0.0	0.0	
3.6721645635078937	3.9438203722753205	0.0	0.0	
3.8148022556181043	5.468483038615377	0.0	0.0	
3.729669672553936	6.137488087156401	0.0	0.0	
4.4203306414668075	7.440036524594096	0.0	0.0	
4.088522148967951	8.445418642057573	0.0	0.0	
3.9752154157409283	9.017350997226554	0.0	0.0	
3.576131991053363	10.049000498056518	0.0	0.0	
4.332227964530198	10.640716046901948	0.0	0.0	
4.144329476092515	12.468587793890398	0.0	0.0	
3.790806928253737	12.778068481548841	0.0	0.0	
3.793958132165909	14.155557856858174	0.0	0.0	
3.8605535701293854	14.775850877184746	0.0	0.0	
4.290037201128755	16.49057230178075	0.0	0.0	
4.401792818068561	16.69922525021071	0.0	0.0	
3.8239210400752652	17.94764071898869	0.0	0.0	
3.714862533236087	18.757714060588356	0.0	0.0	
4.136166351757145	20.465904662370427	0.0	0.0	
4.278632965333501	21.288635625571768	0.0	0.0	
4.425390477256405	21.684340783508535	0.0	0.0	
4.393298423503999	23.021085197463563	0.0	0.0	
3.8683073998866706	24.47101326435804	0.0	0.0	
3.7294394131238704	25.082524278476825	0.0	0.0	
4.3546092927039	26.040396964481655	0.0	0.0	
4.458443705608003	26.979075871132885	0.0	0.0	
4.061662105128104	28.354502571619495	0.0	0.0	
4.2159633441457744	29.08678849893145	0.0	0.0	
4.434312031995432	29.594818873036942	0.0	0.0	
4.074465159362067	31.05562954343152	0.0	0.0	
4.602977151825346	0.42734514589649064	0.0	0.0	
4.524497723612739	1.2214961279633259	0.0	0.0	
5.03087809294657	2.30663744404886	0.0	0.0	
4.738809862580554	3.453561233676659	0.0	0.0	
5.378195577604373	4.384482017691866	0.0	0.0	
5.092447297915201	5.124893772748062	0.0	0.0	
4.613214753027016	6.403963783756958	0.0	0.0	
5.190852826754303	7.066182210463008	0.0	0.0	
5.034623877377861	7.7959368682087815	0.0	0.0	
5.36899039985541	8.582728141852083	0.0	0.0	
5.038254537889824	10.180872838348744	0.0	0.0	
4.8300500580126355	11.483226934810165	0.0	0.0	
5.00520333177896	12.196391885407966	0.0	0.0	
5.059068949827075	12.94215789539205	0.0	0.0	
5.345257017830864	13.655771640484975	0.0	0.0	
4.53441354438626	14.601315403561745	0.0	0.0	
5.063668140136064	15.988106378668956	0.0	0.0	
4.714602482645454	16.530696061054414	0.0	0.0	
4.783947794062938	17.65872923954703	0.0	0.0	
4.810016240269877	18.726342786256772	0.0	0.0	
5.129765591098989	20.125217749844644	0.0	0.0	
4.570403853843882	21.44895682474319	0.0	0.0	
5.154520921543898	21.99448646531575	0.0	0.0	
4.646141790998709	23.419546231677373	0.0	0.0	
4.574425215071139	23.673813089013994	0.0	0.0	
4.833142839426691	25.498325884506944	0.0	0.0	
5.3240483148117095	26.430275401316823	0.0	0.0	
4.540164794443982	27.259703591757305	0.0	0.0	
5.2242891192364445	27.787139611006015	0.0	0.0	
4.799461354456842	28.949175741308956	0.0	0.0	
4.741073838997127	29.600170212000684	0.0	0.0	
5.379627498271162	31.254128799609717	0.0	0.0	
5.761542634082031	0.2299291115738038	0.0	0.0	
6.048118554587279	0.8148939161818046	0.0	0.0	
5.602926236927156	1.8205319602828218	0.0	0.0	
5.570165164050872	2.599594683138251	0.0	0.0	
6.100210493917246	3.9731545195636966	0.0	0.0	
5.615582186952783	5.462026616600318	0.0	0.0	
6.171191619108323	6.152820033391959	0.0	0.0	
5.734086445789362	7.181396752917797	0.0	0.0	
6.164291364891055	8.486847710350593	0.0	0.0	
6.114223352860489	9.459030932810927	0.0	0.0	
6.3011217414735645	9.593729722044285	0.0	0.0	
6.404790375829847	10.928717758408707	0.0	0.0	
6.178048820048751	12.256478550647158	0.0	0.0	
5.839843371748159	13.025730636924841	0.0	0.0	
5.628944213093434	13.81139544693228	0.0	0.0	
5.852870467278774	15.049321630802478	0.0	0.0	
5.835812058497392	16.34258245356298	0.0	0.0	
6.3891909050662505	16.64457574859151	0.0	0.0	
5.963086349548498	18.380604657538047	0.0	0.0	
5.784601926032282	18.74033824504826	0.0	0.0	
5.625502431703013	19.940215119286655	0.0	0.0	
5.805037634618396	21.276288402988936	0.0	0.0	
6.206891550875946	22.291884576147606	0.0	0.0	
6.176078624633976	22.96167412920055	0.0	0.0	
5.943561653929965	24.167639266577396	0.0	0.0	
6.244575594121169	25.371018867973877	0.0	0.0	
5.993127558431025	25.696111234900023	0.0	0.0	
6.4130982089442	26.660054016541395	0.0	0.0	
6.279359130810557	27.689656614882114	0.0	0.0	
5.569394979676977	28.735149311764697	0.0	0.0	
5.734311157829559	29.748184092464847	0.0	0.0	
5.782393616828083	30.58233598442741	0.0	0.0	
6.854685642853323	0.3700649241139098	0.0	0.0	
7.158029785515181	1.2995403985510543	0.0	0.0	
7.423761226741103	2.28389003294024	0.0	0.0	
7.275920535126274	3.2550372547988076	0.0	0.0	
7.177944925370916	3.6838239934675236	0.0	0.0	
7.340902168070753	5.257021142180112	0.0	0.0	
6.691307982380545	5.959628114091881	0.0	0.0	
7.228144449086121	6.625673546470154	0.0	0.0	
6.7313627438237384	7.597687633773623	0.0	0.0	
7.077574563043216	8.992543916150758	0.0	0.0	
7.247794662928743	10.325637055378488	0.0	0.0	
6.5598732833930615	11.181774196836448	0.0	0.0	
6.745944887065265	11.825794275468875	0.0	0.0	
6.520679000792832	12.772369459459885	0.0	0.0	
7.006983863605541	14.168352984662107	0.0	0.0	
6.604513910762611	15.28245288074305	0.0	0.0	
6.517343897971836	15.725543008183022	0.0	0.0	
7.335626814920255	17.26882801561916	0.0	0.0	
6.98365237447977	17.609140875335648	0.0	0.0	
6.960600786262414	18.71480302128656	0.0	0.0	
7.061944552420677	20.372199178359114	0.0	0.0	
6.715832868768779	20.50046689806835	0.0	0.0	
6.964308498772663	21.671808580055647	0.0	0.0	
6.797223535655355	22.869273571778614	0.0	0.0	
6.97880445550137	24.39834735569084	0.0	0.0	
7.080794129267032	25.264720325736295	0.0	0.0	
7.121377497779766	26.357110558804116	0.0	0.0	
6.829155701449699	27.051791802027537	0.0	0.0	
7.462843728349627	27.550153631734883	0.0	0.0	
6.7243814685878665	28.630235327510423	0.0	0.0	
7.160088115257404	29.72289767780416	0.0	0.0	
7.107922504120781	31.107839068053917	0.0	0.0	
7.754764840358312	0.16910686018010412	0.0	0.0	
7.82567295008756	1.4518695544782458	0.0	0.0	
8.102503138431304	2.464918708726791	0.0	0.0	
7.686329427842395	2.881006729732681	0.0	0.0	
7.913744026490534	4.07917445053318	0.0	0.0	
8.360115457907467	5.030749309303504	0.0	0.0	
7.787008266033649	6.487631282333449	0.0	0.0	
7.993119899884011	7.411750461317997	0.0	0.0	
8.321289503501832	7.80824939855823	0.0	0.0	
7.953844520738261	8.7401844357642	0.0	0.0	
7.899691244275798	10.044947277631902	0.0	0.0	
8.319753095112171	11.2058801319433	0.0	0.0	
8.11016533554767	11.987327697234656	0.0	0.0	
7.7631840525279685	13.465121666076861	0.0	0.0	
7.918066698784447	14.415300897322142	0.0	0.0	
8.289552385944381	15.263000426042357	0.0	0.0	
8.027001779234576	16.449493420969162	0.0	0.0	
8.12473351142675	16.94667086080918	0.0	0.0	
7.509908617438713	18.2974654431771	0.0	0.0	
7.746265227386713	18.90732903301226	0.0	0.0	
8.134930826678476	20.48105427306312	0.0	0.0	
7.563442654188422	20.884604015956857	0.0	0.0	
7.854408320544063	22.018465533694293	0.0	0.0	
7.882797885842871	23.340476347598347	0.0	0.0	
8.026255102584603	23.98247901649639	0.0	0.0	
7.805002345228103	25.291958175399603	0.0	0.0	
7.592900664821342	25.9752565463804	0.0	0.0	
7.894914259205631	26.769604330561705	0.0	0.0	
8.019116830387032	27.62255701022356	0.0	0.0	
7.67575345580979	29.334063902814	0.0	0.0	
7.908882078988567	30.22261669815435	0.0	0.0	
8.325970956076821	30.993817914971217	0.0	0.0	
9.206811123191992	0.44868617978371117	0.0	0.0	
9.430724640222884	1.3754757776573112	0.0	0.0	
8.903656350833694	1.9239775237822783	0.0	0.0	
8.933750273118267	3.1503120641273914	0.0	0.0	
9.102318639355039	4.409986976177439	0.0	0.0	
8.502215953691662	4.779647242262317	0.0	0.0	
8.502736831203551	5.857136107027094	0.0	0.0	
8.86433164936464	6.535294622013166	0.0	0.0	
9.195539298174506	7.784820660039778	0.0	0.0	
9.017514023025557	8.99994017334444	0.0	0.0	
9.209891224479122	10.25391005138168	0.0	0.0	
9.026443430991721	10.933535974030395	0.0	0.0	
9.461124164704263	11.528149368766217	0.0	0.0	
9.284108607868335	13.402865332246892	0.0	0.0	
8.839593712589771	13.571256298439089	0.0	0.0	
9.094868066798714	15.39934662572196	0.0	0.0	
8.667855526353547	15.66304929323235	0.0	0.0	
9.408173118319738	17.014586264351358	0.0	0.0	
9.238663379717638	17.586221248777104	0.0	0.0	
9.48110529512224	19.18773961170935	0.0	0.0	
9.124883050056344	20.31568031064005	0.0	0.0	
9.449436871455632	20.661109965518555	0.0	0.0	
8.919440767872475	21.664702147317698	0.0	0.0	
9.14245926557621	23.061418343676767	0.0	0.0	
8.80571630194676	24.427066988103988	0.0	0.0	
8.617245151740615	24.82362166573483	0.0	0.0	
9.345688989491839	26.449312554297585	0.0	0.0	
9.101177125432361	27.1240095284996	0.0	0.0	
9.184286808501422	28.491728223158102	0.0	0.0	
9.306265176664386	28.796310966968786	0.0	0.0	
8.631508484747398	29.68146832568021	0.0	0.0	
9.068332830853093	30.89899825911535	0.0	0.0	
9.936404889102926	0.26774257289286785	0.0	0.0	
9.789053791126195	0.5239936227925124	0.0	0.0	
10.027257826851	1.5174890145293212	0.0	0.0	
10.479594996671334	3.1839391740495433	0.0	0.0	
9.780051298364704	3.528794675049319	0.0	0.0	
10.45683638681764	5.219744570644659	0.0	0.0	
9.699682466206745	5.8649849806304655	0.0	0.0	
10.154610952526289	7.006340401002472	0.0	0.0	
10.345443842894019	7.504235180660146	0.0	0.0	
9.930060574891822	8.705669804988869	0.0	0.0	
9.987445064316379	9.979474167096372	0.0	0.0	
10.450677473160145	10.839222996765137	0.0	0.0	
10.460986320795918	12.27297152900011	0.0	0.0	
9.532313885664143	13.318633906921928	0.0	0.0	
10.084893578534464	14.395642572613157	0.0	0.0	
9.976144403134137	14.693619868198365	0.0	0.0	
9.520307293071733	16.09166511580741	0.0	0.0	
9.852142841846966	16.711906125601175	0.0	0.0	
10.263501161301074	18.460958395401367	0.0	0.0	
10.31844242422252	19.186782489005804	0.0	0.0	
9.80915635518175	19.89735633937294	0.0	0.0	
10.304317590938684	20.72918213573989	0.0	0.0	
9.951450842957508	22.457094243105878	0.0	0.0	
9.642433046577908	22.955254608616826	0.0	0.0	
9.631172307905254	23.682045974442552	0.0	0.0	
10.409622783210544	25.349448201177978	0.0	0.0	
9.59118004057279	26.149783671489736	0.0	0.0	
9.962127804509691	26.544900957695038	0.0	0.0	
9.79920650678938	27.666368842743747	0.0	0.0	
9.890679266239541	29.092708826563488	0.0	0.0	
10.222269197155965	29.829016044505995	0.0	0.0	
10.33666464327636	30.997693333143403	0.0	0.0	
11.171628597920725	0.036857883150379966	0.0	0.0	
11.187509713336704	0.9885065239902099	0.0	0.0	
10.99083656806479	2.4037727023913833	0.0	0.0	
11.338520947188872	2.567719519864231	0.0	0.0	
11.105947443208631	4.063345658840483	0.0	0.0	
11.364372730116141	4.8054833742625025	0.0	0.0	
11.023740541480562	5.536799335450899	0.0	0.0	
11.465066167046158	6.622488771741016	0.0	0.0	
11.342244502179113	7.745120607083623	0.0	0.0	
10.80747739192465	8.903256853578474	0.0	0.0	
11.208131027882889	10.056866846221423	0.0	0.0	
10.89498829920872	10.598633406093724	0.0	0.0	
10.99438050608569	11.642991721717186	0.0	0.0	
10.923592642766328	13.332896062220902	0.0	0.0	
11.425537677923455	14.25148992308233	0.0	0.0	
10.51129642989567	14.71531396544228	0.0	0.0	
11.102611361545787	15.735205132939594	0.0	0.0	
10.819189912808776	17.114122648435462	0.0	0.0	
11.015588942070023	17.652699471739357	0.0	0.0	
10.71934838218525	18.955673244083687	0.0	0.0	
10.834672993818232	20.159838115741543	0.0	0.0	
11.004414604672045	20.93188883767508	0.0	0.0	
11.2121061442258	21.50984094041754	0.0	0.0	
11.142000918236924	22.825496752071565	0.0	0.0	
10.956738583206937	23.60757424119252	0.0	0.0	
11.136955063210268	24.60921753510678	0.0	0.0	
11.087642818812546	26.48602170483697	0.0	0.0	
11.346730197538736	26.8304840133863	0.0	0.0	
10.88016478646774	27.58175242707688	0.0	0.0	
11.170165784586441	28.560572095546377	0.0	0.0	
11.480629335327352	30.302414485655994	0.0	0.0	
10.587453467407974	30.863729344263103	0.0	0.0	
11.532521692643444	0.28990580634974783	0.0	0.0	
12.237044993064627	1.1894102119364063	0.0	0.0	
11.655919668581705	1.657262847076277	0.0	0.0	
12.28938712656905	3.0840238770525628	0.0	0.0	
11.53201950550799	3.582602765286915	0.0	0.0	
12.43574062245762	4.522357085588219	0.0	0.0	
12.467861592702901	6.317524690435724	0.0	0.0	
11.71291765942806	6.580209500902598	0.0	0.0	
11.557142027862639	8.056443242017082	0.0	0.0	
12.3163674246006	9.462331839120031	0.0	0.0	
11.629997276034038	9.728586398943476	0.0	0.0	
12.496534183537834	11.08870415294298	0.0	0.0	
12.197164343310527	11.909467797115342	0.0	0.0	
12.253143881026853	12.69817482694081	0.0	0.0	
11.945980855827418	13.75793351384786	0.0	0.0	
11.69814007759498	14.565721619062701	0.0	0.0	
11.795595190634106	15.906563068312002	0.0	0.0	
12.15549053842955	16.966937997140406	0.0	0.0	
12.244050143370387	18.02872493050038	0.0	0.0	
11.748387616043152	18.744046781247665	0.0	0.0	
11.888148609567729	19.775426591587145	0.0	0.0	
12.148899495505088	21.412430806698985	0.0	0.0	
12.043505911669843	21.512383670958243	0.0	0.0	
11.8397470960293	22.99832839716273	0.0	0.0	
11.842783668346218	23.672712077476753	0.0	0.0	
12.46505639136454	25.381362437166295	0.0	0.0	
12.4061825483992	26.177264981444342	0.0	0.0	
12.162298956824495	26.54284079960082	0.0	0.0	
11.783217296343706	28.153985116471343	0.0	0.0	
11.553570998174457	28.7631503983174	0.0	0.0	
12.411997494659254	30.174465452486924	0.0	0.0	
12.482599250879316	31.20687068091002	0.0	0.0	
12.56870877108911	0.17388529934457397	0.0	0.0	
13.338194736647518	0.8482906489366658	0.0	0.0	
12.782795537825036	1.6033309391923967	0.0	0.0	
13.02985726675208	3.061616058019173	0.0	0.0	
12.63618305203815	3.772511721505351	0.0	0.0	
13.346639022583554	5.2174247967466165	0.0	0.0	
13.497728850981197	5.5338882387499515	0.0	0.0	
12.637676979440155	7.031133439580875	0.0	0.0	
13.49002889562913	7.883920617348639	0.0	0.0	
13.441248946523032	8.770404786155384	0.0	0.0	
13.153451239399896	10.251339050962056	0.0	0.0	
13.141522338607777	10.564092418191503	0.0	0.0	
12.889559273392036	12.17904277797246	0.0	0.0	
12.914663846460273	12.874923116732084	0.0	0.0	
13.267217329268444	14.243941824812111	0.0	0.0	
13.208845045149598	14.685465324211119	0.0	0.0	
12.925689512856291	16.062430139312315	0.0	0.0	
12.937580742762815	17.369014309798573	0.0	0.0	
13.278513599048418	18.401197084375816	0.0	0.0	
12.943502341238661	18.6698704183499	0.0	0.0	
13.016260828181128	19.722804140375345	0.0	0.0	
13.072729634663464	20.78645238811809	0.0	0.0	
13.322817683827544	22.036791031122235	0.0	0.0	
13.352389379100154	23.373639608784163	0.0	0.0	
12.555472398452197	24.480364712445912	0.0	0.0	
12.566528977805143	24.81559757661434	0.0	0.0	
13.441622854364086	26.18180666664903	0.0	0.0	
13.122064064259213	27.083533525806732	0.0	0.0	
13.206343203925693	28.332831639660192	0.0	0.0	
13.2962418727152	29.004381172073213	0.0	0.0	
12.784306679292136	29.995598562713592	0.0	0.0	
12.871907416747955	31.450589320416306	0.0	0.0	
13.59323586233507	0.2536370963041289	0.0	0.0	
14.394325034392173	0.7107431779776318	0.0	0.0	
14.42352828800885	1.5677181686883896	0.0	0.0	
14.011923321654033	3.0094175434945543	0.0	0.0	
14.230110347771655	3.945432648428749	0.0	0.0	
13.959125525821328	4.84635076919963	0.0	0.0	
14.101012226944382	6.34359110219035	0.0	0.0	
14.223648125014428	7.34111858506931	0.0	0.0	
14.361506750575938	8.221000419169645	0.0	0.0	
14.01803853694728	9.188459862466512	0.0	0.0	
13.921930458836663	9.547473866539406	0.0	0.0	
14.223913037151881	10.84990654409727	0.0	0.0	
14.171643549467456	12.144267891522157	0.0	0.0	
14.233743029980632	13.1124707255608	0.0	0.0	
13.757226362735059	13.567193048028374	0.0	0.0	
14.053267070080377	15.092272623777195	0.0	0.0	
13.531497037323497	16.130795791635705	0.0	0.0	
14.324194210521489	16.71088564492257	0.0	0.0	
13.521410243979563	17.69654342139048	0.0	0.0	
13.89276463913663	18.75779318789348	0.0	0.0	
14.419453954397392	19.803720487283517	0.0	0.0	
13.934668320869973	21.31833059040203	0.0	0.0	
13.826629842740916	22.287739746022552	0.0	0.0	
13.830147167499145	22.95840087672708	0.0	0.0	
13.859932778769819	23.881355221377195	0.0	0.0	
14.072134112088452	24.52959986206047	0.0	0.0	
13.776628138049457	25.80392436438587	0.0	0.0	
14.29482800757379	26.981482840132152	0.0	0.0	
13.68856410829504	28.351133448940825	0.0	0.0	
14.228576592537712	28.88470580105671	0.0	0.0	
13.556118209452894	29.749174316515415	0.0	0.0	
14.382594221867688	31.44094855150123	0.0	0.0	
14.977309656435718	0.0021434157895648953	0.0	0.0	
14.794630423820632	0.9662453203920903	0.0	0.0	
14.517998189667635	1.8191370567034135	0.0	0.0	
15.25715710932751	3.097170813546626	0.0	0.0	
14.94110440316497	4.17792953833393	0.0	0.0	
15.475660494208753	4.888409203326983	0.0	0.0	
14.703619503787662	5.957564602142587	0.0	0.0	
14.878089294119636	6.543305474326788	0.0	0.0	
15.350241760345114	7.934334355646522	0.0	0.0	
14.500896004755202	9.209492947035141	0.0	0.0	
14.782115441333255	10.163076570687684	0.0	0.0	
14.600763261365579	10.827636413039524	0.0	0.0	
14.730767719592215	12.162672878502766	0.0	0.0	
15.438690830539878	12.508946834979074	0.0	0.0	
15.18781122979319	13.667845064511315	0.0	0.0	
15.175183906358384	15.019846687377495	0.0	0.0	
14.64262296749546	16.129101452884754	0.0	0.0	
14.734994476826387	16.573858854744802	0.0	0.0	
14.78729038056878	18.31571546545775	0.0	0.0	
14.779288829685406	19.41086158726284	0.0	0.0	
14.557129981814185	19.992445361713973	0.0	0.0	
14.997790899467931	20.510149073164985	0.0	0.0	
14.527444419080235	22.368093657690714	0.0	0.0	
15.012964970256862	23.125615217238	0.0	0.0	
14.698874639169887	23.754445682795133	0.0	0.0	
15.447354809689726	25.450518534362452	0.0	0.0	
14.664947328884935	25.69024026488299	0.0	0.0	
14.971413478280146	26.887279523412452	0.0	0.0	
14.700286980938918	28.268214561058826	0.0	0.0	
15.245496225344102	28.637443340392803	0.0	0.0	
15.423412855885713	29.550039876097035	0.0	0.0	
15.399477548098602	31.220414294428434	0.0	0.0	
15.586809251193182	0.3324320912053398	0.0	0.0	
16.23769788662569	0.918467188802367	0.0	0.0	
16.239671119071645	2.164632952466368	0.0	0.0	
15.981474966585457	3.4966957844243463	0.0	0.0	
16.322028763564106	4.493928089841704	0.0	0.0	
16.1886440918374	5.476056810723028	0.0	0.0	
15.989513157637425	5.885101651678255	0.0	0.0	
16.410112004572596	6.938723069441546	0.0	0.0	
16.004625542178896	7.561427223308388	0.0	0.0	
16.271761590538343	8.56877940955719	0.0	0.0	
16.058772620587238	9.553214307882289	0.0	0.0	
15.841170360290281	10.92165898501256	0.0	0.0	
15.69732636186079	12.207932578908695	0.0	0.0	
15.747856001139162	12.520142514307384	0.0	0.0	
16.162440681221025	13.644299640199863	0.0	0.0	
16.071798618087474	14.88816519265937	0.0	0.0	
16.30418176863207	15.678620734667543	0.0	0.0	
16.473742993549063	16.971020128241808	0.0	0.0	
15.972038892853892	18.46997984587945	0.0	0.0	
15.855881682353846	18.93232151444244	0.0	0.0	
15.506637301325831	20.140224831400005	0.0	0.0	
16.041759305948965	21.15482952931411	0.0	0.0	
15.784670323945393	22.393187924991807	0.0	0.0	
15.86373483203667	23.333897424839435	0.0	0.0	
15.694192519250178	24.453709865736187	0.0	0.0	
16.237372700620735	24.915101082128743	0.0	0.0	
15.894055120862193	25.86377677162046	0.0	0.0	
15.593653470076713	26.597806520249016	0.0	0.0	
16.482723716764813	27.794573042761456	0.0	0.0	
15.966988553095202	29.433990389783744	0.0	0.0	
15.816738606625789	29.76532445720295	0.0	0.0	
15.716795331316444	30.636673990559462	0.0	0.0	
17.063105646531675	0.4894469939209124	0.0	0.0	
16.950168315198425	1.482994906084604	0.0	0.0	
16.51221780170771	2.1294485311833222	0.0	0.0	
16.642023466600723	3.1657508147862155	0.0	0.0	
16.646384268602016	3.5898646264616736	0.0	0.0	
16.660475149633914	5.062351431437481	0.0	0.0	
17.220131556208408	6.492397139133369	0.0	0.0	
16.916906000209558	6.890291584383854	0.0	0.0	
16.911968857396424	8.184456369476425	0.0	0.0	
17.214777015699653	9.40780138898527	0.0	0.0	
17.123495063160522	9.597186360755966	0.0	0.0	
17.038646096132474	10.943385999796607	0.0	0.0	
16.717708818114456	11.608593216375617	0.0	0.0	
17.031555380594405	13.489159763276328	0.0	0.0	
16.52306285382461	13.796200926453349	0.0	0.0	
17.435656435938498	14.857191398200456	0.0	0.0	
17.203551282823547	15.609798206690357	0.0	0.0	
16.778610599149967	17.27135104923111	0.0	0.0	
17.29436455371259	18.27614240428392	0.0	0.0	
16.938256768847246	18.655441675346765	0.0	0.0	
16.821225184886625	20.276210651382595	0.0	0.0	
16.629369637615437	21.325403873784207	0.0	0.0	
17.468143885347818	21.582190875236517	0.0	0.0	
17.314332368935528	22.611123383788357	0.0	0.0	
16.764154648545198	23.977180282885687	0.0	0.0	
16.8263944092315	25.310071915067425	0.0	0.0	
16.687907158796964	25.690121362683527	0.0	0.0	
17.070931855110917	27.116623391415033	0.0	0.0	
16.906377594359085	28.12665507100473	0.0	0.0	
17.026581585168014	28.953802530384678	0.0	0.0	
16.61791720801322	29.942770570362086	0.0	0.0	
16.707692468609796	30.99627070935261	0.0	0.0	
18.456312309905794	0.259893423303066	0.0	0.0	
17.79977621838036	1.2752349905963434	0.0	0.0	
17.58394713722293	1.9603051531596245	0.0	0.0	
18.004464223634866	2.52488398135633	0.0	0.0	
17.56461133618095	4.073300234900435	0.0	0.0	
18.316083062333686	4.94639926142402	0.0	0.0	
17.889247556211068	5.614326235724615	0.0	0.0	
17.503678645054492	7.318208246960749	0.0	0.0	
18.231397411764526	8.217488534205295	0.0	0.0	
17.823895871342096	8.664128468133478	0.0	0.0	
17.692968191675025	10.072473704356787	0.0	0.0	
18.204254517616057	11.255531939792087	0.0	0.0	
18.417436117809956	12.337133476496698	0.0	0.0	
17.945532166899792	13.367961383475558	0.0	0.0	
17.85323346763254	13.680107718504507	0.0	0.0	
17.98159045074812	15.218495904721363	0.0	0.0	
18.108809894563265	15.902331409196862	0.0	0.0	
18.219988760401375	17.44938810906475	0.0	0.0	
18.287237248818112	17.969156895196647	0.0	0.0	
17.986915300518877	19.32361603679877	0.0	0.0	
17.629170522549266	20.344539797749885	0.0	0.0	
18.406374952813355	21.172490444168094	0.0	0.0	
18.36172137717172	21.70407865172522	0.0	0.0	
17.50336799697348	22.582790523020453	0.0	0.0	
18.24021014408035	24.27045260781421	0.0	0.0	
17.555741911712094	25.182898739205577	0.0	0.0	
18.481457607016075	25.72055712426674	0.0	0.0	
17.737977940366676	26.94598809321951	0.0	0.0	
17.976115923675785	27.679199703183578	0.0	0.0	
18.261683215577385	28.554035928057157	0.0	0.0	
18.224772597064035	29.976441235972082	0.0	0.0	
17.955644087670542	31.32879649561181	0.0	0.0	
19.348573681800005	0.45964361661754527	0.0	0.0	
19.226057281072595	0.7951070389686072	0.0	0.0	
19.196365493176682	1.5242222861735533	0.0	0.0	
19.344770408680404	3.17088576315095	0.0	0.0	
18.730185533043855	4.0358752190850655	0.0	0.0	
18.6203740792731	5.3551601219560725	0.0	0.0	
19.003058908294427	6.458940150456983	0.0	0.0	
18.860609050926673	7.437962305194528	0.0	0.0	
19.10113295399327	8.107687448907203	0.0	0.0	
18.514725789266002	9.102238369953263	0.0	0.0	
18.900946462760167	10.39246978560275	0.0	0.0	
19.1949279943925	11.4255541791453	0.0	0.0	
18.928932250710922	12.401046455726616	0.0	0.0	
18.913199226313438	13.321227046616482	0.0	0.0	
18.94230978260592	14.059784478037539	0.0	0.0	
18.971964941468812	15.439335314603676	0.0	0.0	
19.155930551165813	16.15583593917361	0.0	0.0	
18.888535301298386	16.61393200749969	0.0	0.0	
18.63283454274223	17.92267249118557	0.0	0.0	
18.565245943538983	19.09068773586955	0.0	0.0	
19.2458743684317	20.452423665876225	0.0	0.0	
18.560559186165225	20.609374176653326	0.0	0.0	
19.38807883018559	22.076731750313968	0.0	0.0	
18.689420331899985	23.49124193808012	0.0	0.0	
19.43213275213089	24.223118843201533	0.0	0.0	
19.0328105930566	25.152365636738608	0.0	0.0	
18.511858936262445	25.573343591845866	0.0	0.0	
18.520042170273207	26.72824484911583	0.0	0.0	
19.352844470928197	28.052498199707195	0.0	0.0	
18.966676491317745	29.46463044162065	0.0	0.0	
18.788144443930467	30.48847014013323	0.0	0.0	
18.884992954876346	30.58364249098319	0.0	0.0	
20.25229053571897	0.40261813124534795	0.0	0.0	
19.57539222968815	0.8057967295873462	0.0	0.0	
20.271931142617902	2.4015324137726397	0.0	0.0	
19.75494083123792	3.4108608789592787	0.0	0.0	
19.507006534265205	4.189975806875084	0.0	0.0	
20.146278692673413	4.5642856532596765	0.0	0.0	
19.72967692068117	6.461713279979802	0.0	0.0	
20.011160433526523	7.46266159586148	0.0	0.0	
20.114040095191864	8.165348093179194	0.0	0.0	
19.81698838855867	8.815905153823707	0.0	0.0	
20.012474310418053	10.30293869085364	0.0	0.0	
19.70219341238878	10.67510973573413	0.0	0.0	
20.071010920765403	12.124555859493743	0.0	0.0	
19.857215481194366	12.740759702013774	0.0	0.0	
19.710547793825647	13.650742706590169	0.0	0.0	
19.70994925707177	14.64798562387727	0.0	0.0	
20.24711702413196	15.546871013640862	0.0	0.0	
19.973213611057606	17.34701638047229	0.0	0.0	
19.679662044977675	17.985224403002363	0.0	0.0	
20.27075951545748	19.349577164977457	0.0	0.0	
20.437187500602107	20.277919231156996	0.0	0.0	
19.79264705079046	20.865013181998584	0.0	0.0	
20.49591760656736	22.244402574181724	0.0	0.0	
20.14988991969354	23.0386041041356	0.0	0.0	
20.13881673377763	24.103597431467005	0.0	0.0	
19.92650328228402	24.86248119569497	0.0	0.0	
20.342540678585838	26.251715965724884	0.0	0.0	
19.550014667360184	26.63477596007778	0.0	0.0	
20.472344114161583	28.330373456063633	0.0	0.0	
20.04344567027094	29.384102121241185	0.0	0.0	
20.379280964718802	30.121173399422776	0.0	0.0	
19.519736118034054	31.36081419045754	0.0	0.0	
20.93171468692994	0.18325566627814616	0.0	0.0	
21.36093423252129	0.6899888306639241	0.0	0.0	
20.552670551099123	1.760481877257151	0.0	0.0	
20.700454559583743	2.5174428611962583	0.0	0.0	
21.4910134439863	4.289312118633574	0.0	0.0	
21.478444777341856	4.757336891823695	0.0	0.0	
21.27384721371406	5.9012115768841635	0.0	0.0	
20.88662554618525	6.7863167620276545	0.0	0.0	
20.860941393637976	7.7004844209172525	0.0	0.0	
20.96117024198294	8.917653942176795	0.0	0.0	
21.089516141777096	10.203078179808228	0.0	0.0	
21.050739551598067	10.791151649977413	0.0	0.0	
20.54542189443885	11.517278850541857	0.0	0.0	
20.91168539463837	13.176529059793417	0.0	0.0	
21.307373249295793	14.310578486497002	0.0	0.0	
21.362250095137703	14.507841371299923	0.0	0.0	
20.981186720067075	15.976074849088587	0.0	0.0	
21.394521452162007	16.51356766574168	0.0	0.0	
20.620734475875818	18.214563090022324	0.0	0.0	
20.65166096184631	19.06642505291431	0.0	0.0	
20.71314981541937	19.98926300559527	0.0	0.0	
21.033394056068833	21.285233513497435	0.0	0.0	
20.910915177167542	22.236635138010058	0.0	0.0	
21.419888268899303	22.769129796728425	0.0	0.0	
21.068099459648383	23.556598253416876	0.0	0.0	
21.451718275831965	25.329881622539688	0.0	0.0	
20.90331554050931	26.208994238301113	0.0	0.0	
21.4084373662138	26.807373916052423	0.0	0.0	
21.116007864435435	28.24875637479903	0.0	0.0	
20.606398702717453	29.314798905435072	0.0	0.0	
20.694073770053993	29.869862060193718	0.0	0.0	
20.83161377928717	31.367303507292572	0.0	0.0	
21.765656181905445	0.47373182432501193	0.0	0.0	
21.92930815695745	0.5601378175012653	0.0	0.0	
21.83514866251358	1.9846098668376084	0.0	0.0	
21.93951780740071	2.6677822254624326	0.0	0.0	
22.415277752873415	3.534190277404442	0.0	0.0	
22.341452684146088	4.558910087524962	0.0	0.0	
21.818024018871736	5.9668582226084474	0.0	0.0	
22.31884122678774	6.823363447402009	0.0	0.0	
22.223947563817845	8.161068842659056	0.0	0.0	
22.363531244637834	8.884076936812953	0.0	0.0	
22.361942488905832	10.237658859146729	0.0	0.0	
22.147420023584303	11.006513743903094	0.0	0.0	
21.81700126625393	12.346026116129707	0.0	0.0	
21.58828436471569	13.427468690965716	0.0	0.0	
21.927379419619534	14.120683528083116	0.0	0.0	
21.92532051033686	15.016434823958342	0.0	0.0	
21.552435376871944	16.01014763766815	0.0	0.0	
21.68228685001325	16.703053822697225	0.0	0.0	
21.95592566491846	18.20651236842474	0.0	0.0	
22.24677231276926	19.02894588774306	0.0	0.0	
22.283969681928824	19.966245042342425	0.0	0.0	
22.220674352203346	21.162597600285693	0.0	0.0	
22.018213886345045	22.185689892110787	0.0	0.0	
21.86117032625242	22.75734617893481	0.0	0.0	
21.609131315008437	24.036079947979413	0.0	0.0	
21.760189104540817	25.272878000670435	0.0	0.0	
21.977995217647297	26.487287344416163	0.0	0.0	
21.873614993667992	27.16366573551293	0.0	0.0	
22.469790587923498	28.07519580064941	0.0	0.0	
21.85551293040373	29.10098163484252	0.0	0.0	
21.999327785235874	30.250043961057038	0.0	0.0	
22.31337281004147	31.297846654117155	0.0	0.0	
23.032188319618825	0.015452848765069693	0.0	0.0	
22.93612980375841	0.5290610910989989	0.0	0.0	
23.061309756608637	1.9770378737386576	0.0	0.0	
22.958002680927713	3.2292032048496764	0.0	0.0	
23.33924142990736	4.431065946124894	0.0	0.0	
22.913816345591684	5.354435411204957	0.0	0.0	
22.962556661371647	5.662466060860051	0.0	0.0	
23.190734827212665	7.312581711487766	0.0	0.0	
23.293414045089772	7.630905821178137	0.0	0.0	
22.50237402570488	9.410681377807398	0.0	0.0	
23.021971746427603	10.298200495978442	0.0	0.0	
22.80395384339027	10.827202064261371	0.0	0.0	
22.888623730642294	12.179063237192572	0.0	0.0	
23.082879871352635	13.445340608190339	0.0	0.0	
23.073319965319733	14.359956762250892	0.0	0.0	
23.274275113978838	15.437857099819299	0.0	0.0	
23.403830478910127	15.782207130693319	0.0	0.0	
23.308540146350975	16.985674938884042	0.0	0.0	
23.162976756738328	17.6682223941055	0.0	0.0	
23.07798885328975	18.875497050167304	0.0	0.0	
22.89179218623994	19.5890637746991	0.0	0.0	
22.966709484050135	21.098946852539086	0.0	0.0	
23.152739791876314	22.27632530740241	0.0	0.0	
23.249886393196377	23.25828372827612	0.0	0.0	
22.93531434577548	23.816903368435252	0.0	0.0	
22.67802048583058	24.722751939249104	0.0	0.0	
22.81139475560171	26.112675066331686	0.0	0.0	
22.7927054688767	26.845693270585198	0.0	0.0	
23.291772622474138	28.434601312472346	0.0	0.0	
23.338090572986445	28.63284467867596	0.0	0.0	
23.024189444521262	30.20408742152587	0.0	0.0	
23.180713590778733	31.374945898601005	0.0	0.0	
23.890225702053684	0.1587068380664418	0.0	0.0	
24.00920836720727	1.2730926062022272	0.0	0.0	
24.338128157468855	1.552625586624134	0.0	0.0	
23.852489399769045	2.928411699976523	0.0	0.0	
24.059675645424466	3.5309169993726135	0.0	0.0	
23.73414136654586	5.454019633179861	0.0	0.0	
24.206124072585876	5.54755514927759	0.0	0.0	
23.564094829155444	6.553993882783011	0.0	0.0	
23.760565226569774	8.478731216344373	0.0	0.0	
23.52157950670286	8.598092710279984	0.0	0.0	
24.296301800320435	9.877095926001918	0.0	0.0	
24.35206239916401	10.944954735273917	0.0	0.0	
24.457958271752275	12.262854884512494	0.0	0.0	
24.302518836151233	13.013943369587434	0.0	0.0	
24.19221565778388	13.560928797430272	0.0	0.0	
23.88436675403112	14.830982804112818	0.0	0.0	
24.2279541103808	16.479835606030274	0.0	0.0	
23.963028879241122	17.49033572002585	0.0	0.0	
24.46182945702462	18.30373447467382	0.0	0.0	
23.92341016460118	19.1705908918295	0.0	0.0	
23.746544688835723	19.976026283641307	0.0	0.0	
23.502127470076108	20.801060713378458	0.0	0.0	
23.893487006684733	21.68566675272909	0.0	0.0	
24.313886967175268	23.42276361371634	0.0	0.0	
23.99474362622517	23.631280153327108	0.0	0.0	
24.32380300562815	25.466166805826603	0.0	0.0	
24.44330429768851	26.133323148186356	0.0	0.0	
24.051294736309885	27.083909682733214	0.0	0.0	
23.78544153318146	28.173071746003803	0.0	0.0	
24.03167553722754	28.550667881728224	0.0	0.0	
23.762052356696188	30.182007968082488	0.0	0.0	
24.44455062115354	30.830123198421063	0.0	0.0	
25.454696042196026	0.4315614424789679	0.0	0.0	
25.30770611730629	1.265603196174903	0.0	0.0	
24.840993851909854	1.8537036352727065	0.0	0.0	
25.13552367909873	3.2844569142950095	0.0	0.0	
24.652761070398768	4.147685737205253	0.0	0.0	
24.600392652573504	4.982329020077548	0.0	0.0	
24.849510042577947	6.3484184485823185	0.0	0.0	
24.92986316327735	6.944814570586297	0.0	0.0	
24.908779774473988	8.319250352284497	0.0	0.0	
25.08595006785978	8.830234233033886	0.0	0.0	
25.23853995261859	10.25644322359381	0.0	0.0	
24.69777670668146	10.548438097350465	0.0	0.0	
24.64144512461145	12.407693859524572	0.0	0.0	
24.99937998122548	13.402509593003199	0.0	0.0	
24.642339262362928	14.032634189731706	0.0	0.0	
25.250979167867648	14.753208668611657	0.0	0.0	
24.93467870149226	16.12370255930606	0.0	0.0	
24.836481672719742	16.527796324414837	0.0	0.0	
24.658458125145867	18.039977883528422	0.0	0.0	
24.669198442026406	19.482508291711135	0.0	0.0	
25.12473207833139	19.901615629272197	0.0	0.0	
24.86626918521017	21.333107855881984	0.0	0.0	
24.608100309225666	21.960732206596255	0.0	0.0	
25.429428928902414	22.842450547309873	0.0	0.0	
25.008818186225344	23.53851337386994	0.0	0.0	
25.068617683870748	25.03567464161074	0.0	0.0	
25.363286297902437	26.318653974639552	0.0	0.0	
24.981866614884414	27.044000565264955	0.0	0.0	
25.30718174956306	27.513759623481725	0.0	0.0	
24.71525538769823	28.508771365899026	0.0	0.0	
24.60992152662468	29.558080374552386	0.0	0.0	
24.905923972915215	31.31395390911606	0.0	0.0	
26.352748627566807	0.16130420610312812	0.0	0.0	
25.92921106327249	1.0587841939814409	0.0	0.0	
26.022747075995273	1.6850841815525377	0.0	0.0	
26.052524843140457	3.0117381049290373	0.0	0.0	
25.804176473628893	3.8779720920994403	0.0	0.0	
26.386871219237168	5.002754784348136	0.0	0.0	
26.007013186452284	6.083057710304854	0.0	0.0	
25.59018693037381	6.736591122630741	0.0	0.0	
26.415482067561662	8.25806895842915	0.0	0.0	
25.974785345027303	8.568625302758718	0.0	0.0	
26.11287684834392	10.471338552755487	0.0	0.0	
26.3433143884284	10.658688446650626	0.0	0.0	
25.541192502798506	12.391403059199439	0.0	0.0	
25.887725002624478	12.542007623278764	0.0	0.0	
25.577560494231502	13.701951485630763	0.0	0.0	
25.73961728065751	15.44754614238751	0.0	0.0	
25.66180811707455	15.889717587278874	0.0	0.0	
25.603630259934683	17.430230902165498	0.0	0.0	
26.45543911983191	18.40602047239503	0.0	0.0	
26.103699813860086	18.998603795560182	0.0	0.0	
26.16535248161168	20.341933462175568	0.0	0.0	
26.220514775354236	21.295442614454263	0.0	0.0	
26.28249155963646	22.485714678329945	0.0	0.0	
26.41813439751702	23.054516906263665	0.0	0.0	
26.026457689364406	23.572472030207074	0.0	0.0	
26.25182577507198	24.771158980303774	0.0	0.0	
26.358578302110228	26.015171486848836	0.0	0.0	
25.639873221693154	26.715015487845303	0.0	0.0	
25.916922508933535	28.43498119770264	0.0	0.0	
25.77415269330412	28.890762277643443	0.0	0.0	
25.556816462194227	30.08464935205676	0.0	0.0	
25.895835119923596	30.99229949010707	0.0	0.0	
27.221600198190746	0.015191763079040022	0.0	0.0	
27.17183777645299	1.0172155244523127	0.0	0.0	
26.879061732782787	1.8985710130430298	0.0	0.0	
26.96529849054806	2.6110736588316446	0.0	0.0	
26.56051895649338	4.0997017235248485	0.0	0.0	
26.911315588311528	5.033048378445352	0.0	0.0	
27.17174384413079	5.500488609512346	0.0	0.0	
27.201693936483508	6.80700981665355	0.0	0.0	
26.85998334696738	7.990146322158348	0.0	0.0	
26.63989315213517	9.262819520846877	0.0	0.0	
27.030920472669223	9.759263996238921	0.0	0.0	
26.98623793800776	11.118119949533304	0.0	0.0	
26.66444071743871	11.993605305787439	0.0	0.0	
27.19790003184567	13.017525357470417	0.0	0.0	
27.124539131412334	13.572291816542128	0.0	0.0	
27.269123573666903	14.51998570645959	0.0	0.0	
26.70380777632682	15.959822166147518	0.0	0.0	
26.64029544705178	17.18784060164725	0.0	0.0	
27.05995005423988	18.33525922262811	0.0	0.0	
27.453802164786932	19.124080933950033	0.0	0.0	
26.88800470577967	19.782649965617534	0.0	0.0	
26.92114943534837	20.75289108005919	0.0	0.0	
27.132152560387645	22.04688065245299	0.0	0.0	
26.83460978209189	22.781415205850248	0.0	0.0	
26.997617087424228	23.522500346809835	0.0	0.0	
27.429185569403007	25.097231435607046	0.0	0.0	
27.418366716806705	25.621526384777344	0.0	0.0	
26.635452224717195	27.271037046460584	0.0	0.0	
27.403966320949337	27.628777532230334	0.0	0.0	
26.858495431325178	29.37844748286727	0.0	0.0	
27.001201328248204	30.11603940179551	0.0	0.0	
26.598795312394408	31.10281296617229	0.0	0.0	
27.94123193426668	0.3706018688402348	0.0	0.0	
27.601823188778166	0.8121276647160256	0.0	0.0	
28.246390546318935	2.0139828839789944	0.0	0.0	
27.773844927055833	3.3670727391063475	0.0	0.0	
28.15162755861297	4.2002433054951505	0.0	0.0	
28.33191982807933	5.348988119814118	0.0	0.0	
27.96995519853411	5.876354582608771	0.0	0.0	
27.67843007031235	6.81580645675203	0.0	0.0	
28.132865876181157	8.150450968654315	0.0	0.0	
28.33727593615649	8.697053315166967	0.0	0.0	
28.105713221527125	10.475732038349896	0.0	0.0	
27.89581133748846	10.598896152961583	0.0	0.0	
28.085179381622165	12.174731927544956	0.0	0.0	
28.246503123894886	13.441415952076909	0.0	0.0	
28.429956442236836	13.628096727857763	0.0	0.0	
28.204158813939657	15.350005902659438	0.0	0.0	
28.42174685947441	15.524420406681225	0.0	0.0	
27.97756803123683	16.502779061329754	0.0	0.0	
28.491916899563286	18.399166743097293	0.0	0.0	
27.99784730300821	19.241738593548504	0.0	0.0	
27.90245107486234	20.2823993245573	0.0	0.0	
27.77117697522257	21.05352532654709	0.0	0.0	
27.737458897769915	21.559151018056255	0.0	0.0	
27.637240599184114	22.58465939621541	0.0	0.0	
27.937311287310223	24.42281517374592	0.0	0.0	
28.197558891257838	25.47753001031275	0.0	0.0	
28.400671660392366	26.481222486414474	0.0	0.0	
27.566378317616323	27.383661672606785	0.0	0.0	
28.34858743960993	28.370859857503486	0.0	0.0	
28.022779568101164	29.357971322724428	0.0	0.0	
28.30825837897569	29.858679108127138	0.0	0.0	
27.612947839948	30.521834878754646	0.0	0.0	
29.336971137419457	0.1638445689632887	0.0	0.0	
29.106150095964786	0.5439432540749619	0.0	0.0	
29.161563986766126	1.9858712574799864	0.0	0.0	
29.195889282057976	2.7320493016921494	0.0	0.0	
28.753416656072822	3.770798741257817	0.0	0.0	
28.963152596218777	4.8434946638358545	0.0	0.0	
29.39197731088022	6.43966791888812	0.0	0.0	
28.71135638277785	7.373791911274724	0.0	0.0	
29.1525471445015	7.74742105075158	0.0	0.0	
29.322274363900767	8.519471815128394	0.0	0.0	
28.98742724967054	10.220769179437204	0.0	0.0	
29.169138433008488	11.166880190144218	0.0	0.0	
29.011777358945313	12.337643203407655	0.0	0.0	
29.290667136545416	12.819058246183667	0.0	0.0	
28.504103755901582	13.764778566647266	0.0	0.0	
28.569511816778753	14.89846488918228	0.0	0.0	
28.922928882906145	16.215854864760924	0.0	0.0	
28.935031555337577	16.79399629364654	0.0	0.0	
29.099640922511302	17.99526647411017	0.0	0.0	
29.19142529757666	18.82158610573984	0.0	0.0	
28.625324887720595	19.75967310597357	0.0	0.0	
28.71475526742401	20.566580309903756	0.0	0.0	
29.12917268167294	21.920919617902868	0.0	0.0	
29.45253751240342	23.315632659597547	0.0	0.0	
29.285746928775584	24.49816361474963	0.0	0.0	
28.912064320713085	25.49492825627239	0.0	0.0	
29.430525075460647	26.01686879674035	0.0	0.0	
29.324398054993107	27.14257788040354	0.0	0.0	
28.83366534964092	27.645372811722478	0.0	0.0	
28.720487567964426	28.603498179729044	0.0	0.0	
29.491074871167296	30.141777712744695	0.0	0.0	
29.283010108846312	30.760687967722003	0.0	0.0	
30.32297459099026	0.48090217123576706	0.0	0.0	
30.078069872796032	1.3396690232035975	0.0	0.0	
29.820495907493353	2.105340830822567	0.0	0.0	
30.259837181988217	3.332924100878694	0.0	0.0	
30.48587055008324	4.1268894138407415	0.0	0.0	
29.78348796107925	5.212254078577081	0.0	0.0	
30.03057765837004	5.69965401535817	0.0	0.0	
29.778476936902457	7.2053798111068055	0.0	0.0	
29.82089787943277	7.5861637699162845	0.0	0.0	
30.303024784715337	9.456389627523375	0.0	0.0	
30.48690985098899	9.638524394384731	0.0	0.0	
29.569432518028623	11.359190506376788	0.0	0.0	
29.57444915132764	11.990482931874592	0.0	0.0	
29.601484392885023	12.60367554347243	0.0	0.0	
29.988977376169306	13.982160365232588	0.0	0.0	
30.49781692159115	14.733185054450148	0.0	0.0	
30.329129525072112	15.91152080667208	0.0	0.0	
29.999580124588455	16.606372855799215	0.0	0.0	
30.071355410331215	18.099028630956337	0.0	0.0	
30.205329907245453	18.60990648765958	0.0	0.0	
29.848929525564706	20.057657834105413	0.0	0.0	
30.086435218487868	20.802750497704707	0.0	0.0	
30.027181007318323	22.336288631285257	0.0	0.0	
29.52403209733501	22.868269394731684	0.0	0.0	
29.723849793628098	23.995885351012777	0.0	0.0	
29.668975143038498	24.742706173885676	0.0	0.0	
29.701343855712526	26.413354849614464	0.0	0.0	
30.46002802973003	27.09059463735825	0.0	0.0	
29.52831889480621	28.205332063384592	0.0	0.0	
30.045848220272298	29.324407122810836	0.0	0.0	
30.41082971397675	29.80176214557354	0.0	0.0	
30.106998943543825	31.475630141010292	0.0	0.0	
31.343100482631915	0.03237303087910304	0.0	0.0	
31.43343308936348	1.1382140445458475	0.0	0.0	
30.62551578905056	2.2968005622316325	0.0	0.0	
31.44220992747484	3.0351305873799683	0.0	0.0	
31.154194288475065	4.4452780394022895	0.0	0.0	
31.116647247350542	4.685680516420766	0.0	0.0	
31.426056615793872	5.9936390845030605	0.0	0.0	
30.616890719457658	6.817065563362669	0.0	0.0	
31.008911236422986	8.020328954240417	0.0	0.0	
31.032720920222012	8.723705467158647	0.0	0.0	
30.58920914484788	10.437210730451246	0.0	0.0	
30.945657314323082	11.260116023136074	0.0	0.0	
30.696557485074088	12.318476701850136	0.0	0.0	
31.283667781835845	12.886968531437486	0.0	0.0	
30.62800263808958	14.41403765383419	0.0	0.0	
30.621394034381947	14.945392553611434	0.0	0.0	
31.399084090348108	15.97192914388649	0.0	0.0	
30.64259413755888	17.2512171639373	0.0	0.0	
31.44619616986031	17.798440514238475	0.0	0.0	
30.50337227706529	19.403370064951492	0.0	0.0	
31.059840762044125	19.875252885319632	0.0	0.0	
30.747850685017962	21.342302360102796	0.0	0.0	
31.441016674883535	21.594893885690766	0.0	0.0	
31.241572206705435	22.572554632547053	0.0	0.0	
31.30332719333058	24.226492559176737	0.0	0.0	
31.413129762459462	25.38589689061211	0.0	0.0	
31.324499293828026	26.205778798560388	0.0	0.0	
31.210977365189397	27.223227238694317	0.0	0.0	
30.667565392214343	28.069718574968455	0.0	0.0	
30.892134412937878	29.043880848866973	0.0	0.0	
31.30033109691996	29.67527555477273	0.0	0.0	
30.870451381503518	31.03146066197933	0.0	0.0	
