2
32.0	0.0	0.0	0.0	
0.0	32.0	0.0	0.0	
0.4659698027346867	0.07776302712068217	0.0	0.0	
0.3850954650842915	0.5690287188991467	0.0	0.0	
0.15618340856849933	1.8018311064606842	0.0	0.0	
0.31590786853472874	3.2023306067982573	0.0	0.0	
0.14493066914630948	3.7303331467618874	0.0	0.0	
0.3400546870615926	5.454992598003311	0.0	0.0	
0.1590316721072258	6.246625416845009	0.0	0.0	
0.15565190218900848	6.799975582364734	0.0	0.0	
0.45558874781119174	8.420209957589954	0.0	0.0	
0.26727998442112555	8.79002272516198	0.0	0.0	
0.13667248625513273	10.233048876014731	0.0	0.0	
0.42003751231836195	11.29835847616973	0.0	0.0	
0.3722574554232593	11.652335656982295	0.0	0.0	
0.08335166070089794	13.214108312259896	0.0	0.0	
0.18859117065151	14.07041560845304	0.0	0.0	
0.2430819770582301	15.396268965307142	0.0	0.0	
0.2801074531631108	15.830035710592485	0.0	0.0	
0.15377878575196657	16.794007713647563	0.0	0.0	
0.3712777881814876	18.01451349837278	0.0	0.0	
0.4258271777532472	18.526637969180904	0.0	0.0	
0.33934862134509436	19.58344481804801	0.0	0.0	
0.19623744333323934	20.68136572243678	0.0	0.0	
0.34509412283958685	21.508624577632247	0.0	0.0	
0.11910999058944416	22.538056621221394	0.0	0.0	
0.3050398726903797	24.34796492419387	0.0	0.0	
0.09151481163564146	24.94273098513788	0.0	0.0	
0.47755782125564183	25.88678542381266	0.0	0.0	
0.1309561521734438	26.664388013142432	0.0	0.0	
0.11944910002416065	28.416052194162674	0.0	0.0	
0.0637086764949285	29.41036462146011	0.0	0.0	
0.4950934915053684	30.045798641553752	0.0	0.0	
0.4438456392164224	31.46555640525245	0.0	0.0	
1.252840169660902	0.4515834843897998	0.0	0.0	
0.889958155082778	0.98053390353138	0.0	0.0	
0.9414288838647125	1.6290384541797145	0.0	0.0	
1.0052728983875743	3.137810700009516	0.0	0.0	
0.9698893296710047	3.5244387275998528	0.0	0.0	
0.5042528892876915	4.892650268179012	0.0	0.0	
0.7281637101071288	5.704886303700054	0.0	0.0	
0.8611033028860716	6.563420871288024	0.0	0.0	
0.8498247905037466	8.484791342295075	0.0	0.0	
1.1948863908249137	8.68757503694296	0.0	0.0	
1.4037512576306785	10.310724467725048	0.0	0.0	
1.1892643614172624	11.347445501063465	0.0	0.0	
0.9066775076249487	11.890738925840003	0.0	0.0	
0.9120358670094362	13.290528882265036	0.0	0.0	
1.1812299359549838	14.314502590930115	0.0	0.0	
0.7981193680414725	14.586017134309815	0.0	0.0	
1.4483902184127602	15.697358946770754	0.0	0.0	
0.6508432521771182	16.733608366157803	0.0	0.0	
1.436785482594261	17.863294813934207	0.0	0.0	
0.6885651083158948	19.416895095303946	0.0	0.0	
1.3323058605320566	20.326762239217924	0.0	0.0	
0.6795097478121589	21.007564352613322	0.0	0.0	
1.0753543125405542	21.61583460149757	0.0	0.0	
1.2942933781172283	22.654597894622608	0.0	0.0	
0.7809622424244425	23.925638548057112	0.0	0.0	
1.0346628742118478	25.172317284538895	0.0	0.0	
0.9734690818691476	25.76438028951615	0.0	0.0	
1.3982944892640918	26.825069586685764	0.0	0.0	
1.1842846702513237	28.40844979836248	0.0	0.0	
0.8887650823311689	28.966070590358665	0.0	0.0	
0.7320385963632369	30.48257350677799	0.0	0.0	
0.7477814731240987	30.507660776724904	0.0	0.0	
1.5054479234154778	0.037293997037737836	0.0	0.0	
1.7779542206927208	1.2413069311698224	0.0	0.0	
1.9593960039206366	1.886003513264838	0.0	0.0	
1.790750250492787	3.1525383084863803	0.0	0.0	
2.3197426984685006	4.043627778087903	0.0	0.0	
1.782399470850483	4.93585925291345	0.0	0.0	
2.469158261314654	5.82074137497386	0.0	0.0	
2.4013089931990863	7.242034073552938	0.0	0.0	
2.129312032425929	8.138777729151611	0.0	0.0	
2.4226174316530864	9.192798930259139	0.0	0.0	
2.3670066327423074	10.109678856346923	0.0	0.0	
2.1703399035437947	11.107999365224655	0.0	0.0	
2.418992705178261	12.25722068597225	0.0	0.0	
1.9933086917084266	13.309471759543955	0.0	0.0	
1.9811929468903897	13.517115356921481	0.0	0.0	
1.6858186644464626	15.347363159814872	0.0	0.0	
2.1942708839458183	16.468038319881927	0.0	0.0	
1.5959419851280958	16.98869060475274	0.0	0.0	
2.311569910596551	18.312165040405258	0.0	0.0	
2.0960397538654685	19.19199582303516	0.0	0.0	
2.397634688963289	20.184299622466067	0.0	0.0	
1.512728018007682	20.65504778631625	0.0	0.0	
1.641365317349448	21.502787240840565	0.0	0.0	
2.258667685589157	23.31858015521654	0.0	0.0	
2.013978351908182	23.674718472179666	0.0	0.0	
1.5848211692847114	24.521826938396586	0.0	0.0	
1.6742009903523531	26.05031583382592	0.0	0.0	
1.6810642139776275	27.12891906780365	0.0	0.0	
2.4018629582196	27.584015868425983	0.0	0.0	
2.26728125786071	28.882685571501142	0.0	0.0	
2.1348057131317475	30.24186290981365	0.0	0.0	
2.4637041916233566	30.50595108112195	0.0	0.0	
2.9977782088102236	0.2552647881542588	0.0	0.0	
2.6239941593522365	1.2776951940589374	0.0	0.0	
2.706704360410888	2.3865480914349293	0.0	0.0	
3.0450138849583133	2.7611195532638133	0.0	0.0	
3.3893023059090037	3.8934570111702502	0.0	0.0	
3.4416340732925517	5.333471457295093	0.0	0.0	
2.6288010929644336	5.846367824932287	0.0	0.0	
3.0198342188080267	6.53102506631616	0.0	0.0	
3.2207568620604623	7.827608304729418	0.0	0.0	
3.01852816367514	9.456915537008708	0.0	0.0	
3.078326024706729	9.991349707796857	0.0	0.0	
2.501673724405638	11.34817062496348	0.0	0.0	
3.0881406682337813	11.71645120132343	0.0	0.0	
3.4064575294302317	12.996604168687288	0.0	0.0	
3.4775713839931996	13.953322861802883	0.0	0.0	
3.3473316862529456	14.96921109114008	0.0	0.0	
3.006942116520391	15.810537226553244	0.0	0.0	
2.810834787107666	17.227058961789265	0.0	0.0	
2.7856550372773174	18.035885119093805	0.0	0.0	
3.149234641045534	19.48570048130725	0.0	0.0	
2.502123580113214	19.706258297078765	0.0	0.0	
3.2779196041080416	20.938437377508176	0.0	0.0	
3.076467971502728	22.178135930849578	0.0	0.0	
3.3859628920752662	22.825627022909057	0.0	0.0	
2.8902708834460666	23.66472295666704	0.0	0.0	
2.540406890819317	25.260657371579747	0.0	0.0	
2.6348538367768883	25.543393313974462	0.0	0.0	
3.4426501814917394	27.26183404472959	0.0	0.0	
2.7426947154937613	28.422747814165522	0.0	0.0	
2.5751782470312743	29.484817506620125	0.0	0.0	
2.945186974465788	30.400970823883604	0.0	0.0	
3.250201827911245	31.04803017920196	0.0	0.0	
4.195165672937804	0.168254955288491	0.0	0.0	
3.671865620773309	1.1758768667314028	0.0	0.0	
4.467495478664407	1.6621152634303908	0.0	0.0	
4.2650836362207505	3.4871690161925004	0.0	0.0	
4.085319942836211	3.8884504871975487	0.0	0.0	
3.802643380300016	5.142200057979962	0.0	0.0	
3.8799296252029967	6.083287059749391	0.0	0.0	
4.28635117781505	7.283476313863849	0.0	0.0	
3.6531427843243973	7.909588629354457	0.0	0.0	
4.302493805983433	9.293941351339459	0.0	0.0	
4.0010487018143435	9.67563005554247	0.0	0.0	
3.765900093687236	11.439159956577072	0.0	0.0	
4.0454935783531045	12.000629302588543	0.0	0.0	
4.05935842268961	12.856521520529448	0.0	0.0	
3.5798406074264824	13.800969628500425	0.0	0.0	
4.454985401228803	15.312373285919579	0.0	0.0	
3.9107045347045126	15.991575860785723	0.0	0.0	
3.786993149586901	16.93369147667815	0.0	0.0	
3.728012685658122	17.54531441706623	0.0	0.0	
3.886097780837245	19.032032992376905	0.0	0.0	
3.602427348190067	19.504764911176096	0.0	0.0	
4.250468345478439	20.598330638870735	0.0	0.0	
3.7784513471553627	22.23931563199046	0.0	0.0	
4.406064918153677	22.86256723723084	0.0	0.0	
3.9489357741500597	23.917594785808355	0.0	0.0	
4.172174420662548	25.463965647780217	0.0	0.0	
4.207628947682342	25.68758153330429	0.0	0.0	
3.720047047496719	26.62370349820779	0.0	0.0	
4.127770936066191	28.481453499104198	0.0	0.0	
4.266266588016827	28.593045808995655	0.0	0.0	
3.897688632275624	30.234617286019734	0.0	0.0	
4.253189445883382	30.9817958295398	0.0	0.0	
4.659373654084879	0.3334252306540506	0.0	0.0	
4.813743473305301	0.8891213861661824	0.0	0.0	
4.82828725170213	1.550701493230319	0.0	0.0	
4.625293938434245	2.928838570871622	0.0	0.0	
5.078492671132189	4.116220219720071	0.0	0.0	
5.190201495915572	4.558585461696305	0.0	0.0	
4.818750596671785	5.509516741341614	0.0	0.0	
4.88330219719738	6.951129171644045	0.0	0.0	
4.852938950630455	7.833390443480425	0.0	0.0	
4.862618433509921	9.242267460982106	0.0	0.0	
5.032484866601898	9.527996359089288	0.0	0.0	
5.006273786301824	10.586450033355565	0.0	0.0	
5.444552891681822	12.1620566207466	0.0	0.0	
4.5804566999933725	13.254007601490414	0.0	0.0	
4.5472262581922935	13.755929445162046	0.0	0.0	
5.218629934762469	14.620157921502638	0.0	0.0	
5.2774925893219224	16.420665634091762	0.0	0.0	
4.724532823811455	16.915622094093145	0.0	0.0	
5.365813747588946	17.987222931360026	0.0	0.0	
4.705132780473727	18.86211178510837	0.0	0.0	
4.526839339864129	20.243903622575093	0.0	0.0	
4.875632559426777	20.721544703244874	0.0	0.0	
5.104996015704028	21.734029583589336	0.0	0.0	
5.043405978489634	23.00152825985413	0.0	0.0	
4.885992331031848	23.926691426520744	0.0	0.0	
5.162812906774253	24.625464154198557	0.0	0.0	
5.3730549425975624	25.52739545778082	0.0	0.0	
5.310995903819776	27.324327881602315	0.0	0.0	
5.284183326920134	28.070558896393717	0.0	0.0	
5.243439741696738	29.12223890557664	0.0	0.0	
5.118232565264033	29.799937994029857	0.0	0.0	
5.0994598550762555	31.396885814471368	0.0	0.0	
5.791335888747885	0.4749810391509314	0.0	0.0	
5.831573946443668	1.4717015582841761	0.0	0.0	
6.201210923388971	1.8608618548957168	0.0	0.0	
5.973863782413822	2.709792422968894	0.0	0.0	
5.8235745510301395	4.42051603555776	0.0	0.0	
6.452828654320179	4.630050208910737	0.0	0.0	
6.294739478737618	6.035699518300577	0.0	0.0	
5.676738834419971	6.637765294352542	0.0	0.0	
6.293232660142519	8.203066622041836	0.0	0.0	
6.081045715819919	9.391393363746031	0.0	0.0	
5.62865694963609	9.989703251436593	0.0	0.0	
6.401146972557357	11.480473966078897	0.0	0.0	
6.3442535887655715	11.716024224125507	0.0	0.0	
6.305239505891613	13.29620044067378	0.0	0.0	
6.087865855100661	13.591552199130778	0.0	0.0	
6.4813977518295545	14.81782065648063	0.0	0.0	
5.862343020865581	15.541189566006587	0.0	0.0	
5.9532149280375535	17.02870916046013	0.0	0.0	
5.972250779981826	17.822643755345542	0.0	0.0	
6.45585775267841	19.270230677134826	0.0	0.0	
5.703105695061761	19.65583027244049	0.0	0.0	
6.341695562563762	20.583190325479457	0.0	0.0	
5.599576578086907	21.581338156013196	0.0	0.0	
5.9546456154022405	23.278940610676354	0.0	0.0	
6.24723737324028	24.177580591328493	0.0	0.0	
5.705576183356384	24.91629302198573	0.0	0.0	
5.5303053974029215	26.104293619832674	0.0	0.0	
5.74429734425655	27.07994871690014	0.0	0.0	
5.70794981553675	27.54596100226796	0.0	0.0	
6.170622956452136	28.63741893902356	0.0	0.0	
5.561814203929999	29.86913802621875	0.0	0.0	
5.943957557666134	31.24709682084091	0.0	0.0	
6.90101421613889	0.41097815447116026	0.0	0.0	
7.1518765919766425	1.2336441031357335	0.0	0.0	
6.510863080081591	2.499108051656882	0.0	0.0	
7.22782664327835	2.7165007548329787	0.0	0.0	
6.8179007764659385	4.059701897924299	0.0	0.0	
6.5842321115938525	5.4873325716345285	0.0	0.0	
7.317602621333974	6.030501622691853	0.0	0.0	
7.360470675811975	6.714645962366937	0.0	0.0	
7.411905199193894	8.392890071170758	0.0	0.0	
7.3540921384356785	8.60501260497533	0.0	0.0	
7.455996230717316	9.849788774652213	0.0	0.0	
6.971864050308216	10.9851876742052	0.0	0.0	
7.180580056711153	11.593885085216664	0.0	0.0	
7.388961737916563	13.499136057218012	0.0	0.0	
7.0236482250151715	14.142156787793583	0.0	0.0	
6.545081138779151	15.313895484058106	0.0	0.0	
6.721731695257704	15.980351749426099	0.0	0.0	
6.59717672645226	17.319155409321382	0.0	0.0	
6.544599820611641	18.060282301732954	0.0	0.0	
7.201413080439642	18.672659051781825	0.0	0.0	
6.62142113579125	20.145377607089983	0.0	0.0	
6.800064690106522	20.783401210578845	0.0	0.0	
7.49803452034402	22.478533886623666	0.0	0.0	
6.86678077705124	22.973948267638914	0.0	0.0	
6.809640869217444	23.553267553602197	0.0	0.0	
7.471588250769826	25.457559279976827	0.0	0.0	
6.913546149998031	25.7349230744584	0.0	0.0	
7.380753418556002	27.2317816065235	0.0	0.0	
7.404678102926311	28.372714897545816	0.0	0.0	
7.368407626144051	29.429077086397662	0.0	0.0	
6.674631156618444	29.919936704775793	0.0	0.0	
6.643703671201561	31.064536940143135	0.0	0.0	
8.136683444360225	0.40341332678258646	0.0	0.0	
8.443606135273685	1.0942898864005137	0.0	0.0	
7.802328994823948	2.489931874228341	0.0	0.0	
7.910321621391835	3.1655106432632456	0.0	0.0	
8.188701823435842	3.506197992790383	0.0	0.0	
7.767475543736494	5.408738199987298	0.0	0.0	
7.877301870210228	5.797489741888704	0.0	0.0	
7.566248144677686	7.261450868464877	0.0	0.0	
8.401666554451662	8.444189011178407	0.0	0.0	
7.603259507397739	9.161583714553315	0.0	0.0	
8.40855110284881	9.881680213449066	0.0	0.0	
7.755308195189115	11.246342396850658	0.0	0.0	
7.805531139402324	12.19922787114009	0.0	0.0	
7.604025220672765	12.730136806233855	0.0	0.0	
8.225245161393246	13.66739954783862	0.0	0.0	
7.754302671287304	14.601157385683534	0.0	0.0	
7.787559332239012	15.55095191132592	0.0	0.0	
7.983955481011719	17.29463656443719	0.0	0.0	
7.780511706433076	18.17578740440386	0.0	0.0	
8.319173738753882	18.775095498511995	0.0	0.0	
8.353093927236939	19.577878023845365	0.0	0.0	
8.032133469006517	21.411274460909176	0.0	0.0	
8.327457020306186	22.08925566958208	0.0	0.0	
8.175416863738292	23.00358012047941	0.0	0.0	
8.262467369227792	24.45408830316626	0.0	0.0	
8.419758207868215	24.53014656093404	0.0	0.0	
8.377375176604634	25.595879641590546	0.0	0.0	
8.425633809332355	27.480012476272805	0.0	0.0	
7.922457627431573	27.986067179408867	0.0	0.0	
7.629614959820733	29.496446342046806	0.0	0.0	
8.117604217503844	29.572721970207603	0.0	0.0	
8.469955680345429	31.17682734504583	0.0	0.0	
9.045583906481756	0.05485086784582138	0.0	0.0	
8.940153981433582	0.7100369025660034	0.0	0.0	
8.930643752696433	1.6396675046317386	0.0	0.0	
8.981157602762602	2.582198672425963	0.0	0.0	
8.849470365272158	4.287019079861286	0.0	0.0	
9.230774049993634	5.096181940385157	0.0	0.0	
9.01553602483028	6.033177620390484	0.0	0.0	
9.341029794812842	7.3016196698821725	0.0	0.0	
9.443009632376667	8.324420900394816	0.0	0.0	
9.150936575080756	8.727771147090559	0.0	0.0	
8.611653560771137	10.418304388184804	0.0	0.0	
9.1890618392223	11.018905062309173	0.0	0.0	
8.87492351791273	11.583853652792952	0.0	0.0	
9.239654099421562	13.068596076745806	0.0	0.0	
8.769645861320056	13.610268385231942	0.0	0.0	
9.322094195763002	14.907603327243766	0.0	0.0	
9.214647526764772	16.066336504213865	0.0	0.0	
9.228726999543037	17.420414155430628	0.0	0.0	
9.22180384246611	18.331480733753732	0.0	0.0	
8.632433153295802	18.59201686616033	0.0	0.0	
8.896237935278576	20.30468677887939	0.0	0.0	
9.07826237128962	20.83032286057965	0.0	0.0	
8.745729345026685	22.166728045695564	0.0	0.0	
8.915935125693881	23.04693477289684	0.0	0.0	
8.802291063780707	24.461035621023278	0.0	0.0	
8.85574196022537	25.263519058988784	0.0	0.0	
8.818292661253519	26.086840657941483	0.0	0.0	
8.588987186396093	26.754948598392133	0.0	0.0	
8.553869825081675	27.61620236140818	0.0	0.0	
8.835998451369484	29.428208781569705	0.0	0.0	
8.906882055361796	30.07487964283987	0.0	0.0	
8.645117020082182	30.5883542651918	0.0	0.0	
9.966205666198231	0.07688126156737674	0.0	0.0	
10.12179046260409	0.6925083289006115	0.0	0.0	
9.702356846449138	2.488813629646558	0.0	0.0	
10.019365380787923	3.1615750005890315	0.0	0.0	
10.24194534692401	4.088653561240433	0.0	0.0	
10.282763248826766	4.516101724783254	0.0	0.0	
9.613228273041297	6.1068439491315045	0.0	0.0	
9.864452636237969	6.991355414387924	0.0	0.0	
9.51938361475332	8.099570407720076	0.0	0.0	
9.773468560150796	8.783275663871095	0.0	0.0	
9.575292500345249	10.07160717812038	0.0	0.0	
10.296726181364896	10.82006034096847	0.0	0.0	
10.342789410249587	11.977102241982871	0.0	0.0	
10.258044145181916	13.377793117091699	0.0	0.0	
9.648397268491223	14.054715445687686	0.0	0.0	
9.804556943276442	14.81287658957618	0.0	0.0	
10.116152821677764	15.616332134058498	0.0	0.0	
9.552629677293814	17.0639402004924	0.0	0.0	
9.944594570291676	17.801611131532546	0.0	0.0	
9.95435975529905	19.19368715904599	0.0	0.0	
9.628600203149114	19.741891500255548	0.0	0.0	
10.499047172582252	21.080321854581836	0.0	0.0	
10.295602518484841	21.69337997390537	0.0	0.0	
9.786065863651464	22.534107352873598	0.0	0.0	
10.448510112001037	24.033542865069496	0.0	0.0	
9.57973945910846	24.801883189749677	0.0	0.0	
9.866099152594412	25.65784836131516	0.0	0.0	
9.976947020684632	27.13105563229796	0.0	0.0	
10.49971914916645	28.15837867777648	0.0	0.0	
10.044072801741706	29.086358889430347	0.0	0.0	
10.46497538082392	30.4409024375582	0.0	0.0	
10.104026377271746	30.6028313512432	0.0	0.0	
10.653790125547236	0.41633257676088664	0.0	0.0	
11.353309800456318	0.5728016459866501	0.0	0.0	
11.464527449185208	2.3681069051749466	0.0	0.0	
10.899254435228226	3.1787051921532385	0.0	0.0	
11.075393173631028	4.313786841635273	0.0	0.0	
11.012410759866086	5.135520947124783	0.0	0.0	
10.900750297998822	6.494077109798638	0.0	0.0	
11.289582910568	7.249608672551547	0.0	0.0	
11.282962267028427	8.414028771028589	0.0	0.0	
10.947254622395503	9.052183408053256	0.0	0.0	
10.721295673760027	10.3329540474911	0.0	0.0	
11.318121757915467	10.584980680781602	0.0	0.0	
11.07397723830808	12.489725112577892	0.0	0.0	
10.60392799378355	13.00660544421376	0.0	0.0	
11.155101463115775	13.968844181605109	0.0	0.0	
11.143315621151356	15.38532357324153	0.0	0.0	
11.161028900462103	16.373864221231205	0.0	0.0	
11.1356325868328	17.331205920460924	0.0	0.0	
11.144676340628209	17.624335535606356	0.0	0.0	
10.882308745959353	18.510954267027294	0.0	0.0	
11.056932648592158	20.056524392317385	0.0	0.0	
10.948604627023776	21.284342475462186	0.0	0.0	
10.915405534577031	21.50699610613929	0.0	0.0	
11.483567491262216	22.620763013161543	0.0	0.0	
11.367497037441254	23.60554743049606	0.0	0.0	
11.196601538796262	24.579682840060006	0.0	0.0	
11.379903397470619	26.37580794797184	0.0	0.0	
11.178462368646445	26.92909287051439	0.0	0.0	
11.3881787816561	27.840628895420203	0.0	0.0	
10.736345766214466	29.46173106625988	0.0	0.0	
11.47556735711326	30.307033672964373	0.0	0.0	
10.65755100674286	31.141652433659655	0.0	0.0	
12.446769099101312	0.37895154494302064	0.0	0.0	
12.330121389001816	0.713049647566953	0.0	0.0	
12.039137892306817	1.6406414460178569	0.0	0.0	
11.715646310649891	2.5469592782596187	0.0	0.0	
11.714158686694365	4.478764874893299	0.0	0.0	
12.08812958441424	5.429024264591132	0.0	0.0	
11.602469936578176	6.374715243098624	0.0	0.0	
12.01739087097256	7.165032258947667	0.0	0.0	
11.567406529624797	7.625859823249815	0.0	0.0	
12.229638239633983	8.697111645479604	0.0	0.0	
12.350809613212	9.902552999997992	0.0	0.0	
11.685810485298013	10.880033446921821	0.0	0.0	
12.028346367189647	11.98139839518322	0.0	0.0	
12.364155246029231	13.113044686167754	0.0	0.0	
12.106024664818808	14.010922804011624	0.0	0.0	
11.504047076104555	14.776559857948044	0.0	0.0	
12.22308891212027	16.47773243396606	0.0	0.0	
12.390915737500288	16.732281501742364	0.0	0.0	
11.89925913578877	17.508715162528603	0.0	0.0	
12.010241022675421	18.56285778611704	0.0	0.0	
11.595492886289499	20.465106207442638	0.0	0.0	
12.025794186996759	21.44515907983385	0.0	0.0	
11.518967605528875	21.763022447787556	0.0	0.0	
12.358160450517616	22.893239317231757	0.0	0.0	
12.406225681807927	24.21499093092867	0.0	0.0	
12.094171876625365	25.025806152829265	0.0	0.0	
11.853121789335175	25.641272453150773	0.0	0.0	
11.528587786392352	27.31339473635283	0.0	0.0	
12.419987224537538	27.515385891190878	0.0	0.0	
12.15375444896146	28.55925944922346	0.0	0.0	
11.99952761999052	30.466851703749747	0.0	0.0	
11.802603881751589	31.048043608373426	0.0	0.0	
13.191541948236273	0.3721168296367795	0.0	0.0	
13.462686105069428	1.4602354035055014	0.0	0.0	
12.512764559481727	1.9041329623398142	0.0	0.0	
13.46033081528878	2.8860644821086505	0.0	0.0	
13.0222007119275	4.035208575747221	0.0	0.0	
13.355023858250828	5.121802257719828	0.0	0.0	
12.698718732436005	6.152094728701127	0.0	0.0	
13.415300412455718	7.404245278598621	0.0	0.0	
12.68233115941785	7.529873930907243	0.0	0.0	
13.165775991359881	9.311571273010802	0.0	0.0	
12.521074859488028	9.669550910330793	0.0	0.0	
12.95713273040425	10.861033609569509	0.0	0.0	
13.46294392075114	12.24703338396685	0.0	0.0	
13.160697781123158	13.207016016654272	0.0	0.0	
12.527758051068044	13.92200369342519	0.0	0.0	
13.301742852603113	15.258955434606111	0.0	0.0	
13.239876520022532	16.04667687377461	0.0	0.0	
13.464741128545217	17.194516120066528	0.0	0.0	
13.247506481450126	18.247410011500367	0.0	0.0	
13.134451268086261	18.51163465406532	0.0	0.0	
13.268233733461402	20.349755792146773	0.0	0.0	
12.88127162707573	20.693648892907625	0.0	0.0	
13.094016799152808	21.59971390733249	0.0	0.0	
12.634148622738644	22.610469894990832	0.0	0.0	
13.348543882697946	24.196955432738765	0.0	0.0	
13.241203919955444	24.783542529902046	0.0	0.0	
12.93796563175559	26.378037321768147	0.0	0.0	
12.798096307821286	26.720950950892835	0.0	0.0	
12.705733300374577	28.423286245355825	0.0	0.0	
12.567260246996664	29.2971167617162	0.0	0.0	
13.21462587649562	30.003515287742328	0.0	0.0	
13.229636859240674	30.560807720475342	0.0	0.0	
13.702367119289532	0.22401970530480153	0.0	0.0	
13.604134726240275	1.478984847027295	0.0	0.0	
14.201805805773326	1.6291410007630494	0.0	0.0	
13.999827582851179	3.3019373934848844	0.0	0.0	
14.066486994753198	3.7364189778075207	0.0	0.0	
13.750872774910938	5.29181405413736	0.0	0.0	
14.103049885493737	5.6973245953301745	0.0	0.0	
14.170772788348678	7.216959781814442	0.0	0.0	
13.669612232837562	8.318576698160744	0.0	0.0	
14.282434635399802	8.643214159029219	0.0	0.0	
13.758908400288657	10.361434770141262	0.0	0.0	
14.463643209709488	10.594719693193447	0.0	0.0	
14.089252467096163	12.104753956347945	0.0	0.0	
14.23911440824038	12.805321471098836	0.0	0.0	
13.580314723557525	13.923703895489304	0.0	0.0	
13.59736071378063	14.982166391364933	0.0	0.0	
13.883533849711315	15.736719838702044	0.0	0.0	
13.757598338829045	17.23620183640335	0.0	0.0	
13.745613077411418	17.711219446276797	0.0	0.0	
14.402348169682462	19.328609059013335	0.0	0.0	
13.729686832368516	20.40406030460032	0.0	0.0	
13.9882665595458	21.447549078344117	0.0	0.0	
13.674764148879866	22.406541186388143	0.0	0.0	
13.862564714076123	23.483326694903152	0.0	0.0	
14.314253724770811	23.819099287521368	0.0	0.0	
14.381955588901004	24.850940682946764	0.0	0.0	
13.54874575676567	26.16105468624216	0.0	0.0	
13.555352519031565	26.666135591876856	0.0	0.0	
14.426873126462805	27.695995786585563	0.0	0.0	
13.844186566859406	28.724672854512967	0.0	0.0	
13.548805988495275	30.033354610946773	0.0	0.0	
13.901883476080245	31.49185039193729	0.0	0.0	
14.736986865901068	0.4398333271796855	0.0	0.0	
14.947082516445787	0.9280006508691057	0.0	0.0	
15.142683627371092	2.234410076016731	0.0	0.0	
15.085157203960978	3.274830728419775	0.0	0.0	
14.610963010187696	4.1527427246828115	0.0	0.0	
15.22534384265615	4.69042985820378	0.0	0.0	
15.149155272113353	5.517305137313264	0.0	0.0	
15.296550865645441	7.2607847226497135	0.0	0.0	
14.55963230190197	7.538990132527614	0.0	0.0	
15.389299937365568	8.989113929297337	0.0	0.0	
14.91140819905507	9.764865442812264	0.0	0.0	
14.764221890906224	11.471530393882402	0.0	0.0	
14.87652624021476	11.971955881672958	0.0	0.0	
14.87423018537235	12.85067041409671	0.0	0.0	
14.500651769393796	13.792599585276863	0.0	0.0	
15.349289205356731	14.646357416528074	0.0	0.0	
15.327983124156555	15.98535241581062	0.0	0.0	
15.248196692461	16.54933762664491	0.0	0.0	
14.894142987232641	17.726012719704006	0.0	0.0	
14.611761655520537	19.04514147072569	0.0	0.0	
14.966970239820688	19.606903488956814	0.0	0.0	
15.074694269063965	21.1696762440031	0.0	0.0	
15.349074811558756	21.79516988291432	0.0	0.0	
15.40182580745703	22.824708159203386	0.0	0.0	
15.137242431014482	23.503887487691674	0.0	0.0	
14.77098810093227	25.480160731296607	0.0	0.0	
15.367347556488873	26.277954875392346	0.0	0.0	
15.022466893401589	27.317299847784444	0.0	0.0	
15.064342191564243	27.801290533964362	0.0	0.0	
14.541720834060776	29.079299043339077	0.0	0.0	
15.016134673193314	29.92289734343107	0.0	0.0	
14.605059405368731	31.103693687931248	0.0	0.0	
15.78906880044144	0.05175048242342273	0.0	0.0	
16.09579929603317	1.0513229202291496	0.0	0.0	
16.082678332409976	1.5383344189587635	0.0	0.0	
15.94068947153464	3.2631212670403498	0.0	0.0	
16.08358509957694	4.096225511750708	0.0	0.0	
16.44705156252388	4.932585706207702	0.0	0.0	
15.843920273003475	5.595164681804707	0.0	0.0	
16.139924045027833	7.3721316226420175	0.0	0.0	
16.02974391193416	8.070192191336313	0.0	0.0	
16.06800761982149	9.431624891156723	0.0	0.0	
16.170766544061472	9.618286897973379	0.0	0.0	
16.199040677556948	10.584519660751543	0.0	0.0	
15.676405956362462	12.395952621398141	0.0	0.0	
15.739299613856517	12.93988509251476	0.0	0.0	
16.002880622110954	14.44434393879712	0.0	0.0	
16.461185105609047	15.361218256700722	0.0	0.0	
15.81879436738453	16.060625487324984	0.0	0.0	
16.312672509090056	17.315172390044722	0.0	0.0	
15.520896958227542	18.22696771272515	0.0	0.0	
16.047386545954407	18.706833527810378	0.0	0.0	
16.450930865938695	19.822005841364525	0.0	0.0	
16.011827452358006	21.25548908131854	0.0	0.0	
16.236973386351107	21.914515562420483	0.0	0.0	
15.971174840051912	22.553528400555198	0.0	0.0	
16.10210573199309	23.85062522290062	0.0	0.0	
15.636745121072538	24.931704698752316	0.0	0.0	
16.18327732449077	25.99963767923939	0.0	0.0	
16.25248404344824	26.92084687549402	0.0	0.0	
15.791539374152265	28.157551521819485	0.0	0.0	
15.523578912573369	29.199308480057493	0.0	0.0	
16.43452776211001	30.297448049062055	0.0	0.0	
15.904040674457725	31.10964199605459	0.0	0.0	
16.568510940102836	0.3025303748629452	0.0	0.0	
17.121530535231773	0.7007704941749234	0.0	0.0	
17.122055026208233	1.6076879655161642	0.0	0.0	
16.97038192445878	2.9006414010229125	0.0	0.0	
17.211050034740484	3.6079356687635977	0.0	0.0	
16.967826562505053	5.239052491259008	0.0	0.0	
17.099369056252158	6.246241963189691	0.0	0.0	
17.31518599269878	6.50865714575959	0.0	0.0	
16.879452526375992	8.020931682257118	0.0	0.0	
17.190279070692426	9.490170119849854	0.0	0.0	
16.98231019705515	9.828557218930218	0.0	0.0	
16.568682817593746	10.978028585840608	0.0	0.0	
17.238506406989337	12.169794201316678	0.0	0.0	
16.868980813764622	13.335385521000534	0.0	0.0	
17.29662214251715	14.187924890141046	0.0	0.0	
17.09191447824981	14.88310439070631	0.0	0.0	
16.59714391247993	16.335033015740567	0.0	0.0	
16.880813445502913	17.134075122065152	0.0	0.0	
17.2636100035132	18.17318271545481	0.0	0.0	
16.907249086327614	18.677797292885064	0.0	0.0	
16.866152363623353	19.697461902309016	0.0	0.0	
16.873342486675806	21.372148848904228	0.0	0.0	
16.75985786549454	22.44975237173256	0.0	0.0	
17.127026726264578	23.07768000547706	0.0	0.0	
17.323699470227034	23.737848399896446	0.0	0.0	
16.946953012841064	25.196586703209544	0.0	0.0	
17.1176858002246	26.114140219833452	0.0	0.0	
17.374552606070903	27.401306259237302	0.0	0.0	
16.627404818430605	28.435574320383132	0.0	0.0	
16.76464141021309	28.647681740883186	0.0	0.0	
16.980733652540476	29.633870493062556	0.0	0.0	
16.57654670584607	30.797019074735992	0.0	0.0	
17.565388735243108	0.3294536715840739	0.0	0.0	
18.235630961808354	0.6208456036458498	0.0	0.0	
17.784734147595994	1.5126725848695997	0.0	0.0	
18.165144633361347	2.9299163322437067	0.0	0.0	
17.946489264721	3.5020170689626013	0.0	0.0	
18.471949795039325	4.88731720964132	0.0	0.0	
18.06659089477515	5.782099875028715	0.0	0.0	
17.725299725321346	6.638256150694472	0.0	0.0	
18.31844118628801	8.252267782005065	0.0	0.0	
18.264164493520386	8.881175532735096	0.0	0.0	
17.871989145757887	9.66980598772509	0.0	0.0	
18.147169944858728	11.206732000249822	0.0	0.0	
17.659076098668244	12.230137929545448	0.0	0.0	
18.472625047500316	13.01596456170336	0.0	0.0	
18.412912694976466	13.591584863287327	0.0	0.0	
18.194311810049385	15.3050982486075	0.0	0.0	
18.109331988396328	16.021948187232606	0.0	0.0	
18.202946869589436	16.812722709102776	0.0	0.0	
18.27714231055975	18.360611003198805	0.0	0.0	
17.942858714840934	18.975705952278894	0.0	0.0	
17.569539416289768	20.010224457818566	0.0	0.0	
18.48416948343962	21.41575212780161	0.0	0.0	
17.676409051675577	21.53536305581164	0.0	0.0	
18.36820285675069	22.552496578736406	0.0	0.0	
17.822105743517913	23.78465760855844	0.0	0.0	
18.032359217000486	25.289437072725807	0.0	0.0	
17.78711491899563	25.856682091492775	0.0	0.0	
18.41684746796504	27.116032446577854	0.0	0.0	
18.210664305131647	28.239298980339527	0.0	0.0	
18.03047842276747	29.100882840887174	0.0	0.0	
18.456224881452933	29.76460186817882	0.0	0.0	
18.34127165296152	30.686046213918676	0.0	0.0	
18.560167307699118	0.06180449841160862	0.0	0.0	
18.78892781395534	0.5426302510233779	0.0	0.0	
18.836099674639243	1.8331562441544356	0.0	0.0	
19.201137485632106	3.199356836154087	0.0	0.0	
19.18155096917975	4.420020408316626	0.0	0.0	
19.26949742030932	5.42069271704025	0.0	0.0	
19.409463191927472	5.593572700914649	0.0	0.0	
19.124906172120877	7.312784375424139	0.0	0.0	
19.19550909728877	8.10689893260572	0.0	0.0	
19.25416093098521	8.762510741917803	0.0	0.0	
19.074524791624725	10.217328713459437	0.0	0.0	
19.395897017870375	11.372422515449461	0.0	0.0	
19.091807496509098	12.274161744019004	0.0	0.0	
18.643840735794235	12.628934769241756	0.0	0.0	
18.543702105852233	14.163871399561765	0.0	0.0	
19.24988660116277	14.893782730144467	0.0	0.0	
18.53788457794131	15.562986324959123	0.0	0.0	
19.223747925230963	17.286319704124935	0.0	0.0	
19.050652767547643	17.594888289033797	0.0	0.0	
19.214339362976972	19.113729889403096	0.0	0.0	
19.448749513096747	20.24317321012539	0.0	0.0	
19.06516224215906	21.3121112979615	0.0	0.0	
18.54893273128942	22.297626242624055	0.0	0.0	
18.9228356287335	22.901522386765222	0.0	0.0	
19.161285191059655	23.874069474398773	0.0	0.0	
19.484749713237917	24.98861788864853	0.0	0.0	
18.962441580440423	26.454210665488674	0.0	0.0	
19.08730006137703	27.253823275509223	0.0	0.0	
18.97079287962076	27.54937205703327	0.0	0.0	
19.007906339518694	28.732635621692168	0.0	0.0	
19.005294744186635	29.55632051376427	0.0	0.0	
19.35339959432561	31.02276286335853	0.0	0.0	
20.030851055139138	0.04164462681384806	0.0	0.0	
20.49943413163741	1.3457864629484386	0.0	0.0	
20.050830888879663	2.14230779801161	0.0	0.0	
20.03741337819981	2.588201521240939	0.0	0.0	
20.470925254979278	3.9563789246691377	0.0	0.0	
19.6633386066391	5.353773552400877	0.0	0.0	
20.067962022103803	5.654025425303848	0.0	0.0	
20.474004188470715	6.9307664814201235	0.0	0.0	
20.37002082082534	8.44357453073352	0.0	0.0	
20.434058687732552	8.650413607128932	0.0	0.0	
19.922069751311994	10.409705037516424	0.0	0.0	
20.2493532299618	11.358230323438864	0.0	0.0	
19.916987191898944	11.541127604239897	0.0	0.0	
20.045724138656652	12.773337937911764	0.0	0.0	
20.19664511875825	14.419315794087211	0.0	0.0	
20.38986422301119	15.104149342677003	0.0	0.0	
19.727701567784067	16.313669633009045	0.0	0.0	
19.9034619674456	16.975402946624108	0.0	0.0	
19.755156753519454	18.49971643372064	0.0	0.0	
20.036726946254642	18.80488535197652	0.0	0.0	
19.62320841309344	20.16225188001958	0.0	0.0	
20.08131260556269	20.985381810923244	0.0	0.0	
20.38335352140348	21.525125893939958	0.0	0.0	
20.268555078095428	23.202013109502204	0.0	0.0	
19.8418876692422	24.346365530082778	0.0	0.0	
19.593106117126023	24.574079173590707	0.0	0.0	
20.010079353800485	26.146195289623176	0.0	0.0	
19.61399644169694	27.428519404077637	0.0	0.0	
20.426356500413036	28.3973814131884	0.0	0.0	
19.850398308436876	28.507030714744413	0.0	0.0	
20.032795319381357	29.686951074494104	0.0	0.0	
19.924700555471944	30.72278245432006	0.0	0.0	
21.356695697652786	0.024229449886082333	0.0	0.0	
20.915573665798373	0.529129488062963	0.0	0.0	
20.91838877563468	1.8091083447848708	0.0	0.0	
20.77089698922197	3.4548895919858	0.0	0.0	
21.019787890539337	3.7891295069186874	0.0	0.0	
20.78022694760463	5.1492874300586795	0.0	0.0	
21.070559326025933	6.016440823708891	0.0	0.0	
21.03080901947574	6.653599655406489	0.0	0.0	
21.286870090365138	7.663703946853219	0.0	0.0	
21.057891824226054	9.25560888646121	0.0	0.0	
21.09924438311334	9.891489407181302	0.0	0.0	
21.16070463916248	10.527646452817653	0.0	0.0	
21.30662692523294	12.07486901411691	0.0	0.0	
20.677468681499523	12.847091832695234	0.0	0.0	
20.98888751864831	14.28506286945622	0.0	0.0	
21.075261784679792	15.23466344968642	0.0	0.0	
21.072448500462777	15.59701567539299	0.0	0.0	
21.1861398133536	17.20477489819897	0.0	0.0	
21.29524211186887	18.372237260092554	0.0	0.0	
21.466024007005018	19.17217296744469	0.0	0.0	
20.606675294464974	20.025984090280414	0.0	0.0	
20.83212278873393	20.680392520583695	0.0	0.0	
20.696320515766395	22.46177189665251	0.0	0.0	
21.110474400320037	22.674326627481268	0.0	0.0	
21.1540559016597	24.102064268931713	0.0	0.0	
21.14144453934315	25.46970641463678	0.0	0.0	
21.107339501953668	25.787209274732966	0.0	0.0	
21.128810748200156	27.03024783012598	0.0	0.0	
20.588190668051993	28.160561932550603	0.0	0.0	
20.512557456859852	28.993025869346543	0.0	0.0	
21.24757798648765	29.82377212294207	0.0	0.0	
20.83616309734008	30.588069408999488	0.0	0.0	
21.799736227483816	0.10833833925348424	0.0	0.0	
22.365353419524503	1.4659123148413338	0.0	0.0	
21.61212063069867	1.7516394510485664	0.0	0.0	
21.641886981515217	3.0544123093659965	0.0	0.0	
22.063312052361784	3.8556810239312056	0.0	0.0	
22.357645784883022	5.429629592395833	0.0	0.0	
21.9913218527633	5.837946891400959	0.0	0.0	
21.66947403402257	7.325417270696498	0.0	0.0	
21.612158058064328	7.90954498880594	0.0	0.0	
22.110365170549393	8.57621241255884	0.0	0.0	
21.595043279690238	9.546074596608142	0.0	0.0	
22.397556358579507	11.343221744692398	0.0	0.0	
22.19794332386819	11.676192812690434	0.0	0.0	
21.58296642210821	12.987083259329966	0.0	0.0	
22.417043964259374	13.880086344700848	0.0	0.0	
22.304297526986193	15.316180498376983	0.0	0.0	
21.65761364952099	16.48159789956199	0.0	0.0	
22.064347314978246	16.93409890243609	0.0	0.0	
21.96768189245135	18.499980610529384	0.0	0.0	
22.031179063214907	18.68279170535648	0.0	0.0	
21.970076240964712	19.668702654245774	0.0	0.0	
21.805058385994418	21.274289020387815	0.0	0.0	
22.07040034340949	21.744237966441922	0.0	0.0	
21.776048078328916	23.486938148775728	0.0	0.0	
21.580813311916927	23.90983329448835	0.0	0.0	
21.50737299591531	24.978888270033117	0.0	0.0	
22.06721430637518	25.544837980165546	0.0	0.0	
22.22635280667476	26.764565750802134	0.0	0.0	
21.58956093942243	27.56372187828245	0.0	0.0	
22.449291415237987	28.636087180480896	0.0	0.0	
21.977752398212242	30.4595383911653	0.0	0.0	
21.516924997760157	31.099737313709355	0.0	0.0	
22.871471401018464	0.1807252144473116	0.0	0.0	
22.502612821592365	0.7658284792162774	0.0	0.0	
22.817477191054714	2.413855705439187	0.0	0.0	
23.354527164020904	3.405518246590594	0.0	0.0	
23.472443840958608	3.9458786083899873	0.0	0.0	
22.97722365802633	4.6082244716277	0.0	0.0	
23.255880034287966	5.857186018893343	0.0	0.0	
23.39200496586479	6.828730734481595	0.0	0.0	
23.358732225605962	7.5376509765089725	0.0	0.0	
23.045019755166155	8.862121004466958	0.0	0.0	
23.461020782196346	9.547857337372568	0.0	0.0	
23.370908960693413	10.78094431198746	0.0	0.0	
22.615180494156164	11.51146158221772	0.0	0.0	
23.11997826305282	12.761088632219044	0.0	0.0	
23.287837343806718	13.612468610806616	0.0	0.0	
23.480633562055132	14.671457265664092	0.0	0.0	
22.688703989287685	16.00908804586837	0.0	0.0	
22.60315626125645	16.659237676943754	0.0	0.0	
23.051540072931942	17.71306273538285	0.0	0.0	
23.471026596458067	19.07831156247835	0.0	0.0	
22.94674650505076	20.360829511960834	0.0	0.0	
22.6187044166438	20.91747031277855	0.0	0.0	
22.76698655007976	21.52518961523854	0.0	0.0	
22.570423619828336	23.273241961943693	0.0	0.0	
22.874955966243487	24.246942712464502	0.0	0.0	
22.879510726564824	24.885684085847206	0.0	0.0	
23.343777878316978	26.466172195295663	0.0	0.0	
22.94140866527833	27.394037379378684	0.0	0.0	
23.050640436993056	28.02156085951109	0.0	0.0	
23.347056242917322	29.413529930015592	0.0	0.0	
22.504992455417824	30.46385456591488	0.0	0.0	
22.50306379386221	30.89992165505961	0.0	0.0	
23.81415543108245	0.24499225156706483	0.0	0.0	
23.938020107350706	1.1306175811486976	0.0	0.0	
24.34419012241031	1.7097247738004069	0.0	0.0	
23.630957916566164	2.993738318270721	0.0	0.0	
24.05003174882578	3.7661423759760764	0.0	0.0	
24.33092772307608	5.359117387733632	0.0	0.0	
24.381880714429872	5.739295243690241	0.0	0.0	
24.267224205257165	6.576149342527338	0.0	0.0	
23.97191421101707	8.077375947331788	0.0	0.0	
23.73519774336365	8.99669188456672	0.0	0.0	
24.16982947142935	9.53753808974701	0.0	0.0	
24.43374367354557	10.954162663529436	0.0	0.0	
24.020454591756657	11.564950535830727	0.0	0.0	
24.13960718806522	13.238253669873426	0.0	0.0	
23.547679625071495	14.409639299079185	0.0	0.0	
24.391494624905192	14.562867833557432	0.0	0.0	
24.310522577561343	15.786834987424246	0.0	0.0	
24.046981424273106	17.28833798572434	0.0	0.0	
24.440018415231073	17.683257225621006	0.0	0.0	
23.589517600362182	19.084855009531278	0.0	0.0	
23.844056673061992	19.627414320323656	0.0	0.0	
23.733396397960973	20.997663180364718	0.0	0.0	
24.042208397017284	21.588928914132858	0.0	0.0	
23.871035943057066	22.72730264323998	0.0	0.0	
24.008147267416383	24.306644300136973	0.0	0.0	
23.681058344722263	25.441199233281754	0.0	0.0	
23.55320024349303	26.129957159910276	0.0	0.0	
24.23667289963151	26.612516710986277	0.0	0.0	
24.18211818237883	28.41786844428488	0.0	0.0	
23.998440973844893	28.61885678081532	0.0	0.0	
24.290868125423454	29.74177139383907	0.0	0.0	
23.954806210778038	30.937803828895987	0.0	0.0	
24.58797183007721	0.24185184174720753	0.0	0.0	
24.647329536832967	0.51355786057614	0.0	0.0	
24.789833904536525	2.3953034774125697	0.0	0.0	
24.799972781101882	3.3815953836293766	0.0	0.0	
25.135428711343526	3.9895443875154757	0.0	0.0	
25.47502107612285	5.094258347085955	0.0	0.0	
25.082192218346197	6.418320008917045	0.0	0.0	
24.791935614832873	7.346546961564413	0.0	0.0	
24.8123135789491	8.077208560687366	0.0	0.0	
24.807204359722174	9.470146808149549	0.0	0.0	
25.49360460980043	9.805843530310014	0.0	0.0	
25.351398206083385	11.024411548925675	0.0	0.0	
25.250445144574222	11.67635035260822	0.0	0.0	
24.539403215661313	13.262072933664532	0.0	0.0	
24.553530428360038	13.64865869610959	0.0	0.0	
24.790434229184296	14.902915357489018	0.0	0.0	
25.28260361327037	15.622441121019767	0.0	0.0	
24.837777216000447	16.66148025878601	0.0	0.0	
24.855444452563823	18.446052740665834	0.0	0.0	
24.559910109050755	18.819863472733676	0.0	0.0	
24.598444921605775	20.31920690526194	0.0	0.0	
24.95633922268866	20.784371063791617	0.0	0.0	
25.097580414515086	22.445685990696557	0.0	0.0	
24.590868576052234	22.890965689166926	0.0	0.0	
24.719018181055496	24.172058492981513	0.0	0.0	
25.100892342187656	24.911052057661376	0.0	0.0	
25.221924781519036	25.87563421128002	0.0	0.0	
24.935380336784863	27.10622078212922	0.0	0.0	
24.898892887258643	28.10020802062389	0.0	0.0	
24.66828736579243	28.678981994229577	0.0	0.0	
25.065954297036676	30.161967887203225	0.0	0.0	
25.036389875537786	31.270312557199027	0.0	0.0	
26.473032632763616	0.402253655491706	0.0	0.0	
26.32772113286808	0.9475837518114738	0.0	0.0	
25.516099584191043	2.0801560676133852	0.0	0.0	
25.530548482687827	3.2924426674940923	0.0	0.0	
25.935609275834025	3.935307992626632	0.0	0.0	
25.567523464848723	4.929550332697259	0.0	0.0	
25.73398081719246	5.7176631424159226	0.0	0.0	
25.827473909154786	7.117061473936123	0.0	0.0	
26.139466423401604	7.657224639767651	0.0	0.0	
26.32260707687084	8.803349262877404	0.0	0.0	
25.52709122956062	10.265158268084209	0.0	0.0	
25.706863137537	11.22164790973788	0.0	0.0	
25.842909580624923	11.911105761987463	0.0	0.0	
25.965747497053222	13.266368916290354	0.0	0.0	
25.76965231417534	13.831825296743947	0.0	0.0	
26.257674347222867	14.972241263265506	0.0	0.0	
26.10189333965076	16.066442568673644	0.0	0.0	
25.901513508910778	17.021905023412085	0.0	0.0	
26.353901525029116	17.881532634720408	0.0	0.0	
26.40374484808009	18.805049657065478	0.0	0.0	
26.08431507169115	19.690390560276633	0.0	0.0	
25.615502569341782	20.523817483689566	0.0	0.0	
25.73137955895359	22.055495783522467	0.0	0.0	
25.75003127814214	22.801231507200644	0.0	0.0	
26.2389022550603	23.78386157786025	0.0	0.0	
26.433184101409633	25.290848468552433	0.0	0.0	
26.042641909862617	26.112572635554944	0.0	0.0	
26.246761974128017	27.03016876504185	0.0	0.0	
26.491262458511347	28.200159161337485	0.0	0.0	
25.853246212477167	28.70316220102523	0.0	0.0	
25.968525589321956	30.17675245500613	0.0	0.0	
26.479541794223575	31.033467417759002	0.0	0.0	
27.154070402690653	0.16873311375941602	0.0	0.0	
27.363693765770265	1.263667700622119	0.0	0.0	
27.208841177909072	1.8260419022955556	0.0	0.0	
27.271600871397823	3.3974387763685234	0.0	0.0	
26.660235697927977	4.002033925429238	0.0	0.0	
27.058094378138232	4.803851689887014	0.0	0.0	
27.385085634085126	6.156493108803424	0.0	0.0	
27.426917555801325	6.98988615486663	0.0	0.0	
26.85847705318707	7.869712315162345	0.0	0.0	
27.3084460867419	8.765677475174114	0.0	0.0	
26.8876901791022	9.936104251255497	0.0	0.0	
26.79668736347823	11.116738104093177	0.0	0.0	
27.49313323914666	12.165296146091915	0.0	0.0	
27.354181887779966	13.138725649927785	0.0	0.0	
27.343702923870698	14.275253405134466	0.0	0.0	
26.589867972971412	14.834202278074873	0.0	0.0	
26.90061832751308	16.114281374647344	0.0	0.0	
27.14089589839925	16.626050305381824	0.0	0.0	
27.3942658009278	18.3126227998042	0.0	0.0	
26.944985557163164	18.906850637720886	0.0	0.0	
26.92758379593788	19.519684709534918	0.0	0.0	
27.273067812680964	21.0985864727357	0.0	0.0	
27.303337460979424	21.700060533662377	0.0	0.0	
26.83920207262496	22.50358664695696	0.0	0.0	
26.514571602809553	24.343065171636756	0.0	0.0	
27.198701324255538	25.031973297948387	0.0	0.0	
27.396649657937306	26.07612861168071	0.0	0.0	
26.846531148646584	27.006300925070576	0.0	0.0	
26.55942919081045	27.650932398571033	0.0	0.0	
26.877431273308076	29.487045811559874	0.0	0.0	
27.40578862290444	30.27886650468598	0.0	0.0	
26.564433211465026	31.249439421812816	0.0	0.0	
28.43353537840889	0.4952659396204139	0.0	0.0	
27.56903291247638	0.9649378746528118	0.0	0.0	
27.738061510338063	1.716357355272442	0.0	0.0	
28.347736945914104	2.537665875529098	0.0	0.0	
27.659106090724176	3.930844568528519	0.0	0.0	
28.454006338938648	4.81775657685189	0.0	0.0	
28.471692998245363	5.815834823517794	0.0	0.0	
27.713706905518464	6.74815793017677	0.0	0.0	
28.123987945900453	7.918978397372801	0.0	0.0	
28.107391888725914	8.980612053432399	0.0	0.0	
27.92157750349969	10.136119024654326	0.0	0.0	
28.107834275422746	10.800655471354139	0.0	0.0	
28.0288201720387	12.017497763812633	0.0	0.0	
28.155787026585525	13.362945595214029	0.0	0.0	
27.517657076570764	14.245935066545286	0.0	0.0	
27.73587374293241	14.682389996487696	0.0	0.0	
28.056309786563293	16.198778364983465	0.0	0.0	
28.028742571335325	17.023017798303464	0.0	0.0	
28.02141043953092	18.328692160983692	0.0	0.0	
28.29887742969469	18.779607347000166	0.0	0.0	
28.31955187970617	19.649705609894916	0.0	0.0	
28.410334342860775	20.53024455247896	0.0	0.0	
28.32971968759304	21.562270407487798	0.0	0.0	
28.03217260302917	23.494415804029828	0.0	0.0	
28.1813919708834	24.15439830845776	0.0	0.0	
28.340910060968408	25.396224986814577	0.0	0.0	
28.30750405071754	25.643624738187274	0.0	0.0	
27.829444011187885	27.367360654701777	0.0	0.0	
27.6558459387755	28.28749606453273	0.0	0.0	
28.37757386342012	29.185303348988235	0.0	0.0	
27.983918948165233	29.529814806143545	0.0	0.0	
28.44138884777074	31.11639242709633	0.0	0.0	
28.842809657626702	0.12805547806137396	0.0	0.0	
28.97209668500299	0.7052929451817398	0.0	0.0	
28.860587443999375	1.8504736708045217	0.0	0.0	
29.498373879785788	3.221586365972026	0.0	0.0	
28.800044226167742	4.337231796638316	0.0	0.0	
28.57752441060271	5.053528796165802	0.0	0.0	
29.221146077112778	6.484767189765738	0.0	0.0	
29.416421401753627	7.253032420469361	0.0	0.0	
28.706542752695388	7.56582273389406	0.0	0.0	
28.634217784804978	8.733790568199053	0.0	0.0	
29.470262531670464	9.871651663601947	0.0	0.0	
29.190961007199068	10.712661319336924	0.0	0.0	
29.357567476120543	12.310897020039572	0.0	0.0	
29.317404520471054	13.373570751765339	0.0	0.0	
28.878827942276907	13.851571982210276	0.0	0.0	
29.03471228087656	14.527296577458134	0.0	0.0	
29.4813490273021	16.235080352529458	0.0	0.0	
29.315508698812653	16.98009859135534	0.0	0.0	
28.845514676869417	18.100450276593804	0.0	0.0	
28.807181603721695	19.400083384036925	0.0	0.0	
28.98040499636453	19.792115669236004	0.0	0.0	
29.241428487010083	20.8943959459534	0.0	0.0	
28.945481037631335	21.584979760482504	0.0	0.0	
28.75792572067835	22.738870278620965	0.0	0.0	
29.00769327186603	24.25293066725396	0.0	0.0	
28.99604555248627	25.150384826774296	0.0	0.0	
29.335258105570116	25.71874151954582	0.0	0.0	
28.628190323706306	26.68834746234536	0.0	0.0	
29.212671823391936	27.630510124149318	0.0	0.0	
28.795355605038807	28.96407045073962	0.0	0.0	
28.924837919054294	29.54471202811599	0.0	0.0	
28.51612979792848	31.154455650914336	0.0	0.0	
29.89266372601467	0.49976562820021064	0.0	0.0	
30.29681909210689	1.0576559819501423	0.0	0.0	
29.539219880287146	2.03583273600809	0.0	0.0	
30.242765622528125	3.4555049597680294	0.0	0.0	
30.16382105239494	4.050799435310781	0.0	0.0	
30.07229242243367	5.139839110750473	0.0	0.0	
30.08367934767437	6.085245987221602	0.0	0.0	
30.42728309281931	7.243895343220483	0.0	0.0	
29.784617941872558	8.358591677543213	0.0	0.0	
29.61056254279589	9.181657098931582	0.0	0.0	
29.870475108534205	10.178917331628297	0.0	0.0	
30.12808918952052	11.314723767149296	0.0	0.0	
30.083795350539994	12.310767244217855	0.0	0.0	
29.62995436708319	12.50300734429828	0.0	0.0	
29.87015461530095	14.169043566720566	0.0	0.0	
30.49324184786673	15.439274260344511	0.0	0.0	
30.483660060526574	16.387956647915637	0.0	0.0	
29.94155624285895	17.109540434220452	0.0	0.0	
30.363877109450854	18.054029703747705	0.0	0.0	
30.282137201397568	18.871023035547534	0.0	0.0	
29.853504701050593	20.458688619930818	0.0	0.0	
29.944200146200462	21.22184795967655	0.0	0.0	
30.107113101122632	22.001446074721542	0.0	0.0	
30.077859640670084	23.12818018086925	0.0	0.0	
30.104297347837218	24.150404698594052	0.0	0.0	
29.552421503407587	24.672188981389713	0.0	0.0	
29.66803484207881	25.99454956893763	0.0	0.0	
30.121130046883845	27.344352434443397	0.0	0.0	
30.07903899943501	27.755375507409944	0.0	0.0	
30.19163464006216	28.87246368675682	0.0	0.0	
30.159554888705692	29.71975822479767	0.0	0.0	
30.06107399478173	31.102560201522437	0.0	0.0	
31.108306564771603	0.24804492168118897	0.0	0.0	
30.964911656825397	0.9660255735929145	0.0	0.0	
30.52786256362468	1.6205711449233027	0.0	0.0	
31.387745927104643	2.877958959188284	0.0	0.0	
30.9577412641149	3.532409592527227	0.0	0.0	
30.696130450168138	5.441290098942912	0.0	0.0	
30.70268455464321	5.58312119986093	0.0	0.0	
30.752302768038064	6.744680150778455	0.0	0.0	
31.023681946539007	7.638283208173863	0.0	0.0	
31.470404289551652	8.947652460211188	0.0	0.0	
31.42551995856189	10.185417730044945	0.0	0.0	
30.68897962692504	11.473989214664062	0.0	0.0	
30.528316344192422	11.562330312735462	0.0	0.0	
30.674730183444147	13.14823386314333	0.0	0.0	
30.764948469031843	14.053420075370099	0.0	0.0	
30.84301436543263	14.531814552107216	0.0	0.0	
31.23806610489643	16.137710219874627	0.0	0.0	
30.938373768247367	17.356931031276048	0.0	0.0	
30.839255398758556	17.920907971809854	0.0	0.0	
31.363599682359908	19.146213559399477	0.0	0.0	
30.694267855946503	20.07158255763022	0.0	0.0	
30.894623029804375	20.51100530241363	0.0	0.0	
31.34305633671573	22.25092904853633	0.0	0.0	
30.859886747250425	23.087851434206325	0.0	0.0	
30.941750347972164	24.483976802592743	0.0	0.0	
31.164515306467035	24.920348063603228	0.0	0.0	
30.6094089110818	26.039237481399496	0.0	0.0	
31.415721468153837	27.2092462968908	0.0	0.0	
31.265470231288944	28.032041951884796	0.0	0.0	
30.969819419845592	28.886655889878348	0.0	0.0	
31.085350561582995	29.735359111154747	0.0	0.0	
30.857090063171572	31.486321012318058	0.0	0.0	
