2
32.0	0.0	0.0	0.0	
0.0	32.0	0.0	0.0	
0.21333010916547512	0.04174953964470929	0.0	0.0	
0.3013160913549422	0.9304236009927306	0.0	0.0	
0.21909073705596538	2.0837191955637335	0.0	0.0	
0.1342806486759598	2.660471023511419	0.0	0.0	
0.20070607076286462	3.831656672622832	0.0	0.0	
0.4505336119128801	4.9174156042006505	0.0	0.0	
0.2213382290382322	5.885665653288742	0.0	0.0	
0.2682745535861859	7.438607845959771	0.0	0.0	
0.0632999656604829	8.228209895147945	0.0	0.0	
0.15929214683497117	8.754409340476123	0.0	0.0	
0.17733616474367087	10.237574264538004	0.0	0.0	
0.019537467564252342	10.986884316831043	0.0	0.0	
0.08981011956666385	11.578232867446534	0.0	0.0	
0.19394212899510388	13.079457128455559	0.0	0.0	
0.08755873368337375	14.218716043390701	0.0	0.0	
0.4334684045663436	15.003771022631865	0.0	0.0	
0.39051991899446026	15.63877376076552	0.0	0.0	
0.30263086195245803	16.954559538287373	0.0	0.0	
0.45099157259224454	17.912894428672377	0.0	0.0	
0.30855234036574697	19.136176722889324	0.0	0.0	
0.3884562505304172	19.888229030885274	0.0	0.0	
0.22795525023645613	20.86881391427881	0.0	0.0	
0.13089597022357746	21.722896532494314	0.0	0.0	
0.4389116028489518	22.851407668547193	0.0	0.0	
0.07350211955179653	23.721465245672277	0.0	0.0	
0.024624295761565884	24.620306663355926	0.0	0.0	
0.12512482806348124	26.387743322959302	0.0	0.0	
0.013462737145740977	26.62003236968716	0.0	0.0	
0.06773464757555459	27.82237441930068	0.0	0.0	
0.07991296428975214	28.971291596664607	0.0	0.0	
0.46402598425477504	30.23763518046537	0.0	0.0	
0.3901617971857777	31.03343177153488	0.0	0.0	
1.2334123197900255	0.2787836433103169	0.0	0.0	
0.9067744036118186	0.6330844227384986	0.0	0.0	
1.2076118321746474	1.767169052458061	0.0	0.0	
0.6151184128925401	2.655162697781503	0.0	0.0	
0.5399716198589672	3.5401538803310957	0.0	0.0	
1.1912234870000868	4.69428202152556	0.0	0.0	
0.8690821933456366	6.058520549560938	0.0	0.0	
1.148078427433808	7.4333277800484385	0.0	0.0	
0.5963744334023727	8.148564683707908	0.0	0.0	
0.6307995960969119	8.893573076643088	0.0	0.0	
1.472165929586177	10.111692584115765	0.0	0.0	
0.6204673128368677	11.468335345554973	0.0	0.0	
0.8167742427485002	12.14009362184048	0.0	0.0	
1.0942744267308835	13.469546394194886	0.0	0.0	
0.8436477414415718	14.208773659273362	0.0	0.0	
1.4038482273254913	15.053548142222807	0.0	0.0	
0.5968576195942769	16.175304529556634	0.0	0.0	
1.3397048860656335	17.305380838319728	0.0	0.0	
0.94549238629889	17.77422928898583	0.0	0.0	
0.5496409791045935	18.631742487037535	0.0	0.0	
1.4128711965503087	20.35570400402103	0.0	0.0	
0.5864279633818118	21.137570081016175	0.0	0.0	
1.4988093774857858	21.708921133858045	0.0	0.0	
0.6360740036111134	23.422186818183775	0.0	0.0	
1.117952154439221	23.706444902918385	0.0	0.0	
1.3468608498913817	25.067406381967224	0.0	0.0	
0.6699721295602851	25.787775959439546	0.0	0.0	
0.7978706185215765	27.29910748182073	0.0	0.0	
0.8655398635212282	27.74239762091221	0.0	0.0	
1.3153929725496734	28.878101670115942	0.0	0.0	
0.9942418188219476	30.1923704311248	0.0	0.0	
0.6208477106778997	30.739880410223666	0.0	0.0	
1.5496052977922439	0.3839970366974451	0.0	0.0	
2.491164332019666	0.9708733055923591	0.0	0.0	
2.3901906907798622	2.312416487122622	0.0	0.0	
2.4497123083472108	2.8448122885374283	0.0	0.0	
1.6272790044628094	4.213025802111926	0.0	0.0	
2.268367332408391	4.658486586675284	0.0	0.0	
2.195066599116341	6.497527905194047	0.0	0.0	
1.836322367245201	6.742760121537123	0.0	0.0	
2.137585955634818	7.972329233646656	0.0	0.0	
1.7465695356864086	9.147408111412284	0.0	0.0	
1.569966550858639	10.275669600529438	0.0	0.0	
2.063168177003803	10.750981986185925	0.0	0.0	
2.1680919212776404	11.887014914077485	0.0	0.0	
2.4998352316943953	12.568764279017898	0.0	0.0	
1.8793955777890181	14.119997785195103	0.0	0.0	
1.6831286732765893	15.07617519306317	0.0	0.0	
1.8930920866483145	16.07396026835317	0.0	0.0	
1.5757036261034998	16.89919964335507	0.0	0.0	
1.762472688518951	18.10558006261336	0.0	0.0	
1.6361239249160457	18.598509378855315	0.0	0.0	
1.5552101168963586	20.287142844309532	0.0	0.0	
1.936967535039504	21.17643616237915	0.0	0.0	
2.2188816182816575	21.645068658322185	0.0	0.0	
1.6060802746646075	22.507307241141962	0.0	0.0	
2.127508907011569	23.58435062494462	0.0	0.0	
2.069283354677383	25.20126913771786	0.0	0.0	
1.6309605929460333	26.019338932995737	0.0	0.0	
1.8647054973025534	26.572256481961627	0.0	0.0	
2.085352154020292	27.69200346236516	0.0	0.0	
2.404839253799689	28.719446160115854	0.0	0.0	
2.1728621571186557	30.185545358483004	0.0	0.0	
2.484233262646132	31.25361285490866	0.0	0.0	
3.411238955243191	0.12332180386689273	0.0	0.0	
3.474500571160982	0.8256946177583472	0.0	0.0	
3.0072776508694377	1.7300441077856847	0.0	0.0	
3.0380559683757937	3.2651383441517305	0.0	0.0	
3.05691033652457	4.084466250850644	0.0	0.0	
2.913548000130223	5.057596679580536	0.0	0.0	
2.98432199300233	6.411335966052311	0.0	0.0	
3.0867085405703225	6.777354263852308	0.0	0.0	
3.4236312843764183	7.599287365674953	0.0	0.0	
2.515597736207948	9.384423828433917	0.0	0.0	
3.3986681197968402	10.16063719819871	0.0	0.0	
2.61196973843736	11.035858916713794	0.0	0.0	
3.134767478871465	11.506612195052778	0.0	0.0	
2.5546396228981036	13.099165145446678	0.0	0.0	
3.3141133756478354	13.73542316691394	0.0	0.0	
3.3710125581482244	14.843947733474021	0.0	0.0	
2.9781654531545865	16.069828730054443	0.0	0.0	
3.4255174465093363	16.67901068392261	0.0	0.0	
3.3354334897013027	18.018526251613622	0.0	0.0	
2.5523709693417658	19.279812313438562	0.0	0.0	
2.5966628404401324	19.928607506935734	0.0	0.0	
2.9637370195389767	20.72042209917589	0.0	0.0	
2.890094265037198	22.392079663586546	0.0	0.0	
2.8818496858228286	23.083842464567233	0.0	0.0	
3.370355913364763	23.777342396572205	0.0	0.0	
2.9417689438008634	24.729795352893213	0.0	0.0	
3.2125585211384	25.591970515199698	0.0	0.0	
2.68572609427458	27.367967336633757	0.0	0.0	
3.1550815425930416	28.355959875385945	0.0	0.0	
3.2158531225684963	28.847111108421416	0.0	0.0	
2.821534166943	29.66297169264908	0.0	0.0	
2.545823988074407	30.722923236298517	0.0	0.0	
3.738845930719461	0.08654263988902533	0.0	0.0	
3.8285405887626665	1.2486867338455485	0.0	0.0	
3.6012322967058674	2.108319567419345	0.0	0.0	
3.599199664171758	3.3579930479832574	0.0	0.0	
4.221683267642654	3.6355339480561106	0.0	0.0	
4.347563991308633	4.996833957818599	0.0	0.0	
3.657737472350539	5.645132725909651	0.0	0.0	
4.036051070677063	7.125240964371149	0.0	0.0	
4.132410139513288	8.459263087898798	0.0	0.0	
4.238503477388998	9.373181275268756	0.0	0.0	
4.391134270518053	9.984330775586638	0.0	0.0	
4.44258476887385	10.571819584187441	0.0	0.0	
4.200897850745212	11.977288263329482	0.0	0.0	
4.107783164251191	12.783428664468484	0.0	0.0	
4.487390569182615	14.18474690463338	0.0	0.0	
3.653044081548002	15.380827531266931	0.0	0.0	
3.9880059944387636	15.555390086556466	0.0	0.0	
4.271227578172335	17.48336993982618	0.0	0.0	
4.167537402144153	17.56721032858439	0.0	0.0	
3.5933708243948415	19.249949767141644	0.0	0.0	
3.800129501918505	20.029118284008263	0.0	0.0	
3.6302656450819346	20.673272370339934	0.0	0.0	
4.234771624381615	22.0624394704632	0.0	0.0	
4.10965489991168	22.846477325711376	0.0	0.0	
3.9067624817703295	23.789643506629304	0.0	0.0	
3.571770833128104	24.921106215696177	0.0	0.0	
3.8497007726974837	26.3525540362579	0.0	0.0	
3.799256256466232	26.70612494579686	0.0	0.0	
3.812698872659704	27.51682788571745	0.0	0.0	
3.9553084740636644	29.172992145466008	0.0	0.0	
3.999248539546453	29.97591431427657	0.0	0.0	
4.338791349072687	30.84080433801617	0.0	0.0	
5.260185357455257	0.28304313811456394	0.0	0.0	
5.320920503516334	0.7978220934391648	0.0	0.0	
5.3336142401685045	1.5790858481831656	0.0	0.0	
4.649255455700898	3.1873134550756554	0.0	0.0	
4.908500612986951	4.023277065697159	0.0	0.0	
4.90665191425137	5.376206022344833	0.0	0.0	
4.623379682485314	6.4976942306948295	0.0	0.0	
4.582874817150972	7.216833683420577	0.0	0.0	
5.4541407672928335	8.457825241933596	0.0	0.0	
5.0252796064917025	8.809591688113938	0.0	0.0	
4.508610520133175	10.188287494621502	0.0	0.0	
4.958094086362268	11.255192764908402	0.0	0.0	
5.105537773506843	11.582327955645644	0.0	0.0	
4.686749932071169	13.096120313747187	0.0	0.0	
5.318429645019851	13.960609618094999	0.0	0.0	
5.431001267813404	14.521142013783919	0.0	0.0	
5.33652201287077	16.138540836519176	0.0	0.0	
5.226416303673875	17.114939354402466	0.0	0.0	
5.010968440800262	18.290737796970266	0.0	0.0	
5.368518732372162	18.581659385574454	0.0	0.0	
5.326502400705865	19.701040491629485	0.0	0.0	
5.168612347657183	20.709576603717526	0.0	0.0	
4.959413189036297	21.561132260637734	0.0	0.0	
4.633613405071996	23.44605553371316	0.0	0.0	
4.5756401784304375	23.683052254087286	0.0	0.0	
5.071012933195572	24.834265318846604	0.0	0.0	
4.667226297492636	25.518273523506114	0.0	0.0	
5.1546597110899155	27.255177367700558	0.0	0.0	
4.7344196746093585	28.178101492312628	0.0	0.0	
5.051693245331153	28.825701013644043	0.0	0.0	
5.384803636107074	29.928670015501215	0.0	0.0	
5.3722175082656864	31.495443148227032	0.0	0.0	
5.687570833948498	0.29147565610821724	0.0	0.0	
5.988033063113211	0.8478107344265642	0.0	0.0	
6.4264219532100935	2.1394171759648857	0.0	0.0	
6.136717942519388	3.3585417312093613	0.0	0.0	
5.933081528823322	3.7274870657673187	0.0	0.0	
5.7781793836588315	4.873782833506068	0.0	0.0	
6.03527567992099	5.728342446991111	0.0	0.0	
6.321492854102891	6.658527707552217	0.0	0.0	
6.429604650416937	8.421032289981664	0.0	0.0	
6.148536543162143	8.785743967699439	0.0	0.0	
6.142000693774065	9.9939789874226	0.0	0.0	
6.086168529141028	10.90654721958489	0.0	0.0	
5.630205504657288	11.634681752575421	0.0	0.0	
5.963765982126967	12.668213925467235	0.0	0.0	
5.629568100742952	14.257639751947343	0.0	0.0	
5.572081438805544	15.244227031769567	0.0	0.0	
6.097351986098853	16.391320493427653	0.0	0.0	
5.810265147965655	17.352795563128087	0.0	0.0	
6.282025296349405	18.356499486386724	0.0	0.0	
6.185933986964314	19.242483240758062	0.0	0.0	
5.6094090681256406	20.429315659002857	0.0	0.0	
5.904777843834222	20.773552168473067	0.0	0.0	
5.876764609301563	22.062934704721698	0.0	0.0	
6.310851005887468	23.35961986934716	0.0	0.0	
6.375712731582761	23.86232072225485	0.0	0.0	
5.730939652282993	25.435765322890504	0.0	0.0	
6.312872109439518	26.499702076350673	0.0	0.0	
5.704387841430323	26.99355292856868	0.0	0.0	
5.924683922677371	27.7224426126532	0.0	0.0	
5.5219431104169745	29.487297099748986	0.0	0.0	
6.3281443622197235	29.79034538795793	0.0	0.0	
5.620934495742517	30.563632687572692	0.0	0.0	
6.811197124544137	0.05300209408007284	0.0	0.0	
6.878825814912248	1.3849134065589732	0.0	0.0	
6.8598445678190165	2.3403894216104657	0.0	0.0	
7.372595446362438	2.7942387335301326	0.0	0.0	
6.645356328346747	4.200037324573541	0.0	0.0	
6.756658509970883	5.28425350179372	0.0	0.0	
7.48152710941123	6.3426033053243085	0.0	0.0	
6.746347529412048	7.361582157432761	0.0	0.0	
6.67736023971386	7.580214308214169	0.0	0.0	
7.308774527098149	9.087402194340033	0.0	0.0	
6.541166745209921	10.321803939461468	0.0	0.0	
6.7476950448669495	10.670165254874094	0.0	0.0	
6.787577850938945	12.035156723170205	0.0	0.0	
7.011806001930746	12.811360814971342	0.0	0.0	
7.227032150705886	13.677017136217879	0.0	0.0	
7.460141831655602	15.011932399206692	0.0	0.0	
6.588174430044656	15.976964796745365	0.0	0.0	
6.719341611157439	16.671115922227244	0.0	0.0	
7.341291320314375	17.50750198001661	0.0	0.0	
6.533128923537824	19.14042510775072	0.0	0.0	
7.197338782694015	20.397941877630387	0.0	0.0	
6.637219183511927	20.78336548341763	0.0	0.0	
6.983486803993481	21.67779308762822	0.0	0.0	
6.925532399349903	23.135143491409675	0.0	0.0	
6.62797134114889	23.500339703669113	0.0	0.0	
6.7986461212629345	25.428765409961436	0.0	0.0	
6.742617149954593	26.12290899378767	0.0	0.0	
6.562056254473527	26.850246301001626	0.0	0.0	
6.824258584820517	28.38596257380936	0.0	0.0	
6.595169923949591	28.52950626698618	0.0	0.0	
6.766800511413551	30.281188972869174	0.0	0.0	
7.452556568747687	30.6330060959761	0.0	0.0	
8.404651120991709	0.467742120363976	0.0	0.0	
8.293375757376053	1.2967623156972916	0.0	0.0	
8.454901905493237	2.292599080724534	0.0	0.0	
8.205801305310128	3.3605653332489784	0.0	0.0	
7.7083157046047575	4.492733975500657	0.0	0.0	
7.92088618941327	4.93111095689723	0.0	0.0	
8.402981868879824	6.303592743488144	0.0	0.0	
7.6501066357252	7.138964701221042	0.0	0.0	
8.44293384328373	8.03851625443349	0.0	0.0	
7.9098515661373465	9.003319576676635	0.0	0.0	
7.635302180928721	10.437805252358237	0.0	0.0	
7.7706474678691855	11.172587979944442	0.0	0.0	
7.901475071960383	11.70591382979522	0.0	0.0	
7.931232822513587	13.492630721084728	0.0	0.0	
7.87189532259062	13.7937853221534	0.0	0.0	
8.395890978193233	15.349669697023508	0.0	0.0	
8.402857697362014	16.170546726804954	0.0	0.0	
8.090738158261221	16.708182649780262	0.0	0.0	
7.965148131711001	18.015271483234528	0.0	0.0	
7.917518701969345	19.197035608090005	0.0	0.0	
8.22493564008501	20.371329016473172	0.0	0.0	
8.274241168244766	21.370184456881173	0.0	0.0	
7.521704110972452	21.853016180369853	0.0	0.0	
7.863265482439545	22.577074812963875	0.0	0.0	
7.98323773165744	23.9648594461297	0.0	0.0	
7.659322508697031	24.806189816849802	0.0	0.0	
8.14656659449641	26.196784327719392	0.0	0.0	
8.304419135324583	27.11340230279212	0.0	0.0	
7.5128406332489055	28.18459866437957	0.0	0.0	
8.183086852709653	29.32310808280082	0.0	0.0	
8.162932693241983	29.797985474628014	0.0	0.0	
7.786825233347428	31.13294135008274	0.0	0.0	
9.286030855180968	0.052005072930163876	0.0	0.0	
8.693808086126987	0.9360792162509682	0.0	0.0	
9.120633033412066	1.651396747099894	0.0	0.0	
9.131253121791277	2.7604424953278404	0.0	0.0	
9.076298627151303	4.141430435691596	0.0	0.0	
8.97933023342716	4.62340485292425	0.0	0.0	
8.631109904721619	5.667650661726672	0.0	0.0	
8.586797092954662	6.899520069431016	0.0	0.0	
9.020389941572262	7.8458229142498785	0.0	0.0	
8.625183844605253	8.896485948383466	0.0	0.0	
8.88659799058337	10.424112155543401	0.0	0.0	
9.362737443475458	10.577941351667935	0.0	0.0	
8.606181731399811	12.42857543465896	0.0	0.0	
8.74104717580715	13.088544787236012	0.0	0.0	
9.022676112172336	14.332438732527043	0.0	0.0	
9.127267207970517	14.896245216967845	0.0	0.0	
9.46558583828947	15.744797429325331	0.0	0.0	
8.726935767451844	17.27404434359149	0.0	0.0	
8.941138958372463	17.827815513815054	0.0	0.0	
9.288268779570966	19.4128829240158	0.0	0.0	
8.89052483727392	19.677586259540973	0.0	0.0	
9.41649218931911	20.73229413135377	0.0	0.0	
9.13079084567851	22.13616833934641	0.0	0.0	
8.69142100755598	22.642351543927713	0.0	0.0	
9.450788089205615	23.708803077495865	0.0	0.0	
8.55868254426673	25.240615027899338	0.0	0.0	
8.785847487226095	25.770787013029693	0.0	0.0	
8.877647282519835	26.634926364255673	0.0	0.0	
8.60669619312096	28.418082248228313	0.0	0.0	
8.94899374653662	29.375540710997626	0.0	0.0	
8.587085340663346	29.52639903950897	0.0	0.0	
8.514513614568067	31.40900889722817	0.0	0.0	
10.464550781935152	0.012484655202636197	0.0	0.0	
10.497586798477046	1.0432659217700435	0.0	0.0	
10.134093450727526	1.6312460843718006	0.0	0.0	
9.915137767479363	3.27685865176845	0.0	0.0	
10.462262834046458	4.04669020630493	0.0	0.0	
9.833519069023076	4.622932579324386	0.0	0.0	
10.173611088976768	6.272579565613505	0.0	0.0	
10.214415208752552	6.506029274462061	0.0	0.0	
10.127011793854034	7.782205341638385	0.0	0.0	
10.347822107847291	9.291217559123968	0.0	0.0	
10.252657916865818	9.567644836330851	0.0	0.0	
10.208645993797893	10.870948371406488	0.0	0.0	
9.968408704038449	11.851467229023095	0.0	0.0	
9.755433245513423	13.047496777798331	0.0	0.0	
10.076456226256772	14.132765320850968	0.0	0.0	
10.245898691540273	15.306946366848653	0.0	0.0	
9.529100713154552	16.11931953793569	0.0	0.0	
10.38089038110055	17.23755929762525	0.0	0.0	
10.118774874123307	17.948614469927104	0.0	0.0	
9.986173310422803	18.76906394817564	0.0	0.0	
10.419357389456714	19.68993870243193	0.0	0.0	
10.489917093154087	21.38986550933996	0.0	0.0	
9.56403933973726	21.935920677728653	0.0	0.0	
10.05827237898748	23.026994991298114	0.0	0.0	
10.453746404084116	23.86866232248476	0.0	0.0	
9.805293559375691	24.899969818493886	0.0	0.0	
9.56031696898519	25.711780479730216	0.0	0.0	
9.50010240856281	27.127413088517915	0.0	0.0	
9.732798764921611	27.70617122453538	0.0	0.0	
10.495896760448014	28.916494437838818	0.0	0.0	
10.44329112918387	29.756158734918873	0.0	0.0	
10.240268868412999	30.693916408977557	0.0	0.0	
10.621169705653632	0.09884670735188927	0.0	0.0	
10.857515799432242	0.6446897963066338	0.0	0.0	
11.402482195802854	2.327633832003716	0.0	0.0	
11.17319245540368	2.991794104899049	0.0	0.0	
10.591132821695032	3.829601193850344	0.0	0.0	
10.689614724673936	5.483856436477267	0.0	0.0	
11.37717147415847	6.447140635759403	0.0	0.0	
10.981058570931415	6.500755111791312	0.0	0.0	
10.887835202153633	7.687157977920339	0.0	0.0	
11.424508695354836	8.904686514113894	0.0	0.0	
11.016385173587285	10.226383183999689	0.0	0.0	
11.023981806343304	11.052473487041258	0.0	0.0	
10.839950963886714	12.020844908613599	0.0	0.0	
10.739205472623283	13.248169747948866	0.0	0.0	
11.037233250665441	13.882246719845435	0.0	0.0	
10.643404559613858	15.454607495185858	0.0	0.0	
10.97212267777093	15.652304053778495	0.0	0.0	
11.189044169080146	17.103331456043446	0.0	0.0	
10.829429182925589	18.34941303576976	0.0	0.0	
11.30206758535589	18.58293667730053	0.0	0.0	
10.97162253313277	20.262330124002112	0.0	0.0	
10.909041947868236	20.792423492895676	0.0	0.0	
10.794791558236595	21.59743973087403	0.0	0.0	
11.22033067049094	23.355789093864114	0.0	0.0	
11.000009346558683	23.813858156474957	0.0	0.0	
11.389776423346731	24.80526077142213	0.0	0.0	
11.358181295873118	25.679970588271615	0.0	0.0	
10.563428773689093	26.782833061007437	0.0	0.0	
11.4897141033216	28.044894514327126	0.0	0.0	
10.860740331742539	28.640562713519525	0.0	0.0	
11.237248221081106	29.940377324564874	0.0	0.0	
11.312811311266783	30.616297238288862	0.0	0.0	
12.396878449931284	0.32966698193665867	0.0	0.0	
11.6052387219531	1.0984483624142376	0.0	0.0	
11.808174205687624	2.344291347001385	0.0	0.0	
12.496923019085745	2.6875485339133434	0.0	0.0	
11.774703016750621	3.6815806212764803	0.0	0.0	
11.640990487985155	4.6345454464445375	0.0	0.0	
12.016383393569138	5.657053969268213	0.0	0.0	
11.640880982696062	6.517087218751521	0.0	0.0	
12.01664289308184	7.763816046326983	0.0	0.0	
12.287589696019038	8.658056662578561	0.0	0.0	
11.60334074225686	10.407049332826253	0.0	0.0	
12.320270531438561	11.483190967960411	0.0	0.0	
12.037925249462775	11.649460277870041	0.0	0.0	
11.693552172521004	13.350613718039545	0.0	0.0	
11.911890622185057	14.155358205259624	0.0	0.0	
11.550897827959695	14.710205251597369	0.0	0.0	
11.844273415328722	15.53823984734598	0.0	0.0	
11.831474578404773	16.754726415540368	0.0	0.0	
12.158618528915135	18.434101182190094	0.0	0.0	
11.625853759435355	18.7761392300225	0.0	0.0	
11.701022841735435	19.98863723034276	0.0	0.0	
12.25187481148563	21.46140886519621	0.0	0.0	
12.231413432979775	21.887475817313554	0.0	0.0	
12.271677639840629	23.420237198395146	0.0	0.0	
12.18653238400864	23.896717062545278	0.0	0.0	
11.583565465819133	25.261079800824916	0.0	0.0	
12.379000241665821	25.72729954487944	0.0	0.0	
12.328212668391686	27.31107879012839	0.0	0.0	
12.423712137897793	27.763648537200336	0.0	0.0	
11.65971504043677	28.805012318516827	0.0	0.0	
11.755355496186256	29.931089470730477	0.0	0.0	
12.435313281174587	31.27868346030156	0.0	0.0	
13.408715526359618	0.37218203904097247	0.0	0.0	
13.064645604136116	0.8872502428238535	0.0	0.0	
13.460630275930463	2.154488006671875	0.0	0.0	
12.534122240981517	2.5446624119841372	0.0	0.0	
13.146694567788291	3.5257480030533355	0.0	0.0	
12.595141151668564	5.176443739115306	0.0	0.0	
13.380626785761287	5.5334727747457855	0.0	0.0	
12.947990712267197	6.929934481507308	0.0	0.0	
13.27967340674456	7.673566704495542	0.0	0.0	
13.470502949452971	8.847644896017625	0.0	0.0	
12.757302113678323	10.11935302895091	0.0	0.0	
12.700320847879096	10.987486033290772	0.0	0.0	
12.703618570125807	12.159320950772983	0.0	0.0	
12.982489472847949	12.783389446182326	0.0	0.0	
13.402525402723317	13.817985114343784	0.0	0.0	
12.517627581587858	15.498015163387285	0.0	0.0	
12.834979876794069	15.500679381055077	0.0	0.0	
13.00437516233585	17.29010805666585	0.0	0.0	
12.856077061013472	17.617494194146893	0.0	0.0	
13.448862846368813	19.15868728665157	0.0	0.0	
12.637157973640551	19.662959192463237	0.0	0.0	
12.562622167192249	21.37112088795664	0.0	0.0	
13.284771398138277	22.12554502870494	0.0	0.0	
12.611923786686939	22.95600114487553	0.0	0.0	
13.30488591123281	24.294272649888686	0.0	0.0	
13.110559540462578	25.37199510287974	0.0	0.0	
13.07298066236718	25.967658767045812	0.0	0.0	
13.075556632267178	27.448527834486715	0.0	0.0	
12.529876537853658	28.41239057263767	0.0	0.0	
13.486072101831006	28.71855510105483	0.0	0.0	
12.569317865664887	30.403447579713767	0.0	0.0	
13.100017622488746	31.439462160811217	0.0	0.0	
13.998893950509018	0.31883259355731386	0.0	0.0	
13.951665210808667	0.8195177160759017	0.0	0.0	
14.32286759352173	1.6650536340949418	0.0	0.0	
14.234181449230007	2.8743842630494196	0.0	0.0	
13.806531729576388	4.479478143816693	0.0	0.0	
13.68438645115482	5.12169153077971	0.0	0.0	
14.289051898745498	5.877459610652659	0.0	0.0	
14.39969417723837	6.933193677430559	0.0	0.0	
14.124467263380799	7.7689296032509	0.0	0.0	
13.74730816645339	8.921510766405822	0.0	0.0	
13.714702941181493	9.819224684438048	0.0	0.0	
14.055288927496429	11.008516014501678	0.0	0.0	
14.491719642836138	11.805907962147113	0.0	0.0	
13.899061444486886	13.173861919142555	0.0	0.0	
13.921733065744236	14.196965881776858	0.0	0.0	
13.553566220251893	14.854824887057436	0.0	0.0	
13.778568646350354	16.36579765649873	0.0	0.0	
13.785364800266503	16.600296026837828	0.0	0.0	
14.442149524070858	18.27729214649421	0.0	0.0	
13.61631459928747	18.603510429106752	0.0	0.0	
14.455515337075477	19.85013830871461	0.0	0.0	
14.48769935285459	20.555929172498832	0.0	0.0	
13.934669507846035	22.28318274341533	0.0	0.0	
13.780365120297885	23.277468750951563	0.0	0.0	
14.337590769040796	23.520462970173035	0.0	0.0	
13.51442966470023	25.106402272239603	0.0	0.0	
13.674894954550425	25.731381573576268	0.0	0.0	
14.498429209736386	26.863677774168323	0.0	0.0	
14.424788475552901	28.291651928381594	0.0	0.0	
13.89796163348619	29.050103560222492	0.0	0.0	
13.526971437903459	29.975578603989643	0.0	0.0	
14.274997837131268	30.64557823257348	0.0	0.0	
15.023598173757556	0.4278602061867288	0.0	0.0	
15.397970523882108	0.9797379081156119	0.0	0.0	
14.767662678719944	2.290238655081993	0.0	0.0	
15.145065055586503	2.7906770628098814	0.0	0.0	
14.945851323406137	3.9297071779993638	0.0	0.0	
15.434621811860957	5.253113073613092	0.0	0.0	
14.659192626084804	5.704429469977942	0.0	0.0	
14.601015144064373	6.84750188616299	0.0	0.0	
15.43418699380874	8.100850375565862	0.0	0.0	
15.20725044552548	9.095645841203485	0.0	0.0	
15.018483963804123	10.490065175646889	0.0	0.0	
15.486344989989774	11.209535646748863	0.0	0.0	
15.135631088972747	12.190614910296315	0.0	0.0	
15.452788211820593	13.40360081583368	0.0	0.0	
14.917882367822173	14.0537799168847	0.0	0.0	
14.62905989886756	15.359696504690318	0.0	0.0	
14.529502629636745	16.152176267099073	0.0	0.0	
15.24224144193896	17.40448930779425	0.0	0.0	
15.03410587166693	17.528293864200677	0.0	0.0	
14.891248654976803	19.10102591922273	0.0	0.0	
15.102809286769702	20.284448650674914	0.0	0.0	
14.879557917964243	21.37282956274851	0.0	0.0	
14.722275793913123	22.29103798122658	0.0	0.0	
14.713593726300752	23.360642811532447	0.0	0.0	
14.56474353416099	23.634390701020166	0.0	0.0	
15.429701969390852	25.33141888874481	0.0	0.0	
15.123263677937285	25.513000390747518	0.0	0.0	
15.291444006075583	27.362059800936287	0.0	0.0	
15.228706603312215	28.034321887038487	0.0	0.0	
15.052703746392893	29.27737135605049	0.0	0.0	
14.71231319134646	30.42171879544212	0.0	0.0	
14.902908030415784	31.08726036160207	0.0	0.0	
16.371188852702268	0.24351893654536472	0.0	0.0	
16.301819566658878	1.1945058200177465	0.0	0.0	
16.380873846408722	2.3215400683066036	0.0	0.0	
15.685056195530159	2.6733836913731395	0.0	0.0	
15.725373679552721	3.8375303845414885	0.0	0.0	
16.036417774093824	4.744539377581666	0.0	0.0	
16.140736765002696	5.7906308035691545	0.0	0.0	
15.633833406514654	6.708633480701847	0.0	0.0	
15.894614701370887	7.758520901635756	0.0	0.0	
16.10873512249336	8.643491622195105	0.0	0.0	
15.684486621294116	9.614488096199189	0.0	0.0	
15.682411884426024	10.569462580284414	0.0	0.0	
16.370324893380324	12.10959795960662	0.0	0.0	
15.664207572213087	13.367882122708608	0.0	0.0	
15.579023364926151	14.120194917893347	0.0	0.0	
15.959653663895947	14.834646053330813	0.0	0.0	
16.492658014830184	15.626388146418595	0.0	0.0	
15.721941564579637	17.42254765723354	0.0	0.0	
16.48528317167661	18.3977965282565	0.0	0.0	
16.169483009237013	19.191358006122822	0.0	0.0	
15.89592784540395	20.190488453034128	0.0	0.0	
16.205596116235093	21.07732402958937	0.0	0.0	
16.134259896420982	22.342017186022535	0.0	0.0	
15.58494684596135	22.891980553146535	0.0	0.0	
15.892579601623623	24.297406861208707	0.0	0.0	
16.041235601931195	25.32708540423563	0.0	0.0	
16.234494989183542	26.002098008253892	0.0	0.0	
16.369472462289224	26.802515010933337	0.0	0.0	
15.776919567012582	27.876048987838654	0.0	0.0	
16.096267106629373	28.809124237192467	0.0	0.0	
16.367910777752005	30.40061783470463	0.0	0.0	
15.819683962212707	30.601723272209064	0.0	0.0	
16.57246583313577	0.21106970298366834	0.0	0.0	
16.788965912161217	0.585517986528028	0.0	0.0	
16.895998419782195	2.3691184281631994	0.0	0.0	
16.904481829277195	2.701060268216372	0.0	0.0	
17.004950294030813	3.9474326328336238	0.0	0.0	
17.075811893091085	4.863756274942034	0.0	0.0	
17.229093890140316	6.240353341058883	0.0	0.0	
17.301388220060293	6.9746490400677095	0.0	0.0	
16.617314463557648	7.895243379923043	0.0	0.0	
16.98809633803339	8.649171308568029	0.0	0.0	
16.779483340185013	9.993730315304006	0.0	0.0	
16.709724597515585	11.390016736171063	0.0	0.0	
17.01377059337778	12.269748934163115	0.0	0.0	
17.02976793282784	13.203525493726195	0.0	0.0	
17.09438000723587	14.323761166917103	0.0	0.0	
17.038440200071822	14.615646329803852	0.0	0.0	
16.68437777027612	15.581199389120648	0.0	0.0	
16.682179527564642	16.834367250050303	0.0	0.0	
16.736447612356468	17.55741102157401	0.0	0.0	
16.77302277327161	18.744441189038053	0.0	0.0	
16.964521932932858	20.197507055766216	0.0	0.0	
16.588025615910663	21.146601955169018	0.0	0.0	
17.320348599315547	22.126784530556478	0.0	0.0	
17.20807297087355	23.190771064095802	0.0	0.0	
17.37494698966752	23.561577103350597	0.0	0.0	
16.566187315138432	25.14346043293695	0.0	0.0	
16.817861859861083	25.98325102509488	0.0	0.0	
16.50483585838153	26.59712779153245	0.0	0.0	
16.850526563698626	27.74120108912038	0.0	0.0	
17.321759743363952	28.67125024012458	0.0	0.0	
17.44037435179573	29.818819475091527	0.0	0.0	
17.031512124344484	30.966590681787867	0.0	0.0	
17.803145303315805	0.08230899828201899	0.0	0.0	
18.271110678259948	1.442988800443471	0.0	0.0	
17.961026001093117	2.4377603985071192	0.0	0.0	
18.060052630528183	3.1618876500108257	0.0	0.0	
18.19151934897928	4.4241593727319435	0.0	0.0	
18.1306972225671	4.8382210046847085	0.0	0.0	
17.94709890539666	6.368683242853905	0.0	0.0	
18.34551257280176	7.336083098898304	0.0	0.0	
18.019775492761045	8.058442283477454	0.0	0.0	
17.634538083990783	8.71225477508235	0.0	0.0	
18.42306588864955	10.426554971456088	0.0	0.0	
18.175877130642426	11.090860003522996	0.0	0.0	
17.97993479440806	11.817588895949442	0.0	0.0	
17.65441465060884	12.98175434699992	0.0	0.0	
18.32599606543777	14.40193206984491	0.0	0.0	
18.231694433075	14.727555094847652	0.0	0.0	
17.657727234067398	16.054871094483428	0.0	0.0	
17.56134486997199	17.243846940111368	0.0	0.0	
18.430101912499026	18.402472511819006	0.0	0.0	
17.8282032177638	18.569471635843826	0.0	0.0	
18.153845235454074	20.145923844922905	0.0	0.0	
18.01641069919375	21.324101534337128	0.0	0.0	
18.155700781798863	21.76445786763905	0.0	0.0	
18.365303954706015	22.54896216700753	0.0	0.0	
17.837878612742333	23.899204066438845	0.0	0.0	
18.062182491224885	24.651698863191534	0.0	0.0	
18.346870213469128	26.025691152174776	0.0	0.0	
17.9493880483902	26.581962291636707	0.0	0.0	
18.12775485990977	27.790941590910805	0.0	0.0	
17.7676520838125	28.54873338293015	0.0	0.0	
18.10226264297449	30.33155735702922	0.0	0.0	
18.32333448325822	31.22507069805007	0.0	0.0	
19.009089446906835	0.4274475926263681	0.0	0.0	
19.02223011879709	0.8357537325737984	0.0	0.0	
19.107184896651702	2.4712570348318543	0.0	0.0	
19.468466296920493	3.311951913956093	0.0	0.0	
19.053499294204823	3.74571740539386	0.0	0.0	
18.943363896807107	5.1781065418213625	0.0	0.0	
19.35300245103033	5.75183893956584	0.0	0.0	
18.88022069885627	6.795703107391324	0.0	0.0	
19.22104510684743	8.281980624018656	0.0	0.0	
18.704182362102436	9.409590701012124	0.0	0.0	
19.206225679883044	10.325040430374514	0.0	0.0	
19.170321777067333	10.67228124237309	0.0	0.0	
18.864230536765753	12.351735034512442	0.0	0.0	
18.923152258337755	13.426517032921351	0.0	0.0	
19.397628133591255	14.323228460332672	0.0	0.0	
18.638499405086918	15.3130301195415	0.0	0.0	
18.514559873422392	16.068033740833418	0.0	0.0	
18.79669434963445	17.025683240560543	0.0	0.0	
19.319352817406703	17.500242517520174	0.0	0.0	
19.02440414387417	19.19002487686439	0.0	0.0	
18.85588916039544	20.18368411639135	0.0	0.0	
19.217882277974997	20.558415927737723	0.0	0.0	
18.659590835426478	22.21741772391279	0.0	0.0	
18.66845861348982	23.351770860766447	0.0	0.0	
19.362857816133655	23.91321309943558	0.0	0.0	
18.63190906796111	25.324171151338483	0.0	0.0	
18.618373497408548	25.656245329813206	0.0	0.0	
19.395861431622333	26.626777202028606	0.0	0.0	
19.001903755115066	27.72389590745728	0.0	0.0	
18.956569051600763	29.05401846053134	0.0	0.0	
19.308290643026133	29.66341766066596	0.0	0.0	
19.166233583779817	31.26126080487218	0.0	0.0	
20.137553580038293	0.12620717429037176	0.0	0.0	
20.275607628017625	0.8587974470865312	0.0	0.0	
19.818172046433215	1.7107322723995546	0.0	0.0	
20.06491532706145	3.0572657821319837	0.0	0.0	
20.10263983951191	3.8731246200928715	0.0	0.0	
20.04595415238399	5.140091836760663	0.0	0.0	
19.656360832837525	5.593163498724431	0.0	0.0	
19.747493723735403	6.720389272960364	0.0	0.0	
19.57872764203224	7.509351071122017	0.0	0.0	
20.411507420142883	8.830105524621755	0.0	0.0	
20.02070007924945	10.41044368564732	0.0	0.0	
19.82255103912497	10.509478617111	0.0	0.0	
20.261995012583483	12.18080466907168	0.0	0.0	
19.888055369879858	13.471179113143792	0.0	0.0	
19.992388672860923	14.309125367573118	0.0	0.0	
20.471874048703363	14.949267688101253	0.0	0.0	
20.019062847258144	15.82693698623449	0.0	0.0	
20.03893497766133	17.146222830760035	0.0	0.0	
20.297854942070277	18.363260349001965	0.0	0.0	
19.599622116617475	19.43381729688753	0.0	0.0	
19.7334519411672	19.828579765280825	0.0	0.0	
19.739611130409084	21.075094203504833	0.0	0.0	
20.37669266521026	22.316297650454498	0.0	0.0	
19.502210057268478	22.829982439604727	0.0	0.0	
19.664548307733615	24.106686011570876	0.0	0.0	
19.735138563893067	24.824349083207768	0.0	0.0	
20.165889517515627	26.094242370948795	0.0	0.0	
19.55261315528958	26.517756822758034	0.0	0.0	
19.77872423702428	28.15659865827437	0.0	0.0	
19.927221042884174	28.50128664457716	0.0	0.0	
20.02342828699524	30.22357933451071	0.0	0.0	
20.017356414544448	30.588954123398135	0.0	0.0	
20.83133887240975	0.36246206436953277	0.0	0.0	
20.794045255110284	0.9386869912640614	0.0	0.0	
20.71883332621042	1.5013455226894585	0.0	0.0	
21.420544800033095	3.0947682434210835	0.0	0.0	
20.927126920589792	3.95494799498726	0.0	0.0	
21.093658752879435	5.256100190729957	0.0	0.0	
20.741876032832852	6.089655316995019	0.0	0.0	
20.855003569316207	7.033273455104221	0.0	0.0	
20.80565321147019	7.987815134068648	0.0	0.0	
20.62581690403234	9.346498263915707	0.0	0.0	
20.562123804297368	9.908872925059372	0.0	0.0	
21.12170848396107	10.923635863272665	0.0	0.0	
21.202746651766525	11.782192506442307	0.0	0.0	
21.111689657737987	13.205638556065814	0.0	0.0	
20.869490034142938	13.941002281982726	0.0	0.0	
20.634516110194088	14.784237349232125	0.0	0.0	
20.67001949851361	15.540215417535325	0.0	0.0	
20.914765832140247	16.6397569404339	0.0	0.0	
21.499391476384027	18.33992633924912	0.0	0.0	
21.433541858412873	18.8364129668831	0.0	0.0	
20.97383428814772	20.030908123297298	0.0	0.0	
21.40889925237721	21.06489901276173	0.0	0.0	
20.734504190957217	22.229184089045905	0.0	0.0	
21.05538501586598	22.95026240094088	0.0	0.0	
21.489509515129182	23.94498492754983	0.0	0.0	
20.961091120342857	24.577903908780087	0.0	0.0	
20.973037660557747	25.94492094707845	0.0	0.0	
21.249349832684935	27.261218899198884	0.0	0.0	
21.354624872081402	27.993042166417563	0.0	0.0	
20.593125508367905	29.381856571336083	0.0	0.0	
20.781943481888604	29.50723780885633	0.0	0.0	
20.838442454168938	30.685274261622748	0.0	0.0	
22.02757823812288	0.12302884135129077	0.0	0.0	
21.91401371526573	1.4776810372183142	0.0	0.0	
22.49781188763371	1.777020642341802	0.0	0.0	
22.457123454345826	3.354471916366056	0.0	0.0	
21.932328325543114	4.292986138497223	0.0	0.0	
21.6849262256262	5.255189797124925	0.0	0.0	
21.636837312001614	5.881731045761373	0.0	0.0	
22.09451312136325	7.007585455181391	0.0	0.0	
21.990463762722065	7.89241886876424	0.0	0.0	
21.564727206139093	8.62809337790637	0.0	0.0	
22.29423310892612	10.036408818336412	0.0	0.0	
22.39544785364332	11.33108890153672	0.0	0.0	
21.817086789978926	11.721609824299652	0.0	0.0	
22.348441335349396	12.876549422904604	0.0	0.0	
21.720223975354124	14.232224301070715	0.0	0.0	
22.1386038746072	14.771673382239083	0.0	0.0	
22.31524252213029	16.014192723755876	0.0	0.0	
21.893197983877332	17.05449908292163	0.0	0.0	
21.93811555269512	17.849228458094185	0.0	0.0	
21.77143654136422	18.630703833448255	0.0	0.0	
21.540106916065163	19.61533862391645	0.0	0.0	
22.02153575742017	21.346073238986637	0.0	0.0	
21.91110915011264	21.992816847313655	0.0	0.0	
22.163937757065668	22.928716367862307	0.0	0.0	
21.7003618503264	24.292689250404123	0.0	0.0	
22.094305241142933	25.119267373489397	0.0	0.0	
22.44146899700767	26.355734854527483	0.0	0.0	
22.177624599031038	27.091221531912325	0.0	0.0	
21.892882770076955	27.992924801600072	0.0	0.0	
22.35716127452981	29.218889667406266	0.0	0.0	
21.599786440440283	29.80875477094077	0.0	0.0	
22.33392288944051	31.124878864385938	0.0	0.0	
22.582204593643787	0.4817459383969479	0.0	0.0	
22.896648791131298	0.7004674559739147	0.0	0.0	
23.303510340518226	2.1094188065453383	0.0	0.0	
23.005551511977007	2.7729406763191444	0.0	0.0	
23.4253812701742	3.7328870682973183	0.0	0.0	
23.080763635273982	4.9671388932631	0.0	0.0	
23.356993323581886	5.669296805343407	0.0	0.0	
23.457910475151504	7.28904881444935	0.0	0.0	
22.595564674315316	8.301941272109762	0.0	0.0	
23.12723619869853	8.689245366764776	0.0	0.0	
23.119741649456664	9.555731454825684	0.0	0.0	
23.42621637077379	11.380961673553506	0.0	0.0	
23.076293126261668	11.846745989699993	0.0	0.0	
23.453914586582332	12.708881724396802	0.0	0.0	
22.608959669159237	14.081287482296347	0.0	0.0	
23.063418227395086	14.7848823596005	0.0	0.0	
22.62749800637174	16.312838402034807	0.0	0.0	
22.80983442132812	17.31568542353192	0.0	0.0	
23.288808029473735	17.948362511732658	0.0	0.0	
22.898396133325306	18.525188839371864	0.0	0.0	
23.146498015675604	20.25201092794473	0.0	0.0	
23.244113337785116	20.944135082643474	0.0	0.0	
23.09421387181656	21.876444981471415	0.0	0.0	
23.012930680007123	22.56841529774093	0.0	0.0	
23.37209530339928	23.656389642202218	0.0	0.0	
23.490802439241598	24.576669758840346	0.0	0.0	
23.27439207690939	25.594820742916394	0.0	0.0	
23.40716671857861	26.747529266621374	0.0	0.0	
22.82112483471981	28.154975300057615	0.0	0.0	
22.8005977895287	28.914561532592824	0.0	0.0	
23.427076570591062	29.82963308559042	0.0	0.0	
22.70345519322434	30.857436410490777	0.0	0.0	
23.50476875770581	0.14560852858213402	0.0	0.0	
24.325151404012857	1.281104537950887	0.0	0.0	
23.790616811283734	1.6594249125297607	0.0	0.0	
24.27888911667895	2.5481737487587317	0.0	0.0	
24.16096184475529	3.929599090454556	0.0	0.0	
23.962983260152274	4.542787844823403	0.0	0.0	
24.19982140312098	5.538387790819676	0.0	0.0	
24.14536907731071	7.405824896672945	0.0	0.0	
24.28818694848496	8.415219953272167	0.0	0.0	
23.511496516590725	9.249681462634285	0.0	0.0	
24.469920413808087	9.820383130197897	0.0	0.0	
24.310532047941585	10.932352380210345	0.0	0.0	
24.064264547742066	12.220756730322599	0.0	0.0	
24.15995842591625	13.02449242480823	0.0	0.0	
23.992559331236695	14.476438622562899	0.0	0.0	
23.719345482092702	15.417521529137463	0.0	0.0	
23.573323639695317	15.662700105641658	0.0	0.0	
24.387867872321085	16.990503339193843	0.0	0.0	
23.978360418398612	17.80445619720044	0.0	0.0	
24.05309766096538	18.688219001791	0.0	0.0	
23.935201086050682	19.684944827916127	0.0	0.0	
24.249653488915175	20.505513623747795	0.0	0.0	
23.619575999628633	22.092267682793743	0.0	0.0	
23.957290839254533	23.281971131030218	0.0	0.0	
24.15735769883903	24.121885594787994	0.0	0.0	
23.547710175194343	24.76324400467703	0.0	0.0	
24.27974842207996	26.06610982138646	0.0	0.0	
23.759949993765854	26.738667341310997	0.0	0.0	
23.546298094731632	28.081287649758078	0.0	0.0	
24.195438892756755	28.501284988887427	0.0	0.0	
23.94362280672711	30.466990316363514	0.0	0.0	
23.575357444614397	31.007688893514477	0.0	0.0	
24.628437891101502	0.3173313029209395	0.0	0.0	
25.325144357945522	0.9899438381938006	0.0	0.0	
25.059395048273956	2.3872824578346035	0.0	0.0	
24.88305749811035	3.4023425425451297	0.0	0.0	
25.37470535327359	3.6823352433195105	0.0	0.0	
24.88489517234897	4.719084604151363	0.0	0.0	
24.71454716772461	6.390202774489155	0.0	0.0	
25.411311624460048	6.908857774037855	0.0	0.0	
25.20560624749542	8.376977914893207	0.0	0.0	
24.587750277777236	8.920323674179722	0.0	0.0	
24.705171431962473	9.749140962837958	0.0	0.0	
25.386566167485533	10.828819893343749	0.0	0.0	
25.213940396592406	12.112431058016934	0.0	0.0	
24.548898953503556	12.905945587953568	0.0	0.0	
24.751583393785562	14.449397057557412	0.0	0.0	
25.426678401455735	14.768335818401043	0.0	0.0	
25.208120469207728	15.90989000349644	0.0	0.0	
25.39100136363609	16.736586429592904	0.0	0.0	
24.67558442635915	18.18908605901017	0.0	0.0	
25.17828284505906	18.639985106414866	0.0	0.0	
25.269549145755374	20.01528826441546	0.0	0.0	
25.049664452797874	20.79100218089618	0.0	0.0	
24.759886045519956	22.055721455462432	0.0	0.0	
24.516088455901173	23.188144328390095	0.0	0.0	
25.295473850394032	23.946448585512528	0.0	0.0	
25.313191064187247	25.217321164259875	0.0	0.0	
24.508149710427492	25.977444508114246	0.0	0.0	
25.49919084737607	26.50438149343982	0.0	0.0	
25.425114294475716	27.808117636289545	0.0	0.0	
25.215747416854583	29.485087732104475	0.0	0.0	
24.98520673504732	29.725222210190744	0.0	0.0	
24.765068780772594	30.95802759968481	0.0	0.0	
26.074810082673164	0.37025197962752	0.0	0.0	
26.275702881544277	0.9468712291901596	0.0	0.0	
26.02297187242706	2.174881846608952	0.0	0.0	
26.01195347581489	3.123872739842517	0.0	0.0	
25.550395864969687	4.044689957570856	0.0	0.0	
25.781045946321733	4.798341314184639	0.0	0.0	
25.621101481737735	6.141397901913286	0.0	0.0	
25.514765844239694	6.85358863235157	0.0	0.0	
26.23903142434252	7.752799708630811	0.0	0.0	
26.175185483729425	9.22035477985133	0.0	0.0	
25.553573082992393	9.601361316444175	0.0	0.0	
25.938217779497165	10.95538802704963	0.0	0.0	
26.01105890725441	11.939789759262093	0.0	0.0	
26.16516063940866	12.542832458729197	0.0	0.0	
26.100481819066978	14.37323200088484	0.0	0.0	
26.315999598246353	15.28314532412214	0.0	0.0	
26.03811680613934	16.09882236048577	0.0	0.0	
25.754136763950036	17.183751456569638	0.0	0.0	
26.39911225856612	18.489597344917556	0.0	0.0	
25.660251606527027	19.04772731694632	0.0	0.0	
25.786454773526195	20.11271993942274	0.0	0.0	
26.39686416835486	20.689783372079056	0.0	0.0	
26.390104697524755	21.761858735707566	0.0	0.0	
26.46929026272602	22.835346378370552	0.0	0.0	
25.786177145869786	23.68823779461305	0.0	0.0	
25.787010290438946	25.283791871540323	0.0	0.0	
25.86840220914908	25.609317257043234	0.0	0.0	
26.323862790114806	27.077082740084524	0.0	0.0	
26.026477092520572	27.501974965694956	0.0	0.0	
25.898999062970844	28.923541864825573	0.0	0.0	
25.623496086929933	29.676916126396023	0.0	0.0	
26.272194706791613	31.24381198288049	0.0	0.0	
26.79069638510939	0.09050046286596158	0.0	0.0	
26.55607612143383	1.260773299835999	0.0	0.0	
26.870046016645773	2.3464251656801705	0.0	0.0	
27.08450481335818	2.6952611358863154	0.0	0.0	
26.660941861016322	4.204068167788907	0.0	0.0	
27.283984347051984	5.121565850014442	0.0	0.0	
27.165371586378445	5.501175437811818	0.0	0.0	
26.957888839144513	7.310720724991485	0.0	0.0	
27.06343141361326	7.9441011582425345	0.0	0.0	
27.480404478894464	9.448853228003639	0.0	0.0	
27.20584275544648	9.92013743237062	0.0	0.0	
26.91508961294196	11.400985263336635	0.0	0.0	
27.45424519265887	12.013880963651594	0.0	0.0	
26.709254785666907	12.572142483926392	0.0	0.0	
27.141408618030276	13.591718894300048	0.0	0.0	
26.783945155398097	14.629013046094608	0.0	0.0	
27.2735530797748	15.949578810327099	0.0	0.0	
26.821510542848596	17.054735307923224	0.0	0.0	
26.82549635033382	17.879787976383376	0.0	0.0	
27.097799522906936	18.589722171670186	0.0	0.0	
26.69669051643086	19.80058461520344	0.0	0.0	
27.20341797838076	20.751249712741497	0.0	0.0	
26.876136154507453	21.934361305260005	0.0	0.0	
27.284325543208304	22.53543667434695	0.0	0.0	
27.00891388701946	24.10997455093182	0.0	0.0	
27.192676640098966	25.416305032850843	0.0	0.0	
27.26272703328763	25.647411631075673	0.0	0.0	
27.144757782705035	27.14571287328128	0.0	0.0	
26.833844128158862	28.16516566992624	0.0	0.0	
26.660701848810355	29.261259719756335	0.0	0.0	
26.89152802987176	29.83162089816249	0.0	0.0	
27.44891808771928	31.307544045481283	0.0	0.0	
28.310401329161444	0.05153156918400481	0.0	0.0	
27.542282697752267	0.7182431063321142	0.0	0.0	
28.469607919584174	2.442638905963404	0.0	0.0	
27.5180860750192	3.1945986388065917	0.0	0.0	
28.48771700342415	4.381685290353394	0.0	0.0	
28.127257625927214	4.764122228743012	0.0	0.0	
27.86092114908544	5.665785514087603	0.0	0.0	
27.98489416441482	7.186252783014721	0.0	0.0	
28.087293497041173	7.526229959359192	0.0	0.0	
28.180579785891812	9.108703879169427	0.0	0.0	
28.37875968046264	10.075741125056387	0.0	0.0	
27.514650142388668	10.787474241334241	0.0	0.0	
27.60254155878403	11.929192543271402	0.0	0.0	
28.209685996829386	13.274692879415129	0.0	0.0	
27.9714445732188	14.117616780307609	0.0	0.0	
27.62317672824053	14.966591909219753	0.0	0.0	
28.350218573055958	15.627513030306059	0.0	0.0	
28.074345467023463	17.33218709299085	0.0	0.0	
27.67041116947199	18.48564842807514	0.0	0.0	
28.345715521508613	19.288211565685135	0.0	0.0	
28.067038850168476	20.06436628293089	0.0	0.0	
28.179764807422952	20.891532217302426	0.0	0.0	
28.162766970840465	22.014794464222298	0.0	0.0	
28.38412917495323	23.03082328399274	0.0	0.0	
28.09563417554071	24.36589158876977	0.0	0.0	
28.064925618211113	25.169239253428444	0.0	0.0	
27.6435317796674	25.942974894239292	0.0	0.0	
27.78415445448835	26.747399540140638	0.0	0.0	
27.67801109969971	28.162942010941304	0.0	0.0	
27.750249822640072	28.509940752013375	0.0	0.0	
27.797593458635003	30.21547504969634	0.0	0.0	
27.59509781863453	31.128813510788767	0.0	0.0	
29.342861602835114	0.4820727455443884	0.0	0.0	
29.325267432987108	0.7602399080343871	0.0	0.0	
29.231994665721107	2.104971308839165	0.0	0.0	
29.088808877065382	2.7173592339498995	0.0	0.0	
28.65057433444349	4.43858466395299	0.0	0.0	
29.290919061980276	4.665144529888126	0.0	0.0	
29.20332587334615	5.53622527029691	0.0	0.0	
28.822904764186802	7.349919608480993	0.0	0.0	
28.500824927169607	8.06373916128885	0.0	0.0	
29.085680248308165	9.342191716778737	0.0	0.0	
29.312475274925568	10.179128601396856	0.0	0.0	
28.942725428886714	10.855151199340044	0.0	0.0	
29.34545659727796	11.83746821023926	0.0	0.0	
28.822176682713305	12.58395482334801	0.0	0.0	
29.142736394687677	13.885826581639437	0.0	0.0	
29.18566315490978	14.617501892655845	0.0	0.0	
29.20530835622583	16.065529337027435	0.0	0.0	
29.0894487911824	17.411425767533657	0.0	0.0	
29.008345442836937	17.696359263968866	0.0	0.0	
28.778590789446216	18.78076825339957	0.0	0.0	
28.951715660205632	20.481972565735006	0.0	0.0	
29.26140308703475	20.57500444693959	0.0	0.0	
29.016101204143492	21.76293071706066	0.0	0.0	
28.67105089501554	23.46105259714933	0.0	0.0	
29.4174340600176	23.716953137646392	0.0	0.0	
29.12937865199238	25.34759215562306	0.0	0.0	
28.893579342623468	26.02304381169411	0.0	0.0	
29.113819196981336	27.049212866217747	0.0	0.0	
29.11414324568658	28.481816499132236	0.0	0.0	
28.85922708962224	29.135865182488875	0.0	0.0	
28.515063208127884	30.480271203131053	0.0	0.0	
29.071548112657542	31.005968931507162	0.0	0.0	
29.759215453313526	0.0156207160127525	0.0	0.0	
30.1693356479787	1.1532849545273272	0.0	0.0	
29.956767477009663	2.375104288049238	0.0	0.0	
29.97579013822791	2.568505525703915	0.0	0.0	
29.567640989730727	4.314688566764256	0.0	0.0	
29.529174161804463	5.020781041185132	0.0	0.0	
30.327188314428582	5.877463601432547	0.0	0.0	
29.95817170588252	7.448152559035573	0.0	0.0	
29.950877777724394	7.976305655925549	0.0	0.0	
29.79579056507703	9.421002833703085	0.0	0.0	
30.051014948545852	9.590964987099564	0.0	0.0	
30.2716048345031	10.67460465673445	0.0	0.0	
30.31137440131783	12.481139378267324	0.0	0.0	
30.12823445523576	13.386049228225877	0.0	0.0	
30.1465414188459	13.840457627367526	0.0	0.0	
29.85762808966711	15.149344195146945	0.0	0.0	
29.74867800105628	16.49191820274543	0.0	0.0	
29.753772382100284	16.842021276890602	0.0	0.0	
30.489223798390892	18.049219867192537	0.0	0.0	
29.837513096040187	18.959527830438745	0.0	0.0	
30.24161853331448	20.342210094227504	0.0	0.0	
29.518061888050397	21.214886735910245	0.0	0.0	
29.5640403463808	22.283946198458672	0.0	0.0	
29.758406349323607	22.986591770865047	0.0	0.0	
30.454483573873375	24.352142139104824	0.0	0.0	
29.56404791277196	25.366162316470117	0.0	0.0	
30.127734453777784	25.992401534212267	0.0	0.0	
29.90581930403584	27.276882501365364	0.0	0.0	
29.522178249166966	28.099256871386586	0.0	0.0	
30.199784289196415	29.260118041925207	0.0	0.0	
30.486130533065396	29.74327498661143	0.0	0.0	
30.214269982579694	31.192699913997085	0.0	0.0	
31.486634883547975	0.025279838119552478	0.0	0.0	
30.98367209116994	1.103454918193433	0.0	0.0	
31.3859795184471	2.3164211303124986	0.0	0.0	
31.307395440342933	2.9570980257608364	0.0	0.0	
30.798529500387755	4.17979238204444	0.0	0.0	
30.564189638401068	5.250337174005215	0.0	0.0	
31.29601418053181	6.315639569025946	0.0	0.0	
30.557839907934483	6.687178038040477	0.0	0.0	
31.187627474966135	7.8878134061618015	0.0	0.0	
30.706053806695262	8.535667903326265	0.0	0.0	
30.843139372660037	10.340349667272928	0.0	0.0	
30.5467809012957	11.319200218241141	0.0	0.0	
30.669664783275444	12.20682734103236	0.0	0.0	
31.22792355203811	12.892258239217313	0.0	0.0	
31.39571218377443	13.737501864618524	0.0	0.0	
31.40376663165357	14.784549119891068	0.0	0.0	
30.51838991183658	16.013535792796525	0.0	0.0	
30.502485738772386	16.947250067009243	0.0	0.0	
31.227202538601375	17.975201768416348	0.0	0.0	
31.218069576204787	19.081147657576537	0.0	0.0	
31.029903651975452	19.688672505897323	0.0	0.0	
31.314624163402915	20.600562248541035	0.0	0.0	
30.620762893690504	22.49030572428514	0.0	0.0	
30.846588979889972	23.379157811094693	0.0	0.0	
30.982330532104637	23.931029964161276	0.0	0.0	
31.287922342472953	25.42330537412039	0.0	0.0	
30.70101390711502	25.82020215208601	0.0	0.0	
31.49899118025652	26.70429783415729	0.0	0.0	
30.5598894885427	27.809236271846707	0.0	0.0	
30.71488167907593	29.48220396568552	0.0	0.0	
31.094969988297994	30.249011815996077	0.0	0.0	
30.671421029792356	31.2202212847993	0.0	0.0	
