2
32.0	0.0	0.0	0.0	
0.0	32.0	0.0	0.0	
0.4483433323971766	0.023836600910133954	0.0	0.0	
0.17818719504843739	0.5350699653114465	0.0	0.0	
0.4693580028081663	1.6870524394255288	0.0	0.0	
0.0020523211871995573	3.142325880440627	0.0	0.0	
0.25483080202141994	3.6192688077025887	0.0	0.0	
0.3911980654935857	5.29228107428786	0.0	0.0	
0.33326870008619247	5.814560568629261	0.0	0.0	
0.2628101437601864	7.438852425642146	0.0	0.0	
0.4051650470057505	7.663678577654841	0.0	0.0	
0.13832558165327902	8.552818278777062	0.0	0.0	
0.037939745491878285	9.700196975739306	0.0	0.0	
0.4579400488947969	10.795513911625969	0.0	0.0	
0.058721995482888256	11.531427358058034	0.0	0.0	
0.0018099971382999902	13.44293209280959	0.0	0.0	
0.49416746352721264	13.829323675547954	0.0	0.0	
0.34894461229600915	14.84367955618104	0.0	0.0	
0.07698392720421887	15.51184397921955	0.0	0.0	
0.3532597321874196	17.4174550032372	0.0	0.0	
0.07282960362996149	17.508386489339724	0.0	0.0	
0.44484604889907664	18.84964573430028	0.0	0.0	
0.07873185466324728	20.262917903249736	0.0	0.0	
0.38595747530542335	21.343254801767223	0.0	0.0	
0.49285781802505124	22.187101550564446	0.0	0.0	
0.16284986427513826	22.784912681478374	0.0	0.0	
0.3469993586419412	24.411742156041075	0.0	0.0	
0.45930838944329744	24.560242686609005	0.0	0.0	
0.07645470325194925	26.3043633510988	0.0	0.0	
0.3707129036332468	26.767204714296955	0.0	0.0	
0.08285956482230128	28.39658500575124	0.0	0.0	
0.05823888332076843	28.54963180360445	0.0	0.0	
0.10903253206042007	29.5096655403007	0.0	0.0	
0.4241377331049774	31.030298463701996	0.0	0.0	
0.7838501647031547	0.4529679821875259	0.0	0.0	
0.8627951113511768	0.6756645367441275	0.0	0.0	
0.9800596018010985	1.6783034736509008	0.0	0.0	
0.5628416480790863	2.9910975630205017	0.0	0.0	
0.7979523044980452	3.6343982781138813	0.0	0.0	
1.0559884473595371	4.768189119858154	0.0	0.0	
0.9057430813812721	6.285106356145782	0.0	0.0	
0.6529490579474578	7.118234101380513	0.0	0.0	
0.8059096592558482	8.291038456202756	0.0	0.0	
0.7494071027824002	8.69680385797598	0.0	0.0	
1.2009451008582521	10.15612509052302	0.0	0.0	
0.7099725398041572	11.211610464840247	0.0	0.0	
1.4421656544577068	12.191889977526653	0.0	0.0	
1.3105849706524948	13.07828731425173	0.0	0.0	
1.4042130988491137	14.298086791509338	0.0	0.0	
1.170172539639296	14.741386795640388	0.0	0.0	
0.8477908108228982	16.201574923913547	0.0	0.0	
0.6443227658535363	16.72264305422806	0.0	0.0	
1.300248833748494	18.055687245824178	0.0	0.0	
1.3730903937830896	19.315848970823836	0.0	0.0	
0.9095136860807984	20.06993480084571	0.0	0.0	
0.7760803447600273	21.445424799666053	0.0	0.0	
1.240926281049632	22.119088507466266	0.0	0.0	
0.8137380959637002	23.06045276709251	0.0	0.0	
1.071975405273216	23.607749997134867	0.0	0.0	
1.4934083684113135	25.371146314531202	0.0	0.0	
0.7563283024641487	25.82516968323061	0.0	0.0	
0.6971541827516701	26.778649463592405	0.0	0.0	
1.1860252243030813	27.799982048447188	0.0	0.0	
0.8563309132587118	29.326075784232252	0.0	0.0	
0.9042135520310152	30.105286575288044	0.0	0.0	
0.6980223152866958	31.495386643374776	0.0	0.0	
2.3530738755292533	0.0954506526432718	0.0	0.0	
1.7922964789552238	1.164246729948021	0.0	0.0	
1.9100735376470517	2.2366794720682712	0.0	0.0	
2.1569825280555683	3.2553300557797433	0.0	0.0	
1.7321718298215585	4.283095120020176	0.0	0.0	
2.0518037805774165	5.015811316770698	0.0	0.0	
2.3572868764987476	5.765740500399925	0.0	0.0	
2.0261195511137537	6.7683633797098794	0.0	0.0	
2.3820192258182664	8.16141285447055	0.0	0.0	
1.634133467152495	9.11515406494256	0.0	0.0	
1.8450926257944436	10.305364806242618	0.0	0.0	
1.6593085907530938	11.237336791572833	0.0	0.0	
1.555714088861802	12.329116198366414	0.0	0.0	
2.0883675812080806	12.557289717655635	0.0	0.0	
2.445431625757597	14.207845322225246	0.0	0.0	
1.7751948832236257	15.174839389126545	0.0	0.0	
2.3080565443306087	16.186244557580526	0.0	0.0	
2.218169675506859	17.011720708653446	0.0	0.0	
2.1865759602048787	17.538878338996923	0.0	0.0	
1.8717626290304872	19.253408096872942	0.0	0.0	
2.4366205443920452	20.334152470174402	0.0	0.0	
1.8541543997924954	20.89847643777297	0.0	0.0	
1.526484229158453	22.213731437638636	0.0	0.0	
2.4564453547693965	23.382607519535735	0.0	0.0	
2.4925455386888378	23.655625212282573	0.0	0.0	
2.118926455214761	24.815798184805715	0.0	0.0	
2.239955047811168	26.4687417122008	0.0	0.0	
1.949128960982493	27.40718573573029	0.0	0.0	
2.0187810208762715	28.180089097082618	0.0	0.0	
1.9534532134860068	29.02025001608127	0.0	0.0	
2.32113843898111	30.075282995853993	0.0	0.0	
2.1945109590034413	31.286740231389526	0.0	0.0	
3.2040537433907743	0.40403739646318204	0.0	0.0	
3.318763210578621	1.106695676997198	0.0	0.0	
3.256948169617413	2.1340882746342573	0.0	0.0	
3.3636389381291627	3.3877544692122816	0.0	0.0	
2.9630279667595656	4.348413453781889	0.0	0.0	
2.5405671906257283	5.28423233320917	0.0	0.0	
3.0306409824382143	5.970802437005445	0.0	0.0	
2.947689197142755	7.484397817460173	0.0	0.0	
3.2579530371580634	7.6615050373423745	0.0	0.0	
3.07537580684132	8.667546947673953	0.0	0.0	
2.6829117032129326	10.287167470037467	0.0	0.0	
3.163268716407215	10.899232582106661	0.0	0.0	
2.8429312498979344	11.93097319419095	0.0	0.0	
2.687352326566506	13.449067609064878	0.0	0.0	
3.1913220171804495	13.777361074459527	0.0	0.0	
3.2783940384903683	14.997458869875063	0.0	0.0	
2.909210057157006	16.18514291002843	0.0	0.0	
3.437077128934614	17.112237077309775	0.0	0.0	
3.3956279573649746	17.637836200621365	0.0	0.0	
3.071912967304805	19.39081532173595	0.0	0.0	
3.044573071151994	19.78107084218825	0.0	0.0	
2.822723665357261	21.17054728878368	0.0	0.0	
3.0009789469517476	22.26745419444057	0.0	0.0	
2.73509143755797	22.87131861222806	0.0	0.0	
2.6204803525122045	24.478376636815682	0.0	0.0	
2.9788906787431175	24.740780135208006	0.0	0.0	
3.4244072136695047	25.910501949793712	0.0	0.0	
3.2802409454451618	27.496545499423394	0.0	0.0	
2.9855083957690085	27.835179820492762	0.0	0.0	
3.4621004444078713	28.908430700845	0.0	0.0	
2.9776177146999716	30.391805012391984	0.0	0.0	
2.7942163042705124	30.850986151235585	0.0	0.0	
4.48879806648495	0.09775568127351641	0.0	0.0	
4.184119772230181	0.6187168958734298	0.0	0.0	
3.9679270176746666	1.6764292596180597	0.0	0.0	
3.725503844438024	2.941782513107449	0.0	0.0	
3.8643483831405323	4.230448087893668	0.0	0.0	
3.703511610573473	4.580511047041025	0.0	0.0	
3.6832309430413863	5.810592559749699	0.0	0.0	
4.4684373705760425	7.04555071471715	0.0	0.0	
3.6081241322212563	7.541893083383016	0.0	0.0	
4.180552228251696	8.840978648573415	0.0	0.0	
3.702036976480784	9.541192358174852	0.0	0.0	
4.006893527737155	10.983428308231506	0.0	0.0	
3.5642462944938975	12.108116783140254	0.0	0.0	
3.6350638838674767	12.854888420010106	0.0	0.0	
3.925354921969723	14.17730261789289	0.0	0.0	
4.1345047960700585	15.198445333064242	0.0	0.0	
3.6093712809821135	16.067695058634115	0.0	0.0	
4.104540849811089	17.03417921677105	0.0	0.0	
3.895044173770379	17.986510363747435	0.0	0.0	
3.7849432447417053	18.82042736515907	0.0	0.0	
3.5911824543448154	20.300087542554447	0.0	0.0	
4.357804306930289	21.44580163902826	0.0	0.0	
4.422881535154637	21.927082204172834	0.0	0.0	
4.308976031057663	22.742154297651798	0.0	0.0	
4.361548156383658	24.430686502621114	0.0	0.0	
4.291748648031547	24.643822597439957	0.0	0.0	
3.7837610148101413	26.21450705939342	0.0	0.0	
4.412119956219633	27.174488170009134	0.0	0.0	
3.712594681000729	27.626237245900604	0.0	0.0	
4.336698976668378	29.21489407856841	0.0	0.0	
3.8964743754887547	29.88314118446572	0.0	0.0	
4.15434857794693	31.089541914026785	0.0	0.0	
4.526143239478614	0.1267988807259559	0.0	0.0	
4.7489327988885	1.2187711014083669	0.0	0.0	
4.542491438423654	2.366321806702279	0.0	0.0	
5.325551274025425	2.630212638581791	0.0	0.0	
4.981310360966244	4.421588243350949	0.0	0.0	
5.257223713553435	5.281943422564746	0.0	0.0	
5.478730971722522	6.174786707111872	0.0	0.0	
5.36750363017058	7.459193025847893	0.0	0.0	
5.4736704207613345	8.226884913468249	0.0	0.0	
4.606845907436434	8.858087829835174	0.0	0.0	
4.605582935384686	10.144161981456508	0.0	0.0	
5.0881341659067125	10.877229060794214	0.0	0.0	
5.338070735889648	12.138567155317483	0.0	0.0	
5.343850286213235	12.92537023780109	0.0	0.0	
4.6843477487057825	14.430879712392464	0.0	0.0	
4.771079031579899	15.073323612110926	0.0	0.0	
4.711878389584187	16.000893329246257	0.0	0.0	
4.562011617838142	17.431349907844712	0.0	0.0	
5.152401603447177	18.202453148835065	0.0	0.0	
5.213253102564725	19.203711135566078	0.0	0.0	
5.1187870196956755	19.973980338765223	0.0	0.0	
4.993177122739332	20.82481962040822	0.0	0.0	
4.8605644861873145	21.772622630294677	0.0	0.0	
5.373399504839818	22.614073145652196	0.0	0.0	
4.734661946209615	24.473351196789288	0.0	0.0	
5.424071404067477	24.545186668077086	0.0	0.0	
4.508458432627389	26.21778415925106	0.0	0.0	
5.42916243502926	27.10777689003828	0.0	0.0	
4.861873366188648	28.306495010453762	0.0	0.0	
5.02841673560519	29.245817547925686	0.0	0.0	
4.630209306320343	30.041879471509954	0.0	0.0	
4.519161115604853	31.290924091762164	0.0	0.0	
6.301316668205342	0.20811695300313549	0.0	0.0	
6.181517482381417	0.865122967976175	0.0	0.0	
6.029236882727573	2.4459860117839787	0.0	0.0	
5.90232543300201	3.4312342533174145	0.0	0.0	
5.703748593206655	3.9130973129388655	0.0	0.0	
6.315913699026004	4.5230543713638935	0.0	0.0	
5.813515756700271	5.667107250209687	0.0	0.0	
5.7749958781881885	7.225882868274888	0.0	0.0	
6.055620328766876	7.78215736487093	0.0	0.0	
6.238683718102954	8.981136796827611	0.0	0.0	
5.64262991401599	10.184297196017061	0.0	0.0	
5.889851362002155	10.607801765615381	0.0	0.0	
5.8770763652064115	12.00076458493994	0.0	0.0	
5.849551112617615	12.525312872328948	0.0	0.0	
5.761463863563025	14.370418203151523	0.0	0.0	
5.679975116913621	14.56595712520793	0.0	0.0	
5.991821439712101	15.5323080331458	0.0	0.0	
5.640122995805659	17.03167503834173	0.0	0.0	
6.171986184689988	17.57703478798016	0.0	0.0	
5.901151455163157	18.918611488756685	0.0	0.0	
5.8428000200819294	20.045782005219273	0.0	0.0	
5.906625773052764	21.494428624443934	0.0	0.0	
5.616009698711728	22.35574629168877	0.0	0.0	
5.907189046350027	22.632652208092257	0.0	0.0	
6.4145861507657695	24.034715022047877	0.0	0.0	
5.543013332369067	25.463463122812964	0.0	0.0	
5.7592848411933355	25.869185955312233	0.0	0.0	
5.915468180038277	26.875395114429363	0.0	0.0	
5.827360956620946	27.786754862510705	0.0	0.0	
6.251584149903447	28.565170944901986	0.0	0.0	
6.2619644918838215	30.20857319319217	0.0	0.0	
5.923322140057939	31.44562715546163	0.0	0.0	
6.608076395994459	0.27666346221044413	0.0	0.0	
7.026762517953328	1.3189479960587205	0.0	0.0	
6.773783872927822	2.2518991742623085	0.0	0.0	
7.077174929563874	2.625495958481733	0.0	0.0	
7.430775310806217	4.277030385997983	0.0	0.0	
6.586522439363867	4.985959189440453	0.0	0.0	
7.130868017536385	6.332690001565349	0.0	0.0	
7.122259930637304	6.658645239844897	0.0	0.0	
6.678274017305728	7.584765060517471	0.0	0.0	
6.7109746062079445	9.120719066491773	0.0	0.0	
7.052128305833969	10.051578159828244	0.0	0.0	
7.4520053642447275	10.739831164884388	0.0	0.0	
7.4892958069525895	12.202322088348646	0.0	0.0	
7.44655077712002	13.33440031521112	0.0	0.0	
6.6904633964991955	13.919728853613718	0.0	0.0	
7.073588094672905	14.833312999299801	0.0	0.0	
6.8910054018689335	16.120116666370574	0.0	0.0	
6.728653850728846	17.008588200058306	0.0	0.0	
7.212764357396137	18.18478571037679	0.0	0.0	
6.537390237935937	19.48874564774785	0.0	0.0	
7.156088440720285	20.177966535024442	0.0	0.0	
6.563597249318889	21.269610934511846	0.0	0.0	
7.497152606936174	21.589001122359615	0.0	0.0	
6.829364344344256	23.267097145702436	0.0	0.0	
7.34704504145974	23.573473891234734	0.0	0.0	
6.735056504844918	24.90424054141213	0.0	0.0	
7.235714469166272	26.223701772172898	0.0	0.0	
7.273867823454212	26.505076753221857	0.0	0.0	
7.020012644727829	27.724278089443878	0.0	0.0	
6.983359701476695	28.650279764697864	0.0	0.0	
6.657180455475166	30.471575242281563	0.0	0.0	
7.0563389309305045	31.019215690330476	0.0	0.0	
7.911724189837293	0.3370920054347021	0.0	0.0	
8.162742087154736	1.4852012502676495	0.0	0.0	
7.74851183579784	1.5878181916931744	0.0	0.0	
7.697181865401372	2.927126832918867	0.0	0.0	
7.832432225936357	3.9332903939250348	0.0	0.0	
7.556422772378319	5.468229434458802	0.0	0.0	
7.741635522957047	5.5458889997257295	0.0	0.0	
7.878011869619911	6.6267216183173465	0.0	0.0	
7.797048988657024	8.307002638252055	0.0	0.0	
8.041185366310584	8.792148289387475	0.0	0.0	
7.50916265163314	9.817196971868412	0.0	0.0	
8.482630317899826	11.130374904223146	0.0	0.0	
7.966517861508741	12.030061555862133	0.0	0.0	
7.5105360176640605	12.880700705163767	0.0	0.0	
7.966382018185779	14.114385893039067	0.0	0.0	
8.44965700235584	14.988622087030736	0.0	0.0	
7.791033623606725	15.809599900637348	0.0	0.0	
8.156064355834399	17.112252169344863	0.0	0.0	
8.268762576782393	17.507366436350505	0.0	0.0	
8.352796175967931	18.64122655082025	0.0	0.0	
7.588427636320655	20.075342997642533	0.0	0.0	
7.6447230753793445	21.422336458464432	0.0	0.0	
8.457005617142286	21.608211685972766	0.0	0.0	
7.536524706518193	22.931374818599686	0.0	0.0	
8.437008291021575	24.34724579084329	0.0	0.0	
7.522494879874238	24.60129851667263	0.0	0.0	
7.930078229812098	25.596430633515034	0.0	0.0	
8.250773923845	27.21637541759355	0.0	0.0	
7.963148011537237	28.442856728772593	0.0	0.0	
8.06399248896113	28.98550978432638	0.0	0.0	
8.421100352981055	30.205923752127312	0.0	0.0	
8.363595578780322	31.469912589453468	0.0	0.0	
8.97120035176729	0.48923016887218873	0.0	0.0	
9.231531849442726	1.1714850360670455	0.0	0.0	
9.395083134364953	2.020620839992252	0.0	0.0	
8.888325372101406	2.8652988978334273	0.0	0.0	
8.544686626714466	4.18679237855976	0.0	0.0	
8.56688444597353	5.130267769272237	0.0	0.0	
8.830719596635529	6.498213247972665	0.0	0.0	
8.911826588978563	6.676077909222379	0.0	0.0	
9.161174598054563	8.181016196590319	0.0	0.0	
8.784035102675004	8.531331234222563	0.0	0.0	
8.781589333779685	10.430099401863348	0.0	0.0	
9.377008570877056	10.94845605017474	0.0	0.0	
8.850867059556844	12.225323031718393	0.0	0.0	
8.679471323381247	13.066668779391513	0.0	0.0	
8.589509379624372	13.821446774672436	0.0	0.0	
8.634796490594521	14.560550579440484	0.0	0.0	
9.183386261314125	16.425101486251542	0.0	0.0	
9.155506580915139	17.100955780343504	0.0	0.0	
9.137578357398453	17.82942394055925	0.0	0.0	
9.045240287404468	18.67091703278854	0.0	0.0	
9.408745664835296	20.25677299877842	0.0	0.0	
9.222652059015342	21.193912956097876	0.0	0.0	
8.776053077352875	22.19231809559654	0.0	0.0	
9.391433144978983	23.005794636241045	0.0	0.0	
9.029392645029393	24.120911044705387	0.0	0.0	
9.26861809100918	24.758332634078048	0.0	0.0	
9.475120476912142	26.152070640156833	0.0	0.0	
8.703129639867345	27.212992696512433	0.0	0.0	
9.449700835990477	27.694824780232384	0.0	0.0	
9.235778146624346	29.446724682887307	0.0	0.0	
8.697088535786634	30.059881443327903	0.0	0.0	
9.099119489758998	31.21339775461994	0.0	0.0	
9.79613732748554	0.13357045209483087	0.0	0.0	
9.669876107551616	0.74179846017114	0.0	0.0	
9.601559952570465	1.9889003496854403	0.0	0.0	
9.891698531325641	3.1476972861592305	0.0	0.0	
10.097851770264008	3.7506108635862487	0.0	0.0	
9.898128113899908	4.933274840819147	0.0	0.0	
10.176635708944923	5.503020572252558	0.0	0.0	
10.216825304781082	6.629929566390358	0.0	0.0	
9.881383796951727	7.701870240431685	0.0	0.0	
10.251211128953281	9.170286038321967	0.0	0.0	
9.837368497958888	9.896835477511226	0.0	0.0	
9.918287858916907	11.280091244317399	0.0	0.0	
10.251914684869295	12.231447268839968	0.0	0.0	
10.129744985999803	12.733891347305844	0.0	0.0	
9.615973784179017	14.350637820228766	0.0	0.0	
9.523140585168886	15.315677168375487	0.0	0.0	
9.597397139618325	15.908756302596458	0.0	0.0	
9.786818755322622	17.418813057702295	0.0	0.0	
9.792631971643537	17.817864172477876	0.0	0.0	
9.973518739640634	19.151241733351572	0.0	0.0	
10.076795530275037	20.243116250132953	0.0	0.0	
9.879408084102042	20.91122070728771	0.0	0.0	
9.788330696845033	22.229256807182807	0.0	0.0	
9.959746395987711	22.898020814511057	0.0	0.0	
9.98662575186479	24.15427733212863	0.0	0.0	
10.33490863951209	25.12004707826025	0.0	0.0	
10.384327252759716	25.586664856512748	0.0	0.0	
9.794401529013331	26.67710125629907	0.0	0.0	
10.224839084814706	27.904551989086237	0.0	0.0	
9.751812631779936	29.25900065268327	0.0	0.0	
9.973547255841334	29.972572011697117	0.0	0.0	
10.224817406118873	30.555011240882834	0.0	0.0	
11.292918040655174	0.16385200725886961	0.0	0.0	
10.980913818145066	0.9837632328126898	0.0	0.0	
11.267540245709531	1.5946232630395811	0.0	0.0	
10.838500333674219	2.542449819672284	0.0	0.0	
10.570844346105773	3.7264843270626193	0.0	0.0	
11.283680125803736	5.384340003920683	0.0	0.0	
10.862412015421695	5.58195698123828	0.0	0.0	
10.589831311726893	6.7714841318437	0.0	0.0	
11.373736597318324	7.536998136031621	0.0	0.0	
10.86441111660839	9.38482113474852	0.0	0.0	
11.151926352953563	9.55040030190673	0.0	0.0	
10.799390109771636	11.084413911070753	0.0	0.0	
10.707469518988404	11.779243688683406	0.0	0.0	
11.069729819747392	12.563089409890702	0.0	0.0	
11.372601244960082	14.401597209443915	0.0	0.0	
10.697578819208346	15.078668830347143	0.0	0.0	
10.778391259341896	15.93012703538183	0.0	0.0	
10.697974629242871	16.95549599115695	0.0	0.0	
10.661912795040061	17.697317403616086	0.0	0.0	
11.333722696493428	18.814730330456108	0.0	0.0	
10.85515830666355	20.452130636496868	0.0	0.0	
10.837548901698087	20.941454186809267	0.0	0.0	
11.277149188250553	22.38502029209233	0.0	0.0	
11.160516712861106	23.11278123008078	0.0	0.0	
11.228353021055057	23.852401784364716	0.0	0.0	
11.44434202980648	24.985142264679222	0.0	0.0	
11.436092118642	26.273167652449636	0.0	0.0	
11.122640537022969	26.686458723235496	0.0	0.0	
10.632711454342108	28.312125828039626	0.0	0.0	
10.532581895433026	29.34098829585593	0.0	0.0	
10.683594944442577	30.433299781022136	0.0	0.0	
10.677746076502288	30.774781620581617	0.0	0.0	
12.013762121197827	0.19549320635547107	0.0	0.0	
12.363552288091174	0.5053149800980014	0.0	0.0	
11.831981380755806	1.7239979390594797	0.0	0.0	
12.090786006073797	2.848081832351044	0.0	0.0	
12.479740572346744	3.8423108020624337	0.0	0.0	
12.257926255398461	5.018553078275116	0.0	0.0	
12.057643611618426	6.127188691673104	0.0	0.0	
12.443614277489978	7.380285892535154	0.0	0.0	
12.150841092865921	7.584263386380201	0.0	0.0	
12.039606841352827	8.834959311371176	0.0	0.0	
11.816204114162753	10.235720277997862	0.0	0.0	
11.80283648317427	11.266470633782696	0.0	0.0	
11.711836154368937	11.911784643148648	0.0	0.0	
11.700102213500209	12.7314514997313	0.0	0.0	
12.336571452308226	13.6724476004125	0.0	0.0	
11.653032318278697	14.9856848899256	0.0	0.0	
11.610730159885367	16.314680964567348	0.0	0.0	
11.699597637738336	16.778499569751315	0.0	0.0	
12.415611235340844	17.69544784238397	0.0	0.0	
11.970116702807225	19.42717874923852	0.0	0.0	
12.323153408159866	20.418197679932007	0.0	0.0	
11.62548316046557	20.633496119410044	0.0	0.0	
11.670700020489164	21.50592844670549	0.0	0.0	
11.88955999224133	22.718820791180843	0.0	0.0	
11.632119924856905	24.14582979275338	0.0	0.0	
12.087953224090697	24.7858661597783	0.0	0.0	
12.343626906650139	26.486093531635785	0.0	0.0	
12.118031753515943	27.100331193972593	0.0	0.0	
12.051754217049076	28.128044187847106	0.0	0.0	
12.17320985064559	28.753439622873316	0.0	0.0	
12.4715612978573	30.005249276200015	0.0	0.0	
11.785484589325192	30.784664892224775	0.0	0.0	
12.856472864734577	0.1732803179378153	0.0	0.0	
13.356438813833977	1.3382217624845072	0.0	0.0	
12.713020016134166	2.449687192440845	0.0	0.0	
12.667480974233396	3.183259949459118	0.0	0.0	
13.15498533251649	4.4875069155681855	0.0	0.0	
13.108671089985402	4.79918519815468	0.0	0.0	
13.007644639554583	5.75391761688328	0.0	0.0	
12.544093902470383	6.966251900078558	0.0	0.0	
12.548218412333153	7.819417231264204	0.0	0.0	
13.163645114850812	8.565850684010433	0.0	0.0	
13.05828567011051	10.227331020828537	0.0	0.0	
12.894288576928611	10.646389353458735	0.0	0.0	
12.578664999075649	11.926525644296646	0.0	0.0	
13.363893334287575	13.24268832848642	0.0	0.0	
12.614168256116876	13.935584915943878	0.0	0.0	
12.608471959620333	14.585369802327829	0.0	0.0	
12.655043040019144	16.32806785938096	0.0	0.0	
12.84170497806506	17.184909564364414	0.0	0.0	
13.092420221520422	18.176548035029704	0.0	0.0	
13.099044969275921	19.204887234354462	0.0	0.0	
12.608029330800603	20.102221535507795	0.0	0.0	
12.754264168737746	21.358799856937967	0.0	0.0	
12.558152117716928	22.233344459858994	0.0	0.0	
12.723293893611668	23.145828886193858	0.0	0.0	
13.473862073945789	24.170056830965954	0.0	0.0	
12.969578124741984	25.335302996183955	0.0	0.0	
13.4412943870302	25.75770331862088	0.0	0.0	
13.161208219432819	26.940676054671858	0.0	0.0	
13.02797827085638	28.206883437284443	0.0	0.0	
13.04215043756789	28.891766190466274	0.0	0.0	
13.317292924266237	30.35181545606486	0.0	0.0	
12.751442762257948	31.003456472556813	0.0	0.0	
14.142415753448175	0.36050866417166827	0.0	0.0	
14.189281420542107	1.2651652374809372	0.0	0.0	
14.215763642052417	2.1444619832020377	0.0	0.0	
14.006636414505872	2.514064115364851	0.0	0.0	
14.326534297095034	4.024284598410374	0.0	0.0	
14.420638491461112	4.7921443059073745	0.0	0.0	
13.865327490456979	5.51498069895232	0.0	0.0	
14.081725663262857	7.332662386859527	0.0	0.0	
14.030445488850301	8.134540723689856	0.0	0.0	
14.144766774244816	9.418129517823953	0.0	0.0	
14.484822072072031	10.220944271188527	0.0	0.0	
13.986751023853639	10.848424721567296	0.0	0.0	
13.655869557286811	12.02941683777059	0.0	0.0	
13.765075770068947	12.651406852063033	0.0	0.0	
14.383504387863573	14.166063883588178	0.0	0.0	
13.984012947123194	14.55446434701436	0.0	0.0	
13.92199903357385	15.569719244652799	0.0	0.0	
14.307837023579816	17.106346695581106	0.0	0.0	
14.381765108399087	17.90129090011033	0.0	0.0	
14.051014674973002	19.016753352310523	0.0	0.0	
13.779620201669454	19.65109749090072	0.0	0.0	
13.62070430913267	21.42048464280243	0.0	0.0	
14.477194776963119	21.529185200583903	0.0	0.0	
14.344167473864333	23.392393351346715	0.0	0.0	
13.533812240542865	24.258874446123436	0.0	0.0	
14.310841288893162	24.850176116236565	0.0	0.0	
14.050275653133697	26.187193425918277	0.0	0.0	
14.093079398404447	26.70339980381657	0.0	0.0	
14.40719220870598	27.630647133904144	0.0	0.0	
13.999535916575528	28.507532657779215	0.0	0.0	
13.620539868071623	30.043104218770125	0.0	0.0	
13.80726038424984	31.39376912359043	0.0	0.0	
15.160172784699231	0.0003156560439774303	0.0	0.0	
14.779956436095196	1.3195245614555526	0.0	0.0	
14.781939061553688	1.700315156458984	0.0	0.0	
14.709993828280194	3.485737700239956	0.0	0.0	
14.929308616783153	3.51568287659967	0.0	0.0	
15.487675487747959	5.033452803453837	0.0	0.0	
14.75978720416969	5.793296935554856	0.0	0.0	
14.891815114094324	7.260392743232713	0.0	0.0	
15.048066680129743	7.509884341828432	0.0	0.0	
15.440744209308404	9.426978492649965	0.0	0.0	
15.045983196992598	9.947115190380723	0.0	0.0	
14.526257540553452	10.63959329108372	0.0	0.0	
14.79839753317373	12.41446293495353	0.0	0.0	
14.745389468643348	13.13267028899565	0.0	0.0	
15.03971912278758	14.181005753373515	0.0	0.0	
15.166477051568638	15.009812826894503	0.0	0.0	
15.083104457138612	15.999850848455042	0.0	0.0	
15.498736681329317	16.75899204012588	0.0	0.0	
15.452071115781248	18.039305704322146	0.0	0.0	
15.030689234995926	18.66956415856682	0.0	0.0	
15.45612469657384	20.02186342773332	0.0	0.0	
15.259188194947901	20.625414600828734	0.0	0.0	
15.447447516344347	22.228795961530288	0.0	0.0	
15.039267034744823	22.643911034588058	0.0	0.0	
15.245174093045247	23.59753653124257	0.0	0.0	
15.31480546955938	25.252762491240397	0.0	0.0	
15.138789172493702	26.17511436792202	0.0	0.0	
15.267128823684185	27.347981873704747	0.0	0.0	
14.512092062354602	28.198492989707145	0.0	0.0	
15.239838379110386	28.778087735217763	0.0	0.0	
15.155395368780132	30.138661213264076	0.0	0.0	
14.67423596506791	30.693910959928235	0.0	0.0	
15.78488587032678	0.4995936932742515	0.0	0.0	
15.774767025904364	0.6157239570466512	0.0	0.0	
16.497130031779083	1.787930648534016	0.0	0.0	
15.572777336547368	3.4798489464605913	0.0	0.0	
15.577740635754791	4.2815200924161765	0.0	0.0	
15.53165456814437	4.6837199454716405	0.0	0.0	
16.32845501626051	5.5398880550978085	0.0	0.0	
15.639792174029427	6.917651911285313	0.0	0.0	
15.738094981308457	8.019139489953227	0.0	0.0	
15.752423969905252	9.43390544585461	0.0	0.0	
16.14786052260719	9.52623893140126	0.0	0.0	
16.19352611753641	11.29609829754115	0.0	0.0	
16.423194532532438	11.947094058164264	0.0	0.0	
16.356707630927563	12.623375081796391	0.0	0.0	
15.523673806977243	13.951095492085772	0.0	0.0	
15.99817102922756	15.127210878094026	0.0	0.0	
15.560156479788159	15.555498846901116	0.0	0.0	
16.021447270907085	16.702893213839722	0.0	0.0	
15.692418946603267	18.076158123653677	0.0	0.0	
15.95627581539175	19.177012322003737	0.0	0.0	
16.01264328005442	19.506823333789576	0.0	0.0	
15.960246838639423	20.667810490378702	0.0	0.0	
16.43201470320311	21.59881610598657	0.0	0.0	
16.24375837112502	22.87819968699136	0.0	0.0	
15.54598344150192	23.810257492608567	0.0	0.0	
16.461778318356966	24.88694721331769	0.0	0.0	
15.990602321898285	26.178325858433467	0.0	0.0	
15.853892552636502	26.642660345898108	0.0	0.0	
15.975893552360818	27.765989269111156	0.0	0.0	
15.781671541947077	29.19266359710311	0.0	0.0	
16.446887805380676	30.105617809263077	0.0	0.0	
15.984666069660797	30.57999628148793	0.0	0.0	
16.81721308336723	0.36423306267599187	0.0	0.0	
17.06586326032753	1.1379625983965558	0.0	0.0	
17.39383362171145	2.264751096703094	0.0	0.0	
16.722810917671822	2.8924555396225875	0.0	0.0	
16.73413061383207	3.834266361096532	0.0	0.0	
17.220236553929293	4.714542890147246	0.0	0.0	
17.01565809129625	5.802970904166215	0.0	0.0	
17.306972689257698	7.295792563008168	0.0	0.0	
17.216859563295987	7.748497492105061	0.0	0.0	
16.752244474687956	9.458648153966815	0.0	0.0	
16.837997411530736	9.539033514465016	0.0	0.0	
17.3002925244006	11.044695230779837	0.0	0.0	
17.274984743494073	11.843787046458614	0.0	0.0	
16.513083369099817	13.14726692843543	0.0	0.0	
17.20989562072289	13.69703227684097	0.0	0.0	
16.61954945697936	14.820080931270866	0.0	0.0	
16.72974352826759	16.09097014640959	0.0	0.0	
17.35069007119294	16.823266089751193	0.0	0.0	
16.86269538355457	17.89981940778415	0.0	0.0	
16.741681620938422	19.18890728694896	0.0	0.0	
17.378133852079824	20.23033804667408	0.0	0.0	
17.071833249848076	21.307052204135122	0.0	0.0	
16.913389753845756	22.260180450791143	0.0	0.0	
16.756133243330602	23.154518823454538	0.0	0.0	
16.974215122857693	23.519948798029507	0.0	0.0	
17.095238700516397	25.064332200008344	0.0	0.0	
17.405049713657853	25.591796437053283	0.0	0.0	
16.60482367578333	26.915941611866227	0.0	0.0	
16.562491997936434	27.94937276243037	0.0	0.0	
16.94970146280521	29.13362159092549	0.0	0.0	
17.239175708385176	30.0840796340157	0.0	0.0	
16.533317440686545	31.315961635154345	0.0	0.0	
18.00632599261691	0.47039407815419787	0.0	0.0	
18.404026596205057	0.6986379832660724	0.0	0.0	
18.197181981778968	2.4493072648428083	0.0	0.0	
18.09541724903411	3.4159798524131406	0.0	0.0	
17.739446274288657	4.010563581862418	0.0	0.0	
17.874591753146483	4.725449874544796	0.0	0.0	
17.691137170399752	5.834660202818562	0.0	0.0	
18.2599559726982	6.91364854923877	0.0	0.0	
17.585266707925953	8.323226598111134	0.0	0.0	
17.864896788677246	8.987385161073052	0.0	0.0	
17.81300506481211	9.965394887765648	0.0	0.0	
18.477956382710595	10.610610383161713	0.0	0.0	
18.469830552074182	11.753933961433525	0.0	0.0	
17.856286386363088	12.7787332225791	0.0	0.0	
18.3815931108993	13.705325748153891	0.0	0.0	
17.968701217729368	15.324165115670246	0.0	0.0	
18.265071253474296	16.446670529359608	0.0	0.0	
18.006377580359736	16.839885974435326	0.0	0.0	
18.14403536919293	18.129077600382715	0.0	0.0	
17.85131784054796	18.539338236834283	0.0	0.0	
17.54849790186154	19.670304228759207	0.0	0.0	
17.788587932701994	21.265847636084043	0.0	0.0	
17.749104822944577	22.330294571568853	0.0	0.0	
18.44019826631533	23.22461206737503	0.0	0.0	
18.2218962675505	24.38963160594097	0.0	0.0	
17.71855006225507	24.703177547139035	0.0	0.0	
18.48080698166422	25.74310967626598	0.0	0.0	
18.424376602099105	26.670114228308268	0.0	0.0	
17.933101882684493	27.82065609372988	0.0	0.0	
17.698744637257473	28.984471797027634	0.0	0.0	
17.89967188417767	30.062162432378358	0.0	0.0	
17.661591626264517	30.92754076284539	0.0	0.0	
19.19286929233215	0.12561890735212566	0.0	0.0	
19.450855783983762	0.5409345051091827	0.0	0.0	
18.648691094276934	1.7420115107906824	0.0	0.0	
18.808334846108888	3.4960967539511834	0.0	0.0	
19.16545241793534	3.5950199830386977	0.0	0.0	
18.756161759827314	5.32003426131649	0.0	0.0	
18.842212622102927	6.168437147696348	0.0	0.0	
18.68982260413775	6.657449250924917	0.0	0.0	
19.371251416286626	8.070871399788984	0.0	0.0	
19.304773935676558	9.243544125096133	0.0	0.0	
18.602908159672594	10.140486001756601	0.0	0.0	
19.01533601611717	10.610000124388474	0.0	0.0	
19.23171576127395	12.112411453892951	0.0	0.0	
19.11485702775746	12.609099268819323	0.0	0.0	
18.55210312308112	13.864075193926759	0.0	0.0	
18.878813778710963	14.50788575587931	0.0	0.0	
19.167515232765208	15.798738773800407	0.0	0.0	
19.21213208918678	16.790429093683688	0.0	0.0	
18.55794037320559	17.635264533229808	0.0	0.0	
19.17380707694879	19.009770398417924	0.0	0.0	
18.713218901665165	20.271390882425955	0.0	0.0	
19.079956960502585	21.08425022637856	0.0	0.0	
19.106353468317423	22.1476876162183	0.0	0.0	
18.568519671487287	22.869265958953402	0.0	0.0	
19.321375604758423	23.6704775641195	0.0	0.0	
19.41968027731607	24.522559302395337	0.0	0.0	
19.41368335413172	25.968472600721476	0.0	0.0	
19.26942433258534	26.80373359579239	0.0	0.0	
18.74430524499421	28.125411997601656	0.0	0.0	
18.71246214399976	28.941172312152677	0.0	0.0	
19.285667668445267	29.969370913667674	0.0	0.0	
19.255176504703204	30.683172592250685	0.0	0.0	
20.12282506930378	0.42638203777100947	0.0	0.0	
20.132901462402156	1.4751416840450156	0.0	0.0	
20.0964177642689	1.758846950311145	0.0	0.0	
20.11196827608458	2.993927293266614	0.0	0.0	
20.06992497803452	3.570786207855497	0.0	0.0	
19.543118809043513	4.9293135803774675	0.0	0.0	
19.808726534684975	6.142508677773533	0.0	0.0	
20.25364307113341	7.489654821824255	0.0	0.0	
20.372440211165266	8.42142542204137	0.0	0.0	
19.500605333432603	8.998560290274963	0.0	0.0	
19.883116480922993	10.268297508809718	0.0	0.0	
19.62741969336651	11.25598990803073	0.0	0.0	
20.05943877175617	11.615933100438838	0.0	0.0	
20.310603404171385	13.318410704707214	0.0	0.0	
19.716399893588953	14.444816220055122	0.0	0.0	
19.62389661267734	14.931159947884469	0.0	0.0	
19.814545363966154	15.715067404715558	0.0	0.0	
20.48310264031422	16.902895444982995	0.0	0.0	
19.604928988686535	17.82998503025851	0.0	0.0	
20.02504249000761	18.722911274059438	0.0	0.0	
19.6482420736762	20.49237297394804	0.0	0.0	
19.774239648969104	20.585464151620553	0.0	0.0	
19.508512584064817	22.075403098043648	0.0	0.0	
19.892236606558168	22.628524542223943	0.0	0.0	
19.619788554514095	24.291157618840398	0.0	0.0	
20.160219623994823	25.465559507360272	0.0	0.0	
19.837480445658148	25.775305637550264	0.0	0.0	
20.323780926997674	27.222423501967146	0.0	0.0	
19.531343537422398	28.12517158363706	0.0	0.0	
19.90473308233482	28.805470241193028	0.0	0.0	
19.582498770102358	29.565691052531097	0.0	0.0	
20.27665968564582	30.702476644523802	0.0	0.0	
20.951928279178194	0.07000625642220915	0.0	0.0	
21.085645548629635	1.28322087676567	0.0	0.0	
20.583521932569752	1.8275681899351564	0.0	0.0	
20.563195924585845	3.2678545759297797	0.0	0.0	
20.55176066887681	4.04765362191384	0.0	0.0	
21.03282192486926	5.454686459575714	0.0	0.0	
21.09356974941787	5.594367089620889	0.0	0.0	
20.672137172171368	6.725518455324449	0.0	0.0	
20.676249305797917	7.879087710247088	0.0	0.0	
21.17969290567264	9.273002765819507	0.0	0.0	
21.48629593705972	10.100264202004125	0.0	0.0	
21.397870461078245	11.074702478296906	0.0	0.0	
21.080169319899678	11.88429065166104	0.0	0.0	
21.412168488373833	12.731203159306332	0.0	0.0	
20.824503975222623	13.802582606919733	0.0	0.0	
20.976767335369605	14.96864165290227	0.0	0.0	
21.129538923957348	16.29963460215977	0.0	0.0	
20.559138429786856	16.993630134602483	0.0	0.0	
20.781803605626028	17.655886725352744	0.0	0.0	
21.028510487413374	19.163547666417436	0.0	0.0	
20.641612189690104	19.89825710602931	0.0	0.0	
20.685875090250338	21.431071413568603	0.0	0.0	
20.66248086647258	22.22683673351315	0.0	0.0	
21.463504781892997	22.9024804404771	0.0	0.0	
20.962925021253408	23.86033942717956	0.0	0.0	
20.679912597779378	25.18529223273834	0.0	0.0	
20.51924725490584	25.658726710141348	0.0	0.0	
20.741819905644668	27.300520000318393	0.0	0.0	
20.606783413903518	28.155365278080495	0.0	0.0	
21.39707503625677	29.00089873303157	0.0	0.0	
20.73655478509444	30.196569178674366	0.0	0.0	
20.773980386044112	31.083686252763105	0.0	0.0	
21.888975462118612	0.12320717445772167	0.0	0.0	
21.972662661689895	0.7059211356811714	0.0	0.0	
22.278544073910563	2.074357577113463	0.0	0.0	
21.890850532949326	2.5438547730625913	0.0	0.0	
21.869231502672303	4.165377796995573	0.0	0.0	
21.737057088434646	5.156902773535888	0.0	0.0	
21.535162331712947	5.850848355100842	0.0	0.0	
21.818763891619557	7.1798630971211	0.0	0.0	
21.837572818113482	8.432964093313725	0.0	0.0	
22.36140103104127	8.577183314122095	0.0	0.0	
22.378080327590624	9.529530740774721	0.0	0.0	
21.87023300930904	11.133006390977377	0.0	0.0	
22.1236614491742	12.035076969614263	0.0	0.0	
22.204128388663136	13.374695306821897	0.0	0.0	
21.51744299248489	13.91614376263897	0.0	0.0	
22.229450949044747	15.413991946671265	0.0	0.0	
21.629081968543694	16.12860332679634	0.0	0.0	
22.0835571822844	17.25276751793089	0.0	0.0	
22.291017871618678	18.33008292104805	0.0	0.0	
21.866174923906005	19.49952041692995	0.0	0.0	
22.307692418558528	20.43695379103972	0.0	0.0	
21.511208119347824	21.395493176642685	0.0	0.0	
21.57540817469121	22.051904633690455	0.0	0.0	
21.909603231462977	22.688424287596092	0.0	0.0	
21.643076095228363	24.431213151373363	0.0	0.0	
22.483914654186776	25.338505946068928	0.0	0.0	
21.52274541686625	26.459163647415117	0.0	0.0	
22.464145238546955	26.503741107783423	0.0	0.0	
22.02404366946637	28.48875257845362	0.0	0.0	
22.37635943666122	28.695821965541363	0.0	0.0	
21.706504737456033	30.11479414387972	0.0	0.0	
21.524024158184957	31.11071577936864	0.0	0.0	
23.297785182637313	0.2018000539424698	0.0	0.0	
22.973552060648313	0.7862413542204432	0.0	0.0	
23.063950432649428	1.6787938170665107	0.0	0.0	
22.829473551325716	2.596609376860681	0.0	0.0	
22.699105819236586	3.5034928330016264	0.0	0.0	
22.95294609120387	5.201922571619294	0.0	0.0	
23.161873485213096	6.490416475472832	0.0	0.0	
22.674414017426226	6.622733513729611	0.0	0.0	
22.84283804648019	8.148671592727608	0.0	0.0	
22.980739332124166	9.456219431054173	0.0	0.0	
23.354817172609607	10.43969644594361	0.0	0.0	
23.030098258484962	10.535308415974892	0.0	0.0	
22.555929165547884	12.244684245478606	0.0	0.0	
23.479511347850373	12.81214544800561	0.0	0.0	
22.959071675860958	13.794553015971033	0.0	0.0	
22.79483677012351	15.127637791866064	0.0	0.0	
22.982758484475355	15.51632469460605	0.0	0.0	
23.402646010504363	16.860435030556157	0.0	0.0	
22.94721407297668	17.999116639079087	0.0	0.0	
22.806035748484106	18.523281525700476	0.0	0.0	
22.977589380137815	20.259706651751756	0.0	0.0	
23.327111879767738	21.124379279728775	0.0	0.0	
22.778170850191806	22.27431248336007	0.0	0.0	
22.88604137966054	22.87748179227329	0.0	0.0	
23.3495801633486	23.989385383887903	0.0	0.0	
22.532482234271193	25.490282917492337	0.0	0.0	
23.039803708762832	25.69490587880907	0.0	0.0	
22.637200480410502	26.847175687936158	0.0	0.0	
22.551558625895968	27.87765346592476	0.0	0.0	
23.16111951145788	28.616161696294064	0.0	0.0	
22.74917098134198	30.140533668698303	0.0	0.0	
23.273576253353177	30.743536084336924	0.0	0.0	
24.445449379135308	0.050863078283619134	0.0	0.0	
23.595517523511848	0.5809534501743581	0.0	0.0	
23.857548190887215	1.5113721588122804	0.0	0.0	
23.60592195962318	3.1335575410266197	0.0	0.0	
24.37465990418346	4.063502697527151	0.0	0.0	
24.42977022427215	4.713110023994974	0.0	0.0	
24.183447305795177	6.062003790918295	0.0	0.0	
24.403065702821078	7.39442520973647	0.0	0.0	
24.269181710796502	7.58861292208166	0.0	0.0	
24.285128408894057	8.923727676664763	0.0	0.0	
24.399937944369402	9.89687112792684	0.0	0.0	
23.965469275020347	11.273176858455955	0.0	0.0	
23.587962072114447	12.056145279359372	0.0	0.0	
24.048535391676374	12.525550283996912	0.0	0.0	
23.986727583047433	14.327928657618514	0.0	0.0	
23.63712964572771	15.265402641567208	0.0	0.0	
23.790611750358757	16.18371862323951	0.0	0.0	
23.583332439073704	16.998102952565127	0.0	0.0	
24.261506257473343	18.387246233046483	0.0	0.0	
24.05462928103395	18.873654793158444	0.0	0.0	
24.0049310851971	20.02665372443213	0.0	0.0	
23.971832424909913	21.46378241345526	0.0	0.0	
24.146189363339303	21.646916869695165	0.0	0.0	
24.012162226152892	23.34240557602799	0.0	0.0	
24.087656535230085	23.54772510915854	0.0	0.0	
24.026121708043313	25.15714007709284	0.0	0.0	
23.931263287323542	26.156541716276823	0.0	0.0	
24.2504620255146	26.6030895910422	0.0	0.0	
23.549918994884028	27.764326831387685	0.0	0.0	
24.186246997108405	28.851429867281066	0.0	0.0	
24.45410988029558	29.545166546964847	0.0	0.0	
24.02795582650996	30.845430659318232	0.0	0.0	
25.236656334930142	0.3810611130028667	0.0	0.0	
25.043416798918237	1.1131556437315002	0.0	0.0	
24.712283316266607	2.4564686630876533	0.0	0.0	
24.746690204840355	3.2060510757244938	0.0	0.0	
25.409814170099935	4.130639895674992	0.0	0.0	
25.330896986649844	4.954290414432221	0.0	0.0	
24.703138995057014	5.542225665699591	0.0	0.0	
25.313529786390273	6.881100933877763	0.0	0.0	
24.7508216331407	7.568628100092125	0.0	0.0	
24.596106275061267	8.963367050063086	0.0	0.0	
24.598137312133375	10.417226815265273	0.0	0.0	
24.526086019410062	11.218103932788976	0.0	0.0	
25.29660492097128	12.085403939769952	0.0	0.0	
24.8823903316005	13.091667153902133	0.0	0.0	
24.7212401507436	13.788922944737157	0.0	0.0	
25.457175959190312	15.432000252161739	0.0	0.0	
24.630136576334134	16.20607193587904	0.0	0.0	
24.748531972819446	16.62099604809535	0.0	0.0	
24.52687829885506	17.986450487602156	0.0	0.0	
24.929889510028364	18.73710317396659	0.0	0.0	
25.079041652259455	20.32705902092569	0.0	0.0	
25.054982296908165	21.14521330285516	0.0	0.0	
24.81156952692103	22.271603473575954	0.0	0.0	
24.694452790266592	22.51701584342091	0.0	0.0	
25.176496040228614	23.55632552093015	0.0	0.0	
25.080994315904555	25.069757958698034	0.0	0.0	
24.5890380190592	26.108443921767048	0.0	0.0	
24.95398052311175	26.91970068186747	0.0	0.0	
25.07378466896559	27.576155130199574	0.0	0.0	
25.10303352983311	29.25187620057496	0.0	0.0	
25.075317545981903	30.263653779895662	0.0	0.0	
25.433929443396792	31.152976095171233	0.0	0.0	
25.57274226162364	0.40060259546332944	0.0	0.0	
26.00958606343612	1.123632970580382	0.0	0.0	
25.515659139513325	2.298969030796653	0.0	0.0	
26.053406253205726	2.669686123057106	0.0	0.0	
26.152589804173637	3.729293175102973	0.0	0.0	
26.404227095339373	5.3768380576017565	0.0	0.0	
26.0730531992808	5.725506810432336	0.0	0.0	
26.31800042420498	6.874419557981032	0.0	0.0	
25.671072678270626	8.033939573265206	0.0	0.0	
25.919337158707624	8.897933824020171	0.0	0.0	
25.651696012198354	10.46547063711142	0.0	0.0	
26.209295732274956	10.917664634705773	0.0	0.0	
25.959068350176043	11.990515846354763	0.0	0.0	
25.646195216559857	12.502841580954591	0.0	0.0	
25.888424246299977	14.469519708021972	0.0	0.0	
26.13458828159567	15.092733903695489	0.0	0.0	
25.663774227491643	15.800505343294866	0.0	0.0	
26.168143990270057	16.730981267198466	0.0	0.0	
26.402119125596936	17.736646107570955	0.0	0.0	
25.703244739629852	18.77944903830206	0.0	0.0	
25.81428288794952	19.957806001800506	0.0	0.0	
26.091695192359854	20.982384283659208	0.0	0.0	
25.58952795105548	22.06936142162121	0.0	0.0	
26.318337983136093	23.210611646847493	0.0	0.0	
25.867514475723432	24.28288671697728	0.0	0.0	
25.73322445303863	25.470246228877304	0.0	0.0	
25.716527148451803	25.73939330404464	0.0	0.0	
26.30274889730648	27.283835687556287	0.0	0.0	
25.541874681409514	28.11864504057553	0.0	0.0	
25.85182428567087	29.189990772831234	0.0	0.0	
25.51396177663961	30.10956111692977	0.0	0.0	
26.482492502537074	30.799921259166947	0.0	0.0	
26.85876777273445	0.032555318673404	0.0	0.0	
26.729027108021054	0.6906039531475483	0.0	0.0	
26.607674912462528	2.133239107841319	0.0	0.0	
27.01697627837266	3.321578513625426	0.0	0.0	
27.057269052613563	3.7705817428753523	0.0	0.0	
26.873376040545917	5.125509137640977	0.0	0.0	
27.1771252188463	6.249746815762835	0.0	0.0	
27.284632545453817	6.7013924663698585	0.0	0.0	
27.480482383718282	8.337217009874259	0.0	0.0	
26.506523517917177	9.366645128300677	0.0	0.0	
27.4354263309791	10.435264637206394	0.0	0.0	
26.64261697276092	11.101604532107876	0.0	0.0	
26.846791457244016	12.186047298535343	0.0	0.0	
26.880184011786564	12.92504248803314	0.0	0.0	
26.588438475524768	14.340572820992989	0.0	0.0	
27.437913310775627	15.437710737015395	0.0	0.0	
27.391454557759445	15.884354059025538	0.0	0.0	
27.38049467525533	16.785313934665435	0.0	0.0	
26.77712286302464	18.341312677649906	0.0	0.0	
26.66091956120424	19.115375484296024	0.0	0.0	
27.04207854020386	19.56781806917266	0.0	0.0	
26.99982648350354	21.367505730627776	0.0	0.0	
26.567616508530033	22.121149526361897	0.0	0.0	
26.52392720032483	22.606333372102323	0.0	0.0	
27.302196026412393	24.35704043295473	0.0	0.0	
26.669742706113766	25.34165163803756	0.0	0.0	
27.22142151870682	26.378596057326426	0.0	0.0	
27.025870962096114	26.69870730315205	0.0	0.0	
26.94431375564049	28.21701924141109	0.0	0.0	
27.203109608107656	29.118747720824576	0.0	0.0	
26.90762241836133	29.776228202876474	0.0	0.0	
26.620785492355548	31.204278140452544	0.0	0.0	
28.03620940380942	0.40172126692795884	0.0	0.0	
28.433528779903426	1.3498173422868778	0.0	0.0	
28.23717495248753	1.7376570572344532	0.0	0.0	
28.340678783864174	2.836473049499961	0.0	0.0	
27.563180146623115	4.399044235656241	0.0	0.0	
28.20241528069154	5.084349387185357	0.0	0.0	
27.677087871905794	6.063016582021549	0.0	0.0	
28.316748157506872	7.040302469184571	0.0	0.0	
28.050251736923176	7.601235384950214	0.0	0.0	
27.559961565710452	8.674246750001762	0.0	0.0	
27.571071205259972	10.297719688422676	0.0	0.0	
27.873977342084764	10.67446523161725	0.0	0.0	
28.185658008474498	11.517960012857982	0.0	0.0	
27.982073161606777	13.42220336974007	0.0	0.0	
28.138714847315498	13.746996466247728	0.0	0.0	
27.554398493080683	14.729113049935775	0.0	0.0	
27.99332742225688	15.853101564214365	0.0	0.0	
27.611197540875118	17.144958681537897	0.0	0.0	
27.801891907776774	18.01025345960682	0.0	0.0	
27.95847446136759	19.34757525507436	0.0	0.0	
27.94911551984158	19.960466883370533	0.0	0.0	
28.223484484663384	21.431528591908794	0.0	0.0	
27.62013642414476	22.047126522746815	0.0	0.0	
28.282390690806096	22.644818044774915	0.0	0.0	
27.91589724541952	23.750889112059397	0.0	0.0	
27.62761954592586	24.835479111762364	0.0	0.0	
27.896005413057658	26.191628135736337	0.0	0.0	
28.18694309646592	27.096713204213987	0.0	0.0	
27.83441252812577	28.247863916584162	0.0	0.0	
27.964758360407895	29.143403808364944	0.0	0.0	
28.019705431067155	30.299430807832824	0.0	0.0	
28.229359102138964	30.777224885750595	0.0	0.0	
29.25798933478841	0.18630780336188468	0.0	0.0	
29.096904004205985	1.3536799213872284	0.0	0.0	
28.900295183067822	2.409071197442911	0.0	0.0	
28.62515554579791	3.43625472262021	0.0	0.0	
29.053414993226284	3.8938177820631834	0.0	0.0	
28.525095373930053	4.674359757651545	0.0	0.0	
28.923489051375963	6.419471568588171	0.0	0.0	
28.787855351202612	6.8805244197759645	0.0	0.0	
28.754621617769747	7.930728132691615	0.0	0.0	
29.116369563160738	8.656981168744107	0.0	0.0	
29.431630558673692	10.23821971483318	0.0	0.0	
29.411193113668723	11.234979680244914	0.0	0.0	
29.08295823506765	12.371665063311486	0.0	0.0	
28.69786503895726	12.979305340423329	0.0	0.0	
29.449824837705034	14.316720716319828	0.0	0.0	
29.465685958203217	14.689637890947905	0.0	0.0	
28.76473975705713	15.896326674500108	0.0	0.0	
28.92083145645177	16.61172438839496	0.0	0.0	
28.56214790244665	17.67826284952077	0.0	0.0	
28.772907635870407	19.435767078773402	0.0	0.0	
29.22244640860081	19.942048395803535	0.0	0.0	
28.59274263008011	20.982474697046737	0.0	0.0	
29.367377443046415	22.297065708055307	0.0	0.0	
29.0698646343143	23.183300327276417	0.0	0.0	
28.505968215827693	23.9462795645106	0.0	0.0	
29.28327923740624	25.19467837282857	0.0	0.0	
29.223499010232405	25.734195812887712	0.0	0.0	
29.12892637076858	26.565824707396928	0.0	0.0	
29.46603548919737	28.031800425037044	0.0	0.0	
29.328712330645725	28.840472919134683	0.0	0.0	
28.97040423416121	30.171842555795443	0.0	0.0	
29.20078417376045	30.896977425338537	0.0	0.0	
29.92342645882981	0.17110994294589033	0.0	0.0	
29.57677366045618	0.7160220850215198	0.0	0.0	
30.05325497760436	2.3515452453627796	0.0	0.0	
29.591563401321604	3.2048385629718674	0.0	0.0	
30.025452672565066	3.992926160293466	0.0	0.0	
29.947364094825787	5.244553069741862	0.0	0.0	
29.693555066383972	6.418662907213111	0.0	0.0	
29.65784488177262	6.6805194028438315	0.0	0.0	
29.68461054234738	8.44925889665862	0.0	0.0	
30.42209846455838	8.981927372241632	0.0	0.0	
29.798890159325467	9.504502993353375	0.0	0.0	
29.54774652408174	10.506165251851666	0.0	0.0	
30.491607750695493	12.332845336343631	0.0	0.0	
29.89005542930528	12.97154218623392	0.0	0.0	
29.557549464190405	13.582910040689196	0.0	0.0	
29.57008281892057	14.913291598175233	0.0	0.0	
30.21225966203307	15.619007928359942	0.0	0.0	
29.640195396683524	16.85636408829931	0.0	0.0	
30.205205585641867	17.907264883840913	0.0	0.0	
29.857007721671195	19.049131604194443	0.0	0.0	
29.633022850314717	19.508896815170512	0.0	0.0	
29.74563307412597	20.81383393090442	0.0	0.0	
30.338984883806326	22.40296109737395	0.0	0.0	
30.415655968193352	22.858456254565898	0.0	0.0	
29.797423446537685	24.0865222972202	0.0	0.0	
30.287026266496834	25.41956422109736	0.0	0.0	
29.50761515162529	26.215489952999853	0.0	0.0	
29.79431688016869	26.698794405001493	0.0	0.0	
29.685300952118276	27.77347576709714	0.0	0.0	
30.41344899400234	29.365245603413456	0.0	0.0	
29.86488640370905	29.6711760700895	0.0	0.0	
29.64854699080444	31.341791517160658	0.0	0.0	
30.86777123370847	0.4419909704235523	0.0	0.0	
31.24097353937059	0.9231382991493923	0.0	0.0	
30.74980436719028	2.4578848942675253	0.0	0.0	
31.31486513912229	3.4558684750751207	0.0	0.0	
31.186228901788915	4.4341520751928565	0.0	0.0	
30.67509472550626	4.941165805794069	0.0	0.0	
31.243236451522044	5.729982598546636	0.0	0.0	
31.20359017431283	6.8290455452497225	0.0	0.0	
30.745638673798386	8.038941886196202	0.0	0.0	
31.088374522066143	9.0969270884326	0.0	0.0	
31.34756869801384	10.4081790271173	0.0	0.0	
31.057577965044587	10.73527535797954	0.0	0.0	
31.110499294329358	11.978380556132526	0.0	0.0	
31.438098906612232	12.880516273521435	0.0	0.0	
31.29265567063766	14.355407704937061	0.0	0.0	
30.97782664244537	14.949644818730386	0.0	0.0	
30.986376641881204	16.33223034803438	0.0	0.0	
30.927767791533725	16.562098707614567	0.0	0.0	
31.40537530678411	18.188408459658497	0.0	0.0	
30.60262132256751	19.262785231135034	0.0	0.0	
30.97559432907351	19.7226170176174	0.0	0.0	
30.89522017895491	21.240815729761582	0.0	0.0	
31.062877788716555	22.070081455007298	0.0	0.0	
31.40835914354326	22.693757335814286	0.0	0.0	
30.872964401426593	23.531678008733603	0.0	0.0	
31.082772353260253	25.278860823302857	0.0	0.0	
30.64389545062711	25.9342508468787	0.0	0.0	
31.041753252598053	26.585877900553974	0.0	0.0	
31.081326243287307	28.030066029184866	0.0	0.0	
31.419724506296067	29.42500706599212	0.0	0.0	
31.270000294035153	29.857105585657315	0.0	0.0	
31.46021637010825	31.026951741887146	0.0	0.0	
