2
32.0	0.0	0.0	0.0	
0.0	32.0	0.0	0.0	
0.024298471911513797	0.12213019928630564	0.0	0.0	
0.3834859486679093	0.5053900111238613	0.0	0.0	
0.406068422671953	1.5884733950452647	0.0	0.0	
0.45654269756006716	3.479855132062517	0.0	0.0	
0.340332838164084	4.218368333416386	0.0	0.0	
0.4734350653014484	5.343024293224135	0.0	0.0	
0.19846489964549152	6.290338520828183	0.0	0.0	
0.024926056706426336	7.1975917554462585	0.0	0.0	
0.4527502311264485	8.375295690210471	0.0	0.0	
0.2954004617694408	9.231836746463504	0.0	0.0	
0.015558665859790821	9.782538524347121	0.0	0.0	
0.4938539507432843	11.132344086328969	0.0	0.0	
0.49071098705180893	11.65083703648205	0.0	0.0	
0.03436220721240513	13.345273170807983	0.0	0.0	
0.37777738721615894	13.81622279010771	0.0	0.0	
0.42555177527431454	14.525657087049076	0.0	0.0	
0.44069188789519886	16.064363058502817	0.0	0.0	
0.253013104603662	16.88432371850243	0.0	0.0	
0.44206776156163263	17.52260905895336	0.0	0.0	
0.15852397407662056	19.202814827426838	0.0	0.0	
0.23486677714889237	19.658303395905808	0.0	0.0	
0.1677324473840559	20.892763837405646	0.0	0.0	
0.030395406108519762	22.450821936985957	0.0	0.0	
0.3687800438667571	23.35807137516856	0.0	0.0	
0.3762557482965947	23.859042182724814	0.0	0.0	
0.4927535300503023	24.525588561509068	0.0	0.0	
0.3673926815306724	26.073172171819106	0.0	0.0	
0.25454875891182793	27.459743962152547	0.0	0.0	
0.22657345446363097	27.839946411783117	0.0	0.0	
0.06798820959146812	28.9746421801869	0.0	0.0	
0.17451907397157673	29.615600627588336	0.0	0.0	
0.029144059944898992	31.31391242248301	0.0	0.0	
1.3625381135448507	0.40755160813689373	0.0	0.0	
0.9150074771079754	1.2656387439807857	0.0	0.0	
1.073107843759221	1.614337014247151	0.0	0.0	
0.6589260440065398	2.520792415224774	0.0	0.0	
0.5097925016601847	3.9920307535315027	0.0	0.0	
1.2443639402428437	4.719781012326034	0.0	0.0	
0.7882211506767575	6.248208918901681	0.0	0.0	
0.8684611249622395	7.220480301548429	0.0	0.0	
1.3938268867565702	7.697776868495786	0.0	0.0	
1.0467781285916837	8.996004815930837	0.0	0.0	
1.303336585841064	9.699733838417632	0.0	0.0	
1.4806141124960592	10.705004689823747	0.0	0.0	
0.7867653393168477	12.354262804207051	0.0	0.0	
1.0613485865545353	12.59495149316105	0.0	0.0	
0.8904883447248507	13.713473855017552	0.0	0.0	
1.0051870627738722	15.30602562640445	0.0	0.0	
0.6704804697019704	16.260277148300357	0.0	0.0	
1.2316952094175617	16.786743612334245	0.0	0.0	
1.061109543452999	18.20654243591653	0.0	0.0	
0.7179356878154247	19.06392131538135	0.0	0.0	
0.9243210817616865	20.451608817313204	0.0	0.0	
0.5294743776059323	21.444731682198682	0.0	0.0	
1.4831006033005174	22.327964194991758	0.0	0.0	
1.3232155685740938	23.46925082678915	0.0	0.0	
0.8275098390665054	24.034747441540176	0.0	0.0	
1.0023754824629867	24.759739028633568	0.0	0.0	
0.8038363165254366	25.636654839291445	0.0	0.0	
1.0558617256075893	27.364320617344074	0.0	0.0	
1.236000679588599	27.975606360533245	0.0	0.0	
0.5650991292768062	29.454459371652455	0.0	0.0	
1.1957981985060873	29.94712265425706	0.0	0.0	
1.3783692783364496	31.084316863859954	0.0	0.0	
2.332254719811475	0.48906261439836385	0.0	0.0	
1.9851831518984855	1.4206210713997094	0.0	0.0	
2.263969366987214	2.201199631674139	0.0	0.0	
1.5406190895636993	3.406666060760225	0.0	0.0	
2.4125198821713614	4.331001396695332	0.0	0.0	
1.868881692465873	4.5570725154443	0.0	0.0	
1.8388581588567603	5.629461413719357	0.0	0.0	
1.7007137579461782	7.103948872336011	0.0	0.0	
1.8355193009331505	8.271307721304634	0.0	0.0	
2.4501011903331076	9.188404334431965	0.0	0.0	
2.2375799390575013	10.338850590786084	0.0	0.0	
1.8714899315217899	10.54429386783318	0.0	0.0	
1.75412318197274	12.315646925330508	0.0	0.0	
2.336487100471323	13.082385796976155	0.0	0.0	
1.8278777366900587	13.902787618337147	0.0	0.0	
2.3778744217928667	14.677914533039825	0.0	0.0	
2.334377619248442	15.980919482042422	0.0	0.0	
1.554688194062166	17.27504891091817	0.0	0.0	
1.6753342223114276	18.37151682275919	0.0	0.0	
2.183829404862202	19.004066937718193	0.0	0.0	
1.7061529534316102	19.55063752788069	0.0	0.0	
1.62941621833477	20.839319551650515	0.0	0.0	
1.6554557450282277	22.48870575367653	0.0	0.0	
2.225342219171267	22.852696091292998	0.0	0.0	
1.5353084064721476	24.11765423860399	0.0	0.0	
2.374760082065164	24.75345930633066	0.0	0.0	
1.8500773561597001	25.720733649807155	0.0	0.0	
1.6643341493679524	27.333923717290528	0.0	0.0	
2.4007065143354227	28.443963431527955	0.0	0.0	
1.686766101672772	28.984189872389585	0.0	0.0	
2.241731798682642	30.0143183023266	0.0	0.0	
2.2691906999105296	30.93772011150916	0.0	0.0	
3.4956629032427897	0.2887279479624272	0.0	0.0	
2.5995986142422294	1.3828342244759644	0.0	0.0	
2.663674124799499	2.4585087954609217	0.0	0.0	
3.360676467065381	2.754916715787746	0.0	0.0	
2.9694088485117964	4.321101675653924	0.0	0.0	
3.209095854633199	4.6180189545476615	0.0	0.0	
3.494324476165975	6.051461540861993	0.0	0.0	
3.229423751342045	6.684869329800302	0.0	0.0	
2.5405139959217586	8.171132137255288	0.0	0.0	
3.1901177504201166	9.038053480079737	0.0	0.0	
3.072486025473155	10.35932656225646	0.0	0.0	
3.129375109980244	10.553346484653582	0.0	0.0	
2.5243938835353665	11.976325372991896	0.0	0.0	
3.1076962959967096	12.8506708126755	0.0	0.0	
3.060404981191561	14.35644712815404	0.0	0.0	
2.870215441737135	15.200537279732142	0.0	0.0	
3.27710767646167	15.77988049881896	0.0	0.0	
2.9430513881779437	16.842115032185447	0.0	0.0	
2.7351583685798135	17.79588917930481	0.0	0.0	
3.307064485577601	19.088774057151547	0.0	0.0	
2.772981929263869	19.58420744941347	0.0	0.0	
2.612689738093823	20.777922545517388	0.0	0.0	
2.5856573758794097	22.121432569360206	0.0	0.0	
2.715563518143311	22.780891246453457	0.0	0.0	
2.76654076603692	23.689996114177816	0.0	0.0	
3.3150848657421905	24.54277057646906	0.0	0.0	
3.0871536506755715	25.727596172088	0.0	0.0	
3.4247016692852323	27.265881952878402	0.0	0.0	
3.072172455904239	27.893338198639245	0.0	0.0	
2.791991228767338	29.167237930144708	0.0	0.0	
2.722955747116549	30.477673814583568	0.0	0.0	
2.51015258409737	31.366267100390584	0.0	0.0	
3.7246906552083354	0.3032807768216488	0.0	0.0	
3.8486863455671507	1.1069860523804422	0.0	0.0	
3.5313249936057773	1.531302709010074	0.0	0.0	
4.3218862911502764	3.1560878051539216	0.0	0.0	
4.175185195472975	4.46953006492822	0.0	0.0	
4.363200489163034	4.944328273624152	0.0	0.0	
3.8535800769969892	6.267732520869879	0.0	0.0	
4.420568887487565	6.942023744592057	0.0	0.0	
3.511369951069444	7.783282806804762	0.0	0.0	
4.024117299986807	8.870198657855436	0.0	0.0	
4.091082200449256	9.948324311788518	0.0	0.0	
3.7314198207935583	11.089714630995378	0.0	0.0	
3.8315188608778783	12.156720776443823	0.0	0.0	
4.492877692435934	12.653218814943827	0.0	0.0	
3.584119862105031	13.871706539730798	0.0	0.0	
4.287001914959642	14.551671567092638	0.0	0.0	
4.1434792777785585	15.786272415743223	0.0	0.0	
3.6833179454960523	16.882581394260388	0.0	0.0	
3.883316050629029	17.640662115553255	0.0	0.0	
4.3051427301367005	19.28777685643689	0.0	0.0	
3.761419162717844	20.430452646762024	0.0	0.0	
3.827912111178719	20.61511483898284	0.0	0.0	
4.21978407142049	22.08822742538326	0.0	0.0	
4.093064785029387	22.99444072119989	0.0	0.0	
3.8271365881440866	24.32187711519413	0.0	0.0	
4.195644767040812	25.050664921954183	0.0	0.0	
4.464329497907687	26.345271493838087	0.0	0.0	
4.204602093450021	26.90334461307348	0.0	0.0	
4.022968060229617	27.975839754841125	0.0	0.0	
4.071029760497786	28.721293511566774	0.0	0.0	
4.490318954093765	29.603183811955986	0.0	0.0	
4.029182784659857	30.96119173861343	0.0	0.0	
4.591639137602865	0.32473476769094456	0.0	0.0	
5.362067118866531	1.4001997938038393	0.0	0.0	
5.379099664541198	1.8253418970584123	0.0	0.0	
5.180014167044393	2.8943923001236116	0.0	0.0	
5.133021759204028	3.6458409946140544	0.0	0.0	
5.215439984337657	5.384935099244613	0.0	0.0	
5.345863269891173	6.398606930705043	0.0	0.0	
5.115592650093184	7.123618799948351	0.0	0.0	
4.633169473821766	7.508126192024212	0.0	0.0	
5.491085190787564	8.73888255600481	0.0	0.0	
5.187965428058544	10.240967810741461	0.0	0.0	
5.19351341513705	10.98345098816429	0.0	0.0	
4.570933631567068	12.498864312988433	0.0	0.0	
5.228914638086522	13.296846991248191	0.0	0.0	
5.263400688111668	13.80489903077557	0.0	0.0	
4.664307413353211	15.149715476723555	0.0	0.0	
4.966698826431513	15.728544438652301	0.0	0.0	
4.983905191658258	16.65236869929651	0.0	0.0	
4.65701568624014	17.89390675322126	0.0	0.0	
4.956171045785137	19.431229010856747	0.0	0.0	
4.507761806966205	19.823062467578083	0.0	0.0	
5.314024570152555	20.549036804238302	0.0	0.0	
5.18135712331922	22.455175143345752	0.0	0.0	
4.510437934013914	23.278940515199263	0.0	0.0	
4.76102751078182	24.30112271054194	0.0	0.0	
5.3539467269578225	25.267544709539788	0.0	0.0	
4.631842798096018	25.958409029542995	0.0	0.0	
4.5061828238758395	27.078666596378284	0.0	0.0	
4.882343150951839	28.017754698692347	0.0	0.0	
4.7307287232231365	29.3625477423276	0.0	0.0	
5.334245792274223	29.746079977811128	0.0	0.0	
4.653259714591879	31.2424324269038	0.0	0.0	
6.4280478992486785	0.18987594934502083	0.0	0.0	
5.6163333714918515	0.9127590486850717	0.0	0.0	
6.391481691016307	1.7624159586614798	0.0	0.0	
6.403142885370633	2.5599684682249775	0.0	0.0	
5.576763123484736	3.6578894088694724	0.0	0.0	
6.210115596606565	5.184514858269225	0.0	0.0	
5.994809949786471	6.064061122952694	0.0	0.0	
5.744368878983016	7.230582573190838	0.0	0.0	
6.412467983918382	8.463507180122726	0.0	0.0	
6.0493477242977445	8.577824002165672	0.0	0.0	
6.105927833461972	9.682275206815328	0.0	0.0	
6.191501137995253	10.55323293769229	0.0	0.0	
5.606649471908351	11.920014570011793	0.0	0.0	
5.787041709837288	13.254511076817067	0.0	0.0	
5.8067779672530815	14.288195011989869	0.0	0.0	
5.890919819650115	15.401152041801723	0.0	0.0	
6.195484323132413	15.533971323627588	0.0	0.0	
5.587210242044658	17.467229109968834	0.0	0.0	
6.429111484354826	17.789887434037936	0.0	0.0	
6.448507453964547	19.343187164262012	0.0	0.0	
5.697601895049114	19.51406070759454	0.0	0.0	
6.270935310513793	21.377179298963352	0.0	0.0	
6.0520824065677274	22.08578459319373	0.0	0.0	
5.7004156246304705	23.48315869895979	0.0	0.0	
6.079282031744356	24.08692184060036	0.0	0.0	
5.6279533405859645	24.909674479395306	0.0	0.0	
6.437606284600028	26.14450520849701	0.0	0.0	
6.073029479481624	26.623407565478608	0.0	0.0	
5.93334319580739	28.132348690527053	0.0	0.0	
5.583406530266968	29.07550211445073	0.0	0.0	
5.615816150309631	29.887707058473094	0.0	0.0	
6.276885541207972	31.065608344462653	0.0	0.0	
6.604852316172381	0.35302862219281905	0.0	0.0	
7.380935591619362	0.6782575888112197	0.0	0.0	
6.936947420181054	2.135230357013544	0.0	0.0	
7.179977289377103	2.7243593417557994	0.0	0.0	
6.919636397002009	4.019115256417711	0.0	0.0	
6.532478814971677	4.925513128677358	0.0	0.0	
6.803014088706338	6.300040893856787	0.0	0.0	
7.0394624279597195	7.195312889219086	0.0	0.0	
7.123132336603705	7.533009279465073	0.0	0.0	
6.99961902066891	9.109931904891969	0.0	0.0	
7.451016374256112	9.530423522497834	0.0	0.0	
7.452734851432558	10.699382617024915	0.0	0.0	
7.217804605394001	12.242498116681825	0.0	0.0	
7.293992245429462	13.410752309617015	0.0	0.0	
7.299108737256947	14.376244849587343	0.0	0.0	
7.4075731658238535	15.158974160474868	0.0	0.0	
7.084191054978906	16.390191709643386	0.0	0.0	
7.346069087395062	17.41011900965577	0.0	0.0	
7.425702754835691	17.853796402903072	0.0	0.0	
7.435265596153677	18.95576138646298	0.0	0.0	
7.394109133275079	20.4334462911093	0.0	0.0	
7.028831703854706	21.088505188139024	0.0	0.0	
6.65454717709852	21.618124462399187	0.0	0.0	
7.0338481632237215	22.725054492498053	0.0	0.0	
7.347003542329938	23.838030555653102	0.0	0.0	
7.243878512938926	25.16769317774307	0.0	0.0	
6.968221169127216	25.710756932379045	0.0	0.0	
7.242665970686577	27.37501709860048	0.0	0.0	
7.0877775336309385	28.48479806265829	0.0	0.0	
6.5338165755333675	29.22778598023448	0.0	0.0	
6.989119935175267	30.416997863836727	0.0	0.0	
7.095362471253959	31.376360379391926	0.0	0.0	
8.09163790389728	0.0554055743182742	0.0	0.0	
8.32119028453921	0.8771962513757562	0.0	0.0	
7.503729277096576	2.403132598060155	0.0	0.0	
7.812536673785899	3.471228756188151	0.0	0.0	
8.092412641959093	3.9465741357151325	0.0	0.0	
8.315057763209714	4.8103304898876384	0.0	0.0	
8.372292206239369	5.936444901508738	0.0	0.0	
7.620785677479916	6.782508377336961	0.0	0.0	
7.541480530576952	7.928476428220232	0.0	0.0	
8.302848089277658	9.26410600487586	0.0	0.0	
8.499501808971415	9.629248229417508	0.0	0.0	
7.972220833426987	10.886161946937452	0.0	0.0	
7.902795897355425	12.228426289678369	0.0	0.0	
8.485959984222978	12.508848806941863	0.0	0.0	
7.60328122161565	13.941911042588622	0.0	0.0	
7.654082303528291	15.306069256928131	0.0	0.0	
7.8602463581021995	15.70314568742878	0.0	0.0	
8.015401663155878	16.70341558440238	0.0	0.0	
7.552836069197133	18.42194227925571	0.0	0.0	
7.779745492465242	19.46125052815292	0.0	0.0	
7.63080170584258	20.180751561718917	0.0	0.0	
8.490278914386478	21.442917781285914	0.0	0.0	
7.8753678425322295	22.053409518741915	0.0	0.0	
8.36893371604151	23.496398845614284	0.0	0.0	
7.6418382139541645	24.367980792671556	0.0	0.0	
8.136488272694036	25.164698253642452	0.0	0.0	
7.8356598416572965	25.64447054761564	0.0	0.0	
8.066360138264475	27.00700358040806	0.0	0.0	
7.727450559238182	27.991707765481426	0.0	0.0	
7.6219633793005945	28.908188524945924	0.0	0.0	
7.724837193243709	30.06445248902166	0.0	0.0	
7.652471118023461	30.5025564524104	0.0	0.0	
8.625921030219414	0.019468831624410488	0.0	0.0	
8.86311546557278	1.2810339935633168	0.0	0.0	
9.352636254188726	1.9772709595419404	0.0	0.0	
8.665150693957946	2.8192078341713818	0.0	0.0	
9.058133563208589	4.193061143743498	0.0	0.0	
9.101880267210568	4.921796823520788	0.0	0.0	
9.38024843813296	5.537897278938263	0.0	0.0	
8.914286349326138	6.575560405014296	0.0	0.0	
8.631582826893371	8.117217029068888	0.0	0.0	
9.35807323640064	9.476834930666389	0.0	0.0	
8.67282752930534	10.431447203392388	0.0	0.0	
8.929742241504808	11.219429259839526	0.0	0.0	
8.762321135061518	12.02780418041086	0.0	0.0	
8.656407503338517	12.656135453777638	0.0	0.0	
9.012494796365907	13.89304243191924	0.0	0.0	
8.625543641089326	15.08449799385632	0.0	0.0	
8.675167023130397	15.5343661696478	0.0	0.0	
9.284416442595028	17.455752892684686	0.0	0.0	
9.344420907630742	18.133954503503393	0.0	0.0	
9.033238110397354	18.960690918384277	0.0	0.0	
8.748155361037451	19.5136480150201	0.0	0.0	
8.74737019709982	20.99456949699897	0.0	0.0	
9.091997791543335	22.170416573042385	0.0	0.0	
8.909852927515248	23.09805326432499	0.0	0.0	
9.291745783654928	24.0235384649173	0.0	0.0	
8.531239332477426	25.10669303552603	0.0	0.0	
8.806915763054503	25.581388854405315	0.0	0.0	
9.0180364533212	26.833022883498817	0.0	0.0	
8.996062630813086	27.595195312009054	0.0	0.0	
9.215240977879215	29.240947892609366	0.0	0.0	
9.45483816976394	29.55950384197971	0.0	0.0	
9.33383119169151	31.09859331122036	0.0	0.0	
9.858647257486556	0.15956299935352436	0.0	0.0	
10.06660213077934	1.3775629946579466	0.0	0.0	
10.1741815682131	1.9128321563689075	0.0	0.0	
10.422229925735794	3.3795616496945136	0.0	0.0	
10.079062859846088	3.911908646074606	0.0	0.0	
9.56784519302883	4.578355306693039	0.0	0.0	
10.220766828265006	6.441849428774205	0.0	0.0	
9.820006749347634	7.451693847106249	0.0	0.0	
10.461874864562196	8.366620476292855	0.0	0.0	
10.385208618844857	9.213841899586484	0.0	0.0	
9.604333319409466	10.334768384142249	0.0	0.0	
10.122348752763612	10.973825319172692	0.0	0.0	
10.083552352810893	12.431085820142588	0.0	0.0	
10.394887910325654	13.45566895893249	0.0	0.0	
10.049823780650954	14.113239173554836	0.0	0.0	
9.89146495533238	14.82767809377545	0.0	0.0	
9.897465990385633	16.381155034121516	0.0	0.0	
10.369393345521766	16.581597443226922	0.0	0.0	
10.084409230231323	17.713005904698377	0.0	0.0	
10.121022725299396	19.066539411423427	0.0	0.0	
10.38121052450826	20.044649585642652	0.0	0.0	
10.301733231946885	20.870999535016345	0.0	0.0	
10.175177381776495	21.83020390071471	0.0	0.0	
10.063949062507302	23.33653532869422	0.0	0.0	
9.762960468266195	23.691245214495947	0.0	0.0	
10.164370454389337	24.645754988125457	0.0	0.0	
9.998983071340957	26.076743948262827	0.0	0.0	
9.644812384483815	26.57059271459452	0.0	0.0	
9.650649010848614	28.086370104867516	0.0	0.0	
9.740913485916085	29.394068701672005	0.0	0.0	
10.2664138860461	29.796911603785155	0.0	0.0	
10.306969017809195	31.38305719576405	0.0	0.0	
10.679985609963582	0.10392095835638737	0.0	0.0	
11.07692389102944	1.327309192571021	0.0	0.0	
11.31124710784836	2.4224326978935635	0.0	0.0	
11.13364123771995	3.4458254495603717	0.0	0.0	
11.12953040289788	4.343188254144888	0.0	0.0	
11.031692716533936	5.39728714364567	0.0	0.0	
11.136082800623939	5.611672549894891	0.0	0.0	
10.61606700745884	7.095957742281327	0.0	0.0	
11.127104831046623	8.177629297168613	0.0	0.0	
10.609209429814605	9.491658547061153	0.0	0.0	
11.065821566050555	9.849995480222212	0.0	0.0	
11.398741692198696	10.784116084164665	0.0	0.0	
11.439090005091884	12.131891297813041	0.0	0.0	
11.36102207805932	13.228958205056099	0.0	0.0	
10.518558682434785	14.199571345301752	0.0	0.0	
10.540068505110995	14.626027587245138	0.0	0.0	
11.125378652100963	15.634195395973103	0.0	0.0	
10.944715082609363	17.210907914507615	0.0	0.0	
10.52494232108365	17.956852035482	0.0	0.0	
10.660995158020059	18.84456391330602	0.0	0.0	
10.713979383733422	20.022672442013715	0.0	0.0	
10.583146041161882	20.800011705766448	0.0	0.0	
11.160635828224349	22.178841417308583	0.0	0.0	
11.27603558541767	22.626278238713468	0.0	0.0	
11.409808430569033	24.439060222070967	0.0	0.0	
11.303263473817278	25.082086087530424	0.0	0.0	
11.165149288850678	26.251411397688855	0.0	0.0	
11.10435823088348	26.58779230061451	0.0	0.0	
10.85714107064727	27.774787869862045	0.0	0.0	
11.465655606115924	29.189938699716404	0.0	0.0	
11.425437894715834	30.47849554783893	0.0	0.0	
10.533492444552362	31.454222568986147	0.0	0.0	
12.25739484925943	0.3374324430476252	0.0	0.0	
12.10655301284147	0.6080712181323775	0.0	0.0	
11.859843768875349	2.4657169821291345	0.0	0.0	
11.612799909160033	2.6474214763119113	0.0	0.0	
12.466161940436374	4.345281209706015	0.0	0.0	
11.726785693457408	5.157866905040809	0.0	0.0	
11.756528510050218	6.2680686126004055	0.0	0.0	
12.226293720581445	7.131183771314766	0.0	0.0	
11.906671606428125	7.883305241690393	0.0	0.0	
12.224480359519449	9.321106663319627	0.0	0.0	
11.647467865619978	9.825387700740094	0.0	0.0	
11.889994773505608	10.724129367616284	0.0	0.0	
11.583289429939953	12.233652583282991	0.0	0.0	
12.176262728837564	12.568837363547217	0.0	0.0	
11.525125905243586	13.718551437211117	0.0	0.0	
11.573335377294063	14.99081169468986	0.0	0.0	
12.170902472822862	15.867456184149706	0.0	0.0	
11.896213127524472	16.748252533019485	0.0	0.0	
11.983708873045398	17.693344722555914	0.0	0.0	
12.050416939245844	18.645681093985292	0.0	0.0	
11.776058757358092	20.272545826111795	0.0	0.0	
12.410417383407925	20.85671889752427	0.0	0.0	
12.134311228137015	22.251093744177645	0.0	0.0	
12.257648628805343	23.09133234415875	0.0	0.0	
12.39045923950663	24.337689285272525	0.0	0.0	
11.736633082221655	25.029703240817817	0.0	0.0	
12.393089611942605	25.87532503380704	0.0	0.0	
11.68590395617613	26.81869041681728	0.0	0.0	
11.998417137935457	27.77642240044419	0.0	0.0	
12.330970973912141	28.779069951619714	0.0	0.0	
12.318704102183121	29.687369268439028	0.0	0.0	
11.597641009114518	30.73892499634903	0.0	0.0	
13.323442444432436	0.37769269233275804	0.0	0.0	
13.481300434044693	1.2987448196357656	0.0	0.0	
13.450640288555448	1.7854208795393665	0.0	0.0	
13.399934854784615	3.151689096594907	0.0	0.0	
13.004807125143284	4.265925374466237	0.0	0.0	
13.32102599464915	4.579910240318153	0.0	0.0	
13.206357213283159	6.212055794292592	0.0	0.0	
13.255789272034933	7.120453459821561	0.0	0.0	
13.068839660775344	8.00212228682108	0.0	0.0	
12.955598404359122	8.998393592431427	0.0	0.0	
12.776972389662896	10.355680282308771	0.0	0.0	
13.489193871779744	10.766281684935485	0.0	0.0	
12.571202259987992	11.586191982031062	0.0	0.0	
12.998039671301234	12.73768015536066	0.0	0.0	
12.733855842880551	14.232816282646667	0.0	0.0	
12.758753520560054	14.951980252060412	0.0	0.0	
12.52125249292463	15.633111046338803	0.0	0.0	
12.528900280304551	16.63447888243943	0.0	0.0	
12.675358296336018	18.31817797111515	0.0	0.0	
12.622321175285157	18.576357661279108	0.0	0.0	
12.897478537450104	19.538541760318424	0.0	0.0	
13.317645246309631	20.5206334200295	0.0	0.0	
12.692300892267692	22.060638307162087	0.0	0.0	
12.874864717197601	22.60592327201286	0.0	0.0	
12.968780663578356	23.98368989741343	0.0	0.0	
12.544842912365661	25.254287862480247	0.0	0.0	
13.106343973237022	25.91772407680493	0.0	0.0	
13.31701341230176	26.922427455594445	0.0	0.0	
12.507977626105898	28.226436683452974	0.0	0.0	
12.599514555615757	28.70428866062006	0.0	0.0	
12.765847490334146	30.427605047024112	0.0	0.0	
13.418650334705404	30.738796166401094	0.0	0.0	
14.287951928624066	0.09433875458417862	0.0	0.0	
14.047196488588925	1.4546990359138454	0.0	0.0	
13.935318529246864	2.1042032540323796	0.0	0.0	
14.1436476954477	3.036262623274473	0.0	0.0	
14.08179610981843	3.9771795171553794	0.0	0.0	
13.697079169627571	4.753769994704928	0.0	0.0	
13.71273872644697	5.954196824160269	0.0	0.0	
14.369978421450757	7.312888421131162	0.0	0.0	
13.794883246147222	8.347035611878438	0.0	0.0	
14.036698416087711	8.924200226323144	0.0	0.0	
13.647513319076033	9.738750356958317	0.0	0.0	
14.427328963069062	11.012412469886986	0.0	0.0	
14.02518838952566	12.404084870816725	0.0	0.0	
14.366923382250688	13.348067358692155	0.0	0.0	
14.416713985747245	14.477626754700264	0.0	0.0	
14.408359704082532	15.252375439882108	0.0	0.0	
14.334841559110162	15.818288490294565	0.0	0.0	
14.43978180149428	17.4607616805748	0.0	0.0	
14.438533578637491	18.328776611896508	0.0	0.0	
13.588146395724888	18.640606187409357	0.0	0.0	
13.636323732757557	19.593047148521137	0.0	0.0	
14.343154296395435	21.121202398150892	0.0	0.0	
14.257147063180172	22.177230281282885	0.0	0.0	
14.135400889420508	23.11485233442215	0.0	0.0	
14.104393377082749	24.45226974370967	0.0	0.0	
14.200175109758511	25.119275092585777	0.0	0.0	
13.530883799518417	25.864821498770613	0.0	0.0	
13.83680109721245	26.923125265146602	0.0	0.0	
13.77421547326542	28.35049029935312	0.0	0.0	
14.010139222352096	28.75259407147081	0.0	0.0	
14.411376490852765	29.58039612764628	0.0	0.0	
14.0210724054221	30.702443520301397	0.0	0.0	
15.494228186698088	0.226507522263653	0.0	0.0	
15.142462686298659	1.3012460838232465	0.0	0.0	
14.519087820069526	1.7981109814491802	0.0	0.0	
14.777053027396352	3.450707252524931	0.0	0.0	
14.689962503123088	4.489353936138946	0.0	0.0	
15.263225165436602	5.099050842626483	0.0	0.0	
14.952736428053875	6.487029029299855	0.0	0.0	
14.664496469047226	7.400707499758654	0.0	0.0	
14.74945891951141	8.442349929167834	0.0	0.0	
15.049631078437788	8.732248199201866	0.0	0.0	
15.059724641202381	10.032131804051307	0.0	0.0	
14.99471595313165	10.969352682114987	0.0	0.0	
14.988389355619292	12.1726654856894	0.0	0.0	
14.555323930041466	13.259021508136916	0.0	0.0	
15.277073251556583	13.852550912967374	0.0	0.0	
15.191233483629329	14.577071359160085	0.0	0.0	
14.966384976133718	16.325436656674356	0.0	0.0	
14.876543222392563	16.751863318436044	0.0	0.0	
14.767079474252652	17.980967992537725	0.0	0.0	
14.918591015314446	19.10815188075666	0.0	0.0	
15.011609259621942	19.869474985208946	0.0	0.0	
14.911167314282643	21.40611912074985	0.0	0.0	
15.115689156231195	21.527404382518263	0.0	0.0	
15.05358069006969	23.462174804432756	0.0	0.0	
15.157410443576651	24.161856750359608	0.0	0.0	
14.987773958111854	25.4333384457834	0.0	0.0	
15.377671624882566	25.707389801670622	0.0	0.0	
14.751463231471503	26.818439890210044	0.0	0.0	
15.261988444816085	28.294408348872924	0.0	0.0	
15.291403184048313	28.901368660927925	0.0	0.0	
15.485796116755424	29.70785917095005	0.0	0.0	
15.294299306871526	31.47969722114485	0.0	0.0	
16.154831824747237	0.3780131093906913	0.0	0.0	
15.823989882618967	1.3599794966671621	0.0	0.0	
16.367783303954358	2.0783692332256845	0.0	0.0	
16.052902172895116	2.9478881996483315	0.0	0.0	
15.887920625479435	3.9292123824631098	0.0	0.0	
16.17124993133261	5.402914539641787	0.0	0.0	
16.462959457820958	6.362900619795237	0.0	0.0	
15.85120920155276	6.582372263163833	0.0	0.0	
16.455096167103584	8.02723793081177	0.0	0.0	
15.971431247999286	8.695546236222459	0.0	0.0	
16.292973701346305	9.662740713627624	0.0	0.0	
16.00474845066527	11.056846993323063	0.0	0.0	
15.758236141171796	12.229900561543596	0.0	0.0	
16.39699782656905	13.004462401383975	0.0	0.0	
16.171684653801435	13.901481422918302	0.0	0.0	
16.372014648785814	15.107115736228195	0.0	0.0	
15.953293203980063	16.312156852068807	0.0	0.0	
15.541309028939416	16.54007362016324	0.0	0.0	
15.92380597910498	18.454133196593066	0.0	0.0	
16.127528813717444	18.63933424927085	0.0	0.0	
16.143537201881003	20.177015503226592	0.0	0.0	
15.682321560082181	21.04643263308406	0.0	0.0	
15.529493767334493	22.23027335754178	0.0	0.0	
15.912679584941277	22.588722801046874	0.0	0.0	
15.940664844559656	23.931616907241768	0.0	0.0	
15.704088782252429	24.80202056916573	0.0	0.0	
16.147858080868417	25.591224203642607	0.0	0.0	
16.259096393880952	27.386165731652287	0.0	0.0	
16.165056705101414	27.505917199662463	0.0	0.0	
16.209802869191677	28.688794699831465	0.0	0.0	
15.733489523202774	30.43310002144711	0.0	0.0	
16.068698506017707	31.365523147174866	0.0	0.0	
17.0580751963923	0.11276754243933207	0.0	0.0	
16.832485144972278	1.4788144489215775	0.0	0.0	
16.843715206701923	2.3047203910249645	0.0	0.0	
16.778077758834083	3.423201209474974	0.0	0.0	
17.204805006728463	4.404305622986417	0.0	0.0	
16.550298905923377	5.462110234217101	0.0	0.0	
16.983962142208036	6.396618149436451	0.0	0.0	
16.55722214289309	6.989269430020817	0.0	0.0	
16.86892669826852	8.426550932182629	0.0	0.0	
17.130230420025324	9.07047744545368	0.0	0.0	
17.376674014883417	9.611368523113363	0.0	0.0	
17.47460512987102	11.308209686636523	0.0	0.0	
16.69889410411631	11.824898527195256	0.0	0.0	
16.65876003045979	12.921619880538701	0.0	0.0	
16.89963499340481	14.301233797241235	0.0	0.0	
17.20751095851091	14.726460182235941	0.0	0.0	
16.69873680103225	16.39183179102222	0.0	0.0	
16.99749755981587	16.540241961435953	0.0	0.0	
17.413949721560115	17.588790672459787	0.0	0.0	
17.35317471575162	18.755946020552322	0.0	0.0	
16.515663264381526	19.703758035529056	0.0	0.0	
17.17527070653867	20.892323225829987	0.0	0.0	
17.27025380076078	22.125305286174576	0.0	0.0	
17.096106425661578	23.09480039512268	0.0	0.0	
16.794643933271367	24.348877464711297	0.0	0.0	
17.392776790902378	24.740508254340735	0.0	0.0	
16.970791743554898	26.468515321242453	0.0	0.0	
16.812255575251765	26.742475722652124	0.0	0.0	
17.242888027308112	28.40277125574507	0.0	0.0	
17.209579719433012	28.779200349251717	0.0	0.0	
16.73619514393323	30.226638965573176	0.0	0.0	
17.243953557446932	31.453431361359957	0.0	0.0	
18.04568177109996	0.3880663521206822	0.0	0.0	
17.631131323336863	0.8336996248422397	0.0	0.0	
17.579162929901944	2.1087994919309425	0.0	0.0	
17.580206535809285	3.0066086382744057	0.0	0.0	
18.088156821199824	4.027924180253937	0.0	0.0	
18.288212844518732	4.844488556335973	0.0	0.0	
17.729414160873667	6.095082787391397	0.0	0.0	
17.54498383180976	6.5742126658926985	0.0	0.0	
18.392409407755537	8.380110522614029	0.0	0.0	
18.341476365617613	8.712403306930272	0.0	0.0	
18.18776224577187	10.496165548548793	0.0	0.0	
17.940059723303836	10.60806079789474	0.0	0.0	
18.29391732071536	11.94681425807922	0.0	0.0	
17.57269918282782	13.091012894382079	0.0	0.0	
17.710011548580397	14.306163501777453	0.0	0.0	
18.09679209052174	15.448761971508722	0.0	0.0	
18.472295615571426	16.369365581510937	0.0	0.0	
17.516204432041665	17.18655200749221	0.0	0.0	
17.88815102611816	18.418526697076434	0.0	0.0	
18.408978217331295	18.693701824407288	0.0	0.0	
17.74663118322916	20.338450181676304	0.0	0.0	
17.907722003060645	20.75281193278132	0.0	0.0	
17.782341232653796	21.742886228231328	0.0	0.0	
18.135908032664815	23.49077596417366	0.0	0.0	
18.122828387737904	24.131512285569055	0.0	0.0	
18.391380116335657	25.14612861682297	0.0	0.0	
17.976835571165118	25.561061129714144	0.0	0.0	
18.002949341573945	26.663090451425763	0.0	0.0	
17.982013144359023	27.718612768927603	0.0	0.0	
18.477496015521996	29.35834590016846	0.0	0.0	
17.770561674983764	29.57960936543128	0.0	0.0	
17.501597038986123	31.013501535232592	0.0	0.0	
18.64683835348998	0.3057910961131638	0.0	0.0	
19.37654070108272	1.3487380420757384	0.0	0.0	
18.532274774514732	1.6589053806679948	0.0	0.0	
19.48424304243863	2.778599201003501	0.0	0.0	
18.784194491898706	3.7725526482548384	0.0	0.0	
19.08497355895848	4.6428950670059885	0.0	0.0	
18.969264871376303	5.5955423559272015	0.0	0.0	
19.345803100036935	6.979562089201736	0.0	0.0	
18.83075906734863	8.05011490899861	0.0	0.0	
19.096485313049566	9.16065135653989	0.0	0.0	
19.177204991980496	10.153335035999739	0.0	0.0	
18.87565248346851	11.485389938510655	0.0	0.0	
18.812838757468963	12.148643135919938	0.0	0.0	
19.18715566509697	12.60960126050233	0.0	0.0	
19.398358962246746	13.726116201323205	0.0	0.0	
18.555966085818962	14.638792854507784	0.0	0.0	
19.251274620289717	16.36703100343363	0.0	0.0	
18.852642139617164	17.003434449690367	0.0	0.0	
18.60574205351147	17.501831321182102	0.0	0.0	
18.82065691709072	19.083590923909238	0.0	0.0	
18.910309988958293	20.39315375023441	0.0	0.0	
19.227257911035665	21.247672769157738	0.0	0.0	
19.468681623655335	21.78951769119389	0.0	0.0	
18.928101872040408	22.50218044813429	0.0	0.0	
18.930245036250486	24.088334588005022	0.0	0.0	
18.68194072442612	25.251922235827575	0.0	0.0	
18.94779830641656	26.13684200743956	0.0	0.0	
19.383553953561904	26.583952642847024	0.0	0.0	
18.908567140639615	28.12412102371041	0.0	0.0	
18.85114880621763	28.68537223966526	0.0	0.0	
19.164554953699795	29.527445482593414	0.0	0.0	
19.06912165136208	30.95305556473569	0.0	0.0	
19.737686405713905	0.3595086697297576	0.0	0.0	
19.728459696885913	1.4548011532508234	0.0	0.0	
19.547525764545757	1.9448537115841975	0.0	0.0	
19.690654118276413	2.8504445178803213	0.0	0.0	
19.941780874484053	3.9612286838922124	0.0	0.0	
19.73461168540383	4.579558922585347	0.0	0.0	
19.75402866899075	5.520060455631349	0.0	0.0	
19.771923791810227	7.1183902919215125	0.0	0.0	
19.56010614445454	8.222226867099119	0.0	0.0	
19.913192681979396	8.895630237671277	0.0	0.0	
19.770421296642063	10.170963641047948	0.0	0.0	
20.363218385494495	10.74537593821614	0.0	0.0	
19.57544641259279	12.497587605902082	0.0	0.0	
20.32663712626038	12.739122289633851	0.0	0.0	
19.562329100949622	14.354496546350397	0.0	0.0	
19.772400029860194	15.39629100163436	0.0	0.0	
19.764030817576035	15.63299191168047	0.0	0.0	
19.765404198913863	16.718244777293037	0.0	0.0	
19.599524433663262	17.61122324207817	0.0	0.0	
20.265664424318008	18.658573543062424	0.0	0.0	
20.200068183470275	19.641668431634148	0.0	0.0	
19.944113733736355	20.54831701554141	0.0	0.0	
19.754484483038485	22.11537090543875	0.0	0.0	
20.06733784992911	22.68812266131389	0.0	0.0	
19.89878401549221	24.346773752713652	0.0	0.0	
20.36184489951757	24.92478181868543	0.0	0.0	
19.606687746776938	26.103871049544615	0.0	0.0	
19.91563426161965	27.381191600163174	0.0	0.0	
19.853518595926577	27.619962585051276	0.0	0.0	
19.602882780113735	28.859057608788735	0.0	0.0	
19.530462649141334	29.572651033357015	0.0	0.0	
20.343201844035935	31.398238857857784	0.0	0.0	
21.427890254081905	0.13064451614029582	0.0	0.0	
21.459247180288504	1.3306837752905127	0.0	0.0	
20.762283323320005	2.1362123145429424	0.0	0.0	
20.69851986866865	3.3963396425475536	0.0	0.0	
21.124938849298893	4.456341832128747	0.0	0.0	
20.97863996154484	5.15053507568733	0.0	0.0	
21.05632202975783	6.48776912754706	0.0	0.0	
20.619237202842974	6.715581468311219	0.0	0.0	
21.065477975047287	8.133629844231692	0.0	0.0	
20.594530599696405	8.633075023799854	0.0	0.0	
21.396313120561878	9.539688959030446	0.0	0.0	
21.359704599445347	11.041277476103772	0.0	0.0	
21.069716342111253	11.902166971059353	0.0	0.0	
20.733685915955682	13.444969033375703	0.0	0.0	
20.86758507276362	13.747977114706075	0.0	0.0	
21.273097895183184	14.695660663116758	0.0	0.0	
21.444402237025958	15.6838409734524	0.0	0.0	
21.31338014192742	17.294080120635606	0.0	0.0	
21.156380400906176	18.055255014711342	0.0	0.0	
20.69927926242719	18.894679359883334	0.0	0.0	
20.82592289049918	19.853545702386945	0.0	0.0	
21.096190269968186	21.456206900152047	0.0	0.0	
21.249541855102485	22.180225104544128	0.0	0.0	
21.198013304494474	22.959976395522876	0.0	0.0	
20.98186914126192	24.244253557567458	0.0	0.0	
20.970853821736778	25.024300431472025	0.0	0.0	
20.53051889916043	26.348117470882833	0.0	0.0	
21.25579392716905	27.25897454363007	0.0	0.0	
20.945114965194705	28.04248173431975	0.0	0.0	
21.238224255009563	29.39700735559722	0.0	0.0	
21.336006483094724	30.199814190660245	0.0	0.0	
20.79746873917392	31.283792224794546	0.0	0.0	
22.337092488836678	0.26132486444682135	0.0	0.0	
22.056561340572166	1.0104910185746094	0.0	0.0	
22.095787101080305	2.449526607993537	0.0	0.0	
21.55997866501255	2.5682582514476247	0.0	0.0	
22.145213381649235	3.9912952894718057	0.0	0.0	
22.407296921422265	5.047991321212391	0.0	0.0	
22.254731314991403	5.968729879978241	0.0	0.0	
21.92721541188038	6.690003044986355	0.0	0.0	
22.108106207360624	7.6966620336845715	0.0	0.0	
22.256368791318213	8.963846114263548	0.0	0.0	
21.986998765203403	9.69669366791637	0.0	0.0	
22.25077411080667	10.757993604867506	0.0	0.0	
21.51499716708585	12.468220471490882	0.0	0.0	
22.170082129788877	13.446934927825001	0.0	0.0	
21.614944047157028	13.526017847473582	0.0	0.0	
21.624463055692257	14.853031497826729	0.0	0.0	
22.25880907481817	15.722404592769454	0.0	0.0	
21.730641331686257	17.139205217141807	0.0	0.0	
21.743033863234043	18.19948019130356	0.0	0.0	
21.966297056161103	19.381561614234805	0.0	0.0	
21.951038200105483	19.50462078751642	0.0	0.0	
22.281450769542236	21.23886700292592	0.0	0.0	
21.62688843397087	21.592529259983102	0.0	0.0	
22.267665689256408	22.606578545353337	0.0	0.0	
21.98087056978117	24.42218341254295	0.0	0.0	
22.349786749527734	25.37817792534907	0.0	0.0	
22.2671441494589	26.006820896986603	0.0	0.0	
22.293337189124802	27.457132297986497	0.0	0.0	
22.35482807716906	28.075879381787555	0.0	0.0	
22.2601195528779	29.23180712600354	0.0	0.0	
21.778724690257533	29.83783076847356	0.0	0.0	
21.752267088078717	31.31863525471221	0.0	0.0	
23.409345768213257	0.24811405922473206	0.0	0.0	
22.707379793452134	0.7786303764589102	0.0	0.0	
22.628958686688932	1.5492462205234774	0.0	0.0	
23.43816496444781	2.5536650447785187	0.0	0.0	
22.57169246844834	3.6029050673199556	0.0	0.0	
23.059148480305105	5.030419860878188	0.0	0.0	
23.1674821163794	5.586857061225766	0.0	0.0	
22.96642282727886	6.880356353038507	0.0	0.0	
22.563957018561236	8.114042957867582	0.0	0.0	
23.22043022432932	9.450343355690979	0.0	0.0	
22.643817835756483	10.201359314293157	0.0	0.0	
22.707287651110377	11.412194028034106	0.0	0.0	
22.754490399633656	12.315414564497763	0.0	0.0	
22.861418706792264	13.296548515647412	0.0	0.0	
22.860422276197106	13.657427926130728	0.0	0.0	
23.309501945555503	15.192559972038776	0.0	0.0	
22.673930068118388	15.568297952286233	0.0	0.0	
22.75126173355424	17.20265520318827	0.0	0.0	
22.967290857118208	17.995016334708613	0.0	0.0	
22.907947198119913	18.570134638344236	0.0	0.0	
22.75040593199508	20.348094933558976	0.0	0.0	
22.60794779699567	20.78724244866875	0.0	0.0	
23.13883676431901	22.43634512205818	0.0	0.0	
23.408485238561486	22.972504253699235	0.0	0.0	
23.396316825974843	24.30233964703308	0.0	0.0	
23.3873030345281	25.41679575196916	0.0	0.0	
23.31278265192599	25.571870857790447	0.0	0.0	
22.525408693608753	27.192238489919056	0.0	0.0	
23.3795248894958	27.607931216969526	0.0	0.0	
23.063019203437932	28.686854125335593	0.0	0.0	
23.132438151926944	30.486550260849352	0.0	0.0	
23.116522982414587	31.27743520425505	0.0	0.0	
24.47043691555055	0.24729017576527856	0.0	0.0	
23.91796466142036	1.1799390506666136	0.0	0.0	
24.186085476646117	2.483248395534576	0.0	0.0	
24.034249725433682	2.682035285616892	0.0	0.0	
24.223340327109607	3.5998624970304247	0.0	0.0	
24.27938860715001	5.08845970919112	0.0	0.0	
24.016363445789327	6.408039499837905	0.0	0.0	
24.290856834415344	7.133863201870407	0.0	0.0	
23.58431711846787	7.691938191342064	0.0	0.0	
24.139594709503008	8.669252228715386	0.0	0.0	
24.449661975724396	9.783361302128991	0.0	0.0	
24.13613520875882	11.329609089603196	0.0	0.0	
23.802719328689868	11.91513291819408	0.0	0.0	
23.535823709880862	12.83670297513213	0.0	0.0	
23.840608825158522	13.724185673031375	0.0	0.0	
24.305327326128854	14.941034146347524	0.0	0.0	
23.98022716414418	16.20769378989233	0.0	0.0	
24.403621902824437	17.19663935620689	0.0	0.0	
24.165077655449604	17.99193090265447	0.0	0.0	
23.721759146862357	19.398927764564895	0.0	0.0	
24.235023435597032	20.44361254711097	0.0	0.0	
24.04655512836466	21.11395018482282	0.0	0.0	
23.589776959067763	22.009674702755717	0.0	0.0	
23.95880597044313	22.902051104294866	0.0	0.0	
23.997343439691697	23.98771473704505	0.0	0.0	
23.631626290986404	24.90805355508635	0.0	0.0	
23.56928143040312	25.77449093516846	0.0	0.0	
24.360823353835343	27.107407552139342	0.0	0.0	
24.374510936801123	27.964355790360415	0.0	0.0	
24.46340936920081	29.499916426010863	0.0	0.0	
23.76082758336102	30.282324019940926	0.0	0.0	
24.426785127008028	31.361957576824427	0.0	0.0	
24.930787477807087	0.35878375580217214	0.0	0.0	
24.69157234109038	0.5541763051384875	0.0	0.0	
25.127452680631148	1.911043550591807	0.0	0.0	
25.022596315157653	3.3552526748434786	0.0	0.0	
24.721049021727648	3.9939706709707257	0.0	0.0	
25.03550410735521	4.875059729955154	0.0	0.0	
25.16414098591074	6.293663186772425	0.0	0.0	
24.58745172688904	7.133451469609517	0.0	0.0	
25.147835702585773	8.044790618078737	0.0	0.0	
24.976834841740104	8.55809583792466	0.0	0.0	
24.99683254869744	9.976486217215324	0.0	0.0	
24.90474890995345	11.20737495887906	0.0	0.0	
24.535105228488145	12.128508375181895	0.0	0.0	
24.974659294305862	13.40602139039054	0.0	0.0	
24.906823882451278	14.41628392784803	0.0	0.0	
24.969805128693153	15.001817297613457	0.0	0.0	
24.57792177066276	16.095003715036288	0.0	0.0	
25.270023963354138	17.243314790023554	0.0	0.0	
25.464224364306773	17.660102939741204	0.0	0.0	
24.917764937947076	18.60900522015986	0.0	0.0	
25.469321957137666	20.263244498116276	0.0	0.0	
25.00356265169118	21.120326126890102	0.0	0.0	
24.77881392608727	22.466133865166444	0.0	0.0	
24.880859871490774	23.15752033949242	0.0	0.0	
25.309960514855415	24.166764392444644	0.0	0.0	
24.624338825707866	25.091137135873154	0.0	0.0	
24.72627462893822	26.258866566836645	0.0	0.0	
25.176518117606577	27.192897145086285	0.0	0.0	
24.98478533591929	28.198843161107614	0.0	0.0	
25.241794125712133	29.209099740946137	0.0	0.0	
24.69712266465767	30.473827319083473	0.0	0.0	
24.55639920891599	31.429528905102966	0.0	0.0	
26.46145467721618	0.3610740027816248	0.0	0.0	
26.058868248504453	1.2846344045619407	0.0	0.0	
26.278891065846146	2.24810023914707	0.0	0.0	
26.387314143715486	2.552998805446526	0.0	0.0	
25.80707385757153	3.506467072466595	0.0	0.0	
26.42667503150625	4.840471167314678	0.0	0.0	
26.20947108985611	5.994191231785997	0.0	0.0	
25.787218192974223	7.444849500177078	0.0	0.0	
26.095027025634494	7.542474144233207	0.0	0.0	
25.64673598826535	9.193318625902599	0.0	0.0	
25.502324846840505	10.205240370853382	0.0	0.0	
26.110786652152562	10.924069851401091	0.0	0.0	
25.791749429408572	12.012077973057977	0.0	0.0	
26.360318405185414	13.325862445443462	0.0	0.0	
25.660689417115407	13.618644866508477	0.0	0.0	
25.73769647975569	15.092474462912095	0.0	0.0	
25.856739747775574	16.385462815148887	0.0	0.0	
26.024357310087705	16.719177898452617	0.0	0.0	
26.03585766833298	18.225614895682668	0.0	0.0	
26.48233926979124	19.197540885376377	0.0	0.0	
26.450922353606092	20.06061034490844	0.0	0.0	
25.915684241984962	21.11454281115511	0.0	0.0	
26.2443109557244	21.752284325489647	0.0	0.0	
26.05992789880108	23.067184978688612	0.0	0.0	
25.875629314713027	23.94056074968863	0.0	0.0	
25.506025535120997	24.96327719316579	0.0	0.0	
26.06545833861578	25.50286854741331	0.0	0.0	
25.888624293048814	26.593306691450955	0.0	0.0	
25.869789230122105	28.472197750724504	0.0	0.0	
26.242465271534343	29.069154011618622	0.0	0.0	
26.154333912743184	30.463784696823463	0.0	0.0	
25.931965875411688	30.881703351785205	0.0	0.0	
26.95967765322472	0.4806695578223755	0.0	0.0	
27.274554583031936	1.109830868773321	0.0	0.0	
27.495616127670615	2.462988906015168	0.0	0.0	
26.94444881102859	3.332284446421385	0.0	0.0	
26.768102533200135	4.47299652285724	0.0	0.0	
26.75892009124025	5.3933054017818955	0.0	0.0	
27.162981029436132	5.766200429774759	0.0	0.0	
26.711668094630486	6.979572017054077	0.0	0.0	
27.14933829901755	7.87084579835245	0.0	0.0	
26.622960589664974	9.163553682772067	0.0	0.0	
27.34324661587406	10.00003760897527	0.0	0.0	
26.52350932442087	10.677945637507985	0.0	0.0	
27.013585622665495	12.102161090693617	0.0	0.0	
27.465503693596677	12.89757788374002	0.0	0.0	
26.83758871760005	13.853770435357513	0.0	0.0	
26.98903061676472	14.959701085900296	0.0	0.0	
26.804377959709505	15.808113417655152	0.0	0.0	
27.46613830254182	16.810513877424537	0.0	0.0	
27.48571500423761	18.02462707907647	0.0	0.0	
27.46662199406717	19.01719230748338	0.0	0.0	
26.611870099346362	19.747497323383907	0.0	0.0	
26.916468880073385	21.233685204605784	0.0	0.0	
26.836865212847584	21.69918226927618	0.0	0.0	
26.858000222350398	23.003805136137267	0.0	0.0	
26.865890412289474	24.03616585019825	0.0	0.0	
27.133896420134946	25.204978825936664	0.0	0.0	
27.423232296632726	25.98893365290158	0.0	0.0	
27.046359001442333	26.656024618968953	0.0	0.0	
27.31167569313978	28.40366548933083	0.0	0.0	
27.036484864400066	29.12839137671262	0.0	0.0	
26.972315360935884	29.72412706875774	0.0	0.0	
27.412788029373207	30.562333148766587	0.0	0.0	
27.866155055824066	0.2856616743073076	0.0	0.0	
28.090651394852895	0.5927147321402588	0.0	0.0	
28.17103653094745	1.9338884008156536	0.0	0.0	
28.200634739982316	3.328037554676146	0.0	0.0	
27.583998320376526	4.128853139405431	0.0	0.0	
27.566024640227944	5.073771776090895	0.0	0.0	
28.090174563984494	5.538744864956205	0.0	0.0	
27.97166439772122	7.161013334560541	0.0	0.0	
28.075126288691198	8.24771963827714	0.0	0.0	
27.83926281837058	8.95240022323995	0.0	0.0	
28.2813766375678	9.519736233977559	0.0	0.0	
28.01301269632995	11.333078324419539	0.0	0.0	
27.96731010030946	11.541551504173654	0.0	0.0	
27.740721776066003	13.212964685355201	0.0	0.0	
28.405247046017255	13.772719933634287	0.0	0.0	
27.99709528478829	14.888220510472484	0.0	0.0	
27.648157354762038	15.815078311685138	0.0	0.0	
27.57569548111679	17.38151956085691	0.0	0.0	
27.723561282653012	17.55553253690168	0.0	0.0	
27.52624838926414	18.58818219042327	0.0	0.0	
28.102710813216387	19.67598257418687	0.0	0.0	
27.561349358935143	20.969013475667367	0.0	0.0	
28.2514712832666	21.65806651684377	0.0	0.0	
27.8242392835866	22.55401772469891	0.0	0.0	
28.390556747133328	23.64582156899455	0.0	0.0	
28.476373250124947	24.610061419760854	0.0	0.0	
28.215318958722055	26.21657809973232	0.0	0.0	
27.898110406009412	26.89571898511028	0.0	0.0	
28.339572624310218	28.111874152594375	0.0	0.0	
27.60545919453283	28.60120080640428	0.0	0.0	
27.752140581119335	29.99723314373639	0.0	0.0	
28.06646321622914	30.908415528813446	0.0	0.0	
29.083642708735123	0.4991192338980238	0.0	0.0	
28.97000864868375	0.7638812582282177	0.0	0.0	
29.494717145764092	2.352740568847283	0.0	0.0	
28.93200187345171	2.829853539544843	0.0	0.0	
29.14488547576703	3.70934645496043	0.0	0.0	
28.639021429312887	4.855742587912372	0.0	0.0	
29.143967905385225	6.186025138049396	0.0	0.0	
29.151445325384376	6.51916869475649	0.0	0.0	
29.12119573825534	8.341831741513442	0.0	0.0	
29.11513301020465	8.974545030600526	0.0	0.0	
28.521102664492858	10.20378469805069	0.0	0.0	
29.222675533681983	11.327310244322861	0.0	0.0	
29.129249143690778	11.566346935169495	0.0	0.0	
29.32110405949202	12.623127647899464	0.0	0.0	
29.157631026093412	13.737106465147804	0.0	0.0	
29.283042156285813	15.486098624132948	0.0	0.0	
29.41357626621668	15.57742324888283	0.0	0.0	
29.003587984204078	16.54113238381877	0.0	0.0	
29.25496463347514	17.79455107334073	0.0	0.0	
29.480814177493343	18.7034986890116	0.0	0.0	
29.321172759416342	19.53217701290123	0.0	0.0	
28.51697055700181	20.7818169135173	0.0	0.0	
29.232769029730093	22.276049542326987	0.0	0.0	
29.211325324914746	22.957577959412585	0.0	0.0	
28.817597171281605	23.64992492196935	0.0	0.0	
29.444806280160456	24.77201816548586	0.0	0.0	
28.697626552197946	25.818512801423303	0.0	0.0	
29.29075954704939	26.62514094120529	0.0	0.0	
29.362036548579113	27.730160927001233	0.0	0.0	
29.424337282453248	28.866033089153476	0.0	0.0	
29.182860526544204	29.64307866337958	0.0	0.0	
28.506018336162356	30.849696932086108	0.0	0.0	
29.513930205711162	0.027103101656024586	0.0	0.0	
30.193773811111043	0.555661890933653	0.0	0.0	
29.977231577603945	1.7329576069300343	0.0	0.0	
30.444730746816308	3.0991245924858113	0.0	0.0	
29.680617310389334	4.157071334591848	0.0	0.0	
29.941126899509516	4.709005851251229	0.0	0.0	
29.84788910992866	5.88372569468839	0.0	0.0	
30.0942861433325	6.730628670399473	0.0	0.0	
30.306410897038145	8.48287738089974	0.0	0.0	
30.322386000948775	8.871833662382178	0.0	0.0	
30.297324366044666	10.392290772020845	0.0	0.0	
30.029048550481964	11.211342379473468	0.0	0.0	
29.82437874599767	12.032978195496845	0.0	0.0	
29.5564091997749	13.206318592274053	0.0	0.0	
30.4007202762056	13.87655735455938	0.0	0.0	
29.870945381168237	14.714190920694975	0.0	0.0	
29.637969805323287	15.78498656631776	0.0	0.0	
30.09249130730023	16.910524165612596	0.0	0.0	
29.53192654741679	18.12883301073791	0.0	0.0	
30.358067373232274	19.092772847469966	0.0	0.0	
30.295369210322924	19.826679320533646	0.0	0.0	
30.402321841925367	21.142322412852653	0.0	0.0	
29.773943444537935	21.60282179369596	0.0	0.0	
30.07809240293362	22.883788521246576	0.0	0.0	
30.429028585215338	23.90613373950329	0.0	0.0	
30.316820497055616	24.676332435666804	0.0	0.0	
30.370114129483987	25.840668276937652	0.0	0.0	
29.975100662763136	26.780693652636593	0.0	0.0	
29.84074736957435	28.24870700095414	0.0	0.0	
29.51534335482309	29.403234118295423	0.0	0.0	
29.566011222236778	30.474976342962805	0.0	0.0	
29.750784066587165	31.08515615273708	0.0	0.0	
31.00619037115453	0.49068396421150073	0.0	0.0	
31.21757311212169	1.287494562332924	0.0	0.0	
30.61730611532645	1.7480977593514888	0.0	0.0	
30.888673766761272	2.6615120060366184	0.0	0.0	
31.383234467876125	4.311911122278435	0.0	0.0	
30.775772251148673	4.708374546424602	0.0	0.0	
31.396370259112437	5.847077638576838	0.0	0.0	
30.633160930631675	7.464517931221517	0.0	0.0	
31.493625471740742	8.34483541577025	0.0	0.0	
31.144866542097684	8.732381305580907	0.0	0.0	
30.78062860249578	10.346809221281465	0.0	0.0	
30.77159797161071	10.517202746375759	0.0	0.0	
30.953376230098073	11.525072455369436	0.0	0.0	
31.494117553951718	13.300725446252676	0.0	0.0	
31.03837367595728	14.216192733384817	0.0	0.0	
30.744502521986963	14.73820632742117	0.0	0.0	
30.928591546273708	16.30212426166898	0.0	0.0	
30.882880058166496	16.994050706433146	0.0	0.0	
31.0126317141876	17.647914591289815	0.0	0.0	
31.36883230679579	18.93745696319032	0.0	0.0	
31.19825957668589	20.067509669998874	0.0	0.0	
31.440538308937857	20.901562478772856	0.0	0.0	
31.386467657970154	21.712090522000697	0.0	0.0	
30.807449115731053	22.58974357977401	0.0	0.0	
31.206035936939102	24.005991128547365	0.0	0.0	
30.619581440922122	25.135613159084283	0.0	0.0	
30.528975200160275	26.27631970905052	0.0	0.0	
31.409746856443796	27.247903964818946	0.0	0.0	
31.281760684096458	28.35671086493738	0.0	0.0	
31.348446886310484	28.62910696903387	0.0	0.0	
30.732252735303195	30.344409047250174	0.0	0.0	
30.66671348303411	31.10082230485416	0.0	0.0	
