2
32.0	0.0	0.0	0.0	
0.0	32.0	0.0	0.0	
0.08460301310857943	0.034290419206489786	0.0	0.0	
0.3975332639895258	1.0858707367385465	0.0	0.0	
0.2150464248923729	1.8769853232562785	0.0	0.0	
0.1704574000255593	3.34566492217902	0.0	0.0	
0.4806856602567374	4.054548323149444	0.0	0.0	
0.38234859462759496	4.83430384685412	0.0	0.0	
0.21972624097353377	5.596560196284635	0.0	0.0	
0.1073726464684619	7.228574311219457	0.0	0.0	
0.31605621392747685	7.793658794021496	0.0	0.0	
0.3285765154336475	8.711348815112009	0.0	0.0	
0.25731873067105193	10.471230656709082	0.0	0.0	
0.42370486033108123	10.594320652818533	0.0	0.0	
0.025027841301285214	11.709651321358319	0.0	0.0	
0.0028844914421518597	12.65853490734554	0.0	0.0	
0.3880172533321371	14.175878576160336	0.0	0.0	
0.07511538120302008	15.018897607782693	0.0	0.0	
0.24839058767348599	15.813744190069242	0.0	0.0	
0.17035115431379122	16.78039545006758	0.0	0.0	
0.16565397851360397	18.137098163894485	0.0	0.0	
0.1625869833884801	19.182840006997385	0.0	0.0	
0.15053867053899772	20.18573920076717	0.0	0.0	
0.45266069841351453	20.83854782673134	0.0	0.0	
0.12433396796233265	21.53069494691545	0.0	0.0	
0.3425932008871404	23.41096251042644	0.0	0.0	
0.4906933511022661	23.70550771541306	0.0	0.0	
0.3430152255323622	25.245992358472314	0.0	0.0	
0.33700588350336735	25.542093206415142	0.0	0.0	
0.2271536126469016	27.016170394657507	0.0	0.0	
0.21546605398425112	28.08380794345587	0.0	0.0	
0.05816602219210987	29.03185694804373	0.0	0.0	
0.2047196741780909	30.37817304354834	0.0	0.0	
0.2292368037787753	30.9033871218168	0.0	0.0	
1.2886523765266447	0.019829217250875275	0.0	0.0	
0.8901117522545595	0.5541701533672587	0.0	0.0	
1.0422213819787827	2.0180389027762984	0.0	0.0	
0.5351277350675472	3.105546050452822	0.0	0.0	
1.3187221017165736	3.723265185495319	0.0	0.0	
1.468060330958366	5.243350090526896	0.0	0.0	
0.8779587262683779	5.665937197946551	0.0	0.0	
1.418822760131982	6.800666587148753	0.0	0.0	
0.6748299600214034	8.175186716741742	0.0	0.0	
1.4712303777488094	9.141708412405766	0.0	0.0	
1.2393440689577049	9.96619261081171	0.0	0.0	
1.027610427675169	10.759180381536572	0.0	0.0	
1.4468129843232849	12.11420032115086	0.0	0.0	
0.8008079251879225	13.417272550258462	0.0	0.0	
0.9668653537508546	13.990054514654569	0.0	0.0	
1.3437507839264171	15.341295280171801	0.0	0.0	
0.9152084227630163	16.266831181928154	0.0	0.0	
1.16414052997423	17.343476010393537	0.0	0.0	
1.207872976555558	18.364255339600934	0.0	0.0	
1.3008086322794017	19.239541963950032	0.0	0.0	
0.5158337590299003	19.74898383002836	0.0	0.0	
1.3346165406073576	20.937086390646158	0.0	0.0	
0.5841060098601502	22.241401333380292	0.0	0.0	
1.2450161856978277	22.77437657975674	0.0	0.0	
1.0103160936315532	24.284489230283704	0.0	0.0	
1.3147602439400528	25.29733000665854	0.0	0.0	
1.4622939914269009	25.880178226528347	0.0	0.0	
1.1483677955210334	26.589150231999344	0.0	0.0	
1.0949736420979568	27.82255603873829	0.0	0.0	
1.4358998384849628	29.2070317891474	0.0	0.0	
1.4622933334869643	30.4756107624799	0.0	0.0	
0.9546828559219572	30.846525991971312	0.0	0.0	
1.6715537732299788	0.38321695828349434	0.0	0.0	
2.0940177194023355	0.97709638899086	0.0	0.0	
1.5832165318635547	2.406201680685127	0.0	0.0	
1.507389846476746	3.055803042558146	0.0	0.0	
2.103175398218305	4.003353795499374	0.0	0.0	
1.6090726559051434	4.582029849268041	0.0	0.0	
2.2390203771885817	5.515578626038657	0.0	0.0	
2.052293700607045	6.72535958486325	0.0	0.0	
1.5534734013588096	8.203256807805273	0.0	0.0	
1.7890182509522354	8.846455741323066	0.0	0.0	
1.5033155531233953	10.17262615449559	0.0	0.0	
1.5338334730877232	10.812351473000977	0.0	0.0	
1.6636628207373836	12.104107879891028	0.0	0.0	
2.3233937699510605	13.202772157783276	0.0	0.0	
1.8417820391912822	13.862340645984377	0.0	0.0	
2.2124132064092805	15.495208896126078	0.0	0.0	
1.817186985593755	15.811774461907664	0.0	0.0	
2.4818146523616753	16.939150982836924	0.0	0.0	
1.6680269806340213	17.703228254756528	0.0	0.0	
2.177312137166551	19.154573465012756	0.0	0.0	
2.0575693836966256	20.32005568695113	0.0	0.0	
2.297443686303505	21.239775202349556	0.0	0.0	
1.8301756758817844	21.72956579481255	0.0	0.0	
2.13690899947138	23.263200305154914	0.0	0.0	
1.713740701786634	23.85804571026047	0.0	0.0	
1.5906972873017255	25.072755935906564	0.0	0.0	
2.0295768722258924	25.958205338231586	0.0	0.0	
2.1370308118141272	27.205802618495632	0.0	0.0	
1.790628719438199	27.823369328035024	0.0	0.0	
2.287164846640255	29.48175799277926	0.0	0.0	
1.8770831043387461	30.330373259497325	0.0	0.0	
1.5821295597099043	30.67556498322001	0.0	0.0	
3.4807890435328237	0.3152786965290578	0.0	0.0	
3.3341158610365125	0.6842394461747029	0.0	0.0	
2.688204409970739	2.079196523271647	0.0	0.0	
2.856338647973727	3.43086812343924	0.0	0.0	
2.7241624213207327	3.956977685067824	0.0	0.0	
3.030519904186108	4.7447046245921465	0.0	0.0	
2.885073707969336	6.112717730810676	0.0	0.0	
3.0345559283797474	7.179032706359347	0.0	0.0	
3.3754441181573074	8.065138523676021	0.0	0.0	
2.823522574672464	9.138703265705042	0.0	0.0	
3.3346024624140274	9.514917907181491	0.0	0.0	
3.181641135924285	11.159886173894462	0.0	0.0	
3.197692753827198	12.47212136203503	0.0	0.0	
3.0918175770426704	12.701667671093787	0.0	0.0	
2.5305766223885895	13.979734477567735	0.0	0.0	
3.2858984345715805	15.241022939912558	0.0	0.0	
2.939794031026663	15.904217555185717	0.0	0.0	
3.405456173014343	16.675402364208317	0.0	0.0	
3.423582760181624	18.46835474655879	0.0	0.0	
3.1482994337271837	19.421474246709728	0.0	0.0	
2.7954251253371813	19.72672744003724	0.0	0.0	
3.0464832495457594	21.367456767005656	0.0	0.0	
2.890755834476766	22.451033358965628	0.0	0.0	
3.3825291579863914	23.410014154369794	0.0	0.0	
3.1632173671611454	23.916271149390038	0.0	0.0	
3.3813947495419168	25.294060421852656	0.0	0.0	
3.2332605901693574	25.951854606416603	0.0	0.0	
3.1666019831740106	27.49453845060582	0.0	0.0	
3.3424206045927995	27.601161809083152	0.0	0.0	
3.403684915242449	29.46156337555529	0.0	0.0	
3.149548928113977	30.25793493915065	0.0	0.0	
2.7192835181204247	30.754521925232737	0.0	0.0	
3.8273541749834146	0.31885796372152964	0.0	0.0	
3.549676891012843	1.1929785513439983	0.0	0.0	
4.380512462016562	2.433382217355468	0.0	0.0	
4.109995426318284	2.644654185901766	0.0	0.0	
3.566162966567563	4.089273123823177	0.0	0.0	
4.091112369850657	5.191176848136242	0.0	0.0	
3.940919070444249	6.2010777936631065	0.0	0.0	
3.5571788542934653	7.328025765961438	0.0	0.0	
4.407938182438283	7.8258878180137605	0.0	0.0	
4.00100447337972	8.739277187376187	0.0	0.0	
3.898706276170487	10.493413854929335	0.0	0.0	
3.7317958101867297	11.12737201174225	0.0	0.0	
4.4834823285767325	11.552439597829911	0.0	0.0	
3.9852508654921235	12.591283633313688	0.0	0.0	
4.167780901621176	13.825681013457483	0.0	0.0	
4.2601174486219975	15.069041702896387	0.0	0.0	
4.321850680088085	16.309753330748013	0.0	0.0	
4.3354723094778995	16.730199548521973	0.0	0.0	
4.169953057151673	18.366961112280304	0.0	0.0	
4.456342012590845	19.16148400024914	0.0	0.0	
3.781300211057606	19.768786776084287	0.0	0.0	
3.532697379899689	21.33194187733784	0.0	0.0	
3.992277110048899	22.221645310566316	0.0	0.0	
4.222151056903494	23.483291776056795	0.0	0.0	
4.0516284619715375	24.194327175920428	0.0	0.0	
4.013839893139704	24.991298490036797	0.0	0.0	
3.956016104463629	25.771093956903126	0.0	0.0	
3.847592576027931	26.99321368393731	0.0	0.0	
4.453538947900755	27.905570630992678	0.0	0.0	
3.6943847206131784	29.22584015537497	0.0	0.0	
4.132915188016439	29.898080305729376	0.0	0.0	
3.968099859222542	31.014264194554674	0.0	0.0	
4.504052555906476	0.05328271638781745	0.0	0.0	
5.333486973784674	1.3316867504764418	0.0	0.0	
5.171262875475839	2.272953928959401	0.0	0.0	
4.812319624984376	2.748542122939414	0.0	0.0	
5.2543350180363175	4.383081962659598	0.0	0.0	
4.5759633120237755	4.706517847806795	0.0	0.0	
5.218285967854268	5.609457454313405	0.0	0.0	
4.975630324964664	7.023567372776654	0.0	0.0	
5.092051420686823	8.471543619027836	0.0	0.0	
4.551027272204781	9.309162577673277	0.0	0.0	
5.211279113929859	9.766449611438782	0.0	0.0	
5.037399517710346	10.652768443313088	0.0	0.0	
4.7050005074092205	12.291895026356194	0.0	0.0	
5.326428863852558	12.846508913332212	0.0	0.0	
5.058487787941691	13.53711062296976	0.0	0.0	
4.629377070946001	15.315980432680634	0.0	0.0	
5.172334427897179	15.723232843698765	0.0	0.0	
4.794625399886136	17.067839738813493	0.0	0.0	
4.6528768267021885	18.15043083697136	0.0	0.0	
4.641850338863041	19.052118905047084	0.0	0.0	
4.885644203837814	19.64462647672557	0.0	0.0	
4.505117141586598	20.56286051912257	0.0	0.0	
5.283978100280416	22.395716529626025	0.0	0.0	
4.6856283704954205	22.51847846559406	0.0	0.0	
5.163487073817723	24.409049059433908	0.0	0.0	
5.494265376216762	25.02337831573751	0.0	0.0	
5.341800234160463	26.325237895274945	0.0	0.0	
5.456123897523232	26.713756954488574	0.0	0.0	
5.456113393386106	28.095102400422814	0.0	0.0	
5.294478879419324	28.549192283114838	0.0	0.0	
4.519311128186777	29.698145531907638	0.0	0.0	
5.220480599963411	31.20423214704179	0.0	0.0	
6.0347190190980875	0.033961785518970666	0.0	0.0	
6.194180463991714	1.0019532486656326	0.0	0.0	
5.865683660099418	2.3531105378752972	0.0	0.0	
6.234116794525337	2.6123664503913426	0.0	0.0	
5.675610861817833	3.960473466943266	0.0	0.0	
6.17902054046641	4.633947877423268	0.0	0.0	
6.064728827216612	6.015099970778971	0.0	0.0	
5.690304801577833	7.120309459779182	0.0	0.0	
5.586618655591142	7.848818213846026	0.0	0.0	
6.182627841165107	8.590619002009465	0.0	0.0	
6.260879948657385	9.668601281440765	0.0	0.0	
6.317402815702721	10.826853500191888	0.0	0.0	
5.75069231540568	12.466522163890286	0.0	0.0	
6.36634824294935	12.91956203443003	0.0	0.0	
5.5046436793924975	14.425882896427327	0.0	0.0	
5.938750814709605	14.818526814695876	0.0	0.0	
6.096147914089951	16.451770963882925	0.0	0.0	
5.875088463295989	17.169486559448455	0.0	0.0	
5.693053146734342	18.25381192634916	0.0	0.0	
5.570904499200012	18.874175457786265	0.0	0.0	
5.759007895226569	19.935758476639734	0.0	0.0	
6.16789155227187	21.13073383446136	0.0	0.0	
5.527778779891353	21.88121869935612	0.0	0.0	
6.411102631075158	22.951247630747414	0.0	0.0	
5.8446548634124635	24.206007037475043	0.0	0.0	
6.289703261663234	25.189570060282875	0.0	0.0	
6.283910239191921	26.47062193298898	0.0	0.0	
5.618872548266822	27.49699777656471	0.0	0.0	
6.487217913404766	27.575162644025166	0.0	0.0	
6.106723036947017	28.918222147050578	0.0	0.0	
5.976766236868363	29.578890033889564	0.0	0.0	
5.909556278962884	30.896338639404075	0.0	0.0	
7.191257362199035	0.44329637354965123	0.0	0.0	
7.239648845525456	1.3505372937596967	0.0	0.0	
6.650343203072499	2.2162067604311293	0.0	0.0	
6.511016073226484	2.7604707192855864	0.0	0.0	
7.252523826723779	4.424024669465094	0.0	0.0	
6.709428471769571	4.8991490671408116	0.0	0.0	
7.179150019718215	5.649444638261257	0.0	0.0	
7.172877333457736	7.100218539614188	0.0	0.0	
7.418243724151311	7.806158798270926	0.0	0.0	
6.684011608056901	8.55047490875369	0.0	0.0	
6.555472828889051	10.069188489654856	0.0	0.0	
7.006990381674294	10.854529150906853	0.0	0.0	
6.791660437740744	12.396623243773018	0.0	0.0	
6.9199670414920735	12.828598236633669	0.0	0.0	
6.59794551089573	14.227090250840918	0.0	0.0	
6.887479255134609	14.975392295047211	0.0	0.0	
7.137849301938193	15.900287861506328	0.0	0.0	
7.192082631828854	16.663073634756607	0.0	0.0	
7.175726263511531	18.497478786572785	0.0	0.0	
6.554861118838432	18.96047323074704	0.0	0.0	
6.688334633733063	20.042989886146756	0.0	0.0	
7.415250690804623	21.12563561764344	0.0	0.0	
7.441874813809299	22.32992414247554	0.0	0.0	
6.846752677071971	22.843481071693322	0.0	0.0	
7.232503619533332	24.12072868792651	0.0	0.0	
7.301949594734056	24.7344280376254	0.0	0.0	
6.690146007610744	26.148761360231155	0.0	0.0	
7.2325178227489895	27.396178413046197	0.0	0.0	
6.525664105108849	27.926937178735024	0.0	0.0	
7.176172808982779	29.160628078666118	0.0	0.0	
7.429429354136963	29.885086730782547	0.0	0.0	
6.559996237854085	31.341049676277873	0.0	0.0	
8.230958721766292	0.4838179155861182	0.0	0.0	
7.901682560182835	0.9116847711592764	0.0	0.0	
7.879260272389668	2.1116739465006193	0.0	0.0	
7.764638701395866	2.748310221680139	0.0	0.0	
8.397788022384974	4.083549666907091	0.0	0.0	
7.969569469988169	5.0331901894495985	0.0	0.0	
7.624686117806021	6.135370679220157	0.0	0.0	
7.560941965030726	6.90074116984066	0.0	0.0	
7.914359468379599	8.447567287133609	0.0	0.0	
8.094581602745237	9.424676962468242	0.0	0.0	
8.02649930801243	9.906815406843661	0.0	0.0	
8.47187541580011	10.531664419370879	0.0	0.0	
7.924701157658282	12.33700152640944	0.0	0.0	
8.119358372456274	12.740270244550755	0.0	0.0	
8.179106702398444	14.082708273525652	0.0	0.0	
7.915425972335419	14.717243115699162	0.0	0.0	
8.316081894208097	15.646030880642106	0.0	0.0	
7.878110307170127	17.23487918284403	0.0	0.0	
8.45735027143221	18.343913152765918	0.0	0.0	
7.798333319898258	18.703008545350983	0.0	0.0	
7.819523210151864	20.412052363504785	0.0	0.0	
7.67907045545411	21.07505129730291	0.0	0.0	
7.7972098603583095	21.800528099627275	0.0	0.0	
7.743212071116589	22.748912490127807	0.0	0.0	
8.388862280488393	23.54169929872308	0.0	0.0	
8.156392607608392	24.647203538625448	0.0	0.0	
8.292853384477079	25.74814102444878	0.0	0.0	
7.780189772085794	27.318358786103868	0.0	0.0	
8.378194851638158	27.676796997872966	0.0	0.0	
8.162907207502546	29.284076235987737	0.0	0.0	
7.976367141395637	30.20273155069964	0.0	0.0	
7.523513114390699	30.855293194056276	0.0	0.0	
8.68194485687879	0.3358428016827464	0.0	0.0	
8.733656290727403	0.7152826175853649	0.0	0.0	
9.274399248596799	1.6771554448919028	0.0	0.0	
8.580429949075612	2.840059310040598	0.0	0.0	
8.950164815981127	4.115872142556812	0.0	0.0	
8.78285214910208	5.073431055936093	0.0	0.0	
8.661754157095032	6.349966938664952	0.0	0.0	
9.011666610859427	6.602923559650314	0.0	0.0	
9.498967975505627	7.853590637909643	0.0	0.0	
9.486203770681238	9.003977661337505	0.0	0.0	
8.87962520469569	9.581040784895093	0.0	0.0	
9.476411657000776	10.558856797968833	0.0	0.0	
8.752331003647873	12.118781752906132	0.0	0.0	
8.775884861489075	13.089741782952768	0.0	0.0	
8.94923630394613	13.671301126098177	0.0	0.0	
8.945441690607955	14.896417117795801	0.0	0.0	
8.853071527190632	15.689277510139654	0.0	0.0	
9.436408096360955	16.65994285235828	0.0	0.0	
9.173396498298404	17.847858593833855	0.0	0.0	
9.302569526206598	18.539330517162124	0.0	0.0	
9.440942384205298	19.754185369670413	0.0	0.0	
9.169838860535982	21.094611717219134	0.0	0.0	
9.203162746032946	21.625316362372327	0.0	0.0	
9.202847167904228	22.791555105057473	0.0	0.0	
9.166902586162932	23.542157776480916	0.0	0.0	
8.906242645570785	25.24129282480075	0.0	0.0	
8.556528336869256	25.64831096394494	0.0	0.0	
9.393516031642049	27.144479624133663	0.0	0.0	
8.607029614623404	27.86228449102378	0.0	0.0	
9.215961165159523	29.357192054530366	0.0	0.0	
8.69891011950901	30.336842224776497	0.0	0.0	
8.753147497954822	31.212090640355914	0.0	0.0	
10.112917917823985	0.17482614964475818	0.0	0.0	
9.644975063247854	1.3755384607836674	0.0	0.0	
9.748757757659266	2.303730710122979	0.0	0.0	
9.92046005982591	3.4348345557067232	0.0	0.0	
9.617481625736682	4.177968599238386	0.0	0.0	
9.784943653428165	5.475845384990136	0.0	0.0	
9.849965731348771	5.651885933656085	0.0	0.0	
9.516478956011689	6.556385121262766	0.0	0.0	
10.190189951963092	7.8035013839426455	0.0	0.0	
9.780790008618862	8.708201548131024	0.0	0.0	
9.744955514930098	10.417980612303959	0.0	0.0	
10.042160524557497	10.73367318725486	0.0	0.0	
10.405266190013206	12.424984453247166	0.0	0.0	
10.486086998763296	13.10343322210941	0.0	0.0	
9.764507177091037	14.312127806431471	0.0	0.0	
9.584838110681176	14.777859111258849	0.0	0.0	
9.680423546483741	16.331357214555204	0.0	0.0	
9.89226478786966	17.33893296550669	0.0	0.0	
10.269968050302031	17.643382343663593	0.0	0.0	
9.975456360897333	18.690957491663532	0.0	0.0	
10.08540026644681	19.657922227236533	0.0	0.0	
9.651535138704435	20.546669089702732	0.0	0.0	
10.433857219142563	21.636206505076135	0.0	0.0	
9.528589552983377	23.45273365604665	0.0	0.0	
10.44248613493305	24.09181104668108	0.0	0.0	
10.203981439947698	25.414025068885657	0.0	0.0	
9.89829084256794	25.95513410647031	0.0	0.0	
10.043945434079227	27.101813955763255	0.0	0.0	
10.185819640216566	28.268457833399495	0.0	0.0	
10.440088029402217	28.708014807950622	0.0	0.0	
9.778221684862896	29.5521552186533	0.0	0.0	
10.04700352508928	31.460413555773602	0.0	0.0	
11.415016686431544	0.023171296492618065	0.0	0.0	
10.500920898223827	0.833417168144311	0.0	0.0	
11.322013779206934	1.7938952834505073	0.0	0.0	
10.647011440596367	3.0498384382085892	0.0	0.0	
11.248955297204924	3.874661133568813	0.0	0.0	
11.245124333118012	5.4070491544625074	0.0	0.0	
11.06128948752437	6.173347585488174	0.0	0.0	
10.945011296759084	7.353896929972121	0.0	0.0	
11.4698442855385	7.709179479004953	0.0	0.0	
11.214413593043156	9.279790116080829	0.0	0.0	
10.86689851327872	10.167605835862458	0.0	0.0	
11.050573535057719	11.203342000378433	0.0	0.0	
11.195815835792978	12.035802702742064	0.0	0.0	
11.011032887964715	13.498583618388174	0.0	0.0	
10.557397127334498	14.276186797647602	0.0	0.0	
10.775523151822794	14.755221082440752	0.0	0.0	
10.726749579137719	16.254124079190625	0.0	0.0	
10.732812016435483	16.872471144839636	0.0	0.0	
11.426435867044946	17.548331891792955	0.0	0.0	
10.821174731567664	18.90131574115864	0.0	0.0	
10.697365066958076	20.29048739170522	0.0	0.0	
11.093555145022473	21.306507411493318	0.0	0.0	
11.365283725472427	22.23996529388063	0.0	0.0	
10.71679882547416	23.151908112809018	0.0	0.0	
10.966434511944138	24.235125393090073	0.0	0.0	
10.710133549460192	24.622487592674744	0.0	0.0	
10.839386002028458	25.56612107779697	0.0	0.0	
11.403445113589571	27.213463627763012	0.0	0.0	
11.299557836262114	27.547461104086675	0.0	0.0	
11.450713000670397	28.687800691801176	0.0	0.0	
10.964091920415127	29.578031818519637	0.0	0.0	
10.998353245317649	30.628934175267055	0.0	0.0	
12.411342258434841	0.3917116882257168	0.0	0.0	
12.24926076264655	0.9114697753130906	0.0	0.0	
11.77765399115456	2.10005122291372	0.0	0.0	
12.42208206469455	3.304050568416952	0.0	0.0	
12.464250496867564	4.216050390869017	0.0	0.0	
12.27261769746867	4.902455755282892	0.0	0.0	
11.992046067425168	6.130318738252853	0.0	0.0	
12.01925691380866	7.214967293944155	0.0	0.0	
12.40693676725774	8.399094172545219	0.0	0.0	
11.598750367184984	8.761057498995232	0.0	0.0	
12.360620417291337	10.373329304938014	0.0	0.0	
11.97631285800157	10.557006704550277	0.0	0.0	
11.973166026547593	12.215120979575461	0.0	0.0	
12.462930130227214	12.612981330447624	0.0	0.0	
11.546702372951808	14.06059278652667	0.0	0.0	
12.113626789197262	14.697701832704068	0.0	0.0	
12.283089589820637	16.193454385066296	0.0	0.0	
12.152477402336178	17.274507264599812	0.0	0.0	
12.363155180197403	17.89106731396964	0.0	0.0	
12.288465858069575	18.92742556710346	0.0	0.0	
12.387289068257394	20.041165184648836	0.0	0.0	
11.909209309910246	20.774443161652556	0.0	0.0	
12.300378050702902	22.410820649336976	0.0	0.0	
12.398277692735597	22.705227718645027	0.0	0.0	
12.154629718738232	23.62970132365016	0.0	0.0	
12.247089499936845	25.21420082933139	0.0	0.0	
11.909251648174632	26.494061511962897	0.0	0.0	
12.406741632081745	26.78023729918144	0.0	0.0	
11.716888795635565	28.329136119952086	0.0	0.0	
12.235053500560882	28.583108134363616	0.0	0.0	
11.567291321325564	29.56237083345727	0.0	0.0	
12.28686937414075	31.36528044670241	0.0	0.0	
13.023143172393535	0.18093677241580053	0.0	0.0	
12.601062849142894	0.8649065554284975	0.0	0.0	
12.874630828450895	2.3682933902845504	0.0	0.0	
12.825994388629235	3.059056289475505	0.0	0.0	
13.173821364501613	3.9405610183055493	0.0	0.0	
13.12119218722471	5.057128117997441	0.0	0.0	
13.053475134317434	6.093402659740324	0.0	0.0	
12.859416215957985	6.543519954947342	0.0	0.0	
12.956269144174694	7.759659202616087	0.0	0.0	
13.237715992348596	9.282269429246334	0.0	0.0	
12.769551561880018	9.71213836498338	0.0	0.0	
13.350523584007789	11.493018578088458	0.0	0.0	
12.904045828930924	12.041101947836234	0.0	0.0	
13.372199294169686	13.174107146217022	0.0	0.0	
12.826047474499491	14.036135996639217	0.0	0.0	
13.332895090809151	15.018516922944912	0.0	0.0	
13.331199121651238	16.15840482215768	0.0	0.0	
12.72932545018864	17.213912976409215	0.0	0.0	
13.401479633956985	17.865163250131978	0.0	0.0	
13.308168371531384	19.0907027634961	0.0	0.0	
12.644306743196571	20.129453382093676	0.0	0.0	
12.665148704880384	21.227097712215485	0.0	0.0	
13.169963894952895	22.39099173151969	0.0	0.0	
13.234700742756463	22.605943459239406	0.0	0.0	
12.747331396669487	24.086748298390354	0.0	0.0	
12.737206030368538	24.594493634007453	0.0	0.0	
13.251765786503984	25.70658337161578	0.0	0.0	
12.875776698607954	27.02111155671603	0.0	0.0	
13.485968933521423	27.503763681355455	0.0	0.0	
13.446755551643285	29.349977384996457	0.0	0.0	
12.568471058576426	29.695045722832155	0.0	0.0	
13.320408589853153	31.080638309316573	0.0	0.0	
14.382717199240673	0.33870226927114944	0.0	0.0	
14.142466894046262	1.0887601604858652	0.0	0.0	
14.43958045309331	1.8595445399897055	0.0	0.0	
14.203899433637249	2.7677860142919686	0.0	0.0	
13.814767153897225	3.903802231735277	0.0	0.0	
14.302717812509913	5.22507322610457	0.0	0.0	
13.513476811927433	6.246574299746813	0.0	0.0	
13.534632381960096	7.191634659997408	0.0	0.0	
14.221346079745617	8.393808668674787	0.0	0.0	
13.920141555836537	9.467633565141751	0.0	0.0	
13.538346981607612	9.877666032025099	0.0	0.0	
13.957986858540387	10.78713095255453	0.0	0.0	
13.667459716699605	12.115774434967625	0.0	0.0	
14.196998314644443	12.922103469185828	0.0	0.0	
14.111798603770414	13.54124853872926	0.0	0.0	
14.221769041825867	15.232469372840109	0.0	0.0	
13.638950848315428	15.514935580415457	0.0	0.0	
14.484226278011464	17.136182108708155	0.0	0.0	
14.078664311384738	18.355568641958666	0.0	0.0	
13.718319380675489	18.832021443329936	0.0	0.0	
13.944159815648932	19.5395637488071	0.0	0.0	
14.35976046011783	21.2586470352116	0.0	0.0	
13.566912914280152	22.252096947141073	0.0	0.0	
13.55542081699492	23.448895210243297	0.0	0.0	
14.40864362559426	23.591012308874866	0.0	0.0	
14.09987200490578	24.669815021972937	0.0	0.0	
13.723980853566479	25.60444554270371	0.0	0.0	
14.42356915111682	27.42737420545279	0.0	0.0	
13.743045564638535	28.48874883406983	0.0	0.0	
14.257173859612568	28.74041592821996	0.0	0.0	
13.706915278177766	29.65529384343361	0.0	0.0	
14.3579114748921	31.09743979274442	0.0	0.0	
15.38051033487425	0.28979597504537336	0.0	0.0	
15.107469275890304	1.48626674975712	0.0	0.0	
14.814604312187745	2.45220869140488	0.0	0.0	
14.784694080607096	3.1565858896448566	0.0	0.0	
15.301585024919623	4.315895107316913	0.0	0.0	
14.756321518944866	5.158203118701082	0.0	0.0	
14.56802087666787	6.403951562023799	0.0	0.0	
14.994051091886572	7.258051238225433	0.0	0.0	
14.878605627332234	8.216365107956106	0.0	0.0	
14.646177631908117	8.67988917756869	0.0	0.0	
14.98246306389319	9.500370437640353	0.0	0.0	
14.787547615349329	10.875849652859129	0.0	0.0	
14.960828534410387	11.878648069522095	0.0	0.0	
15.04720567338077	12.744176709403876	0.0	0.0	
15.004057840098888	13.731579237549127	0.0	0.0	
15.386628790249915	14.727683106638013	0.0	0.0	
14.501654013555678	15.730149093570455	0.0	0.0	
15.269591188483775	16.81383262688443	0.0	0.0	
14.856799159762565	18.05999699212562	0.0	0.0	
15.173908385003942	18.931964828105382	0.0	0.0	
14.885413977274986	20.424979041018812	0.0	0.0	
15.252120428724684	21.230102505919003	0.0	0.0	
15.332288983640968	22.300988091653295	0.0	0.0	
15.065228902281714	23.100460582042857	0.0	0.0	
14.703333099978577	23.71567222611855	0.0	0.0	
15.026394277847684	24.745818699955706	0.0	0.0	
14.84280751103822	26.13691456458116	0.0	0.0	
15.211816519024728	26.6401115845817	0.0	0.0	
15.076586272900018	27.735736036587063	0.0	0.0	
14.859396281426468	29.03872755437903	0.0	0.0	
14.897879344431429	29.936745758588497	0.0	0.0	
14.658434743313952	30.732357526100397	0.0	0.0	
16.025322116760012	0.46090452695673145	0.0	0.0	
15.795993232953025	0.7584827446456199	0.0	0.0	
16.44710107432203	1.615013097648108	0.0	0.0	
16.36548834346869	3.486307515012639	0.0	0.0	
15.911969073152488	4.1063043860539725	0.0	0.0	
15.7710380794387	5.393138390637305	0.0	0.0	
16.242614016616322	6.3820723042057175	0.0	0.0	
16.09848279232769	6.721255208937408	0.0	0.0	
15.904386685330284	8.158137934582614	0.0	0.0	
15.798962350146592	9.461555475621928	0.0	0.0	
16.22188295785227	10.094740706596445	0.0	0.0	
15.6913494725792	11.282254656816804	0.0	0.0	
16.220729013577657	11.535151439702398	0.0	0.0	
15.548744862776662	13.181634237990503	0.0	0.0	
15.666626077361418	13.722518999808022	0.0	0.0	
16.213777006164207	14.582814626800593	0.0	0.0	
15.65133127980606	15.902417945323036	0.0	0.0	
15.92327231484729	16.658173765038704	0.0	0.0	
15.573037805846994	18.069991007251183	0.0	0.0	
16.03691362102055	19.275115180725194	0.0	0.0	
15.509723049773239	20.47029873396825	0.0	0.0	
15.730526299620527	21.36876844065767	0.0	0.0	
16.408130310665342	21.830684368040394	0.0	0.0	
16.396437882812695	23.22678385553839	0.0	0.0	
16.27134047655693	24.25944856986078	0.0	0.0	
15.902148820485742	25.382717531056976	0.0	0.0	
15.626217043359791	25.580718471296414	0.0	0.0	
16.134644531943778	27.286880231232114	0.0	0.0	
16.32372201897867	28.244357462816488	0.0	0.0	
16.167676399700678	28.896417720912837	0.0	0.0	
15.87402142875142	29.97098909660339	0.0	0.0	
16.167852631982793	30.911980927420828	0.0	0.0	
16.567357776709354	0.3911178104502284	0.0	0.0	
17.253885460712567	0.6876187794587866	0.0	0.0	
17.377326308819985	2.048765518350533	0.0	0.0	
17.316116701967967	3.4232684340713324	0.0	0.0	
17.152827242047447	4.252052302839984	0.0	0.0	
16.67881607415673	4.736899612913833	0.0	0.0	
17.46363273946229	6.385776220681743	0.0	0.0	
16.86016005887038	7.482358637428254	0.0	0.0	
17.218319580124394	8.288181382262977	0.0	0.0	
16.751732959173225	8.955814860909893	0.0	0.0	
17.391313059916836	10.306956670413763	0.0	0.0	
17.45551156962124	10.718302350755568	0.0	0.0	
16.536967586517015	12.114696019377737	0.0	0.0	
17.269992530940193	12.513346895420979	0.0	0.0	
17.05035651410308	14.353723721362318	0.0	0.0	
17.048783295104467	14.66135497868701	0.0	0.0	
17.276576391907525	16.046186894825414	0.0	0.0	
17.198610327621374	16.957262392789072	0.0	0.0	
16.830613099611714	17.557579440645036	0.0	0.0	
17.06237083272903	19.06196047946924	0.0	0.0	
17.27100521054079	20.052016139099656	0.0	0.0	
16.603197901185602	21.427110980126646	0.0	0.0	
16.941513828115472	21.833590294476107	0.0	0.0	
16.651077402311174	23.369594754905197	0.0	0.0	
17.13046355709187	23.551792783704464	0.0	0.0	
17.26357942554554	25.380549026038164	0.0	0.0	
16.59111349510847	25.548556607312836	0.0	0.0	
16.716521130484505	26.776249184210133	0.0	0.0	
17.48383296659605	27.76328723733152	0.0	0.0	
16.781912345801516	29.29291628413302	0.0	0.0	
17.32630548231388	29.61210481658995	0.0	0.0	
17.352004425381875	30.537733564882995	0.0	0.0	
17.552015775937885	0.14597802579680452	0.0	0.0	
17.738267306805938	0.9981764653724349	0.0	0.0	
18.496023446178395	2.3182287315554655	0.0	0.0	
17.815874995992925	2.974287524882407	0.0	0.0	
18.357168881278035	4.0316190787909205	0.0	0.0	
18.26433103540701	5.014285017139887	0.0	0.0	
18.33922883111016	6.063329297175596	0.0	0.0	
18.467376532215223	7.051180952486166	0.0	0.0	
18.467047149755984	7.501761158661622	0.0	0.0	
18.10616383092849	9.172407953158011	0.0	0.0	
18.108689985392253	10.450425848305187	0.0	0.0	
17.67143096558964	11.051630946875159	0.0	0.0	
18.089669580923	12.145670746350412	0.0	0.0	
18.185146804590715	13.210608727128925	0.0	0.0	
17.70364546932075	14.294730145189634	0.0	0.0	
17.76963928516389	15.460094779744814	0.0	0.0	
17.96535331504638	16.009777697251554	0.0	0.0	
18.42891494997617	16.89321578238256	0.0	0.0	
18.454052800810846	18.414660450795015	0.0	0.0	
17.826288343934113	18.875812425340325	0.0	0.0	
17.643535160079168	20.26820074730573	0.0	0.0	
18.412010812983844	20.674474563438	0.0	0.0	
18.404470214519502	21.64399657908253	0.0	0.0	
18.24250728870159	22.644454642845254	0.0	0.0	
17.925825798467013	24.179220231833934	0.0	0.0	
18.28764464287744	24.64273117035969	0.0	0.0	
18.0926054806077	25.70327325727583	0.0	0.0	
17.65035222723352	26.80020111609716	0.0	0.0	
18.44372683072026	27.50003241024924	0.0	0.0	
18.274400406628995	29.26419990721022	0.0	0.0	
17.95283608719822	29.521238952493754	0.0	0.0	
17.590152855158077	31.45155172870635	0.0	0.0	
18.66177346522067	0.06787860206074847	0.0	0.0	
19.19216527090741	1.4903578969823101	0.0	0.0	
18.704941791010086	2.3056670361418234	0.0	0.0	
19.221319334237254	3.0604246180295505	0.0	0.0	
18.714932930951164	3.8235845039881955	0.0	0.0	
18.888384637059417	4.772403030339559	0.0	0.0	
19.03857309983041	6.005760102534165	0.0	0.0	
18.93007651279982	6.600223513915326	0.0	0.0	
19.092790376836927	7.912477673187689	0.0	0.0	
19.079884222829666	8.746193339354507	0.0	0.0	
18.53867018217296	10.312439766848186	0.0	0.0	
18.666047691577184	11.003370794505077	0.0	0.0	
18.724544331641763	12.105310494393901	0.0	0.0	
18.716553301230956	13.482778874567638	0.0	0.0	
18.75224382117881	13.774960914711992	0.0	0.0	
18.566390022184656	15.34415994349506	0.0	0.0	
18.58863729111684	15.667816710929849	0.0	0.0	
19.131743513829097	16.649388887007756	0.0	0.0	
19.42947253737838	18.131025152497955	0.0	0.0	
18.675403629043913	19.151630215997393	0.0	0.0	
19.452281817969283	20.459951892606473	0.0	0.0	
18.598960167294194	21.144990414246465	0.0	0.0	
18.596675674626972	21.590024294411535	0.0	0.0	
18.823528020943396	22.932373797551573	0.0	0.0	
19.490928422832653	23.630810598891614	0.0	0.0	
18.735278250303182	25.220893049659637	0.0	0.0	
19.184032217580185	25.730445893387888	0.0	0.0	
18.693653154081815	26.82217355070027	0.0	0.0	
18.937318145806625	27.84303008335254	0.0	0.0	
19.126470270552154	29.293951681863852	0.0	0.0	
19.102167133146388	30.14507396942243	0.0	0.0	
19.32136608202325	31.335993489950006	0.0	0.0	
19.946384947420984	0.248236185897454	0.0	0.0	
20.18967922711565	0.6466133555035787	0.0	0.0	
20.440698476721295	1.7515162282558194	0.0	0.0	
19.536171089240344	3.3199403831260845	0.0	0.0	
19.815878687398733	4.148398964900659	0.0	0.0	
19.958641013213875	5.275274488178963	0.0	0.0	
19.594371450943445	6.011491470754026	0.0	0.0	
20.112818298298492	7.205377730110364	0.0	0.0	
20.028811889787736	7.710153538164558	0.0	0.0	
19.574702128214895	9.426016439818824	0.0	0.0	
19.937147732722067	10.358355746446339	0.0	0.0	
20.3085364067478	11.461052823224346	0.0	0.0	
20.45214341320287	12.324902485684508	0.0	0.0	
20.1010183426458	12.963062750677867	0.0	0.0	
19.527069932846768	14.260698945477117	0.0	0.0	
19.53360947373501	14.707839378762134	0.0	0.0	
20.097575480616275	15.737415742175774	0.0	0.0	
19.525218320764914	16.71782397404943	0.0	0.0	
19.990768498835063	17.901359767976146	0.0	0.0	
20.055625732699404	19.29224789679003	0.0	0.0	
19.631393314931884	20.313815043295754	0.0	0.0	
20.173013563791102	21.051782241166155	0.0	0.0	
19.835938395675342	21.99465017570002	0.0	0.0	
20.09960812312592	23.394205085574544	0.0	0.0	
20.033359042469538	24.101918100160272	0.0	0.0	
20.153898952019716	24.56788995797931	0.0	0.0	
20.288691707974365	26.289814363476374	0.0	0.0	
20.4926937016352	26.51101026678034	0.0	0.0	
19.644057783861687	28.258506675057422	0.0	0.0	
20.159290398403567	29.22506527259193	0.0	0.0	
19.529666469264445	30.413931294005117	0.0	0.0	
19.6682789050656	30.857767483773728	0.0	0.0	
21.40906575767505	0.3920398367971475	0.0	0.0	
21.482943843587204	1.4769618330921692	0.0	0.0	
21.397781034502767	1.6893849099044318	0.0	0.0	
21.24283636611417	3.1723788574136407	0.0	0.0	
20.669908443789286	3.804194580209128	0.0	0.0	
20.782288620188602	4.8459526511081075	0.0	0.0	
21.041327540611437	5.637017105020362	0.0	0.0	
20.778558298789168	7.480127738920266	0.0	0.0	
21.090421029788832	8.163174707570255	0.0	0.0	
21.323403248211033	9.282279385798407	0.0	0.0	
20.599182739628787	10.056851418117722	0.0	0.0	
21.040658746282837	10.82668339418962	0.0	0.0	
21.1017194566276	11.88987215930839	0.0	0.0	
20.947572207980922	12.689957738900302	0.0	0.0	
20.910301639541395	13.5001513903389	0.0	0.0	
21.071122015749133	14.71168802353981	0.0	0.0	
20.59783782418649	16.149294027185665	0.0	0.0	
20.834445130920486	17.384865591959578	0.0	0.0	
21.26949843296105	18.462756624793293	0.0	0.0	
20.890804561263693	18.68096537996368	0.0	0.0	
21.09269286249201	20.450732948107916	0.0	0.0	
20.81079165780774	20.924226933234152	0.0	0.0	
20.846621609187945	21.70097816765309	0.0	0.0	
21.03232648219338	22.71406173383746	0.0	0.0	
21.446934569680536	24.311692547763332	0.0	0.0	
20.716073109179266	24.58278734060442	0.0	0.0	
20.577500132270572	25.65436359160128	0.0	0.0	
21.165701315199254	27.09207714452257	0.0	0.0	
21.167718551319886	28.20593363960071	0.0	0.0	
21.388495037707486	29.366576811620607	0.0	0.0	
21.421066803217773	29.82126094902369	0.0	0.0	
21.1971772414659	31.185072854133704	0.0	0.0	
22.479094920541563	0.36764977154613643	0.0	0.0	
21.51184173927186	0.7778931443462386	0.0	0.0	
22.316599331817017	1.7614684282420576	0.0	0.0	
22.108745990926046	3.2789082190399252	0.0	0.0	
22.07332991444664	3.603088576548925	0.0	0.0	
22.166600725894945	5.264066964095715	0.0	0.0	
22.415902491070636	6.389891076441704	0.0	0.0	
22.44484341365574	7.368650902182061	0.0	0.0	
22.390225866767487	8.353592707197594	0.0	0.0	
22.404206544619502	9.40844631601876	0.0	0.0	
21.74842448834554	10.204562962236693	0.0	0.0	
21.773753395467967	11.359720988633557	0.0	0.0	
22.068946094269663	12.101553780628565	0.0	0.0	
21.972160973051515	13.182642643929608	0.0	0.0	
22.152330128962376	13.950860379812902	0.0	0.0	
22.02913241540437	15.142083845481364	0.0	0.0	
22.10521051429514	16.32871506474758	0.0	0.0	
22.18446352665295	16.69204362443287	0.0	0.0	
22.12915084902037	17.805017162610135	0.0	0.0	
21.70689073700938	18.792894108833742	0.0	0.0	
21.518544221413894	20.17869028072844	0.0	0.0	
22.175594616350516	21.103384283378123	0.0	0.0	
22.436641356561555	21.794889617210742	0.0	0.0	
21.874697082984568	23.181515555488733	0.0	0.0	
22.409239411537914	24.113186274703015	0.0	0.0	
22.471785988322797	25.290396720981544	0.0	0.0	
22.448834332850968	26.345216637331923	0.0	0.0	
22.489290476973768	27.018754608013275	0.0	0.0	
22.334383461750033	28.421993212665843	0.0	0.0	
22.315369359528297	28.791341742895245	0.0	0.0	
22.200782127581867	29.790537572478833	0.0	0.0	
22.158644439150994	31.426565366718417	0.0	0.0	
23.220500249238345	0.09052105654866105	0.0	0.0	
23.028953030123823	0.8571423214798971	0.0	0.0	
23.341737378689782	1.570644207915052	0.0	0.0	
23.17560192843368	2.7089267260275953	0.0	0.0	
23.442428559436564	3.9093331187521896	0.0	0.0	
22.89406982932084	5.474522376974026	0.0	0.0	
23.171438453931863	5.739656024601695	0.0	0.0	
22.548446695262104	7.189060520110351	0.0	0.0	
22.91666187471996	7.685991294660747	0.0	0.0	
23.15026367689591	9.339498733550416	0.0	0.0	
23.266853170193976	9.857188704214781	0.0	0.0	
23.228110470628557	10.98978061512602	0.0	0.0	
22.547050326777686	11.833650412750593	0.0	0.0	
22.871455525718325	12.641101760516827	0.0	0.0	
22.806893726440393	13.53667003181727	0.0	0.0	
22.886148319008594	15.138812260636504	0.0	0.0	
23.177213436482678	15.969376631828656	0.0	0.0	
23.264694425998407	17.168290344070705	0.0	0.0	
22.78657530177034	17.91212552086134	0.0	0.0	
23.137892780387524	19.437478130467966	0.0	0.0	
22.809985510919972	19.638244388763052	0.0	0.0	
23.040982171435548	20.51069220545121	0.0	0.0	
22.76574897768707	22.086457189134492	0.0	0.0	
23.465295005794555	23.478449178279217	0.0	0.0	
23.301399712721988	23.526534242442725	0.0	0.0	
22.95740418359524	24.68783699653997	0.0	0.0	
23.04973974686111	25.921318435702833	0.0	0.0	
22.831027792076018	26.91753048615064	0.0	0.0	
23.292489532162673	27.94892879737684	0.0	0.0	
23.03956627429985	29.250449263206374	0.0	0.0	
23.222337115407974	29.633474164880084	0.0	0.0	
23.187078438649877	31.181693282158896	0.0	0.0	
24.313161134378838	0.15687341275842692	0.0	0.0	
23.864072355721593	1.096674648606185	0.0	0.0	
24.213016518810196	2.278818581515632	0.0	0.0	
24.083190463118026	2.8263690689594023	0.0	0.0	
24.3029666874503	4.325557551045158	0.0	0.0	
24.102573030577968	5.373308853888493	0.0	0.0	
24.448569292380004	5.87666367251944	0.0	0.0	
24.21149452506129	7.231474569652825	0.0	0.0	
24.30177924191552	7.52721578337686	0.0	0.0	
24.275686821232217	8.720779814506525	0.0	0.0	
23.963952316421288	9.557619736113464	0.0	0.0	
24.376671309112172	10.538842029440508	0.0	0.0	
24.03313783389554	11.913578110814086	0.0	0.0	
24.111863573532617	12.608774967332685	0.0	0.0	
24.312540082568002	13.501410150661805	0.0	0.0	
24.38418375961327	14.521149883663957	0.0	0.0	
23.73615598027357	15.72939355563399	0.0	0.0	
23.71136639079237	16.820751375811373	0.0	0.0	
23.741899966888067	18.195978453179222	0.0	0.0	
24.413123713390583	19.161390691989347	0.0	0.0	
24.229897768621772	20.270008462571806	0.0	0.0	
23.95967654952317	20.843621015948628	0.0	0.0	
24.270454751481008	22.385168693298276	0.0	0.0	
24.061012535184556	23.24859573015959	0.0	0.0	
23.758649712413646	23.714456437149252	0.0	0.0	
24.33171525198603	25.437308621810338	0.0	0.0	
23.722095819031633	25.784062882579015	0.0	0.0	
24.061435400450648	27.38852342096222	0.0	0.0	
23.815254816598273	27.759135573241686	0.0	0.0	
23.8541365214595	28.680729433503117	0.0	0.0	
23.974135973363087	29.847927491849777	0.0	0.0	
23.675688822977136	30.92570975096856	0.0	0.0	
24.965328524845745	0.06908381472988323	0.0	0.0	
25.364135894528633	0.7539605192829187	0.0	0.0	
24.57808361002708	1.8788809635125494	0.0	0.0	
25.14442736814579	3.369052212785352	0.0	0.0	
24.925088815631035	3.777915605342984	0.0	0.0	
25.258191962510345	4.533354020729776	0.0	0.0	
25.02329753027995	5.912827190424565	0.0	0.0	
24.931768724025716	7.089096972307754	0.0	0.0	
24.84749317052352	7.644013082284785	0.0	0.0	
24.70761428493776	8.542480129030352	0.0	0.0	
24.585759655000587	9.9395638952326	0.0	0.0	
25.066463461188977	10.953237206658212	0.0	0.0	
24.630367774175177	11.841177588509296	0.0	0.0	
24.553967719847076	12.524231650138255	0.0	0.0	
24.722206775502688	13.563364697791162	0.0	0.0	
24.815450712370794	14.59330928738042	0.0	0.0	
24.51079764682068	15.539121734912236	0.0	0.0	
24.856817306562654	16.78290357411249	0.0	0.0	
24.868400729997223	18.060105721847957	0.0	0.0	
24.511589706895855	18.815182425688082	0.0	0.0	
25.300960089361123	20.32291963042944	0.0	0.0	
25.058979668831682	20.76057964510771	0.0	0.0	
24.83654381466351	22.429559446055777	0.0	0.0	
25.379025514577748	23.357738315922994	0.0	0.0	
25.20256850326301	24.284440172010328	0.0	0.0	
24.52062038353129	24.657344597876165	0.0	0.0	
24.75176446164389	25.68220920200204	0.0	0.0	
24.652064536193517	27.358611311679237	0.0	0.0	
25.311662030931817	27.632797901013003	0.0	0.0	
24.71422929841641	28.910361802607	0.0	0.0	
24.869363502640063	30.21801314252124	0.0	0.0	
25.332694942558685	30.959604133146602	0.0	0.0	
26.010014456401414	0.4762465702649341	0.0	0.0	
26.13788028212554	1.0771752214895973	0.0	0.0	
26.351865463123158	2.2122666468511505	0.0	0.0	
25.582141437970673	3.3332430037604137	0.0	0.0	
26.090446822087415	3.8386482161174396	0.0	0.0	
25.954589148678455	5.329806505094225	0.0	0.0	
25.53572984323944	5.858428396673593	0.0	0.0	
25.742978090708444	7.1290436291084776	0.0	0.0	
25.65976756361849	7.643086711698198	0.0	0.0	
25.878332913991265	9.19663783115341	0.0	0.0	
25.541936641183778	9.5867959296527	0.0	0.0	
25.697490471538806	10.908450944312632	0.0	0.0	
26.369069093488676	12.32283060598512	0.0	0.0	
26.305479150718988	12.727413838158384	0.0	0.0	
25.633196900096767	14.121069480999026	0.0	0.0	
26.35228757975351	14.920328473820785	0.0	0.0	
25.92400672885268	15.954965390130653	0.0	0.0	
25.573205961309583	16.978758048312105	0.0	0.0	
26.452229661275734	17.534673263736195	0.0	0.0	
26.314840925744758	18.559706862419798	0.0	0.0	
25.539024198366537	20.21764790438058	0.0	0.0	
25.755604043624352	20.84508511105742	0.0	0.0	
26.201172255102	21.6415405748642	0.0	0.0	
25.841553713761474	22.93460562090569	0.0	0.0	
25.534229760901482	24.11036001528002	0.0	0.0	
25.61886323914044	25.088129170399775	0.0	0.0	
26.27260045508258	26.432364563702556	0.0	0.0	
25.811104215129397	26.504007406307437	0.0	0.0	
26.36011674558338	28.20366388110847	0.0	0.0	
26.0820375417191	29.490977015782253	0.0	0.0	
25.960419983543805	30.204190956354793	0.0	0.0	
26.347125586145044	31.24870413460464	0.0	0.0	
26.787196474566226	0.08832188920295814	0.0	0.0	
27.406241929370466	0.6550427876424145	0.0	0.0	
27.295422121999074	2.0077099608342763	0.0	0.0	
27.08295265448461	3.0040546393216623	0.0	0.0	
27.491211763597168	4.065119174094697	0.0	0.0	
27.226070238042965	4.854286104086249	0.0	0.0	
27.212057871286788	6.043901217265796	0.0	0.0	
27.3685947938545	6.775906447565129	0.0	0.0	
26.830785478485264	8.468422275057902	0.0	0.0	
26.81013676601129	9.281365763827463	0.0	0.0	
26.554170474379593	10.09108996699732	0.0	0.0	
26.7442532687271	11.226390881030094	0.0	0.0	
26.973010958526483	12.490944568981675	0.0	0.0	
26.85377589999902	12.606337706817966	0.0	0.0	
26.506999596576318	14.317876538293081	0.0	0.0	
27.02779823536552	15.200241658000206	0.0	0.0	
26.689183348360313	15.605122366388967	0.0	0.0	
27.493055102612786	17.43587548422445	0.0	0.0	
27.272840075415434	18.28369308037755	0.0	0.0	
27.242014062058875	19.368210968901465	0.0	0.0	
27.440655911959166	19.90551391338783	0.0	0.0	
26.504460940350395	21.21362808896211	0.0	0.0	
27.194192123373604	21.57117767353737	0.0	0.0	
27.24010135640531	22.610511432365538	0.0	0.0	
27.45533060495828	23.836744598155718	0.0	0.0	
27.34239806090061	24.68739125883534	0.0	0.0	
26.77966750937232	26.13507003238609	0.0	0.0	
27.141270675405934	26.914387709849812	0.0	0.0	
26.95941774990165	27.75256248237509	0.0	0.0	
27.100065926268627	28.62489299682601	0.0	0.0	
26.631595713187792	29.824311802229513	0.0	0.0	
26.80319847224114	31.191183163052308	0.0	0.0	
27.521388914550716	0.02325413506197549	0.0	0.0	
28.369717734533126	1.1486556169251592	0.0	0.0	
28.480688776435326	1.9858118755931542	0.0	0.0	
27.668460749798534	2.8242078296074857	0.0	0.0	
28.317196455235823	4.022542438777453	0.0	0.0	
27.803898453780022	5.280030225301993	0.0	0.0	
27.642863004133766	5.640329260517126	0.0	0.0	
27.56186521375189	6.7898667233791	0.0	0.0	
27.63756004610077	7.806338800137082	0.0	0.0	
28.447355258427447	9.271072615374193	0.0	0.0	
27.600163486201744	10.201411286567543	0.0	0.0	
27.808765522562965	11.093797129668813	0.0	0.0	
28.187627455890624	11.709265475286802	0.0	0.0	
27.97061442492859	12.750188192951477	0.0	0.0	
28.16351176810623	13.939099946178008	0.0	0.0	
28.0825922084337	14.837979711011204	0.0	0.0	
28.32809387200858	16.41783579241069	0.0	0.0	
27.529577094451337	16.53525443612052	0.0	0.0	
28.32549019518887	17.746309617009313	0.0	0.0	
28.24609175728507	19.069064795732338	0.0	0.0	
27.633576155983484	19.655221586708322	0.0	0.0	
27.806075756768433	21.16125766002747	0.0	0.0	
28.330297981981463	22.481087540013696	0.0	0.0	
28.1629931159413	23.197886947954032	0.0	0.0	
27.55356498766514	23.80888410344366	0.0	0.0	
27.663634356488565	25.095347392144568	0.0	0.0	
27.62219648493141	26.306642260248395	0.0	0.0	
28.489063142597253	27.455689690253095	0.0	0.0	
28.013213843795526	28.26852640714336	0.0	0.0	
27.65190301491394	28.739336332566605	0.0	0.0	
28.403114662474866	29.879700520028102	0.0	0.0	
27.675023539616937	31.27563747863016	0.0	0.0	
28.92428795588861	0.27591736356512286	0.0	0.0	
29.48703184123086	1.1082015883297087	0.0	0.0	
29.164615948971075	1.942801373241585	0.0	0.0	
28.689810227350183	3.4047967996381394	0.0	0.0	
28.74090670990879	3.522194562965696	0.0	0.0	
28.87920112204596	4.506301919223521	0.0	0.0	
29.306063738944722	5.776585894970348	0.0	0.0	
29.375482553091274	7.267772305833549	0.0	0.0	
28.60656996352604	8.376746212880331	0.0	0.0	
29.171003562923875	9.16483959630167	0.0	0.0	
28.796493544619537	10.45341895096812	0.0	0.0	
28.933100897463223	10.859246377971532	0.0	0.0	
28.563680339229307	11.791853782997896	0.0	0.0	
29.060404265921427	12.776723608860356	0.0	0.0	
29.009664205108905	14.085292529641736	0.0	0.0	
29.171833185432206	15.355430412920347	0.0	0.0	
29.028280109286413	16.424369751860738	0.0	0.0	
29.05717372574239	16.611637259454245	0.0	0.0	
28.72017445843821	17.669147141404295	0.0	0.0	
29.10679911546613	18.80911473199231	0.0	0.0	
28.69568668926717	19.6075274606846	0.0	0.0	
29.41970685816801	20.967412112644737	0.0	0.0	
28.71063406683787	21.645392242956632	0.0	0.0	
28.59858696455974	22.88331698928858	0.0	0.0	
28.8364031012765	23.899677238072197	0.0	0.0	
29.315751717939026	24.734741146359507	0.0	0.0	
28.654370408450347	26.13214368809149	0.0	0.0	
29.156088762973102	27.178996089108185	0.0	0.0	
28.99305882307485	28.238400193295504	0.0	0.0	
29.423706512191934	29.05352349261187	0.0	0.0	
28.91144927744548	29.84861364306276	0.0	0.0	
29.077447406898134	31.01351953176736	0.0	0.0	
30.371647164678212	0.09778050519430359	0.0	0.0	
29.51397159788694	0.6249821845992106	0.0	0.0	
29.99369167458957	1.5232645842715322	0.0	0.0	
29.51533564523687	3.3619880482366717	0.0	0.0	
30.062183943266465	4.2577581593917	0.0	0.0	
29.86662904620975	5.4128802821821544	0.0	0.0	
29.920564711880523	5.667434273856242	0.0	0.0	
29.837734228475355	6.575219288320217	0.0	0.0	
30.218291713233626	7.60798979903368	0.0	0.0	
30.015685039913397	8.735161543557926	0.0	0.0	
30.25936354639639	10.193689566996476	0.0	0.0	
30.263386332504865	11.464193014589094	0.0	0.0	
29.613865421164373	12.41444485066157	0.0	0.0	
30.284457294019205	13.357808512272797	0.0	0.0	
30.41408315392367	13.770572141269911	0.0	0.0	
30.368893066005537	15.37781107934362	0.0	0.0	
29.500705060416742	15.715651027996424	0.0	0.0	
30.413156340320754	17.23749017683888	0.0	0.0	
29.709399618717907	18.463446457682412	0.0	0.0	
30.226214968569675	19.199336069358836	0.0	0.0	
30.47271026521965	19.531506137636157	0.0	0.0	
29.85907269268946	21.39186201043096	0.0	0.0	
30.280535413527037	22.395351200668223	0.0	0.0	
30.399103433100255	23.475250512721118	0.0	0.0	
30.38970348742291	24.20259414257169	0.0	0.0	
29.791546852804128	25.07408285847402	0.0	0.0	
30.223147741590324	25.821033372334615	0.0	0.0	
29.52853724657391	26.90642322362968	0.0	0.0	
29.730544368372062	27.794993637224174	0.0	0.0	
30.39866370928359	29.46012168660666	0.0	0.0	
29.663960100102447	29.633356634183084	0.0	0.0	
29.927341951067337	31.237769256335874	0.0	0.0	
30.64975895093391	0.09266486016341269	0.0	0.0	
30.836939719366445	0.767247893242742	0.0	0.0	
31.422005640567715	1.7672784305911158	0.0	0.0	
30.83463804423604	2.7669590062837544	0.0	0.0	
31.142592648540205	4.468974956984646	0.0	0.0	
30.779387487815164	5.441717340059164	0.0	0.0	
30.54532071253173	5.8818401076779185	0.0	0.0	
31.02347603179647	6.866306567575504	0.0	0.0	
31.108388795027626	7.938089761500295	0.0	0.0	
30.597123523523265	8.937107977678474	0.0	0.0	
30.870985742889832	9.88621364663145	0.0	0.0	
30.96274930997537	11.384758572652034	0.0	0.0	
30.608156107927023	12.290447461237447	0.0	0.0	
30.85909335530623	12.950473540135642	0.0	0.0	
30.560767124119664	13.759826001206275	0.0	0.0	
31.124739332559358	15.108211503882677	0.0	0.0	
31.184465474378502	15.949189804032828	0.0	0.0	
30.74027943738267	16.840647336689273	0.0	0.0	
31.29431375051994	18.490627919652706	0.0	0.0	
30.960944584484157	19.44503570813063	0.0	0.0	
31.48602030536015	20.49993244766115	0.0	0.0	
31.48009934070475	21.467892988610625	0.0	0.0	
30.5001401465969	22.30159331559587	0.0	0.0	
31.46952732633026	22.51918970342995	0.0	0.0	
30.88518874926412	24.053169845786403	0.0	0.0	
31.197956832947362	25.2141628409907	0.0	0.0	
31.14298135094135	25.876130032248405	0.0	0.0	
31.23419425240562	27.375886142691638	0.0	0.0	
31.397571360096524	28.025434531761416	0.0	0.0	
30.738317351894867	29.132750981390338	0.0	0.0	
30.880498378396542	29.90016386622466	0.0	0.0	
30.83840480946692	30.962397334213712	0.0	0.0	
