2
32.0	0.0	0.0	0.0	
0.0	32.0	0.0	0.0	
0.44994746934011454	0.21272645116584765	0.0	0.0	
0.23193366432598495	0.6271114074135955	0.0	0.0	
0.35256747261226207	1.7810539323404697	0.0	0.0	
0.148329367953006	2.5694869708877235	0.0	0.0	
0.11609769543273685	4.432027741478812	0.0	0.0	
0.22536399090239845	5.072280724297463	0.0	0.0	
0.20359065342497584	5.778055564092887	0.0	0.0	
0.47067814429125765	6.607995978691879	0.0	0.0	
0.0036122006649100813	7.585064922050763	0.0	0.0	
0.4217180460555936	9.455726456541347	0.0	0.0	
0.394948372193182	10.119489115045543	0.0	0.0	
0.4856298496488286	11.236505674781654	0.0	0.0	
0.23388217392972654	11.520268339904222	0.0	0.0	
0.2821353754357223	13.227828762712967	0.0	0.0	
0.34323497339403863	14.158529171990638	0.0	0.0	
0.2405672180658508	14.769658088149061	0.0	0.0	
0.16463276543147043	16.242438853745284	0.0	0.0	
0.44239957042950473	16.642139356773495	0.0	0.0	
0.043346967258551916	17.84374397235968	0.0	0.0	
0.04042744197564019	19.140556988211127	0.0	0.0	
0.44596843705461586	20.100756008216187	0.0	0.0	
0.04587794572523518	20.681358123660196	0.0	0.0	
0.3856962900965306	22.393957902758732	0.0	0.0	
0.08310437863293141	22.83926294773361	0.0	0.0	
0.45605156475013175	24.46684668066569	0.0	0.0	
0.18923215763301615	25.26360568481174	0.0	0.0	
0.24109405216307167	25.85421381488792	0.0	0.0	
0.19014958018107575	27.294287910069972	0.0	0.0	
0.031504111194982753	27.742939148133967	0.0	0.0	
0.1734849159723577	28.977900113027296	0.0	0.0	
0.2424944578019308	29.839403755174047	0.0	0.0	
0.11103610259505337	30.728755844055605	0.0	0.0	
0.7506137203040975	0.1955377526189791	0.0	0.0	
1.3558504994960496	0.9899061893371202	0.0	0.0	
0.9256126949664685	2.131364834926329	0.0	0.0	
0.8327206165114848	2.9843032748336897	0.0	0.0	
1.2041974735816923	3.5702786061272596	0.0	0.0	
1.4596589056041833	4.750578417891892	0.0	0.0	
1.4442808115366375	5.609764518510765	0.0	0.0	
0.763062463723053	7.176138994039568	0.0	0.0	
1.3377290641828354	7.551184005672388	0.0	0.0	
0.726382456991133	9.356718258719548	0.0	0.0	
0.524718420021966	10.202230028269435	0.0	0.0	
1.0966300773572584	11.489375971352285	0.0	0.0	
0.6141119064490437	11.600128125299516	0.0	0.0	
1.2886831039346056	13.414948260019656	0.0	0.0	
0.7991606522435049	13.998923194991242	0.0	0.0	
1.4833394766899204	15.394057239123887	0.0	0.0	
1.0005673202706356	16.22069864772147	0.0	0.0	
0.8600625500422696	17.372419391861595	0.0	0.0	
1.1588597366289854	18.4595753178075	0.0	0.0	
0.7506183434866439	19.070157695897194	0.0	0.0	
1.187958301507766	19.664788022678792	0.0	0.0	
1.1145206730552273	20.667747611166472	0.0	0.0	
0.8143065764236967	22.177657016784885	0.0	0.0	
0.5236531428322533	22.59017828933105	0.0	0.0	
0.5125494337363748	23.519949236310946	0.0	0.0	
1.398520984769164	24.710201549033993	0.0	0.0	
1.0558220771728677	25.81055586714145	0.0	0.0	
0.531912948577369	26.81343594313619	0.0	0.0	
1.400006632216897	28.2538939607964	0.0	0.0	
1.1279277393521805	28.863025309608993	0.0	0.0	
1.342967436786899	29.78205940955567	0.0	0.0	
1.3185799460943204	30.88703212164206	0.0	0.0	
1.8402420952635592	0.39965032018532787	0.0	0.0	
2.052752334606942	0.8844847946504922	0.0	0.0	
1.6073200870232014	2.0354583054410567	0.0	0.0	
1.7483347880778735	2.589915259714069	0.0	0.0	
2.166359589266875	4.399364814657883	0.0	0.0	
2.2066742162935116	5.22568019582401	0.0	0.0	
2.2524473484161294	6.314811768349061	0.0	0.0	
1.9499279054399024	7.390143346333909	0.0	0.0	
2.2207586522847635	7.606611085852099	0.0	0.0	
2.219193488496825	8.726783748725317	0.0	0.0	
1.765442999778677	10.349442973634789	0.0	0.0	
2.3956300453276604	10.776503431029704	0.0	0.0	
1.613344168188767	11.813518107303363	0.0	0.0	
2.0603284339746306	13.080904010026527	0.0	0.0	
2.0849871977372376	13.917142224608478	0.0	0.0	
2.14929969119306	14.85433711836812	0.0	0.0	
1.8803715200248634	15.974320579100704	0.0	0.0	
2.200412087089616	17.267055910319062	0.0	0.0	
1.7140937173522919	17.63208006136769	0.0	0.0	
1.8336249056453038	18.606856142351617	0.0	0.0	
1.7574614501046255	19.929267906872646	0.0	0.0	
1.622980079257202	20.71185074193867	0.0	0.0	
2.0036076732385015	22.0043786080376	0.0	0.0	
2.306023447626331	22.563711310210127	0.0	0.0	
2.0044718360692273	23.52330084884863	0.0	0.0	
1.841869603951068	24.84502137238862	0.0	0.0	
2.1072059822016524	26.493637212798465	0.0	0.0	
2.297472988506919	27.24769680118549	0.0	0.0	
2.324839360667678	27.97468774975068	0.0	0.0	
1.7782619860488373	29.388178857477865	0.0	0.0	
2.444877790744294	30.143745509072637	0.0	0.0	
2.0340196844531557	31.167062489792503	0.0	0.0	
2.517439063131524	0.1997720016174107	0.0	0.0	
2.913717464340089	0.9831775812842269	0.0	0.0	
3.1048567361329047	2.1905517854804506	0.0	0.0	
3.296288147861387	2.577080103853106	0.0	0.0	
3.2411011614402025	3.8536200751023983	0.0	0.0	
2.5641050205946065	5.431719052532214	0.0	0.0	
3.4203276904151645	5.777314018830517	0.0	0.0	
2.946605812963014	7.1175515448279825	0.0	0.0	
3.2455610130857258	8.333124787930954	0.0	0.0	
2.72877632809251	9.276616133371503	0.0	0.0	
3.3409883308869084	9.531071395287567	0.0	0.0	
3.0028463735316264	11.26127524527364	0.0	0.0	
2.9650448469887545	11.953230683343671	0.0	0.0	
2.6939458566147954	13.442655045361645	0.0	0.0	
2.6925844634301805	13.686280662266427	0.0	0.0	
3.0270828050971677	15.169824650145255	0.0	0.0	
2.9274597361367984	16.194697918129865	0.0	0.0	
2.639689416779878	16.97554642666689	0.0	0.0	
2.7157718439144167	18.22897031118373	0.0	0.0	
3.0179736846723793	19.33489529113317	0.0	0.0	
3.4564583652316694	19.962298300553062	0.0	0.0	
2.616546262674386	20.74753629469978	0.0	0.0	
3.370752369973905	22.201026253948264	0.0	0.0	
3.1154772274020948	22.528804142596517	0.0	0.0	
3.3184334619770373	24.32397477296747	0.0	0.0	
3.0083660293116328	25.22057723615863	0.0	0.0	
2.8799024173307957	25.83026484628246	0.0	0.0	
2.7113147979635905	27.182358886845382	0.0	0.0	
2.5032356176004877	28.169879971491753	0.0	0.0	
2.895034649536699	29.029807192663647	0.0	0.0	
3.2616123847008023	30.310145803283895	0.0	0.0	
3.482917854613726	30.943689792398683	0.0	0.0	
3.7908355791510595	0.45947351000300884	0.0	0.0	
3.5002748156861405	0.7004149664451359	0.0	0.0	
3.9989032148075716	2.02460197438231	0.0	0.0	
4.097821684612203	3.188144835527481	0.0	0.0	
4.067894472457576	4.016774061589159	0.0	0.0	
4.34627144152636	5.075784290899408	0.0	0.0	
4.056549652573145	5.782043358622982	0.0	0.0	
4.485807877513008	7.146378541554871	0.0	0.0	
4.403772644947144	8.306482819227888	0.0	0.0	
4.028712362716806	8.531529411310434	0.0	0.0	
3.705746164796186	9.72295809542204	0.0	0.0	
4.459944867172148	10.585208841606848	0.0	0.0	
4.040627786260674	12.001766561260183	0.0	0.0	
4.409887835105275	13.069997052337381	0.0	0.0	
4.079081994164985	14.084456447784683	0.0	0.0	
4.149924070069823	14.626641611561872	0.0	0.0	
4.4292794360716705	16.473093523373823	0.0	0.0	
4.29861826983533	16.667691313981297	0.0	0.0	
4.202189265025087	18.33961024737506	0.0	0.0	
4.280466088560065	18.95036330693943	0.0	0.0	
3.846485350019073	19.897589505731055	0.0	0.0	
4.111844938624195	21.04415051317419	0.0	0.0	
4.054906560295479	21.71975847956152	0.0	0.0	
3.8100942314225206	23.18070537295243	0.0	0.0	
4.15620112923525	23.84587834629447	0.0	0.0	
3.6099025846922563	24.62715779658982	0.0	0.0	
4.160415184450177	26.321621321079835	0.0	0.0	
3.8230140575202936	27.45176451690761	0.0	0.0	
4.138355693600387	28.302612414523136	0.0	0.0	
3.582800568350155	28.636027326571682	0.0	0.0	
4.003645461115773	29.71473956533703	0.0	0.0	
4.361910199342634	30.658329733825912	0.0	0.0	
5.392535788313788	0.2949216605482571	0.0	0.0	
5.282151051230297	1.0642042381490406	0.0	0.0	
4.5322694733697055	1.6218643689886756	0.0	0.0	
5.1392037222862035	2.990594467027796	0.0	0.0	
5.004729056462199	3.814232666897391	0.0	0.0	
5.419515983201582	4.561381852498746	0.0	0.0	
5.270717525625647	5.605301504215326	0.0	0.0	
4.912362329214878	6.831842311372121	0.0	0.0	
4.526926257440641	8.271991780214083	0.0	0.0	
4.687511007773064	9.32947512855905	0.0	0.0	
5.059621526376424	10.305008803720252	0.0	0.0	
5.4591566390218045	10.525758793169532	0.0	0.0	
4.876045761972773	12.019847173465843	0.0	0.0	
4.6417417977309885	13.05639498281514	0.0	0.0	
5.005753957666684	14.134436463649465	0.0	0.0	
5.484375050371162	15.232368601678955	0.0	0.0	
5.46080728428688	15.526171595252505	0.0	0.0	
4.564356755877742	16.850893346996525	0.0	0.0	
5.032369253916717	17.77044575620321	0.0	0.0	
4.857285041576245	18.709426229602933	0.0	0.0	
4.559604881198015	19.548940197338652	0.0	0.0	
5.165130119463348	20.686043734400712	0.0	0.0	
4.99216182073861	22.28088210380893	0.0	0.0	
5.329656161753946	23.15708288236246	0.0	0.0	
4.899011046444173	23.56333887127494	0.0	0.0	
4.951139580947742	25.22575711180297	0.0	0.0	
4.8515604302402515	25.784262473033444	0.0	0.0	
5.485254011990196	26.74547211751417	0.0	0.0	
5.32553326143905	27.874196747279385	0.0	0.0	
4.838784345385251	28.7607313135136	0.0	0.0	
4.983631164291756	30.1821102205742	0.0	0.0	
4.904494345109844	31.33089023964473	0.0	0.0	
6.366007350841154	0.26403316739096216	0.0	0.0	
6.112481550809238	0.8633082116218775	0.0	0.0	
5.810065573043328	2.4747883705510523	0.0	0.0	
5.805890400602558	3.2257204074980366	0.0	0.0	
6.3043285535760685	3.7614138307061404	0.0	0.0	
6.045298411658863	5.383214303461061	0.0	0.0	
6.234977580601387	5.807812546830811	0.0	0.0	
5.535345490099596	7.137613861687225	0.0	0.0	
6.378891681359937	7.646580992699901	0.0	0.0	
5.992463592411627	8.842582147363089	0.0	0.0	
5.98094572710533	9.61133056833983	0.0	0.0	
5.732067933980385	11.098189592376023	0.0	0.0	
5.807271429562636	11.662510104753553	0.0	0.0	
6.285675990586066	12.848220845719574	0.0	0.0	
6.376091660318897	13.953565063536285	0.0	0.0	
5.716970437574206	14.796399965726799	0.0	0.0	
6.387327831940479	16.0948298336615	0.0	0.0	
5.577667910367936	17.277362138631915	0.0	0.0	
6.402538408702144	17.799827081408235	0.0	0.0	
6.386902385826654	18.655719656415485	0.0	0.0	
6.371395309836982	19.504672908186357	0.0	0.0	
5.896418444063403	20.7356417461388	0.0	0.0	
6.393292871215351	21.887008388159565	0.0	0.0	
6.1763236515498985	22.866968818820354	0.0	0.0	
6.267042840955429	23.770487406999262	0.0	0.0	
5.756934505712026	24.655635187922716	0.0	0.0	
5.569344306430411	26.261167089723692	0.0	0.0	
5.657872587642215	26.769988672147885	0.0	0.0	
6.463257819869481	28.062586841992555	0.0	0.0	
5.751758846209726	28.84347365391998	0.0	0.0	
5.791810602421578	30.015240715871105	0.0	0.0	
6.099356426457841	30.723166152943257	0.0	0.0	
6.957759623955884	0.34914143086562677	0.0	0.0	
7.1498763332087	0.5643016412328544	0.0	0.0	
6.867884266464923	1.7567637973699237	0.0	0.0	
7.088292201835854	2.6162191489965085	0.0	0.0	
6.540351317748797	3.5315503168661637	0.0	0.0	
6.712865597191148	4.923185008371329	0.0	0.0	
7.082565309096396	5.870127614077388	0.0	0.0	
6.778168838622153	7.056231356654761	0.0	0.0	
7.34261990462877	7.923389671225066	0.0	0.0	
6.743375816678103	8.698727434946932	0.0	0.0	
7.457604902917919	9.686222387260484	0.0	0.0	
6.727144288866396	11.422282446723036	0.0	0.0	
6.954068601394905	12.317208675731136	0.0	0.0	
6.644884729071487	13.236653858280095	0.0	0.0	
7.470863476738378	13.521139229386717	0.0	0.0	
6.56591414127452	14.793912773992114	0.0	0.0	
7.458801365120561	16.490356306788538	0.0	0.0	
7.062008504546978	16.91663128983019	0.0	0.0	
6.501671826368279	17.501025673143072	0.0	0.0	
7.285975145077832	19.247795931107596	0.0	0.0	
6.8448164952974455	19.78119136140003	0.0	0.0	
7.227495340286612	21.326634593591596	0.0	0.0	
6.772411201831649	22.48532248044611	0.0	0.0	
7.094942215822463	23.19671635211246	0.0	0.0	
7.294133210890244	23.82241301310175	0.0	0.0	
6.8481735052019665	25.112231739432854	0.0	0.0	
6.899860366357911	26.040965757920702	0.0	0.0	
6.728877624161949	27.3812412731264	0.0	0.0	
6.717136044969618	28.448344453690478	0.0	0.0	
6.920293919285408	29.18693787468367	0.0	0.0	
7.481717497720481	30.129003501249905	0.0	0.0	
7.257850459405121	31.186422244366742	0.0	0.0	
8.06669368789014	0.2935244549405719	0.0	0.0	
8.383395130560071	0.6345168320497653	0.0	0.0	
8.18765440732061	1.999621861334986	0.0	0.0	
7.517726833411976	3.281285636568225	0.0	0.0	
7.652808168023592	4.019073221896336	0.0	0.0	
8.460753084298073	4.822171417017094	0.0	0.0	
8.344868635271718	6.246920424947446	0.0	0.0	
8.052765422448383	6.941260801687449	0.0	0.0	
8.396084266980173	7.658598785143294	0.0	0.0	
7.711528322071943	8.891438966698054	0.0	0.0	
8.117216309140904	10.341103377459593	0.0	0.0	
7.556997440372177	10.708804666246152	0.0	0.0	
7.581718420529953	12.094929940854842	0.0	0.0	
8.130213598049727	12.86329607438579	0.0	0.0	
7.745245904728215	14.389297685674103	0.0	0.0	
8.087590704105605	15.085527402573222	0.0	0.0	
7.621283775425741	16.16050482291575	0.0	0.0	
8.354324909345536	16.761564764310627	0.0	0.0	
8.415872815879826	17.972114882182133	0.0	0.0	
8.014219604894615	18.946395889175964	0.0	0.0	
8.33395432084829	19.530387681512	0.0	0.0	
8.480170621563856	20.614744964011745	0.0	0.0	
7.867712154907881	22.42982232068595	0.0	0.0	
7.612297113258819	22.509437599448766	0.0	0.0	
8.11990754403869	23.602425234411253	0.0	0.0	
7.659513134403256	24.72765611214203	0.0	0.0	
7.660121790913973	26.230494973581735	0.0	0.0	
8.469571978465854	26.890797774032762	0.0	0.0	
7.687295126062598	28.222057443948568	0.0	0.0	
7.5318974618213606	28.706046504431722	0.0	0.0	
7.904899606268422	29.976067442642698	0.0	0.0	
7.578960931292228	30.706698379331215	0.0	0.0	
8.9044542062205	0.44434001211189655	0.0	0.0	
8.601863406950008	1.1295468499435162	0.0	0.0	
8.749159360461826	2.187439870936191	0.0	0.0	
9.287267321846976	2.8926522060555238	0.0	0.0	
9.13387508773814	4.180452023318127	0.0	0.0	
9.279370162195272	4.506404608248973	0.0	0.0	
8.897584000751909	6.2307171668784935	0.0	0.0	
8.83596333374629	7.181710388569439	0.0	0.0	
9.235816180582502	8.087726177069477	0.0	0.0	
9.373050607962687	8.957051326885388	0.0	0.0	
9.294623843389477	9.584361605064764	0.0	0.0	
9.240905538615865	11.274258625721927	0.0	0.0	
9.43893050924159	11.506393948037722	0.0	0.0	
8.625049754419335	12.599347398061083	0.0	0.0	
9.122805905768082	14.294475521594618	0.0	0.0	
9.21856415072972	14.850772306872717	0.0	0.0	
8.566572179878214	16.000405949186206	0.0	0.0	
8.743933349146786	17.210635270342898	0.0	0.0	
9.39659795334822	18.395806567645632	0.0	0.0	
8.847960745045846	19.190807378745436	0.0	0.0	
9.10978190511319	20.342750817113295	0.0	0.0	
9.204169852854687	20.615404336717486	0.0	0.0	
9.187076912567045	22.402176095706007	0.0	0.0	
9.368794919959123	22.99295659113802	0.0	0.0	
9.407983904798296	23.69629628619598	0.0	0.0	
8.615211933232839	25.359368691570303	0.0	0.0	
9.372382904058478	25.73427004966516	0.0	0.0	
9.26019153738107	26.579707674436367	0.0	0.0	
8.769748568722695	27.648491378396734	0.0	0.0	
8.855476285022542	29.12089960800247	0.0	0.0	
8.668321719532516	30.061475010062168	0.0	0.0	
8.938356576387726	30.814440890353257	0.0	0.0	
9.852622964278225	0.29812108727769304	0.0	0.0	
9.722597090192618	1.3037395577823492	0.0	0.0	
9.538662280346422	1.5061050328751198	0.0	0.0	
9.914225649489723	2.797111679408907	0.0	0.0	
9.770323960105761	3.9850176921283893	0.0	0.0	
10.368487751168292	5.2754751571635605	0.0	0.0	
10.388715227414172	6.465111956417722	0.0	0.0	
10.499926544809735	7.448037071664748	0.0	0.0	
10.011956563504663	7.92604704258023	0.0	0.0	
10.229061798957401	9.276537871710621	0.0	0.0	
10.204363070858482	10.200174556150271	0.0	0.0	
9.644077754765693	11.01258213994315	0.0	0.0	
10.089623992543947	12.004262768783708	0.0	0.0	
10.14307131003352	13.200001482349595	0.0	0.0	
9.55780036611455	13.640614306873116	0.0	0.0	
9.802131674052635	15.288020607886628	0.0	0.0	
9.808744882958704	15.839746251139216	0.0	0.0	
9.902135460048836	17.372481605793133	0.0	0.0	
9.753206149211165	17.53678124007966	0.0	0.0	
9.902626537045503	19.292797462523176	0.0	0.0	
10.223513298082059	19.84188497451025	0.0	0.0	
9.624914659080893	20.538560735183502	0.0	0.0	
10.362134372616431	21.98418128573739	0.0	0.0	
10.206032630271505	23.0767802462655	0.0	0.0	
10.374358148039457	23.801937697471836	0.0	0.0	
9.54442369490751	24.698966186011045	0.0	0.0	
9.915894750106204	26.00923313719032	0.0	0.0	
9.94548854429611	27.039642983847752	0.0	0.0	
10.056721434332268	27.834521062457192	0.0	0.0	
9.575910833111756	28.564679464036185	0.0	0.0	
10.356975283962017	30.083886439995776	0.0	0.0	
9.593974926334452	31.439312054878283	0.0	0.0	
11.148019064167485	0.04471340773245225	0.0	0.0	
10.727858418259158	1.4093165117343869	0.0	0.0	
10.96261679807049	1.6595928633718555	0.0	0.0	
10.613754060563496	3.0832276391862528	0.0	0.0	
11.286380067812315	3.9159319476887284	0.0	0.0	
11.259781180791817	5.308623964954355	0.0	0.0	
11.46148692533079	5.822178336571477	0.0	0.0	
10.720204410186872	7.4943279450619125	0.0	0.0	
10.98262836015093	7.919128489109939	0.0	0.0	
10.58086840202398	9.044294161369857	0.0	0.0	
11.36877351356175	10.154757543178691	0.0	0.0	
11.391236118135463	10.865119587381292	0.0	0.0	
10.595255290316638	12.363766826973825	0.0	0.0	
10.95678351368287	13.110081658659517	0.0	0.0	
10.912115670036151	14.421246216230259	0.0	0.0	
11.049260777346708	15.242096125853742	0.0	0.0	
10.625490847690495	15.561176666424627	0.0	0.0	
10.571659234000839	16.826625514681364	0.0	0.0	
11.42530519352006	18.26777996631498	0.0	0.0	
10.63722125461696	18.66748122740744	0.0	0.0	
11.343029610009907	19.732430887663977	0.0	0.0	
11.2111832428761	20.69463900651372	0.0	0.0	
11.199900109608993	21.974649018291505	0.0	0.0	
10.842939378215718	22.884551548556637	0.0	0.0	
11.499771427486602	23.6022447595044	0.0	0.0	
10.904943269626267	24.742617754395123	0.0	0.0	
11.245857024341772	26.489310405749926	0.0	0.0	
11.312222249165004	26.94633725690073	0.0	0.0	
10.594226896759398	28.487354065083867	0.0	0.0	
10.803572862981138	29.327725223853328	0.0	0.0	
11.229693009020645	29.963563398224917	0.0	0.0	
11.230439850885878	30.661561241588046	0.0	0.0	
12.482866691825933	0.21479841561439483	0.0	0.0	
11.67065362213543	1.3053297786166085	0.0	0.0	
11.93349010984125	1.711698930623616	0.0	0.0	
11.626252739748702	3.104330614992482	0.0	0.0	
11.753568654261265	4.200417059455831	0.0	0.0	
11.943443357471187	5.377902339688142	0.0	0.0	
11.823575297872662	5.945391756104642	0.0	0.0	
12.117518099436111	7.39362895566258	0.0	0.0	
12.066899009733124	8.36090032786909	0.0	0.0	
11.935896555493006	9.061655714315627	0.0	0.0	
12.3594943514817	10.181136464044771	0.0	0.0	
11.633141896613939	11.189109363586294	0.0	0.0	
12.4881377221734	11.678101416292323	0.0	0.0	
11.507742557562137	13.367603191272622	0.0	0.0	
11.885883462339867	13.96463496857118	0.0	0.0	
11.509726414463588	15.421370461331053	0.0	0.0	
12.277000115536032	15.609533551119107	0.0	0.0	
11.843001423395254	16.931475276253064	0.0	0.0	
11.59379109078769	17.81753792829952	0.0	0.0	
11.663225092211194	18.69949039471995	0.0	0.0	
12.412201422058747	19.67257894050663	0.0	0.0	
11.638624858034836	21.270452173503003	0.0	0.0	
12.058344028961667	21.771187791954606	0.0	0.0	
11.60269225589392	22.845656541937135	0.0	0.0	
11.811780098897565	23.979513681876576	0.0	0.0	
12.034426247222786	24.52359352082001	0.0	0.0	
11.649937144268685	26.31076941685524	0.0	0.0	
12.262878767614453	26.820315366375475	0.0	0.0	
12.294624141218506	27.912792420342704	0.0	0.0	
11.783179670969627	29.231358699512402	0.0	0.0	
11.723016250302098	29.57856640029664	0.0	0.0	
12.297910672875433	31.302924722536265	0.0	0.0	
13.103722813914775	0.26581306691207907	0.0	0.0	
12.648848613774051	0.7259918509116721	0.0	0.0	
13.391866665149571	1.6116414935926715	0.0	0.0	
12.685023164983782	3.262483743228482	0.0	0.0	
13.038573290593318	4.4719204385253715	0.0	0.0	
12.597961869792147	5.42642425781308	0.0	0.0	
12.730357724802188	5.7308730405916695	0.0	0.0	
13.325298295431196	6.6762600345355025	0.0	0.0	
12.584690172045802	8.059332293396292	0.0	0.0	
12.762080652673774	8.763494964593484	0.0	0.0	
12.785343660776041	10.17068883295469	0.0	0.0	
13.210502132536398	11.37817578737489	0.0	0.0	
12.935299917433362	11.903173907902643	0.0	0.0	
13.27050281564942	12.580177428307868	0.0	0.0	
12.515901115209555	13.538284503567999	0.0	0.0	
13.086952183155626	14.553532039361231	0.0	0.0	
12.980781039231742	15.544981601327555	0.0	0.0	
12.597641342581332	16.73855196028453	0.0	0.0	
12.794431240383865	17.87065421831798	0.0	0.0	
13.208635701398736	19.128866417076747	0.0	0.0	
13.231357159865595	19.941507020923773	0.0	0.0	
13.10946856569653	21.161145255183747	0.0	0.0	
12.750250336439937	21.74189724071209	0.0	0.0	
13.304224255647895	23.22546559093827	0.0	0.0	
12.934997263879016	23.818874636952607	0.0	0.0	
12.685435786997115	24.642004554382698	0.0	0.0	
13.04235859857704	25.669587969631706	0.0	0.0	
13.009233714949664	26.67639804675879	0.0	0.0	
13.306353054330344	27.83564470629709	0.0	0.0	
13.278776768053142	29.495175558423785	0.0	0.0	
13.12678027187938	29.537140787571797	0.0	0.0	
13.255403327991534	30.90141934979237	0.0	0.0	
13.966203966340604	0.30072586342351837	0.0	0.0	
14.289385985947735	0.8080036822749119	0.0	0.0	
14.186363707231083	2.0351345007527364	0.0	0.0	
13.729405815102709	3.3831712494067894	0.0	0.0	
13.816246427463497	4.0909107515148015	0.0	0.0	
14.18582921507109	5.388797884960708	0.0	0.0	
14.378030688757597	6.453980918599778	0.0	0.0	
13.981131238650605	7.175415174417274	0.0	0.0	
14.282307263819657	8.304215473582769	0.0	0.0	
13.656399063866978	9.242428542480091	0.0	0.0	
13.556318286225082	10.419828371741767	0.0	0.0	
13.705867303240344	11.429168222239785	0.0	0.0	
14.403557300087703	12.21684706770137	0.0	0.0	
14.2733625705172	12.747580769699947	0.0	0.0	
14.274803974038946	14.339863439068463	0.0	0.0	
13.692191550518594	14.978404940209792	0.0	0.0	
13.687968289061716	15.709366239406341	0.0	0.0	
13.540305353854144	16.72044391793952	0.0	0.0	
13.574292602064503	18.093998094770267	0.0	0.0	
14.315029274788163	19.06120934251098	0.0	0.0	
13.523658969905739	19.771711744991435	0.0	0.0	
14.473191642931598	21.4650271111649	0.0	0.0	
14.373061505617597	21.836516500857677	0.0	0.0	
13.95763432598022	22.593115618004543	0.0	0.0	
14.276582839505368	24.011782143457875	0.0	0.0	
14.109904197387742	24.9037733570233	0.0	0.0	
14.292183953613623	25.99204579897761	0.0	0.0	
14.46853976143323	27.052475736779382	0.0	0.0	
14.098205658920154	27.501799482319335	0.0	0.0	
14.449370494570946	28.880157638399435	0.0	0.0	
14.283563066672778	30.45545339730319	0.0	0.0	
13.535367730119667	30.504685944437448	0.0	0.0	
15.40816516914197	0.35077181228942733	0.0	0.0	
15.027355495363972	0.86368173662269	0.0	0.0	
14.940679196502666	2.4213214547537483	0.0	0.0	
14.810552763775473	3.0050454466266014	0.0	0.0	
15.23860633035662	3.7561067796167884	0.0	0.0	
14.853613814946332	4.968637565153252	0.0	0.0	
15.429941710591883	6.203633761057066	0.0	0.0	
15.212154395503164	6.668499325685199	0.0	0.0	
15.018899989865613	8.261794728308125	0.0	0.0	
15.119321073023725	9.40803701163213	0.0	0.0	
14.64432937938309	10.424643960876466	0.0	0.0	
14.557671480135316	10.682615222609108	0.0	0.0	
14.877686888598104	11.837483131738392	0.0	0.0	
14.775300251804923	12.976261736094337	0.0	0.0	
14.517009079027954	13.782488366374158	0.0	0.0	
15.102584020819029	14.975069958872693	0.0	0.0	
14.61455832424468	15.792160864362291	0.0	0.0	
15.2580788467858	16.57778061115729	0.0	0.0	
15.335286849957475	18.15348038077484	0.0	0.0	
15.335084339678362	19.374985904324493	0.0	0.0	
15.400193625110944	20.039665758009143	0.0	0.0	
14.57227376085253	21.10031643835859	0.0	0.0	
14.53966174998031	22.219963608400437	0.0	0.0	
15.223201110683581	23.301351082202416	0.0	0.0	
15.41169358728219	23.682044851692634	0.0	0.0	
14.672658352079255	24.530917476649492	0.0	0.0	
15.281631873380544	25.842473718508984	0.0	0.0	
14.587943875040594	27.35602194915714	0.0	0.0	
14.93387378007417	27.754394187169208	0.0	0.0	
15.037725576664469	28.768458189208832	0.0	0.0	
14.929557633383697	29.69325893429501	0.0	0.0	
15.491226991043222	31.485949069009802	0.0	0.0	
16.466804494320137	0.2258469979130947	0.0	0.0	
15.614143864442362	0.9067962062545998	0.0	0.0	
16.285851906714438	1.5843777865437003	0.0	0.0	
16.14858453967456	2.9245063519103303	0.0	0.0	
16.4037362258551	3.969292816119392	0.0	0.0	
15.52140459004637	5.112666841534784	0.0	0.0	
15.651424936963398	5.868548877752113	0.0	0.0	
15.57217446456807	7.366696683306843	0.0	0.0	
16.07570821261901	8.234065669659882	0.0	0.0	
16.28050001149416	9.26009836721401	0.0	0.0	
15.90379163638549	10.418089523749325	0.0	0.0	
16.19906324844522	11.05498240944716	0.0	0.0	
15.926001769272421	11.69947215678272	0.0	0.0	
15.653620696472649	13.087945049751205	0.0	0.0	
15.879134006932327	13.60608027060316	0.0	0.0	
15.526013589027679	15.336631974844849	0.0	0.0	
16.246313667318486	15.649172888946323	0.0	0.0	
16.11718440621654	17.053714534621736	0.0	0.0	
15.87353153555867	17.911101238312238	0.0	0.0	
15.931597580196271	18.89368645126212	0.0	0.0	
16.104478456754965	20.27361758937055	0.0	0.0	
16.397445692950065	20.90185593322002	0.0	0.0	
16.04109448758825	22.336166261613837	0.0	0.0	
15.54686138457103	22.973828162626496	0.0	0.0	
15.853723175991936	23.55687739085445	0.0	0.0	
16.068536721307073	25.213001681603686	0.0	0.0	
15.93584242819623	25.987510472655032	0.0	0.0	
16.271791865229385	27.00079712987928	0.0	0.0	
15.647152320652475	28.43506519491775	0.0	0.0	
15.790415606702595	29.367243557457396	0.0	0.0	
16.321627148718317	29.86252395819359	0.0	0.0	
15.618049689170292	31.309662052483958	0.0	0.0	
17.202670689696724	0.04153519438141784	0.0	0.0	
17.2123962684056	1.2651092487580824	0.0	0.0	
17.473070074036862	1.7838754117700955	0.0	0.0	
17.025774258770447	3.2708064611390446	0.0	0.0	
16.971691677267618	3.9535648309990656	0.0	0.0	
17.35628008919617	5.498699878248378	0.0	0.0	
17.469514896517136	6.458866301502511	0.0	0.0	
16.618404427508526	7.105874908063674	0.0	0.0	
16.58129579004745	7.84620498342304	0.0	0.0	
17.186703768957972	9.497358499960702	0.0	0.0	
17.492556344613526	10.385463224297629	0.0	0.0	
17.3389839450661	11.46401485542231	0.0	0.0	
17.25808175711161	12.360266084971515	0.0	0.0	
16.80275155915309	13.333947386574614	0.0	0.0	
16.762551148132353	13.963802925557184	0.0	0.0	
17.38477767080238	14.787614375386573	0.0	0.0	
16.851088342770396	15.50944208192547	0.0	0.0	
17.487275843149963	17.3567128515017	0.0	0.0	
17.0889466862103	18.00532547737621	0.0	0.0	
16.81531311367032	18.698054789075663	0.0	0.0	
16.911145417558842	20.01257159687023	0.0	0.0	
17.145508225550458	21.29148955699332	0.0	0.0	
17.34544307084628	21.982832418289156	0.0	0.0	
17.343755494617152	22.575699104910782	0.0	0.0	
16.81885649523484	24.111615732694	0.0	0.0	
17.04777361272748	25.035455178845037	0.0	0.0	
17.164810378351863	25.667200397455787	0.0	0.0	
16.8283952792116	27.4964643321594	0.0	0.0	
16.563213548162175	28.213462267394206	0.0	0.0	
17.227406036333967	28.64277900884046	0.0	0.0	
16.83970892523588	29.9201114392804	0.0	0.0	
16.520740128483915	30.6338053332654	0.0	0.0	
18.497705492875493	0.43287225260748197	0.0	0.0	
18.417665257111995	1.2910864929993855	0.0	0.0	
18.45247423662724	2.385925890895249	0.0	0.0	
17.71970378153275	3.241679513208484	0.0	0.0	
17.548636421149148	3.6462903911126276	0.0	0.0	
17.583483938336155	4.934597808121153	0.0	0.0	
17.79660407137933	6.036298164073599	0.0	0.0	
18.226373190813874	6.507244407072035	0.0	0.0	
18.311175103945136	7.500500530372395	0.0	0.0	
17.78335225994284	8.943683567933537	0.0	0.0	
18.01365426352185	9.992213423819303	0.0	0.0	
18.14563058333062	10.899728870028827	0.0	0.0	
17.69438898260758	12.239566355840218	0.0	0.0	
18.0849329623753	13.075119293765512	0.0	0.0	
18.315432447082266	13.828802920389526	0.0	0.0	
18.219387911595486	15.215072882762618	0.0	0.0	
18.412672442581005	15.963519654729375	0.0	0.0	
17.88781262210182	16.6822788684143	0.0	0.0	
18.320461655162653	18.40613390290217	0.0	0.0	
17.63520284375257	18.877109247463157	0.0	0.0	
18.422570091897434	20.1473290166397	0.0	0.0	
17.651292711758707	21.110998320096225	0.0	0.0	
18.31043612030467	22.45351298472216	0.0	0.0	
17.633998717917986	23.402171929846993	0.0	0.0	
18.079410642396596	24.189649791015242	0.0	0.0	
17.763816102374452	25.481332715312167	0.0	0.0	
17.623250926466724	25.63230730829686	0.0	0.0	
18.050498484457222	27.282631220601594	0.0	0.0	
17.94430951086576	28.49433654683197	0.0	0.0	
18.109234302656336	29.240205925173576	0.0	0.0	
18.330947650600702	30.04444988652219	0.0	0.0	
17.95662989672661	30.72653089692628	0.0	0.0	
18.564127808266395	0.032843499131017806	0.0	0.0	
19.151138686276795	1.4236686055294694	0.0	0.0	
19.20347775205992	1.639842314000636	0.0	0.0	
18.827694958275966	3.0835556777706796	0.0	0.0	
18.74487322593751	4.188782175045892	0.0	0.0	
18.549744724751903	5.013165702621002	0.0	0.0	
19.009143643860646	6.460736661705851	0.0	0.0	
18.646932956502393	7.401181261551279	0.0	0.0	
19.40471570164219	8.267668913537353	0.0	0.0	
18.509864422947572	9.408562347124445	0.0	0.0	
19.2258216935804	9.642142603358048	0.0	0.0	
19.074588675588554	11.480430500027046	0.0	0.0	
18.59905241009297	11.873689875098206	0.0	0.0	
18.842089030390873	13.47229220335032	0.0	0.0	
18.685401316157588	14.204916166797245	0.0	0.0	
18.706168526003218	14.57168314503759	0.0	0.0	
18.964015015719365	16.49527704255685	0.0	0.0	
19.452519190276192	17.299640095564133	0.0	0.0	
18.569320330805578	18.104757180595925	0.0	0.0	
18.968673120840574	18.946258522046385	0.0	0.0	
19.163898943532566	20.36415462609275	0.0	0.0	
19.49868410653085	20.982836490446104	0.0	0.0	
19.474675094802354	22.407489658270077	0.0	0.0	
18.95508610254393	22.535634713254534	0.0	0.0	
19.058780671053913	24.15700103005722	0.0	0.0	
18.535588868854543	25.42462025864052	0.0	0.0	
19.094478116403756	25.54542290485498	0.0	0.0	
18.61343173822538	26.644940395313576	0.0	0.0	
19.32589258069215	27.73311497128205	0.0	0.0	
19.48863109345798	29.323820601631965	0.0	0.0	
19.111770804694565	29.845041348860445	0.0	0.0	
18.586228383607985	31.018209628128403	0.0	0.0	
19.649570515299157	0.41961769405228133	0.0	0.0	
20.01908529603639	0.9010396688065895	0.0	0.0	
19.7174430947243	1.6418753256153362	0.0	0.0	
20.236023619130318	3.094707756902435	0.0	0.0	
19.871017443829484	4.218872619767204	0.0	0.0	
20.472282943912408	5.162979902771948	0.0	0.0	
20.067776353838294	5.889633820749568	0.0	0.0	
20.0580880994427	7.467687369100508	0.0	0.0	
20.318386530343705	8.10717583142898	0.0	0.0	
20.048024656428666	8.578911490547995	0.0	0.0	
19.822644715009396	9.77858861533325	0.0	0.0	
19.898530476237507	11.066718424842438	0.0	0.0	
20.18185343029938	12.005698679785514	0.0	0.0	
20.14490801470516	12.662036788224613	0.0	0.0	
19.8607955479975	14.461791758265557	0.0	0.0	
20.493812680666334	14.692167901630393	0.0	0.0	
19.893401150442028	16.098569953960464	0.0	0.0	
19.983198657637	16.58293578375828	0.0	0.0	
20.038295849358686	17.935315356273478	0.0	0.0	
19.7732696734023	18.581106891932446	0.0	0.0	
20.4006536450252	20.1583139122641	0.0	0.0	
20.43418318967487	21.079435155446006	0.0	0.0	
19.65726459175152	22.16988106924245	0.0	0.0	
19.701237889145688	22.932674207435657	0.0	0.0	
20.273134302655766	24.020524028401777	0.0	0.0	
19.670472017701687	24.632596772769208	0.0	0.0	
20.31644850277915	26.169527868300356	0.0	0.0	
19.51272710517961	26.51124634971225	0.0	0.0	
20.084335510470943	28.16297498768404	0.0	0.0	
20.00049742938044	28.77260780306964	0.0	0.0	
19.711170826179075	29.85836256117618	0.0	0.0	
19.54035771008963	31.042774972474486	0.0	0.0	
20.969013968446227	0.2385630801783123	0.0	0.0	
21.414628608025257	1.343962723368791	0.0	0.0	
20.788732485375522	2.1095129520950517	0.0	0.0	
20.575351359146147	3.2328072170980384	0.0	0.0	
21.150306685743477	3.9521855681852958	0.0	0.0	
21.096371011601487	4.857301409277707	0.0	0.0	
21.33995511188473	6.324341971151064	0.0	0.0	
21.13511062132263	6.858212688825637	0.0	0.0	
21.210203157886916	7.64257038044509	0.0	0.0	
20.75101671055748	8.528797110096946	0.0	0.0	
20.575221347895454	10.309646841155285	0.0	0.0	
21.12062176946409	11.1800104449769	0.0	0.0	
20.61230218854884	11.813978970165493	0.0	0.0	
21.206381595317968	12.959749407527148	0.0	0.0	
20.525714324225444	14.14659876662713	0.0	0.0	
21.4538832954785	14.625624620101963	0.0	0.0	
21.060557129424467	15.60131765427759	0.0	0.0	
20.551269598087607	16.587628316080288	0.0	0.0	
21.216250042346886	18.467253803067766	0.0	0.0	
20.856270774635632	18.978678827387295	0.0	0.0	
20.6912610801041	20.197854399429506	0.0	0.0	
21.003067446203872	20.991714342017183	0.0	0.0	
20.877195041137032	21.65346721905252	0.0	0.0	
21.42619931755953	22.774146661480067	0.0	0.0	
21.29869469929916	23.821072616741763	0.0	0.0	
21.074591359190144	24.5112887738401	0.0	0.0	
20.68657525098343	25.503532661721447	0.0	0.0	
20.52913123573794	27.006224192170354	0.0	0.0	
20.65091444273891	28.06287214970537	0.0	0.0	
21.11180289315424	28.921864007383082	0.0	0.0	
20.579849458589763	30.3183075716282	0.0	0.0	
21.05355343424541	31.477366111541553	0.0	0.0	
21.889180243817712	0.06807278950389728	0.0	0.0	
21.539964448289847	1.4810309583094332	0.0	0.0	
21.8846403346419	1.7921916528095503	0.0	0.0	
22.34762518754767	3.4642509023638026	0.0	0.0	
22.409548888829296	3.5813894428203894	0.0	0.0	
22.160939366669997	4.6223436226635135	0.0	0.0	
22.431993155153613	6.251764620145727	0.0	0.0	
21.814989363673806	7.445987257077582	0.0	0.0	
21.65568314355515	7.583219326405471	0.0	0.0	
21.713905746677465	8.838647716991414	0.0	0.0	
21.71358490524592	9.761561949158732	0.0	0.0	
21.530041088046723	10.942101082141185	0.0	0.0	
21.984264057356942	11.735629528470257	0.0	0.0	
21.762823396071852	12.781172962657836	0.0	0.0	
22.362448715983266	13.638685639273106	0.0	0.0	
21.91583204891036	15.458904518588689	0.0	0.0	
22.34282817635545	15.895537828973305	0.0	0.0	
21.779326614537915	16.5591535001147	0.0	0.0	
21.744830223872995	17.688949280347416	0.0	0.0	
22.065639750447495	18.55579198575123	0.0	0.0	
22.243773170857445	20.27901721475634	0.0	0.0	
21.597203845582502	20.74824135849648	0.0	0.0	
21.651298645822976	21.564574937461636	0.0	0.0	
21.963336025685365	23.052899457330902	0.0	0.0	
21.953350390363504	24.17761936168971	0.0	0.0	
22.111177902258902	24.720590467941854	0.0	0.0	
22.119400595547162	26.301444500972455	0.0	0.0	
21.952280759314416	26.944808359559183	0.0	0.0	
21.63959982230572	28.474272775687897	0.0	0.0	
21.910753103835333	29.233580512471832	0.0	0.0	
22.33949843327467	30.062980247334323	0.0	0.0	
21.78252842005926	31.373353706500442	0.0	0.0	
22.742287058034623	0.2604975678277659	0.0	0.0	
22.59486509653884	1.1064197685320112	0.0	0.0	
22.76904688024225	2.1900258017337597	0.0	0.0	
23.405126667608183	2.9040007161497177	0.0	0.0	
22.89396280008814	4.271768932654037	0.0	0.0	
23.13361980611569	5.379043876879686	0.0	0.0	
23.21500624650817	5.573722355774068	0.0	0.0	
22.695402994373666	6.970004043293599	0.0	0.0	
22.600444302249286	8.313216034284427	0.0	0.0	
23.47089883562049	9.361364953409621	0.0	0.0	
22.90043795074097	10.348807273518352	0.0	0.0	
23.265494053073784	10.660528025725057	0.0	0.0	
23.18485293288381	11.571175057516326	0.0	0.0	
22.893744107491752	13.386962398328361	0.0	0.0	
22.80269336167572	13.8025848122379	0.0	0.0	
23.40211775875069	14.808332029876134	0.0	0.0	
23.226993199008643	16.10493494004581	0.0	0.0	
22.649666342153587	16.741119493782453	0.0	0.0	
22.76081322958471	18.399002459735687	0.0	0.0	
22.984574638125736	18.76665878917163	0.0	0.0	
22.817764455411613	20.443765822485105	0.0	0.0	
23.224662457822113	21.0739933079381	0.0	0.0	
22.60707434053382	22.463685284919443	0.0	0.0	
23.117276298338368	23.19748760583199	0.0	0.0	
23.488743515415784	24.27357953108212	0.0	0.0	
23.155664145110705	25.121104442858254	0.0	0.0	
22.616874250143614	25.683950924675443	0.0	0.0	
22.869536818367987	27.002831577816025	0.0	0.0	
22.80373635351018	27.642374219800786	0.0	0.0	
22.689599541414527	29.409492964796836	0.0	0.0	
23.15997138546918	30.247374670700577	0.0	0.0	
23.083905053601665	31.22750319990294	0.0	0.0	
23.996728613232168	0.28703935240239675	0.0	0.0	
24.41404263676761	1.2640819655036952	0.0	0.0	
24.496804520631912	1.7482301159552738	0.0	0.0	
23.675662752539562	2.840878847701559	0.0	0.0	
23.940744027344945	3.7030916176878272	0.0	0.0	
23.83328921583108	5.086284641102515	0.0	0.0	
23.89445808820525	6.441457841450474	0.0	0.0	
24.070997262325992	7.141181930336507	0.0	0.0	
23.825147631327578	8.432922102634828	0.0	0.0	
24.0265704226475	8.713606341899562	0.0	0.0	
23.753637471538394	10.129220867987833	0.0	0.0	
24.43925042007556	11.397661881359062	0.0	0.0	
24.223684039065986	11.986847141128376	0.0	0.0	
23.61042916457864	13.318819768555029	0.0	0.0	
24.41600847192474	14.247106836492621	0.0	0.0	
24.185446075575275	14.883346659243104	0.0	0.0	
24.31747538844286	16.197492649340965	0.0	0.0	
23.86046652691821	16.51677215183825	0.0	0.0	
23.936668363255656	18.222432043185368	0.0	0.0	
24.070131644626198	19.30428278880424	0.0	0.0	
24.26099768756868	20.42048922386927	0.0	0.0	
24.130845554090225	20.894026431109246	0.0	0.0	
23.650174991886622	22.18921591358004	0.0	0.0	
24.161433804466956	22.597234693021047	0.0	0.0	
23.83716253746358	24.49809952577871	0.0	0.0	
23.68305760799536	25.09058045490122	0.0	0.0	
23.53454338611862	25.84045224430312	0.0	0.0	
23.713852639273714	26.662772516698194	0.0	0.0	
23.64150159042168	28.358471917230375	0.0	0.0	
23.530618843834414	29.10708419368733	0.0	0.0	
24.42095995331189	30.26133375399895	0.0	0.0	
24.143103250906265	31.21187863398651	0.0	0.0	
24.603823965053458	0.24762515817762265	0.0	0.0	
24.60502609351434	1.446015664339142	0.0	0.0	
25.165899197908946	1.53619695424561	0.0	0.0	
24.797006739184887	3.3160467721733253	0.0	0.0	
25.47279991760066	3.7341690937881316	0.0	0.0	
25.34860687423114	5.322196211382657	0.0	0.0	
25.329263182188793	6.218447031072334	0.0	0.0	
25.47788802205964	7.4537096704433905	0.0	0.0	
25.384475795390717	8.002685197852703	0.0	0.0	
24.587950628970322	9.332726056478771	0.0	0.0	
25.050128797913125	9.95844724715396	0.0	0.0	
24.68539526600237	11.339046808367067	0.0	0.0	
24.57482061548632	11.943757046955431	0.0	0.0	
24.875332024224576	13.295851347637273	0.0	0.0	
25.319825001954715	14.077944018261388	0.0	0.0	
25.09340597268313	14.841830682271972	0.0	0.0	
25.20279028132438	16.31719487033424	0.0	0.0	
25.184469871367373	16.73335765877555	0.0	0.0	
25.068449552710316	17.928201105551693	0.0	0.0	
24.666101914751838	18.511277812685847	0.0	0.0	
24.67747033613008	20.41483609181419	0.0	0.0	
25.127267659264536	21.2181916304419	0.0	0.0	
25.355812119159648	22.44425006250488	0.0	0.0	
24.968879064196287	22.8468767396325	0.0	0.0	
24.77667521351066	23.956272865719402	0.0	0.0	
25.353722238444977	24.664707006898592	0.0	0.0	
25.114635610997418	26.39153857059297	0.0	0.0	
24.507466452214466	26.772789225463452	0.0	0.0	
25.27314570372259	27.736049356492654	0.0	0.0	
25.317460865957944	29.16818982117398	0.0	0.0	
25.13874906681484	29.586597415188383	0.0	0.0	
25.392870812103304	30.735395789258494	0.0	0.0	
25.788688754124856	0.37244992395196075	0.0	0.0	
26.18708688904442	0.8081170336849187	0.0	0.0	
26.030584507681706	1.735539387639026	0.0	0.0	
26.06025754073847	2.964080228945523	0.0	0.0	
25.553071965265975	4.011080963129574	0.0	0.0	
25.73986526980722	5.258793436393821	0.0	0.0	
25.5443505650599	5.72375708896162	0.0	0.0	
26.21320974378368	6.549611688238533	0.0	0.0	
26.479058609166238	7.56105924203584	0.0	0.0	
25.77635558296629	8.548625271849067	0.0	0.0	
26.378761456918987	9.949956737194041	0.0	0.0	
26.29460309162373	11.021981715519587	0.0	0.0	
25.754809466960676	11.78479643505255	0.0	0.0	
26.059921400367493	12.676854229417561	0.0	0.0	
25.904120579033812	14.492865595146325	0.0	0.0	
25.53645599759714	15.070819422898513	0.0	0.0	
26.182625562812465	16.346489167391432	0.0	0.0	
25.54115993843753	17.235797471222103	0.0	0.0	
26.139078949089846	17.778078073777138	0.0	0.0	
25.984300651819805	19.472221772616127	0.0	0.0	
25.92741635016972	20.320571973639396	0.0	0.0	
26.347623726678773	20.59359359597297	0.0	0.0	
25.78188107746771	21.632307331376474	0.0	0.0	
26.32227350550658	22.702951176560443	0.0	0.0	
26.253342631354258	24.09429857574397	0.0	0.0	
25.795768295400915	24.96224138011694	0.0	0.0	
26.013217725553936	25.57174988508488	0.0	0.0	
25.525320852746123	27.234025289725732	0.0	0.0	
25.929060412663755	27.858899319018178	0.0	0.0	
26.321104025743555	28.607085643165554	0.0	0.0	
26.001032326397553	29.539971853394448	0.0	0.0	
26.118461956306575	30.85678052428488	0.0	0.0	
27.101531022204302	0.08959646370582042	0.0	0.0	
26.60928558135797	1.357517035114462	0.0	0.0	
27.287299964181774	1.7954286968570818	0.0	0.0	
27.14195026498178	3.279810751314203	0.0	0.0	
27.2711342825858	4.434112386425159	0.0	0.0	
26.54331419754307	4.7915860064119205	0.0	0.0	
26.68688026783725	5.663554834378065	0.0	0.0	
27.23596106253596	7.4511137229907325	0.0	0.0	
26.99284917406189	7.525573500323748	0.0	0.0	
27.252482084991705	9.25212101952838	0.0	0.0	
26.992586482566466	10.493271840903487	0.0	0.0	
27.232311354646374	11.456607760388138	0.0	0.0	
27.309439905768848	12.094293247575827	0.0	0.0	
27.468803448595143	13.447230724314089	0.0	0.0	
27.20272724899982	14.030768680047622	0.0	0.0	
26.840366267067367	15.361271355008595	0.0	0.0	
26.894755657266902	15.68795905982125	0.0	0.0	
27.255512449850773	17.07863216311102	0.0	0.0	
26.700110085559988	17.94895534920247	0.0	0.0	
26.801186100592368	19.12130338033739	0.0	0.0	
27.29962141784197	20.21824002104208	0.0	0.0	
26.978131623670773	21.01454422867738	0.0	0.0	
26.79340124148199	22.42058609702087	0.0	0.0	
26.84082296626206	22.783685136303497	0.0	0.0	
26.65291330170007	24.226214945086163	0.0	0.0	
27.322494960940727	24.97262485558177	0.0	0.0	
26.639024650304265	25.758644249800046	0.0	0.0	
27.157827860708462	26.87450660525658	0.0	0.0	
27.012830557926982	27.546482363138722	0.0	0.0	
26.917032594689264	29.337349979445545	0.0	0.0	
27.11234730605177	29.75588167356277	0.0	0.0	
27.426011955714028	30.588411846108794	0.0	0.0	
28.296982105677746	0.2597777053267636	0.0	0.0	
28.486479747097377	0.9173052169834238	0.0	0.0	
28.051777141987213	2.291384848253827	0.0	0.0	
28.026179993402835	3.116963075648398	0.0	0.0	
28.159344528629912	3.752880468698767	0.0	0.0	
27.95348418558724	5.335349222197535	0.0	0.0	
28.464629645891602	6.107287841062712	0.0	0.0	
27.919326267212444	6.555011223618467	0.0	0.0	
28.28938944920777	7.520335778900023	0.0	0.0	
27.55319789104012	8.981105592117617	0.0	0.0	
28.109313223171114	9.725764284122159	0.0	0.0	
28.060494009677164	10.934282346104325	0.0	0.0	
27.686728805091683	11.724022732609788	0.0	0.0	
27.729642869023095	13.212888892991474	0.0	0.0	
27.772567306887883	14.185915263514188	0.0	0.0	
27.9788944563583	14.548037160242501	0.0	0.0	
28.466579039625064	16.1819365726962	0.0	0.0	
28.373891710212757	17.393185045022353	0.0	0.0	
28.490619091038887	17.55284430758391	0.0	0.0	
27.834041976780053	18.5907082706843	0.0	0.0	
27.733739456748623	19.96887340216318	0.0	0.0	
28.424353085608406	21.00080561148933	0.0	0.0	
27.717397443195658	21.776631693176753	0.0	0.0	
28.060934061356644	23.46844836332005	0.0	0.0	
27.97406562858789	23.7408926800449	0.0	0.0	
27.901825839456837	24.721370222039035	0.0	0.0	
28.229134989515448	25.908486176297405	0.0	0.0	
27.620914828495412	26.651291089177818	0.0	0.0	
27.780484363817248	27.78710573883487	0.0	0.0	
27.985630633461557	28.597998929019777	0.0	0.0	
27.821323211155686	30.176174063224533	0.0	0.0	
28.232423355808454	31.040585576763164	0.0	0.0	
28.523814113378698	0.15992658263160253	0.0	0.0	
28.736417275704085	0.8096798352484641	0.0	0.0	
29.421813124096737	2.499492045545092	0.0	0.0	
28.66313623883342	3.246913048204939	0.0	0.0	
29.42088662842943	4.076157111574865	0.0	0.0	
29.00220848884373	4.55026603112791	0.0	0.0	
28.706929554517384	5.991194579808179	0.0	0.0	
29.00958055349713	6.966283461793435	0.0	0.0	
29.173615699926994	7.713869278285505	0.0	0.0	
29.49862034189718	9.373118978022127	0.0	0.0	
28.720078961352492	10.457191187723588	0.0	0.0	
29.187507363877064	11.310592715371152	0.0	0.0	
29.200177923649875	11.9447196967989	0.0	0.0	
28.896587745948022	13.388434235549026	0.0	0.0	
28.825335961970644	14.01834010039078	0.0	0.0	
29.381610197168747	14.97449323075289	0.0	0.0	
29.27292017480873	15.99775029432341	0.0	0.0	
28.67568662174859	16.595449859268985	0.0	0.0	
28.71684205469761	18.0170332162141	0.0	0.0	
29.378103136124974	19.155591222301013	0.0	0.0	
29.19296612682135	20.387920234568654	0.0	0.0	
29.155898078544933	21.357695377719992	0.0	0.0	
29.2467738500552	22.03022995629334	0.0	0.0	
29.068898679426027	22.73013026894361	0.0	0.0	
29.12311869905244	24.4387487734733	0.0	0.0	
28.991377072705546	25.113583412345047	0.0	0.0	
29.104463294557586	26.119065589527647	0.0	0.0	
28.655304448195718	26.762954976084735	0.0	0.0	
28.90707835860794	28.18802898132379	0.0	0.0	
28.82064417013654	28.913689391117206	0.0	0.0	
29.02603323925514	30.44980956821635	0.0	0.0	
28.8921713263593	31.170610727822957	0.0	0.0	
30.302945124324403	0.1738102522263374	0.0	0.0	
30.244469110552163	0.6946221976002231	0.0	0.0	
29.89122784185	1.7992353620713426	0.0	0.0	
30.085104568835	3.0646600713786665	0.0	0.0	
30.435179969501657	3.7320405179383336	0.0	0.0	
30.258950256490923	4.802775936231059	0.0	0.0	
29.61897736669778	5.774323311061434	0.0	0.0	
29.586033899608307	7.012440368760757	0.0	0.0	
30.39628962220555	8.274238380460734	0.0	0.0	
30.344355171593694	8.699513364539916	0.0	0.0	
30.36061920476739	10.419307918972569	0.0	0.0	
29.638095721213976	11.13424116181319	0.0	0.0	
30.255375291575813	12.369055425009307	0.0	0.0	
30.238356703341445	13.459820839755427	0.0	0.0	
30.096670788393784	14.379009850632416	0.0	0.0	
29.773968026400194	14.967487993302097	0.0	0.0	
30.16251661799476	15.692736432056714	0.0	0.0	
29.546460776797655	17.29620044683501	0.0	0.0	
29.771933767884526	17.559915751463116	0.0	0.0	
30.188769499085236	19.395423039229797	0.0	0.0	
29.708686839412767	19.628334870738733	0.0	0.0	
29.58604635569025	20.776312530974074	0.0	0.0	
30.03826936547437	21.645143300818596	0.0	0.0	
30.037315647798163	23.396309970029616	0.0	0.0	
29.87750711892025	24.212896467748873	0.0	0.0	
30.471292131300864	24.895817953021723	0.0	0.0	
29.806517355391463	25.979858873724062	0.0	0.0	
29.974341318273872	27.15373345944418	0.0	0.0	
30.356912559245117	27.83894855826751	0.0	0.0	
29.839086057822353	28.90532086149947	0.0	0.0	
29.811602612439394	30.105860692093657	0.0	0.0	
30.21806838188883	31.22710520156456	0.0	0.0	
31.186175672313194	0.14865757857273076	0.0	0.0	
31.109321606172742	0.6490153831842076	0.0	0.0	
31.29397961898577	1.5316191276703512	0.0	0.0	
30.879350248771136	3.094778114251194	0.0	0.0	
30.556591360155082	3.651134719929874	0.0	0.0	
31.21008126886513	4.671681522682469	0.0	0.0	
30.694971591048336	5.730441158643299	0.0	0.0	
30.954291867919153	6.92126307511888	0.0	0.0	
31.016994137144824	7.581754933388853	0.0	0.0	
31.22107859478247	9.231658684788076	0.0	0.0	
30.774596088914887	10.237246467605098	0.0	0.0	
30.934112802267443	10.561981448644094	0.0	0.0	
31.10686114472794	12.257722933611923	0.0	0.0	
30.75531482636837	12.673989367787954	0.0	0.0	
31.333180831726505	13.774604480207227	0.0	0.0	
30.599806602754455	15.128322803452244	0.0	0.0	
30.638767676924537	15.927888916565443	0.0	0.0	
30.968437629694545	16.574305159912583	0.0	0.0	
30.932542315463564	17.869801366235425	0.0	0.0	
30.619936073023386	19.050263603383588	0.0	0.0	
30.56257708246579	20.466555158591266	0.0	0.0	
30.588667974922583	20.58194288274201	0.0	0.0	
30.759547000785552	22.473221960024322	0.0	0.0	
31.060314918237847	23.276122170870483	0.0	0.0	
30.9791257339548	23.594646182798247	0.0	0.0	
31.4279587430258	24.991805017820415	0.0	0.0	
30.725612363534196	25.763310402812355	0.0	0.0	
30.845053343395197	27.254210618619908	0.0	0.0	
31.486040681527655	27.81777506391685	0.0	0.0	
30.88181061010972	29.47897057003515	0.0	0.0	
31.222534558851482	29.59221108956154	0.0	0.0	
31.19107378060947	30.85064346936914	0.0	0.0	
