2
32.0	0.0	0.0	0.0	
0.0	32.0	0.0	0.0	
0.0508242014025404	0.49231850661649734	0.0	0.0	
0.10084010892982709	0.8714587480239053	0.0	0.0	
0.30682742517583683	2.102636751801424	0.0	0.0	
0.10290351922349816	2.6851849941493056	0.0	0.0	
0.25490060027252937	4.2566324772848745	0.0	0.0	
0.287566377709807	5.275128167318622	0.0	0.0	
0.029237818267791038	6.018757026576295	0.0	0.0	
0.467350692343955	6.708137909042279	0.0	0.0	
0.022341220989736454	8.35926313921406	0.0	0.0	
0.4225520607800619	8.636477330056033	0.0	0.0	
0.3870034693543948	10.041680644944835	0.0	0.0	
0.3215962103183553	11.45895602404942	0.0	0.0	
0.09351920253932289	11.966652373996338	0.0	0.0	
0.18579360370887577	13.44755515468237	0.0	0.0	
0.3358550807366337	14.111152512781013	0.0	0.0	
0.14546305252319935	15.182544522706188	0.0	0.0	
0.2869528056144339	16.051089405415535	0.0	0.0	
0.27637415094479345	16.61170878772872	0.0	0.0	
0.053794801944503035	18.34759313548021	0.0	0.0	
0.09478694660113174	18.80197195756019	0.0	0.0	
0.08671987079570853	19.53097103912095	0.0	0.0	
0.28198346838649413	21.400967741900565	0.0	0.0	
0.06696359928939277	21.95593350188999	0.0	0.0	
0.24142073949929987	22.549724312227017	0.0	0.0	
0.3250468499629211	24.137071871263654	0.0	0.0	
0.12454679105707467	24.573178287607618	0.0	0.0	
0.024765310164502563	25.535246184689047	0.0	0.0	
0.1310929483637141	26.976597241370772	0.0	0.0	
0.2577382489397615	28.03671318564209	0.0	0.0	
0.21575053560599555	29.48034915594035	0.0	0.0	
0.33114446166240286	30.441476639213896	0.0	0.0	
0.10117450645291426	31.194774754055054	0.0	0.0	
1.323742589742574	0.169605744908767	0.0	0.0	
0.6813453231539726	0.9891906501275268	0.0	0.0	
0.5186183473246737	1.949436209458207	0.0	0.0	
0.7533304691867523	3.1949520305146897	0.0	0.0	
1.2566687626387432	3.929149629570107	0.0	0.0	
1.3401880780751767	5.330405160626312	0.0	0.0	
0.9619193501036998	6.006054045379413	0.0	0.0	
1.0798997278431604	6.818865287727242	0.0	0.0	
0.5658821125537835	8.02118241558622	0.0	0.0	
0.9074610620503516	8.75382546501919	0.0	0.0	
1.4894699770626754	9.624311537538475	0.0	0.0	
0.5099728387371761	11.01023220076615	0.0	0.0	
1.0313246507618046	12.034366921062299	0.0	0.0	
0.7699178015504203	13.19115497114684	0.0	0.0	
1.4093904915371966	14.140300435158153	0.0	0.0	
1.3965034938661498	15.445447894240708	0.0	0.0	
1.2856628072798615	15.989543535637393	0.0	0.0	
1.1376570059028301	17.08903817401229	0.0	0.0	
1.2836726086084762	17.577853749731695	0.0	0.0	
1.2327140447099825	19.08724294893591	0.0	0.0	
1.1387995616442181	20.239285403594316	0.0	0.0	
0.9506560835995287	20.585746983795758	0.0	0.0	
0.8420728386329985	21.562748119854227	0.0	0.0	
1.3481431036271094	22.564651506528282	0.0	0.0	
1.3703985008588015	23.83721761766663	0.0	0.0	
1.0481589777393356	25.296820602734957	0.0	0.0	
0.5609674411974113	26.40051858307159	0.0	0.0	
0.8924659659963005	27.288367475010116	0.0	0.0	
0.7838978148106164	28.412606009404062	0.0	0.0	
1.1221773603455025	29.015558443183586	0.0	0.0	
0.5445606126875626	29.97573635815888	0.0	0.0	
0.602740874609686	31.423250833916935	0.0	0.0	
1.7770511411779006	0.18384834406245587	0.0	0.0	
2.205634132721161	0.5604806474098059	0.0	0.0	
2.4540794745515355	1.7299374582830604	0.0	0.0	
2.452362625896302	2.737551572804418	0.0	0.0	
1.9720733894410234	3.6645488277517337	0.0	0.0	
2.412145858897672	5.216116483173581	0.0	0.0	
1.575329915925508	5.658090751504377	0.0	0.0	
1.5966790153122339	6.728872684086418	0.0	0.0	
2.4644482699022703	8.089052895510612	0.0	0.0	
2.322728673016525	8.686628773254542	0.0	0.0	
2.1671545664038203	10.40202706590742	0.0	0.0	
2.455909062231911	10.614534174936177	0.0	0.0	
1.5540255668860448	11.833712917808532	0.0	0.0	
1.6778697955298418	12.831853913392116	0.0	0.0	
2.4332722350295133	13.734459361065442	0.0	0.0	
2.351020722592007	14.698377590223892	0.0	0.0	
1.670734660555501	15.720427993465636	0.0	0.0	
1.8371049858081294	17.37416682364066	0.0	0.0	
2.185935550983964	17.677565252748014	0.0	0.0	
2.293470411576934	19.273625330169946	0.0	0.0	
2.4007476769761347	20.37315609106507	0.0	0.0	
2.058887083412926	20.71860818684184	0.0	0.0	
1.8860391663194718	21.728735245946663	0.0	0.0	
1.9732349756488352	22.557818524181005	0.0	0.0	
2.436247064652525	23.69516685720181	0.0	0.0	
2.068112410775485	25.459694378848216	0.0	0.0	
2.058276647213765	25.994661144024985	0.0	0.0	
1.5771998080968879	26.647121412223722	0.0	0.0	
1.7130320671534973	27.940412274267057	0.0	0.0	
1.548622356799434	28.83878363728476	0.0	0.0	
2.01971983661753	29.650119361769498	0.0	0.0	
1.7427727865966718	30.978137923849847	0.0	0.0	
3.1245410654713273	0.4030506759529824	0.0	0.0	
2.955146233725837	0.5802935050446049	0.0	0.0	
3.1843103004663336	2.1525989265807706	0.0	0.0	
2.956967465172951	2.98055216676247	0.0	0.0	
2.544953174755621	3.9781719011665797	0.0	0.0	
3.443604091937276	5.065961304508544	0.0	0.0	
2.689632488683982	6.410409844150438	0.0	0.0	
3.2583449929839907	7.267338985757679	0.0	0.0	
2.743668447256721	7.6853907699083575	0.0	0.0	
3.0962106364788347	8.604078298069657	0.0	0.0	
2.642113222601639	10.103374064703171	0.0	0.0	
3.4039716470153385	10.909189828735473	0.0	0.0	
2.8278295214993543	11.836559034873236	0.0	0.0	
3.335150786415468	13.000206456917594	0.0	0.0	
3.4867178524373665	14.141669369091499	0.0	0.0	
2.572207308799047	14.6571331709756	0.0	0.0	
2.8485090640205737	15.78282031493867	0.0	0.0	
3.1437636353621836	16.798882741847706	0.0	0.0	
3.2315747477361763	18.442467966316865	0.0	0.0	
2.9171866046754342	19.335518700469084	0.0	0.0	
3.1075620850191488	19.740637257512734	0.0	0.0	
2.9099234590915533	20.839059719270455	0.0	0.0	
2.773575161945069	22.195541447918465	0.0	0.0	
3.196174140596088	23.32551084541768	0.0	0.0	
3.2415833219416887	23.919243342524567	0.0	0.0	
2.820626470529731	24.593447649986707	0.0	0.0	
2.7929171669342296	25.575598404411615	0.0	0.0	
3.1490549066561435	26.69920077416122	0.0	0.0	
3.4177805206424208	28.413320091349302	0.0	0.0	
3.3247235454739323	29.072848402773317	0.0	0.0	
2.550101342770782	29.899405988567178	0.0	0.0	
2.6651746494127315	30.99732128014703	0.0	0.0	
4.142296027415944	0.4847452287782681	0.0	0.0	
3.919412817498385	1.2000655499820838	0.0	0.0	
3.9138798363462994	1.6480641609967734	0.0	0.0	
4.053442518111801	2.787906947237098	0.0	0.0	
4.167262634430461	4.448365106102523	0.0	0.0	
4.101112367589605	5.157166249012487	0.0	0.0	
3.841786138057089	6.007039585815554	0.0	0.0	
4.089797657282856	7.215402997411034	0.0	0.0	
4.002801509974767	8.278547059619237	0.0	0.0	
4.44615876395147	9.383859327846029	0.0	0.0	
3.546844262874365	10.40011603638924	0.0	0.0	
3.990651494779083	10.837581275002497	0.0	0.0	
3.5909284341159924	11.677624555383195	0.0	0.0	
3.7093970815775434	13.329831342977492	0.0	0.0	
3.5337930088775473	14.256828620397172	0.0	0.0	
3.7392893758642325	14.516425414963434	0.0	0.0	
3.7825681265678055	16.33553960006516	0.0	0.0	
4.043842362221186	17.265445260158025	0.0	0.0	
3.948327606673488	18.342903254746272	0.0	0.0	
3.536193281033036	19.4723014934438	0.0	0.0	
4.002271227715834	19.856775213228623	0.0	0.0	
4.275553286730093	21.16763941721049	0.0	0.0	
3.5480307872932824	21.91364373035424	0.0	0.0	
3.505734076178806	22.660545240236875	0.0	0.0	
4.2024692826446195	23.837362022110884	0.0	0.0	
3.889690614369445	24.789502991724735	0.0	0.0	
3.8234149774117214	26.236485621286818	0.0	0.0	
3.543731030843176	27.23071646192465	0.0	0.0	
3.735651316084499	27.999569322237637	0.0	0.0	
3.740697603884259	29.170682103358672	0.0	0.0	
3.9990980675437644	30.22627269483505	0.0	0.0	
4.373368177079793	30.97985777411218	0.0	0.0	
4.937987428390985	0.39334317961171605	0.0	0.0	
4.643922806861833	0.8407660075503486	0.0	0.0	
5.0630320712991965	2.045612918568909	0.0	0.0	
5.086687761753819	2.6411004373848828	0.0	0.0	
5.2080847742033	4.0028946752325565	0.0	0.0	
4.540190229295403	4.873707293480015	0.0	0.0	
4.8008630333752045	6.296273950918957	0.0	0.0	
5.418119509325465	7.486737514401202	0.0	0.0	
5.267683325609771	8.181655167569232	0.0	0.0	
4.520938648052367	8.6397347927365	0.0	0.0	
5.383802705859279	9.741512263735576	0.0	0.0	
5.3930877163759945	10.879139937150741	0.0	0.0	
4.79907226385041	12.372319745449243	0.0	0.0	
4.9856679292542205	12.558811095362984	0.0	0.0	
4.914214541482341	13.905235902828915	0.0	0.0	
5.317328182727497	15.054151740398623	0.0	0.0	
5.130211532577437	16.255950176357725	0.0	0.0	
4.989762028658246	16.561195073826962	0.0	0.0	
5.268882698673643	18.07989168287414	0.0	0.0	
4.8120461196630115	19.25500764932859	0.0	0.0	
5.013698663920609	19.77136956062132	0.0	0.0	
4.635374580458212	20.710861393033273	0.0	0.0	
4.8280126685852	21.726702881153212	0.0	0.0	
5.064330930027202	23.323945303322528	0.0	0.0	
5.456428110328022	23.576316844602403	0.0	0.0	
5.33288140623198	24.851399187801565	0.0	0.0	
5.104866911336693	25.751990721402393	0.0	0.0	
4.686065982924781	26.7774794748478	0.0	0.0	
5.395994377909347	28.49259294673638	0.0	0.0	
4.895380161905555	28.746195896325986	0.0	0.0	
5.30654566489363	29.505734980493877	0.0	0.0	
5.19352365547539	30.63951257545692	0.0	0.0	
6.469040033013973	0.2551738357890656	0.0	0.0	
6.323711722736894	1.4155187203611872	0.0	0.0	
5.790870643794161	2.3322171720350746	0.0	0.0	
5.769036909328721	3.2750624351337327	0.0	0.0	
5.977871137398847	4.495752702638644	0.0	0.0	
5.514487726688971	4.834744886070893	0.0	0.0	
5.956156292018515	6.236760317759916	0.0	0.0	
6.428481335566101	6.871998802765734	0.0	0.0	
6.393118827562488	8.381855696396872	0.0	0.0	
5.767120892709868	8.810743303133746	0.0	0.0	
6.006545707298271	9.946108313820524	0.0	0.0	
5.777511109363519	11.029910061151837	0.0	0.0	
5.92753617485375	11.97577595482224	0.0	0.0	
6.330100887626987	12.749111309096618	0.0	0.0	
5.700907371965859	13.536520877600237	0.0	0.0	
5.701359552902941	15.46324111020112	0.0	0.0	
5.594735607256341	16.22576056596504	0.0	0.0	
5.943194308665882	16.66257012671893	0.0	0.0	
5.716381102419996	17.751454073139318	0.0	0.0	
6.249978846057179	18.737913598379684	0.0	0.0	
5.536364762522154	19.679060563489486	0.0	0.0	
6.1080155230267	20.762336213269393	0.0	0.0	
6.03065450963169	22.049847939862957	0.0	0.0	
5.718525690950772	23.12087317100713	0.0	0.0	
5.803062530675869	24.408947058747756	0.0	0.0	
5.681685289224494	25.39820212983745	0.0	0.0	
6.023788663176435	25.963788126290282	0.0	0.0	
5.863599280935306	27.282749834328914	0.0	0.0	
5.945988665183532	27.52366376348304	0.0	0.0	
6.385079799209296	29.448703533459184	0.0	0.0	
5.538317898490378	29.84762140824365	0.0	0.0	
6.075632756077651	31.314086197345613	0.0	0.0	
6.812982478754715	0.07382962056749309	0.0	0.0	
6.781793977488632	0.8339566320199319	0.0	0.0	
7.355897352229139	2.1956706206127796	0.0	0.0	
6.984381233435568	3.384896219289648	0.0	0.0	
7.206890469218067	3.7440232316442725	0.0	0.0	
7.418618847788232	4.62185412733334	0.0	0.0	
6.655880670918593	6.275727240157335	0.0	0.0	
6.886233268479712	6.978128058831931	0.0	0.0	
7.263576948158956	7.79811393123306	0.0	0.0	
6.560256841630852	8.917834512947284	0.0	0.0	
6.7184918232558815	10.46831277251187	0.0	0.0	
6.696947975774508	10.617696101729827	0.0	0.0	
6.5102854551983205	11.792146223290771	0.0	0.0	
7.303388493866705	12.535632230493551	0.0	0.0	
6.899729258665361	14.013684346986443	0.0	0.0	
7.433371580406287	15.242602031302896	0.0	0.0	
6.690801971092213	16.269898130540827	0.0	0.0	
6.691928609902979	16.96357342382237	0.0	0.0	
7.153208603099462	17.984338280605044	0.0	0.0	
7.412831873304386	18.656866236880443	0.0	0.0	
6.980144769274469	19.6609373351713	0.0	0.0	
6.807880896218334	20.54802144893128	0.0	0.0	
6.989842046724812	22.055641711625626	0.0	0.0	
7.109832987054899	22.607919191261463	0.0	0.0	
7.102674478387615	23.864027186929828	0.0	0.0	
6.949670378636039	24.504607941044586	0.0	0.0	
6.862675813556383	26.291888943884214	0.0	0.0	
7.082095483238856	27.07317087226513	0.0	0.0	
6.987044818221056	27.893835663198015	0.0	0.0	
7.393487801891226	28.869737855626102	0.0	0.0	
7.030603210520267	30.12858423155963	0.0	0.0	
6.807389015022261	31.36305162074955	0.0	0.0	
7.914670960479439	0.412159354092856	0.0	0.0	
8.126112440697906	1.4059786429360677	0.0	0.0	
8.021169939319577	2.148886332754719	0.0	0.0	
8.051992904551422	3.407777834538486	0.0	0.0	
8.274160163074347	4.336672830638541	0.0	0.0	
8.1767429690166	5.122590918393963	0.0	0.0	
8.073762492734572	5.514019391546876	0.0	0.0	
7.638243489710464	7.183923788659985	0.0	0.0	
8.44526562347092	7.638476932636127	0.0	0.0	
7.598245300003564	9.020112958175043	0.0	0.0	
7.994919334845148	10.316300219022727	0.0	0.0	
8.331489405839532	10.757295077520341	0.0	0.0	
8.083881185266948	12.460575082198371	0.0	0.0	
8.26532025352852	12.864324041366835	0.0	0.0	
7.594897382137602	14.46543253760412	0.0	0.0	
7.712441937131157	15.065308123131782	0.0	0.0	
8.218749880243355	15.789380685108656	0.0	0.0	
8.407698030782841	16.54091508543244	0.0	0.0	
7.732824383181482	17.873821156900657	0.0	0.0	
8.49249316809314	19.002698232515417	0.0	0.0	
8.021149346862831	20.494219254717972	0.0	0.0	
7.613215427615293	21.20286861755564	0.0	0.0	
8.189797779987082	22.098180835831982	0.0	0.0	
7.5399762662889325	22.63452118353504	0.0	0.0	
7.8894838424180636	23.785467891361293	0.0	0.0	
7.996961464387843	25.22222631984983	0.0	0.0	
8.192880527130365	25.92638015723214	0.0	0.0	
8.177081538928626	26.686771297575053	0.0	0.0	
8.478730732939159	28.07171839052386	0.0	0.0	
7.782200477622935	29.264805694390336	0.0	0.0	
8.455185098462875	30.011697294505613	0.0	0.0	
8.483947324482003	30.737987632763815	0.0	0.0	
9.315077932317905	0.06135636099562969	0.0	0.0	
9.238011760042118	1.1568988590166	0.0	0.0	
8.721147738314215	1.9354036068223217	0.0	0.0	
8.908263679631368	3.0774565937726455	0.0	0.0	
8.726223846485325	3.8879227452329044	0.0	0.0	
8.873418339785234	4.743503265761219	0.0	0.0	
9.449295717831575	6.340355849697254	0.0	0.0	
8.549793452252038	6.579496424340956	0.0	0.0	
9.089997779335965	8.118791783368652	0.0	0.0	
9.130094424156606	9.032816375261593	0.0	0.0	
8.733419398204866	10.259620290532132	0.0	0.0	
9.134399920093665	11.405326286738324	0.0	0.0	
9.077121139312823	12.455154855857275	0.0	0.0	
9.224102213582906	12.958506160660482	0.0	0.0	
8.519682174609057	14.354030562278544	0.0	0.0	
9.034180786482352	14.808338138080613	0.0	0.0	
9.073123584534788	15.714324249633744	0.0	0.0	
8.668176925269652	16.509583511031682	0.0	0.0	
8.725113393263944	17.787024038501162	0.0	0.0	
8.545778088509639	18.814357278181816	0.0	0.0	
8.8577666171783	20.37836407961676	0.0	0.0	
8.979395806740508	20.70729550331053	0.0	0.0	
9.056548521384968	22.03307378930884	0.0	0.0	
8.618200744702948	22.983224375412078	0.0	0.0	
8.837884498064534	23.99880942688719	0.0	0.0	
8.748439154943355	25.026412446561064	0.0	0.0	
8.682459968483752	26.32368821246806	0.0	0.0	
9.220106799484046	26.910838001227127	0.0	0.0	
8.716699598936668	28.088361384886277	0.0	0.0	
9.00603521061469	29.45757983568697	0.0	0.0	
9.277123481884711	30.0363863668844	0.0	0.0	
8.673701365863646	31.45595466776554	0.0	0.0	
10.304487295391306	0.28537607812926424	0.0	0.0	
9.940178397336291	1.175606906433507	0.0	0.0	
9.76111555734027	1.7220170975616065	0.0	0.0	
9.706497117021392	2.63395207632202	0.0	0.0	
10.094094074919507	4.080402524067231	0.0	0.0	
9.717503985288182	4.925854617524611	0.0	0.0	
10.158138687740383	6.002298119803602	0.0	0.0	
10.456822571824988	6.746215203148229	0.0	0.0	
10.123188120764155	8.065252384448797	0.0	0.0	
9.834649119807114	9.302619466120618	0.0	0.0	
9.89608778572815	10.006205585794078	0.0	0.0	
10.099675931893321	10.839474908222696	0.0	0.0	
10.37172068906685	11.665841397547105	0.0	0.0	
10.198466843099418	13.004359774198203	0.0	0.0	
10.29662985419073	14.136074522853358	0.0	0.0	
10.397946981145815	15.484418696925264	0.0	0.0	
9.868700753291613	15.561607400583421	0.0	0.0	
10.023640962707303	17.249460166221276	0.0	0.0	
10.411010907121517	17.96674855781189	0.0	0.0	
9.957739230293688	19.397448909049967	0.0	0.0	
10.46319861521099	19.91712699891626	0.0	0.0	
10.328023701672983	20.72609766809103	0.0	0.0	
9.742849734552864	21.636919174443374	0.0	0.0	
10.012079109282695	23.237596280922187	0.0	0.0	
9.675158835611436	24.057211466528024	0.0	0.0	
9.658679711929219	25.05679747838305	0.0	0.0	
9.738985085981655	26.371594586990273	0.0	0.0	
9.607486645135843	26.606393680942347	0.0	0.0	
10.4220984109498	28.01711944781787	0.0	0.0	
10.10610859790917	29.350215580787005	0.0	0.0	
10.432362190092949	30.00465543499758	0.0	0.0	
9.669889550859956	30.572037711448978	0.0	0.0	
10.846038255459066	0.34533275963508436	0.0	0.0	
10.570979881144574	0.745026731483878	0.0	0.0	
10.711200881437302	1.735729647526205	0.0	0.0	
11.380995556300649	3.1892258845223926	0.0	0.0	
10.54048710898193	3.755141611107015	0.0	0.0	
11.197948007237908	5.121914872457153	0.0	0.0	
10.717733319125024	5.8754512668441965	0.0	0.0	
11.311301962848608	7.486450134772759	0.0	0.0	
10.612813194943273	7.70650723915828	0.0	0.0	
10.698689975467152	9.100234381778925	0.0	0.0	
10.844595887309394	9.856308990891447	0.0	0.0	
10.767750936317531	10.949963704597257	0.0	0.0	
10.765884086595713	12.430293687586396	0.0	0.0	
11.164099845730732	12.89687604335912	0.0	0.0	
11.056325560650565	13.506302903715252	0.0	0.0	
11.042034989146213	15.329834583011515	0.0	0.0	
11.379005728620209	16.290465452289745	0.0	0.0	
10.662437657152562	16.93567442020652	0.0	0.0	
11.306000576184775	18.0732159529595	0.0	0.0	
10.625724894181655	18.880446253288117	0.0	0.0	
11.475354391357394	19.736431176632678	0.0	0.0	
11.273376751226085	20.55948191166058	0.0	0.0	
11.490623968612066	21.912501669420305	0.0	0.0	
10.963470012145507	22.870915987892808	0.0	0.0	
10.89978105341717	24.04159646657396	0.0	0.0	
11.023513832764422	25.125135028129932	0.0	0.0	
10.64307254141602	26.354491314914554	0.0	0.0	
10.643390565482685	27.355961790717306	0.0	0.0	
10.80708809875069	27.982216006047484	0.0	0.0	
11.054466006433808	28.500461040679568	0.0	0.0	
10.907324315884852	30.309459304634892	0.0	0.0	
11.339000327050197	31.298768306149856	0.0	0.0	
12.306108170409559	0.169859182796112	0.0	0.0	
11.648007550028607	1.3844340180279149	0.0	0.0	
12.250354271564753	1.617222312772453	0.0	0.0	
11.50119752463999	2.9164822029181225	0.0	0.0	
11.557542929694764	3.6488078118563934	0.0	0.0	
11.922004465545633	4.712174615377926	0.0	0.0	
11.641333622010684	6.0604987029671005	0.0	0.0	
11.775770305899508	6.733664539872783	0.0	0.0	
12.334667385228952	7.665330236962412	0.0	0.0	
11.929098395483198	9.16433431113529	0.0	0.0	
11.519956401433511	10.16978890443351	0.0	0.0	
11.728559694812224	11.346414464510422	0.0	0.0	
11.537284344249644	12.006971446023675	0.0	0.0	
11.523720629290468	13.16445178537923	0.0	0.0	
11.5718658589161	14.447133541792875	0.0	0.0	
11.969080686742673	14.991773264420072	0.0	0.0	
11.595991167379978	15.70750636024022	0.0	0.0	
12.298634155095378	17.456141481366124	0.0	0.0	
12.333974244750381	18.19227745138052	0.0	0.0	
12.413511462512133	19.19665941743359	0.0	0.0	
11.967662748638826	19.609444255533607	0.0	0.0	
12.398744580455384	20.692627434816842	0.0	0.0	
12.174008705294618	21.634756073495574	0.0	0.0	
12.443151207908405	23.483309620404597	0.0	0.0	
11.951090290704558	23.636703770652275	0.0	0.0	
11.62640287327078	24.70196969544919	0.0	0.0	
11.577322574150438	26.26855043404327	0.0	0.0	
11.776104846206113	27.434156714620844	0.0	0.0	
11.952221132825308	27.668009335667712	0.0	0.0	
11.875160032454566	28.93746398171647	0.0	0.0	
12.045061575765656	29.715354963075313	0.0	0.0	
12.279863356438526	31.47757498330639	0.0	0.0	
12.606437480195535	0.054234217619126834	0.0	0.0	
13.357505089924555	0.9610782666939011	0.0	0.0	
12.966210861732678	1.5787164234250795	0.0	0.0	
13.419777468454752	3.231484493422202	0.0	0.0	
12.799770506519186	4.225577282350231	0.0	0.0	
12.527630117842662	5.250477845120426	0.0	0.0	
12.963048113245156	5.980887568317657	0.0	0.0	
13.241539520150047	7.341310492929565	0.0	0.0	
12.644075362920693	7.675260220764924	0.0	0.0	
13.027882089161489	8.605313476321193	0.0	0.0	
12.574185603124944	10.359966248345467	0.0	0.0	
12.964510397052923	10.916880816250194	0.0	0.0	
12.789506783465466	12.336404113405376	0.0	0.0	
12.801418611824504	12.636995131373988	0.0	0.0	
13.024056232518914	13.617289353429577	0.0	0.0	
13.065086547783164	15.130612845396746	0.0	0.0	
12.502265989505403	15.62202874455045	0.0	0.0	
13.244787657206114	17.43733632648858	0.0	0.0	
12.761704128877414	18.395908032664543	0.0	0.0	
13.350127657552873	18.602307547567392	0.0	0.0	
12.632161402308656	20.263997816551655	0.0	0.0	
13.294415652302668	20.626102216984705	0.0	0.0	
12.747908231414213	21.753401418082397	0.0	0.0	
12.700199881238174	22.74131441623588	0.0	0.0	
12.859843674219285	23.908525150540285	0.0	0.0	
13.070046101233618	25.310845549374136	0.0	0.0	
12.980750000667502	26.2692786714259	0.0	0.0	
13.276076811342044	27.468898950829136	0.0	0.0	
12.679127635602	27.826581855543562	0.0	0.0	
13.352689841550182	29.38213041101934	0.0	0.0	
12.609360070062301	30.297120301385146	0.0	0.0	
13.072872794855364	31.040069964933522	0.0	0.0	
13.70251467134354	0.059964341367104046	0.0	0.0	
13.600911071578627	0.5037088604208743	0.0	0.0	
14.214861067120527	2.119260495694135	0.0	0.0	
13.801235624693279	3.4954809697733875	0.0	0.0	
14.432487697279505	4.247136423947805	0.0	0.0	
14.272218480815358	5.349797582674519	0.0	0.0	
14.178822669570067	6.241651281530627	0.0	0.0	
14.114764422667395	7.388562147917984	0.0	0.0	
14.319410741160901	7.741752549243635	0.0	0.0	
14.123417627837375	8.727704813580539	0.0	0.0	
14.162689290264789	9.788998186371089	0.0	0.0	
14.100977308591085	11.44866840010196	0.0	0.0	
14.070608192499797	12.112307891993474	0.0	0.0	
14.342104585481291	13.458428947642403	0.0	0.0	
14.297925225544754	13.513175428395487	0.0	0.0	
13.959988381222034	15.23679822855324	0.0	0.0	
13.752772763674393	16.313806960687472	0.0	0.0	
14.248284562853506	16.558486829025178	0.0	0.0	
13.96437472360382	18.258952397548065	0.0	0.0	
13.653084433203563	18.51528765132	0.0	0.0	
14.325535918656414	20.33587209473253	0.0	0.0	
13.595482744571658	21.017373764844848	0.0	0.0	
13.578344640436669	21.98817891453096	0.0	0.0	
13.993652843119028	23.022114341843242	0.0	0.0	
14.31517689591473	24.341144484274942	0.0	0.0	
13.857956849126648	24.878729995443432	0.0	0.0	
14.3402682159184	26.39886675073782	0.0	0.0	
13.695003620169995	27.259716933743086	0.0	0.0	
13.82963110316774	27.923281578092798	0.0	0.0	
13.918114593613817	28.968764329555494	0.0	0.0	
14.249643210860249	30.029409008621343	0.0	0.0	
14.34044193091712	31.390460325916035	0.0	0.0	
15.189537514454175	0.3181700800903148	0.0	0.0	
15.171805115396522	0.8920336812168761	0.0	0.0	
14.819129466363327	1.8215922817753798	0.0	0.0	
15.005096367931573	2.6688577017612722	0.0	0.0	
14.99761191860957	3.8259372722757696	0.0	0.0	
14.622820309158774	4.78277274993361	0.0	0.0	
14.620585828029517	5.887016034008476	0.0	0.0	
15.349089091654117	7.353270744900633	0.0	0.0	
14.797718954665415	7.50288748379915	0.0	0.0	
14.597577413941123	8.57754270100213	0.0	0.0	
14.627823062929203	10.144182126028864	0.0	0.0	
14.973105115864005	11.362688166146288	0.0	0.0	
14.839085089752361	12.409602029032476	0.0	0.0	
15.321000716602866	12.676145813267125	0.0	0.0	
14.965126210486195	14.188549773353321	0.0	0.0	
14.992686516542816	14.67672954020729	0.0	0.0	
14.862288125837146	16.437374303702196	0.0	0.0	
15.252456717071642	17.346651139257858	0.0	0.0	
14.595024683309816	18.32114727667567	0.0	0.0	
15.328246748965451	19.2216229652742	0.0	0.0	
15.067902916873376	19.892060906116686	0.0	0.0	
14.559699140729998	20.83807489773614	0.0	0.0	
14.535289485034987	21.995862471475704	0.0	0.0	
14.575886762481762	23.370667736827404	0.0	0.0	
15.359657865242802	24.352717339392594	0.0	0.0	
14.951503164040199	25.010888742416686	0.0	0.0	
14.626026594209405	26.134341495134517	0.0	0.0	
15.461544924117604	27.153973556415405	0.0	0.0	
14.604191703405132	27.64977193920928	0.0	0.0	
14.914783560674776	29.13107598271701	0.0	0.0	
14.630307508686	29.697268239479033	0.0	0.0	
14.88447153788958	30.993675326458227	0.0	0.0	
15.723418811454627	0.36499041382507447	0.0	0.0	
16.06474348847202	1.416820463196622	0.0	0.0	
15.507376942120393	2.212919298044878	0.0	0.0	
15.981851451976743	3.0985451537238524	0.0	0.0	
16.4542788174554	4.375113630972563	0.0	0.0	
15.824887981173573	5.180471609751651	0.0	0.0	
16.471193955163947	6.108243141761994	0.0	0.0	
15.823385337398102	6.668160135364044	0.0	0.0	
16.07193622162599	8.18631126185059	0.0	0.0	
16.152766578610983	9.377970030685042	0.0	0.0	
15.675854404586406	9.801233259323233	0.0	0.0	
16.361664843286913	10.787844338946234	0.0	0.0	
16.34051182133867	11.687518751401523	0.0	0.0	
15.976136509791612	13.314491610358981	0.0	0.0	
15.906929347707662	14.49183462031262	0.0	0.0	
16.307918079809724	15.199101738561037	0.0	0.0	
15.873594606758571	15.854134422841407	0.0	0.0	
16.288925038534707	16.884902846301394	0.0	0.0	
16.327743277794205	17.929426553942754	0.0	0.0	
15.511374444132938	18.84951856382381	0.0	0.0	
15.616026675413623	20.18374482901497	0.0	0.0	
15.710509470006075	21.210639904121166	0.0	0.0	
15.942473741154386	22.016590384344184	0.0	0.0	
15.68989731119916	23.22651298366228	0.0	0.0	
16.37188849108614	24.483298552340692	0.0	0.0	
15.666986638727572	24.813187263290228	0.0	0.0	
15.83395431331084	26.107014807508083	0.0	0.0	
16.24715885880804	26.742533479356574	0.0	0.0	
16.103392659767536	27.74089613690184	0.0	0.0	
15.836983332973027	28.56930864556684	0.0	0.0	
16.468929923336038	30.174711897683665	0.0	0.0	
16.16589403540701	30.68238157479696	0.0	0.0	
17.16801172277857	0.46105050668609926	0.0	0.0	
16.82030822840767	0.627522329888348	0.0	0.0	
17.185122082738374	1.5221490574557035	0.0	0.0	
16.594207226144285	2.933744330183708	0.0	0.0	
17.01548967645372	4.497734457493798	0.0	0.0	
17.3661914911591	5.266240429480201	0.0	0.0	
17.3811720568568	5.871736895718381	0.0	0.0	
17.486977671240844	6.710768703305317	0.0	0.0	
17.301300709781792	8.346759143522918	0.0	0.0	
17.21583638727048	9.48997800620581	0.0	0.0	
16.91024609259848	9.975180017374862	0.0	0.0	
16.946154189832594	10.575173812499502	0.0	0.0	
16.798032759795888	12.327212026842775	0.0	0.0	
17.40522132570489	13.28827607622787	0.0	0.0	
16.83049204752277	14.286231529530953	0.0	0.0	
16.838808012755223	15.289308190151992	0.0	0.0	
17.167936375734076	15.892838391886206	0.0	0.0	
16.733456605294272	17.188438265165324	0.0	0.0	
17.480385763556036	17.56605251374605	0.0	0.0	
17.26269380175476	18.600646251292115	0.0	0.0	
16.79090340517332	20.35601141640476	0.0	0.0	
16.776969603705627	21.431960796838943	0.0	0.0	
17.170757027620468	22.38063915100442	0.0	0.0	
17.356524146809203	23.20381522515442	0.0	0.0	
16.605665935917727	23.807513847635057	0.0	0.0	
17.289364328569473	25.49407487517225	0.0	0.0	
17.41746541390139	26.005902974419314	0.0	0.0	
17.11944044763799	26.50522874770174	0.0	0.0	
17.044824769000986	27.676374111868455	0.0	0.0	
17.375289889526215	28.571217978769194	0.0	0.0	
17.4102720404	29.598452822494682	0.0	0.0	
16.757436095368707	31.095060759486973	0.0	0.0	
17.86651115268275	0.16934764156011461	0.0	0.0	
18.47488510017176	1.3884215316416852	0.0	0.0	
17.805268222895965	2.334316311948708	0.0	0.0	
18.182480072752853	3.0181004875987636	0.0	0.0	
18.429788836673502	3.798462562559312	0.0	0.0	
17.73922686247884	5.245206101651961	0.0	0.0	
17.744078349810028	6.309151801519128	0.0	0.0	
18.413213516783202	6.908859281058914	0.0	0.0	
18.06743011555128	7.524028326480913	0.0	0.0	
17.9448499583572	9.072623296868729	0.0	0.0	
17.625453725703863	10.141158148997947	0.0	0.0	
17.956890549459974	10.646277000186512	0.0	0.0	
18.379080257065446	11.709204733662883	0.0	0.0	
17.71196253913606	12.521966558046568	0.0	0.0	
18.39796510587573	13.928396417393573	0.0	0.0	
18.40756511917661	15.442905784552554	0.0	0.0	
17.83906845508666	16.00279634488749	0.0	0.0	
17.554537877055765	16.877366989673735	0.0	0.0	
18.362686730658456	17.95398854841485	0.0	0.0	
17.925058182908824	18.74260566083553	0.0	0.0	
17.65325625704884	19.829830550188902	0.0	0.0	
18.330584397147952	21.180019680267115	0.0	0.0	
17.682168900167557	21.91184305430546	0.0	0.0	
17.654485878831665	23.224050553256426	0.0	0.0	
18.427035234728923	24.07057830796287	0.0	0.0	
18.252584398031075	24.892914741382516	0.0	0.0	
18.36271941684132	25.88280486523163	0.0	0.0	
18.476747928004045	26.900420865185737	0.0	0.0	
17.54550958957493	28.368921047816865	0.0	0.0	
18.32511111433325	29.327925775743857	0.0	0.0	
18.090366884984004	30.329591602878136	0.0	0.0	
17.92078914448472	30.95701749042344	0.0	0.0	
18.697852123758597	0.04482088794243988	0.0	0.0	
19.24113347801123	1.2476633476132928	0.0	0.0	
18.631906742638837	2.340171967889252	0.0	0.0	
19.037765398783847	2.8852627012560768	0.0	0.0	
19.10672283900742	3.9312970105715177	0.0	0.0	
19.37267972904526	5.4354918849992115	0.0	0.0	
19.453861812031807	5.6671139428654085	0.0	0.0	
18.64899511306582	7.3410694432497525	0.0	0.0	
19.374741397470967	8.21558944385269	0.0	0.0	
19.060612337854423	9.487057480507636	0.0	0.0	
18.53102289161218	10.139119950085949	0.0	0.0	
19.432914584251808	11.11767375279334	0.0	0.0	
18.780575776308943	12.206873300733458	0.0	0.0	
19.033364431183212	13.199952223618968	0.0	0.0	
18.643021652443995	14.462286998773079	0.0	0.0	
19.467240372425795	15.402654497551085	0.0	0.0	
18.65123829477105	15.86296923713169	0.0	0.0	
19.003677607620098	16.659744884000304	0.0	0.0	
19.433987455559315	17.83107941421094	0.0	0.0	
18.973151029548667	18.96279645165907	0.0	0.0	
19.413064115949688	19.992629476366734	0.0	0.0	
18.90084983438043	20.99694957782221	0.0	0.0	
19.005554671360706	22.094345694339935	0.0	0.0	
18.537311621078064	23.35650275703341	0.0	0.0	
18.53835639080813	24.4545550558233	0.0	0.0	
18.79337925476923	25.43239028197401	0.0	0.0	
19.07055763032406	25.88490564484398	0.0	0.0	
18.69091370098782	26.81923902049022	0.0	0.0	
19.383822718866103	28.449063973004826	0.0	0.0	
19.265902152837945	28.671437533705944	0.0	0.0	
18.553113238077383	30.404414326426487	0.0	0.0	
19.16413106836566	30.519012971241345	0.0	0.0	
19.769785664932982	0.3641170476426202	0.0	0.0	
19.631286059740866	0.5011311237489805	0.0	0.0	
20.27429974207931	2.3261817666532356	0.0	0.0	
20.01733360951726	3.0127091499723107	0.0	0.0	
19.60149559517145	4.392845151831532	0.0	0.0	
19.987723612722636	5.129056973477525	0.0	0.0	
20.114991240330323	6.197581046153979	0.0	0.0	
20.255822049591504	7.303663013931006	0.0	0.0	
20.00671628029794	8.33196611580732	0.0	0.0	
19.915066591895858	8.796087640658584	0.0	0.0	
20.18176459532921	10.128377071431059	0.0	0.0	
20.208277028507663	10.797337541405282	0.0	0.0	
19.51336395835693	11.902205377192395	0.0	0.0	
20.20244029617535	12.964330567092057	0.0	0.0	
20.459967084491506	13.565467172300245	0.0	0.0	
20.067123417586846	14.752996932542255	0.0	0.0	
19.951855617118643	15.940809707786467	0.0	0.0	
20.22291492681878	17.05955149547916	0.0	0.0	
20.233882925235815	18.22168895333509	0.0	0.0	
20.125573318069204	18.915782096209394	0.0	0.0	
19.74655889025032	20.187266062136523	0.0	0.0	
20.360035562450044	20.79731506549517	0.0	0.0	
20.32507465077468	22.38664793684506	0.0	0.0	
19.86451918238885	22.638063434922756	0.0	0.0	
19.608794356861054	23.963261151048723	0.0	0.0	
20.437700259065917	25.17606439463776	0.0	0.0	
20.032700551736816	26.13808658436426	0.0	0.0	
19.903825383859573	27.48065738422662	0.0	0.0	
20.437120490656714	27.782670494520517	0.0	0.0	
19.98250075559438	29.278494903584683	0.0	0.0	
19.786181425965008	30.14501194636675	0.0	0.0	
20.042805998652206	31.070267290927248	0.0	0.0	
21.1959199643636	0.2671155126693363	0.0	0.0	
20.958133752262782	0.8499993062274958	0.0	0.0	
21.459742086903468	1.6268323101340783	0.0	0.0	
20.950430206647756	3.4978099260473368	0.0	0.0	
20.597383756450252	4.462549842287323	0.0	0.0	
20.863212803708368	4.528056923625734	0.0	0.0	
21.220780358315647	6.128951676396132	0.0	0.0	
21.24590624106948	6.66614431931524	0.0	0.0	
21.362047958230153	8.05709882152646	0.0	0.0	
20.998741578577967	9.349823313057769	0.0	0.0	
20.589103251568137	10.295543612417474	0.0	0.0	
21.30031706355446	11.343992349498953	0.0	0.0	
21.04950561363738	11.713513303587355	0.0	0.0	
20.570104612190523	13.222707140633043	0.0	0.0	
21.45185150636723	13.698272584522796	0.0	0.0	
20.77290375811165	15.07138516302346	0.0	0.0	
21.329133799660628	15.944089155177846	0.0	0.0	
20.809264733475132	16.86336064694214	0.0	0.0	
21.240127383533807	18.051823593292788	0.0	0.0	
20.999799917075066	19.398684390902226	0.0	0.0	
21.400630741381416	20.02304906247959	0.0	0.0	
21.206168641008443	20.85038469472966	0.0	0.0	
21.411298384026505	22.129541778466084	0.0	0.0	
21.28321506387686	23.17276874982297	0.0	0.0	
21.2368965964624	23.91837338030673	0.0	0.0	
21.096118668772966	25.271038104402937	0.0	0.0	
20.52833167453867	25.674154537561726	0.0	0.0	
20.89310668841301	27.466198758856926	0.0	0.0	
21.143023834367643	28.255117808727782	0.0	0.0	
20.916838013181366	29.194308162654877	0.0	0.0	
20.53252049185595	30.482810000580205	0.0	0.0	
21.388400203752113	31.457175267935842	0.0	0.0	
22.208630725877626	0.34580944336671016	0.0	0.0	
22.146784637683183	0.9705747775645555	0.0	0.0	
22.404408295193672	1.7292254031421508	0.0	0.0	
21.91080668491697	2.6298888450430122	0.0	0.0	
22.281342585292528	3.863226191726029	0.0	0.0	
22.25320661088719	5.237363247003002	0.0	0.0	
22.29123264284541	5.633631732663659	0.0	0.0	
21.67636570020462	7.115423082115072	0.0	0.0	
21.90538030656686	8.07628313639141	0.0	0.0	
21.890607965334606	9.390242563884266	0.0	0.0	
22.489614876911357	10.232488736684878	0.0	0.0	
22.074454490091146	11.07127467563074	0.0	0.0	
22.248716939760328	12.118444511851509	0.0	0.0	
22.017526271220888	13.283623847277529	0.0	0.0	
22.032743304307235	13.862272006075727	0.0	0.0	
21.694047485096103	15.321725874067873	0.0	0.0	
21.758112182332205	16.48896152788712	0.0	0.0	
21.534566633888886	16.879626272011695	0.0	0.0	
21.856768549494205	18.473092162798213	0.0	0.0	
22.499308404433506	19.47856459905373	0.0	0.0	
22.21631232162832	20.388796828661217	0.0	0.0	
21.950015661983375	21.242106967897705	0.0	0.0	
21.726441968207414	21.997135707723224	0.0	0.0	
21.59716818638711	23.32954585848205	0.0	0.0	
21.743034477089275	23.549794257544953	0.0	0.0	
22.184444884537193	25.24697317419823	0.0	0.0	
22.033267370621648	26.200918764105957	0.0	0.0	
22.343440249841954	27.320233553899826	0.0	0.0	
21.67911879155462	27.99501033968769	0.0	0.0	
21.747537745220576	29.158629239142545	0.0	0.0	
21.657689690668693	29.93549102649713	0.0	0.0	
21.694670915761783	31.289901282591774	0.0	0.0	
22.693021843917542	0.299930925658096	0.0	0.0	
22.665174012073297	0.975729744935344	0.0	0.0	
23.321542150507867	2.3247730719633264	0.0	0.0	
23.148117085603428	2.805067417013189	0.0	0.0	
22.684328581578022	4.268026511316647	0.0	0.0	
23.149458500999398	4.5761768407273	0.0	0.0	
23.47444516812871	5.701545661217331	0.0	0.0	
22.57450744031913	7.084140276335463	0.0	0.0	
22.95255930433806	8.374845838482058	0.0	0.0	
22.970590656149636	9.220047342690794	0.0	0.0	
22.983734344978817	10.090071552400085	0.0	0.0	
22.66601160759234	11.352418425894037	0.0	0.0	
23.157975994784156	12.235088032474266	0.0	0.0	
23.29290173673299	13.196759820588543	0.0	0.0	
22.71137628890536	14.379992701453391	0.0	0.0	
22.899646432282573	15.412376842491405	0.0	0.0	
23.473661445705133	16.332025472534948	0.0	0.0	
22.873686045032564	17.346070597673233	0.0	0.0	
22.9807724927307	18.198126594995976	0.0	0.0	
22.61154303578327	19.19884568746281	0.0	0.0	
23.427089760323625	20.37553025015984	0.0	0.0	
23.482440855260997	20.580106569194196	0.0	0.0	
23.291254652843584	21.973565427471314	0.0	0.0	
22.63624684168606	23.46994196632291	0.0	0.0	
23.12265808468462	23.811037607689432	0.0	0.0	
22.946524315576095	24.61073810696016	0.0	0.0	
23.26689241188926	25.791529886950258	0.0	0.0	
22.78838417614485	26.53408186677257	0.0	0.0	
22.959697158590014	27.8614693219173	0.0	0.0	
23.15762172368761	29.45157093718388	0.0	0.0	
22.568866911843593	29.5790451344797	0.0	0.0	
23.08791490234882	31.017781502988246	0.0	0.0	
24.247581625622164	0.014721980527880651	0.0	0.0	
24.326595024738058	1.387481021428794	0.0	0.0	
23.894002210397943	1.9556156639823659	0.0	0.0	
23.649899729269833	2.985338369808361	0.0	0.0	
24.059654891362037	4.162469545940843	0.0	0.0	
23.577630047209464	4.633389068106327	0.0	0.0	
24.11325413392155	5.741949004344095	0.0	0.0	
24.124066798142987	6.7067964866668355	0.0	0.0	
24.098651600835662	8.2975258157453	0.0	0.0	
24.30293576213854	9.17300584088687	0.0	0.0	
24.091744122687537	9.77177619742747	0.0	0.0	
23.592022760005268	10.625544495216264	0.0	0.0	
24.39577191177863	11.588949492777761	0.0	0.0	
23.730984558063987	12.551015335809804	0.0	0.0	
24.19852705113091	13.834201803691908	0.0	0.0	
24.300558417698856	14.74663026576809	0.0	0.0	
23.916704674371015	16.205251550544187	0.0	0.0	
24.47794025971428	16.972900705192778	0.0	0.0	
24.37916453539778	18.20260707070961	0.0	0.0	
23.56500573419679	18.840122210353343	0.0	0.0	
24.00445043734106	19.596885740109848	0.0	0.0	
24.171398366797273	21.279987271950787	0.0	0.0	
23.567424888801042	22.178161584598374	0.0	0.0	
24.13947456520789	22.587465036011178	0.0	0.0	
24.230135433492848	24.477171815563917	0.0	0.0	
24.083584431045562	25.401663021147893	0.0	0.0	
24.134867419328558	25.680393105042217	0.0	0.0	
23.889780797448093	27.17141746408319	0.0	0.0	
23.92593588009595	28.334912961151392	0.0	0.0	
24.191398685628094	29.02419846115967	0.0	0.0	
24.28071813548437	29.923351775384273	0.0	0.0	
23.76204462282865	30.986144190338262	0.0	0.0	
24.84897918946713	0.23799634854095808	0.0	0.0	
25.135747946789905	1.0222795654328916	0.0	0.0	
25.241782579847392	1.993631984731065	0.0	0.0	
25.403580278066176	3.1840054723067572	0.0	0.0	
25.39509489854797	3.8833382245788353	0.0	0.0	
25.168220913180072	4.888003789972158	0.0	0.0	
25.059757058138324	6.365800034451176	0.0	0.0	
24.721718169452895	7.426456242755622	0.0	0.0	
24.990313798673952	7.743712747698809	0.0	0.0	
25.360314094540524	8.890050581208474	0.0	0.0	
25.16824867185275	9.603426360024349	0.0	0.0	
24.90025699234815	10.824291121216003	0.0	0.0	
24.638183566046617	11.974581495497203	0.0	0.0	
24.53517137885148	12.524199610619148	0.0	0.0	
24.56835004705067	13.991962138535714	0.0	0.0	
25.07985662292847	14.995416999714262	0.0	0.0	
24.919868103175485	15.935290274916014	0.0	0.0	
24.764175329425203	16.891009245071235	0.0	0.0	
24.932462642345005	18.13785974680453	0.0	0.0	
25.450664595589686	19.414395543550125	0.0	0.0	
24.742524501876026	19.95655678047611	0.0	0.0	
25.010250448414066	20.813718098788556	0.0	0.0	
24.67156833688923	21.925176901794117	0.0	0.0	
25.004981221926936	23.18738220569443	0.0	0.0	
24.746696116711927	24.315242072743523	0.0	0.0	
25.142611050971524	24.78786634416231	0.0	0.0	
24.59264005889129	26.179044968688718	0.0	0.0	
25.321039239955102	27.168973248676288	0.0	0.0	
24.529050668592568	28.277916740708285	0.0	0.0	
25.15906701457595	29.155303871584138	0.0	0.0	
25.497934263239546	30.49044960975928	0.0	0.0	
24.574589161828477	30.9599024392993	0.0	0.0	
25.779641933774066	0.4166804331301822	0.0	0.0	
26.29485721431832	0.8489773934975299	0.0	0.0	
26.009250498419817	1.9130331375641625	0.0	0.0	
25.573817474771285	3.4000191671201527	0.0	0.0	
25.848368940482544	3.551354065619938	0.0	0.0	
25.66329165989169	4.6182349568609	0.0	0.0	
26.224678347455377	5.824559224175472	0.0	0.0	
25.91958299782235	7.010304126531899	0.0	0.0	
25.846849690076628	8.348840405207728	0.0	0.0	
26.22736223784561	8.534964308944057	0.0	0.0	
26.194756299347496	10.10034730047865	0.0	0.0	
25.610208173515634	10.544444714815842	0.0	0.0	
26.0081421283981	11.940749230669967	0.0	0.0	
25.894602361529184	13.444132695122105	0.0	0.0	
25.929643807436488	13.733893128189074	0.0	0.0	
26.468845600908075	14.530782040753474	0.0	0.0	
25.789616579254954	16.279856635235614	0.0	0.0	
25.981690503495198	17.262403196423953	0.0	0.0	
25.885023422108198	18.239568571972903	0.0	0.0	
25.70416348032983	18.814873612771866	0.0	0.0	
26.44171983805669	19.81461499751449	0.0	0.0	
25.778555193545238	21.213346740135364	0.0	0.0	
25.55259275917207	22.044123255490433	0.0	0.0	
26.30339923848253	22.863520036944248	0.0	0.0	
26.080132300185642	24.341249775470605	0.0	0.0	
25.557305710891402	24.640334546839497	0.0	0.0	
26.282650910220926	26.396548833500635	0.0	0.0	
25.95728412825204	26.80801773838846	0.0	0.0	
26.020824680943647	27.95136310407349	0.0	0.0	
26.444385972931908	28.618787869254543	0.0	0.0	
26.448713737287523	29.86145541416493	0.0	0.0	
25.62090306963565	30.732132039856193	0.0	0.0	
27.145236377818765	0.02811845550636083	0.0	0.0	
27.46943360375673	0.5999214335791173	0.0	0.0	
27.348916401259267	1.8616287794525688	0.0	0.0	
27.073432666288443	3.095069284429434	0.0	0.0	
27.392931696442822	3.72256284581087	0.0	0.0	
26.871844342500477	4.501090686443028	0.0	0.0	
27.00409730399343	6.069097837004925	0.0	0.0	
26.564996234853158	7.319001252598882	0.0	0.0	
27.41473279790312	7.563933281821083	0.0	0.0	
26.650402016302014	8.743554822218181	0.0	0.0	
26.586746765628252	9.584203559272996	0.0	0.0	
27.16970107689694	11.1705236420814	0.0	0.0	
27.10607347571787	11.682416783762728	0.0	0.0	
26.682796006958824	12.713295733791496	0.0	0.0	
27.066544448941972	14.343467672406394	0.0	0.0	
26.664525274463845	14.686416103677297	0.0	0.0	
27.461711001088517	15.863575858317292	0.0	0.0	
27.187064260742016	16.52950108148896	0.0	0.0	
26.534543736429935	18.081857656906212	0.0	0.0	
26.74675968652264	18.861425567309254	0.0	0.0	
27.088850818750494	20.061863006808597	0.0	0.0	
26.613599820707563	20.714456136668108	0.0	0.0	
27.092507610707578	22.423864883795726	0.0	0.0	
26.551730948331716	22.529815466183706	0.0	0.0	
27.32223839471404	24.06990925222541	0.0	0.0	
27.37146401260886	25.394526926047448	0.0	0.0	
26.65278824935599	25.789456202584322	0.0	0.0	
26.562891853977018	27.498361675561437	0.0	0.0	
27.0978641514874	28.299553581347016	0.0	0.0	
27.135065763233655	29.148470623817637	0.0	0.0	
27.378172623300408	30.474609206139508	0.0	0.0	
26.609783406527438	31.263521362287253	0.0	0.0	
28.241171403055173	0.12327609001495221	0.0	0.0	
27.573133528537507	0.790939448404111	0.0	0.0	
27.914578143165507	1.7979437236607936	0.0	0.0	
28.36481681124409	3.2868944046151043	0.0	0.0	
27.819831815175885	4.153595367346198	0.0	0.0	
28.260088552249847	4.529099167446126	0.0	0.0	
28.034434110598813	6.352342522607617	0.0	0.0	
28.46611717554495	6.96631278393448	0.0	0.0	
27.550640114137497	7.6793095065717045	0.0	0.0	
28.34079204664218	8.87262058788399	0.0	0.0	
28.22545801380797	9.88414166378583	0.0	0.0	
28.458719835752028	11.168977093202418	0.0	0.0	
28.17686698876916	11.563570213769546	0.0	0.0	
27.732877698481385	12.589366922305198	0.0	0.0	
27.540906093865125	13.903930326234715	0.0	0.0	
27.665878269759695	14.970586482333417	0.0	0.0	
27.772305011420123	15.78677881126114	0.0	0.0	
27.538196546686322	17.354347275431618	0.0	0.0	
27.65014193933978	18.02878913312923	0.0	0.0	
27.710598623404696	19.304245447905505	0.0	0.0	
27.809914463904246	19.96236326533771	0.0	0.0	
28.493488906079598	20.707158804669	0.0	0.0	
27.674238390270183	22.022394793259497	0.0	0.0	
27.632392659611284	22.88446452035547	0.0	0.0	
27.682386066956397	23.608866322824902	0.0	0.0	
28.0734447798375	25.005884248302536	0.0	0.0	
28.202925656383883	26.006946347692793	0.0	0.0	
28.187699946627195	26.67029939875509	0.0	0.0	
28.122800083593607	27.932769909596377	0.0	0.0	
27.953521086965438	28.584109079391723	0.0	0.0	
27.881337872557147	30.49099705469383	0.0	0.0	
27.639430434066607	31.298882954372516	0.0	0.0	
28.91327414421246	0.2277602212393557	0.0	0.0	
29.491836196803828	0.7934069801625961	0.0	0.0	
29.213604585276606	1.9403604658972045	0.0	0.0	
29.311060818539115	2.964483729347908	0.0	0.0	
28.7049065663519	3.689310049741085	0.0	0.0	
29.18277360712269	5.370836581237799	0.0	0.0	
29.201446786499098	6.3500366581327725	0.0	0.0	
28.98838921390017	7.271163924490824	0.0	0.0	
29.450228022276153	8.37011284286872	0.0	0.0	
28.8899493817895	9.374895357979826	0.0	0.0	
28.953426162056957	10.191791492686928	0.0	0.0	
28.926303320710733	10.587950893570925	0.0	0.0	
28.66226554996549	11.519829623913353	0.0	0.0	
28.705660193569514	12.963528758631696	0.0	0.0	
29.271614534746796	13.692481774399988	0.0	0.0	
29.23658407997797	14.599392205338253	0.0	0.0	
28.936883745579717	16.330903800083913	0.0	0.0	
29.20664771891919	17.118788347615062	0.0	0.0	
28.74945322897137	18.463313097037656	0.0	0.0	
28.81847279989303	18.663907759194906	0.0	0.0	
28.778739479064747	19.90851502454521	0.0	0.0	
29.43213117203413	20.79736354501068	0.0	0.0	
29.359242591729945	21.808398094015992	0.0	0.0	
28.986837705030013	23.306750194912894	0.0	0.0	
28.909520938956963	23.662958419776366	0.0	0.0	
29.1408518564868	24.777165198736164	0.0	0.0	
29.149699575076074	25.680919192027112	0.0	0.0	
28.775995196018737	26.733930382869893	0.0	0.0	
29.021261077150513	28.08826002083034	0.0	0.0	
29.13150683695378	29.163182358442207	0.0	0.0	
29.188590331941995	30.33597043740974	0.0	0.0	
28.968023526825363	31.392743394132218	0.0	0.0	
30.129713872756646	0.20373401513819378	0.0	0.0	
30.103999722433795	1.4216637080954548	0.0	0.0	
30.21316882910424	2.3158965202913206	0.0	0.0	
29.763838345541746	2.7828111255546832	0.0	0.0	
30.047548330531058	3.884559668591024	0.0	0.0	
30.328616191849278	4.9435482833699975	0.0	0.0	
30.272498696341945	6.151425303198362	0.0	0.0	
30.354728258374653	7.336855731197343	0.0	0.0	
30.14117859232848	7.67318144558462	0.0	0.0	
29.708977158171948	9.390478387180085	0.0	0.0	
29.856390405762546	9.87660120765578	0.0	0.0	
29.804738857513264	10.855975747626918	0.0	0.0	
29.781321287039535	11.786862218662108	0.0	0.0	
29.66968063099096	13.260052131848003	0.0	0.0	
30.353071964196033	13.92771428515346	0.0	0.0	
30.316148284476405	14.713190703179693	0.0	0.0	
30.165937702921926	16.125364965585874	0.0	0.0	
30.3223011140238	16.827244893098875	0.0	0.0	
30.010894766386492	17.71638796370333	0.0	0.0	
29.84828891170478	18.5421828127995	0.0	0.0	
29.98861683494471	20.394797376500676	0.0	0.0	
29.572976184813523	21.012567972064616	0.0	0.0	
30.37225983603611	21.62845595580855	0.0	0.0	
30.348927032782505	23.03517141970538	0.0	0.0	
30.004795417045386	24.27776528519732	0.0	0.0	
30.47152182843943	24.50118544092776	0.0	0.0	
30.492019957392177	25.553850490516066	0.0	0.0	
29.624257774966296	26.552902485934844	0.0	0.0	
29.897418879569752	28.358747736588754	0.0	0.0	
30.031452515291296	28.900467031719685	0.0	0.0	
30.087765122729557	29.538530055566376	0.0	0.0	
29.58549546421419	31.046822421007917	0.0	0.0	
30.955307711768537	0.38796741739245555	0.0	0.0	
30.59645391321896	0.9612053309065641	0.0	0.0	
30.69824911085131	2.1447845582448037	0.0	0.0	
30.776039604688364	3.1924010373657636	0.0	0.0	
30.911072739993664	4.12470013204241	0.0	0.0	
31.33178065383603	5.097985581751663	0.0	0.0	
31.10806235559677	5.8422878933163735	0.0	0.0	
30.803707803652415	7.427590272280651	0.0	0.0	
30.67311785962122	7.634309108600877	0.0	0.0	
30.983709619322955	9.24344794521151	0.0	0.0	
31.34281944214634	9.723732708740798	0.0	0.0	
31.030005617595116	11.025549978472005	0.0	0.0	
31.4038665839532	11.945453077365409	0.0	0.0	
30.675219868573123	13.386238403265704	0.0	0.0	
31.31848799273975	13.665126525401648	0.0	0.0	
30.595716774068123	15.141848926439971	0.0	0.0	
31.335785963793096	16.292308668887998	0.0	0.0	
30.718688569067808	16.831594824138413	0.0	0.0	
30.674151522277384	17.774997733075697	0.0	0.0	
30.89585392819412	19.36073651340816	0.0	0.0	
31.470454366112236	19.988578114663056	0.0	0.0	
30.677285991950583	20.697942824173982	0.0	0.0	
31.022462359521374	22.247885703628565	0.0	0.0	
31.0671183896133	22.729021639187003	0.0	0.0	
31.37889589413745	23.66685381385571	0.0	0.0	
30.629703301476926	24.800957954434875	0.0	0.0	
31.293880019170714	25.86035035342689	0.0	0.0	
31.43822759822123	26.772655384600917	0.0	0.0	
30.745167933608066	27.77248126973909	0.0	0.0	
31.4690803526736	29.193716981167793	0.0	0.0	
31.347300259022376	30.46034237305858	0.0	0.0	
30.539001495177295	31.38263913461358	0.0	0.0	
