2
32.0	0.0	0.0	0.0	
0.0	32.0	0.0	0.0	
0.06238648877723507	0.29008670724809016	0.0	0.0	
0.3818243163873781	0.8879239639961188	0.0	0.0	
0.051659288521465174	2.47301717798775	0.0	0.0	
0.13702370532701913	3.4687009203899244	0.0	0.0	
0.17517260418775682	4.160417818202631	0.0	0.0	
0.08872968011851023	4.859199933849478	0.0	0.0	
0.29339693211546813	5.870994557872716	0.0	0.0	
0.16139862902966784	6.836027821228523	0.0	0.0	
0.04581951499023962	7.6844413947696495	0.0	0.0	
0.05166703279653595	9.26102424652288	0.0	0.0	
0.09847138870378314	10.295007676401623	0.0	0.0	
0.44316584230507416	11.021524951088146	0.0	0.0	
0.26521765279200116	12.366964533022097	0.0	0.0	
0.3657155638994125	13.333294829619971	0.0	0.0	
0.30845051325125317	13.776616337155145	0.0	0.0	
0.15904906543413488	14.73020995798205	0.0	0.0	
0.23450815944797143	16.140877386698627	0.0	0.0	
0.15205239788478164	17.075473868746517	0.0	0.0	
0.4256012292039759	18.36206213075202	0.0	0.0	
0.12759722023702702	19.090134426416032	0.0	0.0	
0.4394040108137819	20.33466676892754	0.0	0.0	
0.484413458295185	20.945836813692285	0.0	0.0	
0.24624390804562102	22.195744211980728	0.0	0.0	
0.46591593747747684	23.451366865968186	0.0	0.0	
0.338265593834955	24.327945786948256	0.0	0.0	
0.05957996067387339	24.570468540103636	0.0	0.0	
0.2805920193132295	26.04100536886587	0.0	0.0	
0.21699543232074114	26.782800802552035	0.0	0.0	
0.288345842426209	28.111054189310956	0.0	0.0	
0.12519998913775965	29.036052628526345	0.0	0.0	
0.0018633711525308794	30.33423674355808	0.0	0.0	
0.3471065036571669	31.306623903260817	0.0	0.0	
1.1918730616519597	0.18340018872697084	0.0	0.0	
0.715484417204596	1.4474639969946876	0.0	0.0	
1.0907164639080404	1.6092842596333163	0.0	0.0	
0.7479775801143157	2.7223559159757573	0.0	0.0	
1.4549236571071593	3.781763611198715	0.0	0.0	
1.0068929576055132	4.60627415319332	0.0	0.0	
1.4744857095293369	5.888444146722815	0.0	0.0	
0.8223028661540613	6.614699014180623	0.0	0.0	
0.9254000009502108	8.093702507132479	0.0	0.0	
0.7939084908809146	8.92392274471406	0.0	0.0	
0.7077093492142609	9.758998320608613	0.0	0.0	
0.6319897856780754	10.924754780682985	0.0	0.0	
1.3308888271699928	12.168605028523343	0.0	0.0	
0.6573030441509874	12.85927252241206	0.0	0.0	
1.2212899251236262	14.256210097025939	0.0	0.0	
1.4247341011043884	14.660280656818543	0.0	0.0	
0.8012088980465022	15.91038023991019	0.0	0.0	
0.915708793156639	17.45642208014112	0.0	0.0	
0.6394574261796314	18.02598069683175	0.0	0.0	
0.7920062505697475	18.957137838142806	0.0	0.0	
1.1283526172684337	20.406244139793493	0.0	0.0	
1.1006069760596437	21.310037113682338	0.0	0.0	
1.2115033238110975	22.150484325391346	0.0	0.0	
0.5240497503097762	23.11242385727084	0.0	0.0	
0.8578828083683506	24.31828050750186	0.0	0.0	
1.2766109652541993	25.49649166786035	0.0	0.0	
1.0187714466124622	25.625024390589637	0.0	0.0	
1.4761278033262966	26.57455986217712	0.0	0.0	
1.2795785571746212	28.49034596749344	0.0	0.0	
1.0882660784224911	28.85601713883004	0.0	0.0	
1.146864744179675	30.353036383745245	0.0	0.0	
1.3302587044261567	31.174641607489352	0.0	0.0	
1.9397410391206416	0.37652830572998963	0.0	0.0	
2.3950121018447015	1.1963332093784573	0.0	0.0	
2.3059804756225946	1.888312225176954	0.0	0.0	
1.5425476879694238	2.964587804897164	0.0	0.0	
2.4514859362025962	3.8420958028402223	0.0	0.0	
2.110971828690371	5.103261229630658	0.0	0.0	
2.445887185742342	6.239861954250629	0.0	0.0	
2.0618709291518456	6.504797886998089	0.0	0.0	
2.3274272857751677	8.117353893680228	0.0	0.0	
2.0246781942121244	8.817139592134023	0.0	0.0	
2.3463542545376046	9.754287328778865	0.0	0.0	
1.8972753524672785	10.69262055975996	0.0	0.0	
2.0642376896556724	12.478421803886414	0.0	0.0	
1.5511288107216163	13.189764978308272	0.0	0.0	
1.6879212565750779	13.977569032496703	0.0	0.0	
1.9669664919506218	15.226720327348213	0.0	0.0	
1.611019468120054	15.618958210834622	0.0	0.0	
1.7768474343851661	17.242906463129938	0.0	0.0	
2.3017277289206985	17.602141710804798	0.0	0.0	
2.3575082151242857	18.725862429514503	0.0	0.0	
1.702348497880673	20.254781210648098	0.0	0.0	
1.5266208961201118	20.880284370073998	0.0	0.0	
1.7680427559373566	21.890122523279306	0.0	0.0	
2.0800213679978095	23.220684341852962	0.0	0.0	
1.842142337616735	23.735291993774297	0.0	0.0	
2.3051951263632047	24.87431763380314	0.0	0.0	
2.128952647495956	26.311984245486475	0.0	0.0	
2.382570809090477	26.509548050051713	0.0	0.0	
2.2670485434755787	27.783859510351128	0.0	0.0	
2.1781575869631453	28.60886067767285	0.0	0.0	
1.8476503987066168	29.747482125338447	0.0	0.0	
2.4396209146991326	31.135148241509008	0.0	0.0	
2.6509025620956472	0.17729909011023315	0.0	0.0	
3.111026404550159	0.9120653266760723	0.0	0.0	
2.8529091787903416	2.311110809739226	0.0	0.0	
2.7100149661147364	2.7303942775406496	0.0	0.0	
2.6606263237955456	3.930833737171458	0.0	0.0	
2.575714931785548	5.324744951381641	0.0	0.0	
2.987907989326431	5.538592272346163	0.0	0.0	
3.238435243869594	6.767298581035623	0.0	0.0	
3.428797111902248	8.090267234892014	0.0	0.0	
2.687237183936881	9.203090225123297	0.0	0.0	
3.418501887961886	10.05366625824873	0.0	0.0	
2.9068211854620594	11.374473053152595	0.0	0.0	
3.2920124557820962	12.472663475635294	0.0	0.0	
3.078319240075381	12.860094901260396	0.0	0.0	
2.8165812761947002	13.567968209670944	0.0	0.0	
3.486087203992146	15.426121291877752	0.0	0.0	
2.7793640617518345	15.703250263700646	0.0	0.0	
2.5442431924031084	16.986706793088217	0.0	0.0	
3.252029343746215	18.239932986529396	0.0	0.0	
2.5641993034071318	19.117921914269964	0.0	0.0	
2.937029649779247	20.366701438580044	0.0	0.0	
3.1534045137075677	21.341152830387685	0.0	0.0	
3.408107495911675	22.429508201719738	0.0	0.0	
2.9845001902337933	23.342322894383084	0.0	0.0	
2.6778898599648997	24.351136234225745	0.0	0.0	
2.687603336160204	25.390770890467557	0.0	0.0	
3.4486374134995	25.601511764667794	0.0	0.0	
3.421159053444042	27.39067823853201	0.0	0.0	
2.8777758724264992	27.735295384983935	0.0	0.0	
3.2308533604259955	29.136317016345988	0.0	0.0	
3.4579724821394904	29.78377199424502	0.0	0.0	
2.6696043605227384	31.229006350700473	0.0	0.0	
4.277631532693258	0.023577436903016502	0.0	0.0	
3.6221036719630546	0.7392413670634458	0.0	0.0	
3.762441686300866	2.199848086250866	0.0	0.0	
4.117861729589255	2.794759744035181	0.0	0.0	
3.760423858995505	4.079730110929533	0.0	0.0	
4.40060538779581	5.12147561032182	0.0	0.0	
4.482997538014311	6.414555633163893	0.0	0.0	
4.092954681686636	7.44750925885941	0.0	0.0	
3.8928813090936067	8.113224117485013	0.0	0.0	
4.054226579487302	8.663873114320236	0.0	0.0	
4.126951105553694	10.046653191056459	0.0	0.0	
3.5930787187884743	10.628953471303468	0.0	0.0	
4.374504344832816	11.546288859470218	0.0	0.0	
3.843780889424803	13.222568946128945	0.0	0.0	
4.0521910787399325	13.725541307748662	0.0	0.0	
3.6060828470040183	14.80819190839027	0.0	0.0	
3.756593214191479	16.235618314196003	0.0	0.0	
3.682198247708126	17.34571890263391	0.0	0.0	
3.8651536032513687	18.315492539816187	0.0	0.0	
3.755622481143498	18.969562106324847	0.0	0.0	
4.136276590377801	20.157133657016374	0.0	0.0	
4.09394558918558	21.45885490400599	0.0	0.0	
3.703911400035512	22.384956378192122	0.0	0.0	
3.781000569111464	22.662363192667417	0.0	0.0	
4.179679751583167	24.005967748700407	0.0	0.0	
3.8970968067456475	25.413135444216184	0.0	0.0	
3.9117133636498784	26.282322528500373	0.0	0.0	
4.295080712345728	26.72057319135765	0.0	0.0	
4.2301282397663496	28.1053507853885	0.0	0.0	
4.0496227122178645	28.685387159409604	0.0	0.0	
4.398621533366937	29.574308613846096	0.0	0.0	
4.124209769745356	30.815148400093392	0.0	0.0	
4.8493218054638945	0.02513404284693943	0.0	0.0	
5.493687714103022	0.8324287538699051	0.0	0.0	
5.236786312296095	2.0610144457285773	0.0	0.0	
4.955714310446421	3.4181902085941416	0.0	0.0	
4.941908108697876	3.6975073725662773	0.0	0.0	
4.746640041865633	4.772514188834467	0.0	0.0	
4.832999358886976	6.314372568958158	0.0	0.0	
4.744967403835792	6.726300292069374	0.0	0.0	
5.436045076979984	8.385284126401459	0.0	0.0	
5.499241211883229	9.135238987317233	0.0	0.0	
4.854969518879713	9.823733810930712	0.0	0.0	
4.625667786986066	10.955656106978891	0.0	0.0	
4.511531592618786	12.069948634515928	0.0	0.0	
5.069719403331472	12.609028381361252	0.0	0.0	
5.037955708618061	14.251881999807045	0.0	0.0	
4.888969872202299	15.482181242187774	0.0	0.0	
4.8785017561876085	16.49301574848262	0.0	0.0	
4.534755998907262	16.710479984637786	0.0	0.0	
4.667780878504853	18.138909967369916	0.0	0.0	
4.574827355907296	19.433060775655598	0.0	0.0	
4.723886980102615	20.19975949612555	0.0	0.0	
5.069388496992454	20.73896591362508	0.0	0.0	
4.950941046819305	21.72701819609258	0.0	0.0	
4.752902531753039	22.97264134013922	0.0	0.0	
5.1344844721640195	23.613515278611303	0.0	0.0	
4.6224519267140725	24.82403864712706	0.0	0.0	
5.119856342310978	26.467536460851914	0.0	0.0	
4.828484857173491	26.59413393943227	0.0	0.0	
5.426817562832224	28.352350075962896	0.0	0.0	
5.1840510997963865	28.613039401544775	0.0	0.0	
4.915456847015038	30.46090331667597	0.0	0.0	
5.0096001562345664	31.025374259778527	0.0	0.0	
6.247644673924102	0.2506701082970946	0.0	0.0	
6.225893275286108	0.8910055096328766	0.0	0.0	
6.475316936037455	1.5735896648152439	0.0	0.0	
5.705256082836007	3.4491285804044365	0.0	0.0	
5.5507205459795586	4.165905053851527	0.0	0.0	
6.104123896002697	5.429066180082895	0.0	0.0	
5.928573472000871	5.667276022213538	0.0	0.0	
5.597344008794849	7.164378311324946	0.0	0.0	
6.446447733078082	8.294960445531505	0.0	0.0	
6.182760820686203	9.332039816329065	0.0	0.0	
6.108772140874718	10.079405815000651	0.0	0.0	
5.57978429200993	10.589824550722282	0.0	0.0	
5.682767821911735	12.166930509309967	0.0	0.0	
5.531296119777811	13.264321504936989	0.0	0.0	
6.399687115228979	14.226466938537392	0.0	0.0	
6.298087284681684	15.135195253868911	0.0	0.0	
6.348351264112432	16.274737671328822	0.0	0.0	
5.963467011499543	16.707443096680336	0.0	0.0	
6.488640349779336	17.775158426735864	0.0	0.0	
5.853108618295378	19.427708262007272	0.0	0.0	
5.930800082599852	19.95644512896883	0.0	0.0	
5.556451305241624	20.814178468170027	0.0	0.0	
5.862105955387377	22.17699711148074	0.0	0.0	
6.342293511800454	23.127407198177487	0.0	0.0	
6.126147362414791	24.2574033770281	0.0	0.0	
5.908466153783478	25.218350694681035	0.0	0.0	
6.113657861885818	25.874763922023835	0.0	0.0	
6.43725698527716	27.034025623807572	0.0	0.0	
5.562292166886058	28.195208622465223	0.0	0.0	
6.04828984780279	28.578277035949096	0.0	0.0	
5.535551219184143	30.41154176145359	0.0	0.0	
5.574370315446564	30.770300906548627	0.0	0.0	
7.157229991968861	0.04153460558555411	0.0	0.0	
6.755551758858578	0.7768207238548467	0.0	0.0	
6.962871255618676	2.017534603774359	0.0	0.0	
7.321943999135963	3.3236164575979523	0.0	0.0	
6.978795656450139	4.361328335993337	0.0	0.0	
7.191680717257379	4.848684549555471	0.0	0.0	
7.03832316602521	5.858145965511641	0.0	0.0	
7.3030605172706045	6.504533757635018	0.0	0.0	
7.281288220507836	8.303031028992576	0.0	0.0	
7.453253441991644	9.103915213677901	0.0	0.0	
7.2296187509771155	9.912777523451293	0.0	0.0	
6.859505755551048	10.837963724249887	0.0	0.0	
7.338782368610728	12.059165894790437	0.0	0.0	
7.334175463186896	12.613194799081901	0.0	0.0	
6.757381574847564	14.438178469690675	0.0	0.0	
6.63912467738726	14.876270047371316	0.0	0.0	
7.362613906006708	15.736096617902419	0.0	0.0	
6.559309366878529	16.556384787814952	0.0	0.0	
7.094973471615593	17.58844306865582	0.0	0.0	
7.0666136388785805	18.97331184747578	0.0	0.0	
7.258290799790816	19.86643549198313	0.0	0.0	
6.991790227995108	21.39327689793133	0.0	0.0	
6.687017970206161	21.716181530638803	0.0	0.0	
6.990259409239845	23.37271280898911	0.0	0.0	
6.69159770819177	23.836809353569144	0.0	0.0	
7.402100905521782	25.361748963373504	0.0	0.0	
6.759827716974369	25.884245836819815	0.0	0.0	
7.063576772799026	26.618592772289716	0.0	0.0	
6.845769610926756	27.949473432939026	0.0	0.0	
7.092884418656194	29.385751293275042	0.0	0.0	
7.335658807745993	30.455858455829652	0.0	0.0	
6.65057272572349	31.10066926863486	0.0	0.0	
7.62911702553296	0.05385463657920575	0.0	0.0	
7.977531078728671	0.6506641419953889	0.0	0.0	
8.033253207078573	1.974869783338545	0.0	0.0	
7.540371410309095	2.9770268936134388	0.0	0.0	
8.276864762192519	4.050284492391935	0.0	0.0	
7.834839119902549	5.018609222991641	0.0	0.0	
8.253689701340548	6.463229186329125	0.0	0.0	
8.454671325153628	7.030991397515198	0.0	0.0	
8.047863663327517	7.755508976755138	0.0	0.0	
7.68356437223538	8.50798163927319	0.0	0.0	
7.9905022390147025	9.5422323194259	0.0	0.0	
8.228513750052429	10.835952091776045	0.0	0.0	
8.426120069483503	12.161734946751526	0.0	0.0	
8.463555025848166	13.30811975082178	0.0	0.0	
8.318346012156187	13.720653715702396	0.0	0.0	
8.477567354244968	15.187832000833128	0.0	0.0	
8.426934750138818	15.776022326004803	0.0	0.0	
8.223189200767855	16.561237530971017	0.0	0.0	
8.42893579022088	18.396672336196865	0.0	0.0	
7.869412942063407	18.827359683442012	0.0	0.0	
8.290514340822506	19.997492632303157	0.0	0.0	
7.687326979946884	21.405846912356814	0.0	0.0	
8.327172214680756	22.18692216134749	0.0	0.0	
7.987332076199252	23.264351973809806	0.0	0.0	
8.12246988537325	23.622486876501657	0.0	0.0	
7.951368371775272	24.647282565110793	0.0	0.0	
8.083659959505896	25.915961148444676	0.0	0.0	
7.89837121157387	27.0413483934507	0.0	0.0	
7.524834266951736	28.388596356990693	0.0	0.0	
7.936575394390817	29.155386427026492	0.0	0.0	
7.9747244338829155	30.220629896940572	0.0	0.0	
8.106778581729522	31.00792002562737	0.0	0.0	
8.985025053226252	0.3549466142153851	0.0	0.0	
9.273877049863998	0.5752645773994414	0.0	0.0	
9.011148186121174	2.189502375863639	0.0	0.0	
8.814579267139106	2.7646818734959817	0.0	0.0	
9.399415542363725	4.065469176791264	0.0	0.0	
9.228179390996209	5.099942922288579	0.0	0.0	
9.127948425230102	5.6229387437448155	0.0	0.0	
8.959108537663965	7.445891373708593	0.0	0.0	
8.712743707537033	7.634362221043321	0.0	0.0	
8.73906694530482	8.936660440807588	0.0	0.0	
8.82159151124915	9.513837282636121	0.0	0.0	
9.416222707458397	10.539695857012036	0.0	0.0	
9.330165179926734	11.673383785107365	0.0	0.0	
9.114609332113226	13.290764789876194	0.0	0.0	
9.081399760172845	14.06561283387124	0.0	0.0	
8.895168782230806	15.002303808163187	0.0	0.0	
8.91660722001101	15.966838235332453	0.0	0.0	
9.306637576680165	17.03319354862262	0.0	0.0	
8.84151604945598	18.020228709077404	0.0	0.0	
8.888992570164044	19.415475764587477	0.0	0.0	
8.706945662328685	20.315755308864574	0.0	0.0	
8.666465897463263	21.34540381473013	0.0	0.0	
9.290307903428515	21.94354576510253	0.0	0.0	
8.889237440309186	23.066861671327317	0.0	0.0	
8.590992663607773	23.5290082140776	0.0	0.0	
9.012609233849046	25.336298814173496	0.0	0.0	
9.42523949864373	26.150403159426784	0.0	0.0	
8.577476586885522	27.151592982212254	0.0	0.0	
9.280913388676838	27.60483991105533	0.0	0.0	
8.930326354400192	29.431743176506508	0.0	0.0	
8.884344048271668	29.79529297357862	0.0	0.0	
9.331785440590554	31.1117496798019	0.0	0.0	
9.714232184742436	0.1907041545282614	0.0	0.0	
10.017421558990051	0.9546969779620532	0.0	0.0	
9.74613850590171	1.7692281455275036	0.0	0.0	
9.672998042978492	3.1057206968755278	0.0	0.0	
10.460840513771311	4.040124171039924	0.0	0.0	
9.8655522974354	5.3366626649219375	0.0	0.0	
10.406173463436955	5.753784653815448	0.0	0.0	
9.542134181383483	6.779048057665572	0.0	0.0	
10.150909774374727	7.591740862117066	0.0	0.0	
9.927482502353683	9.276856325535842	0.0	0.0	
10.490488985275174	9.693327795480531	0.0	0.0	
10.001618586244435	10.79390026385292	0.0	0.0	
9.962515786547348	11.815141720221405	0.0	0.0	
10.414787043683278	13.464092679657087	0.0	0.0	
10.482816869713764	14.24660103911909	0.0	0.0	
10.210876221218339	15.208171128966741	0.0	0.0	
9.521994045603835	15.696385585633404	0.0	0.0	
10.170464156874772	17.283121607970404	0.0	0.0	
10.462795279378975	18.335803720799465	0.0	0.0	
10.179365992338901	19.458208679287274	0.0	0.0	
10.396913659185184	19.93477751556219	0.0	0.0	
10.438360466139914	20.747634494339774	0.0	0.0	
9.632133930467603	22.47705185490137	0.0	0.0	
10.361826515411483	23.442942237207223	0.0	0.0	
10.066684557983619	24.128177274839196	0.0	0.0	
9.978093710773182	25.070221306895068	0.0	0.0	
9.517182974254412	25.883636871236067	0.0	0.0	
9.655255849149459	26.78313221323308	0.0	0.0	
9.652106226401335	28.36108108675124	0.0	0.0	
10.045792837483647	29.136741734794796	0.0	0.0	
9.770226459610953	29.953811085689953	0.0	0.0	
9.58462842218962	31.459869332227544	0.0	0.0	
10.702319594962928	0.43836876260864077	0.0	0.0	
10.793455301187018	1.467084644128113	0.0	0.0	
11.43539810913695	1.5398770634873917	0.0	0.0	
10.686429679075948	2.8925821186593916	0.0	0.0	
11.426482646919144	3.6521664909781486	0.0	0.0	
10.940324836118243	5.319470409432428	0.0	0.0	
11.081401444579347	6.365590818758534	0.0	0.0	
11.249066639329898	7.096699963419839	0.0	0.0	
11.107836147422002	8.214945851389784	0.0	0.0	
10.688589752810572	8.963170693526095	0.0	0.0	
10.826150442287437	10.054324283909473	0.0	0.0	
10.621178647677784	10.88712981526613	0.0	0.0	
11.432532006904584	12.152844816975298	0.0	0.0	
10.716413689407075	13.003596891455102	0.0	0.0	
11.216991454480922	13.660556534120198	0.0	0.0	
10.576855844631956	14.841874632395509	0.0	0.0	
10.534846348425353	16.122034702371053	0.0	0.0	
10.503999296671502	16.732715883660173	0.0	0.0	
11.397515897628514	18.237478608572992	0.0	0.0	
11.228200067479401	18.67138963829627	0.0	0.0	
10.990249962630017	20.395687787816826	0.0	0.0	
10.82876373704002	21.129359370209713	0.0	0.0	
10.590868268202911	21.54799953718075	0.0	0.0	
10.567870110403998	23.483389582470096	0.0	0.0	
11.251839049244571	23.632234188679067	0.0	0.0	
10.966617786057256	24.68846540805722	0.0	0.0	
10.616239196436462	25.767228177461558	0.0	0.0	
11.405219806381572	26.505633762844443	0.0	0.0	
11.169157032750624	27.565161735005855	0.0	0.0	
11.212472747049055	28.58476584347085	0.0	0.0	
10.82586654538785	29.729448000676797	0.0	0.0	
11.136530095633113	30.672526516281277	0.0	0.0	
12.453729113251896	0.2796333639285199	0.0	0.0	
11.842765696123696	0.8928806092343965	0.0	0.0	
12.29033912467454	2.2873929714469137	0.0	0.0	
11.553122615423245	3.0621726722035967	0.0	0.0	
11.569229921701023	4.078331724727942	0.0	0.0	
11.92356513581743	5.161153482205122	0.0	0.0	
11.611939294854496	5.763434415700959	0.0	0.0	
11.734930398115344	7.229879950238176	0.0	0.0	
11.636342642656988	7.523197371050987	0.0	0.0	
11.58248806132432	8.820039719684516	0.0	0.0	
12.133317105299135	10.01633270034189	0.0	0.0	
12.13842239616222	11.29743839929577	0.0	0.0	
11.840041578184534	11.871141128070684	0.0	0.0	
12.03615990455592	12.729508454943169	0.0	0.0	
11.557127142283804	13.532737627595317	0.0	0.0	
12.393386988422314	15.039062676083306	0.0	0.0	
12.465761715764522	15.984774729927562	0.0	0.0	
12.060398355358299	16.796158325030795	0.0	0.0	
12.125714202842305	18.207063009149735	0.0	0.0	
12.402447527090752	19.27622236534426	0.0	0.0	
12.297835135404489	20.446587070569617	0.0	0.0	
11.851336102241541	21.026876637456727	0.0	0.0	
11.965639016769625	21.967502015095796	0.0	0.0	
12.379732099901442	22.5949582455324	0.0	0.0	
12.473371453619928	24.4516619962721	0.0	0.0	
12.16664700083192	25.020376717003348	0.0	0.0	
12.486584910539783	25.67447665478261	0.0	0.0	
11.771513072340003	26.648570905428176	0.0	0.0	
11.729085249331588	27.70312340629772	0.0	0.0	
11.786668079113136	28.95652672579974	0.0	0.0	
12.1478695179748	30.23403673264998	0.0	0.0	
11.552869619530146	31.061323512653598	0.0	0.0	
13.162898728690717	0.302815460795565	0.0	0.0	
12.65543678841619	1.3785832206744233	0.0	0.0	
12.924220256708491	1.7192719939810095	0.0	0.0	
13.216805280979251	3.2966529285795216	0.0	0.0	
12.567643519764255	4.039245665216257	0.0	0.0	
12.56036740925266	5.130626710925823	0.0	0.0	
12.840682503990319	5.5829369226926175	0.0	0.0	
12.638833346249836	7.133512196902121	0.0	0.0	
12.817358719495662	8.21048841945206	0.0	0.0	
12.835586590473186	8.941085254731783	0.0	0.0	
13.201563984180032	9.551463742982111	0.0	0.0	
12.732121452722984	11.00731115739744	0.0	0.0	
13.088116967258063	12.423730392588379	0.0	0.0	
12.988180140947376	12.632158575083986	0.0	0.0	
13.158224819631156	13.7701840273564	0.0	0.0	
13.400641647923791	14.89488279291766	0.0	0.0	
13.127010027340901	16.30737098435431	0.0	0.0	
13.116288457827968	16.870469236913728	0.0	0.0	
12.807365271269228	18.327345647279675	0.0	0.0	
13.428713977692578	19.193984065439682	0.0	0.0	
12.587764176920107	19.89068352436567	0.0	0.0	
12.591095076231301	21.120006757794723	0.0	0.0	
13.092171995119191	21.768048498082877	0.0	0.0	
13.414705141784555	23.0135167984768	0.0	0.0	
12.504875956209798	23.876416975453022	0.0	0.0	
12.666653334339621	24.575827560724697	0.0	0.0	
13.270140221216908	26.43891666103445	0.0	0.0	
12.94450749883363	26.501588708376094	0.0	0.0	
12.761569702947599	27.891081087894808	0.0	0.0	
12.859333172989977	29.016436805319483	0.0	0.0	
12.967608055100088	30.32056472775595	0.0	0.0	
13.17306798512511	31.15083372206085	0.0	0.0	
13.648899141812297	0.252758406542671	0.0	0.0	
13.734984242538511	1.2185772760030515	0.0	0.0	
14.081762457882224	1.9337873244657091	0.0	0.0	
14.117862004605527	3.3221015563830725	0.0	0.0	
14.453385180600108	4.123142043140468	0.0	0.0	
13.570267816570531	4.717091638985036	0.0	0.0	
13.529919151787004	5.660279439195394	0.0	0.0	
14.151260187132014	7.253687940552056	0.0	0.0	
14.357404154995097	7.619096929075636	0.0	0.0	
13.89122898243735	9.497754580754295	0.0	0.0	
14.201074654485437	9.902611865947435	0.0	0.0	
14.483327421866965	11.248679183266956	0.0	0.0	
13.681968545804809	12.49710883226356	0.0	0.0	
13.760596134997023	12.914326338421304	0.0	0.0	
13.821320980796772	13.881863470422365	0.0	0.0	
14.459864335860887	14.604512718123317	0.0	0.0	
13.504522766150684	16.007095659608805	0.0	0.0	
13.773025895224478	16.772406963916605	0.0	0.0	
14.059695569083257	17.660544637433613	0.0	0.0	
14.034077570566495	19.29406715393126	0.0	0.0	
14.088926171325415	20.265139562841096	0.0	0.0	
14.33770375261622	21.19110760657729	0.0	0.0	
14.385657060727578	22.428765252585585	0.0	0.0	
13.909103663158485	23.273219004057246	0.0	0.0	
13.759024967771307	23.745395319724235	0.0	0.0	
14.083001968395648	24.98451001098365	0.0	0.0	
13.528392680224766	25.79843550628004	0.0	0.0	
14.378010384880747	27.234635000213345	0.0	0.0	
14.068025242911713	28.16006166512043	0.0	0.0	
14.442375217964196	29.088064351505754	0.0	0.0	
13.675080158965502	29.50854866205256	0.0	0.0	
14.188790751099177	30.56167785256367	0.0	0.0	
14.570763301575704	0.1941214353813443	0.0	0.0	
15.350192154887305	0.5480613608289638	0.0	0.0	
15.227926960087954	1.607463360357182	0.0	0.0	
14.618174221531323	2.8623021753566777	0.0	0.0	
15.206541484324879	4.181743668020644	0.0	0.0	
15.20750981692651	5.385200056442949	0.0	0.0	
14.842445338094869	6.019799758481561	0.0	0.0	
15.441100869233479	6.565795099093648	0.0	0.0	
14.811518777638604	7.71770186785711	0.0	0.0	
14.881684893083229	8.672184671833621	0.0	0.0	
15.409028862509908	10.388527341263242	0.0	0.0	
14.945931468504993	10.67612830354246	0.0	0.0	
15.145007892168977	12.472242416145738	0.0	0.0	
15.009319043749922	12.914863103272449	0.0	0.0	
14.580476613712614	13.920226528066198	0.0	0.0	
15.091038102394068	15.003225853221746	0.0	0.0	
14.78833460194057	16.322641689814912	0.0	0.0	
15.05676005151129	17.336962508325804	0.0	0.0	
14.941988285311625	18.318763587511246	0.0	0.0	
14.682813639708481	19.026153799774015	0.0	0.0	
15.431150477399996	20.116443388117172	0.0	0.0	
15.402664471314187	21.15090423893889	0.0	0.0	
15.087763852992003	22.450106079933104	0.0	0.0	
14.645389815587595	22.8228454525264	0.0	0.0	
15.018677899259526	24.05361284123273	0.0	0.0	
15.487024208850201	25.395376853416774	0.0	0.0	
14.874635973207845	25.806480543177447	0.0	0.0	
15.443296980488576	27.339909389208508	0.0	0.0	
15.459371328997376	28.027355484312018	0.0	0.0	
14.982361482608841	28.75911820614416	0.0	0.0	
14.688059536805119	29.591291130448507	0.0	0.0	
14.960520483226654	30.80099787181177	0.0	0.0	
15.636131291590212	0.17917323143259822	0.0	0.0	
15.899892172142662	0.5042428498436355	0.0	0.0	
16.00688439877374	2.219671895914706	0.0	0.0	
15.743590760080343	3.4341989579137087	0.0	0.0	
16.147451825275276	4.273656058349422	0.0	0.0	
15.836732338993427	5.471824646463205	0.0	0.0	
15.854771149110096	6.392644589236357	0.0	0.0	
15.718238955346045	6.955023523448543	0.0	0.0	
15.743491250825093	7.648170673856719	0.0	0.0	
16.455763301364804	9.321307523693445	0.0	0.0	
15.744580184220588	10.108481589022546	0.0	0.0	
16.471583029932646	10.985914125880683	0.0	0.0	
15.77793696277187	11.634923046268758	0.0	0.0	
16.102318633149068	13.093804412241564	0.0	0.0	
15.845173245752926	14.254383265152507	0.0	0.0	
15.618951299444419	15.404809803185533	0.0	0.0	
16.323487607558192	16.048144816586742	0.0	0.0	
16.01733522945508	17.199272671017223	0.0	0.0	
15.864403081525282	18.46572596966823	0.0	0.0	
15.811397638726431	19.262924919931255	0.0	0.0	
15.748003529501176	19.580693174063413	0.0	0.0	
15.723608337358488	21.14679098826113	0.0	0.0	
16.35278995220182	21.6412737298445	0.0	0.0	
16.165135984904094	22.675162252100975	0.0	0.0	
15.622200528404077	24.10920066752397	0.0	0.0	
16.08032075112668	24.728341678412182	0.0	0.0	
15.784656260813573	25.790903513947196	0.0	0.0	
15.656566726386519	26.674076727727133	0.0	0.0	
16.148874134824247	28.036481337712974	0.0	0.0	
15.648426362867836	28.991524110881453	0.0	0.0	
15.6500122118628	29.68866809898099	0.0	0.0	
16.1335686086148	31.123646314274854	0.0	0.0	
17.123381577531024	0.010478208769773012	0.0	0.0	
17.26902210137539	1.1832309106061933	0.0	0.0	
17.20268591590226	1.9084374919013432	0.0	0.0	
17.46160628923319	2.969347206470565	0.0	0.0	
17.477512132940483	3.9342790218043544	0.0	0.0	
17.35769897137533	4.931382907129927	0.0	0.0	
17.181860007438978	6.099903788400325	0.0	0.0	
17.307347055936717	7.412309192057959	0.0	0.0	
16.73523905726388	7.503830286840122	0.0	0.0	
17.34213038285052	8.574121316373803	0.0	0.0	
17.303457385696742	10.289295599618997	0.0	0.0	
16.924458505035176	10.700196170752704	0.0	0.0	
17.43311281228439	12.375865292365422	0.0	0.0	
17.139497710755936	13.266300213748588	0.0	0.0	
16.91432255687141	13.935259765978318	0.0	0.0	
16.796982067838602	14.556080693444954	0.0	0.0	
17.211872362811903	16.312720566743472	0.0	0.0	
16.5129824027431	16.946137223649227	0.0	0.0	
16.870495454614133	18.18942611286883	0.0	0.0	
16.94036225799757	19.095062181217347	0.0	0.0	
17.355937768925436	20.472318863075408	0.0	0.0	
17.386914735142923	21.01201242381126	0.0	0.0	
16.725479680313548	21.934377798376616	0.0	0.0	
17.213720958907416	22.519320570005195	0.0	0.0	
16.7488778264796	24.161498093409005	0.0	0.0	
16.99537495943742	25.324853555842143	0.0	0.0	
17.25764476949017	25.660548080586125	0.0	0.0	
17.23424987067451	26.83442530579995	0.0	0.0	
16.718033891452535	28.19678663470271	0.0	0.0	
16.66427951146804	29.100528003055885	0.0	0.0	
16.909923137032226	29.57786528444083	0.0	0.0	
17.020053278039768	31.30204834522757	0.0	0.0	
17.66012586625776	0.3389052359046335	0.0	0.0	
17.936710561662604	0.9136240390807382	0.0	0.0	
17.939298214018873	2.0692572680200154	0.0	0.0	
17.68708957278811	2.7579095364202706	0.0	0.0	
17.920420803940203	3.8974342717893666	0.0	0.0	
17.917483752605342	5.456681610588547	0.0	0.0	
17.652769374177797	6.193038639449898	0.0	0.0	
17.80816938904299	7.140301178657193	0.0	0.0	
17.81438814943613	7.843844242424362	0.0	0.0	
17.60353953703696	8.85403230802367	0.0	0.0	
17.92638980460549	9.568734000529119	0.0	0.0	
17.96136079961644	11.081192577613255	0.0	0.0	
18.498425540597488	12.07075038300219	0.0	0.0	
17.517906973792684	12.78902832051697	0.0	0.0	
18.208282997797095	14.44449967743874	0.0	0.0	
17.68597022964206	15.021178967306469	0.0	0.0	
17.608149173271233	15.718332271839502	0.0	0.0	
18.06751932510033	16.8285967652127	0.0	0.0	
17.570901653544272	17.614020856570665	0.0	0.0	
18.048845580816955	19.48315894211751	0.0	0.0	
17.80552575009541	20.26337901623541	0.0	0.0	
17.95015871354187	21.039547719830033	0.0	0.0	
18.492989268303454	22.183176519250704	0.0	0.0	
18.04834582396036	22.947673988605036	0.0	0.0	
17.997988129541714	24.194492722890836	0.0	0.0	
18.497310443821668	24.709073624447086	0.0	0.0	
17.921379330139516	25.50434999387488	0.0	0.0	
17.9992766473084	27.093156781746103	0.0	0.0	
17.85121212552943	28.2679411866219	0.0	0.0	
17.934551545543993	28.795784902057633	0.0	0.0	
17.982916776805315	29.568817467610522	0.0	0.0	
17.79691732763737	31.108252657516775	0.0	0.0	
18.57225497468113	0.17286423871495038	0.0	0.0	
19.11616298483867	1.3059730790064252	0.0	0.0	
18.668097311063466	1.7628724955153037	0.0	0.0	
19.460098676974074	3.2361744789588767	0.0	0.0	
19.491115782028828	4.438376699342092	0.0	0.0	
19.13365088828145	5.126003678368976	0.0	0.0	
18.840684241149116	5.895531075230983	0.0	0.0	
18.6925678711956	7.4158981257092496	0.0	0.0	
19.06298974806775	7.531069128487157	0.0	0.0	
18.80512614685665	9.471949362345788	0.0	0.0	
19.11459255741132	9.505087465794977	0.0	0.0	
19.141316453988757	10.634379674083428	0.0	0.0	
19.070037341622413	11.706083396077544	0.0	0.0	
18.54913985267009	13.319324434562441	0.0	0.0	
19.245664270430034	13.717254759751587	0.0	0.0	
19.225651328046144	14.97213607129782	0.0	0.0	
18.69920869809827	15.848498573895224	0.0	0.0	
19.436624951450014	17.22986921143677	0.0	0.0	
19.471355402732264	17.82989464616852	0.0	0.0	
19.13633842546677	18.840086415521778	0.0	0.0	
19.358376964316182	19.66085974036296	0.0	0.0	
19.12514891747023	21.468466697686722	0.0	0.0	
18.931631671057485	21.995677213648655	0.0	0.0	
19.242689562004784	23.15165483115787	0.0	0.0	
18.558823990126857	24.19810200319521	0.0	0.0	
19.256855103431405	25.454909838659237	0.0	0.0	
19.061309057343518	26.415639792916643	0.0	0.0	
19.134316946061887	26.80815711735241	0.0	0.0	
19.041031626500832	28.3558621098414	0.0	0.0	
19.23409028830414	28.81158474935478	0.0	0.0	
18.810834520102247	30.409429294747753	0.0	0.0	
18.796112163534882	31.353521467527365	0.0	0.0	
19.820799501576417	0.009738032475080427	0.0	0.0	
20.425777781736205	1.4867356662935438	0.0	0.0	
20.022275590162906	1.5968817582868096	0.0	0.0	
19.954779244776613	3.2445781818800814	0.0	0.0	
19.606089070093994	4.103720359625794	0.0	0.0	
20.245715012061336	4.652139398753235	0.0	0.0	
20.1689527455967	5.537644131414305	0.0	0.0	
19.73484569661488	6.55403242097206	0.0	0.0	
19.633075772862437	8.335585542567323	0.0	0.0	
20.266356147554905	8.747931564661927	0.0	0.0	
20.344539718828447	10.108048736540503	0.0	0.0	
19.777165975499415	10.592093154085164	0.0	0.0	
19.930843551961665	12.161799921916417	0.0	0.0	
19.55181761578592	13.19194373808152	0.0	0.0	
19.50131472789434	14.108399332411988	0.0	0.0	
20.121217217987045	15.315544701180649	0.0	0.0	
19.641521549037474	16.07779881269766	0.0	0.0	
20.257192120365783	16.609714852265416	0.0	0.0	
20.221888322012106	18.357350086495785	0.0	0.0	
19.78426786438324	18.92795683544326	0.0	0.0	
20.139980855905	20.328655496191043	0.0	0.0	
19.933480793128517	20.55253099430713	0.0	0.0	
19.745411360748587	22.45916944307669	0.0	0.0	
19.835615357521505	23.06897300311846	0.0	0.0	
19.636532985452686	24.039703309713737	0.0	0.0	
20.033545796214074	24.93513720594808	0.0	0.0	
19.824001640937357	26.080184179594873	0.0	0.0	
19.742971069696306	27.363183555306346	0.0	0.0	
19.85475435338817	27.689491607892737	0.0	0.0	
19.69156994386504	29.178833780071255	0.0	0.0	
19.67052565478376	29.559434688333955	0.0	0.0	
20.268150918891287	30.912431575432862	0.0	0.0	
20.85036911071539	0.15234754741404488	0.0	0.0	
21.207286118550062	0.9604385088038403	0.0	0.0	
20.625157971415724	1.6612890257018873	0.0	0.0	
21.276547793992645	2.8856666001301026	0.0	0.0	
21.025598452330545	4.407529045139578	0.0	0.0	
20.966040413331044	4.8640122830452786	0.0	0.0	
20.78447364755106	5.855869461283191	0.0	0.0	
20.576595521896845	7.117524552785916	0.0	0.0	
20.55639791888002	8.237533212845623	0.0	0.0	
21.099916355668952	8.978527825191575	0.0	0.0	
20.828060538272798	9.923551921700177	0.0	0.0	
21.497269309286153	10.987228176926964	0.0	0.0	
21.284712315409053	12.039415981444888	0.0	0.0	
21.33106117721038	12.943677848833111	0.0	0.0	
21.041285946644315	13.547375820336054	0.0	0.0	
20.83638030203746	14.720112563017576	0.0	0.0	
20.525355154572857	16.248545474725514	0.0	0.0	
20.806680819055664	16.662051769868434	0.0	0.0	
21.467378683424307	17.78001157560279	0.0	0.0	
21.194335341174614	18.933585522205526	0.0	0.0	
21.178852691193082	20.033681114017476	0.0	0.0	
21.03211786572819	20.646412796927237	0.0	0.0	
20.636383242771885	21.699788430287168	0.0	0.0	
20.786771506621914	23.06592886404955	0.0	0.0	
20.684222915778978	24.194168897678804	0.0	0.0	
21.252341097381994	25.083769824128403	0.0	0.0	
20.540050755182808	26.363413394316524	0.0	0.0	
20.91261640509969	26.543672798416814	0.0	0.0	
21.334725235089376	27.887784650792707	0.0	0.0	
21.106145247603774	29.268783887626935	0.0	0.0	
20.625932579821768	30.391676066199118	0.0	0.0	
20.715207609775007	31.29238204904343	0.0	0.0	
22.06946922653004	0.3025388143782096	0.0	0.0	
21.57978967570318	0.9057804636507458	0.0	0.0	
22.215983709057635	1.5726355691778102	0.0	0.0	
21.99046492474388	3.2450417262835627	0.0	0.0	
21.872961545015933	3.9765773176275374	0.0	0.0	
21.570678684594885	4.927105561539189	0.0	0.0	
21.677984895205178	5.924602996543632	0.0	0.0	
21.678706562135613	6.557791014969224	0.0	0.0	
22.362299941623128	8.010096091567721	0.0	0.0	
21.928353128639408	9.40126005205031	0.0	0.0	
21.61838432838286	10.48095343481802	0.0	0.0	
22.498348479603365	10.504042140702623	0.0	0.0	
21.58939958471027	11.79422009296441	0.0	0.0	
22.0141416671605	12.755371140128176	0.0	0.0	
21.694381569482253	14.268470574732481	0.0	0.0	
22.20218941451392	14.751130737454945	0.0	0.0	
22.258490546635752	16.45219764048391	0.0	0.0	
22.374979440409554	17.392316602535224	0.0	0.0	
21.520219750567293	18.034652471460795	0.0	0.0	
22.045023266106124	19.33361608444959	0.0	0.0	
22.136650612866273	20.440445515829758	0.0	0.0	
21.815753876981457	20.639073612016574	0.0	0.0	
21.82382790352885	22.379231853024688	0.0	0.0	
21.857190905900406	23.203632717960215	0.0	0.0	
22.350243915035666	23.874073176010356	0.0	0.0	
22.479227741326454	24.944306511289337	0.0	0.0	
22.33422655418895	26.32994691069517	0.0	0.0	
22.260322468039806	26.581555878836735	0.0	0.0	
21.52253233783919	27.734282289591448	0.0	0.0	
22.11197856014328	28.783095191563678	0.0	0.0	
21.545390699148538	29.52722958329416	0.0	0.0	
21.967523962359408	30.920585616287028	0.0	0.0	
23.105878651081717	0.4117635346217916	0.0	0.0	
23.395434748234162	1.4857918392138547	0.0	0.0	
22.8524096425156	1.8500481943979863	0.0	0.0	
23.422683308164757	3.0643502825318576	0.0	0.0	
22.868130065424754	4.166074446953011	0.0	0.0	
22.589755218043802	4.779200336608286	0.0	0.0	
22.61964748194169	6.114983251034172	0.0	0.0	
23.143993267193952	7.064390572484976	0.0	0.0	
23.02134650257607	8.488790679599632	0.0	0.0	
23.20098672819214	9.41120481292079	0.0	0.0	
22.95798638027612	9.762042637864111	0.0	0.0	
23.439618081354133	10.99390742609079	0.0	0.0	
23.187689626020994	11.678079807229226	0.0	0.0	
22.975282361798946	12.626816324176101	0.0	0.0	
23.00164992576266	13.944525542816022	0.0	0.0	
22.90180193298692	14.942004469910529	0.0	0.0	
22.510094649803793	15.983820495685288	0.0	0.0	
23.17060842233687	16.816289112474458	0.0	0.0	
22.528384345484607	18.07658560282906	0.0	0.0	
23.435960795563172	18.786712154832742	0.0	0.0	
22.726876436685092	19.690977901908585	0.0	0.0	
22.546654785581353	20.59694976284079	0.0	0.0	
22.537330161224798	21.876119138345665	0.0	0.0	
22.52589111106507	23.215383950257102	0.0	0.0	
22.944001586648984	23.991378581714578	0.0	0.0	
23.050462581909425	24.835769679136614	0.0	0.0	
23.13261082719108	26.252595960031325	0.0	0.0	
22.601356151898575	26.650797956099602	0.0	0.0	
22.899188588114182	28.473334325813322	0.0	0.0	
23.14133886758083	29.299042691477112	0.0	0.0	
22.564500746575032	30.074804503393654	0.0	0.0	
23.47792870786001	30.92627053102189	0.0	0.0	
23.866897193393562	0.29912010989761184	0.0	0.0	
24.2911937328292	0.5491598240942959	0.0	0.0	
24.24770551277314	2.0471972938046683	0.0	0.0	
23.87016447242422	2.5059413065815663	0.0	0.0	
23.51588553722934	4.132784663749104	0.0	0.0	
23.594495723571075	4.955454987286843	0.0	0.0	
24.491267693860422	5.565738268457398	0.0	0.0	
24.483234522803837	6.834653029100526	0.0	0.0	
24.267702721000003	7.695838203581789	0.0	0.0	
23.65190523330331	8.747190246879416	0.0	0.0	
24.345679858600008	10.167868331002346	0.0	0.0	
24.32157024075274	11.49240561635094	0.0	0.0	
24.15845457073372	11.72987615050365	0.0	0.0	
23.55765065553432	12.897288305682524	0.0	0.0	
23.653681543975207	13.585330355343977	0.0	0.0	
24.260668810465937	15.136218092688523	0.0	0.0	
24.487937528584826	16.476813043592816	0.0	0.0	
24.40265348761574	16.52755191780638	0.0	0.0	
23.87857557583328	18.426696391400966	0.0	0.0	
24.34337818807284	18.678692608225756	0.0	0.0	
23.655510548573794	19.732956899891335	0.0	0.0	
23.988827734822717	20.623744559275938	0.0	0.0	
24.042274820066332	22.078500830588514	0.0	0.0	
24.287334762267918	23.099424113601824	0.0	0.0	
24.30802044147243	24.019359370652996	0.0	0.0	
24.33646759418125	24.73152345101885	0.0	0.0	
24.301811595916273	26.251181539178766	0.0	0.0	
23.779689036729224	27.044342796306076	0.0	0.0	
24.28835249475049	27.56453643198834	0.0	0.0	
23.82739476038697	29.493800194337453	0.0	0.0	
23.644091931625436	30.327954445033605	0.0	0.0	
23.910860542718456	30.644065542912095	0.0	0.0	
24.64083518109673	0.11841085364397974	0.0	0.0	
24.695236601115063	1.4125948125538377	0.0	0.0	
24.875643667477828	1.650460867070072	0.0	0.0	
24.839116956748676	3.392335986624547	0.0	0.0	
24.602782757056524	4.152184992732709	0.0	0.0	
25.365300479668406	5.327038857183846	0.0	0.0	
25.40775204379857	5.501201674179019	0.0	0.0	
24.53783055611878	6.5704995203015475	0.0	0.0	
25.48805999922204	8.170906359782231	0.0	0.0	
25.273619334246238	8.620454975229405	0.0	0.0	
25.320168714991823	10.223969210635008	0.0	0.0	
25.387672404452104	10.87524027912985	0.0	0.0	
25.183226242169415	12.23918667902381	0.0	0.0	
24.693493057329537	12.594811411943224	0.0	0.0	
24.974170812134997	14.396133573749236	0.0	0.0	
25.272466965448828	14.736546910485513	0.0	0.0	
24.693061406950438	15.633925916471888	0.0	0.0	
25.03273501773829	16.53931940763785	0.0	0.0	
24.975962824130114	18.239853972341315	0.0	0.0	
24.628932622402857	19.30433945318066	0.0	0.0	
25.03143971218514	20.091318722236416	0.0	0.0	
25.47542419122628	20.700639408605376	0.0	0.0	
25.324522976967227	21.816418613012626	0.0	0.0	
25.434985715163993	23.096743765632464	0.0	0.0	
24.554440112957565	24.341237619053853	0.0	0.0	
25.13474046224229	25.418852826338256	0.0	0.0	
25.276587027294834	26.4610458485377	0.0	0.0	
25.08614471543798	27.37489701713492	0.0	0.0	
25.371574922366257	28.120102898866268	0.0	0.0	
24.927856812380373	29.086567542840747	0.0	0.0	
24.511662121303466	29.851402656136646	0.0	0.0	
24.757184258139304	30.987452126094688	0.0	0.0	
26.00163398542269	0.4388927044032551	0.0	0.0	
25.547264624553485	1.127346567705743	0.0	0.0	
26.330587796658186	1.9013394291847687	0.0	0.0	
25.96135011672526	2.8666758187035786	0.0	0.0	
26.03830998015503	3.7108905861900325	0.0	0.0	
25.557435788881357	4.604040813286272	0.0	0.0	
26.296823130984638	6.410242882183254	0.0	0.0	
25.602004255284434	7.272118330845681	0.0	0.0	
25.505671117676734	8.032484373731448	0.0	0.0	
25.71874620948613	8.571571500348341	0.0	0.0	
26.09409054557585	10.116306931904724	0.0	0.0	
25.641518827151955	10.754305950291595	0.0	0.0	
25.902776074294284	12.371149109306605	0.0	0.0	
26.004854496275087	13.020173801896677	0.0	0.0	
26.084299691190555	13.837960603102351	0.0	0.0	
25.750845760929206	15.379909226646218	0.0	0.0	
26.303876263487062	15.580753512104467	0.0	0.0	
26.043428567442767	16.938205371814192	0.0	0.0	
26.346770779224784	18.103920722959185	0.0	0.0	
26.234559580862896	18.768320801922847	0.0	0.0	
25.831691627250414	19.5203364034713	0.0	0.0	
25.80983153714144	20.590310595885022	0.0	0.0	
25.54287830817656	22.058840870917688	0.0	0.0	
25.631346466031157	22.66131245837227	0.0	0.0	
25.955093179542878	24.162286092645154	0.0	0.0	
26.284082534404718	25.07476011214528	0.0	0.0	
26.30321811895267	26.114257538810378	0.0	0.0	
25.508515931033525	26.607308758433092	0.0	0.0	
25.595509703339456	28.185799685782868	0.0	0.0	
26.188760707139554	28.624062802785264	0.0	0.0	
26.05210548200196	30.233080783699073	0.0	0.0	
26.082193524397017	31.07804505237801	0.0	0.0	
27.195856067939552	0.47327749573559363	0.0	0.0	
27.014163453248834	1.191294358936379	0.0	0.0	
27.215401803317242	2.453745102864759	0.0	0.0	
26.88988209670391	2.5750913720192123	0.0	0.0	
26.66093551923671	3.550465565668688	0.0	0.0	
26.703117115316953	4.981460927632515	0.0	0.0	
27.312241056457875	5.66140024830815	0.0	0.0	
26.956232147755724	7.107742652732067	0.0	0.0	
27.306437375682375	7.886252681202393	0.0	0.0	
27.467695675921373	9.334686980795196	0.0	0.0	
26.78262538095881	9.858196756042245	0.0	0.0	
26.517489961221713	11.3957578077632	0.0	0.0	
26.562072733902934	11.738297636982015	0.0	0.0	
27.235985366604993	12.704828378183059	0.0	0.0	
27.4039420203603	13.794527276007454	0.0	0.0	
26.79786951841456	14.896287749152755	0.0	0.0	
27.01493936183648	15.500847337059257	0.0	0.0	
27.252709139413735	17.207280779199614	0.0	0.0	
27.281467786956963	18.0581019229588	0.0	0.0	
27.4281152033831	19.159101609245344	0.0	0.0	
27.339652074703004	20.18492125791825	0.0	0.0	
26.69339846179208	21.141656159005137	0.0	0.0	
27.413143185475462	22.466528696256034	0.0	0.0	
26.8899753924878	23.19887159055947	0.0	0.0	
26.56706628131647	24.067258271274767	0.0	0.0	
27.333453241687188	24.799918023292037	0.0	0.0	
26.80999409710991	25.827081164026612	0.0	0.0	
27.390562171850455	27.13954297900632	0.0	0.0	
27.273783261560393	27.713486824810992	0.0	0.0	
27.062356760421935	29.1144652841908	0.0	0.0	
26.73893088156545	29.609462723749083	0.0	0.0	
26.97260380891579	30.559575581143132	0.0	0.0	
27.699980951724523	0.4865128785781794	0.0	0.0	
27.555892797110758	0.7526192343979676	0.0	0.0	
28.198743325007943	1.9081348384503896	0.0	0.0	
27.771098164724258	3.2877810305000836	0.0	0.0	
28.091809957329378	3.9183140122410975	0.0	0.0	
27.600547154903357	5.264635813445218	0.0	0.0	
28.22742954687996	5.629401266393695	0.0	0.0	
27.797055603574776	6.871979952634316	0.0	0.0	
28.055524118112974	8.194621021930395	0.0	0.0	
27.76176552323611	9.032201258581456	0.0	0.0	
28.015044579931157	10.236179177341578	0.0	0.0	
27.989210079703646	11.160310947664012	0.0	0.0	
28.197293852430857	12.008010213980931	0.0	0.0	
27.75315537647541	13.30131244198201	0.0	0.0	
28.309180942012365	14.178742477299581	0.0	0.0	
28.365571281578887	15.07222516047917	0.0	0.0	
28.48563889945132	15.605275395578207	0.0	0.0	
28.282343761212584	16.85061244408226	0.0	0.0	
28.4218586541697	17.85041036311797	0.0	0.0	
28.4804612847876	19.322429929918265	0.0	0.0	
28.44049187616675	19.799619780333863	0.0	0.0	
28.15822292082742	20.718378075749104	0.0	0.0	
27.909247542555068	22.419124077880287	0.0	0.0	
28.04461356676151	22.64140725302355	0.0	0.0	
28.356737333915465	23.80391593427094	0.0	0.0	
28.086643178384033	25.466297191846984	0.0	0.0	
28.262956862434773	25.626862267813515	0.0	0.0	
27.606572338948805	27.397575039454647	0.0	0.0	
28.311165174616004	27.714903450509695	0.0	0.0	
27.639054940867812	28.936177670130544	0.0	0.0	
28.173529930161475	29.7218137713622	0.0	0.0	
27.96143372097745	31.03961798770727	0.0	0.0	
29.16013081958524	0.2014048568898371	0.0	0.0	
29.30349860453115	0.7803667918025967	0.0	0.0	
28.965949363024908	1.8883344303191227	0.0	0.0	
28.88180806157815	2.9096236493539243	0.0	0.0	
28.794293937827295	4.135781151797019	0.0	0.0	
29.49381854846111	4.8587187893828006	0.0	0.0	
29.319612527862603	5.978105323715688	0.0	0.0	
29.312366539164497	7.1388430253127755	0.0	0.0	
28.765171886996665	7.929701960663896	0.0	0.0	
29.25117897916538	9.154435785553334	0.0	0.0	
29.305830592560554	9.805022065305502	0.0	0.0	
28.902457050393053	10.900946664723817	0.0	0.0	
28.918188856974368	12.204573378589451	0.0	0.0	
29.043983691812137	12.935260478367956	0.0	0.0	
29.201011516883035	14.358219341634626	0.0	0.0	
28.670464788098492	15.04157602300016	0.0	0.0	
28.869174702537453	16.181329912391675	0.0	0.0	
29.259394903193794	16.675743612344696	0.0	0.0	
28.77640014675603	17.68709776110041	0.0	0.0	
28.51601326536488	19.32962757794823	0.0	0.0	
29.00144804941907	20.15296124362012	0.0	0.0	
29.098050475013398	20.610892839181563	0.0	0.0	
28.804518372820098	21.944977074880548	0.0	0.0	
29.444291963879603	23.072294675338323	0.0	0.0	
28.831245113773715	23.906113348530546	0.0	0.0	
28.97329492908072	25.17387636040774	0.0	0.0	
28.672650323692547	25.936279850028434	0.0	0.0	
29.193962523674344	26.590356468464286	0.0	0.0	
29.418041474454455	28.428576791581417	0.0	0.0	
29.346141731372803	29.48137539983241	0.0	0.0	
29.32996573616232	29.645254368562796	0.0	0.0	
29.059930177877774	30.60347139245525	0.0	0.0	
30.21013389766077	0.4755880437984139	0.0	0.0	
30.177749008580278	0.7364248171560215	0.0	0.0	
30.47640440532484	1.5487642663461847	0.0	0.0	
29.71591860068764	2.660625440778232	0.0	0.0	
29.929425657553075	3.6346897659142963	0.0	0.0	
29.828235011405134	5.04333500421135	0.0	0.0	
29.64966752564175	6.265658456873562	0.0	0.0	
30.321113843017514	6.597219826760722	0.0	0.0	
29.64167602600495	7.788734178002674	0.0	0.0	
29.996621098729065	9.217223107643811	0.0	0.0	
29.729728229012004	9.51092755418678	0.0	0.0	
29.611555240243558	11.45112253525946	0.0	0.0	
29.66152048958387	12.345357459459873	0.0	0.0	
30.435409735493234	13.49872477432764	0.0	0.0	
30.268895658583105	14.1602934055315	0.0	0.0	
29.990421648357188	15.450937315778015	0.0	0.0	
29.68272698288378	15.68904148192935	0.0	0.0	
30.183991268670045	17.136377472174896	0.0	0.0	
29.529707262822583	17.588308310392044	0.0	0.0	
30.046524184668836	18.947474850164266	0.0	0.0	
29.752821790952222	20.25471267670551	0.0	0.0	
30.02644063524712	20.71319120552021	0.0	0.0	
29.53025625770956	21.563263426073124	0.0	0.0	
30.310008102157102	22.62126329360262	0.0	0.0	
29.681495495470866	24.406043766463856	0.0	0.0	
30.42192963411044	25.027651966624756	0.0	0.0	
29.78481600232837	26.46464574448128	0.0	0.0	
30.170125100203553	27.01536430451185	0.0	0.0	
30.173561169381195	28.393793023782255	0.0	0.0	
29.730963802294873	29.000349013303197	0.0	0.0	
30.0475302626191	29.56015483990087	0.0	0.0	
29.88045693453876	30.841317087662812	0.0	0.0	
30.722108062173323	0.11043636029726689	0.0	0.0	
31.00215569540155	0.8481604577994762	0.0	0.0	
31.038461109315744	1.9005654987151905	0.0	0.0	
30.64896845484958	3.0754698680524415	0.0	0.0	
31.223045632502533	3.762241741654167	0.0	0.0	
31.49080764070956	4.70796788342193	0.0	0.0	
31.05216365988457	6.2003656121885555	0.0	0.0	
30.64156170554131	6.862793617482055	0.0	0.0	
31.315252067631832	8.324542717731658	0.0	0.0	
30.92062561736909	9.169940871327368	0.0	0.0	
30.835797577710274	10.362614364878153	0.0	0.0	
30.57669721438956	11.202891700339793	0.0	0.0	
31.461359109378296	12.091260230727812	0.0	0.0	
31.022122696681695	12.953130001035902	0.0	0.0	
31.438314501282232	13.78081946169911	0.0	0.0	
30.526196351363403	15.324760335662022	0.0	0.0	
30.856700749402986	16.30699413243263	0.0	0.0	
31.12542765497812	16.642030547032622	0.0	0.0	
31.243262273598308	18.297249139017808	0.0	0.0	
30.804617106536675	19.321787788553554	0.0	0.0	
30.94957586676725	20.19583962641569	0.0	0.0	
31.25181262365875	21.224122301219012	0.0	0.0	
30.634128858328527	22.212866540699554	0.0	0.0	
31.245293029780676	23.160551437214263	0.0	0.0	
31.46423938369554	23.61345702915714	0.0	0.0	
30.848812709235983	25.446112519768672	0.0	0.0	
30.51105632135536	26.27127718897717	0.0	0.0	
31.210827862630172	27.345411973270068	0.0	0.0	
30.716574033752387	28.380517221197497	0.0	0.0	
31.10098277923299	29.064812098939242	0.0	0.0	
30.581904110369763	29.91906186408701	0.0	0.0	
30.671389841547064	30.94222609555761	0.0	0.0	
