2
32.0	0.0	0.0	0.0	
0.0	32.0	0.0	0.0	
0.3195561364015158	0.4316385390653622	0.0	0.0	
0.0609952798080311	0.7788362443528344	0.0	0.0	
0.43723898371855185	2.0179565074335883	0.0	0.0	
0.013637507631026669	2.860952168701849	0.0	0.0	
0.3424250840838664	4.26067233649257	0.0	0.0	
0.2871813125041194	5.221296034879822	0.0	0.0	
0.06140007013348736	5.7516892634597845	0.0	0.0	
0.10112924330362683	6.844079233091336	0.0	0.0	
0.20412898304906824	7.976898250289827	0.0	0.0	
0.29513141970998225	8.765185658510372	0.0	0.0	
0.36020353992918397	10.394721644764452	0.0	0.0	
0.1977635071087258	10.890794857530734	0.0	0.0	
0.06270580213432586	11.804852749810186	0.0	0.0	
0.1588235808113555	13.351637779804987	0.0	0.0	
0.35031662200079317	14.096696720349824	0.0	0.0	
0.14126252565937603	15.219336305271915	0.0	0.0	
0.1482533865769593	15.621234098045178	0.0	0.0	
0.44817391993367506	16.648190661943413	0.0	0.0	
0.38312421741867864	18.011910135496905	0.0	0.0	
0.20522587656643698	18.552002251974464	0.0	0.0	
0.26649406101165174	20.182529392197445	0.0	0.0	
0.47641142968952954	20.90366525604494	0.0	0.0	
0.1912316117414582	21.507675902508506	0.0	0.0	
0.13613112417622864	23.017520213655377	0.0	0.0	
0.33386025638268313	23.515854394518698	0.0	0.0	
0.06295658250221847	24.552319888147572	0.0	0.0	
0.3328938160556294	26.346106677288162	0.0	0.0	
0.2661795974774548	26.60140475237266	0.0	0.0	
0.20843936555453102	28.44000500690868	0.0	0.0	
0.21650211693293397	29.321789027344977	0.0	0.0	
0.3464516810897127	30.317786059952212	0.0	0.0	
0.34055752040245046	30.624467282694525	0.0	0.0	
0.9526777629835423	0.1431986747962659	0.0	0.0	
0.5676448607012727	0.9650012751586965	0.0	0.0	
1.252707457923334	1.761688343571074	0.0	0.0	
1.0076940480636953	2.735103374167896	0.0	0.0	
0.5286379209665016	4.135454986358743	0.0	0.0	
1.1511448836729756	5.258259113847625	0.0	0.0	
0.7689734049743329	6.365903951078359	0.0	0.0	
1.0334427280152803	7.358305039953126	0.0	0.0	
1.0756112517368424	8.269153707853777	0.0	0.0	
1.3877682467629882	8.652952249263569	0.0	0.0	
1.242323415681551	10.039080978095498	0.0	0.0	
0.5530364508901764	11.070627690474753	0.0	0.0	
0.5164711950064947	11.99940178154304	0.0	0.0	
1.137196077767849	12.960990350005835	0.0	0.0	
0.8722190653042077	13.837587990016416	0.0	0.0	
1.3491977723249065	15.203012219094136	0.0	0.0	
1.0402699744066566	15.891487969944247	0.0	0.0	
0.787530250502511	16.63138921637906	0.0	0.0	
1.3743736010175915	18.29072345402586	0.0	0.0	
0.7175519250218159	19.492466522680314	0.0	0.0	
1.1396222594335752	20.419692667823245	0.0	0.0	
1.300501766522206	20.777812659515572	0.0	0.0	
1.2173848319625147	21.830763840858545	0.0	0.0	
1.4163650241154557	22.50156284905976	0.0	0.0	
0.8187561898354699	23.977595918333634	0.0	0.0	
0.8483790953843999	24.926153257807186	0.0	0.0	
0.8899868675678675	26.355874355855477	0.0	0.0	
1.359912664685355	26.931779047617717	0.0	0.0	
0.9878099344253916	28.20869960532424	0.0	0.0	
0.9133439305366041	29.436239454472986	0.0	0.0	
0.9036720864227289	29.779761779708732	0.0	0.0	
1.2080952593623357	31.390414180193797	0.0	0.0	
2.163789676235023	0.13335908888952275	0.0	0.0	
2.2894577533110603	1.4644399039815643	0.0	0.0	
1.8070035734980041	1.719799545995154	0.0	0.0	
1.6125644145809441	3.172818889721751	0.0	0.0	
1.5997174080070535	4.457938069500109	0.0	0.0	
1.7539108667546888	4.802489375106357	0.0	0.0	
2.173403228356066	6.232247387321135	0.0	0.0	
1.9182300821587592	6.78234799886926	0.0	0.0	
2.045837681114744	7.560482658498422	0.0	0.0	
1.6422120544569014	8.610492979298055	0.0	0.0	
1.5699836233552293	10.493313990579358	0.0	0.0	
2.306900009508528	11.101256034878228	0.0	0.0	
1.5057708787878799	12.276451918762968	0.0	0.0	
2.2204100833476432	13.343954682191754	0.0	0.0	
1.928812505722496	14.249851125154658	0.0	0.0	
1.9521735803403342	14.618304444693674	0.0	0.0	
1.6341771262705733	16.451160386404894	0.0	0.0	
2.005779258300094	16.815414269221147	0.0	0.0	
2.3351071351335526	18.286284636668896	0.0	0.0	
1.587351355831462	18.82738594771093	0.0	0.0	
2.4928794381915957	19.67190943029515	0.0	0.0	
2.257059616436224	21.341933866733537	0.0	0.0	
2.091796447224247	21.541174303724212	0.0	0.0	
1.82431991886068	23.342043979484767	0.0	0.0	
2.3502125107253287	24.390823028822414	0.0	0.0	
1.7846586496574797	24.79446574719463	0.0	0.0	
1.578635069934995	26.165160993641457	0.0	0.0	
1.8914808560223488	26.808963644845285	0.0	0.0	
2.3538884171312473	28.06681541831548	0.0	0.0	
2.3478571127280854	28.69957120359358	0.0	0.0	
1.5045517353899651	30.45843292834732	0.0	0.0	
1.6650707963084515	31.05491781286146	0.0	0.0	
2.7482129587929434	0.017404230315664404	0.0	0.0	
3.3827504612228325	1.4068739320106978	0.0	0.0	
3.484941055494517	2.110963128522954	0.0	0.0	
2.679705168644658	2.538325515061704	0.0	0.0	
3.3479710212894997	4.040259267949412	0.0	0.0	
2.8755700034221623	4.910992337080655	0.0	0.0	
3.0758209037269553	6.448489608167897	0.0	0.0	
3.4929447166707606	6.81308213239617	0.0	0.0	
3.4303740259884394	8.3150719201804	0.0	0.0	
3.329143904336982	8.603294753262938	0.0	0.0	
2.6843127648816667	9.578570064122074	0.0	0.0	
2.5623546248451263	11.455980765255111	0.0	0.0	
3.255515183762661	11.573845906243813	0.0	0.0	
2.92043320147941	12.952671572666038	0.0	0.0	
2.9575205119681724	14.212286832169132	0.0	0.0	
3.4113409418323855	15.329561789180818	0.0	0.0	
3.444431135511258	16.239713150565102	0.0	0.0	
2.9151316905845053	16.595750747009237	0.0	0.0	
3.1553993827177402	17.865779800021482	0.0	0.0	
2.8953880934695935	18.858125335843926	0.0	0.0	
3.0026839533439063	20.331031421975126	0.0	0.0	
2.79658906826949	21.299693403977027	0.0	0.0	
3.1740665457856743	21.809302836850687	0.0	0.0	
3.1927481917916847	23.241608017271304	0.0	0.0	
3.4465986690236314	23.86735587442696	0.0	0.0	
3.142308937963409	25.004936252775337	0.0	0.0	
2.576846429713024	26.060855083948844	0.0	0.0	
2.926710953241342	27.133079226522646	0.0	0.0	
3.2242670262955695	27.6035409623532	0.0	0.0	
2.758116580884739	29.304733753685884	0.0	0.0	
2.697385265910091	30.427989544112943	0.0	0.0	
3.292084915454709	30.65123597506449	0.0	0.0	
4.449600251575645	0.27456002258350143	0.0	0.0	
4.412123420506951	1.3610762741059355	0.0	0.0	
4.172640595803419	2.045229513833545	0.0	0.0	
4.328980014589702	3.175020691277796	0.0	0.0	
3.560906884403651	3.9584055031333074	0.0	0.0	
3.8386649679623903	5.158590198875421	0.0	0.0	
3.543559112308077	5.911210019592989	0.0	0.0	
4.194867603312707	7.088849682342816	0.0	0.0	
3.6158428732646177	8.214529555495288	0.0	0.0	
4.458267402803099	8.925372528171012	0.0	0.0	
4.376139540578719	10.289574568050014	0.0	0.0	
3.7733456698170866	11.210969760776054	0.0	0.0	
3.9780616183257096	12.237673424929001	0.0	0.0	
4.074364045525465	12.741871168756177	0.0	0.0	
3.828416946064772	13.934850847866786	0.0	0.0	
4.389757004374771	14.730435050581349	0.0	0.0	
3.518085596167866	16.444702769039928	0.0	0.0	
4.485769715674697	16.66501166636627	0.0	0.0	
4.07411324241892	17.990455359887957	0.0	0.0	
4.0134878155558456	18.625459498980998	0.0	0.0	
4.260508459845479	20.265860737674444	0.0	0.0	
3.6243359683015903	21.002524432379968	0.0	0.0	
3.6625756715652678	21.848059939962116	0.0	0.0	
3.9981232285158295	23.21891577169179	0.0	0.0	
4.067510346003949	23.87078548900673	0.0	0.0	
3.976426399437737	25.233055292116372	0.0	0.0	
4.1388936488373735	26.399136697391743	0.0	0.0	
4.47002241953912	27.27095766742288	0.0	0.0	
4.079165768851486	27.91501377584069	0.0	0.0	
3.82792982967027	28.722446868536224	0.0	0.0	
4.121415181677656	29.625485740202446	0.0	0.0	
4.233398843926594	31.187021520975232	0.0	0.0	
5.187930423382643	0.4626284960856325	0.0	0.0	
5.072874322548659	0.8548718129785	0.0	0.0	
5.121903238838463	1.8320964860679014	0.0	0.0	
5.4902992487068705	3.126205177859774	0.0	0.0	
4.562207814492358	3.8912662905147406	0.0	0.0	
4.666517440889308	4.604530659142491	0.0	0.0	
4.869238644466012	5.688027490844776	0.0	0.0	
4.767296171758997	7.492201634433942	0.0	0.0	
4.881795237672032	8.248442334517437	0.0	0.0	
4.712707820872225	9.075615079335243	0.0	0.0	
4.974127769886668	10.39496679261645	0.0	0.0	
5.354456637048245	11.284238610414924	0.0	0.0	
4.966140355628662	12.398251239562326	0.0	0.0	
5.203939842048839	12.971033358893898	0.0	0.0	
4.504708638255934	13.893886785693326	0.0	0.0	
4.832191508870721	15.301996513603044	0.0	0.0	
4.582360983007886	16.259686321339014	0.0	0.0	
4.817562383759342	17.02024532385075	0.0	0.0	
5.317670409858344	18.349059820254656	0.0	0.0	
5.0964413542236	19.2158154410307	0.0	0.0	
4.861649120710427	20.38093335089985	0.0	0.0	
4.586719028930504	21.003296025858315	0.0	0.0	
4.687563426912444	22.210570737754722	0.0	0.0	
4.685100988588478	22.738280834830512	0.0	0.0	
4.856739157997117	24.09753632256823	0.0	0.0	
5.295400550224805	25.025267190173775	0.0	0.0	
5.081963939057005	25.91861219166418	0.0	0.0	
5.055509534840873	26.824679328235185	0.0	0.0	
4.7167888244943414	28.442320515546136	0.0	0.0	
4.837371498145041	28.88381342839483	0.0	0.0	
4.857827049206758	30.20383822362029	0.0	0.0	
4.760558734472355	30.963948684946224	0.0	0.0	
6.276634083236017	0.29910240234199414	0.0	0.0	
6.3824222219329645	1.3774678941286955	0.0	0.0	
6.231669611979565	1.7726239721314407	0.0	0.0	
6.31784516168942	3.069651884469594	0.0	0.0	
6.386193824847212	4.408992083190018	0.0	0.0	
5.572715147127116	5.0758602163793585	0.0	0.0	
5.64488032215137	5.605655144305626	0.0	0.0	
5.938581891104507	6.814958749467334	0.0	0.0	
6.484620978784993	7.930271325082367	0.0	0.0	
6.176069847951092	8.977649940152137	0.0	0.0	
5.967295797564083	10.071709033933681	0.0	0.0	
5.8825215559277995	10.811454333413785	0.0	0.0	
5.541493076436275	11.573313563664644	0.0	0.0	
6.473076967353731	13.208904658795479	0.0	0.0	
6.160667097044556	13.808021639294335	0.0	0.0	
5.913967802615322	14.999104173432691	0.0	0.0	
6.124199366425227	16.29520532963506	0.0	0.0	
5.620276906966875	16.557950801373277	0.0	0.0	
6.207707601462676	17.94386046623201	0.0	0.0	
6.197050995165914	18.623350783814452	0.0	0.0	
6.263327828013396	19.58723665546473	0.0	0.0	
6.459338573817763	20.729219355409597	0.0	0.0	
6.072862715309733	22.0768347607735	0.0	0.0	
6.365307596277029	22.556237230893565	0.0	0.0	
5.6491243775175874	24.30388493869637	0.0	0.0	
5.911348731432636	25.2050083468516	0.0	0.0	
6.371539051499916	26.32709991658749	0.0	0.0	
6.095888217460923	27.36090502233864	0.0	0.0	
6.192133631441852	28.099258325826177	0.0	0.0	
6.059556716118363	28.74940614971047	0.0	0.0	
6.36888964242212	29.648961429017156	0.0	0.0	
5.598375248603427	30.882026457806873	0.0	0.0	
6.642251603244713	0.22103548195562073	0.0	0.0	
6.680445159134487	1.2067538836721226	0.0	0.0	
6.51696599535387	1.7781150271939454	0.0	0.0	
6.786482864039586	3.491903847785995	0.0	0.0	
7.234060037117309	4.49913827976383	0.0	0.0	
7.159791952937438	5.169547511716997	0.0	0.0	
6.969579986745045	5.683131268642805	0.0	0.0	
6.806888719398456	6.933308952790286	0.0	0.0	
6.53445992587643	7.900680198812518	0.0	0.0	
6.999659264463642	9.17915540812382	0.0	0.0	
6.8452670499507	10.4631831222378	0.0	0.0	
6.51116511155143	11.034949673320856	0.0	0.0	
6.570532528114232	11.511937962856898	0.0	0.0	
6.507485497968244	13.011998231275767	0.0	0.0	
7.00129174583245	13.592269265981347	0.0	0.0	
7.218937616336333	14.751510227911101	0.0	0.0	
6.56157703379292	15.659404213073447	0.0	0.0	
7.433216024661552	16.650205155037373	0.0	0.0	
6.7929348279584465	18.387872271470844	0.0	0.0	
7.419147517783472	18.688800895751772	0.0	0.0	
7.312892164305014	20.031066351882334	0.0	0.0	
6.80582488472073	21.431727585045152	0.0	0.0	
6.9319323667815285	22.18911922674967	0.0	0.0	
7.270789633628205	22.807046548516265	0.0	0.0	
7.346905363624617	23.998435933904208	0.0	0.0	
6.853977614513284	25.039938059256794	0.0	0.0	
6.823814496780745	25.63036021687839	0.0	0.0	
7.027860624635014	27.32894875770902	0.0	0.0	
7.018188260640534	28.199679073005758	0.0	0.0	
7.471995407981744	29.140606708109033	0.0	0.0	
7.09250378855361	30.08469181883879	0.0	0.0	
6.952612935531909	31.395758231761466	0.0	0.0	
8.243117196128289	0.07892632462276139	0.0	0.0	
8.18220922631013	1.1837105066185551	0.0	0.0	
7.7523622839362405	2.341083002809993	0.0	0.0	
7.6339698702558305	3.407283759174305	0.0	0.0	
7.97427366026246	3.6709783766745367	0.0	0.0	
8.144315234112625	4.922897924026516	0.0	0.0	
7.646099849117401	6.392770422598045	0.0	0.0	
7.695479164590184	7.099684527798996	0.0	0.0	
7.801691413814445	8.429636594939034	0.0	0.0	
7.629908671279571	8.51729159058017	0.0	0.0	
7.7370469298724025	10.114976735073242	0.0	0.0	
7.91264396731286	11.213248595284261	0.0	0.0	
7.807695872754819	12.340663461426006	0.0	0.0	
7.559789542310082	12.621145742408743	0.0	0.0	
7.779717854280255	13.90842364676428	0.0	0.0	
7.650708883092572	14.929651134607946	0.0	0.0	
7.760360133814546	16.13326937721587	0.0	0.0	
8.020495288768334	17.437148883107664	0.0	0.0	
8.076814592805245	17.918089434061375	0.0	0.0	
7.739513041683936	19.47212122221399	0.0	0.0	
7.551331303016781	19.74359933064825	0.0	0.0	
7.992829612502981	20.962443830736852	0.0	0.0	
7.544119545181993	21.540179348714556	0.0	0.0	
7.556117704682056	23.03318635110135	0.0	0.0	
8.303593192885726	24.136766429990967	0.0	0.0	
7.90042157362233	25.31411939536258	0.0	0.0	
8.35164626835494	25.528901745634734	0.0	0.0	
7.960933103485273	27.454843083841144	0.0	0.0	
8.192413325137647	28.459626822643433	0.0	0.0	
8.426888855953248	29.027466447640414	0.0	0.0	
7.593560169293952	30.18704210502131	0.0	0.0	
8.379006499057667	30.622663616820923	0.0	0.0	
9.178697273630961	0.13934568340982412	0.0	0.0	
8.872459653263299	1.1720267256055266	0.0	0.0	
9.204964853245073	1.7749790290771004	0.0	0.0	
9.136335433264557	3.080429711484161	0.0	0.0	
8.58531278967761	3.957397492513098	0.0	0.0	
8.704994620110645	4.855105351030483	0.0	0.0	
8.925507864932346	6.0823641387415455	0.0	0.0	
8.848610407249774	7.254498710209788	0.0	0.0	
9.359440580929164	8.349463605202459	0.0	0.0	
8.589278254789571	9.284631452971427	0.0	0.0	
9.11990030636816	9.681062963343951	0.0	0.0	
8.80639943848251	11.141707868255052	0.0	0.0	
8.989594505616711	12.007840369941178	0.0	0.0	
9.074829839136012	13.068826926556806	0.0	0.0	
8.547850352354375	13.75069714306601	0.0	0.0	
9.314783580649017	14.802401360967332	0.0	0.0	
8.89000879611012	15.638890445562057	0.0	0.0	
9.477153604412132	16.83011963120208	0.0	0.0	
8.796611584090135	17.89994811855971	0.0	0.0	
8.672448627727526	19.108665961982332	0.0	0.0	
9.000943975176325	20.227023165971055	0.0	0.0	
8.756987954692468	21.289718881786055	0.0	0.0	
9.410963545154184	22.2594050438258	0.0	0.0	
8.539815453378985	22.950179527765197	0.0	0.0	
9.464412089969167	23.58222906569731	0.0	0.0	
8.7607692883439	25.4937965460826	0.0	0.0	
8.973167203168128	26.483893472497495	0.0	0.0	
8.83194395970815	27.347178972009104	0.0	0.0	
9.009205079971558	28.251971352915664	0.0	0.0	
9.429834548533444	29.19873554822609	0.0	0.0	
9.210529064375848	29.884317036009126	0.0	0.0	
9.28332724974103	31.076856315550852	0.0	0.0	
10.05197719231453	0.4924003523146092	0.0	0.0	
10.330009420883414	0.6583247880451021	0.0	0.0	
10.008545887523475	1.9396721135497055	0.0	0.0	
10.126456625039099	2.8255440918064947	0.0	0.0	
10.458020228330044	4.044519717443129	0.0	0.0	
9.77978933573236	4.702589731282092	0.0	0.0	
10.295922461216968	6.130027901672066	0.0	0.0	
10.475057907932475	6.621502697256036	0.0	0.0	
9.996014722780698	8.0479328554892	0.0	0.0	
10.077209507344822	8.553348989805846	0.0	0.0	
9.720423421199495	9.884968291769013	0.0	0.0	
9.528165125163778	10.548613273695416	0.0	0.0	
9.726499611944408	11.925740029459662	0.0	0.0	
10.195930339808626	12.913814155639434	0.0	0.0	
9.761006443338987	13.920399716095199	0.0	0.0	
10.01907726641688	15.365797937608358	0.0	0.0	
9.894246317185903	16.250658396511664	0.0	0.0	
10.194506799575624	16.84793708431337	0.0	0.0	
10.474407488496277	17.902861987215495	0.0	0.0	
10.176554082621918	19.324410870791052	0.0	0.0	
9.50684470189171	19.911657041347265	0.0	0.0	
10.026281162340181	20.53874094640698	0.0	0.0	
9.707515394103178	22.496640988215777	0.0	0.0	
9.5440955351326	23.284812583165184	0.0	0.0	
10.279497749330197	24.35378079261302	0.0	0.0	
9.778359200406857	24.592370017654208	0.0	0.0	
9.73604113844572	25.674903550400426	0.0	0.0	
9.888175756487993	26.54739023604228	0.0	0.0	
10.35534095992798	28.393719072908883	0.0	0.0	
10.25491232266006	29.132409987813084	0.0	0.0	
10.39016144793659	30.24682634582111	0.0	0.0	
10.042999267007106	30.52676809772052	0.0	0.0	
10.700053849421238	0.4067262517395055	0.0	0.0	
11.089613016981751	1.3007318491064805	0.0	0.0	
11.235027462700726	1.9903663244312044	0.0	0.0	
10.844332092132802	3.3150672447247103	0.0	0.0	
11.32350495023622	3.537356916240519	0.0	0.0	
10.650421647889125	5.394952336036338	0.0	0.0	
11.44525397812831	6.066797855382974	0.0	0.0	
11.01535479843649	7.463560932241424	0.0	0.0	
11.054911988788618	7.88231897796247	0.0	0.0	
11.176866153572567	8.580003001494992	0.0	0.0	
10.862709912321542	10.49864570288607	0.0	0.0	
10.749535652228001	10.827603269680782	0.0	0.0	
11.118503642173039	12.015299728056362	0.0	0.0	
10.774328761490441	12.668196879119387	0.0	0.0	
11.424355076239465	13.54565366344509	0.0	0.0	
11.066678412477485	14.516143243324958	0.0	0.0	
10.738873209240863	15.565340137696882	0.0	0.0	
10.512834085524762	16.923440296868286	0.0	0.0	
10.688771499940412	17.749728291660208	0.0	0.0	
10.971107992351794	18.754907405409863	0.0	0.0	
11.474509117964903	20.298393847677463	0.0	0.0	
10.510911052522635	21.295784828422292	0.0	0.0	
11.092247315829725	22.208670544792046	0.0	0.0	
11.212625646402376	22.73110769721739	0.0	0.0	
11.253956139790667	24.41594265385507	0.0	0.0	
10.50979876386032	25.0439180399699	0.0	0.0	
11.124139609912996	26.136803134397532	0.0	0.0	
10.810102200526261	27.305682865966663	0.0	0.0	
11.168813693729469	28.091639317907486	0.0	0.0	
11.438413598954554	28.962443097171338	0.0	0.0	
10.652987179650195	29.519275905889586	0.0	0.0	
10.604181190442535	30.951001314734384	0.0	0.0	
11.51892625773591	0.03150475199765679	0.0	0.0	
12.376039679336897	0.6255454837154265	0.0	0.0	
12.21599983474757	1.6715466328262436	0.0	0.0	
11.641525256655207	3.089031515203215	0.0	0.0	
12.46509765019881	3.5878531742953292	0.0	0.0	
12.339034310314746	5.315155182715606	0.0	0.0	
11.593216451300478	6.493627280888985	0.0	0.0	
12.040851871865739	6.823485099377381	0.0	0.0	
12.3917167118688	7.657593567063067	0.0	0.0	
11.9580409648471	9.427233443695952	0.0	0.0	
12.387408380171129	10.15665078494276	0.0	0.0	
12.32147680491211	11.31712714865789	0.0	0.0	
12.107488740093915	11.770485210840038	0.0	0.0	
12.383731460026413	13.244534214278307	0.0	0.0	
12.331258558726304	13.943208566867476	0.0	0.0	
11.75263944052412	15.426956496868973	0.0	0.0	
11.675722144041854	16.436406818965768	0.0	0.0	
11.88324616832394	17.12615219257095	0.0	0.0	
12.244659648612842	18.489360136565487	0.0	0.0	
12.389478942810747	18.738317783726067	0.0	0.0	
11.63526486608527	20.304538681408822	0.0	0.0	
11.634315224797556	20.894477972106028	0.0	0.0	
11.524089690673378	22.39505979942934	0.0	0.0	
11.603220444798628	23.393075671431525	0.0	0.0	
11.528834077320468	24.108022067815316	0.0	0.0	
12.302393624860558	25.125638308012668	0.0	0.0	
12.13743184811184	26.13204697302899	0.0	0.0	
12.21211530291938	27.423206150023653	0.0	0.0	
11.801665632407806	27.654764288310094	0.0	0.0	
12.1158532316089	28.83356744236114	0.0	0.0	
12.137993711753776	30.268325575818665	0.0	0.0	
12.198138231387002	30.726082027251763	0.0	0.0	
12.910443298619185	0.40735713422512365	0.0	0.0	
12.73558542236537	0.855744927910439	0.0	0.0	
12.847145447116873	1.5588283431437482	0.0	0.0	
13.090585160713355	2.9018018485971995	0.0	0.0	
13.31739005519026	3.661070336564326	0.0	0.0	
12.643312809172407	4.9240897964353065	0.0	0.0	
12.770901161095548	6.2297275629132525	0.0	0.0	
13.03978759792218	7.2772896856213265	0.0	0.0	
12.929432333269844	7.813790572967214	0.0	0.0	
13.322232192675436	9.182279778801403	0.0	0.0	
13.227496590873788	10.473745757111395	0.0	0.0	
12.70945742770094	11.086806853050549	0.0	0.0	
13.165736829608834	12.480178424429363	0.0	0.0	
12.915636225824965	13.261802472265401	0.0	0.0	
12.720147764871582	13.634775828397048	0.0	0.0	
13.444783877684543	14.815793153536083	0.0	0.0	
13.371019805531063	16.23272647644658	0.0	0.0	
12.763269416779053	17.121778775329183	0.0	0.0	
13.38067547186254	18.067975257924687	0.0	0.0	
13.36163879529294	19.189108549146766	0.0	0.0	
13.044853985564961	20.03381435985756	0.0	0.0	
12.901844760737559	21.124517936662972	0.0	0.0	
12.827703984274763	21.970983232130067	0.0	0.0	
12.905024652696923	22.580256531358142	0.0	0.0	
13.030874996261261	24.380689370902665	0.0	0.0	
13.155818820529952	24.669671908827265	0.0	0.0	
12.980514268884624	25.764178139917018	0.0	0.0	
12.837094513232955	27.23730782460281	0.0	0.0	
12.75417490636109	27.764133076705118	0.0	0.0	
12.795573281334253	29.305975576644332	0.0	0.0	
13.083848962415136	29.920027723943335	0.0	0.0	
13.465749932704924	30.987837149923873	0.0	0.0	
13.92976528465721	0.07114989182935316	0.0	0.0	
14.138322899635313	0.6235579651751367	0.0	0.0	
14.000058530269664	2.2037585919103297	0.0	0.0	
14.385205338894282	3.467076250868991	0.0	0.0	
14.100807592326868	3.9649920278027957	0.0	0.0	
13.76248120274815	5.148608579574436	0.0	0.0	
13.701198920188904	5.746425254864629	0.0	0.0	
14.074732716851425	7.072045254373476	0.0	0.0	
14.23512432677652	8.382555229562307	0.0	0.0	
14.159549073769455	8.83850988251087	0.0	0.0	
13.774185756488853	10.413838254953456	0.0	0.0	
13.590318651493911	11.187075241414357	0.0	0.0	
14.279714435220392	11.802436784607528	0.0	0.0	
13.830051789090726	13.389016435058947	0.0	0.0	
14.402359652614704	14.353243782844006	0.0	0.0	
14.434794462207552	14.96448515232975	0.0	0.0	
13.639249593128563	15.530926140496218	0.0	0.0	
14.200211891237696	16.757374024929636	0.0	0.0	
13.542170327837534	18.147063088867203	0.0	0.0	
13.701277639842615	18.545474889451253	0.0	0.0	
14.19353658298574	20.47614350780338	0.0	0.0	
14.45933913462251	21.148836767379052	0.0	0.0	
14.112798971332843	22.16799059602802	0.0	0.0	
13.619970104971312	22.81457628422813	0.0	0.0	
13.637157495351891	24.294329713586627	0.0	0.0	
14.284588999805372	24.99811177192192	0.0	0.0	
13.745681724774952	26.429081036079573	0.0	0.0	
14.259408908818129	27.175224933234404	0.0	0.0	
13.97647182728651	27.788077798035395	0.0	0.0	
13.981196019929989	28.9949975292484	0.0	0.0	
13.851187868191023	29.611012743186	0.0	0.0	
14.198436137109006	30.824820435728537	0.0	0.0	
14.574754353029817	0.22941646446113473	0.0	0.0	
15.120969795188609	0.8094985740107997	0.0	0.0	
15.355338902508045	2.012430086767176	0.0	0.0	
15.266415631548213	2.7440788933234894	0.0	0.0	
15.201398924093533	4.184622676631843	0.0	0.0	
15.261628883273046	5.0510941688595	0.0	0.0	
15.468272413628254	6.117645840126117	0.0	0.0	
14.596119231624865	6.667499633782139	0.0	0.0	
15.315159285846224	7.964884044252752	0.0	0.0	
15.006112894453018	9.243537563005557	0.0	0.0	
14.75886054325809	9.650611115620686	0.0	0.0	
15.296949370600077	10.854022156631128	0.0	0.0	
14.562069655846608	12.300459756739992	0.0	0.0	
15.206946157060571	12.865779772269768	0.0	0.0	
15.317955279019452	14.415796828017186	0.0	0.0	
14.92923007469259	14.694350668177277	0.0	0.0	
15.269248332573289	16.356959760275334	0.0	0.0	
14.627322467174828	17.413678766698453	0.0	0.0	
14.960885636978047	17.990195965924478	0.0	0.0	
15.293732722268976	18.517836716338827	0.0	0.0	
15.445372480531574	19.53483351335939	0.0	0.0	
14.701985273334367	20.951003823169895	0.0	0.0	
15.113533075159364	21.952792092039918	0.0	0.0	
14.759162618681605	23.23754026446404	0.0	0.0	
14.6777760769932	23.91723493590265	0.0	0.0	
15.204412853743317	24.67091778330881	0.0	0.0	
15.042454059538967	26.220971468425027	0.0	0.0	
15.437508059858587	26.78625023007413	0.0	0.0	
14.902614720183909	28.332131061771676	0.0	0.0	
14.940538459678585	29.062675568905764	0.0	0.0	
15.2712728991499	30.09033595272165	0.0	0.0	
14.534454291223824	31.207955201772076	0.0	0.0	
15.518684540362427	0.42004604127274103	0.0	0.0	
15.701385359167539	1.3742101139635219	0.0	0.0	
16.390841138209716	2.1199784413426066	0.0	0.0	
16.31198967023719	2.649264798924043	0.0	0.0	
15.552831815992244	4.319505193628426	0.0	0.0	
15.587544733684112	4.875906676769809	0.0	0.0	
16.207620524278642	5.637085775767447	0.0	0.0	
15.55168537088958	7.413375372032263	0.0	0.0	
16.10644156385319	7.750968442771249	0.0	0.0	
16.118606440567294	8.683771485881023	0.0	0.0	
15.668331743673425	10.009812592905803	0.0	0.0	
16.18056699229551	11.29323064707268	0.0	0.0	
16.41289904700083	12.34026953389685	0.0	0.0	
16.447196865955554	12.573954365541066	0.0	0.0	
15.540599694068328	14.102160492515855	0.0	0.0	
15.698330508564087	14.958716283302982	0.0	0.0	
15.813291275424536	16.411471177119445	0.0	0.0	
15.980329166871439	17.412512519144016	0.0	0.0	
16.45986471208217	17.730213829922157	0.0	0.0	
15.717480685386162	19.045522495493007	0.0	0.0	
16.291249268299296	20.215653072246326	0.0	0.0	
16.346051913897412	21.339867368683432	0.0	0.0	
16.13377943601555	21.833949160074983	0.0	0.0	
16.091672333354175	23.400070561817113	0.0	0.0	
15.847679731413017	24.128489203558324	0.0	0.0	
15.729926480934598	24.777644130208667	0.0	0.0	
15.906741266597434	25.55376522841022	0.0	0.0	
15.822426202278303	27.098695860263675	0.0	0.0	
15.609187249087267	28.360766825769133	0.0	0.0	
16.426623571682164	29.00117702727381	0.0	0.0	
15.820826670835862	29.961374947048274	0.0	0.0	
15.619840016343348	30.72406858325635	0.0	0.0	
17.250899346850403	0.4401661656272614	0.0	0.0	
17.367083575386378	1.3480779561857041	0.0	0.0	
16.734429489361183	1.695033512652336	0.0	0.0	
17.49142051124193	2.865896195384037	0.0	0.0	
16.855453107210938	4.089893220184263	0.0	0.0	
16.83710620924801	4.577747722050371	0.0	0.0	
16.776645796967465	5.540493169060839	0.0	0.0	
16.86690801452189	7.184335819735648	0.0	0.0	
16.57079255879488	7.807360985082028	0.0	0.0	
17.354170566365575	9.378659715232738	0.0	0.0	
17.124495986410423	10.274249520103034	0.0	0.0	
17.224921311668602	11.07692604022322	0.0	0.0	
16.65355820772652	12.37510695513939	0.0	0.0	
17.070476931834474	13.274489837429147	0.0	0.0	
17.26225745227849	13.728575381131465	0.0	0.0	
16.72643615855574	15.04163754387191	0.0	0.0	
16.545672720137713	15.698620100969515	0.0	0.0	
17.273343602722562	17.36252005915526	0.0	0.0	
17.156736893470782	17.78355313285587	0.0	0.0	
17.031378859913836	18.91536853383414	0.0	0.0	
17.13069668378074	20.372005390899073	0.0	0.0	
17.32770846984053	21.069130081769465	0.0	0.0	
17.021679056269093	21.85539466934247	0.0	0.0	
17.184691673552113	23.05727784175494	0.0	0.0	
16.69515576841594	23.82271249572018	0.0	0.0	
17.350908668126475	25.02394466716837	0.0	0.0	
17.15722256682032	25.868846002371374	0.0	0.0	
17.426021587151695	26.52403960079525	0.0	0.0	
17.235508150540877	28.25946574108319	0.0	0.0	
16.583573901769647	29.414455392083457	0.0	0.0	
16.624489648550504	29.507326680470698	0.0	0.0	
17.08882030193789	31.299289236767	0.0	0.0	
17.764193841584373	0.38547559898481487	0.0	0.0	
17.652071474911015	0.6797689423059272	0.0	0.0	
18.12199597057418	1.6641179719519272	0.0	0.0	
18.392027933527206	3.13959678868742	0.0	0.0	
18.269169049048113	3.9814260807862083	0.0	0.0	
17.814711330269667	5.213413002612885	0.0	0.0	
18.44342992440206	5.552679245689936	0.0	0.0	
17.50401632206074	6.980551873844777	0.0	0.0	
18.466886256024697	8.415522875134947	0.0	0.0	
18.31633881599026	8.703895886465718	0.0	0.0	
18.145962650156246	9.676296596177577	0.0	0.0	
18.213609524611243	10.57761595829382	0.0	0.0	
18.158930967864684	12.174333444930337	0.0	0.0	
17.919449225522275	13.193491579672477	0.0	0.0	
18.050573206869846	14.322054656541782	0.0	0.0	
17.56496563988561	14.745699036518136	0.0	0.0	
17.757043222359695	16.197169332372425	0.0	0.0	
18.110616206028098	17.485697392991085	0.0	0.0	
18.389809995905896	18.473156666875443	0.0	0.0	
18.170483747917192	18.922071949382428	0.0	0.0	
18.3957520486713	20.125620684472864	0.0	0.0	
18.059834715218788	20.81420725283646	0.0	0.0	
17.591852385683044	22.03754727087032	0.0	0.0	
18.297191461282313	22.91215985922653	0.0	0.0	
17.712414836402424	24.090844531777257	0.0	0.0	
18.222020251086615	24.93676179599774	0.0	0.0	
17.646011109838845	25.63917988758398	0.0	0.0	
18.332716671564878	26.776113630095438	0.0	0.0	
17.879862114428917	28.10298410874927	0.0	0.0	
18.198536568745325	29.160463640193164	0.0	0.0	
17.845438069478472	30.19221935703782	0.0	0.0	
17.765888423183934	31.03806318265106	0.0	0.0	
18.53752603992499	0.07368658715766074	0.0	0.0	
19.49048183164532	0.6600565167185263	0.0	0.0	
19.095506703452543	1.5115543690616033	0.0	0.0	
19.332689388827028	2.59711083757179	0.0	0.0	
18.51171996410669	3.742125661742899	0.0	0.0	
19.3875184400047	4.807077499478811	0.0	0.0	
19.199471047542957	5.752826180214149	0.0	0.0	
19.33436357639346	6.751252670469514	0.0	0.0	
19.177971086560994	7.789338436183055	0.0	0.0	
19.155560116876853	8.800527521334654	0.0	0.0	
18.833729945737836	10.235604058175774	0.0	0.0	
19.453961815479026	11.325739109907282	0.0	0.0	
19.04061606733802	11.782196602011508	0.0	0.0	
18.54937715832584	12.956561848765356	0.0	0.0	
18.640700242680808	13.723585498929571	0.0	0.0	
18.611417164635984	15.317993169182671	0.0	0.0	
19.3718827286328	16.316915933817434	0.0	0.0	
18.562685149514323	17.14497739006099	0.0	0.0	
18.915482060612057	17.831652686430942	0.0	0.0	
19.30149256253645	19.020170456479317	0.0	0.0	
19.344107419659682	20.326578237350706	0.0	0.0	
19.295701086206336	20.79570349421063	0.0	0.0	
19.124067830858195	22.45963971403768	0.0	0.0	
19.02475938001109	23.138828766793353	0.0	0.0	
18.91426202516934	24.201712093434637	0.0	0.0	
19.088735042760185	24.91870333888626	0.0	0.0	
18.962917246815497	26.365404158669453	0.0	0.0	
18.555336549203496	27.476598546318673	0.0	0.0	
19.113627341903285	27.827355390076125	0.0	0.0	
18.65020595699781	29.069919265078493	0.0	0.0	
19.223461282749472	30.319979607972545	0.0	0.0	
18.53464600150802	31.273626767011823	0.0	0.0	
19.72376277090079	0.29533641907302577	0.0	0.0	
19.670855661442374	1.46831279938554	0.0	0.0	
20.087199226287368	2.4206599286194184	0.0	0.0	
19.939162659620344	3.274647265037104	0.0	0.0	
19.916267917644685	3.9554293005160606	0.0	0.0	
19.90807094586291	4.510992114432628	0.0	0.0	
20.00049221828209	6.108757103566947	0.0	0.0	
19.620575224013052	7.332120699248892	0.0	0.0	
19.767451001502508	7.790378421914642	0.0	0.0	
20.085026852701393	8.543745902683405	0.0	0.0	
20.487520052816983	10.187906293913956	0.0	0.0	
20.379699442680135	10.556253148471496	0.0	0.0	
19.79128388744386	11.683571392129352	0.0	0.0	
20.23643137275804	13.093805782917784	0.0	0.0	
20.245660113023916	14.10934836570096	0.0	0.0	
19.79371406125307	14.794291728919289	0.0	0.0	
19.663587976241104	16.290077546339425	0.0	0.0	
19.988039315994225	16.990091193796985	0.0	0.0	
19.523251516727377	17.791646383483418	0.0	0.0	
19.982707586614378	19.197509793095637	0.0	0.0	
20.46754016552352	19.75317994363103	0.0	0.0	
20.29049452222256	20.93415637655431	0.0	0.0	
20.31639022750231	22.31347658068517	0.0	0.0	
19.544884192052933	22.51438809110835	0.0	0.0	
19.51093150999445	23.526806855947616	0.0	0.0	
20.340390692453102	24.915954900199424	0.0	0.0	
19.61425538344161	26.44214922146427	0.0	0.0	
20.289910004896406	27.360682127563802	0.0	0.0	
20.149783633051104	27.525243005998448	0.0	0.0	
19.506042227217677	29.10226700046713	0.0	0.0	
19.533062906122353	30.291012475643956	0.0	0.0	
20.496602407233723	30.910476751812595	0.0	0.0	
20.803010549032937	0.4626979711885699	0.0	0.0	
20.66130723365405	1.2900296529967297	0.0	0.0	
20.672235041394988	2.010764490733851	0.0	0.0	
20.760640414291466	2.827253081915352	0.0	0.0	
20.6290484728161	4.457018313636846	0.0	0.0	
20.571138542611806	4.636837121730556	0.0	0.0	
21.381909173538794	6.105359233429468	0.0	0.0	
21.34768625724756	6.853565509975746	0.0	0.0	
21.181465394749686	8.458979713008146	0.0	0.0	
20.71154930154037	9.087028895288766	0.0	0.0	
20.71248684891184	9.538745344451346	0.0	0.0	
21.38785198675391	11.382793034364129	0.0	0.0	
21.483585037552654	12.031782036950503	0.0	0.0	
20.763863609707762	13.320651266156094	0.0	0.0	
21.24766299042413	14.13462232872794	0.0	0.0	
20.603065219793553	15.144179447906538	0.0	0.0	
21.25235751418897	15.550026751399983	0.0	0.0	
20.643140788341714	16.76972590936419	0.0	0.0	
20.580381246922997	17.58805605132839	0.0	0.0	
21.278707666325083	19.01544540126576	0.0	0.0	
20.747593472873135	19.717348557876857	0.0	0.0	
20.529027696261828	20.76261758733677	0.0	0.0	
20.551077362586884	21.620271645434897	0.0	0.0	
20.885119795827737	22.905444614391584	0.0	0.0	
20.91314636907491	23.721193584472555	0.0	0.0	
21.120588615524635	25.362535850470408	0.0	0.0	
20.614808558731507	26.399912327541685	0.0	0.0	
21.341733020211272	27.043390378840346	0.0	0.0	
20.702083225343333	27.5395051077929	0.0	0.0	
20.98243987410311	29.40275786017482	0.0	0.0	
21.097134777164456	30.109976571256876	0.0	0.0	
20.583074878891708	31.483114327256107	0.0	0.0	
22.009852902006887	0.06216419489897773	0.0	0.0	
22.364624521972296	1.0662288855033952	0.0	0.0	
22.13152649401216	2.2081008666521917	0.0	0.0	
21.630555984373952	3.118920783346266	0.0	0.0	
21.98655098600889	4.230789338443621	0.0	0.0	
22.03785621872726	5.11193112329782	0.0	0.0	
22.330488522718635	5.772653066840696	0.0	0.0	
21.52922638701159	7.326114796606829	0.0	0.0	
22.321597209106947	7.887032544156311	0.0	0.0	
21.685050567303822	8.913632663976266	0.0	0.0	
21.801414489950336	10.081438127736742	0.0	0.0	
21.97592320101556	11.115282290045615	0.0	0.0	
21.58079960037612	11.756691663703133	0.0	0.0	
22.12543343002349	12.932298432004025	0.0	0.0	
21.98006718740593	13.634045310523252	0.0	0.0	
22.171590467347688	14.74332459697565	0.0	0.0	
21.538191739928205	16.46072177298804	0.0	0.0	
22.48244359141635	17.39246105145479	0.0	0.0	
22.4999065571609	17.60514865101886	0.0	0.0	
22.119843298150812	19.34644055149586	0.0	0.0	
22.423613571306795	20.289990190606034	0.0	0.0	
22.166421278648336	21.402756243583998	0.0	0.0	
22.49442154166175	22.035936957642605	0.0	0.0	
22.276213488161996	22.971585764865996	0.0	0.0	
21.73097160600341	23.501585892151834	0.0	0.0	
21.547860170564952	24.666111539933603	0.0	0.0	
22.297267500013284	26.35177943419772	0.0	0.0	
21.82396332919782	26.931066080433403	0.0	0.0	
21.984922322817063	28.11560174349776	0.0	0.0	
22.456439060779427	29.397348766685788	0.0	0.0	
21.77230148018757	29.63367612572083	0.0	0.0	
22.165772915174	30.720884867070502	0.0	0.0	
23.035079785580848	0.04448444693693332	0.0	0.0	
23.42778316779174	0.7897770980752304	0.0	0.0	
22.918176623664827	2.4490219700182	0.0	0.0	
22.50624017153707	2.739921255327844	0.0	0.0	
23.00612228951158	3.995551892502359	0.0	0.0	
22.66496005008269	5.496758830382168	0.0	0.0	
23.132825317077103	5.778128072498174	0.0	0.0	
22.950764338351917	7.2690000185689545	0.0	0.0	
23.208367171649428	7.982984902615482	0.0	0.0	
23.48027014653509	9.369924158081297	0.0	0.0	
22.676199456588048	10.362477365561285	0.0	0.0	
23.0998513726357	10.697494834237224	0.0	0.0	
23.470866060518684	12.167383386758502	0.0	0.0	
23.487534327416846	13.305476360770502	0.0	0.0	
22.580410412613226	13.900905894375484	0.0	0.0	
22.791934317916454	15.011326911483277	0.0	0.0	
23.187844826635118	16.1845788350951	0.0	0.0	
22.597373351574326	16.898463251355118	0.0	0.0	
22.6057476365251	17.81848967854871	0.0	0.0	
23.361458609553228	18.874678507839754	0.0	0.0	
22.63629061122392	19.612713886923757	0.0	0.0	
22.760371990204067	21.291438573518626	0.0	0.0	
22.76808538549039	21.892834940056417	0.0	0.0	
23.29321488314046	23.0725596047282	0.0	0.0	
22.7699383152142	24.0155179117984	0.0	0.0	
22.571894765300772	24.656788669834214	0.0	0.0	
22.873574487343785	26.05127144249435	0.0	0.0	
22.588725572057267	26.745298164341587	0.0	0.0	
22.616018398565608	28.2030004793265	0.0	0.0	
22.745476435815313	29.464135229798153	0.0	0.0	
22.7852998270521	30.29987539812027	0.0	0.0	
23.26507570131523	30.765639316948896	0.0	0.0	
23.635565901032678	0.039781756791056444	0.0	0.0	
24.176540204876023	0.8706802055378182	0.0	0.0	
23.59346653269894	2.248978357082577	0.0	0.0	
23.690387937653902	3.2068470485578198	0.0	0.0	
24.42049320060805	4.417962880692467	0.0	0.0	
24.17312939393264	4.980340529528337	0.0	0.0	
23.779237933710558	5.740841296750903	0.0	0.0	
23.815622110493187	6.595572716751415	0.0	0.0	
23.549164092489857	7.6169243706593495	0.0	0.0	
23.58801863410906	8.533550278435715	0.0	0.0	
24.044862439354805	10.281855220016134	0.0	0.0	
24.20655277081846	10.878765037883525	0.0	0.0	
24.13301534061528	11.592741516512305	0.0	0.0	
23.843792357193795	13.233638442530696	0.0	0.0	
23.57379597173951	14.283674145091581	0.0	0.0	
24.020307675449807	14.551814223227518	0.0	0.0	
23.95866318250992	15.968209701961259	0.0	0.0	
23.659786892138953	17.386086843016017	0.0	0.0	
23.700724232493634	17.654233176492067	0.0	0.0	
23.591243570400135	18.7300727786373	0.0	0.0	
24.42954081060251	19.779380239324826	0.0	0.0	
23.652158020404475	21.399634896637775	0.0	0.0	
23.65224102261622	21.98628295650131	0.0	0.0	
24.161410409503258	23.079331679198592	0.0	0.0	
24.27854139081305	23.575155454548756	0.0	0.0	
23.911721371354293	25.198952208489956	0.0	0.0	
23.59255138486959	25.69790592666705	0.0	0.0	
23.64825971352591	26.75952379255199	0.0	0.0	
23.979898600720485	28.499967390292944	0.0	0.0	
24.278138103491337	29.279820749849357	0.0	0.0	
23.53133675061013	29.86551344419213	0.0	0.0	
23.81190929992405	31.06223718034787	0.0	0.0	
25.285120049000597	0.46817218656291315	0.0	0.0	
25.115805763640232	0.708924305492489	0.0	0.0	
25.491999534730205	2.1934859803054483	0.0	0.0	
25.33268930454685	3.100335619197031	0.0	0.0	
25.38923745845906	3.745857247422073	0.0	0.0	
24.502337480691516	4.947512949933176	0.0	0.0	
25.432795515997988	5.6613095947133605	0.0	0.0	
24.909977228528142	7.227936703030648	0.0	0.0	
24.840620207241347	7.83262966631351	0.0	0.0	
24.91621036727884	9.29917050178392	0.0	0.0	
24.87519315556894	10.28654048177225	0.0	0.0	
25.292226614003695	10.774530584470861	0.0	0.0	
25.489743009245878	12.300751021112571	0.0	0.0	
25.036248707262157	13.2461881645368	0.0	0.0	
24.932820194298166	14.490804174999216	0.0	0.0	
25.147070401715936	15.142932874997074	0.0	0.0	
25.45314828067312	16.205856968965776	0.0	0.0	
25.093410293068402	17.392222167093482	0.0	0.0	
25.491646739911232	18.3958922303101	0.0	0.0	
25.011224145343753	19.073667203982986	0.0	0.0	
25.287528226048178	20.447622812765776	0.0	0.0	
25.41336330867247	20.82315195289815	0.0	0.0	
24.752062865447872	22.069538637373817	0.0	0.0	
24.764721078294023	22.502268949334425	0.0	0.0	
24.902487433306625	24.47882272514687	0.0	0.0	
24.599677191256244	24.77003505940585	0.0	0.0	
24.89285986687997	26.444907083713105	0.0	0.0	
25.02406506326703	26.904621609251016	0.0	0.0	
25.24226282747433	28.230406906834336	0.0	0.0	
24.891278253564902	28.51004739725576	0.0	0.0	
24.50403680339387	29.719819275945994	0.0	0.0	
24.780950976418676	31.46416359489387	0.0	0.0	
26.201639282040986	0.30242047671984484	0.0	0.0	
25.853376431296326	0.9911920442294936	0.0	0.0	
26.18658946242082	2.0573893883426444	0.0	0.0	
25.500308332840866	2.975287147291239	0.0	0.0	
25.954523597844027	4.000579964412407	0.0	0.0	
25.98560815218427	4.864181366975115	0.0	0.0	
26.177582416963826	6.121763924866686	0.0	0.0	
25.637855428827052	6.591948931207849	0.0	0.0	
26.43073617804408	8.248838006220987	0.0	0.0	
25.533402066599912	9.407983982463378	0.0	0.0	
26.043016342456408	9.976442558972616	0.0	0.0	
25.610475252196842	10.62340982946885	0.0	0.0	
26.465430826145816	12.25744314332313	0.0	0.0	
25.838061981982154	13.2430102429121	0.0	0.0	
25.96149454904275	13.978225006477185	0.0	0.0	
26.32100202940761	15.02086017028366	0.0	0.0	
25.548183427745915	16.32458277064534	0.0	0.0	
25.751896794552945	16.570774643888633	0.0	0.0	
26.349227497613168	17.544180048426018	0.0	0.0	
25.59727247906285	19.043519167899394	0.0	0.0	
26.4268885573281	20.43150474017446	0.0	0.0	
25.50228786037929	20.576518739048772	0.0	0.0	
25.636635376852485	22.049618557301205	0.0	0.0	
25.64369726001179	23.07622505180588	0.0	0.0	
25.592392673210387	24.190078209072606	0.0	0.0	
25.703864029078154	25.37490713778786	0.0	0.0	
25.562355763338374	26.40473986262343	0.0	0.0	
26.188134375267246	26.519628081120235	0.0	0.0	
25.613806209384048	28.28919196360375	0.0	0.0	
26.347532499640266	29.194667721804528	0.0	0.0	
25.586004610956373	29.77962186657603	0.0	0.0	
25.82257728106352	30.64692834509997	0.0	0.0	
26.894062927865917	0.30645570498142705	0.0	0.0	
26.706311228634075	1.2265889152475065	0.0	0.0	
27.419651579061362	2.2894378916922884	0.0	0.0	
27.319531312329026	3.101270173529569	0.0	0.0	
26.782760733533316	3.798974078602751	0.0	0.0	
27.370830460344568	4.527967758461491	0.0	0.0	
26.90984306763816	5.777607619820456	0.0	0.0	
27.125180038573383	6.786547830829434	0.0	0.0	
26.934989900355756	7.964426103940596	0.0	0.0	
27.24193605734852	8.940980166412091	0.0	0.0	
27.216683754690436	9.822978642122276	0.0	0.0	
26.633005156669057	11.030463104049465	0.0	0.0	
27.22239774915026	11.85218875155773	0.0	0.0	
26.738322254964412	13.198896820700345	0.0	0.0	
26.97123565103857	13.940348961035477	0.0	0.0	
27.020869041754068	14.832581515206867	0.0	0.0	
27.162810991206474	15.724787633064992	0.0	0.0	
26.682918291210267	17.157054535218293	0.0	0.0	
26.9643357176728	18.053266326395107	0.0	0.0	
26.757143639945948	19.16474992750051	0.0	0.0	
27.110646655506297	20.262984108248116	0.0	0.0	
26.9630880874036	21.34576858952128	0.0	0.0	
27.236260844753364	21.846499227836937	0.0	0.0	
27.041860833114516	23.37222031955502	0.0	0.0	
27.273671679485883	24.395796025814285	0.0	0.0	
27.430851234667948	24.740593439221627	0.0	0.0	
26.975444723813208	26.293165819953927	0.0	0.0	
26.506815067878588	26.635497377176073	0.0	0.0	
26.90249238395252	27.75743392129968	0.0	0.0	
26.881396999547682	29.347689346518376	0.0	0.0	
27.1473204269377	30.064387868562598	0.0	0.0	
27.257480515632416	30.830912927520583	0.0	0.0	
28.317304615259353	0.46714785733366493	0.0	0.0	
27.674767770142314	0.9806758708230003	0.0	0.0	
28.27998779703799	2.3853132109781545	0.0	0.0	
28.013087367691764	3.1617880401277048	0.0	0.0	
28.305929725051712	4.159581077364976	0.0	0.0	
28.21147291509083	4.635269356705402	0.0	0.0	
27.61158975124574	6.329472024656699	0.0	0.0	
27.57025614856215	6.511515927571036	0.0	0.0	
28.026829929686496	7.586491995645443	0.0	0.0	
27.606972115984195	9.408322506435079	0.0	0.0	
27.769166060750436	9.885779185157196	0.0	0.0	
28.30345838571844	11.462487322002984	0.0	0.0	
28.26784127840697	11.838253773213255	0.0	0.0	
28.404551590943534	13.300261570854895	0.0	0.0	
28.340056650061456	14.469759879584121	0.0	0.0	
28.126943281643086	15.399470608379492	0.0	0.0	
28.22206680208283	15.640004005723608	0.0	0.0	
28.343334164238662	16.670519864498633	0.0	0.0	
28.3423647987785	18.279217009238316	0.0	0.0	
28.46856616907106	19.108539647228895	0.0	0.0	
27.637915028671472	19.59440028386709	0.0	0.0	
28.119595297497	21.148650835756428	0.0	0.0	
27.839627693605298	21.998584461254215	0.0	0.0	
27.839772486069506	22.882763906453203	0.0	0.0	
28.47270033538713	23.535345068254678	0.0	0.0	
27.528617682071726	24.82074929700247	0.0	0.0	
27.77697751938425	26.086202852353786	0.0	0.0	
27.99737706156605	27.037541747049456	0.0	0.0	
27.815257056900712	27.542410633223874	0.0	0.0	
28.46698735923021	29.096366151108857	0.0	0.0	
27.858736685687937	30.447028965277998	0.0	0.0	
28.227651899969334	31.130013774723377	0.0	0.0	
29.420902654305603	0.35033120348639457	0.0	0.0	
29.203384390688306	1.4655573191669555	0.0	0.0	
29.205129631760947	1.6389754174511877	0.0	0.0	
29.432899879824635	2.7760066376252803	0.0	0.0	
28.879296263223956	4.251859764167984	0.0	0.0	
29.205167109375843	5.268040682143847	0.0	0.0	
29.44248229697913	5.6102357443362605	0.0	0.0	
28.944741992311375	7.183860681926519	0.0	0.0	
29.059029496913546	8.363536464057304	0.0	0.0	
29.46843838678938	8.85647546739908	0.0	0.0	
29.306471290905936	9.54842874427988	0.0	0.0	
28.997435860095088	11.134267649041313	0.0	0.0	
28.92426506934256	12.240496231797714	0.0	0.0	
28.520913598702318	12.879244492120604	0.0	0.0	
29.232101495251587	13.82187470091134	0.0	0.0	
28.537374676608792	14.597764933204058	0.0	0.0	
28.847931094215003	15.769140475466362	0.0	0.0	
29.150961853409825	16.751052406592713	0.0	0.0	
28.743789907252957	18.35921038209437	0.0	0.0	
28.649785439915284	18.810734873627524	0.0	0.0	
28.75015337557884	20.03898964996541	0.0	0.0	
29.33924205349542	20.922204353655587	0.0	0.0	
28.506358984699798	21.50120047300996	0.0	0.0	
28.63088870100459	23.144294573039417	0.0	0.0	
29.2961780039891	24.450094022564492	0.0	0.0	
28.850592817617414	25.093568246412232	0.0	0.0	
28.619696819574393	26.243473757693224	0.0	0.0	
29.42753204692407	27.19734473973786	0.0	0.0	
28.607017500472566	28.178977883904114	0.0	0.0	
29.263361668459652	28.78737653787217	0.0	0.0	
29.29531031979345	29.64127595665322	0.0	0.0	
29.238254955684816	31.151082368028934	0.0	0.0	
29.57210905831034	0.38724078594181355	0.0	0.0	
30.02922253200427	1.0627880044981524	0.0	0.0	
30.44632949980991	2.2880522673711874	0.0	0.0	
29.882125110564846	2.6735519757434396	0.0	0.0	
29.767209861422185	4.387315540300756	0.0	0.0	
29.754791300839386	4.6466295070667645	0.0	0.0	
30.444462401709433	5.822534358560125	0.0	0.0	
30.431739241411634	6.676127600962554	0.0	0.0	
29.701245098390338	8.103522863999327	0.0	0.0	
29.880305731862695	9.170871800278386	0.0	0.0	
29.75698595732907	10.208547845673941	0.0	0.0	
30.426894044309805	10.825526611614862	0.0	0.0	
30.370808465660776	12.353900849159142	0.0	0.0	
29.780180153521133	13.214155590995379	0.0	0.0	
29.927461111972924	14.068089650198928	0.0	0.0	
29.760668393397964	14.507890833290777	0.0	0.0	
29.790561137449195	16.330966519965422	0.0	0.0	
30.077642889452065	17.436894193658834	0.0	0.0	
30.327560771657794	18.433244583492705	0.0	0.0	
29.632670345027925	18.91730841816913	0.0	0.0	
29.787409679430912	19.576863763505447	0.0	0.0	
29.55819582498638	21.325986622794268	0.0	0.0	
30.025700164466105	22.267587752708994	0.0	0.0	
29.806875905692493	22.590235807168913	0.0	0.0	
29.691986867448954	23.98449225033983	0.0	0.0	
29.585089214286757	24.72385934332654	0.0	0.0	
30.258026144016593	25.627300126575104	0.0	0.0	
29.61700392468618	26.522005125302755	0.0	0.0	
29.576419396187237	27.745939438995734	0.0	0.0	
30.17987561679301	29.495395179029153	0.0	0.0	
30.300313936586956	30.316817340314106	0.0	0.0	
30.04192598112977	31.210197436474786	0.0	0.0	
30.732328211068236	0.4315246719687139	0.0	0.0	
31.489109878753762	1.2206425464142805	0.0	0.0	
31.20204552222242	2.006824612435368	0.0	0.0	
30.916236033858354	2.9381973850193472	0.0	0.0	
31.145918201719716	3.920575481901724	0.0	0.0	
31.090176872575704	5.015013643624896	0.0	0.0	
31.118023030308482	5.5211096638467865	0.0	0.0	
31.0590041398877	6.7348603872552	0.0	0.0	
31.228327604776453	8.443165055113441	0.0	0.0	
31.296969421780492	9.19835500160161	0.0	0.0	
31.300922823179548	10.373547622579897	0.0	0.0	
31.007835074172206	10.798438447440214	0.0	0.0	
30.94631710300768	11.574148586217794	0.0	0.0	
30.581613319484475	12.794825413500163	0.0	0.0	
30.661878777895907	13.739920795768224	0.0	0.0	
30.601456356080305	14.546657746072981	0.0	0.0	
31.13977029383344	15.9978284078626	0.0	0.0	
31.307790117329052	17.281768216487592	0.0	0.0	
31.33700764160326	18.091331675021596	0.0	0.0	
30.982157403806028	19.22038547958775	0.0	0.0	
30.798658243379943	20.274085721802617	0.0	0.0	
31.17322744809567	20.575899191864714	0.0	0.0	
30.697977160743626	22.245473271081988	0.0	0.0	
31.32858141839916	23.31706498628656	0.0	0.0	
31.196027381296247	23.77826847891426	0.0	0.0	
31.388550930221204	24.789478642048714	0.0	0.0	
30.922562779283204	25.974484814229225	0.0	0.0	
30.679916440519612	27.47609778999391	0.0	0.0	
31.28915908770161	28.203468477242694	0.0	0.0	
30.92958875710399	28.711367404019544	0.0	0.0	
31.33191466055918	30.00676654913542	0.0	0.0	
31.23139826336859	31.26231592241098	0.0	0.0	
