2
32.0	0.0	0.0	0.0	
0.0	32.0	0.0	0.0	
0.2898853153537404	0.09318567683014733	0.0	0.0	
0.2876180843056547	0.7879401317229512	0.0	0.0	
0.4097062009076402	2.104135397731869	0.0	0.0	
0.17143954490188662	2.996798772640286	0.0	0.0	
0.3746537165072876	4.489492761817044	0.0	0.0	
0.0198726018790244	4.6509337332926375	0.0	0.0	
0.0768868232352038	6.206089136214104	0.0	0.0	
0.3559157827142687	6.855415789618406	0.0	0.0	
0.21665162692178663	8.361349450976318	0.0	0.0	
0.1420328238343378	8.895857561639165	0.0	0.0	
0.10638493102752788	10.288459213063602	0.0	0.0	
0.021278298456842926	10.593899284289394	0.0	0.0	
0.13741184222816494	12.379853900045896	0.0	0.0	
0.3090373785940945	13.216668633703398	0.0	0.0	
0.1621781535612854	13.676182984520006	0.0	0.0	
0.28755152596664324	15.208102986063125	0.0	0.0	
0.43368617148387445	15.707754915415943	0.0	0.0	
0.3773264078838031	17.277766911634462	0.0	0.0	
0.11321030086182882	18.22942465387632	0.0	0.0	
0.28159845475097645	19.266429996809702	0.0	0.0	
0.2297618354745694	20.439305566422487	0.0	0.0	
0.004455805417023062	21.49541844001586	0.0	0.0	
0.24800227775314687	22.075806283815144	0.0	0.0	
0.11035066783482872	23.397221779261958	0.0	0.0	
0.1458943958236939	24.484059868572125	0.0	0.0	
0.11946491118530833	24.50416790445738	0.0	0.0	
0.33280974012050024	25.748886204790878	0.0	0.0	
0.20845661326773235	26.679647733077505	0.0	0.0	
0.45089371772708664	27.97077652942374	0.0	0.0	
0.18218528984897653	29.44662337291691	0.0	0.0	
0.46657751258397884	30.390261405923503	0.0	0.0	
0.46204313453584656	31.353928090479577	0.0	0.0	
1.3327581858809605	0.10513273195111927	0.0	0.0	
1.4494015437124275	1.136154853198757	0.0	0.0	
1.0514039397984063	2.0934438829703605	0.0	0.0	
1.19076395935353	2.8766292063877583	0.0	0.0	
0.801917546672928	4.108219471492539	0.0	0.0	
1.274460234536917	4.88208986266939	0.0	0.0	
1.120122048142406	6.076596874891957	0.0	0.0	
0.799843699305193	6.581816231350926	0.0	0.0	
0.567073323134538	8.021145697326176	0.0	0.0	
1.0528749176705294	9.470219131022322	0.0	0.0	
1.357225094179984	10.015796301049445	0.0	0.0	
1.1030604029632887	11.147089949025958	0.0	0.0	
0.6088168680345124	12.381687693343125	0.0	0.0	
1.1594739219068586	12.623291925124798	0.0	0.0	
1.0533876003932932	13.827493337582334	0.0	0.0	
0.9151100876351926	15.247489798843175	0.0	0.0	
1.120920607274289	15.91546620872054	0.0	0.0	
1.442993593744548	17.421492833586992	0.0	0.0	
0.7322182481710157	18.25953018870738	0.0	0.0	
1.3564934214769695	19.198112963929496	0.0	0.0	
0.9267430405406786	19.70611704826817	0.0	0.0	
0.6438005202570752	20.896560503858623	0.0	0.0	
1.463426948875965	22.36625796967859	0.0	0.0	
1.103108370545142	23.360460020737367	0.0	0.0	
0.7659802307571955	23.56057723021271	0.0	0.0	
1.2211125609478186	25.173465665129946	0.0	0.0	
1.159194814166441	26.425197673380758	0.0	0.0	
0.6276424452360795	27.033068899788073	0.0	0.0	
1.4012154917943103	27.844050135564327	0.0	0.0	
1.233971998507133	28.706073768127474	0.0	0.0	
0.5096079620932638	30.02482412222457	0.0	0.0	
0.9516335189424651	30.530589598560326	0.0	0.0	
1.8853225981212767	0.4549842515478255	0.0	0.0	
1.7179387956240404	1.0717681327091162	0.0	0.0	
2.4850901636845277	1.8170015821952312	0.0	0.0	
2.1452637467304845	3.121729838822958	0.0	0.0	
2.2566521316777095	3.5847935815109464	0.0	0.0	
1.9895818419201892	4.720899361190243	0.0	0.0	
1.6543519013971504	5.820495878300022	0.0	0.0	
1.8619457349921449	6.60678393118038	0.0	0.0	
1.9560773289106395	7.67245200405357	0.0	0.0	
1.7194794800325468	9.23438688581157	0.0	0.0	
2.1669589734760066	10.417456030291762	0.0	0.0	
2.223048179289232	10.599902358867975	0.0	0.0	
1.555456319106154	11.840781320776523	0.0	0.0	
1.5662796497381488	12.794575344116804	0.0	0.0	
1.549769737308433	14.376471869678651	0.0	0.0	
1.6094404911993259	15.239063790578045	0.0	0.0	
1.734943641522511	15.920074523359924	0.0	0.0	
1.9308931413032202	16.68861773695816	0.0	0.0	
2.3038894069196885	17.961179914473913	0.0	0.0	
2.4145731749562103	19.493868647228634	0.0	0.0	
2.173230993559384	19.617185692228006	0.0	0.0	
1.7815161718715156	21.118828176609327	0.0	0.0	
2.054757728209503	21.764535214549205	0.0	0.0	
1.9793209027236722	23.07071677627248	0.0	0.0	
1.7101254016390457	24.29274911376623	0.0	0.0	
1.7763053955964008	25.330574303801853	0.0	0.0	
1.9436528515943143	25.810258716329077	0.0	0.0	
2.028571495273587	27.42536069939826	0.0	0.0	
2.059631605028821	27.84873339755435	0.0	0.0	
1.9021661471496238	29.386376445017923	0.0	0.0	
1.5861990810200959	29.849900661016544	0.0	0.0	
2.2609918774391655	31.371236177643055	0.0	0.0	
3.0475710327753913	0.25750993221655605	0.0	0.0	
3.477047111938519	0.9828537662740042	0.0	0.0	
2.7445187108498823	2.1711332311831826	0.0	0.0	
2.5900223253248833	2.849829259139925	0.0	0.0	
3.1196029558567586	4.044315123718009	0.0	0.0	
2.5875801730438477	4.668260382145774	0.0	0.0	
2.5127117113019386	6.004345361759444	0.0	0.0	
2.5753813710130498	7.271162770868841	0.0	0.0	
3.061482450236773	7.8489003161824	0.0	0.0	
3.35682511008865	8.884255043258607	0.0	0.0	
2.9067178764777184	10.227441906781227	0.0	0.0	
2.6090277773299104	11.286327466629366	0.0	0.0	
3.2798049025451594	12.194338916405734	0.0	0.0	
2.7218662809036713	12.991641279053065	0.0	0.0	
2.8817098611807244	13.761874529513069	0.0	0.0	
2.9422603038347246	14.783292866269951	0.0	0.0	
3.0818253932496713	15.989100773443928	0.0	0.0	
2.992653476402387	16.820373355101005	0.0	0.0	
2.857803158333768	17.55108048188088	0.0	0.0	
3.1717587039378095	19.45444196347527	0.0	0.0	
2.780292505961048	19.640817748945928	0.0	0.0	
2.699328155315679	21.376914699134424	0.0	0.0	
3.361096577679978	22.076607727898306	0.0	0.0	
2.5366850298393833	22.733255945290004	0.0	0.0	
2.7093040512042235	24.348648346055832	0.0	0.0	
3.4149558514402596	25.087739141002466	0.0	0.0	
3.160932617102829	26.113407283275198	0.0	0.0	
3.314812267725825	26.564186849835657	0.0	0.0	
3.2414823674745934	28.468411797965167	0.0	0.0	
3.100791088486642	28.896502409926292	0.0	0.0	
3.359045773723111	29.826084629822578	0.0	0.0	
3.0375829153223144	30.61667647246647	0.0	0.0	
3.801872688242681	0.14626984702329981	0.0	0.0	
4.131214731632614	0.6967388523425645	0.0	0.0	
3.5690571331162277	2.102468420800867	0.0	0.0	
4.337424113218144	2.5186673826870143	0.0	0.0	
3.977878063991935	4.320914467004404	0.0	0.0	
3.7521596083462274	5.3004330564201405	0.0	0.0	
3.847716643662659	6.153884519033126	0.0	0.0	
4.049362291834294	6.9333153257582865	0.0	0.0	
4.407382298048951	8.447400782488407	0.0	0.0	
3.6368463846799424	9.497014690683137	0.0	0.0	
4.218575535203678	10.49063574950576	0.0	0.0	
3.68702793762002	11.138917195560353	0.0	0.0	
3.915186128052951	12.05388479884867	0.0	0.0	
3.6209051629077136	13.280582592343428	0.0	0.0	
3.567468350708267	14.215326469232433	0.0	0.0	
3.723927499680293	14.65735824307445	0.0	0.0	
3.54573709978433	16.44247441662398	0.0	0.0	
3.723127169175813	16.644670044214443	0.0	0.0	
4.171820710439947	17.691916815687026	0.0	0.0	
4.134637953890294	19.48982442889219	0.0	0.0	
4.097711709799122	20.09538912063074	0.0	0.0	
3.8637803807096622	20.595462140559302	0.0	0.0	
3.741260948677277	22.007840405914568	0.0	0.0	
4.180444281637885	23.156057377440597	0.0	0.0	
3.8601724518804623	24.498942564193907	0.0	0.0	
4.385943719214371	24.63937928770559	0.0	0.0	
4.476026442423396	26.297942683106005	0.0	0.0	
4.430716132703703	26.54018343514061	0.0	0.0	
4.12427191664759	27.567918961654733	0.0	0.0	
3.8389872591866085	29.079857948605248	0.0	0.0	
4.086732219951011	29.701234901536242	0.0	0.0	
3.5777430979859837	30.95301324111734	0.0	0.0	
5.095547844334831	0.1798302595493424	0.0	0.0	
5.149051956612842	0.8331837092248829	0.0	0.0	
4.9267543001704315	2.294575756300503	0.0	0.0	
5.40343177118832	3.3408139319201435	0.0	0.0	
5.151037732691254	3.8816224417114853	0.0	0.0	
4.653188559071093	4.974523747442496	0.0	0.0	
4.776966404172536	5.974338349803566	0.0	0.0	
4.578894851999031	7.43658000480429	0.0	0.0	
4.988498443009109	7.95132195111051	0.0	0.0	
4.967804526672441	8.723299939849259	0.0	0.0	
4.571157865129198	10.037265430108429	0.0	0.0	
4.633572997541596	10.714965265445002	0.0	0.0	
5.162699205723697	11.892279284393908	0.0	0.0	
5.238909869028072	12.512902676231265	0.0	0.0	
4.802193486934659	14.183350230401226	0.0	0.0	
4.561802405960874	15.335611966160101	0.0	0.0	
4.955919103902787	15.795143190453004	0.0	0.0	
5.14905769184296	16.617077372438654	0.0	0.0	
5.366523015615231	17.991227470061368	0.0	0.0	
4.987758750662299	18.79370769040906	0.0	0.0	
5.43856154123423	20.094734160485494	0.0	0.0	
4.637653177327922	20.777878196632454	0.0	0.0	
5.402206007720266	21.7129004960876	0.0	0.0	
4.983392585031166	22.843447174498294	0.0	0.0	
5.019484419346816	23.788147959230006	0.0	0.0	
4.8968982982113625	25.412285289126288	0.0	0.0	
5.49550998355654	25.51875692768892	0.0	0.0	
4.716143709914135	27.405341236617957	0.0	0.0	
4.699799949761835	27.844570929771507	0.0	0.0	
5.1455514699974225	28.768026084295666	0.0	0.0	
4.605413248604879	30.193298645187486	0.0	0.0	
4.811622337292651	30.615309483943523	0.0	0.0	
5.903459545554089	0.438543278331489	0.0	0.0	
5.945895801008046	1.084460054310917	0.0	0.0	
5.991546088755483	2.224719756925276	0.0	0.0	
5.767326699117142	2.520176252895074	0.0	0.0	
5.973161771951278	4.008939854680765	0.0	0.0	
5.61976034953115	4.713247216198272	0.0	0.0	
5.835386027746166	5.719643581999515	0.0	0.0	
6.3959273494997015	7.231451607157759	0.0	0.0	
6.251551148173314	8.000537161573082	0.0	0.0	
5.622170034241668	9.038970780519135	0.0	0.0	
5.522348605456651	9.537460907253093	0.0	0.0	
6.070427368657071	10.785979814167696	0.0	0.0	
5.845638119397889	11.989302036743894	0.0	0.0	
6.258970381518585	13.159386609039355	0.0	0.0	
5.515292042549085	14.112615542337004	0.0	0.0	
5.9859789703459345	14.85016590884826	0.0	0.0	
5.504513254820633	16.29733474031034	0.0	0.0	
6.491392594930768	17.425033800941165	0.0	0.0	
6.1894630446640875	17.81919463523443	0.0	0.0	
6.264029235951668	19.157006848493324	0.0	0.0	
5.643505453954325	20.148690912733336	0.0	0.0	
5.505954391647199	20.933175161390395	0.0	0.0	
5.677395860421334	21.911677743642976	0.0	0.0	
5.699947997037128	23.050521023584302	0.0	0.0	
6.487398903759076	24.196739542207663	0.0	0.0	
5.952203419712842	25.347267428047488	0.0	0.0	
6.046389517494189	26.42143823968462	0.0	0.0	
6.410030576451554	27.103265233579695	0.0	0.0	
5.887259800914835	27.56657732114687	0.0	0.0	
5.588698207828434	28.782518715942096	0.0	0.0	
6.183855586493894	29.681519402952325	0.0	0.0	
6.355857312411558	31.451000862931732	0.0	0.0	
7.2645995109571135	0.026000713806503373	0.0	0.0	
7.397558320021704	1.4268431088213642	0.0	0.0	
6.940734671964631	1.6401131544774383	0.0	0.0	
7.404047629776268	3.25699617116273	0.0	0.0	
6.658625174272583	4.1037953667586775	0.0	0.0	
6.854227787422359	5.129621075242747	0.0	0.0	
6.671318336453865	6.063355913063927	0.0	0.0	
6.549401458067914	6.977539013789644	0.0	0.0	
7.492478775942483	7.679695806589369	0.0	0.0	
7.356392089708486	9.430024981606111	0.0	0.0	
6.9648931001557255	10.07576876677072	0.0	0.0	
7.29402335518934	10.90221280535648	0.0	0.0	
7.1537050307673615	12.455141784312193	0.0	0.0	
7.2243068863709965	13.050293071053678	0.0	0.0	
6.613906221171392	13.882166980792615	0.0	0.0	
7.4092833439535815	15.205456435588982	0.0	0.0	
6.532521617033904	15.83225830059516	0.0	0.0	
6.635650425619832	16.978373167003973	0.0	0.0	
6.739231257681215	18.344055885166558	0.0	0.0	
7.219004166145553	18.670909597771516	0.0	0.0	
7.466257617385523	19.569111259018094	0.0	0.0	
7.020206396177053	20.58000670067644	0.0	0.0	
7.175732824138077	22.108368937710548	0.0	0.0	
7.190844827777409	22.871695247655364	0.0	0.0	
7.048311726102709	23.669479560792812	0.0	0.0	
6.80775829840526	24.831725565102733	0.0	0.0	
6.855767154417494	26.235217071240946	0.0	0.0	
6.943422412596932	26.980055596717115	0.0	0.0	
7.215371038973224	27.60715648709845	0.0	0.0	
7.011763871082131	28.594725249258776	0.0	0.0	
7.049095318588414	29.674122285584215	0.0	0.0	
6.592240079160093	31.34774187335482	0.0	0.0	
7.676827106632636	0.45068800302993717	0.0	0.0	
8.11859477362016	0.5623446314230844	0.0	0.0	
7.6536035182948545	1.6348353845623893	0.0	0.0	
8.375974979712401	3.460063414609222	0.0	0.0	
8.4456309879318	4.005358084439238	0.0	0.0	
7.865773327324518	5.366602346752275	0.0	0.0	
7.647446407934599	6.4868997547910805	0.0	0.0	
7.572207402232556	6.694763720729789	0.0	0.0	
8.095351387926488	7.700627897414715	0.0	0.0	
8.00895300339809	8.999517311664345	0.0	0.0	
7.604589431228047	10.49487135043483	0.0	0.0	
8.07699295950944	10.841144567241185	0.0	0.0	
7.787280178842998	11.55384082027964	0.0	0.0	
8.438512409948363	12.987590283436882	0.0	0.0	
7.94514925265221	14.437908584252922	0.0	0.0	
8.163505828922343	14.968446641906052	0.0	0.0	
8.1807985159389	16.26670836276108	0.0	0.0	
7.620135678551119	17.18181756604007	0.0	0.0	
8.161199506733373	17.5634905345336	0.0	0.0	
7.918075640066651	18.586368543513178	0.0	0.0	
8.091112304063929	19.610851588144275	0.0	0.0	
8.25608364938337	20.55242569022813	0.0	0.0	
8.27220168535968	22.37798270842578	0.0	0.0	
8.025654274265015	23.197034087867532	0.0	0.0	
7.723259596081089	24.357936537030806	0.0	0.0	
8.01595545918028	24.642789232450966	0.0	0.0	
8.220687458933591	25.517806160319576	0.0	0.0	
7.516432465141821	27.158659553715133	0.0	0.0	
8.258362895806258	28.06014804981219	0.0	0.0	
8.239002452161674	28.64243784656784	0.0	0.0	
8.110593483032805	30.31127217727257	0.0	0.0	
7.616178476599533	31.186992630007246	0.0	0.0	
9.182777227821715	0.048255280478195606	0.0	0.0	
9.390112422092265	0.6622192895315452	0.0	0.0	
9.050771079769373	1.7171843563683533	0.0	0.0	
8.914569606761102	3.0220701044965903	0.0	0.0	
8.880637052383198	4.222114722634002	0.0	0.0	
9.338715330137525	5.204263032420373	0.0	0.0	
8.801329249555693	5.763043931661841	0.0	0.0	
9.048336354128539	6.514230385215485	0.0	0.0	
9.012472093245849	8.369760405810352	0.0	0.0	
8.809028739915187	9.019938101438548	0.0	0.0	
9.157589761271744	9.662432867371754	0.0	0.0	
8.64949201273268	10.933234649773075	0.0	0.0	
8.879859161353185	11.53591322081125	0.0	0.0	
8.678915897358545	12.65478665993392	0.0	0.0	
8.600071349226427	13.722363227869687	0.0	0.0	
9.35646141989277	15.229172294892916	0.0	0.0	
9.260156993387152	15.838991526381266	0.0	0.0	
8.842451979366274	16.77671492586345	0.0	0.0	
9.32456653844554	18.051285798484166	0.0	0.0	
8.647981538582615	19.24530856354375	0.0	0.0	
9.424047463453748	19.991890574745128	0.0	0.0	
8.992763016636395	21.11702081415686	0.0	0.0	
9.316299075319796	22.252732131651438	0.0	0.0	
9.207096698150192	22.99804316243289	0.0	0.0	
8.818641346790017	23.898021235972926	0.0	0.0	
9.383624838762548	25.30449951587445	0.0	0.0	
8.68998310284334	25.521722360240023	0.0	0.0	
9.062201298672125	27.050420045744453	0.0	0.0	
8.952592517713374	28.359950689126947	0.0	0.0	
8.606533331361769	28.92889014037412	0.0	0.0	
9.102799097433635	29.572218093158824	0.0	0.0	
8.695596285073284	31.42533508546268	0.0	0.0	
10.176560115465136	0.13011842657834705	0.0	0.0	
10.326868365364788	1.1047881559517347	0.0	0.0	
9.659958373360109	2.3966147167267895	0.0	0.0	
9.675519231897526	3.398041846670491	0.0	0.0	
9.900035570527075	4.0884607688557315	0.0	0.0	
10.240401998194345	5.322941930339402	0.0	0.0	
9.596537381645067	6.065497858535188	0.0	0.0	
10.445902387566367	7.076603142685902	0.0	0.0	
10.375191458365034	7.882045720311812	0.0	0.0	
10.150826996739863	8.964226241639656	0.0	0.0	
9.855763652260501	9.658012098861244	0.0	0.0	
10.426852782834912	11.066691300703122	0.0	0.0	
9.759289223288963	12.408005454885666	0.0	0.0	
9.697830600363291	12.651659680363268	0.0	0.0	
10.442014535060071	14.378233622056976	0.0	0.0	
10.081375513887428	14.918832994363381	0.0	0.0	
9.96278886801308	16.117973293332813	0.0	0.0	
9.82751316525396	16.53327062060648	0.0	0.0	
9.622788478109381	17.602819736262095	0.0	0.0	
10.107201044593795	18.55347866132727	0.0	0.0	
9.97843695052962	20.287267479345836	0.0	0.0	
10.400390540615328	21.291541810331623	0.0	0.0	
9.943713913514632	22.388234161361932	0.0	0.0	
9.924616219970344	23.221962475951614	0.0	0.0	
10.477271757620263	24.227983149432287	0.0	0.0	
10.20698724259318	24.928066735017378	0.0	0.0	
10.0076027885062	26.135137723342186	0.0	0.0	
10.07066628372438	27.49245195243196	0.0	0.0	
9.897127495069094	28.138581304048596	0.0	0.0	
10.295360152075371	28.775682378080248	0.0	0.0	
10.251957648606385	29.872611151273762	0.0	0.0	
9.747712065918698	30.565328239283208	0.0	0.0	
10.539235865192966	0.09157986876436486	0.0	0.0	
10.626570036321413	0.7962342703010942	0.0	0.0	
10.597956635757487	2.42343597200918	0.0	0.0	
11.351741531077957	2.550251922189704	0.0	0.0	
10.647315967318487	4.297915312275208	0.0	0.0	
10.547506614755449	5.314766094867056	0.0	0.0	
10.975626605550241	5.965689904299427	0.0	0.0	
11.183093904870189	6.6781627480694	0.0	0.0	
11.034320576977892	8.168364662312941	0.0	0.0	
11.144663299810826	9.285309408474799	0.0	0.0	
11.0750780556599	10.46820080743762	0.0	0.0	
11.06816312042787	11.091109972581828	0.0	0.0	
11.225164963719473	12.337884295272424	0.0	0.0	
10.655843494050686	12.776179144670236	0.0	0.0	
11.459345956336145	14.320009365276725	0.0	0.0	
10.95913963480159	15.40660482513703	0.0	0.0	
11.473571802396735	15.694490941905128	0.0	0.0	
11.152855180898527	17.40950162742441	0.0	0.0	
11.265395569590014	18.167482784258887	0.0	0.0	
11.153560628113867	18.989541483569724	0.0	0.0	
10.714072712679583	20.25931566738816	0.0	0.0	
11.432189375367217	21.19627670153387	0.0	0.0	
11.10401184071131	22.440622367545146	0.0	0.0	
11.203358091765226	23.186017856573326	0.0	0.0	
10.74796529396274	24.19105762562842	0.0	0.0	
10.73786286693624	25.095113563203967	0.0	0.0	
10.610038764217174	25.83733505516073	0.0	0.0	
11.177734874839174	26.94664580317418	0.0	0.0	
11.116880528986844	27.9660590065968	0.0	0.0	
10.52882318242101	28.657193460811172	0.0	0.0	
10.845860557648548	29.89467490439197	0.0	0.0	
11.033643701457681	31.21910084267094	0.0	0.0	
12.288077531335734	0.12686056773214238	0.0	0.0	
12.44962000303363	0.864614158362923	0.0	0.0	
12.078909208601551	2.087046942704191	0.0	0.0	
12.18473526097594	3.0962340108342254	0.0	0.0	
11.615183199984154	3.632324146971178	0.0	0.0	
12.147722155812112	4.999594671634248	0.0	0.0	
12.181479888411355	5.619130562894288	0.0	0.0	
12.234678829359533	6.628408687137715	0.0	0.0	
12.03823008540291	7.611667458574415	0.0	0.0	
11.629454329019342	9.048928391013009	0.0	0.0	
11.744582978445479	9.791363294997598	0.0	0.0	
11.900781362166132	11.257684466394496	0.0	0.0	
11.852848561633591	12.218041519306189	0.0	0.0	
11.695434347006685	12.570341060234526	0.0	0.0	
11.685562231129346	14.199905095067523	0.0	0.0	
12.402311832916181	14.615021235277517	0.0	0.0	
11.817356638834319	15.889681024830875	0.0	0.0	
12.43588649750192	17.10090081747516	0.0	0.0	
11.747517365472218	17.692818810572376	0.0	0.0	
12.249382095554415	18.7454521176548	0.0	0.0	
12.273257743568433	19.692560477347516	0.0	0.0	
11.963361932274756	20.676769007231282	0.0	0.0	
12.190433544678665	22.370697037803765	0.0	0.0	
12.22260433406576	22.619214278601504	0.0	0.0	
11.509443678875378	23.950627033477385	0.0	0.0	
11.51947167136237	25.0298495193899	0.0	0.0	
12.078344276563785	26.141140217922608	0.0	0.0	
12.052280047281036	26.53302987219611	0.0	0.0	
11.702850273779985	28.327226152991788	0.0	0.0	
12.26270840784048	29.438919625385413	0.0	0.0	
12.182949599935354	30.0445917959729	0.0	0.0	
12.356755391555355	30.558510482065234	0.0	0.0	
12.663119316292057	0.38816341857535885	0.0	0.0	
13.033681922451997	1.093389366733788	0.0	0.0	
13.358492238857117	2.0718579258154906	0.0	0.0	
12.805678860681466	3.2423409280102544	0.0	0.0	
12.896212439160719	4.017042889784782	0.0	0.0	
13.07136631993595	4.625641424738326	0.0	0.0	
13.383581838949143	6.487727118275515	0.0	0.0	
12.842958286191333	6.80537728324759	0.0	0.0	
13.28905467165224	8.112451904251717	0.0	0.0	
13.233654655520748	9.006144332148391	0.0	0.0	
12.753648194029491	9.842359120662206	0.0	0.0	
13.1511565312142	10.596132329134557	0.0	0.0	
13.206380776839547	12.038488880967003	0.0	0.0	
13.210201429101534	13.358505922164026	0.0	0.0	
13.298084629922723	13.725666145637247	0.0	0.0	
12.6000907026052	15.208949968581074	0.0	0.0	
12.643907700854767	16.334968760543145	0.0	0.0	
12.910822129007338	17.376715741614074	0.0	0.0	
13.464541663264933	18.18641810748819	0.0	0.0	
12.706145785674906	18.9801818911427	0.0	0.0	
13.059259771128461	20.181159589530324	0.0	0.0	
12.807680205195608	20.61943672768257	0.0	0.0	
12.522032597506461	21.62645831706301	0.0	0.0	
13.207098397166623	22.824285164828794	0.0	0.0	
12.625833710075847	24.44373244128108	0.0	0.0	
12.616985099506095	25.23336767936155	0.0	0.0	
12.516767687337179	26.288247602490472	0.0	0.0	
12.84268327509412	27.377376112608545	0.0	0.0	
13.245862671563057	28.015408059391863	0.0	0.0	
12.834839789431223	28.81182780582988	0.0	0.0	
12.63647624398803	30.200380496459804	0.0	0.0	
12.873326255178533	30.5823122472396	0.0	0.0	
13.554579943148727	0.2662893204565223	0.0	0.0	
14.096401908211691	0.5206145944972825	0.0	0.0	
13.602262089555575	1.6116892619490963	0.0	0.0	
13.736322533989838	2.8815708832825386	0.0	0.0	
13.598452913937246	3.692967170667439	0.0	0.0	
14.409099097590882	5.072290249359013	0.0	0.0	
13.741017156654962	6.139823642638886	0.0	0.0	
14.214557870630895	7.109581438122598	0.0	0.0	
14.145322479815869	7.531072499564229	0.0	0.0	
13.662214784475156	8.66251128856316	0.0	0.0	
14.334282414955236	10.417364696727285	0.0	0.0	
13.56530556388801	11.337214853304488	0.0	0.0	
14.440387533985632	11.754389454961004	0.0	0.0	
14.24410353326671	12.924064163314089	0.0	0.0	
14.24530649802015	14.472226473471439	0.0	0.0	
14.412380190842214	14.815517004958078	0.0	0.0	
14.289447231771966	16.3640628795184	0.0	0.0	
14.01969788116505	16.50489675491181	0.0	0.0	
14.019987354753875	17.826907474476684	0.0	0.0	
13.925095344643529	18.58420117468756	0.0	0.0	
13.792196275293973	19.500948468483724	0.0	0.0	
13.635466752118235	21.18573066868909	0.0	0.0	
13.662507867107628	21.873767903045437	0.0	0.0	
14.38792382841174	23.29739720285704	0.0	0.0	
14.056911595540349	23.928826979748564	0.0	0.0	
14.132543047545719	25.02315612212179	0.0	0.0	
14.212131181105386	26.190885954035586	0.0	0.0	
13.62936476328553	27.3926477982771	0.0	0.0	
14.111158210785264	27.98035557598625	0.0	0.0	
13.532681268988789	28.735895001654903	0.0	0.0	
14.033688669526242	30.303160145338747	0.0	0.0	
14.01518504123396	31.405832535185105	0.0	0.0	
14.737959969965862	0.17978835374932944	0.0	0.0	
14.676906016932614	1.1406341145010939	0.0	0.0	
15.09791231896372	2.1307289004507433	0.0	0.0	
14.881168658309475	2.5467331343338975	0.0	0.0	
14.57960290133345	3.612504439329675	0.0	0.0	
14.772060199199737	5.37451016786711	0.0	0.0	
14.960700225921437	6.078563063767594	0.0	0.0	
14.520945967835717	6.937281375973572	0.0	0.0	
14.503493600960658	8.273267753453695	0.0	0.0	
15.427038782845896	9.247365265532629	0.0	0.0	
14.697048556385434	9.507395529543945	0.0	0.0	
15.078237116229745	10.731837096461833	0.0	0.0	
15.20153752917626	12.10925390621708	0.0	0.0	
14.553401391790464	13.117082553395932	0.0	0.0	
14.772705889567264	14.334403331115558	0.0	0.0	
14.698429642244696	14.866275287050966	0.0	0.0	
14.969152599322397	16.336400788041395	0.0	0.0	
14.797113529756999	17.103650278389974	0.0	0.0	
15.35999945431676	18.3345460508031	0.0	0.0	
15.062959907397396	19.023623132987105	0.0	0.0	
15.39366267920288	20.334647892551008	0.0	0.0	
14.699579853325837	20.643194572297983	0.0	0.0	
14.78850764040828	21.508658254786255	0.0	0.0	
14.801332168333401	23.25468264360673	0.0	0.0	
15.457558252326347	23.96615251475795	0.0	0.0	
14.940363192560488	25.382012003131464	0.0	0.0	
14.772729963907366	25.516632512497186	0.0	0.0	
14.786707552213397	27.068742471411927	0.0	0.0	
14.740561606567626	28.448227855591053	0.0	0.0	
15.203319910265185	29.070402105780314	0.0	0.0	
14.947408401148547	29.511691035296497	0.0	0.0	
14.620285062765126	31.24866256439455	0.0	0.0	
16.050108391901002	0.20897778535096523	0.0	0.0	
16.25595151643187	0.9666510946504219	0.0	0.0	
15.942103486802841	2.48483249651815	0.0	0.0	
15.663398037123121	3.2249614293896407	0.0	0.0	
16.101951990323006	4.482420257104954	0.0	0.0	
15.520497783374834	5.428815939127896	0.0	0.0	
15.96254725607388	6.31452231273378	0.0	0.0	
16.14342193669251	6.986587671914409	0.0	0.0	
16.333966463223472	7.901779336074051	0.0	0.0	
16.43907909369569	8.583847896144835	0.0	0.0	
15.813300278304723	9.804215570983345	0.0	0.0	
15.724681441580227	10.837200564378007	0.0	0.0	
15.977600225867935	11.633282334537993	0.0	0.0	
16.215105595242314	13.384733751408303	0.0	0.0	
16.043177032079168	13.647764089198303	0.0	0.0	
15.830827392627294	14.960916699827962	0.0	0.0	
15.802083799772907	15.52913833551845	0.0	0.0	
16.094667149956074	17.050023362562843	0.0	0.0	
16.090429933772043	17.99581094851417	0.0	0.0	
16.434038302109627	19.497061621001794	0.0	0.0	
15.550082778157586	20.009666427133286	0.0	0.0	
15.629222062188314	21.359517809858925	0.0	0.0	
16.240018968908963	22.236751921193857	0.0	0.0	
16.475331593028475	22.57417284416703	0.0	0.0	
15.538239893165583	24.356566594418393	0.0	0.0	
16.285066889704993	24.57662843374625	0.0	0.0	
15.94296024827323	26.27419906324463	0.0	0.0	
16.0983433586239	26.85371715011388	0.0	0.0	
15.982361733962648	28.360485186238684	0.0	0.0	
16.175310616774272	28.816589727183825	0.0	0.0	
16.053045750498733	30.309379292589384	0.0	0.0	
15.953771081782294	30.63235753099011	0.0	0.0	
17.040787969915446	0.49393139751056947	0.0	0.0	
16.918302014609782	0.9035524420126916	0.0	0.0	
16.711999443243503	1.8172714185931287	0.0	0.0	
16.931549874391163	3.1246067924266567	0.0	0.0	
16.92254598236613	3.9722404411207264	0.0	0.0	
16.572035745065232	5.237404666324334	0.0	0.0	
17.019188030444486	6.4489135550572705	0.0	0.0	
17.285834501436824	7.302094203433591	0.0	0.0	
17.480035287044736	7.531764646250933	0.0	0.0	
17.277215052471462	9.385972489896615	0.0	0.0	
17.149318621150037	9.76757482773163	0.0	0.0	
17.24908983820463	11.450597969739553	0.0	0.0	
17.411679058550728	12.320738393414317	0.0	0.0	
17.36146814491393	12.55293069321062	0.0	0.0	
16.54510112303294	14.31257096202756	0.0	0.0	
16.556425657051644	15.269328101889593	0.0	0.0	
16.78820599157506	15.985745241695009	0.0	0.0	
16.820722072069927	17.355234987740197	0.0	0.0	
16.63124463590101	18.157662403675204	0.0	0.0	
17.24387639470584	18.60870275276656	0.0	0.0	
16.96778187578721	19.692906316352015	0.0	0.0	
16.70040148150109	21.394103654818462	0.0	0.0	
16.534703716601822	22.27257082595661	0.0	0.0	
16.52938635978911	23.07460810099586	0.0	0.0	
16.717928464847155	24.1503984857702	0.0	0.0	
17.01051306151901	24.765847192627085	0.0	0.0	
17.402902205685383	25.70185091343961	0.0	0.0	
16.884700045129172	27.390308144901425	0.0	0.0	
16.726068382639955	27.847310143192548	0.0	0.0	
16.702460510360293	29.226835979651824	0.0	0.0	
16.873885871922084	29.572872034058662	0.0	0.0	
17.062318466950966	31.092105937634027	0.0	0.0	
18.081265373992323	0.1156542307627807	0.0	0.0	
18.463266077525265	0.5744401202538229	0.0	0.0	
17.515624703807127	1.6993620528804385	0.0	0.0	
18.260434491448905	2.5037285574294565	0.0	0.0	
17.98900628154458	4.343230501830059	0.0	0.0	
17.908710483717016	5.38380925418047	0.0	0.0	
17.890362618499136	5.820195433924302	0.0	0.0	
18.342961696914145	7.147240230755388	0.0	0.0	
18.394818512956057	8.006076262722331	0.0	0.0	
17.945426545884235	8.773356802065921	0.0	0.0	
17.578909276747396	9.776171415871872	0.0	0.0	
17.864072892750436	11.282618031504258	0.0	0.0	
18.290199993161526	11.972803346443854	0.0	0.0	
18.476859820158317	12.550147453385842	0.0	0.0	
18.026652944189482	14.464998953109365	0.0	0.0	
17.803083929000962	14.911699067615556	0.0	0.0	
18.494557129446306	16.004975476609758	0.0	0.0	
18.383228933353248	16.849962197553488	0.0	0.0	
17.774746853958277	17.997251167995913	0.0	0.0	
18.319255253797465	18.623827733740992	0.0	0.0	
18.203411401054666	19.849419040305047	0.0	0.0	
18.121809583452947	20.69547212400024	0.0	0.0	
18.37126258690881	21.768143344339972	0.0	0.0	
18.270360000902706	22.578253427094083	0.0	0.0	
17.785406390010145	23.682585465706435	0.0	0.0	
18.318688747658573	24.777842397396928	0.0	0.0	
18.081770095294267	26.36148425993253	0.0	0.0	
17.964598539408136	27.49349956699409	0.0	0.0	
18.34108588490461	27.793738931773355	0.0	0.0	
17.81158239711179	28.765539306976333	0.0	0.0	
18.166288418683717	30.043079011862098	0.0	0.0	
17.580144443688695	30.877301005466755	0.0	0.0	
19.102174083760975	0.40751722974172455	0.0	0.0	
19.149698872176238	1.3506308161110572	0.0	0.0	
18.62286582938453	2.076878003371929	0.0	0.0	
19.439674874494223	3.4482725117052064	0.0	0.0	
19.13394512634409	4.002139103608179	0.0	0.0	
19.323614155807494	4.648981462421178	0.0	0.0	
18.707880494312384	6.121610288511657	0.0	0.0	
18.52423852545202	6.537946348378495	0.0	0.0	
18.94854202512678	8.211186787509423	0.0	0.0	
18.762542063786643	9.44988194116223	0.0	0.0	
18.964338098764184	9.816035008541737	0.0	0.0	
18.658780949159624	10.719634213590545	0.0	0.0	
18.63319645331542	11.972522815718662	0.0	0.0	
19.197232367218305	13.479930073276844	0.0	0.0	
18.574583999436374	13.589666379544774	0.0	0.0	
19.15690142496955	15.110674122306396	0.0	0.0	
18.974877608510187	15.882528165121572	0.0	0.0	
19.42839275633045	17.38661745816663	0.0	0.0	
19.087328261470393	17.58563051716632	0.0	0.0	
19.021240786312624	19.396320361204854	0.0	0.0	
18.80605259306657	20.049724258320698	0.0	0.0	
18.65876836329691	20.788863134429814	0.0	0.0	
18.867461837933973	22.11324090258428	0.0	0.0	
19.024452450248592	23.14722915191547	0.0	0.0	
18.911884337769433	24.09270350811084	0.0	0.0	
19.329829733057153	25.14456308128612	0.0	0.0	
18.901423240602707	26.486511628209715	0.0	0.0	
18.897065856930276	27.275462206098318	0.0	0.0	
19.306178620679102	27.530281086128657	0.0	0.0	
18.962808022656432	29.201622022746715	0.0	0.0	
18.883080392119798	30.496902872430265	0.0	0.0	
18.781429448418685	31.238591351482007	0.0	0.0	
20.299694999632173	0.08743402024784785	0.0	0.0	
19.900472254151985	0.5477909387085137	0.0	0.0	
20.340880246974496	1.5426366403962737	0.0	0.0	
19.894937234590948	3.1377231706292994	0.0	0.0	
19.53804687018514	4.200999214671641	0.0	0.0	
19.517932991725573	5.432696169554948	0.0	0.0	
19.892141999088594	6.262956249287155	0.0	0.0	
20.498785686089327	6.7461706433238975	0.0	0.0	
20.296348658045975	7.977661775827064	0.0	0.0	
20.25318258938187	9.092532054050638	0.0	0.0	
20.052344530184673	9.804107137525964	0.0	0.0	
19.663803223006997	10.595230055993312	0.0	0.0	
19.55001455314751	12.434530779642378	0.0	0.0	
19.96219587688071	13.329402389543	0.0	0.0	
20.13037154812558	13.893588508221864	0.0	0.0	
19.668983252787545	14.69361274344422	0.0	0.0	
20.079577900425058	16.04508188328662	0.0	0.0	
19.788598770732133	17.447945091946295	0.0	0.0	
20.021755688681708	18.237600464381845	0.0	0.0	
19.54064077388593	19.158317471868525	0.0	0.0	
19.621859523166357	19.762786753001766	0.0	0.0	
20.28237039536965	21.04401883992955	0.0	0.0	
20.344303247745827	21.730452210093976	0.0	0.0	
19.785257923870397	22.65200271247985	0.0	0.0	
19.811554798544087	24.440606862329766	0.0	0.0	
20.177044825470293	24.78335743165171	0.0	0.0	
20.02756526917396	25.71090009066917	0.0	0.0	
19.50052183790519	27.430975384814623	0.0	0.0	
19.90839830452841	28.103084934706917	0.0	0.0	
20.076482435994	28.624004612512742	0.0	0.0	
19.942970466820448	30.283065225071212	0.0	0.0	
20.422258536877013	31.052354434493207	0.0	0.0	
20.77041953769299	0.4262834098485627	0.0	0.0	
21.43333733552377	0.9311724349658642	0.0	0.0	
20.888520957514835	2.1970540918764594	0.0	0.0	
20.876639675325652	2.566520162333124	0.0	0.0	
21.490058422265605	3.8079699091332913	0.0	0.0	
20.770238092148734	4.973235061638536	0.0	0.0	
20.654792934145505	6.404616868631269	0.0	0.0	
20.95991677320688	6.568577144831435	0.0	0.0	
21.389911576323886	8.362992072681205	0.0	0.0	
20.764217012477754	8.534664886236692	0.0	0.0	
21.167611519819175	9.698774848379433	0.0	0.0	
20.99627633952211	10.91959368570049	0.0	0.0	
21.482876190457556	12.157091670912006	0.0	0.0	
20.824971824991984	12.776594764588777	0.0	0.0	
21.370969432382676	13.529463189650423	0.0	0.0	
21.087242150988413	14.613854467439806	0.0	0.0	
21.176317123887905	16.06832075335203	0.0	0.0	
20.797976009361832	17.34344329792398	0.0	0.0	
20.607828136509774	17.976027495467054	0.0	0.0	
20.890484751529915	19.103068920833174	0.0	0.0	
20.73704552969268	19.956730590314887	0.0	0.0	
21.180073948865694	21.167178809456242	0.0	0.0	
20.62847285288889	21.562869640763363	0.0	0.0	
21.2523076037711	22.58403479577882	0.0	0.0	
20.990761663916267	24.261215238369324	0.0	0.0	
21.462158323864642	24.7709196443261	0.0	0.0	
20.703342412715607	26.21330494097027	0.0	0.0	
20.55521041585259	26.826061773848565	0.0	0.0	
20.91385454057241	28.087400355237374	0.0	0.0	
20.686258063977824	28.742038088215743	0.0	0.0	
21.241273703867588	30.012650727284658	0.0	0.0	
21.495758591039234	30.887069712141255	0.0	0.0	
22.240022755218533	0.1273561124541399	0.0	0.0	
22.24610699680116	1.4962529518591672	0.0	0.0	
22.314554907771313	2.3119424085567992	0.0	0.0	
22.48327047997988	2.869797180136912	0.0	0.0	
21.530345746397067	3.982764574670281	0.0	0.0	
22.452205273783935	4.585592404281554	0.0	0.0	
21.75763255563495	6.348554052016041	0.0	0.0	
22.294850087385786	7.49226913651724	0.0	0.0	
21.50613153399466	7.5545982996201895	0.0	0.0	
21.954208986863485	8.789554125061041	0.0	0.0	
22.08427770466869	9.610836806436861	0.0	0.0	
21.668175890005866	11.167426380371868	0.0	0.0	
21.753916510014303	12.007670680989467	0.0	0.0	
22.228264716729825	12.694939639926167	0.0	0.0	
22.109651177963137	14.015236111151156	0.0	0.0	
22.375331862421643	14.800093998603517	0.0	0.0	
22.123012320451114	16.481281151900593	0.0	0.0	
22.210249210891813	17.150186453976566	0.0	0.0	
21.780572018756352	18.268989054567367	0.0	0.0	
22.05521557787055	18.6197679220093	0.0	0.0	
22.30602046079446	20.19894739191523	0.0	0.0	
21.807172008564226	21.284848110576846	0.0	0.0	
22.365637731316333	21.59913663593033	0.0	0.0	
21.748912934650054	22.72406758044249	0.0	0.0	
21.827184206117956	24.10514499615355	0.0	0.0	
21.816636098979394	25.467244420971475	0.0	0.0	
22.205407757508716	26.041537394402496	0.0	0.0	
22.357936590904057	27.331572932593645	0.0	0.0	
22.376196129361258	28.091135672160835	0.0	0.0	
22.496689601720252	29.25686063018792	0.0	0.0	
22.468651947370024	30.21573696121095	0.0	0.0	
22.344652662260962	31.159183859027113	0.0	0.0	
23.169643086873073	0.46729081110805426	0.0	0.0	
23.049221525501878	1.4711146230322014	0.0	0.0	
22.8906435010586	1.7124450707455905	0.0	0.0	
22.519449294605483	3.111209475011231	0.0	0.0	
22.843333136269564	4.099101518067276	0.0	0.0	
22.67936996721246	5.39512395963892	0.0	0.0	
22.655030747560033	5.859389565593375	0.0	0.0	
22.59590638199649	6.566167876177545	0.0	0.0	
23.374777549157084	8.06030128214111	0.0	0.0	
23.389184315949727	9.071760690404172	0.0	0.0	
22.745007783672932	10.00523093982698	0.0	0.0	
23.00532679874577	11.181456182600794	0.0	0.0	
22.647605004522767	11.860615563891477	0.0	0.0	
22.550778683311293	12.973182344223742	0.0	0.0	
23.225281319803873	13.652386695483514	0.0	0.0	
22.704856747779246	15.052170069764387	0.0	0.0	
22.729209126516217	15.936060489528558	0.0	0.0	
23.266943184011204	17.16733748116146	0.0	0.0	
23.17657294595003	17.714547769262065	0.0	0.0	
22.731486373260545	19.230007873174987	0.0	0.0	
22.843693149023476	19.513982689036663	0.0	0.0	
22.726346725443424	21.02529654584422	0.0	0.0	
22.910965882395097	21.950166594410966	0.0	0.0	
23.150347925051893	23.423182918734412	0.0	0.0	
22.702728027165033	23.853014849251622	0.0	0.0	
22.70532430410133	24.503059819534517	0.0	0.0	
23.13318708239508	25.876705844083176	0.0	0.0	
22.7449136013503	27.179777214512495	0.0	0.0	
23.184097955816956	28.21338372866733	0.0	0.0	
23.007597737035574	29.16244320341175	0.0	0.0	
23.136527357395323	29.90346377154791	0.0	0.0	
22.974635660167564	31.491721816997966	0.0	0.0	
24.365503056136465	0.25456991854152256	0.0	0.0	
24.250036914845815	1.287315553368009	0.0	0.0	
23.733388683815928	2.4083492467623655	0.0	0.0	
24.24787714133348	2.85093144937666	0.0	0.0	
24.340031430670717	4.146659806360216	0.0	0.0	
23.55123158434205	5.33239878635147	0.0	0.0	
24.087375525751423	6.091958357638074	0.0	0.0	
23.892395900081116	7.074132908981537	0.0	0.0	
23.595503748589856	7.957993491329641	0.0	0.0	
23.594499536504404	9.087285779225747	0.0	0.0	
24.45609287119921	10.235364387210586	0.0	0.0	
24.02724773216473	10.751196503641918	0.0	0.0	
23.868324666538342	12.19909981695528	0.0	0.0	
24.080985288720218	13.428534853991726	0.0	0.0	
23.663093511622503	14.095642006240324	0.0	0.0	
23.94580130076226	15.049657693605667	0.0	0.0	
24.23639085485237	16.048515124977172	0.0	0.0	
24.390921696304652	17.456083260604554	0.0	0.0	
24.40283717440516	18.158450802020905	0.0	0.0	
23.794760836355106	18.893485438453567	0.0	0.0	
24.355336903170816	19.81613268206868	0.0	0.0	
23.780710034967807	20.77548434892589	0.0	0.0	
24.023152826222834	22.38678678038712	0.0	0.0	
23.945004086835144	23.17258881233802	0.0	0.0	
24.46082889513313	23.82395157752293	0.0	0.0	
24.042114410717474	25.323090705230257	0.0	0.0	
24.459648529557946	25.87829041656678	0.0	0.0	
23.81000754563154	27.28477763509522	0.0	0.0	
23.78699799373542	27.712822824329827	0.0	0.0	
24.30088318976439	28.599704675658447	0.0	0.0	
23.981326591899936	30.287839091626168	0.0	0.0	
23.920468190422	30.890867031009606	0.0	0.0	
25.072871857442728	0.4411362046939977	0.0	0.0	
25.369609074688757	1.4469548454753718	0.0	0.0	
25.277283216323216	2.167687393479716	0.0	0.0	
24.75192244235801	2.5436192138771156	0.0	0.0	
24.965926382421923	4.135132210190919	0.0	0.0	
25.359579653623115	4.876400198438574	0.0	0.0	
24.667920575656506	6.393440503869261	0.0	0.0	
25.42581915299581	7.029611686574295	0.0	0.0	
24.537214761711866	8.330549074480466	0.0	0.0	
24.705210667779788	8.72373956279078	0.0	0.0	
25.038286301918376	10.323707965933853	0.0	0.0	
24.845735620485563	11.137555917429065	0.0	0.0	
25.393870737579757	12.491051420061593	0.0	0.0	
25.246939315051392	13.107705814477532	0.0	0.0	
24.96655959032239	14.143871033082531	0.0	0.0	
25.403499046184344	14.776947218233447	0.0	0.0	
24.946511087186504	15.767120920474206	0.0	0.0	
25.18589065589415	17.320057025337583	0.0	0.0	
24.698101262840762	18.387461868937034	0.0	0.0	
24.509666925938337	18.884690237746987	0.0	0.0	
24.815427613487365	19.80422245106837	0.0	0.0	
24.836324818675426	20.968684313789705	0.0	0.0	
25.27784520377755	21.81189501253714	0.0	0.0	
24.55910317205777	23.297605890528434	0.0	0.0	
25.002121542342397	23.799575050498262	0.0	0.0	
25.06403130206766	25.069543448999134	0.0	0.0	
24.701001603959895	25.728200083600136	0.0	0.0	
24.591010787091236	26.602619000608954	0.0	0.0	
24.774238124766686	27.87779362864448	0.0	0.0	
24.95532502600817	29.150848443032526	0.0	0.0	
25.013566477755905	30.26082410629069	0.0	0.0	
25.035879369150884	31.461150664415456	0.0	0.0	
25.5552623111744	0.22653129225735535	0.0	0.0	
25.843355657488143	1.3404676652264853	0.0	0.0	
26.37621280271326	2.3130206055967637	0.0	0.0	
25.52567410943361	3.3839631925669393	0.0	0.0	
26.35629056663204	4.302727860060716	0.0	0.0	
25.997470840867443	5.2042195863441245	0.0	0.0	
26.39537141308197	6.329379404713986	0.0	0.0	
25.74892460188899	6.894169979260124	0.0	0.0	
26.356670966162056	8.333219681295137	0.0	0.0	
25.984194380676936	9.264739347554926	0.0	0.0	
25.937533565923577	10.308752452709097	0.0	0.0	
25.71594923686659	10.998141024578603	0.0	0.0	
25.664609578449014	12.102787686422108	0.0	0.0	
25.709144683805743	12.992368766504988	0.0	0.0	
26.33024291896774	13.648486123983345	0.0	0.0	
26.021198072371508	14.856672862963837	0.0	0.0	
26.23444327502502	16.474947389308632	0.0	0.0	
26.006316830407577	17.464391476013233	0.0	0.0	
26.272463827555544	18.32734046166168	0.0	0.0	
26.02936899982082	18.696093728144593	0.0	0.0	
25.80761290103653	19.617098459019758	0.0	0.0	
26.199340443051018	21.076363923491225	0.0	0.0	
25.602452288636353	21.56359038708875	0.0	0.0	
25.975768537113083	23.18784942070108	0.0	0.0	
26.327858425651097	24.46596984578694	0.0	0.0	
25.775026857434842	24.714255099523424	0.0	0.0	
25.969481018166835	25.632670834327953	0.0	0.0	
25.746231576226226	27.315709446815294	0.0	0.0	
25.55937592065297	27.778763493270173	0.0	0.0	
26.033432694676623	29.00543849706749	0.0	0.0	
25.61087303160066	29.544327157524744	0.0	0.0	
26.4122549603861	30.644047424819515	0.0	0.0	
27.191616235020213	0.14304208537504748	0.0	0.0	
26.764425792088876	1.1919777477578202	0.0	0.0	
27.241903889415934	2.4363277650745623	0.0	0.0	
27.007296014243487	3.28920388945608	0.0	0.0	
27.178010055906288	4.14986069970284	0.0	0.0	
26.808629294933176	5.032924978438828	0.0	0.0	
26.565722023566707	5.8253506170186675	0.0	0.0	
27.433730846660914	6.57279787034177	0.0	0.0	
27.181068675165033	8.260117419592865	0.0	0.0	
27.11704345763384	9.066303563342176	0.0	0.0	
26.544541326436555	10.299692814936	0.0	0.0	
27.390164687707856	10.675542690420452	0.0	0.0	
27.160826429576662	11.795487193897563	0.0	0.0	
27.195045674965886	13.159252487440702	0.0	0.0	
26.84240580058731	13.842536514370892	0.0	0.0	
27.051629416461143	14.600506192036612	0.0	0.0	
26.563339527485322	15.94411090656019	0.0	0.0	
27.307798255750736	16.616325422186566	0.0	0.0	
27.37543624184888	17.679221479110435	0.0	0.0	
27.01733080028594	18.97958683687029	0.0	0.0	
26.587653920168503	20.350321185766024	0.0	0.0	
27.197089706787658	21.141313936196795	0.0	0.0	
26.7937277949025	21.6618785142046	0.0	0.0	
26.935274285278776	22.636973400039892	0.0	0.0	
27.27361210102457	24.42917736858936	0.0	0.0	
26.841759929580252	24.54230245519992	0.0	0.0	
26.671765307258003	26.49208860437728	0.0	0.0	
26.726660509011662	26.5402390263865	0.0	0.0	
27.494322550668493	27.574792000453343	0.0	0.0	
26.546141498911112	28.73090990504102	0.0	0.0	
27.36836546275588	30.49464646361521	0.0	0.0	
27.114896222888074	31.02741128242797	0.0	0.0	
27.882065201224393	0.45146812804445735	0.0	0.0	
28.36126275596813	1.2133234244844722	0.0	0.0	
27.90031501933823	2.2116860734697976	0.0	0.0	
28.109209913290748	2.6543252737228555	0.0	0.0	
27.879763172549804	4.128231883752459	0.0	0.0	
28.13276446002555	4.713955442631618	0.0	0.0	
27.54807443856095	5.546057884356545	0.0	0.0	
28.45495656105321	6.924540621500613	0.0	0.0	
28.346014041176232	7.665555477279529	0.0	0.0	
28.385522520980782	8.547373149086026	0.0	0.0	
27.535710937300028	9.613876639183754	0.0	0.0	
28.33869574733642	10.94080450344159	0.0	0.0	
28.270395891141106	11.740639365099751	0.0	0.0	
27.966847425933892	13.41454378096372	0.0	0.0	
27.688351067798475	14.085879768324379	0.0	0.0	
28.36971286549854	15.112141314409731	0.0	0.0	
27.873952410433834	15.504747841335545	0.0	0.0	
27.99249091190345	16.652587815601713	0.0	0.0	
28.482312853830148	18.21808321393091	0.0	0.0	
27.972808798605985	19.40036555596811	0.0	0.0	
28.16916412681498	19.96269608470587	0.0	0.0	
28.42386291379248	21.39642960618339	0.0	0.0	
27.558784336606987	22.335798517203425	0.0	0.0	
28.480370632397243	22.70231745089301	0.0	0.0	
28.403984518443956	24.149533338019207	0.0	0.0	
27.57903242094683	24.688960482339883	0.0	0.0	
28.229558153603804	26.17252955317716	0.0	0.0	
27.535541764345304	27.36862030809572	0.0	0.0	
28.263074684137337	28.340183984803243	0.0	0.0	
27.509344094388794	29.321369870854845	0.0	0.0	
28.411055071104048	30.09300480418379	0.0	0.0	
27.619389951402198	30.96650366860641	0.0	0.0	
28.913818568746972	0.2676402398074509	0.0	0.0	
29.103179876149095	0.5844596304000093	0.0	0.0	
28.995878488107472	1.897872933613888	0.0	0.0	
29.24373886625349	2.6581161805129305	0.0	0.0	
28.548592625529174	3.9033275563379224	0.0	0.0	
28.547121226466892	5.0707864007869725	0.0	0.0	
28.66511324625348	5.598053740964025	0.0	0.0	
29.463688453521797	6.892892372206759	0.0	0.0	
28.967092474319777	8.40953470682341	0.0	0.0	
28.958051662879225	8.987555993493348	0.0	0.0	
28.912872504542555	9.645075435911084	0.0	0.0	
29.30246916656536	11.299056788735644	0.0	0.0	
28.637945885247273	11.722895246846424	0.0	0.0	
29.03683716894439	12.537624634149122	0.0	0.0	
28.734467011677847	13.58049046424755	0.0	0.0	
29.28791252826103	14.89509136709284	0.0	0.0	
29.228967496432404	15.529707766488347	0.0	0.0	
29.317633863399575	17.024603353556458	0.0	0.0	
28.5434662837712	17.928278538828327	0.0	0.0	
28.69581577308076	18.878092757721646	0.0	0.0	
28.857357602963617	19.527078720762344	0.0	0.0	
29.007321875985365	21.280638523560953	0.0	0.0	
28.767908540878	21.9562275378955	0.0	0.0	
29.106535265505403	22.63403446406053	0.0	0.0	
28.506881631638613	23.71386471848267	0.0	0.0	
28.726457425499394	25.32399354156365	0.0	0.0	
28.883844019360524	25.960335816551346	0.0	0.0	
29.180695683837662	27.283519781146627	0.0	0.0	
28.99298461529956	28.452278406809064	0.0	0.0	
28.579645932441338	29.2526275508464	0.0	0.0	
29.439653144007877	30.439777197317564	0.0	0.0	
28.78504884969071	30.539821848713622	0.0	0.0	
29.70696589401114	0.035549985486572955	0.0	0.0	
29.940816983193415	1.2128822810987656	0.0	0.0	
29.622026978767135	2.302526915273175	0.0	0.0	
30.139825899846695	3.42771708600965	0.0	0.0	
30.27280543392976	4.0735422802164285	0.0	0.0	
30.219935588661674	5.156944689540799	0.0	0.0	
29.775279751247684	5.792069207460661	0.0	0.0	
30.190280518209526	6.7783980140923665	0.0	0.0	
29.689650041638576	7.897779426285801	0.0	0.0	
29.719141704351856	8.510442615846287	0.0	0.0	
30.41165246324447	9.919398689961964	0.0	0.0	
30.19939131380969	10.529074243258908	0.0	0.0	
30.141433124488987	12.191278854471648	0.0	0.0	
30.376757687951986	13.246837549012469	0.0	0.0	
29.989684133839916	13.907940392875435	0.0	0.0	
30.398716779440196	15.306192164514076	0.0	0.0	
30.30042368492742	15.635972335180606	0.0	0.0	
30.419349284939955	16.845543917633258	0.0	0.0	
30.340946414861993	17.565393849844366	0.0	0.0	
29.576595550643525	19.18740848106659	0.0	0.0	
29.84945115192222	19.62922458625154	0.0	0.0	
30.445705043853653	20.76391988853069	0.0	0.0	
30.039713301623898	22.062358428834482	0.0	0.0	
29.691237169951336	23.357533115002752	0.0	0.0	
29.582197203013823	24.330088226450652	0.0	0.0	
29.96771853088008	25.442329907260067	0.0	0.0	
29.638911913340007	26.23640486669627	0.0	0.0	
29.523239058952246	26.809944959096978	0.0	0.0	
29.896691923587092	28.30650844234822	0.0	0.0	
29.70583594656274	29.110279382619414	0.0	0.0	
29.627501006989416	29.872626916462746	0.0	0.0	
30.480957940857007	31.209324476092	0.0	0.0	
30.6622072672319	0.3035998823866831	0.0	0.0	
31.06464839558724	0.5496311993402384	0.0	0.0	
31.082570633244973	2.4118679814365422	0.0	0.0	
31.10444233251133	2.6896379530073125	0.0	0.0	
31.087518071017662	3.7971991537181125	0.0	0.0	
30.85424232382308	5.327491220958262	0.0	0.0	
31.2481046312958	5.671107892323717	0.0	0.0	
30.560938929580992	7.333493211058382	0.0	0.0	
31.261729438359446	7.776324313229917	0.0	0.0	
31.22529532548891	8.801256338974705	0.0	0.0	
30.737491934320243	9.970141460419246	0.0	0.0	
30.7682895745083	11.141871433281704	0.0	0.0	
31.192220246024736	12.038411323737618	0.0	0.0	
31.014659112136556	12.535494013410206	0.0	0.0	
30.673253246721632	14.150875797321268	0.0	0.0	
31.26275297862027	15.192929543752765	0.0	0.0	
30.599225121322352	15.677053584585288	0.0	0.0	
31.322419534888073	17.000426505185587	0.0	0.0	
30.646004115229637	18.15750440140892	0.0	0.0	
30.764527909915863	18.78888358892449	0.0	0.0	
31.468936531850847	19.95734333754107	0.0	0.0	
30.798881869124052	20.552702957722005	0.0	0.0	
30.924925125399252	21.696299244813787	0.0	0.0	
30.6322985638132	22.604462835521304	0.0	0.0	
30.608657064541905	23.83859677772236	0.0	0.0	
30.6538800494652	24.81808466164672	0.0	0.0	
30.83430646404714	26.096490882299445	0.0	0.0	
31.224639977339745	26.696063475255343	0.0	0.0	
31.390727674999336	28.163020345914923	0.0	0.0	
31.23655518457246	28.502846067381395	0.0	0.0	
31.21051843837962	29.751016014980618	0.0	0.0	
30.95682470207185	30.92287311245777	0.0	0.0	
