2
32.0	0.0	0.0	0.0	
0.0	32.0	0.0	0.0	
0.06748392229552169	0.21287820431496574	0.0	0.0	
0.2551868800859226	1.394187390007691	0.0	0.0	
0.14804045893358397	2.0669357842666516	0.0	0.0	
0.45238601379476995	2.9853615956543775	0.0	0.0	
0.18427845156176437	3.876914880498205	0.0	0.0	
0.00976901531966079	4.687604620546741	0.0	0.0	
0.25592308186833534	5.598293189470643	0.0	0.0	
0.13852855236779815	7.081348328749817	0.0	0.0	
0.13142204066078678	8.156430303867104	0.0	0.0	
0.41782563009516127	9.394341505327612	0.0	0.0	
0.3167049870324984	9.51536115032687	0.0	0.0	
0.3778912345829437	11.08094105073592	0.0	0.0	
0.45369194411571034	11.784571239960583	0.0	0.0	
0.3682743476760586	13.427736906177048	0.0	0.0	
0.06334691289142635	13.985651314148813	0.0	0.0	
0.012685909904418091	15.333604783714701	0.0	0.0	
0.4005735895669803	15.502528528428847	0.0	0.0	
0.343255309156251	17.38539027763593	0.0	0.0	
0.1447522647914944	17.900852165954284	0.0	0.0	
0.40710609060215697	18.773812761301222	0.0	0.0	
0.033852286255058095	20.075565867532372	0.0	0.0	
0.19703008649954956	20.870095138534253	0.0	0.0	
0.18918310276464945	22.480644056234443	0.0	0.0	
0.4333017714521501	23.105384929529585	0.0	0.0	
0.4109334049393717	23.836664113774464	0.0	0.0	
0.09445805998063217	25.33743757326249	0.0	0.0	
0.4157451506316453	26.1039845492901	0.0	0.0	
0.21094305737757713	26.93084753823647	0.0	0.0	
0.48861023548277216	27.77009858429862	0.0	0.0	
0.3254097803031988	29.142842733824626	0.0	0.0	
0.4362252062896761	29.87362119742649	0.0	0.0	
0.1923470972134017	31.255673319532473	0.0	0.0	
0.9362261776730574	0.19967128230783182	0.0	0.0	
1.0995975492654024	0.9485112246617781	0.0	0.0	
1.0709741703473812	1.9005193347988887	0.0	0.0	
0.5676705103308574	3.2978762812249744	0.0	0.0	
0.8075144836596962	4.009852271764212	0.0	0.0	
0.7107700738625403	5.095937260331746	0.0	0.0	
0.9093445804751583	5.75220746812249	0.0	0.0	
1.2680288108536093	6.634594850057828	0.0	0.0	
1.1911281487154217	8.039688613245072	0.0	0.0	
0.6447124914476209	8.568379353184591	0.0	0.0	
1.0972672058003639	10.456252917450193	0.0	0.0	
0.7185469641965638	10.909769709251938	0.0	0.0	
0.8365014434820848	11.784784032129169	0.0	0.0	
1.3554964363323214	12.913939295761308	0.0	0.0	
1.1544210134217232	14.053138111380514	0.0	0.0	
1.2860944540510977	14.617455842183366	0.0	0.0	
0.6689113864662629	15.51615927259536	0.0	0.0	
0.6057036406570473	16.510496169807542	0.0	0.0	
0.9122297675841224	17.795218289396466	0.0	0.0	
0.637376830562657	18.842763584351086	0.0	0.0	
1.3261792780176829	20.326594872643263	0.0	0.0	
0.976335714047089	20.69260192179406	0.0	0.0	
1.405213878682594	21.732156405728166	0.0	0.0	
1.47115839751645	22.912779507006263	0.0	0.0	
1.2162768566104556	24.34680747828459	0.0	0.0	
0.8510920594846675	24.805463364332468	0.0	0.0	
1.205813469660383	26.385161926933367	0.0	0.0	
1.2249110053902432	26.73601783626646	0.0	0.0	
0.7014328551602188	28.213169870133516	0.0	0.0	
0.8818906681282935	28.623184979638566	0.0	0.0	
1.1693348659621647	29.910482347379997	0.0	0.0	
1.07351635523202	30.55532047881727	0.0	0.0	
2.0152252770104226	0.19994088246706077	0.0	0.0	
2.2994124859374203	0.6497812629861186	0.0	0.0	
1.8807245396285497	1.603632208723656	0.0	0.0	
1.557293617936169	2.673658869599598	0.0	0.0	
2.125591397493603	4.237169828680515	0.0	0.0	
2.371800567984427	5.239828741605425	0.0	0.0	
2.3078694225820042	5.832047732852224	0.0	0.0	
1.5649161111251289	7.358323591981955	0.0	0.0	
1.744797267538249	7.87879308773645	0.0	0.0	
2.0131094965522065	9.183931089140014	0.0	0.0	
2.4391849044716096	9.796261452524316	0.0	0.0	
2.1856863910949844	11.01073215320169	0.0	0.0	
2.0601305366121148	12.328977076512235	0.0	0.0	
1.7237550913122393	13.462887794324255	0.0	0.0	
1.5689402898559224	14.040739302626244	0.0	0.0	
1.9897299906861083	15.469477756291734	0.0	0.0	
2.203302705798026	15.561097859395637	0.0	0.0	
1.7713799034850348	17.115201125797924	0.0	0.0	
1.994352388604995	17.617050699955556	0.0	0.0	
1.81816350816962	18.684413893913458	0.0	0.0	
2.488928807421228	20.079922885126855	0.0	0.0	
1.9964515322629228	21.05232677176446	0.0	0.0	
1.9115004956614556	21.821214392150445	0.0	0.0	
1.7898696166497348	22.913382067629932	0.0	0.0	
2.459869681174962	23.717263285552523	0.0	0.0	
1.8833590142942476	25.24757005874091	0.0	0.0	
1.554418034172927	25.992414436077265	0.0	0.0	
1.5558966895417303	26.88869883010793	0.0	0.0	
1.9367037724432201	27.99158724099468	0.0	0.0	
2.1241347246736733	28.77483465904151	0.0	0.0	
2.2714270009182207	29.98165513225797	0.0	0.0	
1.85809108786344	31.260396359209984	0.0	0.0	
3.3995314122175815	0.22513493013152153	0.0	0.0	
3.4774528213794165	1.389604305550168	0.0	0.0	
2.802600484397166	1.9656608521056844	0.0	0.0	
2.7368963786352265	3.2989994839883567	0.0	0.0	
3.466667223712262	3.755028084968363	0.0	0.0	
3.0072700867269773	4.687211455112029	0.0	0.0	
3.356062253820193	6.360905285682358	0.0	0.0	
2.5957656419476387	6.531328694584626	0.0	0.0	
2.703211373744324	7.987077863121126	0.0	0.0	
3.301141963992777	9.276803464208028	0.0	0.0	
2.8641014860390692	9.99707530154613	0.0	0.0	
3.0763784253715105	11.072541256410927	0.0	0.0	
3.126169368203904	11.687067197503088	0.0	0.0	
2.6787723085249873	13.047911503166878	0.0	0.0	
2.7360741203307817	14.228972687973506	0.0	0.0	
2.951369861783865	14.688235893073305	0.0	0.0	
3.298465369777394	15.502245203246002	0.0	0.0	
2.9325110693080205	16.52093084163765	0.0	0.0	
2.687276602343986	17.810658059951837	0.0	0.0	
2.620881922637054	18.71025253880494	0.0	0.0	
3.12511551724717	19.79636183236839	0.0	0.0	
2.9200873994720364	21.386011011572595	0.0	0.0	
2.8807557146180875	22.471725261076955	0.0	0.0	
3.248211947611811	23.157237792629967	0.0	0.0	
2.7389042972371893	24.224464729497452	0.0	0.0	
3.1299162967779015	25.323207819350504	0.0	0.0	
2.631264617712222	25.703599016975424	0.0	0.0	
2.55701250158143	27.38512366250016	0.0	0.0	
2.7445958538830677	27.572721427707876	0.0	0.0	
2.9008822922850244	28.595556447615753	0.0	0.0	
2.830020489081745	30.025550863274958	0.0	0.0	
3.165390112857887	31.338242504604697	0.0	0.0	
3.513497707920961	0.4234232467608431	0.0	0.0	
4.461145444116301	0.8930809630443405	0.0	0.0	
3.588086251080828	2.3084570813348444	0.0	0.0	
3.7751655818204695	2.5539509106174547	0.0	0.0	
3.5783698397882966	4.206880416582464	0.0	0.0	
4.435986289525992	4.6505545317576695	0.0	0.0	
4.155349203484294	6.2923650560446625	0.0	0.0	
3.704103286647941	6.643319920931695	0.0	0.0	
3.9361372515604875	7.629743836255745	0.0	0.0	
3.635067281643931	9.090064561802532	0.0	0.0	
3.5569217127795785	9.884767887274156	0.0	0.0	
4.439646244059698	10.68124861802532	0.0	0.0	
3.529153746755565	11.516399959914747	0.0	0.0	
3.517250008972232	13.354271432653311	0.0	0.0	
4.076872342256753	13.833843458862816	0.0	0.0	
3.6332317444290476	14.680215094188789	0.0	0.0	
4.123449836950425	16.056850920596055	0.0	0.0	
3.9125673456144847	17.06619594080798	0.0	0.0	
4.337004005176054	17.845283802304547	0.0	0.0	
4.31376655538886	18.59504031239163	0.0	0.0	
4.381814588267941	19.939925023022617	0.0	0.0	
3.5397437365045423	20.78061376856017	0.0	0.0	
3.5181055363622207	21.991837902042015	0.0	0.0	
3.6888742394636047	22.954741782485463	0.0	0.0	
3.508647164454506	24.281132516214637	0.0	0.0	
3.8392335201463803	25.418405217455117	0.0	0.0	
3.5826481623054773	25.58983368261615	0.0	0.0	
4.0046023025920245	26.702588015364586	0.0	0.0	
4.0447044112063075	27.695108231462196	0.0	0.0	
3.6453580095561993	29.087355212417027	0.0	0.0	
4.3711786890662125	30.05775049430414	0.0	0.0	
3.9337840439540503	31.067753560740314	0.0	0.0	
4.714403761470693	0.10662522558746856	0.0	0.0	
4.6980593422065136	1.1056316290910655	0.0	0.0	
5.137783777265486	2.1124759195762404	0.0	0.0	
5.171243955917055	2.9743135975226704	0.0	0.0	
5.311824338389107	3.822405731461901	0.0	0.0	
5.064424677165672	5.188439644984366	0.0	0.0	
4.960550394960798	6.406216777695942	0.0	0.0	
5.378001842413441	6.59215171739101	0.0	0.0	
5.16411092554216	8.117547372673677	0.0	0.0	
4.554519416082438	9.097081210803594	0.0	0.0	
5.4945096252849694	9.543401145808613	0.0	0.0	
4.8742909740717355	10.967941723895827	0.0	0.0	
4.689107535037163	12.193689312043386	0.0	0.0	
4.899314047797633	12.547556867629101	0.0	0.0	
5.185534410112881	13.634413162169825	0.0	0.0	
5.3654817280805025	15.061146379169006	0.0	0.0	
5.45616714774947	16.185513495598865	0.0	0.0	
4.949988364198054	17.06030692673295	0.0	0.0	
4.5835149959759125	17.706548722487792	0.0	0.0	
4.569089222840153	19.324239700543014	0.0	0.0	
4.597156094874326	19.571025876663462	0.0	0.0	
4.728848288805577	20.689028881051836	0.0	0.0	
4.577990890367885	22.239279527408264	0.0	0.0	
4.832597906964228	22.901110895974174	0.0	0.0	
4.644054650498223	24.442737587980066	0.0	0.0	
5.459827352885458	25.47820732944991	0.0	0.0	
4.929844213317434	25.587767143887277	0.0	0.0	
5.11339960985298	26.65599933010738	0.0	0.0	
4.714638486265207	28.119634192146098	0.0	0.0	
5.426360412987445	29.275171578330685	0.0	0.0	
4.849633056014278	29.796904223256245	0.0	0.0	
4.688110867682421	31.20951188971312	0.0	0.0	
5.556568602079868	0.4437951265601784	0.0	0.0	
5.515969688312176	0.7679013770426121	0.0	0.0	
5.69804182561332	2.387485367585174	0.0	0.0	
5.6948035825358305	3.2164433533841272	0.0	0.0	
6.3118373770793195	3.9710698179398207	0.0	0.0	
5.811333226454619	4.6299304361467435	0.0	0.0	
6.380701790071283	6.1379252382537866	0.0	0.0	
6.35529526799264	6.873250392806287	0.0	0.0	
6.468334792181304	8.397394908448248	0.0	0.0	
6.288126004152459	9.464328501847408	0.0	0.0	
5.578969485163487	9.7113011432543	0.0	0.0	
6.212757079990768	10.761943663795602	0.0	0.0	
5.915780354542355	12.021425700198943	0.0	0.0	
5.807765630400826	13.296644286504806	0.0	0.0	
5.867422444862049	14.090398673772599	0.0	0.0	
6.4042380911698515	14.609485901294516	0.0	0.0	
5.623148396046511	16.419317671651186	0.0	0.0	
6.198374751296063	17.409349698930605	0.0	0.0	
6.1088472752947975	18.41696415617634	0.0	0.0	
6.401715743638273	18.549357599219476	0.0	0.0	
6.236417551066717	19.897542103157605	0.0	0.0	
6.438667800882096	21.444841716495244	0.0	0.0	
5.814118198946409	21.922188885409657	0.0	0.0	
5.920443571558862	23.447041021559127	0.0	0.0	
5.57370540703538	23.853939595665693	0.0	0.0	
6.44912279987243	25.369456655009767	0.0	0.0	
5.527836093136845	25.686283607130957	0.0	0.0	
6.378261799163009	26.526757392882455	0.0	0.0	
5.627297579968351	28.48028168693114	0.0	0.0	
5.6392519385373925	28.78288701203496	0.0	0.0	
6.089214944159973	29.819396818143908	0.0	0.0	
5.505991830814439	31.168617994764404	0.0	0.0	
7.0111344922926	0.09926880208817301	0.0	0.0	
7.024676935778132	1.0978122500502707	0.0	0.0	
6.967637511325812	2.254645289181729	0.0	0.0	
7.0281461775798695	3.0333721199940173	0.0	0.0	
6.502768481144815	3.523888953898111	0.0	0.0	
6.8368484757976695	4.555137035218906	0.0	0.0	
6.81335462817829	5.9138942535465615	0.0	0.0	
7.451579504767428	6.569457033145855	0.0	0.0	
7.348458421948371	8.11643162855568	0.0	0.0	
7.332376234298253	9.271524788386317	0.0	0.0	
7.229618870632708	10.494005653580226	0.0	0.0	
6.835425270944373	11.04234869574054	0.0	0.0	
7.478601650094931	12.212738736349511	0.0	0.0	
6.747527770704403	13.312213796743134	0.0	0.0	
7.367931383749132	14.089794819597413	0.0	0.0	
7.0936766689041715	15.355467803309878	0.0	0.0	
6.934799359874543	16.390483041043336	0.0	0.0	
7.22867906755981	16.711776161119904	0.0	0.0	
7.140231550585089	17.64959037228361	0.0	0.0	
7.370773608610479	19.276598804460335	0.0	0.0	
7.076305818640804	20.043109602405657	0.0	0.0	
6.624468162519229	21.446707025980366	0.0	0.0	
7.281933130425376	22.075096805992473	0.0	0.0	
7.164116718108496	23.49895842231385	0.0	0.0	
7.087702677299921	23.748362576113344	0.0	0.0	
7.126984007857911	24.523583326072128	0.0	0.0	
6.670256202266148	25.751398048561608	0.0	0.0	
6.669458195289152	27.02261176691877	0.0	0.0	
6.908276569882066	28.296757235030427	0.0	0.0	
6.500579664965383	29.04296065057658	0.0	0.0	
7.406461406941541	30.218230831285034	0.0	0.0	
7.026456838574978	31.197532325259857	0.0	0.0	
7.66527902748496	0.19973451451828783	0.0	0.0	
8.427454920286214	0.8352502862707497	0.0	0.0	
8.391938851829407	2.3623731436167	0.0	0.0	
7.505906807004913	3.150759403603492	0.0	0.0	
8.159066155463572	4.2639314412000076	0.0	0.0	
8.203781778215854	4.676698662766363	0.0	0.0	
8.333985453487475	6.21183291211125	0.0	0.0	
8.37053305429602	7.101060130098592	0.0	0.0	
8.022823165667974	7.868168467439009	0.0	0.0	
7.683869544232795	9.18268270149118	0.0	0.0	
7.560382930257106	10.32736002047438	0.0	0.0	
8.264196395966444	11.49788459530135	0.0	0.0	
7.894174346312158	11.909116626094313	0.0	0.0	
8.066388558743284	12.930806395593692	0.0	0.0	
8.043375985094304	13.909567250010532	0.0	0.0	
8.421551411786334	14.680851738495996	0.0	0.0	
7.994377995067714	15.911972657210683	0.0	0.0	
7.5835040128333855	17.23901194108848	0.0	0.0	
7.825385090399563	17.81731206412747	0.0	0.0	
8.242985381727859	19.461303784650365	0.0	0.0	
8.183422423135736	19.791223156509	0.0	0.0	
7.767613554969765	20.841161758722965	0.0	0.0	
8.397705187041701	22.0833128919678	0.0	0.0	
8.443606821980746	23.4974792259472	0.0	0.0	
8.190910473405657	23.696632942781996	0.0	0.0	
7.517845301078084	24.857927983907164	0.0	0.0	
7.660297146716155	26.384954848350866	0.0	0.0	
7.910054889729709	26.509062275741304	0.0	0.0	
7.695692300519061	27.924700285403464	0.0	0.0	
8.137511307763655	28.78755685860023	0.0	0.0	
7.584654803301194	29.55418974203005	0.0	0.0	
8.4443597988558	30.92439959692064	0.0	0.0	
9.247353543306064	0.2719298077036296	0.0	0.0	
8.600885657838964	0.9668779569078693	0.0	0.0	
9.086330419391075	2.270932091715184	0.0	0.0	
8.983708582040714	3.0851655412186156	0.0	0.0	
8.769165823261941	3.5172146991514563	0.0	0.0	
8.558687031261423	5.219580616266614	0.0	0.0	
9.450271219879868	6.383660401424397	0.0	0.0	
9.005499603879791	6.935809999207691	0.0	0.0	
8.817093410635431	7.513661413654641	0.0	0.0	
8.960275943295699	8.712689421951376	0.0	0.0	
9.05632381108472	9.81746836010904	0.0	0.0	
9.352807138527535	11.250513949145285	0.0	0.0	
9.2758672614961	11.779899371762248	0.0	0.0	
8.511386944884606	12.576030769257464	0.0	0.0	
9.248308629385537	13.804014342504166	0.0	0.0	
8.785418307841095	15.442309508815283	0.0	0.0	
8.94649309483924	16.45216961657972	0.0	0.0	
8.637016997771115	17.27785888918129	0.0	0.0	
9.254212676214868	17.848209223935818	0.0	0.0	
8.720829966975248	19.49635048135557	0.0	0.0	
9.349560362830445	20.15478625435443	0.0	0.0	
9.243796728503076	21.492493541758414	0.0	0.0	
9.191966508795987	22.100673254063587	0.0	0.0	
8.857674953822281	23.175105543758303	0.0	0.0	
8.959015631458463	24.04653019124747	0.0	0.0	
8.90485058628466	25.02303106464168	0.0	0.0	
9.059606437428013	26.163376550264317	0.0	0.0	
9.143226679894532	27.240631280089787	0.0	0.0	
8.504558712634326	28.1501677960801	0.0	0.0	
8.806836187865349	28.548884167999155	0.0	0.0	
8.951545064845973	30.392280351968598	0.0	0.0	
9.479277036176487	30.708081542483434	0.0	0.0	
10.378672095045589	0.11152994478887956	0.0	0.0	
10.288377233635476	0.953184377672003	0.0	0.0	
10.369461370458101	2.2425273565605646	0.0	0.0	
9.832812567240511	2.6189689503159115	0.0	0.0	
10.386346619534795	4.105604154949388	0.0	0.0	
9.679171717910771	4.611363455878592	0.0	0.0	
9.638513581266054	5.872927677696243	0.0	0.0	
9.754123699584833	6.909399520176159	0.0	0.0	
10.291326188275757	8.176989273065228	0.0	0.0	
10.359302189039957	8.810840628664137	0.0	0.0	
10.404623226201041	10.072179093400933	0.0	0.0	
9.738120423164506	11.421722421152438	0.0	0.0	
9.770043008583468	12.432182581482786	0.0	0.0	
9.682256945963879	13.098125350580391	0.0	0.0	
10.094481821851002	14.023735478988915	0.0	0.0	
9.957987618989005	15.209820451042619	0.0	0.0	
10.271238416246968	15.905632794239072	0.0	0.0	
9.747779132570885	17.094657285513115	0.0	0.0	
10.117894253905064	18.21268484910239	0.0	0.0	
10.325435056049901	18.858351430873658	0.0	0.0	
9.519909514009376	20.134963605527698	0.0	0.0	
10.287579113789805	21.057162238803578	0.0	0.0	
9.666576358023919	21.68458423471715	0.0	0.0	
10.172834574998868	22.500171616226712	0.0	0.0	
9.74569841378093	23.65063515216923	0.0	0.0	
9.534871219642259	25.34861497892233	0.0	0.0	
9.633858286575697	25.8846413131372	0.0	0.0	
9.91052539293719	27.294950257853642	0.0	0.0	
9.83569154685474	27.6383044588564	0.0	0.0	
9.612239764042386	29.159444523160886	0.0	0.0	
9.688798726569427	29.7836041560412	0.0	0.0	
10.010769975676599	31.25578184510514	0.0	0.0	
11.473255248218589	0.32195828156576733	0.0	0.0	
11.373912359905727	1.0363509162436515	0.0	0.0	
10.877501436074802	2.2411819618373467	0.0	0.0	
11.05005585508395	3.4329264468119676	0.0	0.0	
10.659155669450806	3.8086213636204866	0.0	0.0	
10.505332407217177	4.870158649936763	0.0	0.0	
10.908208545598487	5.582255878212583	0.0	0.0	
10.731509408521902	6.953781244403929	0.0	0.0	
11.022779056809652	8.217111456708025	0.0	0.0	
10.750648296408439	9.193920347229191	0.0	0.0	
11.475506522288388	10.284669342622376	0.0	0.0	
10.540985651548935	11.237751987778916	0.0	0.0	
10.59172364655473	12.376566805005918	0.0	0.0	
10.519318447936293	12.84103152294766	0.0	0.0	
11.457811518194118	13.970326960144797	0.0	0.0	
10.848273508897	14.7302378318467	0.0	0.0	
11.270437715474822	15.634514995940611	0.0	0.0	
10.89871445222404	17.204113163024147	0.0	0.0	
11.089624538387348	18.428215846435094	0.0	0.0	
10.945359702912562	19.248413782926367	0.0	0.0	
10.661904582465201	20.313260495556307	0.0	0.0	
11.111433278797968	20.922532401059645	0.0	0.0	
11.43917572303825	22.081194069619766	0.0	0.0	
11.193507253569258	23.195407818578214	0.0	0.0	
11.011923251609046	24.438511745429203	0.0	0.0	
10.544073733857045	24.70424714473247	0.0	0.0	
10.55131098404904	26.37231562763697	0.0	0.0	
10.688546835151206	26.67844237261037	0.0	0.0	
11.06058176379799	28.0482050606059	0.0	0.0	
10.752341935333618	29.484654735026357	0.0	0.0	
11.377525229001993	29.890971325201058	0.0	0.0	
11.403127720650803	31.37732998439101	0.0	0.0	
12.068762625379453	0.2571954248303818	0.0	0.0	
12.010458966515392	1.1945648082597442	0.0	0.0	
11.862787896237442	2.266977680101818	0.0	0.0	
12.227140675597617	3.0074142054739927	0.0	0.0	
12.320617991491586	3.592532014794316	0.0	0.0	
11.624943590774203	4.977999933257839	0.0	0.0	
11.599128634099191	6.287239709187389	0.0	0.0	
12.37665494532219	7.277349821937064	0.0	0.0	
12.383558543110874	8.333278502967957	0.0	0.0	
11.825851549234873	9.234325291193995	0.0	0.0	
12.46819133533725	9.616760546757162	0.0	0.0	
11.985696532108863	11.383915138857056	0.0	0.0	
11.56994103217604	12.132216127924918	0.0	0.0	
12.12362762652835	12.78991917369472	0.0	0.0	
11.637800438460406	14.005272919626774	0.0	0.0	
11.84162164172828	15.276219684488755	0.0	0.0	
12.208395455126617	15.735363652527733	0.0	0.0	
11.635789453824655	16.87902395115126	0.0	0.0	
12.236778862220083	17.63304744774847	0.0	0.0	
11.511678753519293	18.624363227566228	0.0	0.0	
11.693948610160424	20.337466159397792	0.0	0.0	
12.026978777818082	20.644226103326808	0.0	0.0	
12.31767626081533	22.09069995594735	0.0	0.0	
11.678193171117647	23.34683259650481	0.0	0.0	
12.113417728112745	24.493282159822098	0.0	0.0	
12.308751288878106	25.144618822790186	0.0	0.0	
11.884836303667015	25.652956373474773	0.0	0.0	
11.677269770415512	27.23852968146136	0.0	0.0	
12.412427015103171	28.110268422033368	0.0	0.0	
12.371615376709194	29.09769465166186	0.0	0.0	
11.564505554760988	29.636888126753853	0.0	0.0	
12.059695801950111	30.509668409706922	0.0	0.0	
13.136110031137427	0.14511865999063278	0.0	0.0	
13.441285517173293	0.9134083319130611	0.0	0.0	
12.873776785756395	1.6268648651308317	0.0	0.0	
12.98902855905092	2.7749648180607855	0.0	0.0	
13.180098286791633	4.347952333250893	0.0	0.0	
12.663033844354747	4.905619241795819	0.0	0.0	
12.763501997349358	6.163482987215862	0.0	0.0	
12.807249286313224	7.237773592471663	0.0	0.0	
13.04367337113523	8.172030943529572	0.0	0.0	
13.407650365467484	8.777126318180843	0.0	0.0	
12.60361632681288	9.738763264054421	0.0	0.0	
12.656187654653197	11.423599135539378	0.0	0.0	
13.411949665139169	12.488871580211203	0.0	0.0	
13.350695080572716	13.367784828718264	0.0	0.0	
12.638427493955186	13.663833046171979	0.0	0.0	
13.352457341139814	14.565662561450512	0.0	0.0	
12.622260954091267	15.890455103329375	0.0	0.0	
12.608804967061719	16.508872966791657	0.0	0.0	
12.96007716917884	17.54191813569095	0.0	0.0	
13.146374541167022	19.497766627327394	0.0	0.0	
12.74351690220968	19.968462166270932	0.0	0.0	
13.385785610741785	20.98668169846342	0.0	0.0	
13.400347732984939	22.240749629180822	0.0	0.0	
13.374144533440454	23.452926432381396	0.0	0.0	
12.84860290926842	24.280098521423778	0.0	0.0	
13.381037775130906	25.076327860223646	0.0	0.0	
13.44814295912904	26.096477497445413	0.0	0.0	
12.805457781918118	27.46811214842311	0.0	0.0	
13.482881021326822	27.637184286301274	0.0	0.0	
13.366389747973443	29.300346722816567	0.0	0.0	
12.576629057658405	29.922327497339545	0.0	0.0	
13.44902424903917	31.03737776791448	0.0	0.0	
13.59902725488405	0.3715045618777445	0.0	0.0	
13.632597189632765	1.459021892294905	0.0	0.0	
13.77160070261564	1.6340229697815092	0.0	0.0	
14.286791178769164	2.5559009234854075	0.0	0.0	
14.199703056761468	4.102916471872473	0.0	0.0	
13.720608372276144	5.289223174202908	0.0	0.0	
14.478307041047358	5.69759997014133	0.0	0.0	
14.293454520749677	6.666171475638719	0.0	0.0	
13.958398770309634	7.915162598664077	0.0	0.0	
14.150974914382871	8.524317683305144	0.0	0.0	
14.483478776448692	10.406027158959914	0.0	0.0	
14.279807906089697	10.7340799454087	0.0	0.0	
14.05219687201378	12.219099173126544	0.0	0.0	
14.380246773523222	12.734211450611149	0.0	0.0	
13.51313351740552	14.259736138318784	0.0	0.0	
13.57595601994392	14.858466200842692	0.0	0.0	
14.34135683093094	16.056080026632788	0.0	0.0	
13.593351525641191	17.450512867916647	0.0	0.0	
13.642611114807847	18.32140438206767	0.0	0.0	
14.191057424578952	19.301549971508763	0.0	0.0	
13.783391410645622	19.604207735628727	0.0	0.0	
14.351366196966165	20.73915174359585	0.0	0.0	
13.562179039591154	22.420655638292796	0.0	0.0	
13.691874828378477	23.232211330840936	0.0	0.0	
14.219221497517434	23.948958713482707	0.0	0.0	
14.028886587895403	25.22344488903224	0.0	0.0	
13.539252873419903	26.356532009789927	0.0	0.0	
13.815815776324808	27.359640122152662	0.0	0.0	
14.053837905253271	27.78464131815927	0.0	0.0	
14.210936210059796	29.386892522746383	0.0	0.0	
14.346901656450852	29.514177510482444	0.0	0.0	
13.945329342423257	30.550675558897765	0.0	0.0	
14.823713861528242	0.27236023714288415	0.0	0.0	
14.639690645321753	1.1160807346358514	0.0	0.0	
15.453787263895789	2.2924981440903918	0.0	0.0	
15.137120516751963	2.690449908401079	0.0	0.0	
14.841698571406864	3.9176066311748388	0.0	0.0	
15.254913102881996	5.351309506795169	0.0	0.0	
15.24546786369192	6.082937703057454	0.0	0.0	
15.279692039923592	7.302784412428116	0.0	0.0	
15.01707105305493	8.005790010908736	0.0	0.0	
15.470701430816394	8.559490798233565	0.0	0.0	
14.865306823150666	10.136610873303852	0.0	0.0	
15.226320756798655	11.475307751350305	0.0	0.0	
14.651479648240247	11.755839672503425	0.0	0.0	
14.663954299765575	13.26508734871105	0.0	0.0	
14.85262762015368	14.29711287074373	0.0	0.0	
15.0469832792721	14.5734885975511	0.0	0.0	
15.341316432357972	15.579103279493932	0.0	0.0	
14.67654724294319	16.59986207164872	0.0	0.0	
15.152830200307369	17.635848494548586	0.0	0.0	
14.803369824190638	19.219417347671502	0.0	0.0	
14.968853092595996	20.213543156381306	0.0	0.0	
14.726350786123248	20.56979808496517	0.0	0.0	
15.10569753398507	21.628369141574098	0.0	0.0	
15.136577083076904	23.311714909572224	0.0	0.0	
15.251467888906296	23.564521540693555	0.0	0.0	
15.493929484086385	25.125543139614003	0.0	0.0	
14.85530267824012	25.534376599757973	0.0	0.0	
15.251858902062695	26.843794667440893	0.0	0.0	
14.55552739056381	28.261410039503904	0.0	0.0	
14.565726675178553	29.449102516915037	0.0	0.0	
15.307951466849586	29.62720941461085	0.0	0.0	
15.318966623924355	30.55195019293369	0.0	0.0	
15.930626777519043	0.051793469796147185	0.0	0.0	
15.999759088303062	0.8998301112327817	0.0	0.0	
16.071831580205593	2.089233386812203	0.0	0.0	
15.75834288283282	2.8663188721907313	0.0	0.0	
16.497842711011817	4.393034945137977	0.0	0.0	
16.374993830963238	5.3456987625709	0.0	0.0	
15.694042454693786	5.956846972164935	0.0	0.0	
16.368502900223145	7.482915616913335	0.0	0.0	
15.998534305512381	8.122727312983102	0.0	0.0	
16.118958211041267	8.586419535168012	0.0	0.0	
16.469634328631614	10.220607063556214	0.0	0.0	
15.845580709038186	11.138591299524903	0.0	0.0	
16.18675308844909	12.341946732491467	0.0	0.0	
16.00139362749425	13.265378001839357	0.0	0.0	
16.14543108763566	14.419779077877259	0.0	0.0	
16.12894069067931	15.123387852605205	0.0	0.0	
16.460545523630433	15.932982802344458	0.0	0.0	
16.330428750942204	17.142366281136294	0.0	0.0	
15.746273596248367	18.143134131883965	0.0	0.0	
15.695427609276855	19.473878607279396	0.0	0.0	
15.645558689828416	19.83143106706841	0.0	0.0	
15.935391152773835	21.38879532535198	0.0	0.0	
16.1879962339063	21.531989043978452	0.0	0.0	
15.615993884500005	22.719318181352822	0.0	0.0	
16.49190646840612	23.52878919756267	0.0	0.0	
16.16498909433885	25.004149876878436	0.0	0.0	
16.306654915599488	25.710125986747048	0.0	0.0	
16.006613157106955	27.015605126371167	0.0	0.0	
15.820337881293906	28.265983312472816	0.0	0.0	
16.21588326973251	28.623480349522488	0.0	0.0	
16.474083909422177	29.759013687276727	0.0	0.0	
16.205510181717386	30.985108583240656	0.0	0.0	
16.93143385291574	0.41731345074960424	0.0	0.0	
16.942546743462948	1.166414123761926	0.0	0.0	
17.158087074578546	1.6249230038199647	0.0	0.0	
16.900445972996092	2.924421814278114	0.0	0.0	
17.32220532186854	3.503530101919905	0.0	0.0	
16.677281330605094	4.530966522482038	0.0	0.0	
17.084024607643492	6.347001086125905	0.0	0.0	
16.80397922530689	6.516762998644405	0.0	0.0	
17.007830380234882	7.723456397500659	0.0	0.0	
17.208504205426056	8.817738971785827	0.0	0.0	
17.072475195553178	9.997516722505448	0.0	0.0	
17.35682581749665	11.41721112431537	0.0	0.0	
16.726049390760224	11.771219495981848	0.0	0.0	
16.913366074411677	13.30155029113149	0.0	0.0	
16.532266635785316	14.089394935180323	0.0	0.0	
17.114043306725158	15.11332256549731	0.0	0.0	
17.43515611314681	16.080690348827776	0.0	0.0	
16.962972616717824	16.783706132812213	0.0	0.0	
17.483865020902726	18.42862662885241	0.0	0.0	
16.551145642325	18.876261409601366	0.0	0.0	
17.36074029163091	20.32690865491976	0.0	0.0	
16.63113111181189	21.28943374953568	0.0	0.0	
16.640105543035688	21.9236139023069	0.0	0.0	
17.364193745355827	23.475341474135934	0.0	0.0	
16.58650218162517	24.39151734539559	0.0	0.0	
17.381271160808968	25.01878590398916	0.0	0.0	
17.21973400480252	25.915439513778267	0.0	0.0	
16.578837502605197	27.009341128634933	0.0	0.0	
17.227740361671607	28.07104683602011	0.0	0.0	
16.64161537129516	28.72585116409251	0.0	0.0	
16.96233247187194	30.37869061706843	0.0	0.0	
17.00263811053886	30.554276092492643	0.0	0.0	
18.40412299438976	0.03646052887146334	0.0	0.0	
17.607264440586114	1.0871262930951398	0.0	0.0	
17.86650487977637	2.14651962578036	0.0	0.0	
17.546347791788286	2.999054588034441	0.0	0.0	
18.419645919680992	4.4420333181804	0.0	0.0	
18.496097356218502	5.316361226375731	0.0	0.0	
18.372553772038096	5.786856563944443	0.0	0.0	
18.45494289862593	6.96648042531532	0.0	0.0	
18.22872572917431	8.188391999169134	0.0	0.0	
18.275208221865846	8.564172010215344	0.0	0.0	
17.91581656243064	10.340782821905869	0.0	0.0	
17.832352967537506	10.793446237173162	0.0	0.0	
17.851099775245896	11.876378214735489	0.0	0.0	
18.090392032452687	12.596552683554439	0.0	0.0	
17.636813030056825	14.057926037631312	0.0	0.0	
18.245625075885883	14.75157625922312	0.0	0.0	
18.449564585522587	15.74839244220937	0.0	0.0	
18.038897657241392	17.122922471227813	0.0	0.0	
17.820423841689568	18.217597088408628	0.0	0.0	
17.662489889140527	18.504816940707617	0.0	0.0	
18.17218271839966	19.864654897056678	0.0	0.0	
17.965420106011447	21.494194432603514	0.0	0.0	
18.425883381332095	22.29554898047859	0.0	0.0	
18.256395406930686	23.440232183722856	0.0	0.0	
17.674888921796573	23.703933660007312	0.0	0.0	
18.491193476765968	24.66805024420642	0.0	0.0	
17.632284948799544	25.625253561369963	0.0	0.0	
18.43809371997451	27.041738151863658	0.0	0.0	
18.450572048333562	28.415842228048568	0.0	0.0	
17.891203471121536	29.199524940362302	0.0	0.0	
17.964455662687772	30.124353152482325	0.0	0.0	
18.201290855308205	31.490267605712916	0.0	0.0	
19.41613880146231	0.2410426574680128	0.0	0.0	
19.03077133230847	0.7815930450757707	0.0	0.0	
18.78845092041023	2.1840471491883426	0.0	0.0	
19.03930678148144	3.3057664018709705	0.0	0.0	
18.99747289760106	3.553809982267922	0.0	0.0	
18.985045033649232	4.517629539402559	0.0	0.0	
18.978943757035815	6.229814125671051	0.0	0.0	
18.54631933427007	7.4684055019160756	0.0	0.0	
19.48816186626027	7.948389974681313	0.0	0.0	
18.88133694536979	8.620461790185152	0.0	0.0	
19.212898342358894	10.257117444426212	0.0	0.0	
19.354136205943018	10.808410571138822	0.0	0.0	
18.59047145608787	11.623354631987107	0.0	0.0	
18.56405926841314	12.68926906184991	0.0	0.0	
18.6457252557977	13.554836605553543	0.0	0.0	
18.6313995416274	15.28779794788089	0.0	0.0	
19.38570280181623	15.898908991051108	0.0	0.0	
19.208930092650416	17.235685750483604	0.0	0.0	
18.648127881549616	18.442732898249087	0.0	0.0	
18.77746623790659	18.813533812238934	0.0	0.0	
19.206690267180434	19.85046279393272	0.0	0.0	
19.194249416695982	21.072617545107093	0.0	0.0	
19.019077025030068	21.564873926710277	0.0	0.0	
18.921522192843437	23.376355708570767	0.0	0.0	
18.732781579969107	23.654500545233173	0.0	0.0	
19.027991877126773	25.09152775134069	0.0	0.0	
19.42857545507181	25.84409198446108	0.0	0.0	
19.43702880064078	26.96771478783735	0.0	0.0	
18.732798144634234	28.429887202659252	0.0	0.0	
18.591649453804454	29.307474730034187	0.0	0.0	
18.551662161175788	29.666559637636333	0.0	0.0	
18.734016368029245	30.549805320097757	0.0	0.0	
20.05295937156965	0.26667535982834534	0.0	0.0	
19.77741441483052	1.2122621631601183	0.0	0.0	
19.59236103591728	2.0767893986429917	0.0	0.0	
20.28504286396888	3.0485281930952937	0.0	0.0	
19.81423076827649	4.0829716802562634	0.0	0.0	
19.718460252200224	4.5787412286478535	0.0	0.0	
19.956022045700156	6.3915179790165855	0.0	0.0	
20.282808622456066	7.116060432164383	0.0	0.0	
20.449538004698265	7.763058486967544	0.0	0.0	
20.103169711279598	8.663595845497463	0.0	0.0	
20.056552872431606	9.585471715224655	0.0	0.0	
19.92713844930181	10.968189175701625	0.0	0.0	
20.288160047595376	11.846915051263082	0.0	0.0	
19.985531708779025	13.327525300007117	0.0	0.0	
19.91348248162451	13.537741340949912	0.0	0.0	
20.31984481268147	14.778604713077383	0.0	0.0	
19.641920207463006	16.462716453766298	0.0	0.0	
19.544368369575377	16.640125505900908	0.0	0.0	
20.26985057527474	18.476106138395103	0.0	0.0	
19.689556215641836	19.030336302823187	0.0	0.0	
19.97998562549892	19.983643557039528	0.0	0.0	
19.57152932881586	21.250058499757078	0.0	0.0	
20.477435934966792	22.448125016074044	0.0	0.0	
19.722577026273434	22.712883901721007	0.0	0.0	
19.757554498249522	23.87952649949303	0.0	0.0	
20.14173386378793	24.693350593372102	0.0	0.0	
20.298387119234842	26.26621009262491	0.0	0.0	
19.522056966008112	26.99954255304494	0.0	0.0	
20.184864767525617	27.779302229283996	0.0	0.0	
20.304877737895428	29.117700908316987	0.0	0.0	
20.17322070514959	30.343229525469884	0.0	0.0	
19.862312560486654	30.65462955448633	0.0	0.0	
20.885529144144936	0.2731010755770268	0.0	0.0	
20.675291161516007	1.1920296278224103	0.0	0.0	
21.44304037842881	1.6391951451000963	0.0	0.0	
20.549783831785373	3.274514951141061	0.0	0.0	
20.60357561184432	3.621988592823982	0.0	0.0	
20.78237977830804	5.354116755295999	0.0	0.0	
21.31357591083768	5.811547629579275	0.0	0.0	
21.253699259161102	7.363962042701525	0.0	0.0	
21.228156326301292	8.395993919690167	0.0	0.0	
20.815108469290863	9.48368925216205	0.0	0.0	
21.17020094241681	9.715875602225523	0.0	0.0	
21.023767531190913	11.446340418837638	0.0	0.0	
21.357375918743966	12.365665430229841	0.0	0.0	
20.615765731547096	13.38871187658181	0.0	0.0	
21.126254748794246	14.002760975385437	0.0	0.0	
20.924433905501708	14.797388193226471	0.0	0.0	
20.917926081331647	15.53990343848016	0.0	0.0	
21.287407071343665	16.81730415306977	0.0	0.0	
20.55896063655985	17.99096345221443	0.0	0.0	
21.27954786750743	19.276579329684647	0.0	0.0	
21.044754508838174	19.777423366443646	0.0	0.0	
20.722527288642087	21.09464938516795	0.0	0.0	
21.05975240738701	21.813089010377983	0.0	0.0	
20.88977436880405	23.471129867855183	0.0	0.0	
20.656696109561302	23.575588226398533	0.0	0.0	
21.190689640856746	24.747075206339414	0.0	0.0	
20.569148320445066	25.828244979436846	0.0	0.0	
20.881885391468778	27.493020153679595	0.0	0.0	
21.252414986901343	27.827419830796178	0.0	0.0	
20.78522621039723	29.017975453298945	0.0	0.0	
21.249702947909046	30.213816601268086	0.0	0.0	
21.467804872630676	31.424430062222562	0.0	0.0	
21.857368440989376	0.4666912194908196	0.0	0.0	
22.41167983829165	1.360640966119209	0.0	0.0	
22.099072453626498	2.2702867683446892	0.0	0.0	
21.912825956365563	2.970010988510135	0.0	0.0	
22.36161572661674	3.785597945470063	0.0	0.0	
21.831805480095497	5.034214050722567	0.0	0.0	
21.705713565466468	6.12048434932693	0.0	0.0	
21.68942535314717	6.616517144685784	0.0	0.0	
21.859272237244507	7.816731979134998	0.0	0.0	
22.335074336389972	9.079156431377353	0.0	0.0	
22.321435060452963	9.889231065832545	0.0	0.0	
22.38811438524297	11.169269472507525	0.0	0.0	
22.341673868178418	11.883934949770747	0.0	0.0	
22.185433616074093	13.031015572560642	0.0	0.0	
22.489569205955494	14.485439990829471	0.0	0.0	
22.326145673353622	15.29881339110257	0.0	0.0	
21.556756244842948	15.827155796228139	0.0	0.0	
22.478836345514807	16.84518456996242	0.0	0.0	
21.66221403022265	17.54412391824304	0.0	0.0	
22.054321815904327	18.506742142001354	0.0	0.0	
22.1466260877253	20.18097843099692	0.0	0.0	
22.219403755399387	20.966479941876806	0.0	0.0	
22.055554779805597	21.754362821906923	0.0	0.0	
21.765833562750906	23.316252731661578	0.0	0.0	
21.865662697664202	24.42884443081873	0.0	0.0	
21.73167092834116	25.05897669405939	0.0	0.0	
21.52034749814629	26.131372337375115	0.0	0.0	
22.102332359702025	26.56573198178211	0.0	0.0	
21.856526691048742	28.21790444466351	0.0	0.0	
21.906125321697257	29.07040634544758	0.0	0.0	
21.85206098608441	30.347624323342178	0.0	0.0	
21.912088205761187	31.337520373352806	0.0	0.0	
23.054953507613057	0.373050459976664	0.0	0.0	
23.080422768581958	1.11446815569809	0.0	0.0	
23.026941467391993	2.1876810617942652	0.0	0.0	
22.949130247046877	2.576633457456456	0.0	0.0	
22.70608040008122	4.273581306175189	0.0	0.0	
23.38535179733157	5.0436707773628076	0.0	0.0	
22.51359992025455	6.171438407820534	0.0	0.0	
23.236551183792052	7.304679621428518	0.0	0.0	
22.672160737754595	8.289745091242764	0.0	0.0	
22.987440227810406	9.107639429708547	0.0	0.0	
22.654019411808335	9.566183332104268	0.0	0.0	
22.674996180402	10.823207472345162	0.0	0.0	
23.450466158923444	12.484164918841138	0.0	0.0	
23.28904896129124	12.94321274635504	0.0	0.0	
23.46918790245488	14.214203195379465	0.0	0.0	
23.23787865070034	14.525462178350814	0.0	0.0	
22.687042531311338	16.048285004068674	0.0	0.0	
23.261202970348737	17.24602328633562	0.0	0.0	
23.22001850354384	18.267282008131854	0.0	0.0	
23.257359972867167	18.759653336442607	0.0	0.0	
23.398273855305536	20.24991490642255	0.0	0.0	
22.606510538032705	21.250879330404405	0.0	0.0	
23.041261452583118	21.92981363788944	0.0	0.0	
23.364508032867924	23.182744059231883	0.0	0.0	
22.61238952896314	23.55054296205586	0.0	0.0	
23.310103113922494	25.30923624404204	0.0	0.0	
23.065124079536506	25.73792992717801	0.0	0.0	
23.320601797666043	26.82793013508331	0.0	0.0	
22.99162705031761	28.239485674493896	0.0	0.0	
22.858502636601393	28.98709811729131	0.0	0.0	
22.58175394848374	30.03875834596109	0.0	0.0	
22.717389214624973	30.957341551406145	0.0	0.0	
24.391354032232496	0.4040619567635384	0.0	0.0	
24.02481389258724	1.3006983298633261	0.0	0.0	
24.48533269306249	1.704676262756629	0.0	0.0	
24.043892719432225	3.212754996171565	0.0	0.0	
24.14310752755838	4.178879853618436	0.0	0.0	
24.251759615529096	5.4389320530216185	0.0	0.0	
23.865223983061874	6.3395793441738455	0.0	0.0	
23.686964805959892	6.8059247009168615	0.0	0.0	
24.183343789416906	8.37792981901833	0.0	0.0	
24.25254200048939	9.401636300583455	0.0	0.0	
24.07725336928356	9.70116209317572	0.0	0.0	
23.755187982128206	11.262127516071942	0.0	0.0	
23.85044334326787	12.375709127501672	0.0	0.0	
24.14033416469178	12.963589859732226	0.0	0.0	
23.562107202960206	14.368416807092462	0.0	0.0	
23.692399879039503	15.319332524918158	0.0	0.0	
24.2726178399062	15.64727102300891	0.0	0.0	
24.057454867517762	16.95385808568223	0.0	0.0	
24.317551272021237	17.577345132760826	0.0	0.0	
24.058934172525547	18.618585959078665	0.0	0.0	
24.11702333174431	20.267371137076616	0.0	0.0	
24.47364537844736	20.74523189347517	0.0	0.0	
23.553480450694163	22.04092304494456	0.0	0.0	
24.381647257688165	22.78897598199741	0.0	0.0	
23.88241163395625	23.94746241477358	0.0	0.0	
23.99473121427122	24.88239709607248	0.0	0.0	
24.08436331007551	26.244294085095046	0.0	0.0	
24.377777597546984	27.043356970037966	0.0	0.0	
24.168609283094575	28.210922815499877	0.0	0.0	
24.159032669806006	29.177757392222468	0.0	0.0	
24.214022423930125	30.04164525724199	0.0	0.0	
23.754626303851232	31.239468132660075	0.0	0.0	
24.56770464089431	0.04586631065038771	0.0	0.0	
25.277105789108745	0.6510850528181423	0.0	0.0	
25.148252310480412	1.7197364288880026	0.0	0.0	
25.2376300743357	2.557271887710633	0.0	0.0	
25.34738208768342	3.807448031013952	0.0	0.0	
24.532660033988154	4.664342409561075	0.0	0.0	
25.238710550172634	5.845520847724815	0.0	0.0	
24.931892646117827	6.973147490532998	0.0	0.0	
24.74355425720057	7.832410099033548	0.0	0.0	
24.752447258529305	8.993714856477732	0.0	0.0	
24.898592088424163	9.887055470436525	0.0	0.0	
24.877653263998827	11.485728236027981	0.0	0.0	
25.402698940841763	11.93135277127251	0.0	0.0	
25.265306170718336	13.128870392689338	0.0	0.0	
25.00989555283513	14.324887048820061	0.0	0.0	
24.735046651961646	14.786241552791777	0.0	0.0	
25.145342053257256	15.77814847979747	0.0	0.0	
24.92019136356421	16.987711126719446	0.0	0.0	
24.752735761752785	18.40642825640958	0.0	0.0	
25.06797865691694	19.314518356549666	0.0	0.0	
24.844461086048643	20.10519911401636	0.0	0.0	
24.54647752983343	20.86608593057367	0.0	0.0	
25.375282210119835	22.402689961370413	0.0	0.0	
24.73100392481854	23.379805849316757	0.0	0.0	
25.23077150801165	23.961469805426745	0.0	0.0	
24.673063173316375	25.074260845786863	0.0	0.0	
24.859126518697558	25.609797148903468	0.0	0.0	
24.759375478307827	26.899846007055856	0.0	0.0	
24.58668936203562	27.930826580837753	0.0	0.0	
25.438637253202675	29.35634760491927	0.0	0.0	
25.24760919217663	30.140377749078944	0.0	0.0	
24.887395308845214	31.376946233936202	0.0	0.0	
25.851297690115626	0.3933769946354835	0.0	0.0	
25.57630322588024	0.5395198209620408	0.0	0.0	
25.511033202173216	2.202849359147046	0.0	0.0	
26.277234928602166	2.5618096258183742	0.0	0.0	
26.01219115126866	4.157281060032806	0.0	0.0	
26.4432505518403	5.008250052508714	0.0	0.0	
25.73445585041826	6.031605620661667	0.0	0.0	
25.94685203539845	6.902697591825619	0.0	0.0	
26.439027965549045	8.082719870734843	0.0	0.0	
26.37713616268442	8.818217692235656	0.0	0.0	
26.396086765900137	10.146087883866253	0.0	0.0	
26.008110604470073	11.452202059699747	0.0	0.0	
26.365514832339965	11.962161550835189	0.0	0.0	
25.877099590565987	13.407575393770475	0.0	0.0	
26.26424143080131	13.696753502806303	0.0	0.0	
25.561649506928664	15.162554116145099	0.0	0.0	
25.71451424682107	15.882593388680935	0.0	0.0	
26.195935301785298	17.02407149296399	0.0	0.0	
26.01781647981738	18.34544516074459	0.0	0.0	
26.46466378197549	19.44897185123994	0.0	0.0	
25.64946277725476	19.792780203841637	0.0	0.0	
25.874069928568083	20.578381782871062	0.0	0.0	
25.559332740784736	21.868272096823613	0.0	0.0	
25.804145701033253	23.01238491083857	0.0	0.0	
25.77165603942493	24.360309005157667	0.0	0.0	
25.85895579016021	25.022348095069074	0.0	0.0	
26.105545732169524	26.457598560842737	0.0	0.0	
25.67116209192983	26.809552296718735	0.0	0.0	
26.345848098575974	28.169851579495994	0.0	0.0	
25.821219995071445	28.563283236730367	0.0	0.0	
26.321294931743488	30.460570362539283	0.0	0.0	
26.237506208958415	30.800100150415787	0.0	0.0	
27.372459621993205	0.2627592538924177	0.0	0.0	
27.213493412669084	0.8874617801162773	0.0	0.0	
27.35126716562243	1.7290990286031704	0.0	0.0	
26.62886617884624	2.723824969843922	0.0	0.0	
26.86319389260326	4.096748961442392	0.0	0.0	
27.470932526857677	4.6419191476183705	0.0	0.0	
26.91792994210462	5.916525759216023	0.0	0.0	
26.57207791054255	6.9972035576308045	0.0	0.0	
27.380664646919243	8.08392705701117	0.0	0.0	
27.032339185096216	9.140236225262605	0.0	0.0	
27.174469078736987	10.478525044642259	0.0	0.0	
26.874893581970536	10.626577249932573	0.0	0.0	
27.385693562961574	12.18539934310513	0.0	0.0	
26.636141159356118	12.74814102802988	0.0	0.0	
27.067991045978136	13.874133130187461	0.0	0.0	
27.459891519994066	14.684369194636437	0.0	0.0	
27.429547249537247	16.49623916669811	0.0	0.0	
26.967266298910644	16.703539494895814	0.0	0.0	
26.871542296180667	17.749606115470495	0.0	0.0	
26.925628325073344	18.60954953368264	0.0	0.0	
26.870875504890478	19.80036655102113	0.0	0.0	
27.354389469615363	20.70302303474006	0.0	0.0	
26.620111427794043	22.230475007041214	0.0	0.0	
26.515449493049054	22.670912200734325	0.0	0.0	
27.313920845305436	23.798260781304286	0.0	0.0	
26.509822291819013	24.565238159012583	0.0	0.0	
26.737346138174424	26.236668370305924	0.0	0.0	
27.33170233838851	27.34926265298384	0.0	0.0	
26.79031078427844	28.08120392892875	0.0	0.0	
27.370233048480504	28.779022788250302	0.0	0.0	
26.90649893543138	29.666516830586968	0.0	0.0	
26.593166614246485	30.996985623641077	0.0	0.0	
27.60798454885869	0.20663429636068842	0.0	0.0	
27.943314217091373	0.8425920000554888	0.0	0.0	
28.065380312581013	1.8332087573811433	0.0	0.0	
27.897706714805324	3.360690228526568	0.0	0.0	
28.163750060030164	3.9581425447431826	0.0	0.0	
28.457700738800472	5.002249757498271	0.0	0.0	
28.238372297438158	6.2478614855748855	0.0	0.0	
28.288260975568257	7.430841668384963	0.0	0.0	
28.01455115180849	7.9844872906234166	0.0	0.0	
27.87434963802502	9.225991948907819	0.0	0.0	
28.354031561812526	10.320014042173122	0.0	0.0	
27.751139769968148	10.729884353707869	0.0	0.0	
27.80577404374866	12.340830311694402	0.0	0.0	
28.253400092205407	13.109222621243386	0.0	0.0	
28.304811456923712	14.346107793299202	0.0	0.0	
28.013280741496857	15.186536668340143	0.0	0.0	
28.043852494519776	16.36156744024723	0.0	0.0	
27.682124681251704	17.287867389986182	0.0	0.0	
27.831969968344332	17.86568426810614	0.0	0.0	
28.102037852247662	19.026541476882894	0.0	0.0	
28.101485264452236	19.707360607420323	0.0	0.0	
28.030313770660946	20.529435177207862	0.0	0.0	
28.27449017127366	22.076995437563216	0.0	0.0	
27.909810019376387	22.66019450343341	0.0	0.0	
28.402915035206043	24.308495466931483	0.0	0.0	
28.097783317422525	24.911921483096048	0.0	0.0	
28.238697674644285	25.825751814303114	0.0	0.0	
27.879801168936176	27.209737686026003	0.0	0.0	
28.18033085577354	28.182372547733486	0.0	0.0	
27.57835922491853	29.167824893636034	0.0	0.0	
27.97107306485067	29.826390864679222	0.0	0.0	
27.780952886184714	30.86059178508722	0.0	0.0	
28.97669658151481	0.16388594255718403	0.0	0.0	
28.84127127449285	1.2465492431246321	0.0	0.0	
29.35753821645225	2.1737082017029676	0.0	0.0	
28.957662332009168	3.461356642921109	0.0	0.0	
29.05634184205079	3.9895956178701084	0.0	0.0	
29.107142846141983	5.287059173169226	0.0	0.0	
29.410780006938932	6.298123792201438	0.0	0.0	
29.00554134694266	6.53843877331059	0.0	0.0	
29.416875402761963	7.845506516814984	0.0	0.0	
28.570468414418265	9.228625837987016	0.0	0.0	
29.37826093858675	10.205992122447924	0.0	0.0	
28.881425774275385	11.35785188974936	0.0	0.0	
28.934537773002333	12.115234651411757	0.0	0.0	
29.360995620786433	12.561235313699713	0.0	0.0	
28.91898045555564	13.860046811922023	0.0	0.0	
29.29902113354798	15.446787332990338	0.0	0.0	
28.695753240992392	16.15199575428876	0.0	0.0	
28.50920093056475	16.803496521523353	0.0	0.0	
28.782465878044537	17.88081052865614	0.0	0.0	
28.59481729853366	18.704181420771157	0.0	0.0	
28.819683472677244	20.01311967172272	0.0	0.0	
29.142121877357738	21.156308942989217	0.0	0.0	
28.979810018474907	22.24454558379666	0.0	0.0	
29.394893135550298	22.724674174441002	0.0	0.0	
28.744800475467954	23.67768546958285	0.0	0.0	
29.074325360505377	25.40591933383754	0.0	0.0	
28.713475316496083	25.757011202910952	0.0	0.0	
28.82694103928664	26.835561162905513	0.0	0.0	
29.373390154593437	27.598035863094942	0.0	0.0	
28.704807214312343	29.339165334654606	0.0	0.0	
28.55657616778506	30.45855227614632	0.0	0.0	
28.505899807290007	30.770814891481145	0.0	0.0	
30.020868874054973	0.25221968979116005	0.0	0.0	
29.824174441956142	0.8823986248689595	0.0	0.0	
30.109981691364148	2.363310170294421	0.0	0.0	
30.4594588716658	2.816475304305962	0.0	0.0	
30.37818552054926	4.379903666960437	0.0	0.0	
30.050238526707307	5.391475077573066	0.0	0.0	
30.4319816897334	6.0616606125466905	0.0	0.0	
29.798421870149898	6.796620503490545	0.0	0.0	
30.13589238858424	8.103323618343637	0.0	0.0	
30.39821976369018	8.760313941601854	0.0	0.0	
29.9860305851076	9.943370024570122	0.0	0.0	
29.910769237908436	11.489739941661654	0.0	0.0	
29.51262089202717	11.586576736080525	0.0	0.0	
29.604971367217164	13.455177938619595	0.0	0.0	
30.42308317593483	13.622886753149542	0.0	0.0	
30.316617083428028	14.81839835093753	0.0	0.0	
30.280652928715153	16.122845662712745	0.0	0.0	
29.650323785446282	17.367439555622553	0.0	0.0	
30.117143918458318	17.7588748292279	0.0	0.0	
30.32244201455489	18.73283833218726	0.0	0.0	
29.85210670303869	19.5366602268228	0.0	0.0	
30.166630963539806	20.65113879105479	0.0	0.0	
30.489497346586607	22.156905589976443	0.0	0.0	
29.97102930239284	23.30519186013584	0.0	0.0	
30.430424631276505	23.51874178746753	0.0	0.0	
30.081690939292862	24.96006488881376	0.0	0.0	
29.705144714470126	26.488930562594337	0.0	0.0	
30.39718157835738	26.86630687733585	0.0	0.0	
30.24911494640388	27.591890276099267	0.0	0.0	
30.49503561566055	29.405538979428886	0.0	0.0	
29.808538038498885	30.01316531180919	0.0	0.0	
29.818222069136212	30.990764474521704	0.0	0.0	
31.43951767094622	0.2999730155006708	0.0	0.0	
30.718544145486327	0.752777008683897	0.0	0.0	
30.79050580291509	2.4245379258198296	0.0	0.0	
31.458688313047244	3.0929740617101142	0.0	0.0	
30.548453208970344	4.051151034717338	0.0	0.0	
30.88284797762463	5.03629305702348	0.0	0.0	
31.016429999217504	5.896775756833543	0.0	0.0	
30.902717574249397	7.089297181318154	0.0	0.0	
31.131606920802465	8.001300635505979	0.0	0.0	
31.287658006634878	8.609946622755487	0.0	0.0	
31.357965145707677	9.58420006423861	0.0	0.0	
30.730602293808133	11.27435822017072	0.0	0.0	
30.910429566536845	11.581956946325409	0.0	0.0	
30.84389599911009	13.109826261692724	0.0	0.0	
30.715432823649465	13.751082176754995	0.0	0.0	
31.276191787279814	14.618302220029939	0.0	0.0	
31.01255488405295	15.665017440748038	0.0	0.0	
31.243878881870163	17.098780896186504	0.0	0.0	
31.298718659407232	18.20182414326951	0.0	0.0	
31.002682733582606	19.38182147807431	0.0	0.0	
31.159949612904526	19.745631127460904	0.0	0.0	
31.13104540375482	21.464975577778656	0.0	0.0	
30.576465045980182	22.27721297129542	0.0	0.0	
30.70131062199084	23.31112511323279	0.0	0.0	
30.6819582685694	23.67718769031247	0.0	0.0	
31.35958536680927	24.906032879974212	0.0	0.0	
30.873638067465272	25.503320191721507	0.0	0.0	
30.50584196290518	26.835247268486125	0.0	0.0	
30.54540942323835	27.893186819953847	0.0	0.0	
31.197900626987636	29.021532132235084	0.0	0.0	
30.69290560952903	30.351460783263246	0.0	0.0	
30.757971838551285	30.96187817156398	0.0	0.0	
