2
32.0	0.0	0.0	0.0	
0.0	32.0	0.0	0.0	
0.22792829733119857	0.05335288010967232	0.0	0.0	
0.23247889694790091	0.7326052488854187	0.0	0.0	
0.43653305675977705	1.877139716737393	0.0	0.0	
0.17212145773280296	3.161969302467761	0.0	0.0	
0.19667553588382847	3.9517564481810665	0.0	0.0	
0.05271520026250276	4.878732358469496	0.0	0.0	
0.32906907816136244	6.3504923859972955	0.0	0.0	
0.051673174017262236	7.46259564654187	0.0	0.0	
0.46851422828823397	7.605069506837839	0.0	0.0	
0.4417583238659355	9.421243296624795	0.0	0.0	
0.2736653274141657	9.800322056993812	0.0	0.0	
0.42529056694366085	11.485193536995693	0.0	0.0	
0.3710943365494739	12.429021877404297	0.0	0.0	
0.19019619760169804	13.034836266176251	0.0	0.0	
0.29308131835134854	13.692915150158942	0.0	0.0	
0.13275960617943527	14.630664850712547	0.0	0.0	
0.17803684222105343	16.267186329024415	0.0	0.0	
0.15200847535954032	17.138343232364498	0.0	0.0	
0.44069060455256537	17.544879124163497	0.0	0.0	
0.06787092857235921	18.5795737593028	0.0	0.0	
0.13717051165522975	19.776084163660567	0.0	0.0	
0.3433381020833429	20.71852804262289	0.0	0.0	
0.1811564054995377	21.517032781660195	0.0	0.0	
0.11325888628859926	22.593418863188838	0.0	0.0	
0.23449473944487165	23.682664635769562	0.0	0.0	
0.1155184945605382	25.080653825485673	0.0	0.0	
0.17517927150210444	26.187163437072932	0.0	0.0	
0.44988330084262307	27.39900762197868	0.0	0.0	
0.4291926044727531	28.415131682421073	0.0	0.0	
0.2942414903208457	29.34857023846908	0.0	0.0	
0.28819224443222025	30.197878026486126	0.0	0.0	
0.25117696804024314	31.44190405404123	0.0	0.0	
0.7002816172562196	0.39148289564651007	0.0	0.0	
0.6592327769736701	1.362746639781602	0.0	0.0	
0.794766290452234	1.6970670114447235	0.0	0.0	
0.6874397812601757	3.312412602916356	0.0	0.0	
0.5314095245896762	4.018273968891065	0.0	0.0	
0.7949764320513507	5.215324443512765	0.0	0.0	
1.2895646032118426	6.415759472360006	0.0	0.0	
1.2633613500647334	6.628800753666249	0.0	0.0	
0.8262402599854849	8.261540596237658	0.0	0.0	
0.799318234026701	8.762986586778256	0.0	0.0	
1.4447420564215971	9.861208386703726	0.0	0.0	
1.3602389277804097	11.168143557438524	0.0	0.0	
1.4644596574473492	11.575654220162974	0.0	0.0	
0.8567211108911602	12.72355594148211	0.0	0.0	
1.1660069999613343	13.558063201830803	0.0	0.0	
0.8742228039212572	15.143699488128266	0.0	0.0	
0.9616107189729083	15.990767578381481	0.0	0.0	
1.401516131016344	17.143984394053376	0.0	0.0	
1.0673732823143194	18.1784286175836	0.0	0.0	
0.7743981080591444	18.509459629828918	0.0	0.0	
1.430876193059453	20.48655832374089	0.0	0.0	
1.247048636270555	21.170064572766112	0.0	0.0	
0.7044500941558247	22.162392748655424	0.0	0.0	
0.6953629282320127	23.1155979629837	0.0	0.0	
1.4375180438389736	23.582262684146414	0.0	0.0	
0.8155284966378304	25.446123690019103	0.0	0.0	
1.3411072446713903	26.216060683856778	0.0	0.0	
1.3762995844972976	27.372639813770416	0.0	0.0	
0.8208264743863121	27.930539599289364	0.0	0.0	
1.3630184151571028	28.791899188137926	0.0	0.0	
0.7064544848691279	29.80018812564694	0.0	0.0	
0.9168866711218238	30.99089518243823	0.0	0.0	
2.2212421384070806	0.02229218713318426	0.0	0.0	
1.9567179359564835	0.5832083520170072	0.0	0.0	
1.576769239096961	2.352615227092896	0.0	0.0	
1.5739032654764813	3.4712975194867646	0.0	0.0	
1.5703702767268548	3.5368356041311415	0.0	0.0	
1.5606847207173526	5.383934184259133	0.0	0.0	
1.6223074499393653	5.938369793572355	0.0	0.0	
1.64151981253729	7.348817226971116	0.0	0.0	
1.9804777753781475	7.939569130571966	0.0	0.0	
2.3193545230541117	9.11233762718634	0.0	0.0	
2.3781102472176756	10.41242465386677	0.0	0.0	
2.137854839765542	10.536139252110168	0.0	0.0	
1.8354550601041866	11.608981661536264	0.0	0.0	
2.0503404921838966	12.816666000739314	0.0	0.0	
2.0616307894510593	14.408855273270833	0.0	0.0	
1.921795492570225	14.673095121505716	0.0	0.0	
1.5357248590779355	16.05419283863085	0.0	0.0	
1.7980606714065974	16.671536922908206	0.0	0.0	
1.9987911646361873	17.743394060117254	0.0	0.0	
2.081702803285619	18.785395515812223	0.0	0.0	
1.9614297064354806	19.547914536220052	0.0	0.0	
1.97221584221092	20.521959950268283	0.0	0.0	
2.3814539721098527	21.92166091059059	0.0	0.0	
1.9717337469494107	23.011349084265355	0.0	0.0	
2.3066158942943784	23.698741135893837	0.0	0.0	
1.780274805042553	25.1011590368606	0.0	0.0	
1.5000054505250664	26.19720979404123	0.0	0.0	
2.1159831619994423	27.105350696786704	0.0	0.0	
1.9454255699175804	27.95380954827129	0.0	0.0	
2.032796886497672	28.88045354834344	0.0	0.0	
1.756875640062501	29.973484410228647	0.0	0.0	
1.6512806365640227	30.781070904567297	0.0	0.0	
2.8359268243120215	0.4422562520973974	0.0	0.0	
3.112734512219779	1.2669083935870402	0.0	0.0	
3.036709588500018	1.6541262352891648	0.0	0.0	
3.4190979328280635	2.793206004678637	0.0	0.0	
2.9631162068636403	3.8040386611428016	0.0	0.0	
2.7767256344527746	5.349739263489738	0.0	0.0	
2.9451791969791286	5.844954902324549	0.0	0.0	
2.5245217883266475	6.7338791377521865	0.0	0.0	
2.886903596254568	8.16497809758133	0.0	0.0	
2.683961825289713	8.919822582760775	0.0	0.0	
3.097683401717402	9.66802373663176	0.0	0.0	
3.1291866821380756	10.874086429593184	0.0	0.0	
3.477250993519409	12.397257201264162	0.0	0.0	
2.8651845721217484	12.988884544163662	0.0	0.0	
2.9477069764971326	13.562018251703005	0.0	0.0	
2.8410976587498715	14.615631345965024	0.0	0.0	
3.3252746181043444	15.920625657824203	0.0	0.0	
2.6642480347523554	17.467595381520635	0.0	0.0	
3.260663164235548	17.93336672945561	0.0	0.0	
2.8952060907234936	19.286538494147827	0.0	0.0	
3.4151362817620505	20.418604566017653	0.0	0.0	
3.0337629392136014	20.55849154693343	0.0	0.0	
3.140969818133834	22.120513090771507	0.0	0.0	
3.0625393560543097	22.9227148888052	0.0	0.0	
3.4418174133122394	24.057096100854615	0.0	0.0	
2.5940991980395496	24.54603453550097	0.0	0.0	
3.466490682343075	25.56787857145931	0.0	0.0	
3.4330456623901435	27.007414817665104	0.0	0.0	
2.5310479133703554	27.643506303815535	0.0	0.0	
2.9536327837616305	29.346091601105705	0.0	0.0	
3.184770683912488	29.806275818577774	0.0	0.0	
2.639725202123365	31.27087054726644	0.0	0.0	
4.46440462739941	0.25542150246615214	0.0	0.0	
4.111320415069724	0.617457602124353	0.0	0.0	
3.844742651602158	2.28260392528044	0.0	0.0	
3.9003696700615595	2.79884279591584	0.0	0.0	
3.6529369299602417	3.720851421853082	0.0	0.0	
3.5146333310444575	5.287932431427841	0.0	0.0	
4.05548685515176	5.6611724487445	0.0	0.0	
4.245674375447548	7.0938846099336885	0.0	0.0	
3.6555022077343025	7.505058030804428	0.0	0.0	
3.6759652682242656	8.836339422715307	0.0	0.0	
3.681020882276321	10.187049194646997	0.0	0.0	
3.7350628707205833	10.862393957448505	0.0	0.0	
3.6726009502271566	12.08925256412819	0.0	0.0	
4.367628713881141	13.071187415183402	0.0	0.0	
3.54209265677639	14.291801123647483	0.0	0.0	
3.6997727343430684	14.793911694881741	0.0	0.0	
4.195267656811781	15.508448123080687	0.0	0.0	
3.627249963429179	17.037944136665665	0.0	0.0	
4.152817585798197	17.771076789456117	0.0	0.0	
3.7511929522725307	19.48576002691727	0.0	0.0	
3.6369568452960284	20.49324412199907	0.0	0.0	
4.269627690897243	21.346138627378632	0.0	0.0	
4.281007935813917	22.32427956605685	0.0	0.0	
4.229366377032688	22.649438598473314	0.0	0.0	
3.629210532897047	24.130888557002844	0.0	0.0	
3.6440199085405522	25.041700531776375	0.0	0.0	
4.10348632144923	25.580182489224526	0.0	0.0	
4.199128072057962	27.268510516396177	0.0	0.0	
3.6996412179830425	28.364166061211204	0.0	0.0	
4.266186150942158	29.1744998540644	0.0	0.0	
3.6109879439398602	29.684683789595503	0.0	0.0	
3.8654700726812132	30.669937787668815	0.0	0.0	
5.215339014156251	0.312906824627161	0.0	0.0	
4.6892492707067674	1.2134883952878568	0.0	0.0	
5.208848421361675	1.856853529078032	0.0	0.0	
5.495537803905677	3.3801831357171084	0.0	0.0	
5.420908503114173	4.280880647633412	0.0	0.0	
5.221918539577096	4.98745758215117	0.0	0.0	
5.0412440073023514	5.661350163527127	0.0	0.0	
5.152555673970609	7.035161779942112	0.0	0.0	
5.3587866904713986	8.252251845846049	0.0	0.0	
4.788845857784828	9.234544633467024	0.0	0.0	
5.302153775037906	9.945760617629807	0.0	0.0	
5.3319560791886165	10.80327275895769	0.0	0.0	
5.130843593950224	12.1800845933208	0.0	0.0	
4.723001406109723	13.201377229542977	0.0	0.0	
5.011543548239817	13.965172944396947	0.0	0.0	
4.677080305463407	15.04700758471439	0.0	0.0	
4.847144261532393	15.911774365801223	0.0	0.0	
4.918213195169548	16.83069373524215	0.0	0.0	
4.6005778686390295	18.341870063139726	0.0	0.0	
4.798854076627672	19.456198485031162	0.0	0.0	
5.4445361249519255	20.007479935677775	0.0	0.0	
5.336059420557234	20.842658705402588	0.0	0.0	
5.419280362459227	21.616491138309993	0.0	0.0	
4.546236394228055	22.955373134435735	0.0	0.0	
4.937606180283145	24.333761592823617	0.0	0.0	
5.346428474098917	24.53513872074351	0.0	0.0	
5.380732246731609	25.68577870225151	0.0	0.0	
4.549400677562775	27.03709727528521	0.0	0.0	
5.390415195159788	27.842975021003067	0.0	0.0	
4.725107048409471	28.503559168791362	0.0	0.0	
5.049000613643585	30.131388442645335	0.0	0.0	
5.323252430432568	31.35122032400133	0.0	0.0	
5.606237972239308	0.4164480191528198	0.0	0.0	
6.321525005462602	1.4627209774820145	0.0	0.0	
5.7011899561631605	2.217097500788846	0.0	0.0	
5.521468636234095	3.0223174673740805	0.0	0.0	
6.325500104434067	4.264047531186614	0.0	0.0	
6.0680160049489515	4.792489904696495	0.0	0.0	
6.071094454166852	6.2032309025795165	0.0	0.0	
5.947940628610715	7.410753012050024	0.0	0.0	
6.054572527745054	7.531081352140548	0.0	0.0	
6.41808471471755	8.62373770054565	0.0	0.0	
6.397072981915047	9.873432779696735	0.0	0.0	
6.062813239899795	10.550572167226576	0.0	0.0	
6.171769326677978	12.330745525195773	0.0	0.0	
5.759525012602571	13.454258571714744	0.0	0.0	
5.795906414222735	13.690839618326777	0.0	0.0	
6.385418724464003	14.676788027170543	0.0	0.0	
6.399318713988887	15.89276738480325	0.0	0.0	
6.495129091380057	16.669399909982182	0.0	0.0	
6.094574800484066	18.22431711127212	0.0	0.0	
5.775602338350264	19.467615068761422	0.0	0.0	
5.719348242200902	19.612033690370342	0.0	0.0	
5.798412635919909	20.60186180184079	0.0	0.0	
6.457972935553052	22.329917102522874	0.0	0.0	
6.131064233325386	23.478524837265265	0.0	0.0	
5.735009524984089	24.268439047031098	0.0	0.0	
6.41875499892035	24.6263223254171	0.0	0.0	
6.180519820658934	25.633765269826547	0.0	0.0	
6.245071966556112	27.29332488501071	0.0	0.0	
5.862757829819014	28.311306204142724	0.0	0.0	
5.550527235742692	28.704814435148485	0.0	0.0	
6.153414115458176	30.151754093911933	0.0	0.0	
6.23397789175879	31.038664376473143	0.0	0.0	
7.119660833431971	0.02243229038793282	0.0	0.0	
6.599143122725803	0.6519876549132738	0.0	0.0	
6.931890207093319	1.513274580173269	0.0	0.0	
6.789700243921391	2.6018522113126776	0.0	0.0	
7.349554902053029	4.169280913909699	0.0	0.0	
6.695373224047053	4.762384270034878	0.0	0.0	
6.632943756704601	6.479579057715754	0.0	0.0	
7.487866700078526	6.84760221167046	0.0	0.0	
7.495059893357116	8.413563253719298	0.0	0.0	
6.7932348795671045	8.730122358118862	0.0	0.0	
7.368960488437509	9.952393565568624	0.0	0.0	
6.643102965617964	11.253508812926427	0.0	0.0	
6.702248203559973	11.986631394191756	0.0	0.0	
7.402483213280013	12.864669373968168	0.0	0.0	
6.9179890210536445	14.06393631769209	0.0	0.0	
7.3722469395406325	14.712272881836386	0.0	0.0	
6.6275943879600225	16.232663058042792	0.0	0.0	
7.009134490560825	16.642832268195722	0.0	0.0	
7.143609133899894	17.662446805626313	0.0	0.0	
7.257764706671765	18.75432303943596	0.0	0.0	
6.89399975330656	20.028321578721048	0.0	0.0	
6.776258991372475	20.68886074068404	0.0	0.0	
6.763405009548147	22.14435949690125	0.0	0.0	
7.173100340390781	22.874389380197726	0.0	0.0	
7.111479224292954	23.668841280545273	0.0	0.0	
7.288577090484606	25.078588545804326	0.0	0.0	
7.4234968988868	26.238064086228178	0.0	0.0	
7.187055637841951	27.44619695769436	0.0	0.0	
6.831279487418497	28.344621606162956	0.0	0.0	
6.541307144874469	29.408258559291614	0.0	0.0	
6.649624837621195	30.318876961555357	0.0	0.0	
7.397999633251643	30.971248097800185	0.0	0.0	
7.996718171025375	0.16386894400182184	0.0	0.0	
7.855325055937797	1.1269380492677235	0.0	0.0	
7.660316339533985	2.014907256436093	0.0	0.0	
8.259095148535769	3.22661708782063	0.0	0.0	
7.552017449455666	3.7062724188467833	0.0	0.0	
8.468884114430445	4.908731502049631	0.0	0.0	
8.08066052521857	5.524058946310853	0.0	0.0	
7.866389281026315	7.302621663382848	0.0	0.0	
7.771536844172546	7.954716960408633	0.0	0.0	
8.33726729060678	9.181157834114547	0.0	0.0	
8.02664549717032	10.092530600988406	0.0	0.0	
7.933803274352429	11.149144843474636	0.0	0.0	
8.357788025057427	12.031001863335982	0.0	0.0	
8.213990513882704	12.8580722986637	0.0	0.0	
8.490021474138988	14.213596206879593	0.0	0.0	
7.632879118562551	15.201757988536183	0.0	0.0	
8.378095383227315	15.926001513517035	0.0	0.0	
8.132021869633382	17.20219093040464	0.0	0.0	
8.414232484209368	18.378430395579336	0.0	0.0	
7.564630549962597	19.231962022490354	0.0	0.0	
8.174009705470738	20.413370178278473	0.0	0.0	
8.000186656100155	20.97855099242555	0.0	0.0	
8.265611593161099	21.543580305410217	0.0	0.0	
8.440777211914124	22.887523586265097	0.0	0.0	
8.14037091007969	24.492902575474368	0.0	0.0	
7.968607712943908	25.203256273060344	0.0	0.0	
8.126038282536149	26.43705274687674	0.0	0.0	
7.940460376871757	26.772710962083565	0.0	0.0	
7.635204737587489	28.012954947646513	0.0	0.0	
7.9246680879583895	29.152890905426386	0.0	0.0	
8.079713612151664	30.158845633689385	0.0	0.0	
7.738475763136113	31.146169278670136	0.0	0.0	
8.696758812696832	0.1767687558696519	0.0	0.0	
9.414549523785631	1.344510183082197	0.0	0.0	
8.673889533903681	1.862743713558634	0.0	0.0	
8.5369696398961	3.1021935029363403	0.0	0.0	
9.482903663424391	3.700301286823638	0.0	0.0	
9.435825281467583	4.662389205903069	0.0	0.0	
9.007250920832847	6.228665022329162	0.0	0.0	
8.529989905048733	7.257273025589894	0.0	0.0	
9.46487028384467	7.941207000008593	0.0	0.0	
9.15768250382863	8.904049798461143	0.0	0.0	
8.70075520355467	9.515904856705298	0.0	0.0	
8.92735369331562	11.143068455136266	0.0	0.0	
8.890432746029685	11.95169096502972	0.0	0.0	
9.256787315602478	13.333129227771504	0.0	0.0	
9.37313749273297	13.564272642573698	0.0	0.0	
9.42904554238459	15.48578485617322	0.0	0.0	
9.497361074369149	15.677573764954868	0.0	0.0	
9.441419935957994	17.292285819706166	0.0	0.0	
9.060449682230505	17.965607468554353	0.0	0.0	
8.977045213838075	18.65157205012744	0.0	0.0	
9.281978109478422	19.822590635766943	0.0	0.0	
8.833704367217777	20.7958793232416	0.0	0.0	
8.974261305844198	22.218602838763903	0.0	0.0	
8.573002994082826	23.415306753924163	0.0	0.0	
9.119643772048654	24.44986898604563	0.0	0.0	
9.047760575299712	25.387293027528155	0.0	0.0	
8.694540249405502	25.61759939412486	0.0	0.0	
9.284134071991668	26.763329890887913	0.0	0.0	
9.097877224899165	28.410531320038555	0.0	0.0	
8.662802357134234	28.781058195519268	0.0	0.0	
9.47741471575637	29.776905427611105	0.0	0.0	
8.614903273041511	30.540527789113753	0.0	0.0	
9.941225817138896	0.43831756251754916	0.0	0.0	
9.701294063795734	0.8678972374808411	0.0	0.0	
9.56409191693027	2.3597395024209002	0.0	0.0	
10.106099829960632	3.370300005217071	0.0	0.0	
10.373521406165308	3.689019666106512	0.0	0.0	
9.582285868418928	5.373045948385677	0.0	0.0	
9.759378287150072	5.6991668544055685	0.0	0.0	
9.975331578414407	7.22936772112093	0.0	0.0	
10.083742323188874	7.73886503603736	0.0	0.0	
9.701876020602244	8.578664506036786	0.0	0.0	
9.825650475226945	10.068258102039046	0.0	0.0	
9.542034476676031	11.137922176986265	0.0	0.0	
10.011711265813181	12.019281248597132	0.0	0.0	
10.006757265227762	13.135090645728917	0.0	0.0	
9.98519752396965	13.764922128199817	0.0	0.0	
9.941028201913259	15.47811524907044	0.0	0.0	
10.089428279886576	16.031194379346797	0.0	0.0	
10.083871042904873	16.770377088556625	0.0	0.0	
10.16773496222083	17.737415091359445	0.0	0.0	
9.676326738907056	18.878795493319334	0.0	0.0	
10.481446737696462	19.692254354012075	0.0	0.0	
10.123030414818897	21.356431956205512	0.0	0.0	
9.858502879130633	22.04134420083542	0.0	0.0	
10.0937285809571	23.25822888971065	0.0	0.0	
10.147577685740169	24.235677100144255	0.0	0.0	
10.474913867508786	24.887373711359633	0.0	0.0	
9.828446686589096	26.272369664091233	0.0	0.0	
9.534184150465244	27.404895153444087	0.0	0.0	
10.474827970089297	27.67089629590465	0.0	0.0	
10.310258656922828	28.766616507955526	0.0	0.0	
10.153767476067319	29.72446660598285	0.0	0.0	
9.795538081016948	31.156958678787735	0.0	0.0	
11.010710053218768	0.007225311657036104	0.0	0.0	
11.172407499581308	0.8186987160290788	0.0	0.0	
11.25955611217581	2.1577962581208947	0.0	0.0	
11.455299906856355	3.290701332416675	0.0	0.0	
10.727537049081006	3.8566387689240966	0.0	0.0	
10.859755275182374	4.637740863067014	0.0	0.0	
10.931600582936861	5.988853342595574	0.0	0.0	
11.482671730522013	7.289710580568777	0.0	0.0	
11.33713307655837	8.074152645060023	0.0	0.0	
10.924906628413597	8.501363613747113	0.0	0.0	
10.789771538251642	10.19900604400581	0.0	0.0	
10.743669655984336	10.978798137454334	0.0	0.0	
10.89920631235175	12.45811169208831	0.0	0.0	
10.518300479454822	13.263609898532762	0.0	0.0	
11.331534568249573	14.291724890399362	0.0	0.0	
10.980166678116985	14.781797139674586	0.0	0.0	
10.69789962555915	16.180573653399566	0.0	0.0	
11.197289955037967	16.582490103377452	0.0	0.0	
11.158206192030594	17.718842604377958	0.0	0.0	
11.442855992084825	19.062060780720127	0.0	0.0	
10.705810425252222	19.950463007147608	0.0	0.0	
11.123747229508693	20.85469444462633	0.0	0.0	
10.526062685906322	22.01966168877748	0.0	0.0	
11.35185785954513	22.769337534699634	0.0	0.0	
10.673453680135736	24.469686220235058	0.0	0.0	
10.564525292496608	25.362718439142533	0.0	0.0	
11.190038372388491	26.177379266437445	0.0	0.0	
10.96004267606612	27.04014664961112	0.0	0.0	
11.442643617624197	28.086754963851483	0.0	0.0	
10.975606227181617	28.789427610599372	0.0	0.0	
11.30968073766463	29.5262034082501	0.0	0.0	
11.490834766194865	30.580896116088834	0.0	0.0	
11.828535558877645	0.1776528835183645	0.0	0.0	
12.059004494492562	0.7709438239366461	0.0	0.0	
11.842785853741264	2.037268842565863	0.0	0.0	
11.90006879628458	2.531906674655086	0.0	0.0	
12.395733408133164	3.6654836254650798	0.0	0.0	
12.203487434267029	4.742783760326902	0.0	0.0	
11.725142987298625	6.223649693861398	0.0	0.0	
11.97408580477371	6.989893076162255	0.0	0.0	
12.143837421944037	7.831989831195818	0.0	0.0	
11.587083433457272	9.074218495292472	0.0	0.0	
12.462613042001077	10.029153652824501	0.0	0.0	
11.822987433742153	10.722762768579935	0.0	0.0	
11.773693533342264	11.98453152864952	0.0	0.0	
11.818796325101282	13.111676170430679	0.0	0.0	
12.256103494109938	13.785349782352991	0.0	0.0	
11.511929740369078	14.981731388831172	0.0	0.0	
12.467360338109929	15.755247269131173	0.0	0.0	
12.35591389360825	17.15116094237229	0.0	0.0	
11.783478808041412	17.774128832449154	0.0	0.0	
11.59715850675334	18.815124830870623	0.0	0.0	
12.201561190652734	20.405288560327612	0.0	0.0	
12.230924024745695	21.098020892967416	0.0	0.0	
11.916102572385562	22.330543420672317	0.0	0.0	
12.08020602033552	22.532292067314767	0.0	0.0	
12.34221360961756	23.757342702167794	0.0	0.0	
11.715317794680036	24.85919909593523	0.0	0.0	
11.81302030810236	25.85207436554435	0.0	0.0	
11.65850406512767	27.481608211478903	0.0	0.0	
12.25818559371394	28.27390505343121	0.0	0.0	
11.65343410750194	29.261464509026542	0.0	0.0	
11.833174566138988	29.769304893305165	0.0	0.0	
12.438244167513533	31.393698770750472	0.0	0.0	
13.018741832368868	0.09257448610994468	0.0	0.0	
13.017951708067917	0.7927564093194438	0.0	0.0	
13.09209369332081	1.549871420966495	0.0	0.0	
12.95669215916674	3.089269687435828	0.0	0.0	
13.24251247797238	4.361613242549807	0.0	0.0	
13.483588359089325	4.698885724397457	0.0	0.0	
13.428945556512627	5.861639490630101	0.0	0.0	
13.335053893563378	7.104195034269748	0.0	0.0	
13.447426171892777	8.475465915300862	0.0	0.0	
13.295033295715339	9.378404580126036	0.0	0.0	
13.497758628343934	10.485979048159225	0.0	0.0	
12.960666362106465	11.25141199459166	0.0	0.0	
13.214755863779354	11.791810955294578	0.0	0.0	
12.922237555586646	12.779048621813583	0.0	0.0	
13.262903558564384	13.774395637779644	0.0	0.0	
12.74051256784362	15.316840857025998	0.0	0.0	
13.11110833124563	15.603736604421897	0.0	0.0	
12.596887609486883	17.00197213758989	0.0	0.0	
13.201089616927572	18.47524966080354	0.0	0.0	
13.4147036331225	18.873938197905613	0.0	0.0	
12.614378940514614	20.241116181352698	0.0	0.0	
12.863502834532753	21.38719722517886	0.0	0.0	
13.312574415363287	21.69154726175611	0.0	0.0	
13.403969577257637	23.049421358516216	0.0	0.0	
13.324690143222881	24.16283349715527	0.0	0.0	
13.45714553691738	25.4461058399442	0.0	0.0	
12.733980962530136	25.574021283468085	0.0	0.0	
12.966951489815514	27.06753195051115	0.0	0.0	
13.230414901397609	27.51395135906158	0.0	0.0	
13.11907161318511	29.09266756077812	0.0	0.0	
12.621713455833337	29.60581682082806	0.0	0.0	
13.29464942256803	30.608136650598542	0.0	0.0	
13.531786764484153	0.2451190131593176	0.0	0.0	
13.877856664413953	0.9312880020279862	0.0	0.0	
14.144609355895769	2.024052659401106	0.0	0.0	
13.798420625808646	3.431321390261526	0.0	0.0	
13.761598598831153	3.9559902568451597	0.0	0.0	
13.612387361845112	5.481611684711235	0.0	0.0	
13.61285874283235	5.878899750646762	0.0	0.0	
14.081084601945372	7.207533501406662	0.0	0.0	
14.29382198670139	7.9105549451924615	0.0	0.0	
13.941399910279394	9.430400687715105	0.0	0.0	
14.304670267165157	9.64218656451623	0.0	0.0	
13.8753513206704	10.907131168904973	0.0	0.0	
14.272588000140617	12.032877984518414	0.0	0.0	
13.871832652286958	12.512461837256188	0.0	0.0	
13.763285508455752	13.501014943218394	0.0	0.0	
13.703420209657654	14.5875560960079	0.0	0.0	
13.589684579537566	15.759406208688583	0.0	0.0	
14.439393711288943	16.719391980512054	0.0	0.0	
13.616894518437414	18.00557951061755	0.0	0.0	
13.91561843070199	18.925241372089904	0.0	0.0	
13.578522907107365	20.46247690160415	0.0	0.0	
14.259769068790142	21.48728564367972	0.0	0.0	
13.737750330398447	22.084515905611585	0.0	0.0	
13.655588702425785	22.56392139711436	0.0	0.0	
13.831344861495586	23.667038916094377	0.0	0.0	
13.884472394436338	25.062180984466192	0.0	0.0	
13.617338516971381	26.08666881489473	0.0	0.0	
13.921827430888722	27.24007344773874	0.0	0.0	
13.60121622426683	27.783943496419145	0.0	0.0	
14.155731177496142	28.56166471199199	0.0	0.0	
13.976587423933227	30.33094474007027	0.0	0.0	
13.656777818845029	30.827004698249617	0.0	0.0	
14.977678946513379	0.2858372732978084	0.0	0.0	
15.311896744235531	1.2342762585486202	0.0	0.0	
15.239269524120557	2.3766788527243	0.0	0.0	
14.940747342308264	2.8164589583542505	0.0	0.0	
15.200781660787712	4.3798925090942	0.0	0.0	
14.6935212435022	4.978338162719745	0.0	0.0	
14.574255440927601	6.350367095224171	0.0	0.0	
15.263009037978204	6.540352840033165	0.0	0.0	
15.365933143719577	8.231075758384	0.0	0.0	
14.693799617513923	9.435166173268444	0.0	0.0	
15.04816023035044	9.778335938071946	0.0	0.0	
15.257218802482862	11.472730324216466	0.0	0.0	
14.709800815524975	11.990614991247043	0.0	0.0	
14.62781512965101	13.034998057243184	0.0	0.0	
15.075966194677278	13.683243206778089	0.0	0.0	
14.983427439690306	14.964453443064238	0.0	0.0	
14.66380853183101	15.50086253779847	0.0	0.0	
14.621156761928578	16.776959454516366	0.0	0.0	
15.023360848442486	17.732203014281158	0.0	0.0	
14.596414284720849	18.887070590350653	0.0	0.0	
14.611917485740777	20.33540692590744	0.0	0.0	
14.90509925416995	21.02071173088061	0.0	0.0	
15.359888695014282	22.275641413317807	0.0	0.0	
14.806739065715924	22.748759180006523	0.0	0.0	
15.336868265779254	24.178589490143942	0.0	0.0	
14.751652532206414	24.891664883281102	0.0	0.0	
15.478902811464007	25.52267275770704	0.0	0.0	
15.28189852239498	26.824722512903055	0.0	0.0	
14.976094303030429	27.66942021895128	0.0	0.0	
14.559635952178416	29.22573069277726	0.0	0.0	
15.473027107437462	30.367100286752436	0.0	0.0	
15.34776075700602	30.98474676205833	0.0	0.0	
16.445682392060714	0.22574014327274594	0.0	0.0	
16.431995819562232	1.2960631212256875	0.0	0.0	
15.988309874364447	2.4755447602709135	0.0	0.0	
15.546018277329791	3.375273497615523	0.0	0.0	
16.320835801020344	3.732905956140522	0.0	0.0	
15.93326334653708	5.383085515211511	0.0	0.0	
16.05816817677828	6.269006898495418	0.0	0.0	
15.840109364551415	7.235751833979505	0.0	0.0	
16.137747800502577	7.526252279268436	0.0	0.0	
15.633528055852292	8.71089801856185	0.0	0.0	
16.121635261532827	10.402306510606886	0.0	0.0	
16.036768373854468	11.425040096068962	0.0	0.0	
15.802262849114467	11.86172521359809	0.0	0.0	
15.546918905140458	13.209038579679998	0.0	0.0	
16.34305792535526	14.163193872055148	0.0	0.0	
15.849289099726512	14.850742740639992	0.0	0.0	
15.580421369505926	16.01626911049936	0.0	0.0	
16.147870980299004	17.102750906583186	0.0	0.0	
15.65287583413237	18.45421862662342	0.0	0.0	
15.72700600195534	19.476766172307784	0.0	0.0	
15.688361613035175	19.891754377720307	0.0	0.0	
16.342344160496175	21.39345300919954	0.0	0.0	
16.23638132898581	21.701730780446063	0.0	0.0	
15.932477774119864	23.107165571750507	0.0	0.0	
16.129756059315703	24.01179688422239	0.0	0.0	
16.270640197444195	24.702533546201657	0.0	0.0	
15.785552254968653	25.65517501034412	0.0	0.0	
16.431811753439746	26.719870821534773	0.0	0.0	
16.35350318719866	28.325105827379023	0.0	0.0	
15.70937474183587	29.27414734039923	0.0	0.0	
15.998744930632569	29.6074979953806	0.0	0.0	
16.39369616305176	30.641598746427423	0.0	0.0	
16.614701218895654	0.03305129199447143	0.0	0.0	
16.89854842689654	1.3709735353876629	0.0	0.0	
17.011857123960134	2.1416863530591024	0.0	0.0	
17.276013598121633	3.2765424342603193	0.0	0.0	
16.56561967860429	3.9286107258181753	0.0	0.0	
16.81850099252431	5.2072337286858765	0.0	0.0	
17.348991829502456	6.141411286078364	0.0	0.0	
16.92128499238186	6.982911968355828	0.0	0.0	
17.410173809378534	8.25442871170266	0.0	0.0	
17.315575250805317	9.16059890153138	0.0	0.0	
17.499434059710033	9.834628796511845	0.0	0.0	
16.71226569107685	11.020508614518896	0.0	0.0	
17.285182551822246	11.833672468698081	0.0	0.0	
16.61594973586321	12.838108061724945	0.0	0.0	
16.56656185850697	13.95013193942661	0.0	0.0	
16.90476337067284	15.154248520395639	0.0	0.0	
17.425811275713524	16.35566269941761	0.0	0.0	
16.61393000584016	16.734705589626696	0.0	0.0	
16.59503256376088	18.46306964356033	0.0	0.0	
16.624284469532896	18.9400635664259	0.0	0.0	
17.14027122484712	19.969413841269567	0.0	0.0	
17.059360272847346	20.666893925081446	0.0	0.0	
16.524768415399524	21.805064549571007	0.0	0.0	
16.92127069864147	23.192536138535456	0.0	0.0	
17.01422327254393	23.544191639557734	0.0	0.0	
17.13319388916027	25.258601841135857	0.0	0.0	
17.31747387422197	26.28730603510451	0.0	0.0	
16.998309718635355	26.836474699179924	0.0	0.0	
16.948135733801887	28.19504176385176	0.0	0.0	
17.25129219394753	28.564559757352054	0.0	0.0	
17.12791908374609	29.933103349315687	0.0	0.0	
17.166113600941827	30.8254158210296	0.0	0.0	
17.83823839502732	0.4622097707081516	0.0	0.0	
18.34112044823456	1.3565398289599448	0.0	0.0	
17.560802153210997	1.6735846191359653	0.0	0.0	
18.024093084830508	2.658873613060376	0.0	0.0	
18.365655590460428	3.8233181296105734	0.0	0.0	
17.53740144035349	5.4590110524586795	0.0	0.0	
17.828990985854695	5.855580402326902	0.0	0.0	
17.741439560429267	6.8333142505435776	0.0	0.0	
17.83522362056487	8.486306236936343	0.0	0.0	
17.54186325447744	9.006895074964147	0.0	0.0	
18.020623244264936	10.332685170270782	0.0	0.0	
18.114066485839892	11.234343225232186	0.0	0.0	
18.164647889685508	12.050236257278522	0.0	0.0	
18.0639020335796	13.305724280337497	0.0	0.0	
18.23626957273658	13.704296060674602	0.0	0.0	
17.88047277169124	15.286064494458104	0.0	0.0	
18.415515786183327	15.569358394888496	0.0	0.0	
18.369037753770833	17.420738534601572	0.0	0.0	
17.97452498351766	18.46977162340341	0.0	0.0	
17.532992746985045	19.434344993009237	0.0	0.0	
18.118614784179865	19.570840562217917	0.0	0.0	
17.926885426546054	21.316973929965243	0.0	0.0	
17.637983227657813	22.437131639150707	0.0	0.0	
18.047857839084237	23.134101167254276	0.0	0.0	
17.825210822380527	23.668244940034153	0.0	0.0	
17.714941309872827	25.0355579650764	0.0	0.0	
17.936542837424433	25.680248248987553	0.0	0.0	
18.016598927647422	27.426812373847607	0.0	0.0	
17.899268283360215	27.648677559109256	0.0	0.0	
18.035908811796723	29.45550125327331	0.0	0.0	
18.118838043528726	30.15575849299614	0.0	0.0	
17.902494771533807	31.429576240555942	0.0	0.0	
19.212155767370266	0.35390761549381367	0.0	0.0	
19.36339910100196	1.0045017975658748	0.0	0.0	
18.9869591643559	1.961538943840317	0.0	0.0	
18.694748056879483	3.011840695731601	0.0	0.0	
18.966726646518275	3.5561980096821277	0.0	0.0	
18.56772886402743	4.592654472406922	0.0	0.0	
19.47721298196885	6.269246849147005	0.0	0.0	
19.042005365791915	6.791287184469477	0.0	0.0	
19.26528087023258	8.108271760628059	0.0	0.0	
18.647315899549625	8.721682727271098	0.0	0.0	
18.85745103534017	10.174871025015008	0.0	0.0	
19.40268391056196	11.121363673492269	0.0	0.0	
19.278898156941118	11.704525486793335	0.0	0.0	
19.02159219640537	12.931423442469823	0.0	0.0	
18.944649657985178	14.231504485503828	0.0	0.0	
19.268197383718128	15.40950701931255	0.0	0.0	
18.963315789683996	16.401188881790464	0.0	0.0	
19.310295105029258	16.51676309611762	0.0	0.0	
18.955478690207784	17.988165034358477	0.0	0.0	
19.207826651696656	18.81067104205224	0.0	0.0	
18.634180007570656	20.29141834865022	0.0	0.0	
18.538238803506967	20.542169434277607	0.0	0.0	
19.04132991348378	22.126264771496675	0.0	0.0	
18.58474510621387	22.729483646411243	0.0	0.0	
19.108603941981006	24.023022776050293	0.0	0.0	
18.925566063878392	25.338546459054182	0.0	0.0	
18.763653072520203	26.05942573556235	0.0	0.0	
18.735050956286084	26.786664276831093	0.0	0.0	
19.060515439485943	27.911634568957357	0.0	0.0	
18.901659586254205	29.20599174296651	0.0	0.0	
18.97335276688526	30.19241780970732	0.0	0.0	
19.077529313524916	30.600770281106097	0.0	0.0	
20.091935512180214	0.3199637231279201	0.0	0.0	
19.513470703671643	1.2132682088903208	0.0	0.0	
20.49060638679418	2.070558632255903	0.0	0.0	
20.22211858345255	3.125164828570485	0.0	0.0	
19.56244191412457	4.364022572869223	0.0	0.0	
20.00401483847207	5.455801166843283	0.0	0.0	
20.058904411222645	5.904769452996117	0.0	0.0	
19.975862087706425	7.318619205540532	0.0	0.0	
20.149419234627885	8.451362841882116	0.0	0.0	
19.70732285826477	9.081560127657633	0.0	0.0	
19.519435098170305	9.843219667445089	0.0	0.0	
19.52700178113424	11.432191040760154	0.0	0.0	
20.18903861897438	12.323582174488218	0.0	0.0	
20.221207130008164	13.074928289120368	0.0	0.0	
20.342167912335057	13.559630790528573	0.0	0.0	
19.997482038260806	15.348582955936442	0.0	0.0	
20.197365768252173	15.791027604949289	0.0	0.0	
19.879000085782042	16.707707602244884	0.0	0.0	
19.69636467860613	18.459063126446758	0.0	0.0	
19.608111159606022	19.387529337881617	0.0	0.0	
19.51604950731008	19.699843478337982	0.0	0.0	
19.908050182207276	20.68892598890424	0.0	0.0	
20.04395968158355	21.603443803362968	0.0	0.0	
19.51166898087112	23.229407638050542	0.0	0.0	
20.149401549163212	24.2374317170212	0.0	0.0	
19.673021032421396	25.452480138955252	0.0	0.0	
20.01891310640891	25.95778410183387	0.0	0.0	
20.06191818325085	27.208848710313106	0.0	0.0	
19.833600578353945	27.867778165516803	0.0	0.0	
20.224678007055974	28.753040670459413	0.0	0.0	
20.393511677866034	30.257443404282828	0.0	0.0	
20.495064489214286	31.188217174963317	0.0	0.0	
21.01394718173761	0.01728544710020541	0.0	0.0	
21.31104353342228	0.9436953256557706	0.0	0.0	
20.91887077843404	1.511368329532979	0.0	0.0	
21.33300290678694	2.589253148258085	0.0	0.0	
20.58481854432207	3.6877031476321975	0.0	0.0	
21.19783937375208	4.699354868496872	0.0	0.0	
20.722348657751464	5.748609017238027	0.0	0.0	
20.864221810545875	6.561306040627548	0.0	0.0	
21.317326583990056	7.7921907760032765	0.0	0.0	
20.988100977348232	9.048475527669936	0.0	0.0	
21.349244584134244	10.22013749982124	0.0	0.0	
20.689897099225462	10.694265911933286	0.0	0.0	
20.57378641249128	11.634781558083786	0.0	0.0	
20.8813852898008	13.190862859880125	0.0	0.0	
20.943924037677668	13.825626826482695	0.0	0.0	
21.216314009926013	14.546294888303542	0.0	0.0	
21.029548490492456	16.012467209751357	0.0	0.0	
20.588900173547955	16.974529959815424	0.0	0.0	
20.707056209533643	18.468009110816116	0.0	0.0	
20.678327445278065	18.729094670787855	0.0	0.0	
20.70469607408378	20.24233483745609	0.0	0.0	
20.903653350395444	21.213567438122187	0.0	0.0	
20.524554370408094	21.77287109826627	0.0	0.0	
21.357903581809534	23.388443686541912	0.0	0.0	
21.07294479778954	23.874616600273058	0.0	0.0	
21.021469951359965	25.4201506777796	0.0	0.0	
21.394566372883286	25.982951414467585	0.0	0.0	
20.962490438025995	27.235994495937526	0.0	0.0	
20.703978680688582	27.516111770626217	0.0	0.0	
20.563466960343103	28.54961883193923	0.0	0.0	
21.022285951646708	29.55449222964523	0.0	0.0	
20.85494556793187	30.892543537827848	0.0	0.0	
21.898032233299755	0.050248809741256784	0.0	0.0	
22.090914042434314	1.0004434089804923	0.0	0.0	
22.097571916169276	2.3051234149145867	0.0	0.0	
22.483522910826647	2.9799244745402103	0.0	0.0	
22.33888184418655	4.197333590998011	0.0	0.0	
21.69386248517683	4.67807532918374	0.0	0.0	
21.614607591867678	6.05047287801606	0.0	0.0	
22.25376915123742	7.215527324164159	0.0	0.0	
22.283736545101792	8.039790820032165	0.0	0.0	
22.400110655677732	9.362066840866758	0.0	0.0	
21.942952535247905	9.881423823188571	0.0	0.0	
22.153012390962758	11.20853568328052	0.0	0.0	
21.766263663123716	12.421832653283357	0.0	0.0	
21.619156362846688	12.758510848870689	0.0	0.0	
22.187450858519437	13.916270097601743	0.0	0.0	
22.467772719104353	14.74043298394041	0.0	0.0	
22.204842224231676	16.479511761239625	0.0	0.0	
21.757558655541832	16.678039320686878	0.0	0.0	
21.55366840826832	17.757951987322016	0.0	0.0	
22.34873542341728	19.03724490694035	0.0	0.0	
21.961631852035335	20.276919706407128	0.0	0.0	
22.41827007166335	20.53196432341475	0.0	0.0	
21.794997500902063	21.690491995439256	0.0	0.0	
21.798620566666262	23.41560973091909	0.0	0.0	
21.68571433108246	24.418195680754792	0.0	0.0	
22.445979716710735	25.29681698248646	0.0	0.0	
22.41002086939117	25.531650662556842	0.0	0.0	
21.577117059752528	26.83108374329773	0.0	0.0	
22.27672837695993	27.913362719084642	0.0	0.0	
22.416563498830694	28.685241569934572	0.0	0.0	
22.01068012056358	30.102341351987	0.0	0.0	
22.034920465869817	31.240227447405793	0.0	0.0	
23.035125516348277	0.4983372309346954	0.0	0.0	
22.87974640030134	0.635819895257872	0.0	0.0	
22.811382256741496	2.056005119622756	0.0	0.0	
23.352021580958624	2.899575895081916	0.0	0.0	
23.14069835413994	3.9788156553633742	0.0	0.0	
23.04352918953383	5.257637797063803	0.0	0.0	
22.899417331202528	5.5398805214906774	0.0	0.0	
22.66119935878684	6.651418574489415	0.0	0.0	
22.93714642734351	8.233585421413148	0.0	0.0	
23.275452720832806	8.97393771231905	0.0	0.0	
22.882108010399673	9.893462966608643	0.0	0.0	
22.90709713159926	10.672418755282402	0.0	0.0	
23.07304957765026	12.174011385882512	0.0	0.0	
22.942941184643605	13.065995524860472	0.0	0.0	
22.972914904722156	13.698376358097459	0.0	0.0	
23.45898306512475	15.27083504925732	0.0	0.0	
23.488929873827058	15.690635881737483	0.0	0.0	
23.2529580927567	17.112903900229597	0.0	0.0	
23.42410184133282	18.426577793986738	0.0	0.0	
23.18090585076293	19.211791054592435	0.0	0.0	
22.894444033660236	19.92856560135837	0.0	0.0	
23.034623838180632	20.786461124615364	0.0	0.0	
22.63741423114133	22.234853386783985	0.0	0.0	
22.849531878694307	22.512233344929633	0.0	0.0	
22.583417504905274	24.377401514364994	0.0	0.0	
23.325693268027344	25.01741194748945	0.0	0.0	
22.59996293021153	25.670941782892978	0.0	0.0	
23.495225220322467	26.523826500597252	0.0	0.0	
22.67914321223162	27.51234207075289	0.0	0.0	
23.430468171862977	28.89856243981008	0.0	0.0	
23.214519382754663	30.1365873355085	0.0	0.0	
22.62408173079977	30.95008181824454	0.0	0.0	
24.24792944309626	0.07030379524789931	0.0	0.0	
23.982935948743044	0.784607145226201	0.0	0.0	
23.57388372324775	2.2708133146032092	0.0	0.0	
24.125309264095222	2.9518698106330046	0.0	0.0	
23.730780048632674	4.476570770480559	0.0	0.0	
24.16768978882318	5.027661508452491	0.0	0.0	
23.948379676014554	5.626818361645803	0.0	0.0	
24.38650194150873	7.369195285935626	0.0	0.0	
24.177225706684485	7.891737716624837	0.0	0.0	
24.234381387334924	9.41816723571418	0.0	0.0	
24.341207821308075	10.38283591578553	0.0	0.0	
24.428540490780712	11.063944500728404	0.0	0.0	
23.75403112558999	11.853282123543869	0.0	0.0	
23.635438245167734	13.22234664049994	0.0	0.0	
23.800342771305996	13.9228128479056	0.0	0.0	
24.493072176414103	14.61924877942971	0.0	0.0	
23.725291992529087	16.340178390080712	0.0	0.0	
23.808909063163387	16.70844292979336	0.0	0.0	
23.61110030645592	17.832254018545367	0.0	0.0	
23.75402627661345	19.3065290823314	0.0	0.0	
24.02799316355506	20.0511131595619	0.0	0.0	
23.544632440470338	20.94988276234545	0.0	0.0	
23.98659815323308	21.97570885736358	0.0	0.0	
24.46752445774936	22.805962079172417	0.0	0.0	
23.998564629203198	23.990156174573663	0.0	0.0	
24.426343905808018	24.928132183171613	0.0	0.0	
24.48133438172685	26.49242620065556	0.0	0.0	
23.76460654085605	27.47827159911189	0.0	0.0	
24.079881318799735	27.897212262355506	0.0	0.0	
23.515719397400467	29.472055290801254	0.0	0.0	
24.197854115054966	30.172336434147702	0.0	0.0	
24.242325791442536	30.86229522969424	0.0	0.0	
25.278340199845616	0.4733569386567301	0.0	0.0	
24.53290078706023	1.1967763053653768	0.0	0.0	
24.65478098583505	1.8011997184345936	0.0	0.0	
24.73410243291983	2.6991973380430694	0.0	0.0	
24.594480805225135	3.5355129218355215	0.0	0.0	
24.559617775683787	4.549623365056532	0.0	0.0	
24.615487431457296	5.9594869629534895	0.0	0.0	
25.408796288339012	6.997229834482507	0.0	0.0	
24.619145638994418	7.539351947039747	0.0	0.0	
24.693634087717918	9.213011919151732	0.0	0.0	
24.634825372971466	10.410327906365705	0.0	0.0	
24.556076875027884	11.192904009224236	0.0	0.0	
25.24436300653368	12.282257692048187	0.0	0.0	
24.55585142504963	12.88855366700041	0.0	0.0	
25.221905807065575	14.217226929716288	0.0	0.0	
24.60750035051563	14.51015493699532	0.0	0.0	
25.1183216442361	15.921229312676918	0.0	0.0	
24.72928889438128	17.469384442426936	0.0	0.0	
24.661484120231755	18.41676866591105	0.0	0.0	
25.006829342613933	18.54706973686485	0.0	0.0	
25.35205136487438	19.8463294362789	0.0	0.0	
25.019514470771888	21.212206472781254	0.0	0.0	
24.86124984902515	21.88722701879975	0.0	0.0	
24.70507183452592	22.906889325026874	0.0	0.0	
24.630341640398342	23.516234385363887	0.0	0.0	
25.202261394217725	24.589075500857298	0.0	0.0	
24.841012163814923	25.82348539065609	0.0	0.0	
24.983596286295523	26.794274476059122	0.0	0.0	
25.15213294830891	28.195297637952795	0.0	0.0	
24.961735073291432	29.220592342738964	0.0	0.0	
24.94825645795691	29.680825058530992	0.0	0.0	
24.973781713819513	30.9312969583364	0.0	0.0	
26.227432762258797	0.3375718084762357	0.0	0.0	
25.600343447432124	1.1201336479507422	0.0	0.0	
25.51824572881236	2.200298408927369	0.0	0.0	
26.362958448936872	3.4281632099322032	0.0	0.0	
26.21399869249267	3.532781680639702	0.0	0.0	
26.355740204078817	5.262699422358733	0.0	0.0	
26.095244229505646	6.154887916325396	0.0	0.0	
25.708771029704693	6.997191444575596	0.0	0.0	
26.267168917209375	8.442275693937534	0.0	0.0	
25.97090075264414	8.53078876381535	0.0	0.0	
25.521019890518676	10.498225978255793	0.0	0.0	
25.71863944701806	11.46514479264918	0.0	0.0	
25.689823726101103	11.760090306115487	0.0	0.0	
25.79458585225447	13.380477427933727	0.0	0.0	
26.396284791011475	14.495960807922494	0.0	0.0	
26.328607363180932	15.071476010602224	0.0	0.0	
25.602489327157365	16.394728218120378	0.0	0.0	
26.410370344931625	16.814512956716086	0.0	0.0	
25.734016435172705	18.101534137046546	0.0	0.0	
25.772923186237023	19.180488787454667	0.0	0.0	
26.133420699478247	19.54261461002306	0.0	0.0	
25.794265529564758	21.035289331603757	0.0	0.0	
25.749360165205868	21.776887413089824	0.0	0.0	
25.524502971595968	22.546264134949723	0.0	0.0	
25.5589874389955	24.136363862002238	0.0	0.0	
25.97458788909172	25.230215911317355	0.0	0.0	
26.46310017260391	25.589844042061333	0.0	0.0	
26.46536045115336	26.745152041743054	0.0	0.0	
25.583141153068265	28.456096079829337	0.0	0.0	
25.892672163303978	29.194714288370548	0.0	0.0	
26.253162249776597	29.92497642821463	0.0	0.0	
26.281914626724543	31.31782645890465	0.0	0.0	
26.53610717009515	0.46185860199920037	0.0	0.0	
26.927701129907025	0.7656455574106938	0.0	0.0	
27.112704766318032	1.7060198439950345	0.0	0.0	
26.691669328852193	3.483311460708229	0.0	0.0	
26.726920416743678	4.254806212755975	0.0	0.0	
27.301924788217413	4.656266136332664	0.0	0.0	
27.219241283651442	6.431703803652571	0.0	0.0	
26.680881165770202	7.374745770004501	0.0	0.0	
27.082750573491207	8.002493972888656	0.0	0.0	
26.790527489111177	8.98293431610317	0.0	0.0	
26.66648715382138	9.722996791815158	0.0	0.0	
27.33158959922494	11.476183694837191	0.0	0.0	
27.45525008734789	12.469915248948928	0.0	0.0	
27.174711340975673	12.5842148537248	0.0	0.0	
27.34462473009609	13.854553380161308	0.0	0.0	
27.40181500642797	14.71999796989084	0.0	0.0	
27.307627281932003	16.492577216379388	0.0	0.0	
27.420061060287413	16.93385416230603	0.0	0.0	
27.34126843654417	18.323830747331797	0.0	0.0	
27.201865762917542	18.565319782830823	0.0	0.0	
27.050225220148207	19.62928083766426	0.0	0.0	
27.117929634007876	20.752290895430846	0.0	0.0	
27.465978664720822	21.752671959153105	0.0	0.0	
26.56715358402342	22.80593753970048	0.0	0.0	
27.29606567328822	23.62223089888009	0.0	0.0	
27.2945599478177	25.150097481601854	0.0	0.0	
26.8835904591762	25.89976733275244	0.0	0.0	
27.216524491921405	27.257217712188982	0.0	0.0	
26.575745345766837	27.900435485930586	0.0	0.0	
27.242981803298278	28.603963159857187	0.0	0.0	
27.056591266793504	30.321107577998195	0.0	0.0	
26.530160571188716	30.85112537295572	0.0	0.0	
27.56165027938362	0.10394055433532612	0.0	0.0	
27.533221687038413	0.5086753200357086	0.0	0.0	
27.914615331817927	1.8680136085386492	0.0	0.0	
28.20865332964689	3.4162131363360846	0.0	0.0	
27.81321115322669	4.249791308548144	0.0	0.0	
28.13841718386164	4.693762649893325	0.0	0.0	
27.844463387825062	5.82437815717164	0.0	0.0	
27.54043078738893	6.880805378439829	0.0	0.0	
28.427321236529338	7.782555690232756	0.0	0.0	
27.66956248001749	8.94359933253917	0.0	0.0	
27.741913788053925	9.608943587851266	0.0	0.0	
28.059242064747394	10.529799793940887	0.0	0.0	
28.053257577535103	11.959562254250478	0.0	0.0	
27.566614954036528	12.914524605830975	0.0	0.0	
27.571080573519716	13.546797156488712	0.0	0.0	
27.95115588451078	14.866144200323829	0.0	0.0	
27.55617932047495	16.4871414146419	0.0	0.0	
28.373490070043513	17.201946767489133	0.0	0.0	
27.61216194841391	18.449130504338484	0.0	0.0	
27.807948420326888	18.8699099960067	0.0	0.0	
27.682324203070362	20.364945601604266	0.0	0.0	
28.16445591337678	20.79847560344794	0.0	0.0	
28.20701248685873	21.776068753367664	0.0	0.0	
27.59966631190518	22.893912168374893	0.0	0.0	
27.689314947148183	23.814705152097762	0.0	0.0	
27.84783746483187	24.708520366362094	0.0	0.0	
28.220785091711683	26.260917525247034	0.0	0.0	
28.45234440954818	26.81172774255342	0.0	0.0	
27.95994101652226	28.298275876708825	0.0	0.0	
28.018774306275922	29.446986340963296	0.0	0.0	
27.862505852666118	29.650865960029943	0.0	0.0	
28.371166271458566	31.220790867773992	0.0	0.0	
29.036766539211932	0.40482006974984885	0.0	0.0	
28.637257793989782	0.542653880075403	0.0	0.0	
28.73155502537129	1.8144217120650454	0.0	0.0	
29.096709377629427	3.4581419324563583	0.0	0.0	
29.467191831584284	3.5727337355445425	0.0	0.0	
28.835502344247985	5.488043164361283	0.0	0.0	
29.416775469782806	6.4608237123760155	0.0	0.0	
29.292944291022152	6.832483318510736	0.0	0.0	
29.113032028558074	8.133634333310578	0.0	0.0	
29.372736194874598	9.002174113893885	0.0	0.0	
29.06772304020104	10.35560517398175	0.0	0.0	
28.851508626632086	11.229645010893575	0.0	0.0	
28.803664527097514	12.412823821222855	0.0	0.0	
29.056412913133567	12.776755866819702	0.0	0.0	
28.927152043882483	14.45295518650621	0.0	0.0	
29.019950348401466	15.40500313744147	0.0	0.0	
29.45291699971977	15.8705311438346	0.0	0.0	
28.656453088269657	16.681977570648865	0.0	0.0	
28.874398231873073	17.546506175793585	0.0	0.0	
28.808187249125368	18.59101087128924	0.0	0.0	
29.4201391201152	19.749293593221676	0.0	0.0	
29.294123444526637	21.391866984065185	0.0	0.0	
29.262853393182244	21.726555239294726	0.0	0.0	
28.80704770908831	23.461184747263186	0.0	0.0	
29.370121872376387	23.68225791613071	0.0	0.0	
28.756951876388797	24.96852263758776	0.0	0.0	
28.565342688906807	25.94775819249057	0.0	0.0	
28.55881499408095	26.69400915179232	0.0	0.0	
29.13065036779478	28.05968431565132	0.0	0.0	
29.403826431160073	28.824216456878176	0.0	0.0	
29.049615271722736	30.102322450852128	0.0	0.0	
29.16357399955509	30.942913741014678	0.0	0.0	
29.836293551978915	0.18062705774573584	0.0	0.0	
30.344227446751294	0.8242239652505612	0.0	0.0	
29.783638278100888	1.7911457653137002	0.0	0.0	
29.84926881536262	3.164033358170749	0.0	0.0	
29.766763331788724	4.222010705397524	0.0	0.0	
30.452234680480764	4.540897367546389	0.0	0.0	
29.769457305372892	6.45830903718469	0.0	0.0	
29.81075900276844	6.749132554629816	0.0	0.0	
29.584025777187495	8.378855301718763	0.0	0.0	
29.99132794741654	9.248741567023469	0.0	0.0	
30.458261585229508	10.350530702031364	0.0	0.0	
30.023664799900118	11.06034264512601	0.0	0.0	
29.7122865334825	12.327117268009367	0.0	0.0	
30.401004106374348	12.711635723006893	0.0	0.0	
30.022563599353482	14.412383251729521	0.0	0.0	
30.313656280416822	15.162829083834598	0.0	0.0	
29.75459673842025	15.682478536645338	0.0	0.0	
29.500240897167256	17.050742326228146	0.0	0.0	
30.04227163358276	18.29565496833276	0.0	0.0	
30.186247748750784	18.697886862051025	0.0	0.0	
30.051458701734727	19.769716306258758	0.0	0.0	
29.5554541408713	21.147824180708838	0.0	0.0	
30.49916648340267	21.570005969377117	0.0	0.0	
30.353380996731424	23.041651582390042	0.0	0.0	
29.569909974112456	24.033225905495605	0.0	0.0	
30.16580601945836	24.98644663819931	0.0	0.0	
29.985169219707494	26.118256037621347	0.0	0.0	
29.963795707703724	27.053169092508764	0.0	0.0	
30.044437327031964	27.674526564687817	0.0	0.0	
30.434833795277612	29.487860029903008	0.0	0.0	
29.76780385877369	29.859195514712027	0.0	0.0	
30.146011605461673	31.23809093085739	0.0	0.0	
31.382635772661274	0.18628735885826486	0.0	0.0	
31.15797870196889	0.9092112447224172	0.0	0.0	
30.937046339236574	2.474453345663251	0.0	0.0	
30.647382385176428	2.877782325111837	0.0	0.0	
31.076951511358665	3.555772294362459	0.0	0.0	
30.913060653066527	4.562816130664484	0.0	0.0	
31.08186550547431	5.934255334300514	0.0	0.0	
30.936658493325496	7.342310543963227	0.0	0.0	
31.14714774223338	7.996645222929426	0.0	0.0	
30.964696313436086	8.795318374264287	0.0	0.0	
30.76585904774136	9.709626088355455	0.0	0.0	
31.071101109771824	10.73532659811492	0.0	0.0	
31.385969785692122	11.529616286162236	0.0	0.0	
30.790481086473637	12.858830456867857	0.0	0.0	
30.737774002874456	13.72696733240383	0.0	0.0	
31.138982869648295	14.809387261600476	0.0	0.0	
30.804353180991537	15.599210084508858	0.0	0.0	
31.280484062036734	16.658520732825615	0.0	0.0	
30.67836173218846	17.586025793620667	0.0	0.0	
30.971596511395415	19.35821128643882	0.0	0.0	
30.567502026567748	19.60915232962024	0.0	0.0	
31.113877557134185	21.111813359865533	0.0	0.0	
30.919371688570042	22.174261729918943	0.0	0.0	
30.62379913836301	23.005507796597346	0.0	0.0	
30.517404023140084	23.947306247500787	0.0	0.0	
31.422925064316527	25.107924672842422	0.0	0.0	
30.507033064312484	26.39768626199165	0.0	0.0	
31.043111350983324	27.00192698644275	0.0	0.0	
31.430496843201553	27.58129407909417	0.0	0.0	
30.811083875189013	29.245803028043166	0.0	0.0	
31.05553456276742	29.889373554523466	0.0	0.0	
31.03955909934636	30.94082496122606	0.0	0.0	
