2
32.0	0.0	0.0	0.0	
0.0	32.0	0.0	0.0	
0.05897652048039381	0.3528283164272269	0.0	0.0	
0.21352174296533288	0.8236502934180834	0.0	0.0	
0.19217727711152022	2.2350112319107116	0.0	0.0	
0.21884810010468303	2.8003256672236527	0.0	0.0	
0.14332091412765957	4.448554001844416	0.0	0.0	
0.04183503267622912	4.785395703189125	0.0	0.0	
0.27451874290372535	5.934953465802087	0.0	0.0	
0.20864410202088735	6.578950122534268	0.0	0.0	
0.062342151946580215	7.800331770826285	0.0	0.0	
0.4523168994541329	8.533348789613376	0.0	0.0	
0.30915683042475905	10.374669113365185	0.0	0.0	
0.4041392190248567	10.709835726043481	0.0	0.0	
0.16754528495690357	12.404628213919363	0.0	0.0	
0.3060810808106862	12.667698511536562	0.0	0.0	
0.18984392411293916	13.558839697157799	0.0	0.0	
0.4916032239445819	15.221591478552188	0.0	0.0	
0.3210027274346048	16.396168282160854	0.0	0.0	
0.2025679895716086	17.271287537197626	0.0	0.0	
0.3539144280038298	18.185261915448674	0.0	0.0	
0.2326258940090583	18.788661969006178	0.0	0.0	
0.2592110533580604	19.58913320528196	0.0	0.0	
0.051154212955968115	20.873352470239524	0.0	0.0	
0.2982707409222025	21.964147158980378	0.0	0.0	
0.22449421965158178	23.49578769224681	0.0	0.0	
0.13808308780203782	23.674899391908568	0.0	0.0	
0.4719569180948264	25.214099738924126	0.0	0.0	
0.2665553307154396	25.761610029154156	0.0	0.0	
0.2703880089443792	26.775556844384738	0.0	0.0	
0.06097570988209711	27.922147638936572	0.0	0.0	
0.09943532270538125	29.189920968745277	0.0	0.0	
0.1626229617514705	30.00462517188286	0.0	0.0	
0.2767080959385506	30.817832431832464	0.0	0.0	
0.8077883106968476	0.3481859204471225	0.0	0.0	
1.2557677674762604	0.9036592167759963	0.0	0.0	
0.8886696767023596	1.8640559766601175	0.0	0.0	
0.9690978309556417	3.4846066165702902	0.0	0.0	
1.2560714933557273	4.2131339339778835	0.0	0.0	
1.1943466781126846	5.42984346898725	0.0	0.0	
1.3055749856512406	6.068944698659261	0.0	0.0	
1.2527909883851867	7.390788976711869	0.0	0.0	
1.4843419811730656	8.374047464833355	0.0	0.0	
1.0394451405799094	8.796114672773244	0.0	0.0	
1.4953234096722088	10.497974311924883	0.0	0.0	
1.1629369255802853	10.751953089666173	0.0	0.0	
1.3314203872190349	12.25124137421216	0.0	0.0	
0.713599514345235	13.440755869563358	0.0	0.0	
1.1947157985035224	14.129084426005198	0.0	0.0	
1.0902308191622336	14.699105854731561	0.0	0.0	
0.6486248199389031	15.92309267642268	0.0	0.0	
1.459124034017404	17.271882834857372	0.0	0.0	
1.143197447274285	17.94917623953636	0.0	0.0	
0.9819030536881457	19.251608801044892	0.0	0.0	
1.2563040524176352	19.874852380360622	0.0	0.0	
0.6832666453548792	20.889006758952217	0.0	0.0	
0.5304876208552602	22.220289041422554	0.0	0.0	
1.4011563719509401	23.432841067602055	0.0	0.0	
1.1491628604946318	23.745693608604896	0.0	0.0	
1.008449219273054	24.623317965846134	0.0	0.0	
0.6671621725409786	26.342105533120566	0.0	0.0	
0.6137722226182108	27.039845932482827	0.0	0.0	
1.1920383121160256	28.34004078685487	0.0	0.0	
1.4372400899055842	28.84785498003445	0.0	0.0	
0.8180748785892402	30.09449652073343	0.0	0.0	
1.0460086972221152	31.39269974326038	0.0	0.0	
2.4586647320907895	0.17344727534220916	0.0	0.0	
2.4812938560706472	0.857474953611152	0.0	0.0	
1.676511875984184	2.189360187479933	0.0	0.0	
2.031581192892426	3.1895989544518883	0.0	0.0	
2.4192765602742314	3.9684585597927162	0.0	0.0	
2.379041862127285	4.658393215364422	0.0	0.0	
2.4067126849196336	5.6488374824411665	0.0	0.0	
1.8249508044014287	7.069483015711334	0.0	0.0	
2.3521793695735367	7.533462155105023	0.0	0.0	
2.173693053752888	8.749653120787245	0.0	0.0	
1.5711474617818868	10.459858849939941	0.0	0.0	
1.5284157127629585	11.05752538962133	0.0	0.0	
1.9308576175048437	12.388615669035378	0.0	0.0	
2.484363662081858	13.375993221886644	0.0	0.0	
1.5362821369472153	13.878469824061801	0.0	0.0	
2.430486276945725	15.326632751368303	0.0	0.0	
2.237256720522847	16.46235116061006	0.0	0.0	
1.6467916977534736	16.728730337270132	0.0	0.0	
2.044886671632698	17.50640966742393	0.0	0.0	
2.482451607626534	19.412034075430814	0.0	0.0	
2.375838972420713	20.32005461300283	0.0	0.0	
1.8499487593419826	20.547895009201937	0.0	0.0	
2.20768223526251	21.87052691345719	0.0	0.0	
2.2962770038161784	22.916000355709123	0.0	0.0	
2.3816117007623543	23.732194554384698	0.0	0.0	
2.0922384627261694	25.151373775732345	0.0	0.0	
2.0454535558086357	25.618812722918143	0.0	0.0	
2.2232845830935437	26.57611799470351	0.0	0.0	
1.5082664879075216	27.608581965497113	0.0	0.0	
2.485039681402029	29.012917418851274	0.0	0.0	
1.6294914198099855	29.71784149149652	0.0	0.0	
1.6625058922195772	30.961299401366446	0.0	0.0	
2.5006780722923856	0.19796067052182653	0.0	0.0	
2.7753738796250498	0.5874329918750822	0.0	0.0	
3.402817663528658	1.6843788807581694	0.0	0.0	
2.90644901942931	3.0466624824403508	0.0	0.0	
3.276633227186652	4.436667906103375	0.0	0.0	
3.029288612797415	5.290916929791577	0.0	0.0	
2.5453503545627085	6.174112557996719	0.0	0.0	
2.787513158890647	6.8624841791853175	0.0	0.0	
3.194109980415064	8.019873268287974	0.0	0.0	
2.94251754168856	9.453437738320396	0.0	0.0	
2.8374534533179014	9.841535649513265	0.0	0.0	
3.468117895620177	10.92858649824507	0.0	0.0	
2.74176956738758	12.074914498709232	0.0	0.0	
3.132097551465706	13.084892865548047	0.0	0.0	
3.252489043754781	14.316961179655104	0.0	0.0	
3.3689825906192015	15.213546382972838	0.0	0.0	
2.5178539613905144	16.222561436304918	0.0	0.0	
2.875792946790618	16.809479199734096	0.0	0.0	
3.4961004228485053	17.691737344369063	0.0	0.0	
2.8166227727142257	18.965796361755327	0.0	0.0	
3.169744799949182	20.15722415025856	0.0	0.0	
3.170129249234539	20.665876564119124	0.0	0.0	
2.882710228489806	21.87631960857671	0.0	0.0	
2.8094057831522643	22.52158140978241	0.0	0.0	
2.9808776138231172	24.31005859706641	0.0	0.0	
2.5254338570092107	25.28048328267583	0.0	0.0	
2.6453107714835893	26.378860119945216	0.0	0.0	
2.8347368992993003	26.57231458605201	0.0	0.0	
3.3010746654495238	28.004143552666672	0.0	0.0	
2.6372152062096244	29.198145041333014	0.0	0.0	
3.03627957865785	30.448607845970223	0.0	0.0	
3.275205647618104	31.140796650004056	0.0	0.0	
3.686082808459915	0.11894374901814775	0.0	0.0	
3.758029604717107	1.0616208777528047	0.0	0.0	
3.805757264434157	1.79147995695716	0.0	0.0	
3.5079347529605664	3.4637724542372545	0.0	0.0	
3.7005380958555607	3.9306129967844283	0.0	0.0	
3.5165270501690977	4.650802594692351	0.0	0.0	
4.1141754801665655	5.634410389521245	0.0	0.0	
3.560945862943483	6.750469638722821	0.0	0.0	
3.578245420923566	8.450773036400472	0.0	0.0	
4.002787274956484	8.690515840757808	0.0	0.0	
3.856372604862631	10.42649496349852	0.0	0.0	
4.268580747390911	10.984490557585243	0.0	0.0	
4.352444227782006	11.763953004292985	0.0	0.0	
4.446961626953215	12.807098236173113	0.0	0.0	
3.7293263686524356	13.531023879985575	0.0	0.0	
4.331208333423315	14.501354818102707	0.0	0.0	
3.8810246441635115	15.750594801285562	0.0	0.0	
3.862708474443375	17.423858765817005	0.0	0.0	
3.7881838089133377	18.32871213215751	0.0	0.0	
3.6327992642619367	19.390083530600332	0.0	0.0	
3.787431143865718	20.391824864964995	0.0	0.0	
4.089684895183234	21.096124386575152	0.0	0.0	
3.7764593759792637	22.000491332262317	0.0	0.0	
4.025765192200482	22.662460323124968	0.0	0.0	
3.804868461557132	24.27452719900098	0.0	0.0	
4.127200211047399	25.357478205806732	0.0	0.0	
4.226955562744768	25.639759117060645	0.0	0.0	
4.393386684971929	27.21601248045253	0.0	0.0	
4.070797146573839	28.217232698375543	0.0	0.0	
4.099176426818851	28.769507485758975	0.0	0.0	
3.6617583816213264	30.02937791699884	0.0	0.0	
4.452098334960748	31.277962349394556	0.0	0.0	
5.255573016803661	0.23296770043559856	0.0	0.0	
4.778547998190243	1.021169720718171	0.0	0.0	
5.414507693183449	1.8376663060683378	0.0	0.0	
4.782799708983364	3.064279202961612	0.0	0.0	
5.278544503192191	3.5028680790551503	0.0	0.0	
4.789757618133769	5.278778522796774	0.0	0.0	
5.000897000631996	5.705195732400107	0.0	0.0	
4.5768614030900245	7.155600515127531	0.0	0.0	
5.294141563487935	7.650675746208298	0.0	0.0	
5.250651886793566	9.123578424608597	0.0	0.0	
4.618802130404509	10.24636544901518	0.0	0.0	
5.358322349720036	11.309535480465314	0.0	0.0	
5.055139003552248	11.970356061691382	0.0	0.0	
5.166697693717611	12.606304596659614	0.0	0.0	
5.460692651066264	13.781617742984846	0.0	0.0	
4.671709936476146	15.29284150088499	0.0	0.0	
5.316049282165383	15.94153068081519	0.0	0.0	
5.156044604439191	17.388660811427716	0.0	0.0	
5.183098693110326	18.35884590235369	0.0	0.0	
4.673776181002933	18.69591893520593	0.0	0.0	
5.238969442522301	19.820696117245188	0.0	0.0	
5.291161782762034	21.35566024295355	0.0	0.0	
4.613860079864332	22.34256353222908	0.0	0.0	
4.736733904738822	22.849164792379558	0.0	0.0	
4.511639029783025	23.929037751319235	0.0	0.0	
4.844655218559764	25.10145144123181	0.0	0.0	
5.155997604173121	25.828647326743962	0.0	0.0	
5.1094855428515995	27.391260486582922	0.0	0.0	
4.712251870989285	27.95826454831943	0.0	0.0	
4.901214074403646	28.61617990555706	0.0	0.0	
5.290542140860293	30.119464511136872	0.0	0.0	
4.963714288498167	31.435633349669143	0.0	0.0	
5.882938198899936	0.49781354639791064	0.0	0.0	
5.685964559187423	1.1409929292628413	0.0	0.0	
5.771126523107406	1.893602844066863	0.0	0.0	
6.2125796647027975	3.423619744786296	0.0	0.0	
5.819309477934068	4.110843358283094	0.0	0.0	
5.921205547521145	4.568297409377683	0.0	0.0	
5.658164184082007	5.538606987321532	0.0	0.0	
5.52898514815017	7.29997142925377	0.0	0.0	
6.248064112260831	7.719838500480039	0.0	0.0	
5.7205161325575435	8.571978959517342	0.0	0.0	
6.182782928470298	9.67704281654105	0.0	0.0	
6.150438431247428	11.310877416143914	0.0	0.0	
6.4154722814443685	11.943350667076599	0.0	0.0	
5.7775596622773975	12.70760335010695	0.0	0.0	
6.372561495508667	14.174517440464744	0.0	0.0	
5.527164853949811	15.280361252905806	0.0	0.0	
5.72919454545695	16.347764253462397	0.0	0.0	
6.231956418632803	17.42268594079601	0.0	0.0	
5.832019040934583	18.42378253375976	0.0	0.0	
5.965523619546129	19.437309397429296	0.0	0.0	
5.938765408225084	19.617002546405143	0.0	0.0	
6.26358615663049	20.976938473184834	0.0	0.0	
6.4296117880151105	21.607759515956648	0.0	0.0	
5.967118706890156	23.247413667375874	0.0	0.0	
6.15506017056875	23.6630191866952	0.0	0.0	
5.728478475609301	24.932478852753054	0.0	0.0	
5.891719072671526	26.4255020774792	0.0	0.0	
5.861956455709324	26.551249900251282	0.0	0.0	
6.0817300543016435	27.755523621724763	0.0	0.0	
5.9113509115266805	29.073059320929733	0.0	0.0	
5.557336119932784	30.146798873701318	0.0	0.0	
5.5822015930622895	31.308202201595314	0.0	0.0	
6.995731915258558	0.1208910232868522	0.0	0.0	
6.5150445751810535	1.400662589776347	0.0	0.0	
7.226025379421651	2.109821242799468	0.0	0.0	
6.790557936806596	2.8234442723928073	0.0	0.0	
7.0416741085194365	3.982237876713932	0.0	0.0	
6.727551149834043	5.265449667718608	0.0	0.0	
7.392000148086092	5.971662231686153	0.0	0.0	
6.980798408896116	6.544730420094238	0.0	0.0	
7.1838931828966714	8.179187565868073	0.0	0.0	
7.3795751317702765	8.901143073764482	0.0	0.0	
6.709737867916759	9.722977709962647	0.0	0.0	
7.246799337392711	11.382694615680084	0.0	0.0	
6.726209586268077	11.990206272842402	0.0	0.0	
7.081117230851296	12.993783678290027	0.0	0.0	
7.259687242087081	13.626453851918773	0.0	0.0	
7.1878327087003555	14.852980124520212	0.0	0.0	
7.120363788318391	16.439186196286794	0.0	0.0	
6.5888094497252485	16.941854842834132	0.0	0.0	
7.0215765608236875	17.77543007565206	0.0	0.0	
7.151204410837042	19.245897280159618	0.0	0.0	
6.703183065805228	20.283838277760104	0.0	0.0	
7.448959097061935	20.87174346212573	0.0	0.0	
6.85576746138295	22.433008971364867	0.0	0.0	
6.759002873713615	23.383524834281527	0.0	0.0	
7.274503820061445	23.96478628734918	0.0	0.0	
7.476637030358146	25.318761196656403	0.0	0.0	
6.660449219449806	26.332233413765913	0.0	0.0	
6.796996612661119	26.812524688674518	0.0	0.0	
7.274889542067674	28.047516585081553	0.0	0.0	
7.367252184431289	28.87263171605719	0.0	0.0	
7.065229437671412	29.737411228760287	0.0	0.0	
7.129631626296837	31.275909533781363	0.0	0.0	
7.995442528138192	0.21177376315931873	0.0	0.0	
8.229664594553077	0.5403780597759711	0.0	0.0	
8.015325096376543	2.1013413356731663	0.0	0.0	
7.738295144994108	2.8025728021837026	0.0	0.0	
7.75991449909942	3.6936994804711714	0.0	0.0	
8.482341042677351	4.868576402231433	0.0	0.0	
7.689763504796901	6.163529017220895	0.0	0.0	
8.268158381274533	6.594127460002898	0.0	0.0	
8.040327874496574	8.372345312216405	0.0	0.0	
7.977114433031507	9.03657535679318	0.0	0.0	
8.239002353268592	9.759035406981834	0.0	0.0	
7.9166142374915935	10.639775185526478	0.0	0.0	
7.609044657471919	11.655479237048922	0.0	0.0	
8.414858692071116	12.763318094138931	0.0	0.0	
8.279803929843684	13.831927412599246	0.0	0.0	
8.1274295708126	14.988339603954447	0.0	0.0	
7.918486339949815	16.04026929844035	0.0	0.0	
8.417147124141	16.894705245497796	0.0	0.0	
7.514403700772793	17.633191326489833	0.0	0.0	
7.880698954090085	18.632412166547965	0.0	0.0	
7.9890477809699245	19.569809300119097	0.0	0.0	
8.257862424424468	21.302244814608652	0.0	0.0	
8.05543795491139	21.943309412894926	0.0	0.0	
8.398895771227727	23.459103498374954	0.0	0.0	
8.459403131858496	24.219512882183306	0.0	0.0	
7.86532048826379	25.02549156089171	0.0	0.0	
7.655746239318876	26.05951206922387	0.0	0.0	
8.466965860963489	27.30685097020098	0.0	0.0	
7.533320969556495	27.782911902522404	0.0	0.0	
8.18448503769804	28.887314753204375	0.0	0.0	
8.43041670459407	29.8604686322282	0.0	0.0	
7.553088408119682	31.107807987758946	0.0	0.0	
8.603046319096492	0.09646016208657437	0.0	0.0	
9.211085696693969	0.5071784231961473	0.0	0.0	
8.82318385711856	1.5621211679958313	0.0	0.0	
9.069730478080697	2.808365395317709	0.0	0.0	
8.77715126125663	3.855884394940124	0.0	0.0	
9.169554627099787	5.1025844285290605	0.0	0.0	
9.49210648038896	6.043303188246438	0.0	0.0	
9.452883575760232	7.070635170135361	0.0	0.0	
8.956962840147638	7.515066547840034	0.0	0.0	
9.193322664691356	9.498325056072385	0.0	0.0	
8.938505093597689	9.742236206907918	0.0	0.0	
8.70417328540021	10.642054307694917	0.0	0.0	
9.137100286004976	12.397266212863125	0.0	0.0	
9.21774071576466	12.910714167616451	0.0	0.0	
9.403496378784567	14.307899559660395	0.0	0.0	
9.110937289373013	14.5748301196364	0.0	0.0	
8.776252739696414	16.147530441929387	0.0	0.0	
9.30606676843121	17.0173394077835	0.0	0.0	
9.405763477320969	18.373778804454417	0.0	0.0	
8.815446219737856	18.871561507223017	0.0	0.0	
8.812471367311861	20.049071142218555	0.0	0.0	
8.669569791314334	20.57452024158634	0.0	0.0	
8.96586381613755	21.618716694453525	0.0	0.0	
9.063107119886444	22.652684844803826	0.0	0.0	
9.247786316461607	24.218342455920983	0.0	0.0	
8.671931403325969	25.340174574276443	0.0	0.0	
9.054012852513397	25.71086334587547	0.0	0.0	
8.854746328607396	26.99027464015931	0.0	0.0	
9.302342295628913	28.140667642804686	0.0	0.0	
8.860252346924845	28.748515354610802	0.0	0.0	
8.848087118325795	29.840265164026025	0.0	0.0	
8.675250128065674	31.139217347724596	0.0	0.0	
9.941680038775448	0.20420674223420743	0.0	0.0	
9.735219881223653	0.5994554294615108	0.0	0.0	
10.280145072193685	2.476234168485694	0.0	0.0	
9.988467998755082	2.7279732322844357	0.0	0.0	
10.265467814901644	3.586514408799327	0.0	0.0	
10.082890831353211	5.052069372026166	0.0	0.0	
9.641184814513908	6.363360897276475	0.0	0.0	
9.59627411516124	6.557871127637613	0.0	0.0	
9.57503724936201	7.5397014650773375	0.0	0.0	
10.197265952281239	8.739779222902648	0.0	0.0	
10.469774136727203	10.328176310293246	0.0	0.0	
10.316989385295491	10.791258698581455	0.0	0.0	
10.126867992318527	11.648684084833695	0.0	0.0	
10.497528119160558	12.983571378069195	0.0	0.0	
10.460770453080848	13.763514146037224	0.0	0.0	
9.967773579051746	14.577059219697814	0.0	0.0	
10.43016816881294	15.994765815917765	0.0	0.0	
9.99267418361803	16.64910606130346	0.0	0.0	
10.170789665546534	17.704720259455648	0.0	0.0	
10.030226649387918	18.952111113360218	0.0	0.0	
10.248147145048796	20.117552464145493	0.0	0.0	
9.547574065279196	20.615952728624077	0.0	0.0	
10.484669696370336	21.510094808934134	0.0	0.0	
10.034687657047874	23.002748083820517	0.0	0.0	
9.89570920649682	23.502158460300592	0.0	0.0	
10.224317042450307	24.818138602674143	0.0	0.0	
10.130905745522009	25.68781417516145	0.0	0.0	
9.559350821241228	27.297388640038562	0.0	0.0	
10.213284056372945	28.273110028666324	0.0	0.0	
10.068864135121387	29.450164634470845	0.0	0.0	
9.948293812013326	30.446795365438344	0.0	0.0	
9.949744800726084	30.63248492961996	0.0	0.0	
10.71859279309247	0.13031428467280304	0.0	0.0	
11.003991860867288	0.5314427614049746	0.0	0.0	
11.206391050831565	1.7182842053117011	0.0	0.0	
10.569130501465388	2.7656344813137657	0.0	0.0	
10.671323513521218	4.3414544181997385	0.0	0.0	
10.613509831559051	5.362382114347942	0.0	0.0	
10.858751896961419	5.818550841685425	0.0	0.0	
11.157979006809981	6.5258721580023025	0.0	0.0	
10.673957106380373	7.5391095642875205	0.0	0.0	
11.495456083190954	8.5332590926471	0.0	0.0	
10.546722019688815	9.543279966502082	0.0	0.0	
10.991911911246902	10.546195961081809	0.0	0.0	
10.792431169712426	12.160571254172769	0.0	0.0	
10.65310881144259	12.593713716779993	0.0	0.0	
11.161948188919085	13.779888782856926	0.0	0.0	
11.057031081599831	15.202797657828743	0.0	0.0	
11.331226214174428	16.111255340498754	0.0	0.0	
11.479816262925327	17.47369588216123	0.0	0.0	
10.923488159609377	17.773711103105978	0.0	0.0	
10.521082364996554	18.669643078023416	0.0	0.0	
10.886764972817382	19.739609990144498	0.0	0.0	
10.754587398006992	21.212974006192518	0.0	0.0	
11.406804325300271	22.41435468251261	0.0	0.0	
10.657943633533437	23.128639065327484	0.0	0.0	
10.506137703341698	24.009743320427937	0.0	0.0	
10.520186326336345	25.026203378821947	0.0	0.0	
10.99237175401083	26.179828371242362	0.0	0.0	
11.15795109593012	27.355372334810475	0.0	0.0	
10.943952283198142	27.536088678516386	0.0	0.0	
10.951164792684796	28.811414175699355	0.0	0.0	
10.90227832484134	29.992487625470154	0.0	0.0	
11.197808732744834	30.822842108281208	0.0	0.0	
12.16082307152079	0.07182214036593948	0.0	0.0	
12.30369541889497	0.835251984018349	0.0	0.0	
12.00053903131798	2.0514790266505725	0.0	0.0	
11.645534636342258	2.676465122036797	0.0	0.0	
12.286585448905933	4.059457082138667	0.0	0.0	
12.249151369828459	5.467810925893832	0.0	0.0	
11.712060781548493	5.591792137650283	0.0	0.0	
12.38493315712882	7.109933411611544	0.0	0.0	
11.99555623376915	7.825723839588883	0.0	0.0	
12.472885554228839	9.067814609817178	0.0	0.0	
12.03463686421182	9.600003469244905	0.0	0.0	
11.977205857740215	10.81366799415843	0.0	0.0	
12.197993290822259	11.546745254890256	0.0	0.0	
12.282825317585049	13.486711924665151	0.0	0.0	
11.962220690687724	14.040929571934036	0.0	0.0	
11.65882750083894	15.34693312004865	0.0	0.0	
12.30653148421733	16.11762822406514	0.0	0.0	
12.376790016084184	16.580505566891084	0.0	0.0	
12.08854131480661	18.375812220200217	0.0	0.0	
12.259164577063652	19.24236595714873	0.0	0.0	
12.075147585107823	19.53853409723837	0.0	0.0	
11.731775638289824	21.411575942189423	0.0	0.0	
11.670562595013019	21.9709840650953	0.0	0.0	
11.691020672321104	22.974373613249416	0.0	0.0	
12.38659687499365	23.83142669171567	0.0	0.0	
12.3889676227139	24.982812082944854	0.0	0.0	
12.073392636587432	26.469520675856717	0.0	0.0	
11.775964408610857	27.07088347827455	0.0	0.0	
11.598078429343168	27.841036228265168	0.0	0.0	
12.123576991557476	29.46657279526049	0.0	0.0	
11.643656696608733	29.824653282082817	0.0	0.0	
12.298965489445557	30.67446896416379	0.0	0.0	
12.984709136327718	0.3839265599996974	0.0	0.0	
12.570142492535478	0.5474234696188546	0.0	0.0	
13.145197443470403	1.6871092254186926	0.0	0.0	
13.216872428347779	3.0698241685845193	0.0	0.0	
12.671523884328131	4.446067790850121	0.0	0.0	
12.669755819675707	4.757474571018991	0.0	0.0	
13.02684601304742	5.8261235290348665	0.0	0.0	
12.628596276056992	7.445384117577783	0.0	0.0	
13.06249147088324	7.703892677566227	0.0	0.0	
13.380823172247624	9.39455728808618	0.0	0.0	
12.640873126068918	10.29452974111071	0.0	0.0	
12.685894201610404	11.179765580164242	0.0	0.0	
13.06087491438918	12.195594728059369	0.0	0.0	
12.927003725353833	13.208497201967376	0.0	0.0	
12.735929594103183	13.821956364044263	0.0	0.0	
12.763240417602397	15.267016654643562	0.0	0.0	
13.067232154293654	15.756836400476487	0.0	0.0	
13.444844839105624	16.5454012892566	0.0	0.0	
12.513659798143557	17.645189155592618	0.0	0.0	
13.311844142440387	19.311566225166303	0.0	0.0	
13.155548744321866	20.38922397728691	0.0	0.0	
13.472400604839406	20.84926436200061	0.0	0.0	
13.267972055195596	22.0427040442228	0.0	0.0	
13.201437934618033	23.216790254121193	0.0	0.0	
13.208242276746581	24.227646121864538	0.0	0.0	
13.476915322866397	24.71216797136554	0.0	0.0	
12.899786304561239	25.685434392908427	0.0	0.0	
12.840478315990108	26.50700619945818	0.0	0.0	
13.06631428149356	28.27114074063947	0.0	0.0	
12.998356955524406	29.447164521695434	0.0	0.0	
12.98232320780148	30.185886785936663	0.0	0.0	
12.662306659273371	31.456851326481782	0.0	0.0	
13.98974295185671	0.47153861365382765	0.0	0.0	
13.883935097098007	0.5478195691375828	0.0	0.0	
14.12427398762437	1.8862320125248697	0.0	0.0	
14.164083445768137	2.8137173710419328	0.0	0.0	
14.195510129820713	3.9748734308859963	0.0	0.0	
14.043480531002569	4.93690755481704	0.0	0.0	
14.280494399533875	6.0476056728761804	0.0	0.0	
13.847839162853619	6.573510421137241	0.0	0.0	
14.287800590675964	8.185567288992928	0.0	0.0	
14.493451251254372	8.569370116592316	0.0	0.0	
13.770552555468333	9.826839406908563	0.0	0.0	
14.413938326238114	11.001056880065033	0.0	0.0	
13.624358611896882	11.694434930096183	0.0	0.0	
13.684732949144982	12.958342240162612	0.0	0.0	
14.444066642556546	14.040506370463843	0.0	0.0	
14.348520207632173	15.175279938145044	0.0	0.0	
13.952194282256343	16.27916375360779	0.0	0.0	
13.691065034532329	17.472002818150393	0.0	0.0	
13.565096100238815	17.8731651437009	0.0	0.0	
13.628654756274132	19.122606506213256	0.0	0.0	
13.850300823682993	20.164571574522455	0.0	0.0	
14.06593164024802	20.55285207689971	0.0	0.0	
13.523996376466581	22.00160513830968	0.0	0.0	
13.646775925721377	23.35832697871231	0.0	0.0	
14.237794558098752	23.507562339336737	0.0	0.0	
14.427882203495786	24.84332504194823	0.0	0.0	
13.999543379234938	25.78152074592199	0.0	0.0	
14.200114325855795	27.45318861079834	0.0	0.0	
14.463946400224362	27.672543327521556	0.0	0.0	
14.403992093211189	28.5495824269063	0.0	0.0	
13.85843225174068	29.896838411640772	0.0	0.0	
13.965894299098395	30.527927321780176	0.0	0.0	
15.038193915045804	0.2618697053896618	0.0	0.0	
14.581741426046213	0.8451483632036704	0.0	0.0	
14.90559684162494	1.511425929024813	0.0	0.0	
15.109466709861598	2.8407868514846353	0.0	0.0	
14.605310571374284	3.961395681883369	0.0	0.0	
15.278613136057242	4.899832585366116	0.0	0.0	
14.817536637094094	6.416592970803018	0.0	0.0	
14.84099886358744	6.517888792810928	0.0	0.0	
14.936180747781787	8.032988180518785	0.0	0.0	
15.232158646360853	8.610215396984149	0.0	0.0	
15.44862440885585	10.28730359937451	0.0	0.0	
15.086153690757047	11.099535412724245	0.0	0.0	
14.793649280529257	12.284389943440937	0.0	0.0	
14.640242207885393	13.279393134963705	0.0	0.0	
14.662450716151358	13.575785447203726	0.0	0.0	
15.045861765243876	14.785298234507225	0.0	0.0	
15.272301977463407	16.09007007853198	0.0	0.0	
15.033128403992503	16.510971248152945	0.0	0.0	
15.345698265313594	17.929577088789877	0.0	0.0	
15.040463369193985	18.820243404899845	0.0	0.0	
15.291947949596581	20.050976092860086	0.0	0.0	
14.788707218793508	21.44110646893212	0.0	0.0	
15.380001478331325	22.193554095563098	0.0	0.0	
14.73740737129246	22.933133809353123	0.0	0.0	
15.353349703488416	24.129194919056385	0.0	0.0	
14.692111198797358	25.48919815403702	0.0	0.0	
14.645475830831431	25.89951094927107	0.0	0.0	
14.95273789478776	26.567501710860697	0.0	0.0	
15.209174156904156	27.588514670517398	0.0	0.0	
14.671221892911682	29.119230579188006	0.0	0.0	
14.575412535341648	30.032906207632152	0.0	0.0	
15.219632564777202	30.872838807329043	0.0	0.0	
15.701560226814964	0.20627024450172038	0.0	0.0	
15.809534364168004	0.7213455824996303	0.0	0.0	
16.3669333325959	1.5172947838678854	0.0	0.0	
16.382587459137625	3.3294476568364457	0.0	0.0	
16.168837928046557	4.314369325023465	0.0	0.0	
16.348882870031115	4.528738790516158	0.0	0.0	
15.81173833201687	5.935046573290035	0.0	0.0	
15.902921394689818	6.991175426548146	0.0	0.0	
15.838530682818401	7.547430847635033	0.0	0.0	
16.27032852032454	9.035198739627877	0.0	0.0	
16.004483894333585	9.702231154165966	0.0	0.0	
16.213242963034048	11.309785878021877	0.0	0.0	
16.050624834226923	11.843296341574998	0.0	0.0	
15.804892659493065	13.315808605981175	0.0	0.0	
15.902986698101497	14.39997037794566	0.0	0.0	
16.201891998000963	15.122666043096405	0.0	0.0	
16.244490203192235	16.09502672854353	0.0	0.0	
15.76141115733271	16.846260387466913	0.0	0.0	
16.004236221716887	17.602669666854275	0.0	0.0	
16.49317111661153	19.107222135893387	0.0	0.0	
15.581531584040004	19.921007001494434	0.0	0.0	
15.691299924944653	20.68410624170336	0.0	0.0	
15.945837296743886	22.012243563356378	0.0	0.0	
15.742925457791099	23.16385258006325	0.0	0.0	
15.810176163999154	23.866527790978648	0.0	0.0	
15.649886188421894	24.781168194365986	0.0	0.0	
15.967156734589556	26.273871346602082	0.0	0.0	
16.25307400019749	27.11331005463347	0.0	0.0	
15.782085498959992	27.598184969687523	0.0	0.0	
16.4714148620345	29.263068340278533	0.0	0.0	
15.877604867291648	30.377243281737346	0.0	0.0	
16.076703254653633	30.992493334674897	0.0	0.0	
16.59061754135559	0.3388312032689005	0.0	0.0	
17.416441451075713	1.2580255515627667	0.0	0.0	
16.610471031729563	1.6318014967159513	0.0	0.0	
16.823588218577175	3.0675924019548835	0.0	0.0	
17.452452828491687	3.672823319886499	0.0	0.0	
16.72730422431663	5.175898752405382	0.0	0.0	
16.598691649243833	5.503924746314828	0.0	0.0	
17.393416129963008	6.791616816283005	0.0	0.0	
17.343000227782262	8.214801262184164	0.0	0.0	
17.215439067667987	8.610683268756187	0.0	0.0	
17.295436461827983	10.413200657868558	0.0	0.0	
17.221139560507684	11.459123871896514	0.0	0.0	
17.36361891211405	11.702979956740684	0.0	0.0	
17.01774058148338	12.608592276908507	0.0	0.0	
17.366409453624453	14.103885003851055	0.0	0.0	
17.127138343859837	14.572944595400557	0.0	0.0	
16.701129799664308	15.561424946477281	0.0	0.0	
16.90115795495892	17.147272812513457	0.0	0.0	
17.00754571174578	17.567473662791258	0.0	0.0	
16.53798855780428	18.946846167607177	0.0	0.0	
16.682484543232597	20.316864139881506	0.0	0.0	
16.539469902529525	21.06609028584128	0.0	0.0	
17.25632588434415	22.328653544479895	0.0	0.0	
16.686922712879404	22.517068210332482	0.0	0.0	
16.939517200762253	24.054940385618835	0.0	0.0	
16.86150397790132	24.86040436060696	0.0	0.0	
16.90784604530236	25.770368376791637	0.0	0.0	
16.92767332511818	26.745095388039573	0.0	0.0	
17.4102364459101	28.24190057538672	0.0	0.0	
16.763197105987555	29.08055505139793	0.0	0.0	
16.86284908023534	29.5587953835033	0.0	0.0	
17.3245349968934	31.43967303401883	0.0	0.0	
18.286955879562846	0.09110734387157804	0.0	0.0	
18.216480041509886	1.412771646805562	0.0	0.0	
17.899268426985675	1.739962100793547	0.0	0.0	
18.354196629864475	3.3675174092689026	0.0	0.0	
17.500194975707682	3.8005296417188026	0.0	0.0	
18.341747340294297	5.297560619624372	0.0	0.0	
17.714271321910648	5.74870783654213	0.0	0.0	
17.973565100078307	6.639959025498976	0.0	0.0	
17.691635603960282	7.98135485126887	0.0	0.0	
17.899858520563363	9.288253405773144	0.0	0.0	
17.8315000465475	9.963109260095369	0.0	0.0	
17.669953085764227	11.178989005867992	0.0	0.0	
18.307980018519938	11.592176258005265	0.0	0.0	
17.995573555676526	13.384883261502665	0.0	0.0	
18.45238979026451	14.089780519857472	0.0	0.0	
17.96768573164307	15.475979744195238	0.0	0.0	
18.073748928157805	16.474564792373837	0.0	0.0	
18.421736799246116	16.672833086046122	0.0	0.0	
17.589596900141352	17.808125252582435	0.0	0.0	
18.40591312845368	19.190241389406168	0.0	0.0	
17.548121108136506	20.238193620071367	0.0	0.0	
18.196440269549292	21.054347672797952	0.0	0.0	
18.07118029959436	22.14342741096279	0.0	0.0	
18.49024761947994	23.299643249968128	0.0	0.0	
18.23500395516246	24.093088587283678	0.0	0.0	
18.10993069382023	25.188410825724297	0.0	0.0	
17.80800352752768	25.852625730421327	0.0	0.0	
17.770748263145205	27.198498663946836	0.0	0.0	
18.3783107480478	27.62075688511507	0.0	0.0	
17.878127628481465	28.883475363045317	0.0	0.0	
18.473293057515566	29.789222257822285	0.0	0.0	
18.065986730663802	31.063935900561294	0.0	0.0	
18.7110816655536	0.38714569409864197	0.0	0.0	
18.929098006939423	0.9683497376591705	0.0	0.0	
19.169171989120276	2.345931711952545	0.0	0.0	
19.40064032089055	2.545021726558053	0.0	0.0	
18.9870006176907	4.0751873187815795	0.0	0.0	
18.621556341810468	5.169547340474491	0.0	0.0	
19.11240327324194	6.352178217719028	0.0	0.0	
18.701688856653302	6.757830459992994	0.0	0.0	
19.145945376270372	7.972316580479402	0.0	0.0	
19.486364556086507	8.629284078701376	0.0	0.0	
18.533384631373682	9.908985124468682	0.0	0.0	
18.76390237820047	11.446628865909204	0.0	0.0	
19.379101460548494	11.72130683633918	0.0	0.0	
18.564036152242004	12.829349121784642	0.0	0.0	
18.52800331952166	13.73523346458758	0.0	0.0	
18.6229251489792	15.291563906072678	0.0	0.0	
18.576376067681643	16.071600545768554	0.0	0.0	
19.14663879220028	16.75385431522915	0.0	0.0	
19.205531938307146	17.88972630897173	0.0	0.0	
19.080796301745313	18.56433763843839	0.0	0.0	
18.98930462445216	20.18478194766007	0.0	0.0	
19.47068841961044	21.071425041465904	0.0	0.0	
18.792013025302168	21.801823305233423	0.0	0.0	
18.87706943084877	22.790473467961256	0.0	0.0	
19.050664577844586	24.281256273753176	0.0	0.0	
18.709092866904644	25.4906225480502	0.0	0.0	
19.408497413193473	26.37094786800528	0.0	0.0	
18.98186871518927	26.501088453449295	0.0	0.0	
18.841987800833238	27.81818261328016	0.0	0.0	
18.865291684345078	28.750949403258947	0.0	0.0	
19.458220798152748	29.62415239405496	0.0	0.0	
19.3777948668312	31.3645690364818	0.0	0.0	
20.48904144602151	0.46625123637352683	0.0	0.0	
20.20529279862451	1.0902311894910777	0.0	0.0	
20.432914465567393	1.5103854232817073	0.0	0.0	
19.845225220437996	3.000570710464621	0.0	0.0	
19.51238715414348	4.265868756034906	0.0	0.0	
19.995324438201415	5.429603521840774	0.0	0.0	
19.666731710461917	5.674732919271584	0.0	0.0	
19.85275347070525	6.761178833445497	0.0	0.0	
19.712816548402397	8.021924554718478	0.0	0.0	
19.754790334816303	9.358301937362947	0.0	0.0	
20.024861929797538	9.592656814094227	0.0	0.0	
20.300758352842994	11.108735458716852	0.0	0.0	
19.516505857934835	12.361577073945597	0.0	0.0	
20.360999799410283	13.119142625702034	0.0	0.0	
20.49877519980556	13.741355908012583	0.0	0.0	
19.605099009835744	14.575671005899958	0.0	0.0	
20.025284538973384	15.91463647487069	0.0	0.0	
20.06316516145381	17.339012929887836	0.0	0.0	
19.87060054657026	18.23120283709951	0.0	0.0	
19.746374253591025	18.72152247394267	0.0	0.0	
20.459815912666933	19.513602246343627	0.0	0.0	
19.985593802293582	21.37149658495615	0.0	0.0	
20.41714522093176	21.962700761362797	0.0	0.0	
20.464867143462328	22.58169388353155	0.0	0.0	
20.433617966189637	23.53930155720148	0.0	0.0	
20.13172051379022	24.895883752560575	0.0	0.0	
20.443888582168793	25.77100158694746	0.0	0.0	
20.489021256029194	27.354744579118385	0.0	0.0	
19.684235828482684	27.587895697407173	0.0	0.0	
20.269587877025433	29.473628987879906	0.0	0.0	
20.15267161235584	30.01259538981392	0.0	0.0	
20.052786390979186	31.20483133678391	0.0	0.0	
21.323809533955394	0.3570045115999253	0.0	0.0	
21.473425685729648	0.6366214444811085	0.0	0.0	
20.947926989053013	2.248326331268486	0.0	0.0	
20.822687033302564	3.0151442137144358	0.0	0.0	
20.915170866825346	4.114383588899525	0.0	0.0	
20.708670910147458	5.325975633650735	0.0	0.0	
20.56011282924693	6.1176091174379215	0.0	0.0	
20.526673550499464	6.982070005775554	0.0	0.0	
20.623935904459213	7.661249541495475	0.0	0.0	
21.07047602781964	8.986370963940477	0.0	0.0	
20.957253605665105	9.625292422390942	0.0	0.0	
21.080703706413466	10.702232818674487	0.0	0.0	
21.258944881806524	12.31306312163254	0.0	0.0	
21.426425801014705	13.09290721606851	0.0	0.0	
21.179617510887827	14.315253761090288	0.0	0.0	
21.203663164532465	15.090294494724686	0.0	0.0	
21.243198293241065	16.196651687761346	0.0	0.0	
20.765362137216915	16.756219764607508	0.0	0.0	
20.95433647124007	17.952508311320564	0.0	0.0	
21.029236727694354	19.330293974514777	0.0	0.0	
21.35548148121414	19.64310423384742	0.0	0.0	
21.234190882059004	20.70743067036083	0.0	0.0	
21.41290463374746	22.46061964103548	0.0	0.0	
20.92500604515779	22.9860963989589	0.0	0.0	
20.598088086419587	23.62744828947935	0.0	0.0	
21.319307669798487	24.617607515490985	0.0	0.0	
21.439031059600104	25.634811410705705	0.0	0.0	
20.592451289827338	27.39539334659555	0.0	0.0	
20.76763127995216	28.145587520941348	0.0	0.0	
20.512631372282925	28.743313106628534	0.0	0.0	
20.508115811441634	29.90570858596161	0.0	0.0	
21.0365042838668	30.849834659292014	0.0	0.0	
21.530037419706556	0.3671629710485881	0.0	0.0	
21.586012608048364	0.7690831040928966	0.0	0.0	
22.479896008327476	2.2310279043433776	0.0	0.0	
22.264732445025867	3.03291358469589	0.0	0.0	
22.182223582553917	3.657665659366578	0.0	0.0	
22.405989606182697	4.636514842049923	0.0	0.0	
21.615675738646022	5.714759660346878	0.0	0.0	
22.342629619877627	6.570126108895939	0.0	0.0	
22.201649275067332	8.129924876105488	0.0	0.0	
22.108718860191285	9.160711050789057	0.0	0.0	
21.767807533350247	9.858427754523294	0.0	0.0	
21.912478304439603	11.266129369711864	0.0	0.0	
21.918059788276366	11.51952192048968	0.0	0.0	
22.140339167974584	13.199872138555117	0.0	0.0	
21.528513742067652	13.939217205200393	0.0	0.0	
21.818669688805922	14.655792399063492	0.0	0.0	
22.117353437312406	16.07939926658029	0.0	0.0	
22.429163227385594	17.3433942211916	0.0	0.0	
21.696809967172403	17.645075752075147	0.0	0.0	
22.41742961423572	19.465635724996766	0.0	0.0	
21.903256194941868	19.624642404444376	0.0	0.0	
21.964481576724427	21.13827898148218	0.0	0.0	
22.446078143755887	21.517099083894152	0.0	0.0	
21.766356619924697	23.486645255326007	0.0	0.0	
21.583014489591033	24.394687365456466	0.0	0.0	
22.01429301494611	25.24649605513508	0.0	0.0	
22.315925825836803	26.4538090672393	0.0	0.0	
22.367402084391752	27.032103865287645	0.0	0.0	
21.741762938396633	27.70877980502807	0.0	0.0	
22.08491331465805	29.342820437508543	0.0	0.0	
22.447060707991017	29.531250220897878	0.0	0.0	
21.965347630231573	30.830691585562576	0.0	0.0	
22.716290066085165	0.1837556127331248	0.0	0.0	
23.021015851571683	0.6054954269862957	0.0	0.0	
23.437049818689207	1.9797034169126992	0.0	0.0	
22.82960698709043	2.6036504729659145	0.0	0.0	
22.565861266947937	3.7161705979210566	0.0	0.0	
23.42419609658327	5.263681392939517	0.0	0.0	
22.880177717209136	6.175089833682339	0.0	0.0	
22.61164906899028	6.911252461563056	0.0	0.0	
22.902752989291876	8.110452757595516	0.0	0.0	
23.22308064707404	9.243587643304004	0.0	0.0	
22.950299203984905	9.533052368514166	0.0	0.0	
22.59402818094513	11.456521146219778	0.0	0.0	
23.300871353799298	12.311756596825576	0.0	0.0	
23.470079548650983	13.01813639466668	0.0	0.0	
22.74513355908102	14.076753805211338	0.0	0.0	
23.347118298049864	15.351152500712773	0.0	0.0	
22.665010584110266	16.14123841779948	0.0	0.0	
23.061058140849262	17.100747605848465	0.0	0.0	
22.716341667060984	18.047347858609978	0.0	0.0	
22.780538264618077	19.290829673939	0.0	0.0	
23.262245046507452	20.089092330133354	0.0	0.0	
23.239475238141647	21.35118600053292	0.0	0.0	
22.95244379790952	21.964548308783872	0.0	0.0	
22.543546587158847	22.683011759890217	0.0	0.0	
22.623743924258136	24.428605320807055	0.0	0.0	
23.211763054239572	24.917158308288602	0.0	0.0	
23.32968659028157	26.199230759286515	0.0	0.0	
22.914001162143727	26.703736773765215	0.0	0.0	
22.880895583587748	27.588538865075243	0.0	0.0	
22.883277656331927	29.10812012681139	0.0	0.0	
23.299650874042577	29.78633417094251	0.0	0.0	
22.84919640934511	31.332983928640132	0.0	0.0	
23.618443396535536	0.11553257745784573	0.0	0.0	
24.269935804507824	1.1789424583722874	0.0	0.0	
24.23994899144072	1.8260198018019083	0.0	0.0	
24.48534893591545	2.517189529900225	0.0	0.0	
24.025856718119865	3.9751983507604973	0.0	0.0	
24.491213997185124	5.353903048864497	0.0	0.0	
23.962235032030772	6.419021232786739	0.0	0.0	
24.189879138386523	7.288517382640668	0.0	0.0	
23.989823381662056	8.403208239094345	0.0	0.0	
24.130337323388826	8.807295634100342	0.0	0.0	
23.880151598965305	9.839874132253135	0.0	0.0	
23.80974115548811	10.983205647041748	0.0	0.0	
24.296056869157237	12.132501209113842	0.0	0.0	
24.481703031985834	12.973758624798233	0.0	0.0	
24.40398739774526	14.14492778705271	0.0	0.0	
23.5206732819949	15.215453772567301	0.0	0.0	
24.141408146929912	15.594535494948051	0.0	0.0	
23.642683063378634	17.351165261347703	0.0	0.0	
24.37639766612128	18.374746082787524	0.0	0.0	
23.627084133701718	19.365733371051604	0.0	0.0	
23.511171023621774	20.284040456977415	0.0	0.0	
24.284633265901416	21.221834155423174	0.0	0.0	
23.733383652592387	22.399378081896632	0.0	0.0	
23.988869275363395	22.70155882299552	0.0	0.0	
23.755526785142905	24.08671451891643	0.0	0.0	
23.896874360391433	24.846341712553034	0.0	0.0	
23.523907258499825	25.908188007065526	0.0	0.0	
24.296139987809497	26.681619879933805	0.0	0.0	
24.17616049405163	27.72738780690682	0.0	0.0	
24.382761778831433	28.65908432936911	0.0	0.0	
24.014412543730817	29.754207396370923	0.0	0.0	
24.44289496239798	30.59677443156777	0.0	0.0	
25.20927477854401	0.3368100103988525	0.0	0.0	
25.002396005109915	1.3843370609957755	0.0	0.0	
24.716611320980604	2.414797553750715	0.0	0.0	
25.264155083481104	2.5669370848708355	0.0	0.0	
24.709234274097124	3.7125335815908547	0.0	0.0	
24.744027110564215	5.455636747199751	0.0	0.0	
25.349367964630044	5.505584439219544	0.0	0.0	
24.84878423944506	7.106753429215821	0.0	0.0	
24.946506219882103	8.359112241064514	0.0	0.0	
24.973541929659422	8.555644548425072	0.0	0.0	
25.387515608353166	10.422074541695457	0.0	0.0	
24.88379424350531	11.493523286001576	0.0	0.0	
25.286607489900735	12.234763746847303	0.0	0.0	
25.424166161869827	12.951093607826365	0.0	0.0	
24.640979376206573	14.363568213178514	0.0	0.0	
25.249925216187023	15.406967810639397	0.0	0.0	
24.784950108980166	15.685095458959935	0.0	0.0	
24.72747218510751	17.400131643858167	0.0	0.0	
25.374586316713444	18.243402973361295	0.0	0.0	
24.816434188307984	19.16039467696616	0.0	0.0	
25.00274839628653	19.572646628117035	0.0	0.0	
25.237376480840908	20.79213116507914	0.0	0.0	
24.871340932944296	21.55340424123254	0.0	0.0	
24.927302823254376	22.867362506492974	0.0	0.0	
25.322488584446827	24.014132570954985	0.0	0.0	
24.526573787793808	25.060642725322687	0.0	0.0	
24.864173809714877	26.153078227668797	0.0	0.0	
24.9293979039321	26.556872858531992	0.0	0.0	
25.317762720573057	27.750025290813433	0.0	0.0	
24.896521765513263	29.407742926620685	0.0	0.0	
24.823306271215415	29.865320014121487	0.0	0.0	
25.102599412279655	30.545288807493087	0.0	0.0	
26.394365319785173	0.4176389304748127	0.0	0.0	
25.600451920460127	0.5179416504336098	0.0	0.0	
25.55903930021326	1.7688916662861414	0.0	0.0	
26.388334828707183	3.0773194375690283	0.0	0.0	
25.65305975496418	4.2444296341021	0.0	0.0	
26.241761023010277	5.309069378346428	0.0	0.0	
26.387892213453984	6.391944178117939	0.0	0.0	
25.779978059432015	7.0855875694933275	0.0	0.0	
26.103413317458394	8.120538801138023	0.0	0.0	
25.733816124020827	9.099474389902038	0.0	0.0	
26.150955890762017	9.910211448459597	0.0	0.0	
26.22065551650851	11.298738182212432	0.0	0.0	
25.56584883553158	11.927717570268124	0.0	0.0	
25.70984895402239	13.249311400502519	0.0	0.0	
26.08491413299002	14.072986157735986	0.0	0.0	
26.27383512625879	15.288138202197437	0.0	0.0	
26.26296292387995	16.065788394701087	0.0	0.0	
25.539864831006046	17.11910330195766	0.0	0.0	
26.42747687549155	17.594207724824532	0.0	0.0	
25.675365591231657	18.61790355113788	0.0	0.0	
26.19869384687345	20.02467427596654	0.0	0.0	
26.036325455398533	21.338581491014263	0.0	0.0	
25.72442064562374	22.184023315063673	0.0	0.0	
25.656756270465678	22.791709280217113	0.0	0.0	
26.488220744604472	23.802306397403477	0.0	0.0	
26.49424055903622	25.410393033973943	0.0	0.0	
25.821947456050587	25.625065768065944	0.0	0.0	
25.863755450224385	27.4982192483033	0.0	0.0	
25.953499364560297	28.452040371182687	0.0	0.0	
26.16872603646799	28.65421603585906	0.0	0.0	
25.960375384882628	29.594302704013614	0.0	0.0	
26.193420942393537	31.423023823326	0.0	0.0	
26.588219192443518	0.45730836065270997	0.0	0.0	
27.243175714138204	0.8794332006862148	0.0	0.0	
26.756212891665356	1.987678890280745	0.0	0.0	
27.018277727326364	3.0246216642044077	0.0	0.0	
26.85903680398549	3.793192145516756	0.0	0.0	
27.202281284898095	4.579239215982879	0.0	0.0	
26.97893521337033	6.457656321282157	0.0	0.0	
27.19431820832509	7.137759110859566	0.0	0.0	
26.576856210262296	7.7531638507230065	0.0	0.0	
26.951499483052423	8.821095349334566	0.0	0.0	
26.56594924109253	9.554237608556399	0.0	0.0	
26.709221125274535	10.991415741211153	0.0	0.0	
27.39378083285384	12.132430820062563	0.0	0.0	
27.277072678855767	13.37506252713772	0.0	0.0	
26.998475889892934	13.888747458987664	0.0	0.0	
27.249158922655155	15.435717098398325	0.0	0.0	
26.532292782074887	16.12868458824635	0.0	0.0	
27.02685368393904	16.94666624622176	0.0	0.0	
26.51420771808932	18.41148249180584	0.0	0.0	
26.61425762213709	19.159004256137944	0.0	0.0	
26.828828330699164	20.183371526462707	0.0	0.0	
26.8239521847243	21.487844494634192	0.0	0.0	
27.061037695230787	21.956835104114095	0.0	0.0	
27.35992023631549	22.948511223757357	0.0	0.0	
26.744926982294405	23.697278555107403	0.0	0.0	
27.285352567445937	24.590825217363033	0.0	0.0	
27.42359825631778	25.93418931793272	0.0	0.0	
27.243379635839048	26.728724765380825	0.0	0.0	
26.808903714588325	27.919449892477534	0.0	0.0	
27.02002046017647	28.729359549913045	0.0	0.0	
27.302379825349064	29.794039465074615	0.0	0.0	
27.420857361548656	31.41266082491319	0.0	0.0	
28.44151949219531	0.4704539184135349	0.0	0.0	
27.83258343751103	1.09483510282773	0.0	0.0	
28.285312926506577	1.5632457984642234	0.0	0.0	
28.342893963485835	3.209448852383332	0.0	0.0	
27.715736502352982	3.64435446896022	0.0	0.0	
27.811481039102393	5.307481049016642	0.0	0.0	
27.813101761095368	6.17350340103807	0.0	0.0	
28.48367912758255	7.21147508794127	0.0	0.0	
27.964459548475833	7.8297378371121145	0.0	0.0	
28.147495370325675	9.136351854695286	0.0	0.0	
27.90021619066206	10.285633757828508	0.0	0.0	
28.230874691303054	10.915275241037657	0.0	0.0	
27.917172327570267	12.483221570463641	0.0	0.0	
28.486166655509887	12.860730559272161	0.0	0.0	
28.19803778487449	13.83128295086179	0.0	0.0	
28.265792366957832	15.403348460573667	0.0	0.0	
27.864400227148288	15.578211666060486	0.0	0.0	
28.32181505090193	16.99180128208608	0.0	0.0	
27.829902083190404	18.24024569679646	0.0	0.0	
28.483631217801943	18.70658715853601	0.0	0.0	
28.279027059187758	20.267579829335318	0.0	0.0	
27.94816999128851	21.150404394015204	0.0	0.0	
28.412493667206	21.955728591265128	0.0	0.0	
27.871427745639377	22.642548352067646	0.0	0.0	
27.71093436501137	23.68013314407032	0.0	0.0	
27.730082481510745	24.529087854373632	0.0	0.0	
28.2747076242043	26.2458301812278	0.0	0.0	
27.55992628268879	27.04002311600137	0.0	0.0	
27.730967263005738	28.439028347209785	0.0	0.0	
27.93921278849968	28.75409525485002	0.0	0.0	
27.863221439444253	29.934600075693364	0.0	0.0	
27.72764355280279	31.087008884126547	0.0	0.0	
28.506246399032314	0.3357858156829482	0.0	0.0	
28.994442286540973	0.8962021913215138	0.0	0.0	
29.145172843962463	2.0089864801651105	0.0	0.0	
28.54268970625725	2.901602930347688	0.0	0.0	
29.474916284995537	3.91248998115878	0.0	0.0	
29.4240331114116	5.496601238808743	0.0	0.0	
28.86515700367136	5.811176572439095	0.0	0.0	
28.765558262494352	7.123864798044217	0.0	0.0	
29.216172905661857	7.577376079362622	0.0	0.0	
28.67681676389162	9.459410752061434	0.0	0.0	
29.209662471128034	9.712430108963298	0.0	0.0	
28.607063005367465	10.792638783754537	0.0	0.0	
28.880889264580563	12.413035008463567	0.0	0.0	
28.56524430109596	13.080050471328194	0.0	0.0	
29.26281399199219	14.216708385529527	0.0	0.0	
28.652754836203535	14.674613803240423	0.0	0.0	
29.245184488811432	15.532970548006904	0.0	0.0	
29.035376658868877	17.220972771277378	0.0	0.0	
29.078070415948087	17.549049404697744	0.0	0.0	
28.774868160469875	18.702855804605043	0.0	0.0	
28.629819743985387	19.806949329091466	0.0	0.0	
28.982220196135188	20.511624289506443	0.0	0.0	
28.60771990987348	21.95222676663061	0.0	0.0	
29.44644834327794	23.344437018740376	0.0	0.0	
28.63803815721711	23.66229478076415	0.0	0.0	
29.29285572274754	24.663146665724803	0.0	0.0	
29.212506062918347	26.171857357675705	0.0	0.0	
29.07871522423889	27.14954191952054	0.0	0.0	
29.250816731753808	28.11236986487168	0.0	0.0	
28.96183652814695	29.17040516294779	0.0	0.0	
28.887035019136775	29.946662671612067	0.0	0.0	
29.43918921422965	31.0035198386681	0.0	0.0	
30.05418926333842	0.39158246116509265	0.0	0.0	
30.008771361794018	0.6594193515876647	0.0	0.0	
29.833323079820794	1.8288021078630727	0.0	0.0	
30.0787248601059	3.3202501211645745	0.0	0.0	
30.371509735403347	3.7486470753016574	0.0	0.0	
29.537302562351055	5.121982481004931	0.0	0.0	
30.18482075467587	6.139576187787127	0.0	0.0	
29.867129613538673	6.939104907543772	0.0	0.0	
29.56391786810457	8.229106002599165	0.0	0.0	
29.995171327750906	8.65947018399731	0.0	0.0	
30.3093921491607	9.78993563903294	0.0	0.0	
30.477008412576087	11.24922568645037	0.0	0.0	
29.744114634797874	11.668474808665	0.0	0.0	
30.300924094368128	13.165469229814455	0.0	0.0	
30.016693723852388	14.477052280374446	0.0	0.0	
29.51211695624268	14.529317716845616	0.0	0.0	
30.315226391677548	15.54701811692154	0.0	0.0	
30.454226780485772	16.992086438280865	0.0	0.0	
29.861420056080107	18.40238602445389	0.0	0.0	
30.318875446748336	19.465343675203016	0.0	0.0	
29.98030500718088	20.419898391504958	0.0	0.0	
29.71864390621389	20.74452344163793	0.0	0.0	
29.846690283270966	21.904500763805295	0.0	0.0	
29.696066214978586	22.743494522558315	0.0	0.0	
30.107539806230523	23.891131662365943	0.0	0.0	
29.59883868547987	24.582509886597848	0.0	0.0	
30.007228268433092	25.946533966333273	0.0	0.0	
30.131659743193133	27.307228902670136	0.0	0.0	
30.08734737029379	27.952459190088888	0.0	0.0	
29.67829426939754	29.226989623112303	0.0	0.0	
30.19204724101965	29.861252182201216	0.0	0.0	
29.526662541061246	30.65344246386129	0.0	0.0	
31.454431546826015	0.1267102045123295	0.0	0.0	
31.34291528906333	1.274628226986221	0.0	0.0	
31.330740046808675	2.31882935453866	0.0	0.0	
31.279948574892543	2.5703928397784326	0.0	0.0	
30.667360310012526	4.445130416428897	0.0	0.0	
30.636402931613056	4.592179965684112	0.0	0.0	
31.090032913360144	5.74174989359197	0.0	0.0	
30.59306201493154	6.9174386793574385	0.0	0.0	
30.712933936933762	8.317154805334678	0.0	0.0	
30.507648771441648	8.580555566720173	0.0	0.0	
30.8158223017699	9.923575072964727	0.0	0.0	
30.674077283411545	10.891345574458622	0.0	0.0	
30.68394952351711	11.513769414967822	0.0	0.0	
30.70315912317189	13.384696008796423	0.0	0.0	
31.08302526374833	13.911291630199198	0.0	0.0	
30.954394914073564	14.740844115057167	0.0	0.0	
31.23912081120959	15.91632683746275	0.0	0.0	
30.677290957123184	16.929207717615895	0.0	0.0	
30.840904413943957	18.241129419507057	0.0	0.0	
30.56177761615981	19.496120806424422	0.0	0.0	
31.4310196346616	19.7190959465244	0.0	0.0	
30.967379108007854	21.147710641248135	0.0	0.0	
30.866655327358128	22.14995380207188	0.0	0.0	
30.745374151957794	22.689515719594564	0.0	0.0	
30.66666185975327	24.05252961327132	0.0	0.0	
30.933950503368795	25.048449696049634	0.0	0.0	
30.82498997612568	26.11842993710157	0.0	0.0	
31.424746983008458	27.398173717068854	0.0	0.0	
31.188959363008383	27.526325243806124	0.0	0.0	
31.21156994892887	28.951594506975148	0.0	0.0	
30.89234224843675	30.22550770818424	0.0	0.0	
30.61812858602127	31.20332731621714	0.0	0.0	
