2
32.0	0.0	0.0	0.0	
0.0	32.0	0.0	0.0	
0.3885570683330436	0.0720248280689596	0.0	0.0	
0.1533255027950584	1.4182126412917428	0.0	0.0	
0.3779576031624948	1.6457183828096218	0.0	0.0	
0.14029596083720863	3.213381556174138	0.0	0.0	
0.16560418338611993	3.8654023322970765	0.0	0.0	
0.07878819927050407	4.9510650634972375	0.0	0.0	
0.4965197959518701	5.773865303002826	0.0	0.0	
0.27274302295339614	6.558639038133897	0.0	0.0	
0.13652365917099618	7.8160896973598675	0.0	0.0	
0.42894105540515026	8.885903335129818	0.0	0.0	
0.24180234342479734	9.538975940221885	0.0	0.0	
0.42454619629766843	11.349258094535674	0.0	0.0	
0.32593054658426024	11.781245625228404	0.0	0.0	
0.2734333144533685	12.846945577063227	0.0	0.0	
0.021954636304026165	14.347944376119417	0.0	0.0	
0.09350903147935863	14.973755610065885	0.0	0.0	
0.15967056050101625	16.218728490815366	0.0	0.0	
0.22786954719034536	17.088066919098516	0.0	0.0	
0.1692278924599795	17.584839783359246	0.0	0.0	
0.23462797189826512	18.78727225220601	0.0	0.0	
0.4314856611706168	20.04072658266381	0.0	0.0	
0.2172399252650824	20.553582514252206	0.0	0.0	
0.47341196125401996	22.45311121590794	0.0	0.0	
8.556530448922128e-05	22.599492790712976	0.0	0.0	
0.16547947871872937	24.349376833105023	0.0	0.0	
0.11017895720713311	25.38963420608711	0.0	0.0	
0.13965594076474863	25.677854534915575	0.0	0.0	
0.17155153370724885	26.970154439190217	0.0	0.0	
0.07083795621976952	28.363396501161073	0.0	0.0	
0.31959399302068325	29.211384300578146	0.0	0.0	
0.38680367882902966	30.20836965962372	0.0	0.0	
0.15072571555394398	30.83054722879908	0.0	0.0	
1.3745145682794337	0.4485384705667791	0.0	0.0	
1.3846694966761763	1.4337294502156204	0.0	0.0	
0.8348975075223928	2.0714701582005697	0.0	0.0	
1.4356800261333813	3.374947841003332	0.0	0.0	
1.235263832460756	4.136134899672516	0.0	0.0	
1.0670349229059846	4.527940891410891	0.0	0.0	
1.4447836412399633	5.943569347126172	0.0	0.0	
1.465034231203643	7.109112275275479	0.0	0.0	
1.3833757748457507	8.15956950802368	0.0	0.0	
0.9065314055773659	9.035679397858924	0.0	0.0	
1.1365483283465159	9.853173996476478	0.0	0.0	
1.186101613368412	10.674765176788142	0.0	0.0	
0.5543012653101086	11.66522349545539	0.0	0.0	
1.1476020055225342	12.577596644420884	0.0	0.0	
1.4812143882553856	13.976553329856994	0.0	0.0	
0.616982861187544	15.297954868095946	0.0	0.0	
1.0072656034877525	16.365441852921563	0.0	0.0	
0.8106614916485052	16.75498934316775	0.0	0.0	
0.9074560841080225	18.020471447262015	0.0	0.0	
0.7871072824715329	18.57016720863124	0.0	0.0	
1.4026647257161644	20.249653275066166	0.0	0.0	
1.2608361508481645	20.78042703592491	0.0	0.0	
1.3699360913523724	21.8470585943425	0.0	0.0	
0.9667262630652255	22.811422470890058	0.0	0.0	
1.0351810661450844	24.076759214598813	0.0	0.0	
0.5496804410633259	25.282652027974144	0.0	0.0	
0.7632251539623445	25.558084322673896	0.0	0.0	
1.0449104169207741	27.08018381140977	0.0	0.0	
0.9874999877160915	27.624757994597484	0.0	0.0	
0.6662340171703272	28.83308413808082	0.0	0.0	
1.24292747982823	29.848961495396445	0.0	0.0	
1.0787129254144676	31.187999762713144	0.0	0.0	
1.509764326344702	0.11123849756049731	0.0	0.0	
2.0148401814641375	1.1192175016167523	0.0	0.0	
1.997220521810088	2.3244798197244987	0.0	0.0	
2.3030055726512133	2.6921430241980326	0.0	0.0	
2.344670103387097	3.9036572435723054	0.0	0.0	
2.292528439384606	4.835673344621247	0.0	0.0	
2.2491803929094205	6.342858944710046	0.0	0.0	
1.9592320947358284	6.880838717951498	0.0	0.0	
2.44851857963273	8.44973217284375	0.0	0.0	
1.584296324199228	8.81764336274399	0.0	0.0	
1.88651585609768	9.884534420371489	0.0	0.0	
1.6165481639171686	11.082991420968563	0.0	0.0	
2.0993368361654685	11.86466456476898	0.0	0.0	
1.8085091190204732	12.945629436824888	0.0	0.0	
1.865071552028957	14.020663365966643	0.0	0.0	
2.411794455097164	15.034946416732431	0.0	0.0	
1.750890360790296	16.082659497160193	0.0	0.0	
2.083671082369467	16.698896892559496	0.0	0.0	
1.6467571043757843	18.432130825006357	0.0	0.0	
2.3873616189664753	19.488813996133047	0.0	0.0	
2.1001722407064647	19.89492540583878	0.0	0.0	
1.5670010779440506	20.9542895991187	0.0	0.0	
1.9101184238891444	21.548718815296777	0.0	0.0	
1.5798293643716064	23.000092502837997	0.0	0.0	
2.019814957351424	23.76913822914959	0.0	0.0	
1.8842464182397118	24.939903968134246	0.0	0.0	
1.8772568644946543	26.49089635975341	0.0	0.0	
1.5264250985204817	27.055078640759003	0.0	0.0	
2.2758139318585835	27.88896293608289	0.0	0.0	
2.0749452343479327	29.292082158124572	0.0	0.0	
1.9323075816064732	30.30454508310512	0.0	0.0	
2.3072002072359528	30.515518927164837	0.0	0.0	
3.1323179485813872	0.1052833865372318	0.0	0.0	
3.47991915417364	1.164071344557792	0.0	0.0	
3.2372179183198098	1.8962611363641244	0.0	0.0	
2.9664776543721847	3.1326757595453665	0.0	0.0	
2.8020685038665247	4.44499737327028	0.0	0.0	
3.003129891605707	4.96134229445761	0.0	0.0	
3.3379050930665364	6.02737164002378	0.0	0.0	
2.8776041643543033	7.468836710207016	0.0	0.0	
3.232154595854451	8.005684530118119	0.0	0.0	
3.2821926877684247	8.709302571505335	0.0	0.0	
3.0875261051655802	10.174692800969815	0.0	0.0	
3.3814693179908994	11.066771733223517	0.0	0.0	
3.036729489278306	11.706068183948453	0.0	0.0	
2.6487494968459657	13.137116088121141	0.0	0.0	
2.9806032883644775	13.56621973501843	0.0	0.0	
3.294255563675893	14.902013595422549	0.0	0.0	
2.9434992207232398	16.437804294567805	0.0	0.0	
2.881620343345454	17.33301539609017	0.0	0.0	
2.980920934143093	18.20101276258583	0.0	0.0	
2.67732794250693	18.537346547115913	0.0	0.0	
2.6935769385475927	19.76167639342895	0.0	0.0	
2.6056355098383754	21.02373147626458	0.0	0.0	
2.5472060782696007	21.62234758781155	0.0	0.0	
3.2094179503336298	22.750480285729378	0.0	0.0	
2.7258700627212473	24.43519367060012	0.0	0.0	
2.6979564669166973	24.9453092974768	0.0	0.0	
3.4630914090849596	26.33481727715555	0.0	0.0	
3.1944594484362705	26.861694040813834	0.0	0.0	
3.2286984155820857	28.100605327137313	0.0	0.0	
2.7501045698627826	28.733297299175245	0.0	0.0	
3.3204415780505716	29.920129457308636	0.0	0.0	
3.0964566249604357	31.21308953230414	0.0	0.0	
4.009606240441663	0.1951323441127214	0.0	0.0	
4.444259130404123	0.5266849313611375	0.0	0.0	
3.8152841456222713	1.8111183375176627	0.0	0.0	
3.948517186092573	2.6839002500189344	0.0	0.0	
4.07739134616837	3.7709918296124227	0.0	0.0	
3.6981285933337884	5.440923700785592	0.0	0.0	
3.6622750752787954	5.908265772905332	0.0	0.0	
3.9756270062914845	7.285498086113255	0.0	0.0	
4.276323285959681	7.978615280005621	0.0	0.0	
4.357682849966948	9.148532973724034	0.0	0.0	
4.015957822610176	10.210445617956372	0.0	0.0	
3.8599182032845794	11.064495331983654	0.0	0.0	
4.331157144546221	11.640446200165329	0.0	0.0	
4.239090852423879	12.668066252944493	0.0	0.0	
3.7596555944429983	14.33628421819147	0.0	0.0	
3.765400524923815	14.604111792328945	0.0	0.0	
3.848260209394156	15.695340099537303	0.0	0.0	
4.40173016494062	17.166615587730444	0.0	0.0	
4.3530473831652	17.83938127839384	0.0	0.0	
4.405734083111221	19.115192213448967	0.0	0.0	
4.309734178661868	19.901727639857693	0.0	0.0	
4.113778450708312	20.91229518808061	0.0	0.0	
3.5685639083127465	21.755173949580914	0.0	0.0	
3.5317374472425227	23.306088967838274	0.0	0.0	
3.8210537117908903	23.750229707449435	0.0	0.0	
3.8915533784429885	24.778285686879656	0.0	0.0	
4.079129021943661	25.70139024101547	0.0	0.0	
4.098135842282002	26.756572273342577	0.0	0.0	
3.675835433783526	27.822082294553105	0.0	0.0	
3.597453644225983	29.323897183329922	0.0	0.0	
3.65054947089707	30.389484271987197	0.0	0.0	
4.197448182041823	31.1703152775364	0.0	0.0	
4.5762290002799	0.12243553878028257	0.0	0.0	
4.593557779077501	0.6285153693411402	0.0	0.0	
5.190493107187866	2.030620595190688	0.0	0.0	
4.769235398286798	2.6801374689765325	0.0	0.0	
4.911991287864365	4.049695789046406	0.0	0.0	
5.420669199647449	4.891369273051133	0.0	0.0	
4.520462015105932	6.189510788567274	0.0	0.0	
4.914917828499784	6.756331901555986	0.0	0.0	
4.8484866169135135	7.930090844114397	0.0	0.0	
5.334838768103934	9.375561424674247	0.0	0.0	
4.741563188648853	9.939913270763626	0.0	0.0	
5.2654712082879085	10.867415033100645	0.0	0.0	
5.423594546837322	11.976934878315928	0.0	0.0	
4.678549558078753	13.246716509306859	0.0	0.0	
5.431230169105382	13.782862858663833	0.0	0.0	
5.165507531274046	14.648612026109726	0.0	0.0	
4.669300493898409	15.981196511185455	0.0	0.0	
5.127044725496286	16.734620175360455	0.0	0.0	
4.8743038002606545	18.005948155820345	0.0	0.0	
5.378408773398027	19.425983597627962	0.0	0.0	
5.34142529666604	20.48411721112349	0.0	0.0	
5.274038364169954	20.602581757716468	0.0	0.0	
5.418183540253219	21.591704386903686	0.0	0.0	
4.842628293992711	22.585188954164895	0.0	0.0	
4.959180954476113	24.35414180389166	0.0	0.0	
5.4355256649497665	25.429545579736242	0.0	0.0	
5.3348840437238625	25.998640836239414	0.0	0.0	
5.184721689485245	26.92066027936776	0.0	0.0	
4.615184075016456	27.765493990969084	0.0	0.0	
5.363856325237709	29.255909047103117	0.0	0.0	
5.461479151078349	30.130330271201316	0.0	0.0	
5.4936086646343005	30.57335573702879	0.0	0.0	
5.693647211687506	0.1021128955642433	0.0	0.0	
5.618860082837881	1.4081970359155875	0.0	0.0	
5.77325743505238	2.1175071940316474	0.0	0.0	
6.220678895034292	2.632791832719034	0.0	0.0	
6.398750902301445	3.8008039735007144	0.0	0.0	
5.559696392578454	5.2935668298288725	0.0	0.0	
5.857234507528401	6.3137332473705285	0.0	0.0	
5.918077244229608	7.291384435948913	0.0	0.0	
5.7857073749884	7.95118433353428	0.0	0.0	
5.881591356693201	8.595882271750607	0.0	0.0	
6.1815727732467645	10.004272691738308	0.0	0.0	
5.720742985720337	10.603045029081187	0.0	0.0	
6.048205306444565	11.679904024630439	0.0	0.0	
6.432036594138625	12.89099825800768	0.0	0.0	
6.449486308114412	13.983721471622367	0.0	0.0	
5.6977584621264254	14.978328764939596	0.0	0.0	
5.601656448313271	16.36382392040021	0.0	0.0	
5.610302956096408	16.56488488658701	0.0	0.0	
5.606148460529241	17.98225489269994	0.0	0.0	
6.18660755311889	18.67881908181076	0.0	0.0	
5.638662094255892	19.943640064774236	0.0	0.0	
5.508930036354189	20.795598839104123	0.0	0.0	
5.596134639746692	21.804207083470324	0.0	0.0	
6.1207443939961514	22.642166780123354	0.0	0.0	
6.298062032065214	23.878286478856964	0.0	0.0	
5.809467845412771	24.50775665447711	0.0	0.0	
5.690423055360793	25.970771660340052	0.0	0.0	
5.975974695059253	26.54673193687763	0.0	0.0	
6.304512498046156	28.101823210298576	0.0	0.0	
6.44069900925119	29.217286336537345	0.0	0.0	
5.808216663857753	29.932515318073442	0.0	0.0	
5.526668699932492	31.20221817486206	0.0	0.0	
6.618235351414155	0.0711675796802691	0.0	0.0	
6.656171840021502	0.8492042317225191	0.0	0.0	
6.5658592786613035	1.7336866659627155	0.0	0.0	
7.215753184479029	2.8218275061784066	0.0	0.0	
6.504777498315731	3.939247588701475	0.0	0.0	
7.009638870875219	4.763453364838281	0.0	0.0	
7.13616886345254	6.147940757958296	0.0	0.0	
7.225267912077846	7.022223548581459	0.0	0.0	
6.762504039500041	8.231078779077755	0.0	0.0	
6.97166128522443	8.816546442510461	0.0	0.0	
6.527121899693605	10.408571852407936	0.0	0.0	
7.112126403672361	10.693334933892384	0.0	0.0	
6.543166806492692	12.08397088971766	0.0	0.0	
7.408772919213607	12.58854369188945	0.0	0.0	
6.799501794285528	14.367667573032431	0.0	0.0	
7.330911186231249	15.307441590843897	0.0	0.0	
6.886586358923553	16.119733612208975	0.0	0.0	
6.919071664457822	16.766940393394723	0.0	0.0	
6.850514274430182	17.584152514602298	0.0	0.0	
6.610175425603704	18.558071351137453	0.0	0.0	
6.901599817233075	19.96561201980805	0.0	0.0	
7.089766237869533	21.23557602573837	0.0	0.0	
7.3116240505075565	22.446551803775773	0.0	0.0	
7.088697702823889	23.26960535484705	0.0	0.0	
6.609828646505595	23.77616028386011	0.0	0.0	
6.801223462461015	25.089177339200507	0.0	0.0	
7.252795495864155	26.28673839245916	0.0	0.0	
7.40462815307566	26.757368420435764	0.0	0.0	
6.657450496706627	27.547915766786424	0.0	0.0	
7.381657535650347	28.90796013077724	0.0	0.0	
7.399781647901956	30.178783914035158	0.0	0.0	
7.1742736554831374	31.408410824598295	0.0	0.0	
7.642542033810413	0.1865291034222678	0.0	0.0	
8.488094254653843	0.8706131168901371	0.0	0.0	
8.2863122972033	2.443463120534043	0.0	0.0	
7.920422888174952	2.758069511524578	0.0	0.0	
8.094185839533512	4.211445864168504	0.0	0.0	
8.092830130757184	4.853646093776374	0.0	0.0	
7.572755361297413	5.723947664917633	0.0	0.0	
7.935026816354972	7.4636430270313525	0.0	0.0	
7.881055340291024	7.601757598405388	0.0	0.0	
8.460616263540457	8.612820456152676	0.0	0.0	
8.402500249545096	10.276354789366572	0.0	0.0	
7.810228858958745	11.038540340364637	0.0	0.0	
8.385525892332959	11.95546117668603	0.0	0.0	
7.903632791040166	13.219465236197474	0.0	0.0	
7.638005211992606	13.653454747041591	0.0	0.0	
7.96329503616518	15.309499262953402	0.0	0.0	
7.592410243327088	15.751702306592822	0.0	0.0	
7.50082829183309	17.47122631992411	0.0	0.0	
7.967589664625466	17.516993653681972	0.0	0.0	
8.13283973934248	18.591539972546006	0.0	0.0	
8.250855068037653	20.391895514725206	0.0	0.0	
8.113714774205034	20.894412304641065	0.0	0.0	
8.249619282949356	21.553106946990656	0.0	0.0	
7.809774293669235	23.141086221190466	0.0	0.0	
7.899546758640965	23.50668877470673	0.0	0.0	
8.417317057736252	25.356717869636974	0.0	0.0	
7.629974384596312	25.974438617069968	0.0	0.0	
8.255283210389328	27.49288303587454	0.0	0.0	
8.490260375525626	27.969520300183927	0.0	0.0	
8.047264697938955	28.737961686768088	0.0	0.0	
7.902419738710351	29.73126312276698	0.0	0.0	
8.253450084242644	30.769937679036204	0.0	0.0	
9.255915694745203	0.3669194613345319	0.0	0.0	
8.52279158846966	0.659308539301039	0.0	0.0	
8.905286567162143	1.6871386575867964	0.0	0.0	
8.88848212142412	2.7730668238242515	0.0	0.0	
8.996381401033952	3.9227676892464154	0.0	0.0	
9.012880386304207	4.650396439593088	0.0	0.0	
9.073611742667035	5.600024500221908	0.0	0.0	
8.832979380624005	6.765774222593967	0.0	0.0	
8.563641291101327	8.010819546807207	0.0	0.0	
8.753930850191114	9.087587005241026	0.0	0.0	
9.012285754133485	9.747471830788697	0.0	0.0	
9.260074093552054	10.77751452373621	0.0	0.0	
9.113492230302942	12.00361123616394	0.0	0.0	
9.225530522843604	12.896004826781263	0.0	0.0	
8.660333448015013	14.202626180952535	0.0	0.0	
9.08715095992396	15.048467423580803	0.0	0.0	
9.192419873433106	16.026288777693253	0.0	0.0	
8.530060983124264	17.307310892387008	0.0	0.0	
9.071590858407744	17.761234197054144	0.0	0.0	
8.635603928988212	18.51122826493572	0.0	0.0	
8.762282838094752	20.407942903209772	0.0	0.0	
8.794919515116728	20.94179328040762	0.0	0.0	
8.576819772168095	21.697705647255415	0.0	0.0	
8.820436505744128	22.672153828372856	0.0	0.0	
9.32446424025348	24.344108236277837	0.0	0.0	
8.955367404512625	24.596071957439882	0.0	0.0	
9.019303334548738	25.693860009563778	0.0	0.0	
8.76374044191734	26.86846583894545	0.0	0.0	
8.816375657057486	27.83509638886789	0.0	0.0	
9.254440524333255	28.541492865354684	0.0	0.0	
9.3334928349473	29.67208293422162	0.0	0.0	
8.927919213693169	30.943818862043805	0.0	0.0	
9.616076656382061	0.3427192799942631	0.0	0.0	
9.517428290277046	0.7237954489100555	0.0	0.0	
10.349614970693178	1.59120598435987	0.0	0.0	
10.004154918828593	3.325299803764138	0.0	0.0	
10.313561238763725	4.487932929828562	0.0	0.0	
9.911823341840071	4.910159552275776	0.0	0.0	
10.341700320759934	5.646783473794471	0.0	0.0	
9.738702555777232	7.353056879140944	0.0	0.0	
10.487107135859917	8.248153868256821	0.0	0.0	
10.266202682731032	8.58881619876387	0.0	0.0	
9.83687102484328	10.461618584209617	0.0	0.0	
9.518340496286699	11.238344297242147	0.0	0.0	
10.051822911730762	11.643209198375182	0.0	0.0	
9.543868625159723	12.614638317183832	0.0	0.0	
9.969417366090799	13.965981310181961	0.0	0.0	
9.626475810442967	15.253658467468838	0.0	0.0	
10.311845557534294	15.800759354425207	0.0	0.0	
9.63262165015613	16.55528393759017	0.0	0.0	
9.954666570307213	17.890317738429264	0.0	0.0	
10.019544195245041	19.328177357549308	0.0	0.0	
9.556027233575993	20.36284967580063	0.0	0.0	
9.618741304847212	21.22124037987996	0.0	0.0	
9.604491755422304	21.98796133697076	0.0	0.0	
9.743272194865998	22.590214766449233	0.0	0.0	
9.884961452650344	24.403047388237017	0.0	0.0	
9.98376811834217	25.148764767101387	0.0	0.0	
10.459232563952414	25.88474981387224	0.0	0.0	
10.134955425664847	26.500205570861873	0.0	0.0	
9.582437883503005	27.535071383969697	0.0	0.0	
10.462769128420724	28.864603776191323	0.0	0.0	
9.871975699592088	29.93694563861635	0.0	0.0	
10.296159216858785	30.823335281463653	0.0	0.0	
11.242723357377777	0.3484932927253799	0.0	0.0	
10.522969700299951	0.7338665007686462	0.0	0.0	
11.359919982114953	2.2715064374877554	0.0	0.0	
10.739611767284236	3.152917739872913	0.0	0.0	
10.50769486533013	3.545034511670322	0.0	0.0	
10.502144699639084	5.122676508252144	0.0	0.0	
11.051581243796225	6.139412088785322	0.0	0.0	
11.047543286233944	7.278279151920815	0.0	0.0	
11.491432714885843	8.206795841863439	0.0	0.0	
10.524419717096341	8.758162531713749	0.0	0.0	
11.36191766529567	10.423624204383163	0.0	0.0	
10.571733553203062	10.949841351867553	0.0	0.0	
11.04285410227439	11.514569037328924	0.0	0.0	
10.985781868593369	13.089737928155524	0.0	0.0	
11.003742113170713	14.005592936585492	0.0	0.0	
11.067003841240995	14.810631953985766	0.0	0.0	
11.08787341673711	16.15815157050655	0.0	0.0	
11.35205753331012	17.062834036468946	0.0	0.0	
11.317367548173324	17.646138047808247	0.0	0.0	
10.769865143785964	19.240505088712244	0.0	0.0	
11.32180935413671	20.264364577870104	0.0	0.0	
11.473174203106707	21.48242289175428	0.0	0.0	
11.370486068128823	21.794275973812624	0.0	0.0	
11.205581776058622	22.87089904785971	0.0	0.0	
10.794656415501333	24.389295922592044	0.0	0.0	
11.397312240557941	24.742343059605027	0.0	0.0	
11.356027843774834	25.532675308940018	0.0	0.0	
10.900478539540067	26.7439681638272	0.0	0.0	
11.22851539044522	27.619372771114904	0.0	0.0	
11.000548616356301	28.848905829213088	0.0	0.0	
10.51170322360327	29.598513990794828	0.0	0.0	
11.304999196383672	30.648975904400174	0.0	0.0	
12.272294768949468	0.34218542026547183	0.0	0.0	
11.728853582636837	1.33623884575648	0.0	0.0	
12.251347229388404	2.1808577920568792	0.0	0.0	
12.33972811211235	2.51933209229885	0.0	0.0	
11.758270498558447	3.8409755636931466	0.0	0.0	
11.744832664317425	5.086322980351542	0.0	0.0	
11.517359039335036	5.989265763515301	0.0	0.0	
11.507803465553028	7.4393172209464655	0.0	0.0	
12.226369742171357	8.306303668283718	0.0	0.0	
12.071828596608547	9.108111630090074	0.0	0.0	
11.950924117571251	9.760215690352775	0.0	0.0	
11.633779221010153	11.451665729186686	0.0	0.0	
11.938437123672948	11.659235167132204	0.0	0.0	
12.427666644193542	13.007934724062675	0.0	0.0	
11.811910072319748	14.022090753099826	0.0	0.0	
11.748185396184212	15.221488494360287	0.0	0.0	
12.36260139633574	16.35374432567273	0.0	0.0	
11.991588941281947	16.850687300822635	0.0	0.0	
12.030845383917145	18.46770739042293	0.0	0.0	
12.39430954018094	18.813162525281218	0.0	0.0	
12.015296268154557	20.250733855135877	0.0	0.0	
12.237273224184774	21.103130791446755	0.0	0.0	
11.549185062538433	21.674296204503083	0.0	0.0	
12.305501291713918	23.22202474155794	0.0	0.0	
11.587748821511903	23.867043042476777	0.0	0.0	
11.717082430718445	24.51366216686102	0.0	0.0	
11.574961231813433	26.46272657665642	0.0	0.0	
11.739984718574615	27.403493882238	0.0	0.0	
11.563752019056386	28.16221548326823	0.0	0.0	
11.977135923011526	29.239840550799855	0.0	0.0	
12.436822441471785	30.159895738441783	0.0	0.0	
11.52529463373542	31.233370614930028	0.0	0.0	
12.619804469232301	0.33225174238842436	0.0	0.0	
13.323374078333787	1.493545343602562	0.0	0.0	
13.090453728919838	1.6854620724306848	0.0	0.0	
13.018811448283838	3.064224829914237	0.0	0.0	
12.699960243834308	3.91434353361157	0.0	0.0	
13.25593377875978	4.667011740693598	0.0	0.0	
13.433128489406421	6.41588134077802	0.0	0.0	
12.734364573153009	6.756105510081201	0.0	0.0	
12.53299637867616	8.369188761567052	0.0	0.0	
12.544854351449143	9.0544544719054	0.0	0.0	
12.556219172335394	9.678004929709353	0.0	0.0	
13.04291040193927	10.655782983202162	0.0	0.0	
12.971149449735114	11.5024504349492	0.0	0.0	
12.857304715655097	13.27670627476897	0.0	0.0	
13.135377533758584	14.171559083167981	0.0	0.0	
13.02017435728019	14.846627062834797	0.0	0.0	
12.54761551294867	15.634003286581029	0.0	0.0	
12.736777088767173	17.37622887118966	0.0	0.0	
12.951463950046632	17.58203347216312	0.0	0.0	
13.032911671234391	18.80315546475867	0.0	0.0	
13.098692186217809	19.9981319728243	0.0	0.0	
13.463270182243177	20.546684049004526	0.0	0.0	
13.223126579469266	21.977128728823846	0.0	0.0	
13.347935764235222	23.275688930318083	0.0	0.0	
12.929442519820533	24.281934523417767	0.0	0.0	
12.770408495747873	25.367601191346267	0.0	0.0	
13.26448122218845	25.69901085570772	0.0	0.0	
12.777956148464991	27.390551121206226	0.0	0.0	
13.426518333262138	27.990636822894558	0.0	0.0	
12.511803912373438	29.37549809574736	0.0	0.0	
12.853547908649414	29.787236854856996	0.0	0.0	
12.509455388114551	31.07317445307862	0.0	0.0	
13.765417801252505	0.04721078882994523	0.0	0.0	
13.843020534293707	1.2929069390349115	0.0	0.0	
13.63551251050473	1.5997928352034443	0.0	0.0	
13.682132626935596	2.563033857391759	0.0	0.0	
13.530110875190823	4.039731931310108	0.0	0.0	
13.669945726537193	4.68096150222098	0.0	0.0	
14.210298246408971	5.742208455622647	0.0	0.0	
14.491263357588899	7.065157117666344	0.0	0.0	
14.404454250867637	8.46633272316391	0.0	0.0	
14.259508877905098	8.690965254073351	0.0	0.0	
13.673817857803021	10.269314731109839	0.0	0.0	
14.073615689465534	10.547108314500724	0.0	0.0	
14.277964298360839	12.364639411090858	0.0	0.0	
14.477539756142628	13.064728103399666	0.0	0.0	
13.83644476073299	14.13962901098501	0.0	0.0	
13.981903572651486	14.629981276188964	0.0	0.0	
14.135827863322124	16.176765336562838	0.0	0.0	
13.972040369457055	16.60515679441957	0.0	0.0	
13.795440382017118	17.86799417573191	0.0	0.0	
14.414977167414781	18.60980132350691	0.0	0.0	
13.984724632421477	20.476427897845806	0.0	0.0	
13.847024665510874	21.3036176095355	0.0	0.0	
14.31856624274987	22.090134328025826	0.0	0.0	
13.878565515804246	23.35331354140618	0.0	0.0	
13.762824636125718	23.87115855856492	0.0	0.0	
14.033127529981016	24.912058699515054	0.0	0.0	
14.400766652550413	25.955676060822736	0.0	0.0	
13.74021765596541	27.00353454649431	0.0	0.0	
14.05850332056773	28.02709892348571	0.0	0.0	
14.017982874433613	29.458616122694764	0.0	0.0	
14.391266253178138	30.32453983083556	0.0	0.0	
14.241773701747103	30.998253393054867	0.0	0.0	
14.965118313606673	0.20234478520872512	0.0	0.0	
15.28345119400427	1.1688627336992448	0.0	0.0	
15.230126635799593	2.1923794519113726	0.0	0.0	
14.9819408422138	2.920352774222404	0.0	0.0	
15.257116959804739	3.6082759471981136	0.0	0.0	
15.122262078288067	4.88113387450594	0.0	0.0	
15.273597845035264	6.238716574932432	0.0	0.0	
15.310882656844399	7.1222031366204055	0.0	0.0	
14.561178016951867	7.521438437722228	0.0	0.0	
14.824073543480765	8.722870086480548	0.0	0.0	
14.962108607685213	9.522651331664312	0.0	0.0	
15.26030147741401	10.54697612683698	0.0	0.0	
15.08972969320809	11.76075915951339	0.0	0.0	
15.071998496375087	13.084407779713226	0.0	0.0	
15.403277892757927	13.585938536314563	0.0	0.0	
15.331748673021123	15.432475894442959	0.0	0.0	
15.06469424300538	15.840163832703787	0.0	0.0	
15.316387196174011	16.8672873889969	0.0	0.0	
15.352909701260591	17.912168133842204	0.0	0.0	
14.673783049173162	19.32125788288691	0.0	0.0	
15.30150882156887	20.10662972115581	0.0	0.0	
14.686568402534649	20.948467524959646	0.0	0.0	
14.752337730363344	21.526440648227524	0.0	0.0	
14.84372975345126	22.731321202075797	0.0	0.0	
15.09906906369013	24.338237415092674	0.0	0.0	
15.200391785129687	24.663454348313238	0.0	0.0	
14.979685379630263	25.98492789548391	0.0	0.0	
15.032144103443157	26.50130762508605	0.0	0.0	
14.932722203851421	28.00531356293196	0.0	0.0	
15.197332047224055	29.440706370040807	0.0	0.0	
14.90421404479351	30.35839864858132	0.0	0.0	
15.446937572973674	31.1131588557882	0.0	0.0	
15.501810869906777	0.3341758057224732	0.0	0.0	
15.596113859816787	1.4282658711988452	0.0	0.0	
15.632607041887386	2.2700121341014916	0.0	0.0	
15.913119286903408	3.33792051119627	0.0	0.0	
15.711170267539224	4.4605264192899545	0.0	0.0	
16.478035085758357	5.16030999699046	0.0	0.0	
15.815451698650712	5.577030503933177	0.0	0.0	
15.776081531150501	6.7579572463573525	0.0	0.0	
16.37190824067346	7.636467045577379	0.0	0.0	
15.659006564649253	9.21069554307687	0.0	0.0	
15.946064486803456	9.610264777839033	0.0	0.0	
16.124426498506434	10.752097310915957	0.0	0.0	
16.34197849997351	11.715820072086409	0.0	0.0	
15.91777604915853	13.359434973965522	0.0	0.0	
16.370187047938135	14.317377637849672	0.0	0.0	
16.14183710779878	14.601998780700821	0.0	0.0	
15.673141924496898	15.866891969886044	0.0	0.0	
15.703774943314048	17.279344535573582	0.0	0.0	
16.009722437643305	17.923578194093576	0.0	0.0	
15.530856977055535	19.13589244793622	0.0	0.0	
15.983676019876661	20.196395493335114	0.0	0.0	
16.40819946945623	20.90079249859391	0.0	0.0	
16.462257704398507	21.89806645970491	0.0	0.0	
16.37811664259164	23.324523199664988	0.0	0.0	
15.613103633245549	23.91037584723379	0.0	0.0	
15.94724224182394	25.34813311029105	0.0	0.0	
15.690516591342346	26.057701768870256	0.0	0.0	
16.132486774527724	27.24039181336814	0.0	0.0	
16.04800385407326	27.927661093091146	0.0	0.0	
16.102339487174508	29.283807220515143	0.0	0.0	
15.985890394680363	29.506337973388504	0.0	0.0	
16.442683802965533	30.66879548517514	0.0	0.0	
17.317020038205417	0.19707905305389717	0.0	0.0	
17.413951133974876	1.297778953579394	0.0	0.0	
17.416254335462636	2.066108778145793	0.0	0.0	
17.14281171275315	3.1453203196966033	0.0	0.0	
16.570384226645597	4.380465064396114	0.0	0.0	
17.492116695801045	5.04152615853038	0.0	0.0	
17.1718809223561	6.045021032353658	0.0	0.0	
16.540453882862902	6.751429160878932	0.0	0.0	
16.575507378032896	8.019401970549449	0.0	0.0	
17.35218940409165	9.435085962500034	0.0	0.0	
16.74468511804052	10.112393738643863	0.0	0.0	
16.574270187631292	11.201314713062684	0.0	0.0	
17.3704417079527	11.53641899559662	0.0	0.0	
16.989630906231078	12.921205432282395	0.0	0.0	
17.097277693143255	14.084114263552001	0.0	0.0	
16.98327527491596	14.802356462344541	0.0	0.0	
17.477675341658358	16.38287275805954	0.0	0.0	
16.89478968427335	17.42827614044234	0.0	0.0	
17.109374492908763	17.548658223193907	0.0	0.0	
17.057907541273742	18.96967773115394	0.0	0.0	
17.072096972887206	19.9645076029394	0.0	0.0	
17.453943148112202	21.476408941385465	0.0	0.0	
16.52441473580946	21.562627091142804	0.0	0.0	
16.889149880673358	22.923729609713604	0.0	0.0	
17.4201017277175	23.81145416678129	0.0	0.0	
17.429646306835004	24.85970316840932	0.0	0.0	
17.490467021924008	25.58824009622804	0.0	0.0	
17.258389347229592	27.221031412593227	0.0	0.0	
16.50946759543226	27.54943418108642	0.0	0.0	
16.733034313798402	29.49408296744827	0.0	0.0	
16.961693553910195	30.058409759409162	0.0	0.0	
16.679125059363695	30.92939115709989	0.0	0.0	
17.801974437144455	0.17354225239273124	0.0	0.0	
17.917332804686996	0.9956273179565054	0.0	0.0	
18.21076489871155	1.6755937567852057	0.0	0.0	
18.06635428913999	3.4528143051178453	0.0	0.0	
18.40677895093668	4.447734419385222	0.0	0.0	
17.872101292098474	5.1119625739937335	0.0	0.0	
17.981196077145444	6.047600155706977	0.0	0.0	
17.860248954285954	7.3140198462137755	0.0	0.0	
17.596807025749452	8.028942330326368	0.0	0.0	
17.6749225372042	9.423018507516954	0.0	0.0	
18.460418347370723	10.288104555395897	0.0	0.0	
17.75245603453547	11.445680824384075	0.0	0.0	
17.95439757818849	12.007905386926812	0.0	0.0	
18.033885767570467	13.44567223249848	0.0	0.0	
18.421332153392623	13.865264342749127	0.0	0.0	
17.79512343913633	14.734471895950907	0.0	0.0	
17.680816003140787	15.58026201804024	0.0	0.0	
18.32061785433347	17.466335632656158	0.0	0.0	
17.86144736613695	18.208108142893956	0.0	0.0	
17.83668613263434	18.685825805653348	0.0	0.0	
18.390362197109972	19.75074824443419	0.0	0.0	
18.245334982222392	21.010358307509076	0.0	0.0	
18.187908413155192	22.37473362396324	0.0	0.0	
18.228254703308696	22.978810073541798	0.0	0.0	
17.88703244430622	23.625603246140123	0.0	0.0	
18.195048913912814	24.845122681127908	0.0	0.0	
18.049245710058916	26.40007361210791	0.0	0.0	
18.142415292838553	27.001769868180446	0.0	0.0	
17.957318924194226	28.173683659434637	0.0	0.0	
18.438999568736687	29.13221071632961	0.0	0.0	
17.62816411039321	29.773953022077873	0.0	0.0	
18.360997762112206	31.009682238451663	0.0	0.0	
18.629524680379493	0.22059759042091676	0.0	0.0	
19.265658279363308	0.5827243395789073	0.0	0.0	
19.183067941324374	1.6686018367852018	0.0	0.0	
18.514409347912366	2.5050597391868763	0.0	0.0	
19.016395762128337	4.318804487332939	0.0	0.0	
19.085495668003414	4.505545956979619	0.0	0.0	
18.930643508643694	6.29658468480159	0.0	0.0	
19.04770517039454	7.27451764776916	0.0	0.0	
19.291791113635423	8.371312899623534	0.0	0.0	
18.62249648055224	9.38138940174237	0.0	0.0	
18.73210196847483	10.42139220319746	0.0	0.0	
19.006865783534458	10.830963984034689	0.0	0.0	
18.983701063177065	11.663888553644524	0.0	0.0	
19.33373408179957	12.579417664117866	0.0	0.0	
18.529043967188223	14.435993388133314	0.0	0.0	
19.041891295909206	15.292125590880476	0.0	0.0	
18.78970288333093	16.45098064972034	0.0	0.0	
19.079188053956386	17.194328417328876	0.0	0.0	
19.34179650443356	18.31551907037026	0.0	0.0	
19.206054103271054	19.324662568129895	0.0	0.0	
19.408724615078356	20.49279452420873	0.0	0.0	
19.386374572816365	21.347477350968557	0.0	0.0	
19.05235175501761	22.30648058629786	0.0	0.0	
19.056569620162158	23.108647988235667	0.0	0.0	
19.150294545566908	24.026000210660097	0.0	0.0	
19.025358753666602	25.11804557055664	0.0	0.0	
19.154882786038126	25.712442574762665	0.0	0.0	
18.74231977794486	26.674419225976976	0.0	0.0	
19.164068492059066	28.136539231290943	0.0	0.0	
18.81026414150186	28.504458373600855	0.0	0.0	
19.035422486237607	30.3472138096066	0.0	0.0	
19.38369460203275	31.377603088146845	0.0	0.0	
20.34937234413137	0.21682912385474484	0.0	0.0	
19.662916766082006	1.382563495659574	0.0	0.0	
19.631366961587602	2.1000878713730375	0.0	0.0	
19.625345518098587	2.6492130808241026	0.0	0.0	
20.133899114840162	4.442492081061667	0.0	0.0	
20.323367887139817	4.898819946603455	0.0	0.0	
19.877779396968297	6.121256290599248	0.0	0.0	
19.79785472827084	7.095420972550535	0.0	0.0	
20.14719367427255	8.284764928867279	0.0	0.0	
19.604596179061428	9.053327982726065	0.0	0.0	
19.627449345616608	10.263000257041238	0.0	0.0	
20.486802992283263	10.98768340373744	0.0	0.0	
20.180312008409686	11.5564837600977	0.0	0.0	
19.608234288906203	13.072534045003366	0.0	0.0	
19.71230135797584	14.143384955185912	0.0	0.0	
20.10468421937625	15.09515396959269	0.0	0.0	
19.959042221639283	16.257937591972055	0.0	0.0	
19.81626738722754	16.967603055411224	0.0	0.0	
19.93960342823858	17.612880840436066	0.0	0.0	
19.999455945211515	18.67531965030283	0.0	0.0	
20.452698389873483	20.44579055353509	0.0	0.0	
19.61486705996361	20.77946953953101	0.0	0.0	
19.735377021374575	22.44536977082486	0.0	0.0	
19.663666344500708	22.89404408515722	0.0	0.0	
19.879687015199867	23.74949588434851	0.0	0.0	
19.977407109612216	25.16809380191113	0.0	0.0	
19.667048098114257	25.792941919394224	0.0	0.0	
20.16383314387494	27.355198447029412	0.0	0.0	
20.354507898745727	27.788519348526513	0.0	0.0	
19.68554422410345	29.340550279216313	0.0	0.0	
19.740805780708158	29.73807599776456	0.0	0.0	
19.557938843288525	31.032132045688876	0.0	0.0	
21.41474413058682	0.15584714140540623	0.0	0.0	
21.44477660097105	1.0789038804417737	0.0	0.0	
20.63268572316189	2.340187742055211	0.0	0.0	
21.309477816976713	3.1120900951366357	0.0	0.0	
21.269070214527837	4.367231094786357	0.0	0.0	
20.82621069137303	5.171911456862974	0.0	0.0	
20.575230139697425	5.714789906836355	0.0	0.0	
21.15299380158838	7.415977499051504	0.0	0.0	
20.67090184642829	7.54842922883076	0.0	0.0	
21.49836902810988	9.44235588548241	0.0	0.0	
20.740374458600197	9.776471746197616	0.0	0.0	
21.273766849201845	11.3840673009284	0.0	0.0	
20.8860316094129	12.330032087392494	0.0	0.0	
21.319269000500462	13.496560493853567	0.0	0.0	
20.559109629971346	13.940631354808986	0.0	0.0	
21.379430811145035	15.06818894734864	0.0	0.0	
20.77878474928347	15.865840413072467	0.0	0.0	
20.612099802821117	16.515470305307364	0.0	0.0	
20.697081763387757	17.59978033086275	0.0	0.0	
21.10286682417405	18.782217034566003	0.0	0.0	
20.8198724933804	19.609100367973028	0.0	0.0	
21.398099408242917	20.65642023425998	0.0	0.0	
21.131758590746152	21.650673747776832	0.0	0.0	
21.107201679673253	22.821070089001505	0.0	0.0	
21.18249455245512	23.562805634895152	0.0	0.0	
21.174269743131568	24.93227402837763	0.0	0.0	
21.446734303944517	25.88570011953172	0.0	0.0	
21.49627738876385	26.951951879686227	0.0	0.0	
20.752736405633495	28.135601189147547	0.0	0.0	
20.98937236673048	28.624607865944295	0.0	0.0	
21.355085871228987	30.17492880427085	0.0	0.0	
21.399593879771263	30.60308587581777	0.0	0.0	
21.905209825218254	0.09272799994772918	0.0	0.0	
22.0111610044199	1.4635303660399912	0.0	0.0	
21.662442121898977	1.5956214621192788	0.0	0.0	
21.528693747360578	2.8456703119658915	0.0	0.0	
21.50142302261076	3.876098219974642	0.0	0.0	
22.332622292853145	5.372350379006907	0.0	0.0	
22.480054357660055	5.619131413618988	0.0	0.0	
22.381257372370165	6.544570385352395	0.0	0.0	
21.952442530653904	7.764235870876075	0.0	0.0	
22.213880433241798	8.504205209544423	0.0	0.0	
21.605506619390397	10.401748445012995	0.0	0.0	
21.63740512558326	11.206121326553777	0.0	0.0	
22.44293526389258	11.529455093345357	0.0	0.0	
22.063802024021157	13.43711390460026	0.0	0.0	
21.995212687788708	14.427612338246362	0.0	0.0	
22.289317071023937	14.707582576268985	0.0	0.0	
22.419366616198722	16.470617882449982	0.0	0.0	
21.936072552690636	16.702723027860923	0.0	0.0	
22.207883156437674	18.03287888214274	0.0	0.0	
22.096200533720122	18.54278882743897	0.0	0.0	
22.003543550916806	20.142720984829335	0.0	0.0	
22.003188338067922	20.82249117713187	0.0	0.0	
21.736648038669507	21.95430816763326	0.0	0.0	
21.857466596590914	23.242454300952804	0.0	0.0	
21.66431399176292	24.415940689003484	0.0	0.0	
21.91179321197524	24.623951445930327	0.0	0.0	
21.926576627529222	25.864621758555113	0.0	0.0	
22.468371543226144	27.341430876899217	0.0	0.0	
21.92913323920044	27.931891735304568	0.0	0.0	
21.807086995176068	29.042221764388774	0.0	0.0	
21.52180529975407	30.025711875528284	0.0	0.0	
21.52726980979148	30.881076603076377	0.0	0.0	
23.409059413693317	0.42185705280415164	0.0	0.0	
22.910284391389112	1.2843029501349186	0.0	0.0	
23.020649538404815	2.06030849217155	0.0	0.0	
22.955095934389185	3.3573902546959666	0.0	0.0	
23.26620695850014	3.8541990439126925	0.0	0.0	
22.55081753702006	4.513909116233547	0.0	0.0	
23.362171246079022	5.693055215205844	0.0	0.0	
23.492068003571067	6.585444528451909	0.0	0.0	
23.3852243796814	7.737361646231673	0.0	0.0	
23.450954070787496	8.744385809705427	0.0	0.0	
22.97584971230861	10.241757725916623	0.0	0.0	
22.675089187832764	11.238736328920533	0.0	0.0	
22.67941326835481	12.254454437676365	0.0	0.0	
22.61384850089029	13.381550298516151	0.0	0.0	
23.461448432208552	13.687177755046884	0.0	0.0	
23.027406864401925	15.424321998658696	0.0	0.0	
22.768887531921152	15.887002948380983	0.0	0.0	
23.37954438169821	17.129573029705014	0.0	0.0	
22.837728986646585	17.882445207316174	0.0	0.0	
23.240759373592994	19.448726546387924	0.0	0.0	
23.386715013698225	20.180221023193837	0.0	0.0	
23.101052422202965	21.417250797338383	0.0	0.0	
23.39557573458036	22.038861184177897	0.0	0.0	
22.689883645624334	22.879809283381874	0.0	0.0	
22.60038676674983	24.274186951834302	0.0	0.0	
23.35563541498517	25.18671806132966	0.0	0.0	
23.135696464602674	25.508431693538252	0.0	0.0	
22.540206333316817	27.25849057047409	0.0	0.0	
22.57804076976276	28.104570438795452	0.0	0.0	
22.522794007508868	28.63932131488705	0.0	0.0	
22.60860044231853	29.89001057766802	0.0	0.0	
23.33736077723616	30.71956961550112	0.0	0.0	
24.31137880956079	0.4352501433798053	0.0	0.0	
23.77587109590923	0.6148990216759513	0.0	0.0	
23.88965130294623	2.098653196748107	0.0	0.0	
23.500480780247283	3.1113109525553524	0.0	0.0	
24.45490207756835	3.513164973169887	0.0	0.0	
23.83293144738844	4.620883590381014	0.0	0.0	
23.56258873121255	5.852961987974304	0.0	0.0	
24.373107063808597	7.493913866285524	0.0	0.0	
23.75518230861801	8.340939292143418	0.0	0.0	
24.010448946469182	8.829369272811672	0.0	0.0	
24.108729297194582	9.762199179133747	0.0	0.0	
23.899233180338538	10.680165632002648	0.0	0.0	
24.288621333190232	11.59145174450905	0.0	0.0	
24.36879961007946	12.52632570130924	0.0	0.0	
24.469601923467234	14.46069749202157	0.0	0.0	
24.180964304451113	15.311637942012858	0.0	0.0	
24.11567893864003	16.106860654296227	0.0	0.0	
24.19377796798439	17.231793667590924	0.0	0.0	
24.234604912197593	17.66339773102859	0.0	0.0	
23.877217750061607	18.922019470704715	0.0	0.0	
24.361407350084413	19.829669900652416	0.0	0.0	
24.455536815576796	20.660879452154003	0.0	0.0	
23.671958004054883	22.35019064722579	0.0	0.0	
24.48560887306401	23.10610747730061	0.0	0.0	
23.815405018977227	23.743990096644307	0.0	0.0	
24.324159697084127	24.76855560855519	0.0	0.0	
24.439637360029106	25.615855976022782	0.0	0.0	
24.493514579914084	26.50232651825221	0.0	0.0	
24.116539246806276	28.069716321484496	0.0	0.0	
24.34200708030151	29.358111629444267	0.0	0.0	
23.97794662345125	30.15505620162538	0.0	0.0	
24.1391746550273	31.340148552451492	0.0	0.0	
24.71012958761701	0.39309899763749145	0.0	0.0	
24.885405652558656	0.640156132040895	0.0	0.0	
24.6686536998086	2.4306517690607032	0.0	0.0	
24.92586021416139	2.9830263592835977	0.0	0.0	
24.559698511049408	3.9841775755740283	0.0	0.0	
24.610107769396848	4.5736981438897235	0.0	0.0	
24.718220992729556	5.5545957291842205	0.0	0.0	
25.27786106570674	7.167984236100921	0.0	0.0	
24.848796116300136	8.47733660510036	0.0	0.0	
25.31075167396476	8.521717898267458	0.0	0.0	
24.804015072357124	10.01642943045381	0.0	0.0	
25.215641696826776	10.927485734899165	0.0	0.0	
25.398838498238952	11.852852502572917	0.0	0.0	
25.15577349115331	13.313788708438459	0.0	0.0	
25.174876868806486	14.120808516280341	0.0	0.0	
25.29920217458426	15.46667990353922	0.0	0.0	
25.387158534303076	15.97718072406699	0.0	0.0	
25.36131105323626	16.576804246049594	0.0	0.0	
24.599547626301714	17.895495136086478	0.0	0.0	
25.425573284344722	18.87403054648493	0.0	0.0	
25.266296396812614	19.928545609715243	0.0	0.0	
25.22040476712473	20.50211997220744	0.0	0.0	
25.247018422476096	22.094341473743665	0.0	0.0	
24.568897785985566	22.835919197588215	0.0	0.0	
25.44806814607332	24.40646688772457	0.0	0.0	
25.443495809537065	25.34412133707296	0.0	0.0	
24.551575884213328	26.07321308899739	0.0	0.0	
24.77485485044492	27.102963500734223	0.0	0.0	
25.00794857580332	28.066722462831716	0.0	0.0	
24.806876610531106	28.825326036352912	0.0	0.0	
25.196482963123277	30.474740725934826	0.0	0.0	
24.928291634940663	31.022352559107855	0.0	0.0	
26.33382344300325	0.09367419267864752	0.0	0.0	
25.756655311012217	1.2407701547555463	0.0	0.0	
26.456121566498172	1.680807685291334	0.0	0.0	
26.402408890707687	3.090193159337857	0.0	0.0	
26.19535351543101	4.498463084104301	0.0	0.0	
26.35145901792438	5.384900110719936	0.0	0.0	
26.447382815823445	6.445540481533815	0.0	0.0	
26.173181431584148	7.485357207727883	0.0	0.0	
25.971979754312677	8.411589217797411	0.0	0.0	
25.770536189940458	9.404489321401996	0.0	0.0	
25.70844040466738	9.82543995246535	0.0	0.0	
25.629237545258896	11.45680329235364	0.0	0.0	
26.470268561928652	12.271958608962315	0.0	0.0	
25.894428047479234	13.21989644777122	0.0	0.0	
26.280089576726393	14.0135602193393	0.0	0.0	
25.52964105929649	15.160799927952555	0.0	0.0	
25.84409932186465	15.893169278353913	0.0	0.0	
26.056526978397574	16.928749748748317	0.0	0.0	
25.661022475878763	17.972474615782108	0.0	0.0	
26.302158733362862	18.645516890004654	0.0	0.0	
26.154138732772694	19.705124941595585	0.0	0.0	
26.023662874554073	20.887685402739045	0.0	0.0	
25.940839065502736	22.300104532888685	0.0	0.0	
25.612534861641453	23.166325301046395	0.0	0.0	
26.348555991311223	24.041101170250514	0.0	0.0	
26.321583718471278	24.886817999766848	0.0	0.0	
26.359041496676227	25.661962093636863	0.0	0.0	
26.06475257287136	27.444448378452353	0.0	0.0	
25.606871876580968	28.487915752117967	0.0	0.0	
25.78198511689529	28.512281283602558	0.0	0.0	
25.850968465266217	30.228736988168492	0.0	0.0	
25.89315596931414	31.468485718179817	0.0	0.0	
26.602692244132363	0.007334846215199975	0.0	0.0	
26.636853344302473	1.4920098157684485	0.0	0.0	
27.406111364422838	1.895715996049067	0.0	0.0	
26.56778874468385	3.4142394556956743	0.0	0.0	
26.908958714473663	4.1566609516883535	0.0	0.0	
26.71291868461003	5.067836928945933	0.0	0.0	
27.08340860067103	5.955483379512168	0.0	0.0	
26.616674230864444	6.569217152836771	0.0	0.0	
26.602742105078157	7.838574002234226	0.0	0.0	
26.89376528062206	8.69749233817634	0.0	0.0	
27.463751141199523	10.441324382708526	0.0	0.0	
26.544719950692308	11.17091712472136	0.0	0.0	
26.693728779328023	11.685894169053519	0.0	0.0	
26.835856389591303	12.553377663715997	0.0	0.0	
26.757138512608602	13.752015999658994	0.0	0.0	
27.22328590420901	15.346533900903568	0.0	0.0	
27.029254964321012	15.682547002280721	0.0	0.0	
27.04426073076327	17.122562820132707	0.0	0.0	
26.993198643548133	18.176387243554213	0.0	0.0	
27.303615699115674	19.00363936418371	0.0	0.0	
27.342681024380866	20.10964554893972	0.0	0.0	
26.985544508073687	20.88644728349185	0.0	0.0	
26.76395231733672	21.589056534953954	0.0	0.0	
26.758266471476592	23.14230940149677	0.0	0.0	
27.414639936933735	24.00057043918556	0.0	0.0	
27.28135212814503	24.718414340688824	0.0	0.0	
26.63963492932677	26.301208011341345	0.0	0.0	
27.365097875250104	26.565886152001863	0.0	0.0	
26.857381320122414	28.025200738947433	0.0	0.0	
26.90349046493448	28.637859452702692	0.0	0.0	
27.32931720813921	29.57066882756491	0.0	0.0	
26.601080189886314	31.384492648020277	0.0	0.0	
28.323118296042896	0.2147793551521252	0.0	0.0	
27.938131165161387	1.1429796613243257	0.0	0.0	
27.805127728663827	1.8058242344553312	0.0	0.0	
27.65224281899327	3.1028826248150896	0.0	0.0	
27.502115956595045	4.442180825125341	0.0	0.0	
27.641633712804264	4.777062850120052	0.0	0.0	
27.72701066198875	5.865848263434403	0.0	0.0	
28.295182388602345	7.07033123299147	0.0	0.0	
28.195615157059095	8.289978279366757	0.0	0.0	
27.5176173245306	9.002410037917967	0.0	0.0	
28.458956454007662	9.630265898543291	0.0	0.0	
27.72085723442022	11.108424736632603	0.0	0.0	
28.13071827221925	12.302336692673352	0.0	0.0	
27.96079648646332	13.14968799677469	0.0	0.0	
28.492870370494327	14.038577791793909	0.0	0.0	
28.146109301252345	14.707347924897519	0.0	0.0	
28.42367167022963	16.267940524672024	0.0	0.0	
27.863943951586084	16.907163469216986	0.0	0.0	
27.883123136503947	18.18473537590374	0.0	0.0	
28.176537531708753	19.419806346326343	0.0	0.0	
28.068241801979408	20.06036801652571	0.0	0.0	
28.398038148678715	20.967421832325904	0.0	0.0	
27.825899607646452	21.740579286262765	0.0	0.0	
27.71071631539604	23.304142252768994	0.0	0.0	
27.79763524521891	24.01233924337819	0.0	0.0	
28.123608486336884	25.268762888017125	0.0	0.0	
27.659737715530827	26.015452899798554	0.0	0.0	
28.259514652680494	26.881852824704204	0.0	0.0	
27.980564250051653	27.68982587363158	0.0	0.0	
28.024189322636033	29.028036596152578	0.0	0.0	
28.029420452959453	30.31759689258544	0.0	0.0	
27.640453072954198	31.264031788624276	0.0	0.0	
28.526138121108282	0.21048598260489138	0.0	0.0	
28.704255228585183	1.0055471894986825	0.0	0.0	
28.937669645249056	1.6494583901886206	0.0	0.0	
29.105259037782034	3.0407703283574268	0.0	0.0	
29.47119057770015	4.008510189132213	0.0	0.0	
29.39827624785825	4.73964678721625	0.0	0.0	
28.695788265257157	6.311598393242998	0.0	0.0	
29.325915980895207	6.7017836140515925	0.0	0.0	
29.37856077836647	8.211068521282774	0.0	0.0	
29.389801623604313	8.513551413773767	0.0	0.0	
29.301858874678796	10.210401094859156	0.0	0.0	
29.386464130573174	11.215732153478621	0.0	0.0	
29.243456765576738	11.71539963563597	0.0	0.0	
28.99800059312646	12.85584467386391	0.0	0.0	
28.801973421622762	13.57593771007515	0.0	0.0	
28.79198517540228	15.13421636876872	0.0	0.0	
28.55919438913693	15.749717297310658	0.0	0.0	
28.65026511005098	17.323413049465493	0.0	0.0	
29.091407301833357	18.08854986960273	0.0	0.0	
29.41391634399191	19.47671426040918	0.0	0.0	
28.819521460220315	20.2121219122263	0.0	0.0	
29.47463958538338	21.0196327141382	0.0	0.0	
29.35533262307683	21.688838953458916	0.0	0.0	
28.836755063540803	23.12398380113794	0.0	0.0	
29.36349461678312	23.7614985522528	0.0	0.0	
29.284922536526256	25.472866183420322	0.0	0.0	
28.854279393192044	26.325524492625853	0.0	0.0	
29.25527153559635	27.02496180804903	0.0	0.0	
29.426268981156465	27.926807397757763	0.0	0.0	
29.41239965856584	29.252144927107782	0.0	0.0	
29.095767008247414	30.127766756099806	0.0	0.0	
28.511556904452547	31.329642751354694	0.0	0.0	
30.147735358161523	0.3037509349478833	0.0	0.0	
29.93840252542516	0.7708284012171891	0.0	0.0	
30.27640768821929	2.1241836798726563	0.0	0.0	
29.704265004826066	3.156940477186909	0.0	0.0	
29.599429014330145	3.959571813596736	0.0	0.0	
29.522677495835822	5.376127786047649	0.0	0.0	
29.930892385673012	6.241210754481906	0.0	0.0	
30.23847833725651	6.691526967694099	0.0	0.0	
29.59708893831195	7.984519818861379	0.0	0.0	
29.976155070234856	8.75916617666234	0.0	0.0	
30.29168963774473	10.041936132172737	0.0	0.0	
30.072738959691726	11.379084823048084	0.0	0.0	
30.397714868340046	12.183661601106664	0.0	0.0	
30.499298283360257	12.962387769198346	0.0	0.0	
29.70772727810918	13.759753186953546	0.0	0.0	
29.87363501238922	15.424560533739148	0.0	0.0	
30.226371035445897	16.18227300722711	0.0	0.0	
30.30522823876569	16.915464910823783	0.0	0.0	
30.026877349464534	18.101308659554352	0.0	0.0	
30.33301941200222	18.987821246286103	0.0	0.0	
29.526080113346904	20.492448521880327	0.0	0.0	
29.727056991077315	21.43414896275506	0.0	0.0	
29.989291849152085	21.59185050220313	0.0	0.0	
29.62985741627257	22.83030889737924	0.0	0.0	
30.336692282031848	23.63163620548611	0.0	0.0	
30.411774397359494	25.172688349642712	0.0	0.0	
29.648939902251612	25.638766849642987	0.0	0.0	
30.14717113290742	27.203931624857166	0.0	0.0	
30.106155612628303	27.758467852471266	0.0	0.0	
29.841367364644917	28.53975152584521	0.0	0.0	
29.590627580013674	30.040414830672116	0.0	0.0	
30.142222860350888	30.67085045492282	0.0	0.0	
30.925727220701127	0.01675104035023578	0.0	0.0	
31.14890608003829	1.0719795446938405	0.0	0.0	
30.689197854119662	2.3030286269958835	0.0	0.0	
30.766234522928066	2.7416599432538846	0.0	0.0	
31.3105854461015	3.7028021567608245	0.0	0.0	
30.975755172833317	5.038323769497437	0.0	0.0	
31.320635782994067	5.673174333829597	0.0	0.0	
31.335661320829765	7.278755781877729	0.0	0.0	
31.200777371649092	8.021421039982975	0.0	0.0	
31.420385161786285	8.748936366441173	0.0	0.0	
31.285544588859416	10.477625276122057	0.0	0.0	
31.48954367518951	11.052828655095386	0.0	0.0	
30.992664360378914	11.501443441323838	0.0	0.0	
31.002163602747938	13.440278422606788	0.0	0.0	
31.455126317131164	13.581716073075388	0.0	0.0	
30.698947873541638	14.551389805612557	0.0	0.0	
30.797921462404567	16.190463590852275	0.0	0.0	
30.718103140344024	16.94456619067717	0.0	0.0	
30.83456012410812	17.891530720041764	0.0	0.0	
31.226464862027257	18.725060441129294	0.0	0.0	
31.09281900130684	20.07081071228868	0.0	0.0	
30.66388668970036	20.717309153681164	0.0	0.0	
30.69634106212392	21.789232959129386	0.0	0.0	
31.419423953247463	23.181702086446684	0.0	0.0	
30.9167289498342	23.684416928040868	0.0	0.0	
30.883608376913376	25.423679275370887	0.0	0.0	
30.7094973140173	25.90014343100515	0.0	0.0	
30.655172595380282	27.23195561410623	0.0	0.0	
31.079315911822057	27.549807380803212	0.0	0.0	
30.701992718255056	28.611734032912995	0.0	0.0	
31.203005283740413	29.70906190794077	0.0	0.0	
30.971911983924542	30.66489734988931	0.0	0.0	
