2
32.0	0.0	0.0	0.0	
0.0	32.0	0.0	0.0	
0.40169348736267163	0.10918990031891351	0.0	0.0	
0.396945641132017	0.5888512751887375	0.0	0.0	
0.27172788185152585	1.9173162137159725	0.0	0.0	
0.026785983912128164	2.861273929525797	0.0	0.0	
0.3253273560781563	3.7858919582741337	0.0	0.0	
0.401007650278303	5.424586220201023	0.0	0.0	
0.17943523095328429	6.102186545648462	0.0	0.0	
0.20401380456401053	7.097234811061722	0.0	0.0	
0.3372485448355641	7.618628951095903	0.0	0.0	
0.29875341168159375	9.388511231110492	0.0	0.0	
0.4730320529477945	10.213662840972413	0.0	0.0	
0.2574352584359402	10.969871037711792	0.0	0.0	
0.4158068343945277	12.391391345152016	0.0	0.0	
0.0634581817993195	12.618205232368105	0.0	0.0	
0.28005208921411484	13.89945846500919	0.0	0.0	
0.19339016156384847	14.81698822950157	0.0	0.0	
0.24804547857387327	16.36590270336362	0.0	0.0	
0.4927272874219015	16.888523439791452	0.0	0.0	
0.20699974126050258	18.232818727887828	0.0	0.0	
0.34255481458014636	18.87501821230202	0.0	0.0	
0.2419281736416503	19.633100455015576	0.0	0.0	
0.19216496301166097	21.14469576316792	0.0	0.0	
0.13459319778824763	22.45644173585929	0.0	0.0	
0.34652365852023614	23.15943067743382	0.0	0.0	
0.36137149946596747	24.253506804313243	0.0	0.0	
0.08267986182940823	25.307832902324044	0.0	0.0	
0.4512519755460992	26.04187313937168	0.0	0.0	
0.22142830948770453	26.69753721978887	0.0	0.0	
0.2998239678661262	27.744547911341968	0.0	0.0	
0.07411370361350322	29.224364263019257	0.0	0.0	
0.34540969551021883	30.245452871856738	0.0	0.0	
0.21849905610110032	31.475432348541144	0.0	0.0	
0.6907044387197603	0.19095170887753732	0.0	0.0	
1.0063559895919676	0.8291141647885168	0.0	0.0	
1.037603740959646	1.9548834202388017	0.0	0.0	
0.5326894302919188	3.004277886819568	0.0	0.0	
0.8086040680588332	3.9535451978466547	0.0	0.0	
1.4621414404957536	4.615390847116007	0.0	0.0	
0.6384852912850143	6.1971716471811895	0.0	0.0	
0.5949280389466859	6.6822709258331985	0.0	0.0	
0.966529393356815	8.304713047543597	0.0	0.0	
1.3270575406868075	8.52228057742801	0.0	0.0	
1.0973863016565306	9.814420668765848	0.0	0.0	
1.3911544729623975	10.716414902468095	0.0	0.0	
1.38484254165644	12.465097272997214	0.0	0.0	
1.2260234702357848	12.8252742553873	0.0	0.0	
1.344178401967505	13.52578124327296	0.0	0.0	
0.7867012753504296	15.42871796331049	0.0	0.0	
1.3138752684104147	16.37956126359098	0.0	0.0	
1.4999609197135415	16.741935097041058	0.0	0.0	
0.8994220842563472	18.273300612446242	0.0	0.0	
0.875159072339317	18.851927247535578	0.0	0.0	
1.2549920378700854	19.530492013119343	0.0	0.0	
1.1311375406685205	20.621940184795793	0.0	0.0	
0.6872566900408121	21.829988062146104	0.0	0.0	
0.7177143176093493	22.927396956730483	0.0	0.0	
1.2682419385919363	23.812215791098023	0.0	0.0	
0.6965557456896379	24.877451026332764	0.0	0.0	
1.1226123122051948	25.587475461775924	0.0	0.0	
1.322931582484911	26.598404331479934	0.0	0.0	
0.572999357640467	27.643498322276457	0.0	0.0	
1.105011130872989	29.35103795997137	0.0	0.0	
1.2062589044953094	29.72244336577081	0.0	0.0	
0.8219141904986058	31.16322595097981	0.0	0.0	
2.3947813081533424	0.35385347532216116	0.0	0.0	
2.3746723582351406	1.3518759459812952	0.0	0.0	
1.7872137459283532	1.5806680813996925	0.0	0.0	
1.7707104191531604	3.368004997048274	0.0	0.0	
2.037853570559178	3.910999316343767	0.0	0.0	
2.0485829662710398	5.209698343742525	0.0	0.0	
1.605453343214072	6.190262763962684	0.0	0.0	
1.862829921058103	7.311111722342962	0.0	0.0	
1.8169099019892692	8.238256172768697	0.0	0.0	
2.464528016815633	8.739738345059799	0.0	0.0	
2.3549553584552	10.149972431220123	0.0	0.0	
2.1132314876466354	11.241352423230124	0.0	0.0	
1.8783245438253904	11.956193893015252	0.0	0.0	
1.7486380355603495	12.531138580985903	0.0	0.0	
1.5826290766007656	14.314930440606195	0.0	0.0	
2.4140896257151008	15.259045169389648	0.0	0.0	
1.6425393182405932	16.474665741839416	0.0	0.0	
1.790863104677633	16.76503473069938	0.0	0.0	
1.5240800571418236	18.374283001460014	0.0	0.0	
2.0465270039829275	18.620494828928774	0.0	0.0	
2.4353548811549386	19.93949759806376	0.0	0.0	
1.9859649996827025	20.59073615559083	0.0	0.0	
1.9482594515583256	22.05820008229357	0.0	0.0	
2.160332586963924	23.48703776269527	0.0	0.0	
1.7727379186340335	23.869067476411786	0.0	0.0	
2.120016130334438	24.773900450185636	0.0	0.0	
1.6282422440835358	26.45198117674426	0.0	0.0	
1.884085252888681	26.86000120660844	0.0	0.0	
1.7539984258992614	28.195751381925948	0.0	0.0	
1.7366232334888578	29.313523718653293	0.0	0.0	
2.0553022116858273	30.09785183076534	0.0	0.0	
1.51827397521108	31.41180177161129	0.0	0.0	
3.308718730274526	0.33928283820634453	0.0	0.0	
2.5504216763646737	1.162253400236216	0.0	0.0	
3.429106791535017	2.2944470286495693	0.0	0.0	
3.2302132565987853	3.387431376954339	0.0	0.0	
3.3847357063373584	4.281340951531018	0.0	0.0	
2.964590196477234	5.017406360788486	0.0	0.0	
2.5858915384031156	5.928060167500938	0.0	0.0	
2.838067207993642	7.370239157448642	0.0	0.0	
2.8226059228883322	7.6520927890789405	0.0	0.0	
2.925187270838251	8.784779651051942	0.0	0.0	
3.3268234639155936	9.720095260866621	0.0	0.0	
2.781863987410066	11.235160105352236	0.0	0.0	
3.1826036455745137	12.048511733296465	0.0	0.0	
3.423561068392402	13.239324021526118	0.0	0.0	
3.3053227800259743	14.437953766993074	0.0	0.0	
3.314532829900765	15.07270146428601	0.0	0.0	
2.6288530024708314	16.311406822719896	0.0	0.0	
2.807376122306558	17.210180292895355	0.0	0.0	
3.259615565008576	18.29241018614702	0.0	0.0	
3.254209766758512	19.12359275103478	0.0	0.0	
3.28042129514919	19.619111668164052	0.0	0.0	
2.6432913693428213	20.64353124689394	0.0	0.0	
2.5271789939973357	21.662085470451782	0.0	0.0	
3.2284256724790152	22.82760121864895	0.0	0.0	
2.851885031992768	23.58065341204275	0.0	0.0	
3.266552272575226	24.83763179420241	0.0	0.0	
2.9154409146385953	26.241946677446514	0.0	0.0	
3.085510258476155	26.542725557237716	0.0	0.0	
3.450760354832125	28.145909162533247	0.0	0.0	
3.235225824616508	28.789828997503456	0.0	0.0	
3.1685929218317552	30.017071172163973	0.0	0.0	
3.33547121130369	30.540761212927084	0.0	0.0	
3.585216966045837	0.38156167935496454	0.0	0.0	
4.425961584375084	0.7070536000392134	0.0	0.0	
3.696773731665173	2.358948614788921	0.0	0.0	
3.646412998791389	2.7259517211962914	0.0	0.0	
4.49730333037445	4.044642059088803	0.0	0.0	
4.202052592733395	4.764464689643676	0.0	0.0	
4.133287008168765	5.54981537963531	0.0	0.0	
4.423085488809418	7.006168343474096	0.0	0.0	
4.206399724101573	7.723660582242179	0.0	0.0	
4.282015681607361	9.424115794596073	0.0	0.0	
3.5008974092430623	10.498402972284392	0.0	0.0	
3.661483220614037	10.823405729000333	0.0	0.0	
4.445667349861784	12.197308197370946	0.0	0.0	
4.11416936524036	13.109113576456172	0.0	0.0	
4.284767549488379	13.738360448591058	0.0	0.0	
3.9870937186888664	14.972543635349167	0.0	0.0	
3.9950541819231318	16.27143447324718	0.0	0.0	
4.484081659732358	17.391047540021024	0.0	0.0	
3.6160530358312855	18.18272399088301	0.0	0.0	
4.4870554419638085	18.998658062007966	0.0	0.0	
4.200857413937386	19.547832920490276	0.0	0.0	
3.6106072356450234	21.252233117228037	0.0	0.0	
4.482390313415482	22.483131256615806	0.0	0.0	
4.161166164167506	22.50444530133548	0.0	0.0	
3.6832164026905656	24.47159449108244	0.0	0.0	
3.501762775489526	24.51176966494728	0.0	0.0	
3.7861667485929367	25.832745027244645	0.0	0.0	
4.026721410104403	26.51793354414775	0.0	0.0	
4.352499614714411	28.048117851084083	0.0	0.0	
4.046815557741696	29.255308553593817	0.0	0.0	
4.023631218418719	30.18353515188698	0.0	0.0	
3.747775902696863	30.56056376255341	0.0	0.0	
5.248127433642073	0.07936197528358524	0.0	0.0	
4.695067939122266	0.7223605877967124	0.0	0.0	
4.873264562660294	2.1569125364355264	0.0	0.0	
5.369246658895539	2.606701410235274	0.0	0.0	
4.8052696455592505	3.6580564632355386	0.0	0.0	
5.034361260226322	5.316220333973103	0.0	0.0	
5.104308624321558	6.168623717959909	0.0	0.0	
4.813767146211199	7.469859608304828	0.0	0.0	
5.156105133640651	7.697496419829076	0.0	0.0	
5.000376206085838	8.746589729223746	0.0	0.0	
5.4239421346211145	9.886257373112585	0.0	0.0	
4.6349395728956075	10.505004543391967	0.0	0.0	
5.33056515407175	12.28177814097507	0.0	0.0	
4.933527070958065	12.983634471555025	0.0	0.0	
5.2656290395766945	14.095279108075529	0.0	0.0	
5.199616665793024	14.806511994727929	0.0	0.0	
4.652756175943331	16.02642789602176	0.0	0.0	
4.879572650719446	16.522813689286306	0.0	0.0	
4.881690624792509	18.1450801033039	0.0	0.0	
5.260360069163438	18.50652464436194	0.0	0.0	
4.630961329965289	19.621375343628138	0.0	0.0	
4.602329272916608	20.746385036829324	0.0	0.0	
4.933301728631478	21.548021360558785	0.0	0.0	
5.266932613882746	23.015263037421477	0.0	0.0	
4.6827595174677095	24.27062301800401	0.0	0.0	
5.341614708249656	25.21074519630485	0.0	0.0	
5.127313020602776	25.872679232009745	0.0	0.0	
4.538776314796758	27.495181149715467	0.0	0.0	
5.457360152560582	27.553420569762853	0.0	0.0	
5.413739489883845	28.96976908620738	0.0	0.0	
5.25787476126659	30.06275131235683	0.0	0.0	
4.840290853833732	31.45681797436917	0.0	0.0	
6.445110629191064	0.0210022919131585	0.0	0.0	
6.404366831711849	0.8988708521640596	0.0	0.0	
5.852733807623135	2.2977594726484862	0.0	0.0	
6.1856333177511775	2.582011657382539	0.0	0.0	
5.789548392116116	4.098360930953412	0.0	0.0	
6.1534085893666335	4.718994030906463	0.0	0.0	
5.836707443890562	5.848793983619901	0.0	0.0	
6.312650348264505	7.186101247762325	0.0	0.0	
5.527513123102485	8.153929662593601	0.0	0.0	
6.195879711884246	8.934201328525141	0.0	0.0	
5.7673417889680705	10.414505636938687	0.0	0.0	
5.928566669632702	11.414025857013735	0.0	0.0	
6.182601980859092	12.446790473598442	0.0	0.0	
5.854403455636128	12.665312047132844	0.0	0.0	
5.594595912916591	13.90399676412344	0.0	0.0	
5.788762053823022	14.690251641715296	0.0	0.0	
5.525468096840571	15.728884436721925	0.0	0.0	
6.114533442658444	17.00567783431684	0.0	0.0	
6.304973851696434	18.234127468542674	0.0	0.0	
6.0474388385955775	18.849373113896007	0.0	0.0	
6.012149072193569	20.08141182089401	0.0	0.0	
6.01331217697458	21.45948102133378	0.0	0.0	
6.000095311061035	22.219096948261225	0.0	0.0	
5.992011900759907	22.530781303451285	0.0	0.0	
5.66333333493919	24.152775755524495	0.0	0.0	
6.088559987778426	24.594465341072578	0.0	0.0	
5.78144690755343	26.289020949315915	0.0	0.0	
5.932265190294446	27.02568216641603	0.0	0.0	
6.372400098273374	28.494366238788835	0.0	0.0	
5.842523796485147	29.24659902364444	0.0	0.0	
5.983411381377163	29.6617680467712	0.0	0.0	
5.918357094283108	31.039577689402662	0.0	0.0	
7.122949303100659	0.27198621912441456	0.0	0.0	
7.242480958576384	1.2477149917277401	0.0	0.0	
6.980644924688873	2.1952272080904405	0.0	0.0	
7.323533711153026	2.672483971371254	0.0	0.0	
6.603143761938336	3.9103929999813642	0.0	0.0	
7.3859268113192265	4.870453452240817	0.0	0.0	
6.541377970850042	6.492529338926949	0.0	0.0	
6.9785560178049035	7.375109479591831	0.0	0.0	
6.853624896590556	8.387236762458416	0.0	0.0	
6.674748942511201	9.127218297202576	0.0	0.0	
7.000208916480053	10.260370831789816	0.0	0.0	
6.555589353489995	10.578764145070402	0.0	0.0	
7.061768012148632	11.704472762649509	0.0	0.0	
7.293972624290162	12.632896361075503	0.0	0.0	
6.78248613581457	14.245117799008451	0.0	0.0	
6.816929151014082	14.621592877967995	0.0	0.0	
6.578052339073542	15.600681618484757	0.0	0.0	
6.522433785037364	17.07194232701525	0.0	0.0	
7.008467081881622	17.961685745037165	0.0	0.0	
6.756898501681747	18.914384607145468	0.0	0.0	
7.3347741265144775	19.89087963322712	0.0	0.0	
7.177890730500618	20.50613503318611	0.0	0.0	
7.341744623433583	22.211417643493164	0.0	0.0	
6.907020156405614	22.952472949794764	0.0	0.0	
7.349784925556483	23.900662889907238	0.0	0.0	
6.645840249296093	25.329325354402208	0.0	0.0	
6.525362798250823	25.74267552392535	0.0	0.0	
6.585977928130607	26.809428105757334	0.0	0.0	
7.297878317117144	28.300103565328662	0.0	0.0	
7.211549387194457	29.268757491703326	0.0	0.0	
7.478201345802401	30.286384704715434	0.0	0.0	
7.262423299497603	30.524509704213877	0.0	0.0	
8.418442915171017	0.20486452603075378	0.0	0.0	
8.489400518292316	0.6260273380980776	0.0	0.0	
8.315648063051452	1.9489291268795277	0.0	0.0	
8.059175899409897	3.0531121132184795	0.0	0.0	
8.453875813005917	4.274188376904684	0.0	0.0	
7.513049199143653	4.524841585430386	0.0	0.0	
7.709519368539726	6.088126064550161	0.0	0.0	
8.363614238358299	6.962140560105541	0.0	0.0	
8.287416729353568	8.368652352097445	0.0	0.0	
7.995046135832296	9.139792797636506	0.0	0.0	
7.563944509979608	9.673422422290878	0.0	0.0	
7.968294025651259	10.901644219508023	0.0	0.0	
7.928085970260497	11.918310392124575	0.0	0.0	
8.436937752199261	12.899687319461624	0.0	0.0	
8.349529347303367	13.86993492390273	0.0	0.0	
7.751991285742305	14.812732935697925	0.0	0.0	
8.180763474228435	16.430859533331486	0.0	0.0	
8.446357025550363	17.007997442111048	0.0	0.0	
8.362078679054566	17.851999092865526	0.0	0.0	
7.815349968632665	19.405587138645927	0.0	0.0	
7.656666680596366	19.66121644071243	0.0	0.0	
8.178572246869342	21.234210327684398	0.0	0.0	
7.882810559777907	21.55515785889003	0.0	0.0	
7.5966044640695305	23.444986625972156	0.0	0.0	
7.894305158796756	24.31895262786654	0.0	0.0	
7.861374778947674	24.923721741103574	0.0	0.0	
8.289340179602867	25.547128061926095	0.0	0.0	
8.072899603686265	26.507994295238927	0.0	0.0	
7.531755429082287	28.19613734563295	0.0	0.0	
8.133058507930695	29.063698746169205	0.0	0.0	
7.984109619458995	29.53435740918455	0.0	0.0	
8.249733248753095	30.796421191562587	0.0	0.0	
9.239601345870543	0.28841240632410414	0.0	0.0	
9.461486072066531	1.2249604986569862	0.0	0.0	
8.973658648983136	1.9878514301845258	0.0	0.0	
8.553826767931694	2.941197573833053	0.0	0.0	
9.353574169730045	4.307601870425287	0.0	0.0	
8.931923609501114	5.370446353093673	0.0	0.0	
9.391800631264172	5.9390367081403515	0.0	0.0	
8.756173321222834	6.797415930495446	0.0	0.0	
8.971895534288953	7.5305492789021455	0.0	0.0	
9.38778206875234	9.158559727929667	0.0	0.0	
9.014503987567526	10.405254762789209	0.0	0.0	
8.936323058183044	11.3473098166324	0.0	0.0	
8.668676723358981	12.195814487167384	0.0	0.0	
8.516735288732962	13.375193252340779	0.0	0.0	
8.519395844031381	13.867222950060091	0.0	0.0	
9.403144255641335	15.44570281790198	0.0	0.0	
9.374355421415457	15.524869530302439	0.0	0.0	
9.427869464740022	17.34604336168959	0.0	0.0	
8.703101720308277	18.19763131431346	0.0	0.0	
8.777518407368815	19.38761172867852	0.0	0.0	
9.026221938164175	19.63626474838506	0.0	0.0	
9.377414576734974	21.242042486876276	0.0	0.0	
8.852527721244062	22.02428455459806	0.0	0.0	
8.857698372709404	23.116216812976322	0.0	0.0	
8.556692937885016	24.344788488099873	0.0	0.0	
9.132154958507607	25.463132255107602	0.0	0.0	
9.061220924855522	25.98357664538794	0.0	0.0	
8.959306352948566	26.756382917967738	0.0	0.0	
9.33118444225496	27.897362162825516	0.0	0.0	
8.911690151183741	28.747441053461024	0.0	0.0	
8.692928704978497	30.388050627795437	0.0	0.0	
9.251477322828118	31.27466202802347	0.0	0.0	
9.936940267577189	0.4072377195959772	0.0	0.0	
9.72632647006994	1.0297330730143468	0.0	0.0	
10.045130191906985	1.5965913717008697	0.0	0.0	
10.317127248067191	3.3501442283582645	0.0	0.0	
9.980910881542938	3.947805172548575	0.0	0.0	
9.591547014775973	5.302654495008687	0.0	0.0	
10.127995256849498	6.15579639045795	0.0	0.0	
10.148938893694229	6.955735875163192	0.0	0.0	
9.571437085514255	8.25133567779127	0.0	0.0	
10.477259587422864	8.627681431016782	0.0	0.0	
10.323777887086402	10.447742762724895	0.0	0.0	
9.761889592514478	11.49304356187391	0.0	0.0	
9.930202551027133	11.602440079024435	0.0	0.0	
10.08009576862613	12.623827779265309	0.0	0.0	
9.810797276610714	13.782339447025048	0.0	0.0	
9.734786839666922	14.857078448715624	0.0	0.0	
10.079936301825436	16.093929403421495	0.0	0.0	
10.286244786605614	16.849211146686997	0.0	0.0	
10.308871353152194	18.240357562100417	0.0	0.0	
9.943495126857007	19.440676955224355	0.0	0.0	
10.456635430096153	20.452720196614344	0.0	0.0	
10.489721503479617	21.24625985862598	0.0	0.0	
9.909948922354632	22.44924581055897	0.0	0.0	
10.090611260653587	23.021772249413843	0.0	0.0	
9.690675655637811	23.594940346381684	0.0	0.0	
10.157151502508942	25.179306478469034	0.0	0.0	
9.937173322398824	26.36469568768156	0.0	0.0	
9.78621738400966	26.943015007927958	0.0	0.0	
9.998675256070156	27.858581133848528	0.0	0.0	
10.025391887148702	29.28763564666516	0.0	0.0	
9.749865788393885	30.391057403736482	0.0	0.0	
9.593161543247323	31.48059057142872	0.0	0.0	
10.549804815034728	0.08562745532005744	0.0	0.0	
11.0953807718945	0.5237148565442279	0.0	0.0	
11.224735964862035	1.8020717036883585	0.0	0.0	
10.737805159490712	3.2600347672087464	0.0	0.0	
11.306561955638285	4.32356371449921	0.0	0.0	
10.872049115596814	4.945289152037831	0.0	0.0	
10.583900865866232	6.277693771448356	0.0	0.0	
11.29331846245779	7.3618973518224164	0.0	0.0	
10.940931725204562	8.079068127865579	0.0	0.0	
10.507076526374542	8.549095835507872	0.0	0.0	
10.836850689490564	9.78945313433654	0.0	0.0	
10.947905712626403	11.10264278906871	0.0	0.0	
10.809527535492498	11.743288358281353	0.0	0.0	
10.750240241914414	13.00842700837689	0.0	0.0	
10.670325584021295	13.932345555396273	0.0	0.0	
11.348387140540446	14.837179307290459	0.0	0.0	
11.226387184260474	15.781880011615629	0.0	0.0	
11.317154928582895	17.134935641647452	0.0	0.0	
10.760015032727727	18.077135563390346	0.0	0.0	
11.423795747859756	18.65757188490057	0.0	0.0	
10.720807818338892	19.844253597354403	0.0	0.0	
11.463480218447954	21.43732339969544	0.0	0.0	
10.783489456321151	21.97866513685357	0.0	0.0	
10.728001106767582	23.187854108165695	0.0	0.0	
10.585841073131723	24.29130759843719	0.0	0.0	
11.215012286871236	25.311459397913875	0.0	0.0	
10.700474758181938	25.61363696744757	0.0	0.0	
10.9370034428925	27.0513105104649	0.0	0.0	
11.456219250652868	28.0404299888831	0.0	0.0	
11.249418754226745	29.43195745895502	0.0	0.0	
10.730017198302155	29.7986651629079	0.0	0.0	
11.435238995164784	31.305085081549535	0.0	0.0	
12.316333725738923	0.20451287183628786	0.0	0.0	
11.612839259169903	1.0101362561017857	0.0	0.0	
11.745553423455885	1.6286307144929442	0.0	0.0	
12.234948165008312	2.906137638847807	0.0	0.0	
12.373286965485025	3.636828417424537	0.0	0.0	
12.385550392611638	4.621353435851983	0.0	0.0	
12.295513407307967	5.770316614467029	0.0	0.0	
11.664342918487874	6.753979123883248	0.0	0.0	
11.78191191953992	8.398452696434715	0.0	0.0	
11.52023493950735	9.238473878332439	0.0	0.0	
11.677685304580864	9.787782211968764	0.0	0.0	
12.102962726865204	10.693604255982056	0.0	0.0	
12.040050755261936	11.587763852626328	0.0	0.0	
11.735312995520497	13.275954173808623	0.0	0.0	
12.1075070251232	14.277957518409714	0.0	0.0	
12.473338020315811	15.173053467244992	0.0	0.0	
12.248090139798705	16.478565522159894	0.0	0.0	
11.959939917167715	17.408851897602005	0.0	0.0	
11.802400417401547	17.77715823705253	0.0	0.0	
12.130600762038737	19.08668539114011	0.0	0.0	
11.609328043503247	20.308353199234737	0.0	0.0	
12.15552713106946	21.08198581780378	0.0	0.0	
12.090375557274735	21.87006588829421	0.0	0.0	
11.713746943011726	23.40058996923389	0.0	0.0	
12.399661765181646	24.2718071178771	0.0	0.0	
12.172764400648074	25.174644055810738	0.0	0.0	
12.335930982219713	26.380812993553317	0.0	0.0	
11.938469531492972	26.512907598104583	0.0	0.0	
11.508182558563451	27.799362522785255	0.0	0.0	
12.07105472294674	29.362537307953943	0.0	0.0	
11.549389696325168	30.495545590605857	0.0	0.0	
12.383804450558232	31.24678962660152	0.0	0.0	
12.64754446574645	0.10591370002633727	0.0	0.0	
12.879253120316042	0.5182547775037158	0.0	0.0	
13.019079529803125	2.468160114460219	0.0	0.0	
12.990897318277103	3.1289218817559	0.0	0.0	
12.938276090572757	4.345346300546845	0.0	0.0	
12.632915494656244	5.278659977481188	0.0	0.0	
12.517365363138513	5.796604277437272	0.0	0.0	
13.337959994009571	6.554746775991572	0.0	0.0	
12.61198330768398	8.26818682832414	0.0	0.0	
12.596039803249155	9.403675497229557	0.0	0.0	
12.686564497769904	9.735869255890197	0.0	0.0	
13.28608908197696	10.986835276183307	0.0	0.0	
12.560583910335692	12.092506597338335	0.0	0.0	
13.025384935717717	13.305164871526294	0.0	0.0	
12.950429368393861	13.967511673423974	0.0	0.0	
13.09232364246993	14.774461300517933	0.0	0.0	
13.194110786738506	16.220598460265265	0.0	0.0	
13.127689887122417	16.69330603518283	0.0	0.0	
12.691143428867049	18.069056121768277	0.0	0.0	
12.56617725943682	18.936989791722738	0.0	0.0	
12.924322380575804	19.527614662909855	0.0	0.0	
13.386190334856321	21.19371615279283	0.0	0.0	
13.181141229530382	21.61262361790244	0.0	0.0	
12.696513338093116	22.960178640613794	0.0	0.0	
12.595805381331623	24.117305345479906	0.0	0.0	
12.516014286666294	25.116939104101228	0.0	0.0	
12.51358730463617	26.019285515518458	0.0	0.0	
13.163219384303284	26.711207059082675	0.0	0.0	
13.315771954769106	27.781200516538355	0.0	0.0	
12.567009094381152	29.13045335452512	0.0	0.0	
12.812587735256374	29.981514527279288	0.0	0.0	
12.792811007266248	31.290133552881294	0.0	0.0	
14.096034250240068	0.2111709361571289	0.0	0.0	
14.408575441061597	1.150311231953569	0.0	0.0	
14.075230944208863	1.683477341367497	0.0	0.0	
13.921616958560469	2.8388447730393995	0.0	0.0	
13.654411389445489	3.6215470061164705	0.0	0.0	
13.698728695286702	4.50800506567216	0.0	0.0	
14.123136751429891	6.159415947107218	0.0	0.0	
14.152084802079091	6.630131464989163	0.0	0.0	
14.228835716427144	7.731431314253278	0.0	0.0	
14.185847213946664	9.29890550479828	0.0	0.0	
13.773097315759033	10.349669982522236	0.0	0.0	
13.771617370908666	10.614091185653157	0.0	0.0	
13.822310803073158	11.918028213673649	0.0	0.0	
13.720595361693535	13.178981520090487	0.0	0.0	
13.801585527740292	13.849355741290678	0.0	0.0	
13.687237044537744	15.494632886440414	0.0	0.0	
13.518268271431177	16.162288231155287	0.0	0.0	
13.965733305279857	17.48490724299263	0.0	0.0	
13.666415726422048	17.962722506583116	0.0	0.0	
13.711893438127124	19.01587345010843	0.0	0.0	
14.163970716837763	19.62084236864268	0.0	0.0	
13.8570580473829	21.01476571352329	0.0	0.0	
13.535952200140244	22.113284745036452	0.0	0.0	
13.570101807284187	22.82915497508568	0.0	0.0	
14.074465261835252	23.863432393546056	0.0	0.0	
14.389349440049651	25.292940111080537	0.0	0.0	
13.762419260903735	25.77801890834891	0.0	0.0	
13.567911403787532	26.563770715845063	0.0	0.0	
13.876304897364642	28.134382407841674	0.0	0.0	
13.672428206166538	29.22011129448671	0.0	0.0	
14.249004074925955	30.2066274263844	0.0	0.0	
13.64302572456354	31.286353855283625	0.0	0.0	
14.984161358774784	0.04836009972465305	0.0	0.0	
14.64313165855361	0.5459898056428718	0.0	0.0	
15.25247221766634	2.1043176432764503	0.0	0.0	
14.601820712864962	3.074578720014225	0.0	0.0	
14.987344958950771	3.9336835218516772	0.0	0.0	
15.39140877639087	4.642921804204142	0.0	0.0	
15.411322061873596	6.213851025659997	0.0	0.0	
15.154915174399283	6.95339589108158	0.0	0.0	
14.721769611827714	7.586276531944802	0.0	0.0	
15.35410562844828	9.247970869549789	0.0	0.0	
15.097657644166445	10.483340275691672	0.0	0.0	
15.001055679289268	10.927665354854094	0.0	0.0	
14.627588048694536	11.525041879341757	0.0	0.0	
15.316902039816439	13.40870574726982	0.0	0.0	
14.6533685505751	14.253487510333487	0.0	0.0	
15.419902853520831	15.210988198739797	0.0	0.0	
14.8888088373485	16.21077397942267	0.0	0.0	
15.296517470601495	17.02011601291553	0.0	0.0	
14.894821095466488	18.05574011437908	0.0	0.0	
15.304130716144565	19.143520790839105	0.0	0.0	
15.410494886209529	20.02744145990278	0.0	0.0	
14.807076160356758	20.54464875982003	0.0	0.0	
15.145084418327125	22.405745275082648	0.0	0.0	
14.932664522565004	22.57277834577037	0.0	0.0	
15.12866318163997	24.031298488399962	0.0	0.0	
14.524704960017855	25.24921677562206	0.0	0.0	
14.770052609989929	25.786756523180973	0.0	0.0	
14.966633080454947	27.13934028818956	0.0	0.0	
14.781041740154237	27.843979225410937	0.0	0.0	
14.932090546655841	28.902224101007203	0.0	0.0	
15.470236494143544	29.861278690105106	0.0	0.0	
14.658371953642934	30.607035674068378	0.0	0.0	
15.854186431992737	0.28032656688105695	0.0	0.0	
15.835162770301523	0.9087298475051602	0.0	0.0	
16.34742861765299	1.999991791603934	0.0	0.0	
16.447322765673793	2.753026281117522	0.0	0.0	
16.31239026081377	4.133999648883194	0.0	0.0	
15.678987066108665	4.897544532418048	0.0	0.0	
15.796410975065786	6.406019837378674	0.0	0.0	
15.614051762600514	6.648478163095684	0.0	0.0	
16.031925912157295	7.54496550765841	0.0	0.0	
16.072408180197275	9.02129814210854	0.0	0.0	
15.754080787915912	9.822450210695367	0.0	0.0	
15.750685187892813	10.984961724433125	0.0	0.0	
16.302329551011706	12.271888150522093	0.0	0.0	
16.19228212972258	13.072681165911725	0.0	0.0	
16.11030698078436	13.623844593577742	0.0	0.0	
16.055850495422288	14.937593259442142	0.0	0.0	
15.931383208407404	16.00641539557531	0.0	0.0	
15.762543773041985	17.244552199320736	0.0	0.0	
15.853486995937466	17.598134016206316	0.0	0.0	
16.122339835494774	18.986125207163226	0.0	0.0	
16.1068266874736	19.701032288535764	0.0	0.0	
16.221763681026903	20.877027803142756	0.0	0.0	
16.269733395143312	21.77768324615793	0.0	0.0	
15.927807824042686	22.568160830581245	0.0	0.0	
16.339760306721864	23.550876001516997	0.0	0.0	
16.03700061797874	25.02744152118219	0.0	0.0	
16.486541194488186	25.92214312529977	0.0	0.0	
16.49261747829679	26.836693342604207	0.0	0.0	
15.784028733176827	27.953512170726246	0.0	0.0	
15.79315010730807	28.587868109445875	0.0	0.0	
15.633742832160141	30.212453317934347	0.0	0.0	
15.858519693943778	30.548162232843428	0.0	0.0	
17.109047485220444	0.4467600755480572	0.0	0.0	
17.289644487233666	1.060108196351646	0.0	0.0	
17.02940534482004	1.9337759488414847	0.0	0.0	
17.47915308984812	3.1049491453975184	0.0	0.0	
16.626858222226673	3.798027237455883	0.0	0.0	
17.4703291655141	5.028763635298283	0.0	0.0	
16.573331443866305	5.506162890882176	0.0	0.0	
16.599237951251514	6.544726151656476	0.0	0.0	
16.952720055593815	7.91876834730351	0.0	0.0	
16.96920621829527	9.481455601839388	0.0	0.0	
16.533653406012657	10.063312393348221	0.0	0.0	
16.712495591454346	10.99092605747022	0.0	0.0	
16.73405034309256	11.717869255186503	0.0	0.0	
16.84029731954965	13.412153061149137	0.0	0.0	
17.265723677918256	13.513577684790393	0.0	0.0	
16.934671000746597	14.660545587078484	0.0	0.0	
16.771628811351103	15.511665591347628	0.0	0.0	
17.35569066542023	16.609195728489198	0.0	0.0	
16.556793485058154	17.62156670377461	0.0	0.0	
16.646328879966873	18.994617880236138	0.0	0.0	
17.13841320223616	20.0985594530097	0.0	0.0	
17.063838950381353	20.926374203472847	0.0	0.0	
17.33700037639424	22.43576916125661	0.0	0.0	
16.728997837785602	22.980729144185027	0.0	0.0	
16.896054667766077	24.130230417795197	0.0	0.0	
16.611706797331816	25.44253356806671	0.0	0.0	
17.252742499743206	25.52638681890523	0.0	0.0	
17.03377876468698	26.969962430547778	0.0	0.0	
17.0610456053167	27.697910083179536	0.0	0.0	
16.600891261196185	28.527761520014685	0.0	0.0	
17.02905746186525	30.12712035927591	0.0	0.0	
16.698646277208873	31.144547109330436	0.0	0.0	
18.369320670065537	0.27591917673199406	0.0	0.0	
17.647101268598544	0.9256152785149002	0.0	0.0	
17.939975861573448	2.3055670210439874	0.0	0.0	
18.49746989054549	2.6086335997330203	0.0	0.0	
18.36906574943796	4.244056933233798	0.0	0.0	
17.85532524139992	5.166459520128505	0.0	0.0	
17.513059517646056	5.670099187791654	0.0	0.0	
18.21594133683649	6.9996125978121	0.0	0.0	
17.589109744384174	7.532148796101018	0.0	0.0	
17.70481201870662	9.097338780586895	0.0	0.0	
18.024387191248238	10.240049141205798	0.0	0.0	
17.796024752533334	10.719817225854941	0.0	0.0	
18.44522568614853	11.859922308211832	0.0	0.0	
18.014818829808533	13.097008215698013	0.0	0.0	
18.353776177657487	13.73054260750379	0.0	0.0	
17.854060963559647	14.745618522897233	0.0	0.0	
17.91973668981998	15.983564202421235	0.0	0.0	
18.02840658449394	16.68961929839266	0.0	0.0	
17.79360373335427	18.298272078873122	0.0	0.0	
17.679341944339626	19.37096429392362	0.0	0.0	
18.421395071219813	20.17435529424485	0.0	0.0	
18.035819013259008	20.629909750214708	0.0	0.0	
18.473261739058366	21.59249184440041	0.0	0.0	
18.151789278916116	22.54283860306747	0.0	0.0	
17.828957621481184	23.790116167506458	0.0	0.0	
18.25013965314558	24.58361116743486	0.0	0.0	
18.237594286913776	25.567176596409958	0.0	0.0	
17.79512400278652	27.112369081776976	0.0	0.0	
17.86647783872218	28.389055142426372	0.0	0.0	
17.787366409900947	28.615917586802183	0.0	0.0	
18.1075579652135	29.53606029824638	0.0	0.0	
17.897251508291163	31.06168895646209	0.0	0.0	
19.483182674309713	0.2733761553055848	0.0	0.0	
19.100277595702543	0.9979286556814327	0.0	0.0	
18.984291547219723	1.9580154867836796	0.0	0.0	
18.927110888244748	2.6247708529840996	0.0	0.0	
18.763876033162816	3.6485422659617157	0.0	0.0	
19.28785291707883	5.23764615010306	0.0	0.0	
19.376585887658486	5.910828656091992	0.0	0.0	
18.674098505300304	6.614594101577791	0.0	0.0	
18.57849497855183	7.619413866334886	0.0	0.0	
19.212619147453065	9.166383196202695	0.0	0.0	
19.48283554904445	10.438848641450246	0.0	0.0	
18.75099759799931	10.756991098615933	0.0	0.0	
19.49748687485015	12.018157798593544	0.0	0.0	
19.072667506548946	13.276228869591206	0.0	0.0	
18.61492022125677	14.187565112832761	0.0	0.0	
18.76930162026938	14.933137369351174	0.0	0.0	
19.040292784588775	16.067466777059213	0.0	0.0	
19.10144784039138	17.259172206001217	0.0	0.0	
18.742296746224678	18.30244562585299	0.0	0.0	
19.208328166244666	18.721554012216284	0.0	0.0	
19.219378978911163	19.903273722337516	0.0	0.0	
19.486864590437378	21.213373197873132	0.0	0.0	
19.325092535588794	21.685919629917983	0.0	0.0	
18.88974364512731	23.350573996131477	0.0	0.0	
18.646771032691802	23.888963001339445	0.0	0.0	
18.850452532120812	24.793159543425872	0.0	0.0	
18.97776929787841	26.404042528945997	0.0	0.0	
19.03632463382547	27.47235333259009	0.0	0.0	
19.035746678354496	27.516731570592057	0.0	0.0	
18.861413794057366	29.273958940722007	0.0	0.0	
18.664993437465125	30.16159859671807	0.0	0.0	
19.143218518083366	30.597038330703704	0.0	0.0	
20.13938593608806	0.011442019215971544	0.0	0.0	
20.188340775812275	1.1631553912760384	0.0	0.0	
19.94857131511728	1.602711455532654	0.0	0.0	
20.267470880803597	2.655576838550313	0.0	0.0	
20.186032720170886	3.8941193252351223	0.0	0.0	
19.853498930027406	4.929043942306898	0.0	0.0	
19.666058488269574	5.951348970693963	0.0	0.0	
19.701849533848854	6.969192138133087	0.0	0.0	
19.946569265533572	8.369316007229553	0.0	0.0	
19.67748655776378	9.18130997677779	0.0	0.0	
19.815927579067026	10.299391946250488	0.0	0.0	
19.519478422898523	11.114616078174974	0.0	0.0	
19.697582287339667	12.292197521969145	0.0	0.0	
20.363755719395982	12.94120464225678	0.0	0.0	
20.042854958506805	13.971754906773864	0.0	0.0	
19.849265302112183	15.360813338608889	0.0	0.0	
20.30843910537198	16.108655224624272	0.0	0.0	
20.422099679547202	16.87193802143751	0.0	0.0	
19.683641388279092	17.658290597196906	0.0	0.0	
20.381512384416332	19.06867652017771	0.0	0.0	
20.073611974053136	20.2392853687783	0.0	0.0	
20.091425686326993	20.576828509029546	0.0	0.0	
19.931919742521057	22.203973821296437	0.0	0.0	
20.47457478870548	23.237234668947785	0.0	0.0	
19.77764664699997	24.49520755794957	0.0	0.0	
20.257019877807547	25.418194163695947	0.0	0.0	
19.537571466557715	26.095801920423906	0.0	0.0	
19.564760760790588	27.404031222908074	0.0	0.0	
20.20142216725018	27.828821693435838	0.0	0.0	
20.374330829459183	28.989762463467724	0.0	0.0	
20.46208632927532	29.55920557773947	0.0	0.0	
20.128731048677857	31.23940352267058	0.0	0.0	
21.30967784813272	0.15081927862016564	0.0	0.0	
21.340458974394465	1.4679820423881513	0.0	0.0	
20.59253505574555	2.2351708402065835	0.0	0.0	
20.910446151256966	2.987312737072574	0.0	0.0	
21.293095953297282	3.590605112142341	0.0	0.0	
20.66921716808509	4.760108019627278	0.0	0.0	
21.240417358295442	5.841188538257342	0.0	0.0	
20.8105861318904	6.500476541262293	0.0	0.0	
21.249723323051686	7.621899427356081	0.0	0.0	
20.829453416010836	9.171279381870999	0.0	0.0	
20.63221648381921	9.870738552140786	0.0	0.0	
21.276615678355835	11.04145226432769	0.0	0.0	
20.526113069913308	12.057465615127699	0.0	0.0	
21.066022437054993	13.236455459950836	0.0	0.0	
20.981121811411494	14.288809134006389	0.0	0.0	
21.021049956934103	15.275226136865799	0.0	0.0	
20.745996161393986	16.373372167540687	0.0	0.0	
21.20561075906489	17.210014490640926	0.0	0.0	
21.333644357513272	17.822592204440383	0.0	0.0	
21.072849383891462	18.523737687870668	0.0	0.0	
21.29872899810312	20.024276819929067	0.0	0.0	
21.23756326632133	20.87547116907899	0.0	0.0	
20.566523360789425	21.7016022663439	0.0	0.0	
20.761722300694917	23.23557904975853	0.0	0.0	
21.064299843169117	23.791318795908612	0.0	0.0	
21.37169858738468	25.399719060280816	0.0	0.0	
20.652775083967665	25.603686446555372	0.0	0.0	
21.003037929344266	26.657371003836044	0.0	0.0	
21.378205848541516	28.426675967112168	0.0	0.0	
20.661810717107745	29.04162920213782	0.0	0.0	
21.249048472432417	29.813855334926615	0.0	0.0	
20.562558258990666	30.779415045859302	0.0	0.0	
21.775556588677777	0.04893582525493123	0.0	0.0	
22.090485105651947	0.7587126725442722	0.0	0.0	
21.84826028900303	2.0856184466997103	0.0	0.0	
21.690322376844886	2.8492146400952825	0.0	0.0	
22.242479589271078	3.8596765952673855	0.0	0.0	
22.493555070144023	5.327125304748507	0.0	0.0	
21.67057387674422	5.725394377709135	0.0	0.0	
22.148838031373565	6.913488551051667	0.0	0.0	
21.619680020722697	7.848986518467864	0.0	0.0	
21.654080522386458	9.18228812482123	0.0	0.0	
21.945299804215693	10.456316211311167	0.0	0.0	
21.961156537512213	11.149022270552841	0.0	0.0	
22.147789564557872	12.320028379306562	0.0	0.0	
22.085815411799242	13.204237073984155	0.0	0.0	
22.252837101820315	14.399306215747798	0.0	0.0	
22.46500211808168	14.821328027667041	0.0	0.0	
21.90898790138958	16.007456171107343	0.0	0.0	
22.34236536331263	16.972637945324927	0.0	0.0	
21.602518361217747	17.702366229076965	0.0	0.0	
21.674234492074536	18.526504888024494	0.0	0.0	
22.003069726512567	19.946442090473607	0.0	0.0	
21.551657177885552	20.83740250610146	0.0	0.0	
22.295607433594373	21.58527004920356	0.0	0.0	
21.67774942588868	23.43421014991236	0.0	0.0	
21.835908759508857	23.86837509882664	0.0	0.0	
21.526425133650342	24.534845956016323	0.0	0.0	
21.68669389173105	26.052766908958926	0.0	0.0	
21.8880380277832	27.029209133061315	0.0	0.0	
21.945266696694723	28.159797135192857	0.0	0.0	
21.583545014243033	29.016121970542233	0.0	0.0	
22.219679583538028	29.900655630371723	0.0	0.0	
22.29849383684713	30.71091520450511	0.0	0.0	
23.294298319604454	0.23745399414810153	0.0	0.0	
22.580735020500796	1.2807241192177932	0.0	0.0	
23.48992093457357	2.0359557117986604	0.0	0.0	
22.564954958879248	2.7733181464424637	0.0	0.0	
23.004351260059657	4.000439092666184	0.0	0.0	
22.991947961170805	5.179098930108149	0.0	0.0	
23.22352050766747	5.96877499599028	0.0	0.0	
22.645264331440128	6.628145282738527	0.0	0.0	
22.83235153059815	8.439798015215967	0.0	0.0	
23.128685309039728	8.907614851961391	0.0	0.0	
22.800379438318537	9.711479097208313	0.0	0.0	
22.719080667132385	11.483202316648196	0.0	0.0	
22.594056732893648	11.704683918164926	0.0	0.0	
23.255022985765212	12.968392973157087	0.0	0.0	
23.188004226302056	14.201752159950578	0.0	0.0	
23.212344995079583	14.58114580581985	0.0	0.0	
22.91400190024344	16.172612442792133	0.0	0.0	
22.582614003358078	16.66874654308407	0.0	0.0	
23.186464744605114	18.146487175407216	0.0	0.0	
23.414828173402537	19.115775975048514	0.0	0.0	
23.498089585480376	20.065678420518495	0.0	0.0	
23.24049533317895	20.91110616902081	0.0	0.0	
22.63277024881176	22.20282986820514	0.0	0.0	
23.180513434948736	23.394493917712175	0.0	0.0	
23.221704779916866	23.75713293598945	0.0	0.0	
23.17357844068022	24.578484800154335	0.0	0.0	
23.13086900731137	26.314566715547013	0.0	0.0	
22.638069517924574	27.05715011477698	0.0	0.0	
22.727591379059238	27.790815450056115	0.0	0.0	
23.452751824231125	29.170514790000507	0.0	0.0	
22.890744441876308	29.547094739046088	0.0	0.0	
23.06608467778869	30.8158013960182	0.0	0.0	
23.535902776511982	0.4818250771296698	0.0	0.0	
24.429956216459864	0.8293231693031827	0.0	0.0	
23.877651366963068	2.27587251897972	0.0	0.0	
24.432005226461587	2.5567234228689464	0.0	0.0	
23.660473959678484	4.084955765386724	0.0	0.0	
24.11424571643063	4.728193436111336	0.0	0.0	
23.667502706876327	5.9269444883962406	0.0	0.0	
23.662614496143714	6.8893780401321845	0.0	0.0	
23.67911414643396	7.502304420741514	0.0	0.0	
24.124703777326996	8.97739941560622	0.0	0.0	
24.205705514416092	9.522789145053595	0.0	0.0	
24.405060518462804	10.659247843185648	0.0	0.0	
23.64042223284138	11.733603786237921	0.0	0.0	
23.76613345812945	12.666607469589202	0.0	0.0	
23.93587303392773	14.059897015381145	0.0	0.0	
23.867209590309468	15.249020508635597	0.0	0.0	
23.854669868595632	15.985182063593717	0.0	0.0	
24.001263352521566	17.316726270328417	0.0	0.0	
24.249112481461395	18.41496209208996	0.0	0.0	
24.092944587791774	19.0991194985817	0.0	0.0	
23.962179862960255	20.362511942173782	0.0	0.0	
23.93049341286123	21.18590843097794	0.0	0.0	
24.182586328294718	22.319124442180108	0.0	0.0	
23.71929773717601	22.65158354090058	0.0	0.0	
23.996926461264167	23.566604704185934	0.0	0.0	
23.670464851767566	25.462781643441012	0.0	0.0	
23.817064382796843	25.823062515731166	0.0	0.0	
24.477899182970898	26.99590351058666	0.0	0.0	
23.82280081123015	28.079149219583975	0.0	0.0	
23.712795666369065	29.120204780097176	0.0	0.0	
23.56295931909019	30.042705272560234	0.0	0.0	
23.68491809179851	31.040815118357482	0.0	0.0	
25.448671674332836	0.3213878191081768	0.0	0.0	
25.414007974473197	1.2982852072866224	0.0	0.0	
25.10564582181018	1.9517524432308222	0.0	0.0	
25.320298717661032	2.860930574704275	0.0	0.0	
25.07693668849585	3.6475472531049378	0.0	0.0	
25.18902894255901	4.647246089363762	0.0	0.0	
24.838201270913036	6.486900596234549	0.0	0.0	
25.382816843665875	6.652329858347603	0.0	0.0	
24.523993820130457	8.088472933221864	0.0	0.0	
24.745156911361995	8.63832810703611	0.0	0.0	
25.04627688318101	10.253784441659814	0.0	0.0	
24.966933699597814	10.686967645549299	0.0	0.0	
24.821238134064313	11.524002444098251	0.0	0.0	
24.803279800291566	13.058380994588417	0.0	0.0	
24.529715942232183	13.966356303963812	0.0	0.0	
24.970743281399557	14.709565224973321	0.0	0.0	
24.804707936380954	16.225485979913035	0.0	0.0	
25.478185926475916	16.56266341437607	0.0	0.0	
25.23541484441625	17.993677698538793	0.0	0.0	
25.47295997977201	19.162215137380112	0.0	0.0	
24.74439829577068	19.894170863238028	0.0	0.0	
25.329648680805935	20.889927938393107	0.0	0.0	
24.715457441271187	21.773369938457865	0.0	0.0	
24.82410629290698	23.33095920191506	0.0	0.0	
24.837253922796425	23.517407106857853	0.0	0.0	
25.002337502795495	24.772812393066904	0.0	0.0	
24.74828543165565	26.106762260018712	0.0	0.0	
25.444239040608316	27.025272247756128	0.0	0.0	
24.975852640870983	27.731934824175603	0.0	0.0	
24.663280280420455	29.001917763511045	0.0	0.0	
24.962798841342664	29.793168582239403	0.0	0.0	
25.18186190183206	30.627244502753136	0.0	0.0	
26.283711163132303	0.07733835861909577	0.0	0.0	
26.37190247793172	1.3848762864498116	0.0	0.0	
25.880382959223407	2.1698872764627373	0.0	0.0	
26.304826774359704	3.044834523979201	0.0	0.0	
26.146116928519987	3.6838098251053215	0.0	0.0	
25.89415504458866	5.205244939995968	0.0	0.0	
26.305484497678297	5.764258573337538	0.0	0.0	
26.351237655629173	6.7967194231845705	0.0	0.0	
25.73402845036762	8.083299601716462	0.0	0.0	
25.91448120456752	9.008699770048274	0.0	0.0	
25.904134004461167	9.995024839318047	0.0	0.0	
25.64470401496202	11.492713097323149	0.0	0.0	
25.6619520643447	12.305456342952345	0.0	0.0	
25.839468860933636	12.744787362134618	0.0	0.0	
26.497690754604665	13.874066247181823	0.0	0.0	
26.048208256460452	14.606303056652266	0.0	0.0	
25.909215098676036	15.605107419313033	0.0	0.0	
26.092643593547155	16.57546863497535	0.0	0.0	
25.765828589680293	18.218218572923472	0.0	0.0	
25.81821538308145	19.159308940245243	0.0	0.0	
26.499571995335796	19.799705802869653	0.0	0.0	
25.72088667413177	21.32681819321278	0.0	0.0	
26.17761719825098	21.6880446173608	0.0	0.0	
26.29296822461315	22.69447562947411	0.0	0.0	
25.84983389984554	23.617345484392715	0.0	0.0	
26.216817691733095	24.98019728886297	0.0	0.0	
26.1838564495903	25.63185631354199	0.0	0.0	
25.83703408044237	26.638267609666162	0.0	0.0	
25.650612422563565	28.18894696921966	0.0	0.0	
25.81461366632186	28.951700329156665	0.0	0.0	
26.050554761702607	30.202159899397234	0.0	0.0	
25.536618857921773	30.639918952960816	0.0	0.0	
27.216188058349292	0.35829288406148296	0.0	0.0	
27.076457906826185	0.8381218360209562	0.0	0.0	
26.57044053380956	2.4657403534617908	0.0	0.0	
26.888094878861256	3.3328373445654496	0.0	0.0	
27.460410275946675	3.9508349988267364	0.0	0.0	
26.914378755479575	5.031087445285763	0.0	0.0	
27.021365351683652	6.1567756196764005	0.0	0.0	
26.695609798108045	6.773345571435541	0.0	0.0	
27.458184725076766	7.558485639060177	0.0	0.0	
26.58492628452291	8.617906055463589	0.0	0.0	
27.39402348613323	9.892226146927179	0.0	0.0	
26.559853660740412	10.551908151249508	0.0	0.0	
27.477515361792157	11.64646486556247	0.0	0.0	
27.44440161046405	12.668649100395408	0.0	0.0	
27.114368432104943	14.468139164191678	0.0	0.0	
26.82540744472253	15.140064510854641	0.0	0.0	
26.52544827366196	16.292846705107998	0.0	0.0	
26.745470329271413	17.273464179224575	0.0	0.0	
27.06948775142458	17.941015009188924	0.0	0.0	
26.843168069205625	19.206594123357448	0.0	0.0	
27.173241608207103	19.57666161998772	0.0	0.0	
27.01801760571746	20.9571004857344	0.0	0.0	
27.499275764977224	21.730037872410577	0.0	0.0	
26.726038345119722	22.713212706867957	0.0	0.0	
27.21163653524715	23.73627270104435	0.0	0.0	
26.740780327299007	25.37574073251643	0.0	0.0	
26.605528518178254	25.539500156786517	0.0	0.0	
26.985337943096628	27.320915452448226	0.0	0.0	
26.955279598939796	28.050947588533866	0.0	0.0	
26.90769111519706	29.19030378121569	0.0	0.0	
27.332144472774324	30.40924564525142	0.0	0.0	
27.108288789923737	31.439028877232186	0.0	0.0	
27.83364788769999	0.20922455531032436	0.0	0.0	
27.649516705379177	1.457966919940492	0.0	0.0	
27.71973910267851	1.7123290541314096	0.0	0.0	
27.80446895631946	3.1452421820264194	0.0	0.0	
27.740100089570333	3.9580436404911676	0.0	0.0	
27.534667249937474	5.185570693475124	0.0	0.0	
27.768688783145027	5.7439099894308105	0.0	0.0	
28.10357695855068	6.838691039107102	0.0	0.0	
27.7298805326675	7.676473244153005	0.0	0.0	
28.423937851150022	8.77119058038856	0.0	0.0	
28.220470718460287	10.254613978882311	0.0	0.0	
28.33965900917708	11.084463681531947	0.0	0.0	
28.07239817260745	12.467920219091214	0.0	0.0	
28.214112361907095	12.861014220883584	0.0	0.0	
27.6874293868025	13.79441005889898	0.0	0.0	
28.329978714358443	14.910673665102415	0.0	0.0	
27.982449449029968	15.67525107527165	0.0	0.0	
27.584000866168736	16.935473404291013	0.0	0.0	
28.170324402007587	18.177558595891405	0.0	0.0	
28.3602966733203	18.89451904215502	0.0	0.0	
27.94381127036104	20.140982869109504	0.0	0.0	
28.063762600838288	21.04984194593561	0.0	0.0	
27.828703038506738	22.43222333372471	0.0	0.0	
27.507283341787513	23.399632418374274	0.0	0.0	
28.355548761298177	24.19727245465705	0.0	0.0	
28.09852428828926	24.889645137375478	0.0	0.0	
27.833781406143487	26.47408921104615	0.0	0.0	
28.041812195384512	26.84096144970085	0.0	0.0	
27.850953097406872	28.181907191460816	0.0	0.0	
28.226190884899136	28.64457843542964	0.0	0.0	
27.574635974962945	30.192965958604493	0.0	0.0	
28.314103002842767	30.507186645888606	0.0	0.0	
28.555050181059745	0.4217767656987452	0.0	0.0	
29.286647370819043	0.5846142284704682	0.0	0.0	
28.95687869092932	1.5843365235096771	0.0	0.0	
28.96096364448275	3.0990858723624775	0.0	0.0	
29.23390091928505	4.366542789417799	0.0	0.0	
29.037674343008547	4.564470838718753	0.0	0.0	
28.95163260475854	6.210635620157284	0.0	0.0	
28.67514569328792	6.791843762801651	0.0	0.0	
29.294125400039807	7.81815682173852	0.0	0.0	
28.883222144645263	9.03314790004483	0.0	0.0	
29.42647106852735	10.045179320269199	0.0	0.0	
28.816089411019775	11.489175227791412	0.0	0.0	
29.03276791231057	12.081752259944516	0.0	0.0	
29.044762687788207	13.242997013710017	0.0	0.0	
29.15039696412622	14.084150073636602	0.0	0.0	
29.48587275783013	14.7629025683668	0.0	0.0	
29.463045280288615	16.086338240698996	0.0	0.0	
28.968910121025065	17.14377255570904	0.0	0.0	
29.342284530853487	17.745416339016785	0.0	0.0	
28.776209046726915	18.54245341892592	0.0	0.0	
28.8022029780845	20.22229799411165	0.0	0.0	
29.2642140946154	20.826142815615018	0.0	0.0	
28.798287193922416	21.991411824743313	0.0	0.0	
28.950270665676378	23.158707514541625	0.0	0.0	
29.070376999266806	23.56249325460925	0.0	0.0	
28.52481042462893	25.03034692204149	0.0	0.0	
28.67776765126126	26.469549440285377	0.0	0.0	
28.596464292407436	27.34858063411538	0.0	0.0	
28.858537919849677	28.36120341265638	0.0	0.0	
29.423260842339385	29.27133463924522	0.0	0.0	
28.686740435798086	29.91125817889649	0.0	0.0	
29.169235100923554	31.081159697312426	0.0	0.0	
30.39301170560598	0.08152472305210923	0.0	0.0	
30.285749246417318	0.8909567157175989	0.0	0.0	
29.657779189926135	1.7060116872355477	0.0	0.0	
30.140537751193577	2.540660262572705	0.0	0.0	
29.616932858737268	3.6711051399313126	0.0	0.0	
30.09597907504908	5.428460199652607	0.0	0.0	
29.599828884602704	6.301844846524687	0.0	0.0	
29.793825353521758	7.011393918993659	0.0	0.0	
30.209155018270298	7.876922494979601	0.0	0.0	
30.33157103817007	8.72948326108063	0.0	0.0	
30.297653334052246	9.906739745806092	0.0	0.0	
30.4347112625325	10.516839578818422	0.0	0.0	
30.10024333911868	12.300744469908778	0.0	0.0	
29.869039471613704	13.145270351075567	0.0	0.0	
29.82787461910353	14.30422357469441	0.0	0.0	
30.057835990093324	15.042961202037352	0.0	0.0	
30.099737464959905	15.644680453247794	0.0	0.0	
30.39956638015008	16.91458500392212	0.0	0.0	
29.667780309270974	17.817707304982985	0.0	0.0	
30.017421227384336	19.055767341134217	0.0	0.0	
30.056189760045996	20.471908586179392	0.0	0.0	
30.391259152294936	21.13842329268653	0.0	0.0	
30.12378111247152	22.397425775014472	0.0	0.0	
29.715553954792995	22.63368726155413	0.0	0.0	
29.612005967607164	24.364911408371693	0.0	0.0	
29.959980656785813	24.83650119931053	0.0	0.0	
29.688894819584124	25.74314163578458	0.0	0.0	
29.70126243988369	26.75034125444148	0.0	0.0	
30.162451861237116	27.898340801857	0.0	0.0	
30.40601687915113	28.98548105415547	0.0	0.0	
30.007790263627445	29.71742670380262	0.0	0.0	
30.468791457401935	30.899656625283637	0.0	0.0	
30.56568395188065	0.19536370909223788	0.0	0.0	
30.8548821558838	1.0494401240498494	0.0	0.0	
31.378515375417233	2.0183037921345455	0.0	0.0	
30.9231710263951	2.809865792015467	0.0	0.0	
31.091865304169588	4.325168845138941	0.0	0.0	
30.74374618017454	4.988769630558181	0.0	0.0	
30.672650832814426	5.829980122795807	0.0	0.0	
31.161093846297458	7.33486854728427	0.0	0.0	
31.016856827792324	8.367385617836566	0.0	0.0	
30.97054604304627	9.142593178792694	0.0	0.0	
30.849561050270655	9.76266987449251	0.0	0.0	
31.06717544834449	10.543991107239382	0.0	0.0	
31.248489755661748	11.923445389766396	0.0	0.0	
30.917522818410255	12.676678386490806	0.0	0.0	
31.327158390497313	13.948931336384573	0.0	0.0	
30.623300882094533	14.956199248492553	0.0	0.0	
31.29661416482115	16.4301755625734	0.0	0.0	
30.620824995916703	16.9337909385426	0.0	0.0	
30.82227440218147	18.34616880505876	0.0	0.0	
31.26239032482333	18.790474330445544	0.0	0.0	
30.597031663119314	19.51797774828375	0.0	0.0	
31.228017251015146	21.402757903064003	0.0	0.0	
31.201230528565944	21.83846453970488	0.0	0.0	
31.318827953134964	23.321779231973387	0.0	0.0	
30.750772390444734	24.222237684952834	0.0	0.0	
31.2363308240167	25.24051149397835	0.0	0.0	
31.419031805217415	25.625208401512833	0.0	0.0	
30.819437231382466	26.796938057124326	0.0	0.0	
30.715919459741187	27.81751150686843	0.0	0.0	
31.219873883780217	28.739329573659138	0.0	0.0	
30.56162260026312	30.138778972372403	0.0	0.0	
30.941592860477193	31.40385320819516	0.0	0.0	
