2
32.0	0.0	0.0	0.0	
0.0	32.0	0.0	0.0	
0.3779691726388996	0.31942445042073075	0.0	0.0	
0.015392894489252296	0.9966712395021253	0.0	0.0	
0.10940379741541117	2.0071704937766097	0.0	0.0	
0.45917790433245564	2.511904764665656	0.0	0.0	
0.2707760187054371	3.5954098702397914	0.0	0.0	
0.08635401504752416	4.926103904443173	0.0	0.0	
0.4891789312150563	5.613345169545868	0.0	0.0	
0.250865119139558	6.651796615018071	0.0	0.0	
0.4576483896350383	7.511058849546663	0.0	0.0	
0.2779242554733746	9.105275917489418	0.0	0.0	
0.053276161370015784	10.433721038165121	0.0	0.0	
0.1205261834774547	11.485552716477626	0.0	0.0	
0.14882665335034106	12.394266649987424	0.0	0.0	
0.4448388562385541	12.983601516907692	0.0	0.0	
0.339867637256938	14.461026536424166	0.0	0.0	
0.39023184274032785	15.073279759473364	0.0	0.0	
0.443772028480505	16.142029263263282	0.0	0.0	
0.18953663478956972	16.654154253889924	0.0	0.0	
0.2446751383078566	18.02227313639006	0.0	0.0	
0.011897839715061975	19.440477861640204	0.0	0.0	
0.4192973655141288	19.668815662605287	0.0	0.0	
0.2907677472854928	21.189783571610057	0.0	0.0	
0.17421716819683508	21.658480355862324	0.0	0.0	
0.20882075741115746	23.028080569721393	0.0	0.0	
0.3420990557059216	23.97149466621027	0.0	0.0	
0.10516445791713391	24.978426765224878	0.0	0.0	
0.44689290497174217	25.514702583105393	0.0	0.0	
0.040494054165178484	26.987929262335722	0.0	0.0	
0.231967691074227	27.956138911447667	0.0	0.0	
0.12316950735255372	29.20359920613539	0.0	0.0	
0.011817124432432768	30.090433405282713	0.0	0.0	
0.33769565633634835	31.218589928669978	0.0	0.0	
1.0968460402945035	0.21118874043226277	0.0	0.0	
0.868609379847667	0.886715904129421	0.0	0.0	
1.4095716255955453	1.6346471951082482	0.0	0.0	
1.389779471112361	2.5842829486040584	0.0	0.0	
1.4669239221046078	4.3028778056072925	0.0	0.0	
0.6452204338144121	5.489000477500408	0.0	0.0	
1.284343519055261	6.093215657797797	0.0	0.0	
0.5375636925415838	7.400697659016528	0.0	0.0	
1.1124207792053955	8.374294824267912	0.0	0.0	
0.718433512561404	8.59287355111246	0.0	0.0	
0.7553337991317269	9.949148940403234	0.0	0.0	
0.6297077879144302	10.550735995101999	0.0	0.0	
1.3569146162031345	11.72392622542424	0.0	0.0	
0.9863241295668553	13.41943316818648	0.0	0.0	
1.4413252188298875	14.062393355807139	0.0	0.0	
1.4340705437841001	15.348483840801794	0.0	0.0	
1.2642970686064126	15.744971852894942	0.0	0.0	
0.8892784508265761	17.351502562937778	0.0	0.0	
0.942192705265538	18.335191922092704	0.0	0.0	
1.1508082712225733	18.73466684995902	0.0	0.0	
0.9626322078989107	19.61595878295588	0.0	0.0	
0.9078703291047245	20.963634076352147	0.0	0.0	
0.5842498668630246	22.323979661212903	0.0	0.0	
1.4824845399878632	23.209720050620252	0.0	0.0	
1.4761472174943941	23.632107017445584	0.0	0.0	
0.5858986460823357	25.147232324245063	0.0	0.0	
0.5588147756019176	25.94730468751702	0.0	0.0	
0.6118486572788088	26.76296789433186	0.0	0.0	
0.7465741573134838	27.573852265386748	0.0	0.0	
1.0592747549516968	28.528939205386944	0.0	0.0	
0.8566718146571515	29.693697370129023	0.0	0.0	
0.5191086383704668	31.30896383962745	0.0	0.0	
2.4061934223070787	0.297193916121392	0.0	0.0	
1.6258575666715667	0.886653431710188	0.0	0.0	
1.8495938264428444	1.5549416237709006	0.0	0.0	
1.6186823676481552	3.0944790801951148	0.0	0.0	
2.2095274073624194	3.7952394302335692	0.0	0.0	
1.9007920475482591	4.7520973187493185	0.0	0.0	
1.7425975730623744	5.676465764501864	0.0	0.0	
1.5508403294673556	7.19888427688041	0.0	0.0	
1.825527691787412	7.87201409382842	0.0	0.0	
2.3874424711789746	8.738658059555911	0.0	0.0	
2.388509291123874	10.464037637811737	0.0	0.0	
2.0903952479734498	11.106655548994274	0.0	0.0	
2.333377699629204	11.556383709729563	0.0	0.0	
1.8135044560871505	13.194901204799038	0.0	0.0	
2.340526817334112	13.849443567240469	0.0	0.0	
2.292615806781887	15.405692962376099	0.0	0.0	
2.1669501621856977	16.20055641834416	0.0	0.0	
2.4363540012673934	17.276082385344736	0.0	0.0	
2.4433574455897054	18.185055484058925	0.0	0.0	
2.4982888635365024	19.165069185396487	0.0	0.0	
1.5425144062571716	19.98091435779707	0.0	0.0	
1.8962525905158523	21.349549403972286	0.0	0.0	
1.6081203889520217	21.66606297073274	0.0	0.0	
1.6694086873092224	23.33211253867002	0.0	0.0	
1.5862748521649332	24.103893866802238	0.0	0.0	
1.7891803387233272	25.262190929255148	0.0	0.0	
2.402711681531827	26.09667194028333	0.0	0.0	
2.3412822633263803	26.905842703870015	0.0	0.0	
2.4798832431161357	28.071572336492864	0.0	0.0	
2.289682877290989	29.17583456489776	0.0	0.0	
2.222618873612745	30.350934808357195	0.0	0.0	
1.6766947938733492	31.45540289448382	0.0	0.0	
2.563213417708935	0.19576859751394093	0.0	0.0	
3.296448207359475	0.7518534004311253	0.0	0.0	
2.6383064786354655	1.918551784621819	0.0	0.0	
3.4163292504544933	3.0568477887581507	0.0	0.0	
2.6080368867590873	4.2801158400772765	0.0	0.0	
3.0667941298256056	4.813640616779278	0.0	0.0	
3.4239540143044485	5.831609947975576	0.0	0.0	
2.596578998923379	6.805474113419832	0.0	0.0	
2.882510292545735	8.447437325532524	0.0	0.0	
3.1279938721440423	9.3122898197833	0.0	0.0	
3.1335871019318797	9.764563343775578	0.0	0.0	
3.4600798559787496	10.874673563243602	0.0	0.0	
2.855947219497485	11.705681491317502	0.0	0.0	
2.8443483381141172	12.570037326453775	0.0	0.0	
3.3524461339721765	13.967701642066126	0.0	0.0	
2.781424277118947	15.462595919609823	0.0	0.0	
2.575092835357987	15.998114423834126	0.0	0.0	
3.4483211802778504	17.48042388818204	0.0	0.0	
3.121792617737415	17.772670294363756	0.0	0.0	
2.9827444768644895	18.828380954320153	0.0	0.0	
3.1270512237301467	19.641823332822984	0.0	0.0	
2.9064562160475678	21.232198793083825	0.0	0.0	
3.1630773389117306	22.451209439617283	0.0	0.0	
3.4485328147568364	22.638173146895237	0.0	0.0	
3.300739717603908	23.687305584797112	0.0	0.0	
3.0717278570216666	24.69707863440736	0.0	0.0	
3.3239708669302974	25.74881405086718	0.0	0.0	
2.5591766859468033	26.897604105722827	0.0	0.0	
3.0813835379726005	28.428376575954108	0.0	0.0	
3.3461499088155224	29.253079177957122	0.0	0.0	
2.7353151240689515	29.917798138352133	0.0	0.0	
2.7450323893599564	30.583006162305733	0.0	0.0	
4.286429836090351	0.33076478162693757	0.0	0.0	
3.5037337349436495	1.044252076331403	0.0	0.0	
4.375298410125137	2.2160795243090643	0.0	0.0	
4.189734862765327	2.8293148297539665	0.0	0.0	
4.463992338383396	3.7785090446528997	0.0	0.0	
3.880225411120649	5.303485064546213	0.0	0.0	
4.176896636645858	5.728521049791162	0.0	0.0	
3.8332668168514705	6.917680757781262	0.0	0.0	
3.677841485126808	7.697539572921632	0.0	0.0	
4.029853970167782	9.29342942534483	0.0	0.0	
4.158904439370532	10.033380477248675	0.0	0.0	
4.178837846837313	11.35828720556792	0.0	0.0	
4.286801919822826	11.766730264228212	0.0	0.0	
4.4697186824517114	13.273666641136261	0.0	0.0	
4.2507954129297545	14.36545442027324	0.0	0.0	
4.1821757890101185	15.490626535718091	0.0	0.0	
4.222612328710734	15.892349802582338	0.0	0.0	
3.618233502152331	17.18694266669554	0.0	0.0	
4.390928524746792	18.437508826736764	0.0	0.0	
4.355783091772082	19.22674923262848	0.0	0.0	
4.310573621638919	20.359601585292143	0.0	0.0	
4.04865247901642	21.103283043966286	0.0	0.0	
4.3405099891225145	22.13982540330092	0.0	0.0	
3.6394840239039596	23.44074286379757	0.0	0.0	
3.919408283328079	24.07697430579644	0.0	0.0	
4.440994474491546	25.356078502850565	0.0	0.0	
4.146226303789125	26.183096261298868	0.0	0.0	
4.449152894030983	26.59790372433203	0.0	0.0	
3.7424135673809364	28.465582617047943	0.0	0.0	
3.621531669119464	29.215918857870808	0.0	0.0	
4.058383235845569	29.7920089095732	0.0	0.0	
4.461498945220756	30.5682241436314	0.0	0.0	
5.417978586446682	0.12508145706256968	0.0	0.0	
4.878851926072789	1.018477156584035	0.0	0.0	
5.423055444487492	2.4626257125064193	0.0	0.0	
4.6905142865101705	2.830718510192672	0.0	0.0	
5.198335248203776	4.07892110126696	0.0	0.0	
4.521084424152827	4.90410264927653	0.0	0.0	
4.800609333786746	5.965136802432258	0.0	0.0	
4.653087486734933	7.256829583956225	0.0	0.0	
4.734154439451286	7.5524805237589145	0.0	0.0	
4.810804614565732	8.607934055591802	0.0	0.0	
4.789068679648507	10.119380041114875	0.0	0.0	
5.215335474714978	11.28784463279838	0.0	0.0	
4.989614235596702	12.474221647094126	0.0	0.0	
4.784458799694796	12.989030623732003	0.0	0.0	
4.645012554211834	14.370110149664093	0.0	0.0	
5.080022095570691	14.639495412232433	0.0	0.0	
4.9454080895517905	15.882622323212786	0.0	0.0	
5.2672652059154785	16.640832991653355	0.0	0.0	
4.506041010528433	17.570448051830006	0.0	0.0	
5.330874123681192	18.676511392107738	0.0	0.0	
5.174592495416982	19.59210096832195	0.0	0.0	
5.2406957110622745	20.718800987707784	0.0	0.0	
4.86704031748159	22.18731954905652	0.0	0.0	
4.648391211879495	23.16811561342029	0.0	0.0	
4.676740128495024	23.74197491554465	0.0	0.0	
4.645560194712804	25.482465703143443	0.0	0.0	
5.2578135702691595	26.49047145773253	0.0	0.0	
4.853668388093454	26.639274283470765	0.0	0.0	
4.8478825629632825	28.21287095683583	0.0	0.0	
4.901097924161522	28.819964800311034	0.0	0.0	
4.725859932309194	29.5087692099383	0.0	0.0	
5.426903255164767	30.625375156245486	0.0	0.0	
5.643401099316403	0.29698064394482615	0.0	0.0	
5.918764404682997	1.4415702307455929	0.0	0.0	
6.188228792508915	2.4003420681284435	0.0	0.0	
5.58932158980763	2.980203319970706	0.0	0.0	
6.126399922193228	3.711698553232037	0.0	0.0	
6.42527093120723	5.240088970872587	0.0	0.0	
6.087539143771498	6.335703687217139	0.0	0.0	
6.300896335599225	6.843982373558572	0.0	0.0	
6.456861208207695	7.623420282299735	0.0	0.0	
6.400846329982988	9.421756996881752	0.0	0.0	
5.960683647046753	9.8081750626356	0.0	0.0	
5.834642171739955	10.662834580347447	0.0	0.0	
6.276048596796411	11.865741486639285	0.0	0.0	
6.166183260551174	13.496135525926826	0.0	0.0	
6.158986518879903	13.769245979956779	0.0	0.0	
6.114532730522161	14.798449198152758	0.0	0.0	
6.059950452426611	16.390794297194535	0.0	0.0	
5.740239953349916	16.97334781623774	0.0	0.0	
6.451591886837062	18.022986331067887	0.0	0.0	
6.397297188965267	18.769239110102035	0.0	0.0	
5.7315713576943565	20.06570467659128	0.0	0.0	
5.93187914550997	21.267528260264736	0.0	0.0	
5.655220362838271	21.884150134274908	0.0	0.0	
6.192312105311261	23.341733539025803	0.0	0.0	
6.029854963187223	23.81365039014248	0.0	0.0	
6.4156966832607525	25.122177192396393	0.0	0.0	
6.362553527295885	25.81998924397473	0.0	0.0	
5.900159068983921	26.6173614902865	0.0	0.0	
6.383343070190245	28.098942619745735	0.0	0.0	
6.126945057376469	28.993295176315065	0.0	0.0	
6.4654671304295155	30.294783649628087	0.0	0.0	
5.8777361932828125	30.582979751510468	0.0	0.0	
7.267168627349323	0.3138674288086112	0.0	0.0	
6.675649754207416	0.7283142695706178	0.0	0.0	
7.437229836099353	2.4582789210074365	0.0	0.0	
7.450552247402619	2.60190003880668	0.0	0.0	
6.772879748895855	3.9262035246645315	0.0	0.0	
6.542577246239284	5.037064428646525	0.0	0.0	
6.584482078193622	5.937540253429124	0.0	0.0	
7.3228917485498695	7.150320075721266	0.0	0.0	
6.605041720171197	8.462488374765027	0.0	0.0	
7.246763133303885	8.777279121415754	0.0	0.0	
6.522733681905375	10.139246215447283	0.0	0.0	
7.056203921697031	11.337285894563298	0.0	0.0	
7.200929723275299	12.009488468200818	0.0	0.0	
6.680695771009428	12.912899291533265	0.0	0.0	
6.593479708834879	13.89336551368745	0.0	0.0	
6.876425219839988	14.971606453674259	0.0	0.0	
7.3924169631932175	15.997019122315068	0.0	0.0	
7.363305207290688	16.679751978991376	0.0	0.0	
6.776433523369908	18.418805374211615	0.0	0.0	
7.034651874614017	19.433344020699437	0.0	0.0	
7.019951391122457	20.047442654281372	0.0	0.0	
6.763892649789512	20.99217299394887	0.0	0.0	
7.332021383124185	21.655508194966096	0.0	0.0	
6.702345271683008	23.180230429833426	0.0	0.0	
7.015163986245981	23.570144100696293	0.0	0.0	
6.617121935549788	25.385359693626587	0.0	0.0	
7.105687540216478	26.276488911036914	0.0	0.0	
6.92873421153602	27.171101399309933	0.0	0.0	
7.097970231341346	27.640613227813198	0.0	0.0	
6.859635967584217	28.914991086558867	0.0	0.0	
6.629567273563429	30.431085793396377	0.0	0.0	
7.476043081656309	30.527827551849054	0.0	0.0	
8.28771923481463	0.022752037864734898	0.0	0.0	
7.901030494062398	1.4344082524148258	0.0	0.0	
8.357802304451585	1.6403264008271057	0.0	0.0	
8.093088740704914	3.0750282856524014	0.0	0.0	
8.332304024622765	4.127246375229087	0.0	0.0	
8.357406819773672	5.398559862789722	0.0	0.0	
8.296770104490797	6.293994841442142	0.0	0.0	
8.023534340109817	6.658773750692479	0.0	0.0	
7.909571849311571	7.772435034458525	0.0	0.0	
7.580310523483547	9.249830084240624	0.0	0.0	
8.33849425240658	9.73507619302105	0.0	0.0	
7.727800959048652	10.797859951544964	0.0	0.0	
8.095753753218098	12.148720335908411	0.0	0.0	
7.541836242775634	12.767475097261665	0.0	0.0	
7.682294248420494	13.646614657861525	0.0	0.0	
7.6575716475090605	15.047826416442009	0.0	0.0	
7.939835925354496	15.599380374034476	0.0	0.0	
7.663968464367183	17.277986927454197	0.0	0.0	
7.536031664615761	18.316644008734723	0.0	0.0	
8.17734845569365	19.023257078247486	0.0	0.0	
7.773338150030734	20.0927054140609	0.0	0.0	
8.34007680651309	21.461209256502016	0.0	0.0	
7.5901959264289705	22.338569087967997	0.0	0.0	
8.120059205921589	22.65703276757966	0.0	0.0	
8.01842757344199	24.323941550817516	0.0	0.0	
8.153191193923513	25.272759316507386	0.0	0.0	
7.915359180972273	25.94618886562497	0.0	0.0	
7.609480204059843	26.606291936665404	0.0	0.0	
7.519562483855459	28.137565851829056	0.0	0.0	
7.646220436136402	28.88780093957182	0.0	0.0	
8.434563200650842	29.707173379124978	0.0	0.0	
7.71011455769222	31.12304463961607	0.0	0.0	
9.16053744562375	0.3402959858927326	0.0	0.0	
9.462591654053496	1.4414312057880978	0.0	0.0	
9.129758987533442	2.489928075316428	0.0	0.0	
9.329715097846146	3.2639618658777425	0.0	0.0	
9.35947795040824	3.6887923119653556	0.0	0.0	
8.665460712339927	4.696608496232663	0.0	0.0	
8.676499281429338	6.318851029488512	0.0	0.0	
9.373943283485424	7.193477464947141	0.0	0.0	
8.679586143234133	7.687772182451973	0.0	0.0	
9.278411506240639	8.991560428503764	0.0	0.0	
9.13626801619467	10.472496502327122	0.0	0.0	
8.811665234601591	10.52948274523076	0.0	0.0	
8.508148482084732	11.889836445864141	0.0	0.0	
8.797519735552477	12.906131142340541	0.0	0.0	
9.488294205155434	14.180845474323352	0.0	0.0	
8.982982854934612	14.570718896669453	0.0	0.0	
9.35733484356146	15.911542771406971	0.0	0.0	
8.509477572556774	16.546428063756288	0.0	0.0	
8.569152839960779	17.975903154629208	0.0	0.0	
8.846673454239243	18.98979237614148	0.0	0.0	
9.014482141544157	20.163354860852046	0.0	0.0	
9.246302321374701	21.415586418978126	0.0	0.0	
8.6600373351325	22.22821845877616	0.0	0.0	
8.658819881361644	23.423277226385274	0.0	0.0	
9.14986948433774	24.134896891777842	0.0	0.0	
9.491622358102271	24.722862959087436	0.0	0.0	
8.511949173060984	25.63692151082993	0.0	0.0	
9.166290442460808	26.536897902400188	0.0	0.0	
9.304894489906403	27.80358557765032	0.0	0.0	
8.689564652453713	29.101414530144304	0.0	0.0	
9.082962667222851	29.909186148460734	0.0	0.0	
9.280314437325595	30.713960602671264	0.0	0.0	
10.317017985192566	0.005387887249561185	0.0	0.0	
10.165248942342618	1.2682158368042336	0.0	0.0	
10.268436717601269	2.064354684614018	0.0	0.0	
10.452697236406689	3.175469457210321	0.0	0.0	
10.323632391100984	4.133598513198827	0.0	0.0	
9.891991777815825	5.045074806931925	0.0	0.0	
9.596939531441711	6.082496333415156	0.0	0.0	
9.82887382046997	6.612774169286711	0.0	0.0	
9.672198521014186	7.5235435590165185	0.0	0.0	
10.03253924665944	9.425245776312364	0.0	0.0	
9.715530413574912	10.130145768952467	0.0	0.0	
9.851928194385275	10.623590669650056	0.0	0.0	
9.59260839580239	12.002588588754369	0.0	0.0	
9.948304313195683	13.254304244539409	0.0	0.0	
9.66658637153278	14.246012138587776	0.0	0.0	
10.401637909763444	15.144690208971008	0.0	0.0	
10.312158189665482	15.69050084283135	0.0	0.0	
10.115540023584137	16.85369024752433	0.0	0.0	
9.929775890515781	18.38525110882191	0.0	0.0	
10.30969628476512	18.62192771868891	0.0	0.0	
9.752938151825559	20.2808346586976	0.0	0.0	
9.898723708811469	21.461282509529603	0.0	0.0	
10.42671488269857	21.75569570092906	0.0	0.0	
10.302824098333407	23.158662268000462	0.0	0.0	
10.262892425853922	24.15481585941092	0.0	0.0	
9.63484566462615	25.462539978590183	0.0	0.0	
10.32353897419502	26.262347350912304	0.0	0.0	
10.020337539990312	27.374511497888637	0.0	0.0	
10.06555141623277	27.62232709224323	0.0	0.0	
10.185876014429853	29.10520208669666	0.0	0.0	
9.875100734985088	30.066253769034823	0.0	0.0	
10.436126133140803	31.431977603730427	0.0	0.0	
11.293466217382488	0.4261369362982812	0.0	0.0	
10.793904345010155	1.1666887264286139	0.0	0.0	
11.03113671566169	2.1091443728358636	0.0	0.0	
10.916037616895986	3.3679391816650632	0.0	0.0	
10.53076000143502	3.8057632442885128	0.0	0.0	
10.690176578239338	5.371993858413035	0.0	0.0	
10.60500823763555	5.913100419417061	0.0	0.0	
11.35593671958542	6.635098997283209	0.0	0.0	
11.492683975825322	7.539558757020351	0.0	0.0	
11.136998931382227	8.518521721764825	0.0	0.0	
10.527804866132806	10.301926358706316	0.0	0.0	
10.997745709895174	11.174695346006285	0.0	0.0	
10.655819909171878	11.797848346185233	0.0	0.0	
10.511422821187482	13.35377522014454	0.0	0.0	
11.466668784062033	14.316698495634482	0.0	0.0	
11.406974759462896	14.645361130835163	0.0	0.0	
10.959864875753235	16.408601771287962	0.0	0.0	
11.251973540314555	17.203043703955995	0.0	0.0	
11.391802634835834	17.829826349527263	0.0	0.0	
11.344693933188251	19.303449710657482	0.0	0.0	
11.339499835633145	19.80245042350754	0.0	0.0	
11.40607365946002	21.05034316085449	0.0	0.0	
11.034602809108279	22.210518203359072	0.0	0.0	
11.016808968734278	22.508129312964492	0.0	0.0	
11.24202265619834	24.188401928694766	0.0	0.0	
10.822850357161244	24.703809619769142	0.0	0.0	
11.406209685612936	25.814557631923485	0.0	0.0	
10.564503970672313	26.885564270616754	0.0	0.0	
10.986561448701776	27.647455340872195	0.0	0.0	
11.4845295964313	29.01573373794414	0.0	0.0	
10.840451533821751	29.63792703883603	0.0	0.0	
11.262285127035666	30.843676698440284	0.0	0.0	
12.49342938813352	0.2412332692164657	0.0	0.0	
12.026652905409629	1.441901701137517	0.0	0.0	
12.135597291909436	1.7622720736379214	0.0	0.0	
11.854422563434705	3.269533253245558	0.0	0.0	
12.022636698030448	4.097283053072998	0.0	0.0	
12.077349974903932	5.00476381633646	0.0	0.0	
11.932195809180639	5.571950617841694	0.0	0.0	
11.711103447855848	7.335512918588066	0.0	0.0	
12.037334669402103	8.415680073289847	0.0	0.0	
11.929178063164082	8.745523741246737	0.0	0.0	
12.237424950660746	9.63487031081434	0.0	0.0	
11.814491929401475	10.841346123151835	0.0	0.0	
12.263306783162509	11.765694674469454	0.0	0.0	
11.746375211075588	13.021622772086323	0.0	0.0	
11.56693539032266	14.285657701406059	0.0	0.0	
12.007057405492908	14.534563971954599	0.0	0.0	
11.85837920561978	15.943382256521508	0.0	0.0	
12.429084217507134	17.23731200886391	0.0	0.0	
12.400285895908752	17.811307371968926	0.0	0.0	
12.101591176958161	19.184495197821963	0.0	0.0	
11.525865861998053	19.894251567021193	0.0	0.0	
12.097911941192281	21.060330198832112	0.0	0.0	
12.401202354932042	21.567368752404057	0.0	0.0	
12.242490701661048	23.177471521649426	0.0	0.0	
11.924305056878636	23.876550659296026	0.0	0.0	
11.720135236074086	25.025827851296864	0.0	0.0	
12.371528418052106	25.944739214894387	0.0	0.0	
11.871479140146144	26.63789855976333	0.0	0.0	
12.439978843079087	28.16702973863334	0.0	0.0	
12.039964847571015	28.609670618578562	0.0	0.0	
11.528507954022743	30.18136907011293	0.0	0.0	
12.435168011346853	30.75501990884857	0.0	0.0	
13.26127233014029	0.38987232569624064	0.0	0.0	
13.250440280040042	0.8117599695351594	0.0	0.0	
13.475950926276527	2.4487268982071186	0.0	0.0	
12.515117883426099	2.865810470630871	0.0	0.0	
12.906344859713247	4.435534017890646	0.0	0.0	
13.006612028491233	4.972851234012468	0.0	0.0	
13.315343417013263	6.1942738380685896	0.0	0.0	
13.04476373953321	6.6800140435293995	0.0	0.0	
13.3471527299546	7.939947234236792	0.0	0.0	
13.170901744719158	9.343943075887267	0.0	0.0	
13.419737066679296	10.346758995867061	0.0	0.0	
13.192834214648796	10.610961962982573	0.0	0.0	
13.166218940180512	12.390081450529081	0.0	0.0	
13.333474641708571	13.290012414491516	0.0	0.0	
13.214221231643734	14.469962914999549	0.0	0.0	
13.265939370397776	14.850646874842463	0.0	0.0	
13.2691129550647	16.28609210600688	0.0	0.0	
12.984034988581834	16.791954227094656	0.0	0.0	
12.929918981401276	18.442319585018783	0.0	0.0	
12.718233367396888	18.687890854559388	0.0	0.0	
12.81036668096249	19.814164008477803	0.0	0.0	
12.835243850657632	21.449455210874333	0.0	0.0	
12.722905731397121	22.188627410449882	0.0	0.0	
12.912713936010062	22.83221473860604	0.0	0.0	
12.691073226422283	23.88715227978902	0.0	0.0	
12.689693485485552	25.026808514621262	0.0	0.0	
13.368669888056012	25.647839464832757	0.0	0.0	
12.960612082600267	27.160212697679725	0.0	0.0	
13.14443451177808	27.933230757287124	0.0	0.0	
12.790629308647254	28.54480994263885	0.0	0.0	
12.760566806796987	30.405320660393812	0.0	0.0	
13.459209611792591	31.295369264763547	0.0	0.0	
14.403195906252677	0.32320421700978075	0.0	0.0	
13.80499696204836	0.7671022119363122	0.0	0.0	
13.651878549169925	2.441834258308706	0.0	0.0	
13.993272319985442	3.1336182775510038	0.0	0.0	
13.620791092982097	3.83017549573446	0.0	0.0	
13.675139165958825	5.118449965477223	0.0	0.0	
14.174263614272412	6.300132680200441	0.0	0.0	
14.065104024102034	7.282851289710759	0.0	0.0	
13.675213575989682	8.476586235150652	0.0	0.0	
14.057297025705148	9.488850125770428	0.0	0.0	
13.54072197220573	10.466052741547509	0.0	0.0	
14.133655662574887	11.30932025336749	0.0	0.0	
13.9999419445619	11.925498708493564	0.0	0.0	
14.42517137463964	12.791950031212904	0.0	0.0	
14.125936119095114	14.10499598572002	0.0	0.0	
13.715054781228908	15.336791128421924	0.0	0.0	
14.463233341872353	15.537583608700324	0.0	0.0	
14.110618232344999	17.130555692420085	0.0	0.0	
13.525274914693806	18.124714666746645	0.0	0.0	
13.657832905410295	19.423597795026573	0.0	0.0	
13.848184437499192	19.92194045278988	0.0	0.0	
14.46524856967616	21.38618269815709	0.0	0.0	
14.478626493154552	21.684575940542977	0.0	0.0	
13.756043188137369	22.572894609460754	0.0	0.0	
13.530213458619682	24.445304547791274	0.0	0.0	
14.266446180527979	25.312325099278496	0.0	0.0	
13.685988599402956	26.21541549979467	0.0	0.0	
13.740842827262341	27.057088207868635	0.0	0.0	
14.49630156717274	27.959956970283056	0.0	0.0	
13.836782930950216	28.963927151768644	0.0	0.0	
14.225714716029067	29.76245796938256	0.0	0.0	
13.774498082793379	30.601433614048396	0.0	0.0	
14.631195198549927	0.37374243168648447	0.0	0.0	
15.405520438032575	1.2136651919205184	0.0	0.0	
14.980234288047331	1.924995155907896	0.0	0.0	
14.539619810126533	3.473270121704451	0.0	0.0	
14.8861518565598	3.652502243737994	0.0	0.0	
15.393252121695436	4.579524796390085	0.0	0.0	
14.971340587090559	6.254161817844827	0.0	0.0	
15.235755422541681	6.853169308116205	0.0	0.0	
15.07400817637842	7.592975012635237	0.0	0.0	
14.577811026624182	8.548258115179618	0.0	0.0	
14.676771155119386	10.409957487197392	0.0	0.0	
14.525207388965145	11.039380359599262	0.0	0.0	
14.587096264204025	11.98396101857567	0.0	0.0	
15.263191120508857	12.593106702840165	0.0	0.0	
14.624410867212065	13.7569883947826	0.0	0.0	
14.795530628252846	15.318768315735356	0.0	0.0	
15.429337311982813	16.233612249824496	0.0	0.0	
15.062608738083854	16.772023412717623	0.0	0.0	
15.431027338429503	18.356185776613515	0.0	0.0	
14.910747752715368	18.674862610667038	0.0	0.0	
15.465664291125647	20.011498106315592	0.0	0.0	
15.493422609548656	20.92353981627495	0.0	0.0	
15.317813618437748	21.870166708550506	0.0	0.0	
14.73328373577473	22.521991802004223	0.0	0.0	
15.460245558794831	24.183827092707432	0.0	0.0	
14.676413211465519	25.378026986624825	0.0	0.0	
15.144618235999276	25.723510209928786	0.0	0.0	
15.341662039609542	26.59849132010443	0.0	0.0	
14.768324164968748	28.444718253613733	0.0	0.0	
14.54655347378441	29.33699392989312	0.0	0.0	
14.52267706874546	30.00104448804212	0.0	0.0	
14.505011998793412	31.34723918497942	0.0	0.0	
15.697691940355423	0.16230629647011297	0.0	0.0	
16.381825088184403	1.2461556526821633	0.0	0.0	
15.707727404881787	1.6303804431288174	0.0	0.0	
15.603392155654928	2.9466142118152563	0.0	0.0	
15.895748875251627	4.4759421198870335	0.0	0.0	
16.186179917171128	5.417736128727071	0.0	0.0	
15.772979079351948	6.479427611912959	0.0	0.0	
15.928995188128468	6.519931162427659	0.0	0.0	
15.848435180153583	7.950098841695483	0.0	0.0	
16.496467690433885	9.163265778816045	0.0	0.0	
16.2705724809326	10.08436876194795	0.0	0.0	
16.110097742798605	11.22475756149742	0.0	0.0	
16.4131903584472	12.12171279672768	0.0	0.0	
15.672270814011856	12.85463706691813	0.0	0.0	
16.40254779428703	13.594745867793183	0.0	0.0	
16.373940727481912	14.704654279006919	0.0	0.0	
16.19614737620123	16.394546092494835	0.0	0.0	
15.633944851537695	17.036020737573732	0.0	0.0	
16.298142845200566	17.567574091995763	0.0	0.0	
15.73158329107372	18.968097391970424	0.0	0.0	
15.97315093210401	19.839433005651667	0.0	0.0	
15.995566566600965	21.03938631063795	0.0	0.0	
15.773550533657286	22.338410323575378	0.0	0.0	
15.743786121282053	22.632579508062733	0.0	0.0	
15.673265380140723	23.677292328630305	0.0	0.0	
16.06010042534235	25.426399547650067	0.0	0.0	
16.36577037604777	26.203132468933173	0.0	0.0	
16.02859317993826	27.43910435536089	0.0	0.0	
16.216461666859683	28.27276666865763	0.0	0.0	
16.177412351877877	29.106103974944602	0.0	0.0	
15.745933204022437	30.41413591131969	0.0	0.0	
15.795135459112126	30.649358463165726	0.0	0.0	
17.329686331201234	0.1550011134797884	0.0	0.0	
16.514043775807323	1.2794185092303465	0.0	0.0	
16.80908364012674	2.0082977459974147	0.0	0.0	
17.08806191070247	2.5851505981383998	0.0	0.0	
16.506813255911748	3.5618092475519108	0.0	0.0	
17.37434425888705	4.522109919878667	0.0	0.0	
16.620821285637852	5.913487370442529	0.0	0.0	
17.414618493377578	6.98360970460692	0.0	0.0	
16.796106741294114	7.612841100039357	0.0	0.0	
17.14696697034838	9.28365482456261	0.0	0.0	
17.1097942808175	9.997000283048912	0.0	0.0	
17.091037965438446	10.560633947990345	0.0	0.0	
16.92156381727511	11.626699617064636	0.0	0.0	
17.317393432319374	13.017062047864895	0.0	0.0	
16.57881152796188	14.264170505027844	0.0	0.0	
16.9839334243533	14.802268485664511	0.0	0.0	
16.516781255726677	16.34295899468301	0.0	0.0	
17.052795018855505	17.00388522242857	0.0	0.0	
16.702515209999447	17.962890205510906	0.0	0.0	
17.458781518368465	19.416942878519574	0.0	0.0	
17.08218837925508	20.102126710625004	0.0	0.0	
16.92617955484021	20.57145302654322	0.0	0.0	
16.7738922027291	22.37306845376911	0.0	0.0	
17.389856027736	23.133430104225496	0.0	0.0	
17.016184736784297	24.35362301938658	0.0	0.0	
16.99210090824369	24.976473594846322	0.0	0.0	
17.22456455572177	25.623231328260083	0.0	0.0	
16.9372124075376	27.275216180388917	0.0	0.0	
16.806221274920425	27.969351729051635	0.0	0.0	
17.112213770113975	28.62287792037173	0.0	0.0	
17.087318781437588	30.4739993317238	0.0	0.0	
17.21228106127396	31.02162511830964	0.0	0.0	
18.241235419549646	0.26908414147931836	0.0	0.0	
17.875731356532846	0.5838383499848971	0.0	0.0	
17.900866591659238	2.0750463798121648	0.0	0.0	
18.33942007920167	3.3677413996731294	0.0	0.0	
18.42757000099495	4.097392561613752	0.0	0.0	
18.467352989050113	5.163877106511267	0.0	0.0	
18.320805775441404	6.255611156994194	0.0	0.0	
18.304357494956566	6.539824850146408	0.0	0.0	
18.086323510880472	7.642034927899259	0.0	0.0	
17.785541530036433	9.322241821410293	0.0	0.0	
18.279252269482377	9.547173209106608	0.0	0.0	
18.430436033357914	11.379394565767951	0.0	0.0	
17.749342431375215	12.183308449005855	0.0	0.0	
18.28520402879027	13.297470975852754	0.0	0.0	
18.141492475004334	13.561129409354432	0.0	0.0	
18.159408901643527	14.644853728934283	0.0	0.0	
18.471216861545564	15.595420671316017	0.0	0.0	
18.2933929432436	17.47925581401284	0.0	0.0	
18.37704535448046	18.042595010104577	0.0	0.0	
17.600232796679748	19.061002514313017	0.0	0.0	
18.356300313704736	19.695898325471138	0.0	0.0	
17.932890669963065	20.745883466156354	0.0	0.0	
18.410264114159354	21.681317388805887	0.0	0.0	
17.582283178853615	23.21047365702555	0.0	0.0	
18.42009039955992	24.432738894065462	0.0	0.0	
18.13100455990529	24.999007539777452	0.0	0.0	
17.689744078622173	26.319394306233004	0.0	0.0	
18.0729455455239	27.18038969965374	0.0	0.0	
18.31385883124252	27.618122641009382	0.0	0.0	
18.373587554384596	28.893908390371628	0.0	0.0	
18.34228460024315	30.12716393323196	0.0	0.0	
17.56509617451195	30.51171358467978	0.0	0.0	
19.126909510347108	0.40025967721359135	0.0	0.0	
18.76807163563775	1.0346236241305724	0.0	0.0	
18.945370065653748	2.0590196260801723	0.0	0.0	
19.42675687569654	3.28602771558626	0.0	0.0	
18.928601207889017	4.09528582369949	0.0	0.0	
18.817913769428205	4.985622700965594	0.0	0.0	
19.415022705685328	6.3082356095179914	0.0	0.0	
19.466767707892032	6.523694974415873	0.0	0.0	
18.73823571096548	7.944999430074499	0.0	0.0	
19.480892820349986	9.36445430346975	0.0	0.0	
18.980878066671174	10.072749279941219	0.0	0.0	
18.73782903551412	10.628434368030705	0.0	0.0	
19.494795148601874	11.997912185327642	0.0	0.0	
19.219969127117984	13.224095797295409	0.0	0.0	
18.805596355709962	14.49894503790583	0.0	0.0	
18.659240566133352	14.901616078307287	0.0	0.0	
18.768355258681115	15.617215558839213	0.0	0.0	
19.49071248147249	17.400201495434114	0.0	0.0	
19.43764328489333	18.34940458148124	0.0	0.0	
18.951628989322167	19.149429994458927	0.0	0.0	
19.452175724192884	19.782325303516885	0.0	0.0	
18.769017049758165	21.22701933824532	0.0	0.0	
18.643450443548524	21.78681832746733	0.0	0.0	
18.657828976869798	23.254888297406826	0.0	0.0	
18.976741850673562	23.846851360111284	0.0	0.0	
18.68775978866426	24.594662965470068	0.0	0.0	
19.41262394890128	25.94900238562841	0.0	0.0	
18.924751454586783	26.875017842000364	0.0	0.0	
18.67561690554538	27.886750778496335	0.0	0.0	
19.37123717891451	28.626856263271968	0.0	0.0	
19.106934102273158	30.496545566462608	0.0	0.0	
18.694740341487105	30.638639593054517	0.0	0.0	
19.854564280222686	0.44301633330670953	0.0	0.0	
20.45542759089447	1.278032887495543	0.0	0.0	
19.507187939719156	1.5196849999312907	0.0	0.0	
19.61013405001583	3.1571738625775083	0.0	0.0	
19.855937446979464	3.910149327882482	0.0	0.0	
19.943682318222116	4.784639966082806	0.0	0.0	
19.65553582215784	5.908307368699523	0.0	0.0	
20.478556548204484	6.543779201981424	0.0	0.0	
20.04115919530314	8.111392230244599	0.0	0.0	
19.574061678636127	9.296924926659635	0.0	0.0	
19.918318587319494	9.969806932619965	0.0	0.0	
20.279208217409995	11.147744720834922	0.0	0.0	
19.713126169214856	11.57476784567516	0.0	0.0	
20.39050400158975	12.862918572327935	0.0	0.0	
19.73050662927629	13.748732950511819	0.0	0.0	
19.837086119522716	15.329765055126696	0.0	0.0	
19.72828591257265	15.80308759347311	0.0	0.0	
19.619462553049303	17.098099180454827	0.0	0.0	
20.48233659844479	17.579378488606558	0.0	0.0	
19.600504558235656	19.275368524385485	0.0	0.0	
19.52536940570861	20.468796013745205	0.0	0.0	
19.78252584966098	21.299099652478112	0.0	0.0	
19.924735153557737	22.471784832630494	0.0	0.0	
19.57701863484926	22.91524305177208	0.0	0.0	
20.0839338178573	24.380629349680365	0.0	0.0	
19.770611020449785	24.572606129900098	0.0	0.0	
20.33478534966895	26.438518113490915	0.0	0.0	
20.069401369136067	27.267236380182542	0.0	0.0	
19.727881420279257	27.531790450631984	0.0	0.0	
20.349726005287838	28.681772757873333	0.0	0.0	
20.108424497293708	29.90809965819677	0.0	0.0	
19.55407643512972	30.676502741130847	0.0	0.0	
21.117554515353273	0.44336928551765853	0.0	0.0	
20.672395210437156	0.8951762717162527	0.0	0.0	
21.26861155968037	1.800232612628048	0.0	0.0	
20.751686720958183	2.56242294176287	0.0	0.0	
21.264075945232953	3.6429518329845543	0.0	0.0	
20.912920454967164	5.1502143013221415	0.0	0.0	
21.347407132465683	5.51406965255753	0.0	0.0	
20.762454846176418	7.071351788027183	0.0	0.0	
21.09284826479189	8.29379378055424	0.0	0.0	
21.07303381911294	9.084819273955208	0.0	0.0	
20.568122201228046	10.184071091209766	0.0	0.0	
20.669232328228844	10.924163199239688	0.0	0.0	
21.31723988214056	11.751190130370505	0.0	0.0	
20.784865524345992	13.45497659945401	0.0	0.0	
20.900578839329015	13.550653026199537	0.0	0.0	
20.558579823357558	14.821387027015795	0.0	0.0	
20.585815389361382	15.995806607020697	0.0	0.0	
20.67700180132228	17.38188947951109	0.0	0.0	
21.373299180220688	17.894744464785763	0.0	0.0	
21.38819893946336	18.806537232387505	0.0	0.0	
21.160470673796073	19.978252418344432	0.0	0.0	
20.796579885236202	20.905432172570446	0.0	0.0	
20.586502437411838	21.70678376498573	0.0	0.0	
20.51877870948533	23.20446837295049	0.0	0.0	
21.208265692959575	24.015387547697635	0.0	0.0	
21.288696331444484	25.393240165985254	0.0	0.0	
21.092186994518883	26.012929888744065	0.0	0.0	
21.054782413452497	27.343063227945432	0.0	0.0	
21.311925166187777	28.443020071716198	0.0	0.0	
20.998377023711985	29.090799098458255	0.0	0.0	
20.51841958912186	30.20085639927177	0.0	0.0	
21.026803296003763	30.64498605309044	0.0	0.0	
22.07970474503457	0.10132449158567203	0.0	0.0	
21.793725821665028	0.9222480796774886	0.0	0.0	
22.136271182993447	1.7966816285808207	0.0	0.0	
21.987242503642243	2.903822751749325	0.0	0.0	
21.908394764049934	3.6740765805972333	0.0	0.0	
22.196972366883163	4.659033256160783	0.0	0.0	
22.3845214518603	5.976894414340187	0.0	0.0	
21.67603117159952	7.020845494804367	0.0	0.0	
22.10921475904432	7.5335745517774635	0.0	0.0	
21.897723494478562	9.449898012656371	0.0	0.0	
22.426315637916332	10.44164195083734	0.0	0.0	
21.949014720397884	11.078504980530147	0.0	0.0	
22.078100257749576	12.127962961177174	0.0	0.0	
22.023814199655824	12.683489927660034	0.0	0.0	
22.38739381860075	13.907489014571222	0.0	0.0	
21.861210587085175	15.426576623139367	0.0	0.0	
22.099685516920594	16.00183010660045	0.0	0.0	
22.298440974139172	17.117782096005417	0.0	0.0	
21.88344267812323	17.81596553308731	0.0	0.0	
21.776320538760178	18.99483620315793	0.0	0.0	
21.583001703480964	19.825207386498782	0.0	0.0	
21.50449199280475	20.888912710738847	0.0	0.0	
22.02984995997562	22.028085745259375	0.0	0.0	
21.81505847512308	23.37515413011693	0.0	0.0	
21.759608005396842	23.863325076824903	0.0	0.0	
22.253384660066878	25.278252064893525	0.0	0.0	
22.444685519237613	25.50016829812723	0.0	0.0	
21.66748715404659	26.583866344723358	0.0	0.0	
22.49402942710263	27.50472642174957	0.0	0.0	
22.37780147009424	28.790047066695088	0.0	0.0	
22.32989049048322	29.61870917252447	0.0	0.0	
21.953013527389626	31.4871084913126	0.0	0.0	
22.66813171886638	0.4740119129117285	0.0	0.0	
23.045551710341137	1.1363556810316338	0.0	0.0	
22.52909650391767	1.8746839946942768	0.0	0.0	
22.834292822672815	3.1793096459724732	0.0	0.0	
22.85161792505921	4.413236802779167	0.0	0.0	
22.70088817310033	4.602560071159858	0.0	0.0	
23.182381218024112	6.216175313244163	0.0	0.0	
23.10475296475085	6.799535448521794	0.0	0.0	
22.797454329829286	7.541965599755917	0.0	0.0	
23.450727558339974	9.102525852475381	0.0	0.0	
22.901610758247138	10.480785311165913	0.0	0.0	
22.717268019196908	11.24616921145518	0.0	0.0	
23.35547095228299	11.890314518166901	0.0	0.0	
22.85216102609883	12.984595908643291	0.0	0.0	
22.979716685681762	14.427036991905625	0.0	0.0	
23.130157618976746	15.278386575852005	0.0	0.0	
23.224823476412013	15.915457864829522	0.0	0.0	
23.29153437125025	17.401718478928725	0.0	0.0	
22.81870007032211	17.584204866480654	0.0	0.0	
23.21760599997775	18.899511890555786	0.0	0.0	
22.65176068681692	19.78306305330726	0.0	0.0	
23.153968170465944	20.778882542952754	0.0	0.0	
23.459853899292625	21.687542233317576	0.0	0.0	
23.138801975398923	22.525059680489175	0.0	0.0	
22.64294810337383	24.306353412913243	0.0	0.0	
22.687513945070503	24.77408044491484	0.0	0.0	
23.083689890942235	26.385822755876994	0.0	0.0	
23.304079658737912	26.54960096665406	0.0	0.0	
23.166158875484538	28.041940382205727	0.0	0.0	
23.468543773072497	29.29461480082074	0.0	0.0	
22.721106573174495	30.487512784801382	0.0	0.0	
22.597211314481612	30.830101301783404	0.0	0.0	
23.724365357526988	0.45971534231856537	0.0	0.0	
24.125350288593513	1.1490617629154987	0.0	0.0	
23.652216446236817	2.2533410722268767	0.0	0.0	
24.33025240640258	2.8746729017699395	0.0	0.0	
23.979415853524166	3.93067437767783	0.0	0.0	
24.350769931738224	4.6339609113585345	0.0	0.0	
23.936644355008983	5.624235803468295	0.0	0.0	
23.960628593096896	6.611525059850361	0.0	0.0	
24.42894595106189	8.088169607921987	0.0	0.0	
24.021186810478117	8.835221494589971	0.0	0.0	
23.561044119882233	10.230698137840035	0.0	0.0	
24.022603404934465	10.818221178940366	0.0	0.0	
24.369357832004447	11.882237208664964	0.0	0.0	
24.160731675585044	13.346230511866729	0.0	0.0	
24.163536195578516	14.002799024016817	0.0	0.0	
23.729646916956746	14.674881231161413	0.0	0.0	
24.093793402493926	16.183917906863286	0.0	0.0	
24.31914537913801	16.97319450120282	0.0	0.0	
23.977593138675314	18.08949423733535	0.0	0.0	
24.473579176846233	18.629184681606027	0.0	0.0	
24.175465878159468	19.537564327649534	0.0	0.0	
23.612869711683693	21.239150168295303	0.0	0.0	
24.003354613702335	22.370475473790822	0.0	0.0	
24.40922676930922	22.846451025412154	0.0	0.0	
24.229922369022734	24.122430340501893	0.0	0.0	
24.33132061671156	25.06879457592342	0.0	0.0	
24.255337304796704	25.961877125200942	0.0	0.0	
23.77316376620168	26.631996466075755	0.0	0.0	
23.55477497106246	28.310175945688897	0.0	0.0	
24.18492377891512	28.50836008497421	0.0	0.0	
24.102999906246573	30.372376263956436	0.0	0.0	
24.483430285589893	31.250581750219887	0.0	0.0	
25.31703016301003	0.3524204141913859	0.0	0.0	
24.781494820893013	1.1929466780831217	0.0	0.0	
25.13195265188453	2.3245758556264953	0.0	0.0	
25.289320195288997	2.6733186922815118	0.0	0.0	
24.718239092273375	4.159917252131897	0.0	0.0	
24.800149357210472	4.789519285876864	0.0	0.0	
24.72711102448978	6.019294503281318	0.0	0.0	
24.861714127081765	7.468153405463068	0.0	0.0	
24.767387680530813	7.892131231302903	0.0	0.0	
25.223855605905708	9.102966635537271	0.0	0.0	
24.958937087519857	10.108682767261996	0.0	0.0	
24.543032654234043	11.12956580546923	0.0	0.0	
24.770078442053368	11.81802658371165	0.0	0.0	
24.527444773156617	13.320367447405053	0.0	0.0	
24.66502995274213	14.072050041235045	0.0	0.0	
24.59769630504145	14.925061210760049	0.0	0.0	
25.03231605841829	16.43628473348128	0.0	0.0	
25.374766569440773	17.41039647299756	0.0	0.0	
25.042123630859425	18.314989432164996	0.0	0.0	
24.639737645507804	19.47985934105651	0.0	0.0	
24.78321865080945	20.38435273193056	0.0	0.0	
24.747949766552154	20.75659313139134	0.0	0.0	
24.991540134061772	21.555647659690514	0.0	0.0	
24.747026413026923	23.47949671300075	0.0	0.0	
25.411191296795835	23.99521175744952	0.0	0.0	
25.128012532230194	24.829398967440103	0.0	0.0	
24.954520022767184	26.224204557240252	0.0	0.0	
25.096275821298157	27.473525518929065	0.0	0.0	
24.800901346637502	27.901545017727695	0.0	0.0	
24.84891376225156	28.674449673222462	0.0	0.0	
25.49179250097651	30.333149060129067	0.0	0.0	
25.216496233302852	30.661892198172893	0.0	0.0	
25.767032692491952	0.20777263615577235	0.0	0.0	
26.25334959804567	1.4002259081561776	0.0	0.0	
25.94173224456112	2.15280371015067	0.0	0.0	
25.686319991692706	3.423478392037502	0.0	0.0	
25.73925395437065	3.905869004338319	0.0	0.0	
26.290232627285583	5.1200399080332355	0.0	0.0	
26.10288238424478	6.28416023062818	0.0	0.0	
26.362411394678322	7.365799789280155	0.0	0.0	
26.4358988042978	7.502349277881033	0.0	0.0	
25.701829625840908	8.972745996302525	0.0	0.0	
25.810572870595912	10.488541657615482	0.0	0.0	
26.445553691434583	10.750111982145489	0.0	0.0	
25.595695668051782	12.13633788708622	0.0	0.0	
26.320132113116216	13.15852273741085	0.0	0.0	
26.162761657368492	13.930550723286174	0.0	0.0	
25.75943977934513	15.341052784355394	0.0	0.0	
25.95426004600808	15.586197057944034	0.0	0.0	
26.200189175195018	17.318311179673113	0.0	0.0	
25.916712061079274	17.565827432754066	0.0	0.0	
26.14840680232894	19.354354473663395	0.0	0.0	
26.313449825955505	20.13825047326208	0.0	0.0	
25.59377667553723	20.547262645926818	0.0	0.0	
25.696391307962475	22.3460566914777	0.0	0.0	
25.88679885714437	23.04616318505339	0.0	0.0	
26.485628012026414	23.80694011609983	0.0	0.0	
26.429429533796654	24.667006393517145	0.0	0.0	
25.641242098823806	26.10981285105943	0.0	0.0	
25.5405138920885	27.332635910809795	0.0	0.0	
26.49784583439946	27.63507375852953	0.0	0.0	
25.86440105161428	28.789167229035193	0.0	0.0	
25.957027051325312	30.342941752894887	0.0	0.0	
25.634912265811955	31.01947760805959	0.0	0.0	
27.37957855403666	0.07034999680667975	0.0	0.0	
26.80161014577593	1.2813416772105484	0.0	0.0	
27.00776681276157	2.010031605506664	0.0	0.0	
26.936542911917577	3.016796677748172	0.0	0.0	
27.137631492808783	4.250952591184754	0.0	0.0	
27.22985518925744	5.469788436956616	0.0	0.0	
27.298615848413878	5.691762307801264	0.0	0.0	
27.08062635148409	6.583392091567549	0.0	0.0	
27.453631495450832	8.143179422279866	0.0	0.0	
26.73729991047498	9.306000052438655	0.0	0.0	
27.025578121476737	10.045446654953468	0.0	0.0	
26.630299803165517	11.353915194868682	0.0	0.0	
26.98139956384726	11.869182771484022	0.0	0.0	
26.813165640575495	13.486328282625886	0.0	0.0	
27.31547309270957	13.595695085097892	0.0	0.0	
26.7995849886739	14.58561468182485	0.0	0.0	
26.918564519985097	15.740624275794021	0.0	0.0	
26.831448656927705	16.90520612164693	0.0	0.0	
26.908051546820126	18.40963972988524	0.0	0.0	
26.996436804658387	18.56723558528664	0.0	0.0	
26.539308190355715	20.365974134045295	0.0	0.0	
27.415227773205263	20.610207903797743	0.0	0.0	
27.16841943663343	21.83601219738616	0.0	0.0	
27.0374142336977	23.294750192169495	0.0	0.0	
26.749111177045418	23.7761382842594	0.0	0.0	
27.488457095641117	24.668390232358547	0.0	0.0	
26.843657129786468	26.0531461290605	0.0	0.0	
26.550858749494438	26.83406919563992	0.0	0.0	
27.414580219699886	27.66469786762864	0.0	0.0	
27.28499133424669	28.732559585715048	0.0	0.0	
26.944159699588333	30.008089528978864	0.0	0.0	
27.14400023447417	31.216905408971993	0.0	0.0	
28.49938844699424	0.341256194442656	0.0	0.0	
27.534233647604605	1.26156259504822	0.0	0.0	
27.750533332385704	1.5689542672005987	0.0	0.0	
27.678674481398648	3.4998979780662256	0.0	0.0	
28.425493007672223	3.5869804021415863	0.0	0.0	
27.705928435799642	4.749016535833379	0.0	0.0	
27.554173766245302	6.46449560392314	0.0	0.0	
28.343790777899425	6.555950592022022	0.0	0.0	
28.37747118076711	8.031897687928733	0.0	0.0	
28.0774083764132	9.00807111011363	0.0	0.0	
27.632057597720724	9.615889026981066	0.0	0.0	
28.342100473403093	11.421917615676206	0.0	0.0	
28.393299015069303	11.58926320010895	0.0	0.0	
28.46216449112468	13.342804924896443	0.0	0.0	
27.700339217925098	14.481827819772132	0.0	0.0	
27.947693839641964	15.05144079018757	0.0	0.0	
27.547436812329646	15.539978252945723	0.0	0.0	
28.444795068261147	16.641964907424263	0.0	0.0	
27.96485386826002	18.309987490722868	0.0	0.0	
28.210268530105775	18.584511337127182	0.0	0.0	
27.855004723918015	20.37284067444537	0.0	0.0	
28.126726479198116	20.66659776312895	0.0	0.0	
27.786274602133965	22.31035096825851	0.0	0.0	
27.989056296572258	23.265209277259324	0.0	0.0	
28.445194860777963	23.692078110978542	0.0	0.0	
28.16614133429387	25.265323943366685	0.0	0.0	
28.363600471290162	26.02312462659483	0.0	0.0	
28.11619332183443	27.072836330646798	0.0	0.0	
28.282540653238232	27.89143434161026	0.0	0.0	
28.405568146095234	28.718779908434005	0.0	0.0	
27.86074516264976	30.118244107334775	0.0	0.0	
28.480914204969206	31.410211173574705	0.0	0.0	
29.314023728239555	0.44003900748579583	0.0	0.0	
28.75215523313719	1.3665485816444436	0.0	0.0	
28.750050458461782	1.5769173817464588	0.0	0.0	
29.41244318537937	2.6005600812799874	0.0	0.0	
28.778234062195274	3.572566057366065	0.0	0.0	
28.9708097325625	5.319245946519043	0.0	0.0	
29.08102440101781	6.163766999136664	0.0	0.0	
29.101064833641935	6.878420246169663	0.0	0.0	
29.050544395476095	7.9263500587406845	0.0	0.0	
28.712997871375226	8.700721370648933	0.0	0.0	
29.21430827159364	10.030678065635168	0.0	0.0	
28.64951938427781	10.558427517053918	0.0	0.0	
29.306684851227335	11.660804737273095	0.0	0.0	
29.449196647435183	13.445556267651341	0.0	0.0	
29.010950815046684	14.049321624984312	0.0	0.0	
28.91662055304998	15.439144126520663	0.0	0.0	
28.87842893566001	16.044061057531685	0.0	0.0	
28.711932717729294	17.083652731514256	0.0	0.0	
28.705101287655687	18.107873920204934	0.0	0.0	
29.061957894406888	19.224906555938603	0.0	0.0	
29.100471461437326	20.246868884757447	0.0	0.0	
29.325228818046494	21.08699827312893	0.0	0.0	
28.822248598371697	22.14616523385216	0.0	0.0	
29.11916736571162	23.416414037940633	0.0	0.0	
28.869747132820905	24.490979462883974	0.0	0.0	
28.70301802272178	25.320847286259568	0.0	0.0	
29.130775597637488	26.124887245121855	0.0	0.0	
28.98917823626708	26.53425998549809	0.0	0.0	
29.04310063139813	27.778238405582158	0.0	0.0	
28.96701978343574	28.66127903371608	0.0	0.0	
29.18875481022493	30.067914262181677	0.0	0.0	
29.057127542457497	30.520931928510848	0.0	0.0	
29.70705423803827	0.09248952495351126	0.0	0.0	
30.44874176696716	1.2713423022195138	0.0	0.0	
30.376002334988275	1.9727502429750103	0.0	0.0	
29.821838518451173	3.178636093521878	0.0	0.0	
29.78425037721527	3.712586420882852	0.0	0.0	
29.814664009886943	4.682927937972804	0.0	0.0	
30.06875676175552	6.169018923077331	0.0	0.0	
30.475945573886047	7.440306740795837	0.0	0.0	
29.92317685012379	8.021122892798061	0.0	0.0	
30.231220545327997	9.08090316175808	0.0	0.0	
30.16630737613679	9.858918381829522	0.0	0.0	
29.788140806040907	11.23041833065663	0.0	0.0	
30.12182459343053	12.42719376508946	0.0	0.0	
30.39227408036451	12.718122564127698	0.0	0.0	
30.08014603374081	13.974158768892877	0.0	0.0	
30.19290840243202	15.350328687082042	0.0	0.0	
29.51451935982648	16.154816630556187	0.0	0.0	
30.285265696619582	17.406525748120302	0.0	0.0	
30.024201478520972	17.551097876724903	0.0	0.0	
30.041182466565044	19.439690015924455	0.0	0.0	
29.540210929322395	19.5465158662145	0.0	0.0	
29.874585065470598	21.184602974705452	0.0	0.0	
29.93009344756826	22.401861355441746	0.0	0.0	
29.578303549667364	22.62862236039254	0.0	0.0	
30.03120761104034	24.21581479316222	0.0	0.0	
29.99402137248388	25.2795340412961	0.0	0.0	
29.91104160138108	26.333040829276797	0.0	0.0	
29.584664966815794	26.637378555080883	0.0	0.0	
29.86068043993888	28.065592418258948	0.0	0.0	
30.26064593579706	29.214021389993512	0.0	0.0	
30.258097899005474	30.178172931773684	0.0	0.0	
29.975737511524528	30.686963785131237	0.0	0.0	
31.095669334640142	0.4271920694498823	0.0	0.0	
31.28315016571141	0.6773533157391376	0.0	0.0	
30.551365033771884	2.279851157320332	0.0	0.0	
30.661936396488922	3.170746241281086	0.0	0.0	
31.439466236931114	4.120066438524742	0.0	0.0	
31.356882682402578	5.135078000828095	0.0	0.0	
31.42813228467127	6.056339350739377	0.0	0.0	
30.960480431787825	7.395689387355512	0.0	0.0	
30.857128101063136	7.745676682263598	0.0	0.0	
31.14648240399084	8.771408012325658	0.0	0.0	
30.819569955439455	9.80505299371368	0.0	0.0	
31.39614397380107	10.621426971694993	0.0	0.0	
30.780176273870588	12.423562386710714	0.0	0.0	
30.599656658347055	12.656392287893166	0.0	0.0	
30.992138957050077	13.933531116426524	0.0	0.0	
31.199809726315173	15.13235058891684	0.0	0.0	
30.68228224006053	15.859963702627276	0.0	0.0	
31.36883216513619	16.93592009110876	0.0	0.0	
31.44169735708602	17.821126645648597	0.0	0.0	
30.61480855952739	19.445336349520442	0.0	0.0	
31.104575047274555	20.105709599007874	0.0	0.0	
30.9325956682393	21.25730251338602	0.0	0.0	
30.789094040091953	21.685216086017753	0.0	0.0	
31.17011782320284	22.59418690134607	0.0	0.0	
30.536268515556173	23.57056665684287	0.0	0.0	
31.215750367011932	24.900358589352493	0.0	0.0	
31.418658511989726	26.407020478437463	0.0	0.0	
30.88436396343975	27.20943563279325	0.0	0.0	
31.046852361194134	28.342508213671728	0.0	0.0	
30.881037826500926	29.48686649896784	0.0	0.0	
30.630418771120596	29.74097944455991	0.0	0.0	
30.863532171165772	31.354476952730217	0.0	0.0	
