2
32.0	0.0	0.0	0.0	
0.0	32.0	0.0	0.0	
0.3650360208960155	0.0903981811399669	0.0	0.0	
0.29217409961366636	1.2682689479070175	0.0	0.0	
0.33308497307207086	2.402657952637096	0.0	0.0	
0.1573865806945991	3.3662360004096823	0.0	0.0	
0.4631445144809738	4.039273147844248	0.0	0.0	
0.030865592281874132	5.153078375147129	0.0	0.0	
0.3907298960604164	6.20383719168969	0.0	0.0	
0.2779877424084509	6.879522916419589	0.0	0.0	
0.013015695392832205	7.624463252155524	0.0	0.0	
0.06672894945246055	8.563940214713227	0.0	0.0	
0.06810656491889289	10.148385566088605	0.0	0.0	
0.2938338293457775	11.303772765305812	0.0	0.0	
0.016573766286536395	12.352397408112664	0.0	0.0	
0.41675731918265146	12.940890614215265	0.0	0.0	
0.40722791726532404	14.441109487294858	0.0	0.0	
0.0786230239698128	15.196485174497974	0.0	0.0	
0.09069560914657937	15.951999137977152	0.0	0.0	
0.032884566624192924	17.466743029803794	0.0	0.0	
0.1278809607556548	17.867797970350228	0.0	0.0	
0.19650897276803814	19.346329991303218	0.0	0.0	
0.07165639527031498	20.1268130108997	0.0	0.0	
0.007086945222056107	21.292600186854	0.0	0.0	
0.22877802303365247	21.534109393365693	0.0	0.0	
0.48876278135023166	22.5297398366073	0.0	0.0	
0.25810850143344155	24.20238226627693	0.0	0.0	
0.20376641886024138	25.4255709247661	0.0	0.0	
0.024713227840099328	26.178891296016662	0.0	0.0	
0.49877059715363903	26.984301960187175	0.0	0.0	
0.3334379518947126	28.270826526692673	0.0	0.0	
0.30550587820912234	28.851926213000596	0.0	0.0	
0.20086024893918297	30.029915702385335	0.0	0.0	
0.18073252973466492	31.126478091741472	0.0	0.0	
1.0691619929573335	0.032106390929302675	0.0	0.0	
1.205744741511069	0.9067319586366633	0.0	0.0	
0.7216729054624037	1.9915239170063614	0.0	0.0	
1.191580934072225	3.4915878145529136	0.0	0.0	
0.5999876803334963	3.866915845202335	0.0	0.0	
0.7447533408427398	5.418755033918949	0.0	0.0	
0.7410187856958581	6.442835635984597	0.0	0.0	
1.0592569076001883	6.850227808068454	0.0	0.0	
1.0176279516330968	8.445108815444831	0.0	0.0	
1.3413253177958704	8.845079929887017	0.0	0.0	
0.6727506156428769	9.763191734538022	0.0	0.0	
1.004495667953185	11.499247118236212	0.0	0.0	
0.9672044678736914	11.561225534270589	0.0	0.0	
1.3744058980099916	13.469664533518861	0.0	0.0	
1.1291823176846907	14.22160835820092	0.0	0.0	
0.8074605666158285	15.358162204192315	0.0	0.0	
1.0137771240906894	16.47752660191484	0.0	0.0	
1.3796836334284115	16.702413932080706	0.0	0.0	
1.0418030973426744	18.354156878270516	0.0	0.0	
1.2052621869520035	19.150994179484407	0.0	0.0	
1.461120980011274	19.637678006028466	0.0	0.0	
1.202437585635562	21.119714830673324	0.0	0.0	
0.938661754674836	22.243230495806078	0.0	0.0	
1.1972985657976758	23.11345993598233	0.0	0.0	
0.8618160248532484	23.868690195874176	0.0	0.0	
1.314713591567258	25.18429872266745	0.0	0.0	
0.5257248665380294	25.74238882432343	0.0	0.0	
0.6952704507957386	26.63439167955294	0.0	0.0	
1.0426880829915293	27.741900695104906	0.0	0.0	
1.1340782907485887	29.05438065526387	0.0	0.0	
1.463041379976119	30.454901372173218	0.0	0.0	
0.7627670044927879	30.823763673212163	0.0	0.0	
1.7295192124301613	0.10137918639999499	0.0	0.0	
1.5907550184630421	1.1545552694074686	0.0	0.0	
1.8007951735813095	1.6943342480841297	0.0	0.0	
1.5928234629305345	3.295239484838412	0.0	0.0	
1.9412703114717522	3.924354762515203	0.0	0.0	
2.0643175949477808	5.380856306270625	0.0	0.0	
2.2408494720852445	6.305600581771126	0.0	0.0	
1.5087190173166223	7.4958134028527095	0.0	0.0	
1.5428464632535106	8.008053697602447	0.0	0.0	
2.4600352295486583	8.553164432503133	0.0	0.0	
2.4915890496671773	9.77999926657082	0.0	0.0	
1.5641589680450163	11.358218073276248	0.0	0.0	
1.6561040646075087	11.703398750709663	0.0	0.0	
1.9706567776513262	13.127766926571658	0.0	0.0	
2.183976881256438	13.881278863478208	0.0	0.0	
2.3087485028856816	15.161840398104912	0.0	0.0	
2.0429483979764567	16.05271594401535	0.0	0.0	
2.3723635607404314	17.301075284629142	0.0	0.0	
2.277451290115794	18.11208339265178	0.0	0.0	
1.9885176480826783	18.987464363311066	0.0	0.0	
1.8007423314935969	20.3988007588038	0.0	0.0	
1.9137984565991766	21.231850432986977	0.0	0.0	
1.776005938900484	21.66004352517217	0.0	0.0	
2.030372211821873	22.621268764259227	0.0	0.0	
1.5492760531767251	23.928225201109402	0.0	0.0	
2.184880933108002	25.274125602575527	0.0	0.0	
1.9374913702620347	26.015315018146325	0.0	0.0	
1.6236949257684468	27.31487404351761	0.0	0.0	
2.02687767745545	27.66332310539704	0.0	0.0	
2.258908889158828	29.170903456351734	0.0	0.0	
1.688818902666561	30.34420523392518	0.0	0.0	
2.373551065083599	30.732538500377036	0.0	0.0	
2.5315593587778986	0.47383570322937585	0.0	0.0	
2.780316827119091	1.477456892189282	0.0	0.0	
2.7877552773543868	2.1505656808299616	0.0	0.0	
2.808863850026582	2.7733900047819366	0.0	0.0	
2.566331430808989	3.5871306908953686	0.0	0.0	
3.135858886008792	5.259289927200244	0.0	0.0	
3.2983532778068496	6.146865688745747	0.0	0.0	
2.79907770129081	6.764270214207316	0.0	0.0	
3.034890549849807	8.162750767654293	0.0	0.0	
3.3884164260449605	9.049743107707368	0.0	0.0	
3.2945280511299133	9.509630238077397	0.0	0.0	
3.224138436765629	10.90623140317919	0.0	0.0	
2.672433157330888	11.896437776515347	0.0	0.0	
3.2601069150068547	12.98490363475455	0.0	0.0	
3.4665829829065613	14.402780151549493	0.0	0.0	
2.737868539592106	14.931700054455984	0.0	0.0	
2.5228480410774052	16.121336415171474	0.0	0.0	
2.580380048459997	16.876606559328867	0.0	0.0	
2.8370031823206228	18.244173551658438	0.0	0.0	
2.7413211419349723	18.934978327068645	0.0	0.0	
3.4420012638226334	20.435829375921937	0.0	0.0	
3.4845407239184802	21.26920569383971	0.0	0.0	
2.7493705944645312	22.395460098572116	0.0	0.0	
2.502077290720377	22.555988739802334	0.0	0.0	
3.2610237079087523	23.656526974505308	0.0	0.0	
2.9576574894631738	25.306261440141917	0.0	0.0	
3.313867471338906	25.963664091836833	0.0	0.0	
2.9578749026738214	27.16091306856473	0.0	0.0	
2.839444262328681	27.535192515302235	0.0	0.0	
2.6215898461042104	29.48383679155465	0.0	0.0	
2.517285720994077	30.340242753286557	0.0	0.0	
3.426068088578681	31.09143200467782	0.0	0.0	
3.938631954926066	0.1408772011397661	0.0	0.0	
3.9591179124643743	1.447977960009512	0.0	0.0	
3.501215804257993	2.027255453905333	0.0	0.0	
3.679034567158463	3.231133544320704	0.0	0.0	
3.670299633743743	4.106053346366184	0.0	0.0	
3.637386625590901	5.236534841943697	0.0	0.0	
4.293782685812641	6.054221590715238	0.0	0.0	
4.082615021361079	6.953561126988964	0.0	0.0	
4.3654237652737065	7.733522091376834	0.0	0.0	
3.724818471512715	9.000851579862267	0.0	0.0	
3.9232552245061303	10.264596466312772	0.0	0.0	
3.912230391509059	11.460546346456995	0.0	0.0	
4.194652221209425	12.429903082692535	0.0	0.0	
3.601368045580994	12.802441534054172	0.0	0.0	
4.170519095621284	14.051230104769127	0.0	0.0	
4.279331719776174	14.722601381753192	0.0	0.0	
3.530417780352336	16.415130920243893	0.0	0.0	
3.7521060752221302	17.111843514463192	0.0	0.0	
4.02486503188429	18.028658273284297	0.0	0.0	
3.5927800437022337	19.43191241633415	0.0	0.0	
4.49036655993201	19.74798313145647	0.0	0.0	
4.0748212519651545	20.57141947417846	0.0	0.0	
3.612217468740143	22.332538803914485	0.0	0.0	
4.009278203155562	22.687416971379818	0.0	0.0	
3.650585037124288	24.44196450915879	0.0	0.0	
4.027878021515104	24.54048190848408	0.0	0.0	
3.518743049419828	25.84773152655882	0.0	0.0	
3.5499319666396025	27.204770214331294	0.0	0.0	
3.9243075517655273	27.89888854804752	0.0	0.0	
4.135925545846254	28.551608979137917	0.0	0.0	
3.7534479978114095	29.748505214504572	0.0	0.0	
4.195744408236844	30.98773139381751	0.0	0.0	
5.400964369710454	0.29079966493694176	0.0	0.0	
4.774819568932763	1.2766678114540095	0.0	0.0	
5.2814337881325155	1.6492888603198212	0.0	0.0	
5.07829747240139	2.866913717154925	0.0	0.0	
5.171773743124275	3.6562752830743133	0.0	0.0	
4.775877693492462	5.171317451309263	0.0	0.0	
5.080827740487086	6.365114322137069	0.0	0.0	
5.262738798591451	7.137480209989211	0.0	0.0	
4.540802892381089	7.913805532246145	0.0	0.0	
4.722087868391853	9.256393629541659	0.0	0.0	
4.550260872511628	9.683383960827149	0.0	0.0	
4.889549896132808	10.511570741129976	0.0	0.0	
4.6404005427530155	11.568194042726068	0.0	0.0	
4.576132520812832	13.116827816492155	0.0	0.0	
5.195451590428499	14.499587259460716	0.0	0.0	
4.561816777034875	15.065001203496337	0.0	0.0	
5.0587163846885534	16.15432968489747	0.0	0.0	
4.78660849679315	16.974886086241035	0.0	0.0	
4.945195369393835	18.326008048570902	0.0	0.0	
5.083980485569671	19.496311103234817	0.0	0.0	
5.316393097804524	20.0360538420101	0.0	0.0	
4.66287044175855	21.342292457128746	0.0	0.0	
4.849043622166649	21.638562816443688	0.0	0.0	
5.189014607987311	23.41170780298145	0.0	0.0	
4.60311963040757	24.436418092578528	0.0	0.0	
4.780560978076037	25.067565538491575	0.0	0.0	
4.877486167472218	26.156357122961044	0.0	0.0	
5.011731771182158	27.13074821665409	0.0	0.0	
4.911177070542996	27.575527366731396	0.0	0.0	
5.24304150730144	29.315929276682724	0.0	0.0	
5.271685174453343	30.126488127857222	0.0	0.0	
5.273626862655236	31.239256952683377	0.0	0.0	
5.926054089482337	0.42289339790413716	0.0	0.0	
5.819573689758429	1.2172940472528673	0.0	0.0	
6.286946490207311	1.6590945849625198	0.0	0.0	
6.085245473925233	2.705756746777027	0.0	0.0	
5.546275297350025	3.781124623002069	0.0	0.0	
5.939356170872831	4.729003872661629	0.0	0.0	
5.737985164311052	5.957350397452987	0.0	0.0	
5.59474572317432	6.674689736103422	0.0	0.0	
5.629119158912523	7.724269243779137	0.0	0.0	
5.644432429724058	9.495405196196623	0.0	0.0	
5.770769205292363	10.174607543954744	0.0	0.0	
6.007859776390054	10.59758048208432	0.0	0.0	
6.194595807211431	11.986832887661402	0.0	0.0	
5.651800306444833	12.628989843652807	0.0	0.0	
5.803843139218119	13.70682833221883	0.0	0.0	
5.535955391928235	14.77991756952892	0.0	0.0	
5.8016323484210215	15.879287304472038	0.0	0.0	
5.738083336614262	17.08246947434345	0.0	0.0	
6.004314510128831	18.45146185271763	0.0	0.0	
5.67009929380719	18.975518211148565	0.0	0.0	
6.337877061142323	19.884871902220347	0.0	0.0	
5.673718244986132	21.333564460430033	0.0	0.0	
6.124767405036588	22.20187026891409	0.0	0.0	
6.400508815169428	22.574756247075488	0.0	0.0	
5.633093423491223	24.277565361439756	0.0	0.0	
5.753354932321006	25.068716837198227	0.0	0.0	
6.117185462638751	25.658244398963163	0.0	0.0	
6.180716811479594	26.70148199830773	0.0	0.0	
5.548143601345704	28.097320629338345	0.0	0.0	
5.828082252675589	29.314163786368294	0.0	0.0	
5.784879251762968	30.067144173728526	0.0	0.0	
5.987360204854483	31.22748055319871	0.0	0.0	
6.7935739513329105	0.1740658589986518	0.0	0.0	
7.2987408894794115	0.5946072294749436	0.0	0.0	
7.120450570584276	1.9218192484045884	0.0	0.0	
6.908032742355759	2.9844281520372857	0.0	0.0	
6.706849693490917	4.059121022371265	0.0	0.0	
6.6256394920391095	4.9672247692953935	0.0	0.0	
6.635858565590775	5.607463948230391	0.0	0.0	
6.708918298001922	7.075025399285882	0.0	0.0	
7.421262104629768	7.695042103099751	0.0	0.0	
6.737739406383414	9.14888477459639	0.0	0.0	
7.308112294359627	10.08158882597124	0.0	0.0	
6.864667620023649	11.149813575440934	0.0	0.0	
7.3452435081748195	12.431113084094997	0.0	0.0	
6.518497535759062	13.206303536827843	0.0	0.0	
7.275465877959483	13.706599390774633	0.0	0.0	
7.314845965670285	14.88421252815372	0.0	0.0	
6.54042251585477	16.222952753202605	0.0	0.0	
6.693754856849918	17.397766383960185	0.0	0.0	
6.786303277756961	18.126024581709004	0.0	0.0	
6.818477781188226	18.907087742624313	0.0	0.0	
6.995738099214031	19.561534791079584	0.0	0.0	
6.595868488714127	21.275631577537332	0.0	0.0	
6.721665783300608	21.97204859111598	0.0	0.0	
6.792566891968357	22.971929096498958	0.0	0.0	
7.377994691418705	23.62951620367326	0.0	0.0	
7.265809967613742	24.965186688707696	0.0	0.0	
6.599180559116796	25.941951289350676	0.0	0.0	
7.156436467834896	26.745672164427045	0.0	0.0	
7.316612799170487	28.281354217443916	0.0	0.0	
7.090759090632344	29.483675466885025	0.0	0.0	
6.717612581946254	29.576183571277443	0.0	0.0	
6.685120065449564	30.898153511257654	0.0	0.0	
8.395193249108857	0.07568286889849107	0.0	0.0	
7.944519624866458	0.8147219664140021	0.0	0.0	
7.748967698044146	1.731618314634721	0.0	0.0	
7.631013497128538	3.1379980998840105	0.0	0.0	
8.476269627500075	3.5927762025623426	0.0	0.0	
8.193636037915523	5.472101258927438	0.0	0.0	
8.47454143497939	5.648570274463161	0.0	0.0	
7.620036510954364	7.341415496917705	0.0	0.0	
7.569386336390207	7.632264771541193	0.0	0.0	
7.500167633021028	9.109632337940166	0.0	0.0	
7.758046035675301	10.207762566976426	0.0	0.0	
7.590210970756037	10.832171258228012	0.0	0.0	
7.6666457949224105	11.724084030977437	0.0	0.0	
7.838156280211826	12.928421373794421	0.0	0.0	
7.689635084578761	13.557200035732631	0.0	0.0	
7.869956760043539	14.684110964197876	0.0	0.0	
8.114115172272742	16.360998512498355	0.0	0.0	
7.775280332741264	16.756716342087646	0.0	0.0	
7.7132915203678545	18.367958825524678	0.0	0.0	
8.142973385956651	18.883404674212443	0.0	0.0	
8.250471294302038	20.49224470329195	0.0	0.0	
8.297205972918983	20.54623631521689	0.0	0.0	
8.313726538560898	22.24183382624118	0.0	0.0	
7.98449995312022	23.204248954238707	0.0	0.0	
8.282246422943324	24.40511303494544	0.0	0.0	
8.318673665891088	25.220681554483196	0.0	0.0	
8.009494589964723	25.728689572480217	0.0	0.0	
7.735179666079133	27.437009758593554	0.0	0.0	
8.49014900695782	28.486250897944142	0.0	0.0	
7.726267378598202	29.23795068075648	0.0	0.0	
8.22156599346619	30.077835338554543	0.0	0.0	
7.999073806998288	30.51604874689845	0.0	0.0	
9.018316795303864	0.4591060268268703	0.0	0.0	
9.389865064760913	0.8468793475508034	0.0	0.0	
9.453341371544953	2.230520399045209	0.0	0.0	
9.223598735959746	3.297349669776075	0.0	0.0	
8.697574538160655	4.028127430031535	0.0	0.0	
8.921991543186687	5.480241478051443	0.0	0.0	
9.47491365283655	5.802560463023277	0.0	0.0	
8.899463704604443	7.096529536982994	0.0	0.0	
8.73716293468218	8.341632727752673	0.0	0.0	
9.162599007860022	9.336864794127452	0.0	0.0	
9.367858060002384	9.81962906651512	0.0	0.0	
8.707402256364924	10.767336905502743	0.0	0.0	
9.446424550957957	11.939879876398727	0.0	0.0	
9.463951633232558	12.646796076010732	0.0	0.0	
9.236929406006691	14.211382997302703	0.0	0.0	
9.318853211738656	14.517028317551883	0.0	0.0	
9.43521982834771	16.270207858251432	0.0	0.0	
8.741365977138448	16.70313311250239	0.0	0.0	
9.021939095280116	18.19831854398842	0.0	0.0	
9.13043212466525	18.600525055542743	0.0	0.0	
9.479017752995656	19.535468520060448	0.0	0.0	
9.13087117132817	20.87727666987651	0.0	0.0	
9.127828967920841	22.260705715136243	0.0	0.0	
8.95800034234817	23.06070638473314	0.0	0.0	
8.833450166970872	23.534347446719572	0.0	0.0	
9.487259234060872	25.454885806159556	0.0	0.0	
8.99411099584738	26.018825832166325	0.0	0.0	
8.81310770992262	27.4984581309751	0.0	0.0	
9.287067040672222	28.310714879446376	0.0	0.0	
8.650369635843727	28.74776270645142	0.0	0.0	
9.154427901632921	29.818659935024726	0.0	0.0	
9.39150365720275	30.58525876136701	0.0	0.0	
9.675510639683012	0.15467559786569296	0.0	0.0	
10.251531052646907	1.2012748411891705	0.0	0.0	
10.256419406929679	1.843264762104191	0.0	0.0	
9.983078897318178	3.4151358936334084	0.0	0.0	
9.666062227713464	3.964644814280832	0.0	0.0	
9.665650492928599	4.637032902187862	0.0	0.0	
9.758705828182489	5.922974936758479	0.0	0.0	
9.78531988710308	6.513175868747339	0.0	0.0	
10.374059224227995	7.6510932542757395	0.0	0.0	
9.68269276200357	8.619454573584001	0.0	0.0	
10.17133801485291	10.090673416862856	0.0	0.0	
10.475665234903635	10.803477359823187	0.0	0.0	
10.435473968998785	12.381320056443375	0.0	0.0	
9.926986584857975	13.110105064802895	0.0	0.0	
9.8967740617237	13.912176890760978	0.0	0.0	
9.776930780467708	15.160766289231239	0.0	0.0	
10.22848309956061	15.997567485045993	0.0	0.0	
9.627419979575055	17.486918637624644	0.0	0.0	
10.360125908658127	17.773242222455412	0.0	0.0	
9.902159454123463	19.024960113657535	0.0	0.0	
10.242654202616553	20.35503726917656	0.0	0.0	
9.665177508767066	20.519955796733264	0.0	0.0	
9.65726093190293	22.087753913925532	0.0	0.0	
9.638305349135642	23.488628090321555	0.0	0.0	
10.02781208277431	24.420298742000163	0.0	0.0	
10.030412871290185	24.88704052335274	0.0	0.0	
10.276642827519927	26.365254012352057	0.0	0.0	
10.078344918091563	27.364293221896688	0.0	0.0	
10.317131759181322	27.902128197978396	0.0	0.0	
9.747936087040332	28.66536831427782	0.0	0.0	
9.649333400992283	30.486499666983892	0.0	0.0	
10.26607726883791	31.254565920268096	0.0	0.0	
11.444590751692386	0.011594832383135523	0.0	0.0	
10.907827006090846	0.9486602612321156	0.0	0.0	
10.557497625626308	1.590142721202377	0.0	0.0	
10.88525917804612	2.9380113962685703	0.0	0.0	
11.189154701242687	3.9489149382887194	0.0	0.0	
10.957405933842931	4.5924860839577395	0.0	0.0	
11.490506174511168	6.317334164002272	0.0	0.0	
11.073439350702333	6.676131800928452	0.0	0.0	
10.607054208899488	8.494074058408836	0.0	0.0	
11.134089729135994	9.31652803774756	0.0	0.0	
10.666899469906069	10.42451862849821	0.0	0.0	
10.870477377776467	11.220563636380554	0.0	0.0	
10.753727826509339	11.821352969046448	0.0	0.0	
11.274838379901267	13.080361199527143	0.0	0.0	
10.773071178487925	14.166960321803495	0.0	0.0	
10.854738624749507	15.442213535342109	0.0	0.0	
10.859142520087435	16.436206020674387	0.0	0.0	
10.972232301366617	17.40140927614704	0.0	0.0	
10.611652748262847	17.565842357299893	0.0	0.0	
10.90092629702385	19.052620168240388	0.0	0.0	
10.739650904516676	20.12412262971078	0.0	0.0	
11.122705893716102	21.216810485096552	0.0	0.0	
10.738841184097163	21.85946181301398	0.0	0.0	
11.411936833536263	23.277296709453704	0.0	0.0	
11.174413207052444	24.11504709451483	0.0	0.0	
10.921494525784487	25.23193136455828	0.0	0.0	
10.553957448518476	25.940962504047814	0.0	0.0	
10.575902070277246	27.187196785708736	0.0	0.0	
10.528091195848566	27.600796045106723	0.0	0.0	
10.869377728264046	28.89942265102056	0.0	0.0	
10.712557087614142	29.936694265262716	0.0	0.0	
11.067551330705475	31.329214717233924	0.0	0.0	
11.876900009376232	0.3678193765794855	0.0	0.0	
11.623664420270373	0.7437933505733492	0.0	0.0	
12.127872305970943	2.1764034082172214	0.0	0.0	
11.954349150529573	3.019682495258103	0.0	0.0	
11.737401110813824	3.7560409386304556	0.0	0.0	
11.909775377069177	4.781541336909014	0.0	0.0	
11.966900473629538	6.152408069283494	0.0	0.0	
11.738929121098996	6.635108163822556	0.0	0.0	
11.526620061977916	8.004818808897312	0.0	0.0	
11.608155010738528	8.641887323661491	0.0	0.0	
11.663575119945998	9.87343413499718	0.0	0.0	
12.013576656897637	11.290915781498477	0.0	0.0	
11.571442120015746	11.709438514601878	0.0	0.0	
12.257307613709585	13.203731407396859	0.0	0.0	
12.4607513729884	14.216714058458889	0.0	0.0	
12.221897459425769	14.668322280611577	0.0	0.0	
12.00341159166301	15.788052686872232	0.0	0.0	
12.200076010419231	16.947820611717894	0.0	0.0	
12.395093054718188	17.79833641155787	0.0	0.0	
11.718131899161602	18.52652027063134	0.0	0.0	
12.202358978208764	19.849937850637318	0.0	0.0	
12.048515407089807	20.83653129057379	0.0	0.0	
12.267032411448493	21.772803055020248	0.0	0.0	
12.046022621579429	23.405802482715426	0.0	0.0	
12.338440991643022	23.981856281197235	0.0	0.0	
11.537742536083368	25.396553294554323	0.0	0.0	
12.015841232358301	26.45248028150402	0.0	0.0	
12.074641990765395	27.320686083319437	0.0	0.0	
11.980162114666552	28.10492082065164	0.0	0.0	
11.830823183542066	29.026449189677354	0.0	0.0	
11.8674366373513	30.17275399406089	0.0	0.0	
12.20098190072596	30.96568887034978	0.0	0.0	
12.503480315465097	0.46420080607268566	0.0	0.0	
13.225283439775882	1.0583133458662006	0.0	0.0	
13.306070231235218	2.3419347678913245	0.0	0.0	
12.865763767317718	2.6674056661074106	0.0	0.0	
12.980694125433027	4.0521871459961725	0.0	0.0	
13.426311870706483	5.30987553942233	0.0	0.0	
12.898720132912937	5.790242719075343	0.0	0.0	
13.339910892625436	6.989464990604494	0.0	0.0	
12.776693007333934	7.83965256787608	0.0	0.0	
12.512874748886418	8.691838151715618	0.0	0.0	
12.810961696865268	9.553287109880523	0.0	0.0	
13.11617033021331	10.626941546025453	0.0	0.0	
12.611241281143283	12.293087820385786	0.0	0.0	
13.462979747314074	13.188264203407957	0.0	0.0	
12.743923893544572	14.219764537673012	0.0	0.0	
13.24969927370028	15.418916225616766	0.0	0.0	
13.07967103091094	16.256847441499197	0.0	0.0	
13.035780515216437	16.649786641970607	0.0	0.0	
13.199369872363357	17.56882834121716	0.0	0.0	
13.477653668993039	19.153836072375004	0.0	0.0	
13.080204044858734	20.497306866983568	0.0	0.0	
12.803642631670687	20.890059690826707	0.0	0.0	
13.01113658967151	22.1983305775026	0.0	0.0	
12.713230539518548	22.59497866970229	0.0	0.0	
12.508260067596925	24.126524783665758	0.0	0.0	
13.480352796035453	24.755795962140503	0.0	0.0	
13.44535371481985	26.32570432864251	0.0	0.0	
12.74140876943054	27.32361419975196	0.0	0.0	
12.992266236929208	27.900122254708617	0.0	0.0	
13.299456849268026	29.165797458682544	0.0	0.0	
13.226618900622082	29.59829669594797	0.0	0.0	
13.294421181983765	31.277787802140697	0.0	0.0	
14.266766395260897	0.33720630805687657	0.0	0.0	
13.709261567767605	1.101624461740944	0.0	0.0	
14.252850247699989	1.769572004424703	0.0	0.0	
13.81843568615208	2.880812843838084	0.0	0.0	
14.414940301785089	4.389584028604057	0.0	0.0	
14.44343391349915	4.670450490233444	0.0	0.0	
14.009616836569803	6.128364099924113	0.0	0.0	
14.479316327272658	7.181807175722463	0.0	0.0	
13.757967345353853	8.27459361444199	0.0	0.0	
14.0980886108273	9.376908992548659	0.0	0.0	
13.61655929604142	9.686417179152574	0.0	0.0	
13.753497005257271	10.690503341913873	0.0	0.0	
14.275626042105289	12.111707946291748	0.0	0.0	
13.560132033270483	13.028515216876361	0.0	0.0	
13.697598765782713	14.229820991986866	0.0	0.0	
14.280056579536941	15.066898040474317	0.0	0.0	
14.454682213006645	16.352728025388185	0.0	0.0	
13.90158634984319	16.773797869289094	0.0	0.0	
13.839774184759479	17.589722251390118	0.0	0.0	
13.797658502311515	18.905047197273827	0.0	0.0	
14.165794875127725	20.120726862817452	0.0	0.0	
13.57192013550088	21.189690209338607	0.0	0.0	
14.453914244041304	22.327228491552912	0.0	0.0	
13.646832200060423	23.2482833770384	0.0	0.0	
13.739812291706988	24.044742617433773	0.0	0.0	
13.910451871767663	25.351204011064723	0.0	0.0	
14.036767402246992	25.682362457684736	0.0	0.0	
13.726471522436954	27.026685449727722	0.0	0.0	
13.800191189364044	27.71202327157754	0.0	0.0	
13.633730294993818	28.903702206945923	0.0	0.0	
13.865534017985397	30.132185156279508	0.0	0.0	
13.656730987434077	30.967883895602608	0.0	0.0	
14.77028448533855	0.1246896280780817	0.0	0.0	
15.356184233330417	1.2323418354109186	0.0	0.0	
14.975910866301733	2.399947427232407	0.0	0.0	
15.134495992817127	2.899319739761834	0.0	0.0	
14.882767379175984	4.152397105736238	0.0	0.0	
15.38245420585799	5.496134489112991	0.0	0.0	
14.605714651520069	6.3196214430826725	0.0	0.0	
15.01388188563509	6.551283108216737	0.0	0.0	
15.155010275841846	8.470586849170633	0.0	0.0	
15.16822418749376	8.972933391402988	0.0	0.0	
15.47732155449585	10.16215688995097	0.0	0.0	
14.686041453623451	11.17233305272961	0.0	0.0	
14.568367787362574	11.578074156621021	0.0	0.0	
15.175390638299643	13.168143291045736	0.0	0.0	
14.989061655851204	13.965390862624938	0.0	0.0	
14.788122420582363	15.046796773971666	0.0	0.0	
14.803993037495	16.21246194858291	0.0	0.0	
14.669802510811284	16.808490662046633	0.0	0.0	
14.733341361109742	18.151228628210614	0.0	0.0	
14.7745714307108	18.545740760209647	0.0	0.0	
15.052885760586273	19.54811544539181	0.0	0.0	
14.86995621220044	20.75096201294214	0.0	0.0	
15.014498316805428	21.658307039787765	0.0	0.0	
14.653159139031162	22.62269482119734	0.0	0.0	
15.211315553912666	23.800297391242523	0.0	0.0	
14.724419493341019	24.693650333661157	0.0	0.0	
14.986136628465657	26.476048545699218	0.0	0.0	
15.365631218783019	27.495315651716382	0.0	0.0	
15.319011208967543	28.080771098653322	0.0	0.0	
14.647836985128535	28.66273428098433	0.0	0.0	
14.955183216254408	30.39586096426025	0.0	0.0	
15.03335087074994	30.92912795984933	0.0	0.0	
16.239070822011392	0.06800422015407037	0.0	0.0	
16.35455267212482	1.103090081945523	0.0	0.0	
15.518895066202274	2.167539859286539	0.0	0.0	
15.889702035930522	2.7055201822353756	0.0	0.0	
16.396845011454296	4.314558024594866	0.0	0.0	
15.832990134119285	5.250514934570691	0.0	0.0	
16.32318947568999	6.101257902507154	0.0	0.0	
15.89034376900038	7.369300918209529	0.0	0.0	
15.746537560938325	8.428149146522255	0.0	0.0	
16.254021058579294	8.708180555332085	0.0	0.0	
16.090760223425267	9.524571190479573	0.0	0.0	
16.00628857847441	10.595509054572547	0.0	0.0	
15.58795922081356	12.243551232692665	0.0	0.0	
15.835869148965905	13.341784271265311	0.0	0.0	
16.068815315153802	14.347565416910376	0.0	0.0	
16.215001992114107	15.462695411986104	0.0	0.0	
16.30805159488847	15.841160521181711	0.0	0.0	
15.807162301380957	16.88054954384104	0.0	0.0	
16.39852489398698	18.30744027547152	0.0	0.0	
15.54860167876669	19.45913435469126	0.0	0.0	
16.114606094071302	19.908431754554485	0.0	0.0	
15.694542334175265	20.781778375985713	0.0	0.0	
16.06552392643105	22.12553682074238	0.0	0.0	
15.558157589472975	23.06337442850062	0.0	0.0	
15.964631821313485	23.61990808243828	0.0	0.0	
15.770821505763625	24.9746779954433	0.0	0.0	
16.2180149318301	26.217717975748034	0.0	0.0	
15.759015203587547	27.312074481643087	0.0	0.0	
16.349646594720454	27.965615783923628	0.0	0.0	
15.999495881491043	28.77684010462552	0.0	0.0	
15.725795796983405	29.75667305920922	0.0	0.0	
16.3811059819183	31.03192240161561	0.0	0.0	
17.219981178804115	0.30991409181176877	0.0	0.0	
16.598228096084508	0.5792072357521267	0.0	0.0	
16.984728238003502	2.1484157051131376	0.0	0.0	
17.1668757360907	3.414326376164859	0.0	0.0	
17.452191849942416	4.323563959363462	0.0	0.0	
17.158879699612772	5.293380068572876	0.0	0.0	
17.240656932865903	5.538889043161369	0.0	0.0	
16.7657065139536	7.467717617982314	0.0	0.0	
16.99565374138435	7.842444481044451	0.0	0.0	
17.0257519655637	9.496615075460449	0.0	0.0	
16.613922328911393	9.901080370651949	0.0	0.0	
17.355740323266204	11.053249781765414	0.0	0.0	
17.48029200393973	12.256117915857992	0.0	0.0	
16.824503309375572	13.329270365202293	0.0	0.0	
16.9628621093356	13.888919005681657	0.0	0.0	
17.062804738270817	15.425734302816803	0.0	0.0	
16.56662556244259	15.50748969710151	0.0	0.0	
17.029848059944186	17.487292715475043	0.0	0.0	
16.770689713173308	17.646663566132	0.0	0.0	
17.365212618587268	19.294054517675683	0.0	0.0	
17.401588067872286	19.96794490397056	0.0	0.0	
17.294899630938698	21.486986072622653	0.0	0.0	
17.418078738915856	22.352736201288593	0.0	0.0	
16.68351337143708	22.97395479749721	0.0	0.0	
16.793017696452665	24.36293990637564	0.0	0.0	
17.27970915787806	25.460873627478005	0.0	0.0	
17.324544530263104	25.639952331733237	0.0	0.0	
16.88387847555689	26.93527543009695	0.0	0.0	
16.67070779330946	28.133194747057868	0.0	0.0	
17.08973790664697	29.1385819601885	0.0	0.0	
16.504359100248838	30.288208154398244	0.0	0.0	
16.518268371690528	30.947202107386982	0.0	0.0	
17.74571213324743	0.2975758113271739	0.0	0.0	
17.876066313631938	0.8434904513703676	0.0	0.0	
17.65189638621767	1.5551269080549859	0.0	0.0	
18.19469041548831	3.476913920721837	0.0	0.0	
18.115219287631326	3.980446932754422	0.0	0.0	
17.522154891871267	5.1798882859925195	0.0	0.0	
17.544058752376937	5.542286246788432	0.0	0.0	
17.990899334515937	7.221425114299403	0.0	0.0	
17.61226801129244	8.437868092174599	0.0	0.0	
17.99518726122416	9.153026159139257	0.0	0.0	
17.64717163425815	10.15077775434337	0.0	0.0	
17.827821389451927	10.875745276477582	0.0	0.0	
17.61909758900665	12.351873223384036	0.0	0.0	
18.120304876018206	12.944362748654742	0.0	0.0	
18.47872847696958	13.535635426561724	0.0	0.0	
18.33068884279269	15.161523134195805	0.0	0.0	
17.50250713050593	15.925234984673382	0.0	0.0	
18.49179054278346	17.42406341973409	0.0	0.0	
17.822831655773857	17.575309696200716	0.0	0.0	
17.72034916734361	18.747638843244175	0.0	0.0	
18.46516441859702	20.03126856602982	0.0	0.0	
18.235690807223783	20.998404599741452	0.0	0.0	
18.091543424917433	22.421009554646908	0.0	0.0	
17.674823186061545	23.32001731362335	0.0	0.0	
17.642372841603997	23.67112274286859	0.0	0.0	
18.378884722688916	24.804733232871214	0.0	0.0	
18.288714523728668	26.46265521209715	0.0	0.0	
18.14803837209704	27.252303898099612	0.0	0.0	
17.66846663712533	27.890797880474967	0.0	0.0	
18.329373091191474	29.49286722618416	0.0	0.0	
17.70492254399997	30.40813279024771	0.0	0.0	
17.57610499365461	30.774254375792793	0.0	0.0	
18.834489076140038	0.018632405980566924	0.0	0.0	
19.255896316696976	1.4114181357848354	0.0	0.0	
19.140684425198305	2.3314631531075616	0.0	0.0	
19.33412989121884	2.509641683875028	0.0	0.0	
19.391605383485206	3.846422954260347	0.0	0.0	
19.192368027822898	4.506089016658907	0.0	0.0	
18.87588651968513	5.561443293017114	0.0	0.0	
18.82349693247364	6.948405456899706	0.0	0.0	
19.310664861521463	7.957548678546085	0.0	0.0	
19.42331149086904	8.781434627239914	0.0	0.0	
19.007037236159498	9.957823318951466	0.0	0.0	
18.6774763036995	11.434093040158388	0.0	0.0	
18.90799972225809	12.413257097596695	0.0	0.0	
19.168763247121092	13.058729842255241	0.0	0.0	
19.206575174949762	14.3277037562292	0.0	0.0	
19.098636768247474	15.497919267227713	0.0	0.0	
19.475766197444333	15.77021478224626	0.0	0.0	
18.504872206545212	17.403280414957983	0.0	0.0	
18.76809504482628	18.136547138616358	0.0	0.0	
19.401393088818207	19.25665514548116	0.0	0.0	
19.154666793274256	20.08578120511111	0.0	0.0	
18.91593455470823	21.165017364069403	0.0	0.0	
19.056055120289106	21.60871010494364	0.0	0.0	
18.54732859679957	22.674754975618484	0.0	0.0	
18.77535120011133	24.429660786263987	0.0	0.0	
19.314074257689366	25.424729304828375	0.0	0.0	
19.172694648968033	25.912351958329598	0.0	0.0	
19.350101245872867	27.485742081372415	0.0	0.0	
19.324093599063488	28.083609486089255	0.0	0.0	
19.384594925289168	28.997823004663577	0.0	0.0	
19.12780006675552	29.650706375331914	0.0	0.0	
19.456416720055646	30.610085740952528	0.0	0.0	
20.490369605717227	0.058646134281363005	0.0	0.0	
20.380367356463868	1.4382569165630728	0.0	0.0	
20.311050223764067	2.4133911912208936	0.0	0.0	
20.056544257963168	2.9859363307291433	0.0	0.0	
20.32651071267462	4.378862622145314	0.0	0.0	
20.42224841985274	4.921878956796526	0.0	0.0	
20.45468641639322	5.961669742858797	0.0	0.0	
20.249800891895806	6.671995626335392	0.0	0.0	
19.794516982408922	7.55060334019615	0.0	0.0	
20.04482569007783	9.465663747807477	0.0	0.0	
19.901989651036445	9.691434863649203	0.0	0.0	
20.4136449261861	11.417006219773116	0.0	0.0	
19.675026060492563	11.605965916325362	0.0	0.0	
19.618363429307003	12.907146454771679	0.0	0.0	
19.60370288521713	13.546422416486521	0.0	0.0	
20.165897301125412	14.902690016301337	0.0	0.0	
20.09606195553645	16.085867764722508	0.0	0.0	
20.006878288067842	17.079794059145893	0.0	0.0	
20.42333783297217	17.795515610114258	0.0	0.0	
20.250092446838636	18.88543859330229	0.0	0.0	
20.05024941099516	19.824963367504502	0.0	0.0	
20.183750095794302	21.473193588803422	0.0	0.0	
19.806625322791295	22.471762768861375	0.0	0.0	
20.44307263050268	22.756692886793147	0.0	0.0	
20.194589251576456	24.083747663874952	0.0	0.0	
20.221498118705938	24.78811089787416	0.0	0.0	
20.368049288244116	26.235128680050963	0.0	0.0	
19.703272864365783	26.59284991964146	0.0	0.0	
19.903773602058777	28.48052879444738	0.0	0.0	
19.545608191251528	29.299915945234993	0.0	0.0	
19.745222773647225	29.688343258402888	0.0	0.0	
20.30034926048568	30.903240855925695	0.0	0.0	
21.210483070259976	0.060047311406583925	0.0	0.0	
21.26179663976726	1.1857088276949648	0.0	0.0	
20.66269702765764	2.4391238966157234	0.0	0.0	
20.579371538384134	2.5113629534673105	0.0	0.0	
21.46058819718868	3.890285522075539	0.0	0.0	
20.961677136823017	5.167737190922838	0.0	0.0	
20.720226874664192	5.59454325866831	0.0	0.0	
21.452730794241216	6.6007676616659365	0.0	0.0	
21.14672370125672	8.097885491269261	0.0	0.0	
20.9602073399101	8.830504303807079	0.0	0.0	
21.216155709096334	9.76481094315983	0.0	0.0	
20.61916059892269	10.993962794268192	0.0	0.0	
20.58005283645059	12.419385131794519	0.0	0.0	
20.744889495516603	13.352064018434259	0.0	0.0	
21.057849447701233	13.637887752310407	0.0	0.0	
20.839638027084558	15.0429236573136	0.0	0.0	
21.263495450952785	15.725103791085914	0.0	0.0	
21.260415944580213	17.07937296357859	0.0	0.0	
20.575889548690657	18.294430789638298	0.0	0.0	
20.921411985803793	18.67320738386995	0.0	0.0	
20.811956529186475	20.15358514646108	0.0	0.0	
20.90623110410445	20.51932090690036	0.0	0.0	
21.48214664266417	22.36221784226255	0.0	0.0	
21.277670217537178	23.477405303834686	0.0	0.0	
21.393051186273677	23.619251958959683	0.0	0.0	
21.497025752927854	24.70306898520776	0.0	0.0	
21.117950287697496	25.732284750051736	0.0	0.0	
21.466951249116928	26.727207362513752	0.0	0.0	
20.58667895896893	27.938755772669985	0.0	0.0	
20.837750383697173	28.984081344912205	0.0	0.0	
21.39528428948901	29.789408692160496	0.0	0.0	
21.169584861507914	31.142921655346377	0.0	0.0	
21.504456211087177	0.44160613128085735	0.0	0.0	
22.055845761797038	0.5092634981775355	0.0	0.0	
22.105938376053054	2.277104407565666	0.0	0.0	
21.91748517457356	3.2105779534194725	0.0	0.0	
21.76010975450958	3.5371890763160687	0.0	0.0	
22.43805074742168	5.006868451593139	0.0	0.0	
21.56599287778554	6.452593906311025	0.0	0.0	
22.4578260660284	7.03650338880116	0.0	0.0	
21.892537432382195	8.44046524264785	0.0	0.0	
22.233434757065012	8.871462023671057	0.0	0.0	
21.697156481767887	10.283940776224298	0.0	0.0	
22.31960384410159	11.146561268943591	0.0	0.0	
22.192804827549406	11.619404897601292	0.0	0.0	
22.279187603431154	13.022877382739123	0.0	0.0	
21.763355445328983	13.70211274319026	0.0	0.0	
22.29193459008993	15.436046582057566	0.0	0.0	
21.678332129742017	15.837810860575935	0.0	0.0	
22.319550453919227	17.401091175089036	0.0	0.0	
22.42150782121297	18.075363193044836	0.0	0.0	
21.544349751501183	18.764448244988518	0.0	0.0	
21.940253816014984	20.412588141191044	0.0	0.0	
22.02087892846697	21.191490488603918	0.0	0.0	
22.249957377044815	21.5956808969396	0.0	0.0	
21.937165385877325	22.991893846295298	0.0	0.0	
21.688771331975897	24.02063550299317	0.0	0.0	
21.776998504678225	25.37077459160667	0.0	0.0	
21.599058625657598	25.950850131272027	0.0	0.0	
21.617580680722945	27.32057624504557	0.0	0.0	
21.85026744855353	27.570318637054886	0.0	0.0	
22.34491233650787	29.02925053252969	0.0	0.0	
21.949127243467842	30.385884751647712	0.0	0.0	
21.641149692437704	30.723424940673695	0.0	0.0	
22.856713031442286	0.4686386323249204	0.0	0.0	
22.67113555727028	1.2232449369924052	0.0	0.0	
23.410143048832555	1.9268805600367354	0.0	0.0	
23.113680399007315	2.787519988764621	0.0	0.0	
22.564397070442286	3.8392128462142843	0.0	0.0	
22.644752786338692	5.467025863448243	0.0	0.0	
23.22061638722515	6.053368526608444	0.0	0.0	
22.642001418704282	7.303617552201004	0.0	0.0	
22.82296902344619	8.186885522074611	0.0	0.0	
23.148400054963506	9.149007880031052	0.0	0.0	
22.841955625380926	9.67683295217161	0.0	0.0	
22.566704337701932	11.229749978086863	0.0	0.0	
23.000116601489992	11.610892347286741	0.0	0.0	
23.227714390229135	13.009035818797477	0.0	0.0	
23.208298153990526	14.466447040993987	0.0	0.0	
23.352861384337015	15.029209517206034	0.0	0.0	
22.560951727754997	16.166804142428177	0.0	0.0	
23.200181382076288	16.785576574126434	0.0	0.0	
22.63857318577961	17.861324565705896	0.0	0.0	
22.976192213780426	19.371482534906207	0.0	0.0	
22.540739543321312	20.22356002884883	0.0	0.0	
22.508951639155818	20.631080129574997	0.0	0.0	
23.126850546420297	22.270743786557055	0.0	0.0	
23.000388967786087	22.59986165391956	0.0	0.0	
23.28962581922274	24.487856543950198	0.0	0.0	
23.128751445824882	25.28720007067748	0.0	0.0	
22.62240898261561	26.460571151947498	0.0	0.0	
23.122513402591487	26.676837518751437	0.0	0.0	
22.78823926267658	28.115071300445607	0.0	0.0	
23.227040853319455	29.465643955799298	0.0	0.0	
23.301173492528136	30.485682300825616	0.0	0.0	
23.354135448033485	30.74231481975727	0.0	0.0	
24.14452487416405	0.16236434132880384	0.0	0.0	
23.824817242580167	0.8734525041689054	0.0	0.0	
23.895535074214227	2.1570640640838077	0.0	0.0	
23.553298030837862	3.034451625195131	0.0	0.0	
23.72680457272999	4.2773572746654995	0.0	0.0	
23.879626694816107	4.609015798263144	0.0	0.0	
24.108723626409276	5.8996986273955025	0.0	0.0	
23.920121706332054	6.575683467388122	0.0	0.0	
23.540227428461627	7.648198336210225	0.0	0.0	
23.905750849254396	8.542174733947192	0.0	0.0	
24.333385046421554	10.435940946810188	0.0	0.0	
24.105766351551537	10.530155148460684	0.0	0.0	
23.616640833137968	11.835959124783349	0.0	0.0	
24.34724139710483	13.177184857966251	0.0	0.0	
23.812752359475237	13.8415271861298	0.0	0.0	
23.536597950937256	15.355298185780416	0.0	0.0	
23.735584317382376	16.40814835243835	0.0	0.0	
23.75679681666028	16.761459158608538	0.0	0.0	
24.218182704522505	17.942344319442842	0.0	0.0	
23.745262820025534	18.689706118165617	0.0	0.0	
23.5537264190014	20.32483397933415	0.0	0.0	
24.365335463497804	20.88038352330943	0.0	0.0	
24.40886754441288	22.070441850809722	0.0	0.0	
24.09389257887	23.20652285680429	0.0	0.0	
23.786772998670425	24.479893332032795	0.0	0.0	
24.311297640481	25.190897275807508	0.0	0.0	
23.605863291856735	25.764703883622687	0.0	0.0	
24.484275279143027	26.527374742211684	0.0	0.0	
23.72570251856871	27.6524346250054	0.0	0.0	
23.989466037660428	29.23245125305976	0.0	0.0	
24.21641397670243	29.973609290784285	0.0	0.0	
23.89594364878372	30.591522064295084	0.0	0.0	
25.218805435573508	0.36863028785337715	0.0	0.0	
25.296078975532605	0.6930484775464465	0.0	0.0	
24.715868563727774	1.8478108012497096	0.0	0.0	
25.358288055315246	2.778938779579187	0.0	0.0	
24.993965232959468	3.726877944315853	0.0	0.0	
25.19267933597412	4.678886159277926	0.0	0.0	
24.779408057874328	6.032366255982935	0.0	0.0	
25.484946636622563	6.816372998272392	0.0	0.0	
24.55472973769526	7.642223551960628	0.0	0.0	
24.664417722772917	9.164540151554013	0.0	0.0	
25.258493079292137	9.728843060761001	0.0	0.0	
24.657325232828075	10.91922375936777	0.0	0.0	
24.824749991188533	11.60588823341148	0.0	0.0	
24.809094375589773	13.241927924974313	0.0	0.0	
25.03984989518579	14.471130318317611	0.0	0.0	
24.87924043306244	15.164446935673366	0.0	0.0	
24.680075239932197	15.898173741873283	0.0	0.0	
25.316602228853313	17.189853473140104	0.0	0.0	
25.483104827197756	17.64882779944707	0.0	0.0	
25.130038376354424	18.821454497734972	0.0	0.0	
25.39870502126124	20.179470895774855	0.0	0.0	
25.12783209393917	21.017639883004772	0.0	0.0	
25.36112258369444	22.24312452677316	0.0	0.0	
25.041742576135114	22.565740068098883	0.0	0.0	
25.243679440488247	23.920440750862895	0.0	0.0	
24.903552843659632	24.885505923187292	0.0	0.0	
25.125261750825825	25.716459555391374	0.0	0.0	
24.751731982996553	27.470097455528965	0.0	0.0	
25.020255873510663	28.033363118246335	0.0	0.0	
24.831189610130146	28.92878941711422	0.0	0.0	
24.900406858609543	29.888351749543222	0.0	0.0	
25.10207561410904	30.805360681036923	0.0	0.0	
26.280819579394258	0.2047773339035701	0.0	0.0	
25.747999147041742	1.4303831402478793	0.0	0.0	
26.48790285951977	1.960589629892468	0.0	0.0	
25.66930071991853	2.6661087087326933	0.0	0.0	
26.213223219207833	3.693087590316181	0.0	0.0	
26.199173815523427	4.991874980574174	0.0	0.0	
25.627972086904222	6.400013151628851	0.0	0.0	
26.34178187018416	7.166849282330685	0.0	0.0	
25.52749273460023	7.828499671618616	0.0	0.0	
25.517756376740536	8.606928715855966	0.0	0.0	
25.502135508009424	10.41355819939325	0.0	0.0	
25.535637840159712	10.76566395342848	0.0	0.0	
25.58044537448343	12.462730719807299	0.0	0.0	
26.474181498486864	13.457398478452149	0.0	0.0	
25.97773198438224	14.144934020041214	0.0	0.0	
25.858983487460815	15.211584556557892	0.0	0.0	
25.53835598602301	16.41390578528499	0.0	0.0	
26.277256297921028	17.393826469032415	0.0	0.0	
25.837452227392433	18.314782328580158	0.0	0.0	
25.86389071446668	18.957559285286337	0.0	0.0	
25.824268298799616	19.83248351892479	0.0	0.0	
26.039867046304252	21.106793941844717	0.0	0.0	
25.50664712304129	21.89333906573723	0.0	0.0	
25.853926286141647	23.180673687985855	0.0	0.0	
26.18063437660894	23.733611077015684	0.0	0.0	
25.675708443611217	25.132177721284084	0.0	0.0	
26.137513737664236	25.554987579564276	0.0	0.0	
26.359446474916773	26.69524875699619	0.0	0.0	
25.790267876639263	28.268626471953777	0.0	0.0	
26.397023068424545	28.83877138143039	0.0	0.0	
26.091285078712865	30.473150763506435	0.0	0.0	
26.16297123603318	30.922640823005462	0.0	0.0	
27.020694736074937	0.14615455806290334	0.0	0.0	
27.12510752172474	0.5034267508089053	0.0	0.0	
27.35607361361948	2.499548083302776	0.0	0.0	
26.789938679842876	3.0289295134183405	0.0	0.0	
27.336144404740484	3.5493219585751654	0.0	0.0	
27.091521864148596	5.364636070144943	0.0	0.0	
27.120729595146667	6.0998561744954385	0.0	0.0	
26.99610535285548	6.916701304712536	0.0	0.0	
27.05059537675146	8.361875966665094	0.0	0.0	
26.568192618832228	9.2950490139515	0.0	0.0	
27.39374561884387	9.68530063527288	0.0	0.0	
26.856533673522893	11.000737391207515	0.0	0.0	
26.854595856329023	11.96360817366276	0.0	0.0	
27.48180193878104	13.169352950204738	0.0	0.0	
26.56369896903769	14.4234957415036	0.0	0.0	
26.89916321967728	14.862237371370856	0.0	0.0	
27.11667277509913	15.949625820518657	0.0	0.0	
26.849046901823876	16.97134662761346	0.0	0.0	
26.737936427114878	18.003393802618042	0.0	0.0	
27.03325522539373	19.01459160218693	0.0	0.0	
27.02048951255429	19.8077609621339	0.0	0.0	
27.07400662907607	21.206921418223537	0.0	0.0	
27.28257314869432	21.64553329145149	0.0	0.0	
27.19164930018886	23.10987392139532	0.0	0.0	
26.97100829268299	24.426034106891603	0.0	0.0	
27.112364388007162	24.715843194005036	0.0	0.0	
26.92443335433536	26.121517117771724	0.0	0.0	
26.969115257539304	27.24777058135371	0.0	0.0	
26.808292520873994	27.982206299396942	0.0	0.0	
27.140319939750217	28.809425011346846	0.0	0.0	
26.701890966683838	29.695321363781474	0.0	0.0	
27.022834567590174	31.428367639620276	0.0	0.0	
28.192690020813846	0.3763723068147852	0.0	0.0	
28.451644745648537	0.9381762274005452	0.0	0.0	
28.348376519352268	1.857517239482536	0.0	0.0	
27.81821924530177	3.367706457675463	0.0	0.0	
27.723769418141277	4.294147057908944	0.0	0.0	
27.866077099513287	4.55753630696121	0.0	0.0	
28.139649181248284	5.927871537567718	0.0	0.0	
27.849325703097136	7.068181757830453	0.0	0.0	
28.343200298373922	8.367475667545984	0.0	0.0	
27.70119257577894	8.89243697529526	0.0	0.0	
27.70919706013647	9.893885370162069	0.0	0.0	
28.189006339191664	11.11741216234644	0.0	0.0	
28.31791085130555	11.964329319580717	0.0	0.0	
27.921571530468	13.203991959922242	0.0	0.0	
28.215663942654324	13.858821467463258	0.0	0.0	
27.853056591345737	14.674952896267534	0.0	0.0	
27.89979971125936	16.10239066304006	0.0	0.0	
27.757932637138484	16.665189722001994	0.0	0.0	
28.228687168589722	18.262911455971217	0.0	0.0	
28.418937467788147	18.80925799636246	0.0	0.0	
28.316544748173044	20.312636881737934	0.0	0.0	
28.412247977848093	21.253883609930043	0.0	0.0	
27.94870622107654	22.005844598686842	0.0	0.0	
27.996121132813766	22.845470645650117	0.0	0.0	
28.279558941548903	23.881828602410263	0.0	0.0	
28.112098881337904	25.194378698427652	0.0	0.0	
28.15345419522291	26.104782562303388	0.0	0.0	
27.943973624936213	26.86578650022868	0.0	0.0	
27.685000055846782	28.101960243363767	0.0	0.0	
27.67261713216976	28.740318911918052	0.0	0.0	
28.323884998439652	29.753333941266852	0.0	0.0	
27.68541182468709	30.578308411375406	0.0	0.0	
28.81382673250745	0.35873507615916944	0.0	0.0	
28.607770077515703	1.3451937006262713	0.0	0.0	
28.926443035435952	2.028789949706833	0.0	0.0	
28.566065024226706	2.7082448342505097	0.0	0.0	
29.03035268863648	3.7910582061341866	0.0	0.0	
28.96208166701124	5.0098704120677615	0.0	0.0	
29.368137994151617	5.935160839344999	0.0	0.0	
28.590760919833563	6.6897017774625605	0.0	0.0	
28.841869160313138	8.092070020653468	0.0	0.0	
29.000102271106016	8.853641567454801	0.0	0.0	
28.922765817601555	10.26251160768836	0.0	0.0	
28.91178283660461	11.220164532506411	0.0	0.0	
28.70519672196839	12.078800289180332	0.0	0.0	
29.042002783543595	13.425682527560202	0.0	0.0	
28.914067483317865	13.690158550610516	0.0	0.0	
28.842412109103538	14.658134873835301	0.0	0.0	
29.167109933155274	16.25629419807232	0.0	0.0	
29.029471978530193	17.374231910551252	0.0	0.0	
28.787735525538285	17.77787866462118	0.0	0.0	
29.21915049216258	18.69329694057306	0.0	0.0	
28.94593369123084	20.020879397772116	0.0	0.0	
29.094164942073157	21.32726577817463	0.0	0.0	
29.42828981079281	21.92666398704151	0.0	0.0	
29.270320933742738	23.276319371920426	0.0	0.0	
28.892835149782076	24.38156453646197	0.0	0.0	
28.842654891877803	24.647962750290294	0.0	0.0	
29.266181882222558	26.438124819896288	0.0	0.0	
28.691855204784137	26.653972150417744	0.0	0.0	
28.58336438517127	27.576935680016824	0.0	0.0	
28.558170931321136	28.935014326635006	0.0	0.0	
28.806633977404136	30.110768923122887	0.0	0.0	
28.888844809617556	30.98887102630001	0.0	0.0	
30.111330441344528	0.20638380656411692	0.0	0.0	
30.19075038940589	1.059233782272149	0.0	0.0	
29.93517570204668	2.419242792219827	0.0	0.0	
29.9380733646478	3.119298579334518	0.0	0.0	
30.49534062128178	3.6153323237348864	0.0	0.0	
30.34674250807569	5.328175384061475	0.0	0.0	
30.0611419887083	5.915668858442214	0.0	0.0	
30.138518556083913	7.25711640024468	0.0	0.0	
30.186595820814816	7.516232645453123	0.0	0.0	
29.673958268428585	9.147926025661052	0.0	0.0	
29.688859074513886	10.320344902154389	0.0	0.0	
30.464031100043698	10.60209979256751	0.0	0.0	
30.035047778381394	11.769169069284297	0.0	0.0	
30.140861215816336	13.311533250382173	0.0	0.0	
30.253852057326302	14.14633361424999	0.0	0.0	
29.99273026035225	14.586501590705371	0.0	0.0	
29.93474348020572	15.799062069252404	0.0	0.0	
30.373927336525387	17.17231380565133	0.0	0.0	
30.040221583899914	18.382628217065086	0.0	0.0	
29.582604860894175	18.923628115972985	0.0	0.0	
29.588010941757208	20.132556247292385	0.0	0.0	
30.435354674157832	20.637135013315927	0.0	0.0	
30.271617121951966	22.361637654744445	0.0	0.0	
30.030524474680004	22.594704380511473	0.0	0.0	
29.519047463146077	23.58330333657721	0.0	0.0	
30.09188701368569	25.051306060928127	0.0	0.0	
29.66349923219418	25.933291927811922	0.0	0.0	
30.275701945151962	27.19754464869422	0.0	0.0	
30.381443807404782	28.41351305475024	0.0	0.0	
29.77881310024341	28.6863204031858	0.0	0.0	
29.9552714879707	29.924418045334033	0.0	0.0	
29.550112155386866	31.274311588143668	0.0	0.0	
31.187927056224293	0.2848738675519592	0.0	0.0	
31.24800540925655	1.4761428629015314	0.0	0.0	
31.224325651559305	1.8852676363892762	0.0	0.0	
30.693488035641007	2.852076100507655	0.0	0.0	
31.252488630308108	3.9567189797045637	0.0	0.0	
31.447165871891315	4.935198451031268	0.0	0.0	
30.77157000109393	6.221217444816462	0.0	0.0	
30.808123892078417	6.9998331529318	0.0	0.0	
31.09273701251486	7.8690783105279065	0.0	0.0	
31.026223538553232	8.697765297279853	0.0	0.0	
31.48233380060386	10.373833959612694	0.0	0.0	
31.108074264716844	10.84673891571309	0.0	0.0	
30.835293481077763	12.496126534797673	0.0	0.0	
31.128249157881264	13.108872544802907	0.0	0.0	
30.99062814870285	14.024586308202778	0.0	0.0	
31.009259373783863	15.379212948749675	0.0	0.0	
30.87908281916306	15.623990926451109	0.0	0.0	
31.03363945409582	17.200073445732983	0.0	0.0	
31.221130015918757	17.732896669922017	0.0	0.0	
30.502251842416012	18.664740401182094	0.0	0.0	
30.55208965396072	20.406456312668574	0.0	0.0	
31.44061512342319	21.460686668709766	0.0	0.0	
30.73491498168854	22.36839969738594	0.0	0.0	
31.395385475042016	22.935859551656687	0.0	0.0	
31.460348210151352	24.483618347961688	0.0	0.0	
31.045948419990275	24.502399117281794	0.0	0.0	
30.85625213564366	25.54160448584468	0.0	0.0	
30.99150325159474	27.07188636187552	0.0	0.0	
30.7408354919247	27.57603929270787	0.0	0.0	
30.678817921115826	29.419288329269012	0.0	0.0	
31.109209418944378	30.211055063765237	0.0	0.0	
30.783332215750985	31.35394845445715	0.0	0.0	
