2
32.0	0.0	0.0	0.0	
0.0	32.0	0.0	0.0	
0.2634917091953146	0.23601344065639562	0.0	0.0	
0.22699515983835372	1.1280951829217702	0.0	0.0	
0.11717198373480242	1.6064255235157225	0.0	0.0	
0.29860859718274824	2.7648388982193146	0.0	0.0	
0.4000779461713795	3.858766494346045	0.0	0.0	
0.37016401905703566	4.789366358256591	0.0	0.0	
0.2108919091111019	5.925728789873635	0.0	0.0	
0.22213124804579254	6.673323846586431	0.0	0.0	
0.2827876977335614	8.147771894352974	0.0	0.0	
0.44694751678996725	8.517567038714173	0.0	0.0	
0.28649349729765905	9.555987165655592	0.0	0.0	
0.4956453440534413	10.61130244762766	0.0	0.0	
0.03923757543022055	11.925759399773153	0.0	0.0	
0.11411857893626254	13.17294639204176	0.0	0.0	
0.03676679306924224	13.737722573741955	0.0	0.0	
0.17622824303657558	14.73537539489395	0.0	0.0	
0.48783998259850214	15.775953153208015	0.0	0.0	
0.2931363401672964	16.71283600587739	0.0	0.0	
0.0047896062995511635	17.920179474914022	0.0	0.0	
0.2453577864500336	18.59860839642893	0.0	0.0	
0.47415346378045975	20.243093568680003	0.0	0.0	
0.2674407632088175	21.03929749147508	0.0	0.0	
0.45041594913877747	22.034141027607948	0.0	0.0	
0.07263889880351693	22.58988290438193	0.0	0.0	
0.18876957707893172	23.695850545641605	0.0	0.0	
0.17975465080462627	24.9394748932867	0.0	0.0	
0.4377236091541781	25.523160996621286	0.0	0.0	
0.2971846725053814	26.899520549257787	0.0	0.0	
0.19724183967460374	27.52793322683986	0.0	0.0	
0.48055707231606404	28.811860175671512	0.0	0.0	
0.10737248994993653	29.852736068962436	0.0	0.0	
0.2285952769720041	30.864348365134713	0.0	0.0	
0.7672802217117297	0.4569547099590463	0.0	0.0	
1.1359087732199038	1.3679764226184883	0.0	0.0	
1.2575956360807543	2.2819022839949104	0.0	0.0	
0.861871133547436	3.2768593094724627	0.0	0.0	
1.0063103342099362	4.188125648677041	0.0	0.0	
0.5177219119108857	5.209069415543428	0.0	0.0	
1.4152747795195975	6.282444851311606	0.0	0.0	
1.4468007712391484	6.55569978360171	0.0	0.0	
1.2213632434812536	8.26949696439204	0.0	0.0	
0.5091704061986008	8.825796886067037	0.0	0.0	
1.0138834246492234	9.803382316164887	0.0	0.0	
1.2507954150042724	11.268225723867337	0.0	0.0	
1.19180626014845	11.592367742142057	0.0	0.0	
1.063800232325517	13.329892317274437	0.0	0.0	
1.0011066190125328	14.279418353819395	0.0	0.0	
0.6970220168186082	15.417186080794288	0.0	0.0	
1.2844709608784626	16.445201287507693	0.0	0.0	
1.0988317130968352	16.50736287251433	0.0	0.0	
0.8736926704194813	18.08123046142273	0.0	0.0	
0.6136517772833141	19.19726110235655	0.0	0.0	
1.238895283902358	19.5669197699238	0.0	0.0	
1.3772104239713157	20.67247753110213	0.0	0.0	
0.9723872126519376	22.414681485443634	0.0	0.0	
1.3393562302458175	23.163750366690046	0.0	0.0	
0.6968379556616378	24.268706393643093	0.0	0.0	
1.2320130395059694	24.562090370320355	0.0	0.0	
0.8110654843715962	26.289491069936517	0.0	0.0	
1.0334066646046725	26.731845214260296	0.0	0.0	
1.4250025018827284	27.837112913453335	0.0	0.0	
0.980630868486723	28.548145377236033	0.0	0.0	
0.9030592511363013	30.27547012837274	0.0	0.0	
0.8851077706034411	30.911157413953706	0.0	0.0	
1.9509786640858104	0.03816075086102422	0.0	0.0	
2.474209848379094	0.9699457468661951	0.0	0.0	
1.7070565265215145	2.0396965668102647	0.0	0.0	
2.0732237474994486	3.352577996687553	0.0	0.0	
1.6081262174191662	4.25458619399681	0.0	0.0	
2.0023400992771765	4.656599430037252	0.0	0.0	
2.0594434639707697	6.216542158520111	0.0	0.0	
2.1077395085402584	7.103655401144959	0.0	0.0	
1.7788637385281316	8.095602701763779	0.0	0.0	
1.9030561365816157	9.244008740464114	0.0	0.0	
2.0743174971722396	9.504020650455754	0.0	0.0	
2.3257312378312736	11.439085007223017	0.0	0.0	
2.0957102605158564	12.23782545480923	0.0	0.0	
2.389502627963796	12.888122909495573	0.0	0.0	
1.5558086202782895	13.95806380035143	0.0	0.0	
2.251556624783939	14.606579115372028	0.0	0.0	
1.5490754604736034	16.31414912341223	0.0	0.0	
2.0586392220611622	17.292068044042097	0.0	0.0	
1.591381625355198	17.725983413513102	0.0	0.0	
2.047872732611687	19.23317789990748	0.0	0.0	
1.5014385094245766	20.35644320765721	0.0	0.0	
1.5102101754867265	21.023370875888897	0.0	0.0	
2.1635830956362225	22.038527502853253	0.0	0.0	
2.1231738368533604	22.81593798520265	0.0	0.0	
1.6352419313959023	23.502901665985863	0.0	0.0	
2.3553753538755533	25.152179038914056	0.0	0.0	
1.8512668497660303	25.815755460402197	0.0	0.0	
1.750488711613079	26.55766573782049	0.0	0.0	
1.9012757949090986	28.160249532176746	0.0	0.0	
1.562225449484111	29.05972682925315	0.0	0.0	
1.7315025317179433	30.236491445409698	0.0	0.0	
2.093112020020485	30.795220633611443	0.0	0.0	
3.129982511935004	0.03405480360947333	0.0	0.0	
3.4665430784328604	1.3161752483830829	0.0	0.0	
3.327553196652191	2.302722738510429	0.0	0.0	
2.70125343584292	2.957779513866056	0.0	0.0	
3.2735582855335092	3.7218481600741105	0.0	0.0	
2.748462314947012	5.060086985338725	0.0	0.0	
2.9334445088338503	6.241280325539221	0.0	0.0	
3.1698434488833405	6.990628741087529	0.0	0.0	
3.3306047130032135	8.293083142029003	0.0	0.0	
3.285050974351829	9.240152772230855	0.0	0.0	
3.263807740065859	10.223248271535578	0.0	0.0	
2.682378806276788	10.597604763744764	0.0	0.0	
3.4743402853769916	11.543569693300146	0.0	0.0	
3.02279568628457	12.737458463208805	0.0	0.0	
2.8777242487146464	14.489786830699996	0.0	0.0	
2.9145477425472666	14.864140601095967	0.0	0.0	
2.803304789014369	16.3852182702027	0.0	0.0	
3.4631846399819413	17.109386526288578	0.0	0.0	
2.5503199790208626	18.07640605972368	0.0	0.0	
2.9950973840168933	19.014058417232004	0.0	0.0	
2.5103372606601857	19.89419256647534	0.0	0.0	
3.0284416034507444	20.698757320636055	0.0	0.0	
3.479349764278991	22.24000687542903	0.0	0.0	
3.2181162469893465	23.296002097890927	0.0	0.0	
3.22652738544997	24.43251979531553	0.0	0.0	
2.6032373629950163	24.918897698898	0.0	0.0	
3.3199627088893973	25.947053419384886	0.0	0.0	
2.513484922596002	26.824021637302305	0.0	0.0	
3.4383272485937004	27.630861312801887	0.0	0.0	
2.6521146455575617	28.781931331695407	0.0	0.0	
3.4378855663385552	29.768156774450745	0.0	0.0	
3.181799027190521	31.39401347553591	0.0	0.0	
4.239490820662653	0.051302286033625744	0.0	0.0	
4.197096058077704	1.466390139014624	0.0	0.0	
4.322085201476003	2.359175659812442	0.0	0.0	
3.690638825598427	3.0565607117647233	0.0	0.0	
4.261040284449348	3.971004832216801	0.0	0.0	
3.5870625296361953	5.17080161781448	0.0	0.0	
3.8485846081412154	6.1417001871858155	0.0	0.0	
3.507572925756331	7.318891653907963	0.0	0.0	
3.9910511805719953	7.683177428261175	0.0	0.0	
3.983318527083709	9.113732423523855	0.0	0.0	
4.499872901365743	10.323534921930268	0.0	0.0	
3.9440512337571745	10.610124265088032	0.0	0.0	
4.492449180082211	12.363015930791336	0.0	0.0	
3.85741533333806	13.292250782068026	0.0	0.0	
3.5991555705332665	14.203775942184926	0.0	0.0	
4.113062851953806	15.405019693714827	0.0	0.0	
3.738336999436562	15.908076754858522	0.0	0.0	
3.5692308173238154	17.13220956189272	0.0	0.0	
3.955777743733647	17.523772888484228	0.0	0.0	
4.19560369991133	18.828803053105233	0.0	0.0	
4.367630185004355	19.579723766999088	0.0	0.0	
4.2800499749276675	20.77107526163983	0.0	0.0	
4.198200286786923	21.80103109364591	0.0	0.0	
4.226774769513517	23.45753340373383	0.0	0.0	
3.574200200639806	24.146283721042526	0.0	0.0	
3.5621832628228036	25.052859886757535	0.0	0.0	
3.5170239414819475	26.282215633492658	0.0	0.0	
4.3309118818973005	26.815771689922478	0.0	0.0	
3.7909822073419166	28.02903913863875	0.0	0.0	
3.8553585488309223	28.69601243125297	0.0	0.0	
3.5745457683333113	30.12167125059232	0.0	0.0	
4.371955825826611	31.066186404299934	0.0	0.0	
5.396877812104803	0.05071592595525587	0.0	0.0	
4.897049878692648	0.726277543349234	0.0	0.0	
4.705526314830988	2.1294100059863466	0.0	0.0	
4.937518607558049	3.37403606472789	0.0	0.0	
5.007701240651183	4.467277729125345	0.0	0.0	
4.86859627579742	5.498305809270658	0.0	0.0	
5.282859327524284	6.460449917857801	0.0	0.0	
4.52968072920639	6.860382609293998	0.0	0.0	
5.408136890783239	8.376427103039255	0.0	0.0	
4.912417110930722	8.56411819035922	0.0	0.0	
4.791586011228814	9.907333541578812	0.0	0.0	
4.704593982685728	11.290399623210813	0.0	0.0	
5.3424700166847146	11.591518934059481	0.0	0.0	
4.869371004042358	13.23556060776072	0.0	0.0	
4.728590361746216	13.986815573266178	0.0	0.0	
5.25604355650945	14.74335055067479	0.0	0.0	
4.613154459037506	15.90712071705446	0.0	0.0	
4.500612754540025	16.98145813282626	0.0	0.0	
4.638204052490983	18.296895424522543	0.0	0.0	
4.581690898982202	18.81933848978753	0.0	0.0	
4.790752139441876	20.231384381127157	0.0	0.0	
4.604416775708249	20.69194159522557	0.0	0.0	
5.200466236506064	21.616650076562074	0.0	0.0	
4.836903943822236	23.40839582483743	0.0	0.0	
5.075658828489684	23.80669070210273	0.0	0.0	
5.373715034035261	24.891872344671228	0.0	0.0	
4.963462668656155	25.97809336195709	0.0	0.0	
5.201960487608288	27.40994543380349	0.0	0.0	
5.385266894970797	28.224706125360484	0.0	0.0	
4.530657374079399	28.895987862834662	0.0	0.0	
5.102476691964104	30.062079352648606	0.0	0.0	
5.037625893523814	30.906025236702842	0.0	0.0	
6.212449441213321	0.43251719740638384	0.0	0.0	
5.996531963537231	1.2943154315083047	0.0	0.0	
5.5219213906581865	2.1616171201638985	0.0	0.0	
5.717487493088467	3.1562813116053228	0.0	0.0	
5.721949877480206	3.6516411535274322	0.0	0.0	
5.762238342549365	5.415396452051252	0.0	0.0	
5.928529270451307	5.724919046285805	0.0	0.0	
6.290029818374144	6.594129147681096	0.0	0.0	
6.237580451923685	8.11188346583262	0.0	0.0	
6.498746847553673	8.552232119823222	0.0	0.0	
5.79602312157751	10.41102109515511	0.0	0.0	
5.802030078370148	11.1878675750208	0.0	0.0	
6.499206021106954	11.541361463405163	0.0	0.0	
6.2503991100781215	12.538324058695263	0.0	0.0	
5.582511832291933	14.022291203545251	0.0	0.0	
6.055648838437078	15.360426733625237	0.0	0.0	
6.025662156507831	15.90402912461055	0.0	0.0	
6.102166840146637	17.151797232918405	0.0	0.0	
6.076399808689	17.597837402343643	0.0	0.0	
5.572619571290604	19.121486284106062	0.0	0.0	
6.070958232263318	20.218412339520864	0.0	0.0	
5.647933605484751	20.92791490066174	0.0	0.0	
6.493889708400607	21.75077141952081	0.0	0.0	
5.845415265150824	22.631980842657104	0.0	0.0	
5.768958659063919	24.122326686941136	0.0	0.0	
5.956174712719879	25.267987357865874	0.0	0.0	
6.048195456399766	26.433769354565076	0.0	0.0	
5.890604959046318	26.88348621039191	0.0	0.0	
6.421811403445984	28.441855610515038	0.0	0.0	
6.363251623602449	28.70670950675994	0.0	0.0	
5.723707637713048	30.287831447206806	0.0	0.0	
5.7177113503496315	31.24470030505004	0.0	0.0	
6.947688183158109	0.007916540017483653	0.0	0.0	
7.06432702505003	0.9590831292292732	0.0	0.0	
6.509968771267046	2.323451704387756	0.0	0.0	
6.882920933325542	2.6095822557345505	0.0	0.0	
7.407707431360614	4.227863490052447	0.0	0.0	
6.956116090746683	4.858872837881883	0.0	0.0	
6.635700052756927	6.243334727212549	0.0	0.0	
7.158534901365111	7.272213979375756	0.0	0.0	
6.629282944266585	7.621713032346774	0.0	0.0	
7.116585645150885	8.897570873180891	0.0	0.0	
6.744481760130824	10.411626637830722	0.0	0.0	
6.507120583316012	10.80774874385797	0.0	0.0	
6.72090768753066	12.083116736285602	0.0	0.0	
7.282345942307019	12.800183027773599	0.0	0.0	
7.317023106951999	13.521436170207675	0.0	0.0	
7.0544253873139935	14.703374185922563	0.0	0.0	
7.335461625312593	16.04843094759303	0.0	0.0	
6.987729065420024	17.397072801522164	0.0	0.0	
7.2564295468578095	18.41664260510381	0.0	0.0	
7.025363034150527	18.775308643657997	0.0	0.0	
6.89479463265506	19.70144372064791	0.0	0.0	
7.150720008691821	20.844164240666466	0.0	0.0	
7.0033136235361395	22.169698289374395	0.0	0.0	
6.567260504161981	23.217793746935556	0.0	0.0	
6.796841004229113	23.50911627998824	0.0	0.0	
6.666709984605806	24.6678682145722	0.0	0.0	
7.177047060444164	25.549158182665575	0.0	0.0	
7.291037288686029	27.364119318535135	0.0	0.0	
7.330406883223735	28.4208660260567	0.0	0.0	
7.058120424294379	29.15296531855536	0.0	0.0	
7.44725467135235	30.205590248508578	0.0	0.0	
7.464775559154636	30.91708862774113	0.0	0.0	
7.809928959396106	0.4903817127657547	0.0	0.0	
7.763523238522464	0.7608698505326539	0.0	0.0	
7.801065025022139	1.7124923675434367	0.0	0.0	
8.47847187244782	2.700980740803766	0.0	0.0	
8.313995136005147	4.093672640683389	0.0	0.0	
8.499920785847088	4.7983576413035856	0.0	0.0	
7.959710165492444	6.408511640367139	0.0	0.0	
8.450702688423409	6.706536445062122	0.0	0.0	
8.407078136548913	7.825889733179523	0.0	0.0	
7.788566320695314	9.192821726278302	0.0	0.0	
8.293925262561931	10.198385812497405	0.0	0.0	
8.075129387831995	10.999038627209828	0.0	0.0	
8.374472141348367	12.37148881420371	0.0	0.0	
8.209033791597708	12.621308011170425	0.0	0.0	
8.141763388930308	14.167827989957459	0.0	0.0	
8.314075919574023	15.466425006162664	0.0	0.0	
7.889698770325766	16.235401616288428	0.0	0.0	
7.594618928458003	17.4922158292381	0.0	0.0	
7.772024821188955	17.68537175656167	0.0	0.0	
8.142221203189855	19.213738918384653	0.0	0.0	
7.972401589824396	19.96291691050779	0.0	0.0	
7.9947280202544055	20.815524993227097	0.0	0.0	
7.961254768330406	22.011649783226922	0.0	0.0	
7.645797688732275	23.470124440911583	0.0	0.0	
8.432108122799457	24.29279983925941	0.0	0.0	
7.971492644003839	25.3597756577036	0.0	0.0	
8.273472963373507	26.174870513197853	0.0	0.0	
7.56955136747812	27.184335423610552	0.0	0.0	
8.098617549931461	27.983266593895053	0.0	0.0	
8.17271006335162	28.506644399865436	0.0	0.0	
7.891732390187693	30.39366119534884	0.0	0.0	
8.479179713205141	31.307086759370012	0.0	0.0	
8.61866665132088	0.04939152007673675	0.0	0.0	
9.315566054465977	0.7903474456031062	0.0	0.0	
8.911024807023239	2.253097470102314	0.0	0.0	
8.61491766853748	2.917487987224453	0.0	0.0	
9.333074108886446	3.79042147765339	0.0	0.0	
8.574281481397298	4.608405138126157	0.0	0.0	
9.428026690834118	6.048787613368942	0.0	0.0	
9.40411644635081	6.841962131047707	0.0	0.0	
9.079027019824792	7.539093190447954	0.0	0.0	
8.760369992131732	9.286654524923524	0.0	0.0	
9.243453096808885	9.868035370376704	0.0	0.0	
9.499728487016322	10.681016702795745	0.0	0.0	
9.077784580498806	11.583656947436328	0.0	0.0	
9.240086569274704	13.195377065787673	0.0	0.0	
9.21387239425365	14.35109571598981	0.0	0.0	
8.519789108942689	14.758809479676472	0.0	0.0	
9.237652314717218	16.230465009158	0.0	0.0	
8.62515656599002	16.768470479890812	0.0	0.0	
8.627926027412204	18.167711823299513	0.0	0.0	
9.024248692063853	19.25208149444402	0.0	0.0	
9.055122862709764	19.832560951189933	0.0	0.0	
8.770647173435895	20.752472471421044	0.0	0.0	
9.348297005143973	22.428637446843663	0.0	0.0	
8.928780877298983	23.45461569102395	0.0	0.0	
8.75458497951286	23.929667800189385	0.0	0.0	
8.943693494333532	25.027076559188558	0.0	0.0	
9.024686495307172	26.209326347843028	0.0	0.0	
8.741971652330868	27.41090596928228	0.0	0.0	
9.145174291056023	28.405330108575267	0.0	0.0	
8.626229114025026	29.17903388304509	0.0	0.0	
8.840646349426285	30.385278001482455	0.0	0.0	
9.45334025880089	31.432553589202893	0.0	0.0	
10.296306267948625	0.13553318085772736	0.0	0.0	
10.280742361922242	0.981656289403194	0.0	0.0	
10.247883628736208	1.7019919642775254	0.0	0.0	
10.040594734594139	2.5540504729969316	0.0	0.0	
10.422817286355897	3.7181751371665896	0.0	0.0	
9.609081779905525	4.595862063009817	0.0	0.0	
9.625457114563648	6.405238626834749	0.0	0.0	
9.945964005383711	6.5572703527516785	0.0	0.0	
9.920474651091597	7.566254573960701	0.0	0.0	
10.385098899031311	9.116645958619548	0.0	0.0	
9.840217640590744	9.774687771478812	0.0	0.0	
10.381336366693315	10.628556050615554	0.0	0.0	
9.806051317528606	12.096444232423742	0.0	0.0	
10.352303829450339	12.890678516929183	0.0	0.0	
10.439811522890498	13.718533117242849	0.0	0.0	
9.71007240488512	15.049936867206752	0.0	0.0	
10.022549860399895	15.59038510981541	0.0	0.0	
10.258055670684927	16.614605114708986	0.0	0.0	
9.569863276991468	17.666784800245214	0.0	0.0	
9.621152223818623	18.93816670469564	0.0	0.0	
9.510433067846785	20.15700528449211	0.0	0.0	
9.814293241777383	21.44988127744363	0.0	0.0	
9.590362622390575	22.028735952800133	0.0	0.0	
10.41831658144459	23.432641433589822	0.0	0.0	
10.233773413313472	24.411672388586425	0.0	0.0	
9.752026670830707	25.25973388119738	0.0	0.0	
9.632787815323969	26.242572724365086	0.0	0.0	
9.687713468993435	27.23380464070053	0.0	0.0	
9.592941095675505	28.131306597155525	0.0	0.0	
10.124973568665009	29.168873969008544	0.0	0.0	
10.065592423142922	30.05612918583301	0.0	0.0	
9.91479564471135	30.972806070122108	0.0	0.0	
10.596870009190267	0.02722523740990923	0.0	0.0	
11.29902537598575	1.3268910806208554	0.0	0.0	
10.842568806241575	2.4896429032621006	0.0	0.0	
11.155343974842074	2.6177972669867677	0.0	0.0	
11.10401265653049	4.0513866375852485	0.0	0.0	
11.195219370338368	4.89257299258499	0.0	0.0	
10.628313621567003	5.857237331696607	0.0	0.0	
11.165660609072274	6.620206092582776	0.0	0.0	
10.509186170160772	8.446065219932317	0.0	0.0	
11.462123635936289	9.241949707260272	0.0	0.0	
11.05322927566344	10.006816255370273	0.0	0.0	
11.439409270692256	11.29271229641304	0.0	0.0	
11.03349928370577	11.742030002266793	0.0	0.0	
11.439731022513008	12.577852746401799	0.0	0.0	
11.12078097504201	14.45289485943821	0.0	0.0	
11.333874766358713	15.009882521590251	0.0	0.0	
11.073791503738773	16.182435744970277	0.0	0.0	
11.43926463810795	17.157670733933113	0.0	0.0	
11.007285170913159	18.474802562046	0.0	0.0	
10.881146749496077	19.116386940496362	0.0	0.0	
11.412503925749927	20.382133802733847	0.0	0.0	
11.479072766475264	21.10814071760169	0.0	0.0	
10.961380872250599	22.347362584543298	0.0	0.0	
11.133535950084676	23.31433706022329	0.0	0.0	
11.08703755088912	23.74633437395184	0.0	0.0	
11.33700383209107	25.002222801057243	0.0	0.0	
11.458580082267948	25.55613773537991	0.0	0.0	
10.527593153551035	27.404890216813804	0.0	0.0	
11.29385538189506	27.868665210900087	0.0	0.0	
10.889686760265132	29.419370518060916	0.0	0.0	
10.566162259613533	30.158653528567154	0.0	0.0	
11.208293621060148	30.87910178179459	0.0	0.0	
12.41399119482512	0.36588152598465007	0.0	0.0	
12.493864459281005	1.111319258435055	0.0	0.0	
11.678939778119341	1.9715176109441095	0.0	0.0	
12.271239567332675	2.793276073137076	0.0	0.0	
11.848343125307057	4.121209961587092	0.0	0.0	
11.71000269557041	5.14090636149243	0.0	0.0	
12.32068483301509	5.744647740035177	0.0	0.0	
11.815480889260183	6.67091422118772	0.0	0.0	
11.906132792485776	7.6487246234874835	0.0	0.0	
12.273497969108117	9.231233411165768	0.0	0.0	
12.07664459083807	10.07574939542921	0.0	0.0	
12.478583129604909	11.05064065501495	0.0	0.0	
11.55093915862038	11.932079912316956	0.0	0.0	
12.415899695808605	13.452584014428652	0.0	0.0	
11.782714074547785	13.508473382576977	0.0	0.0	
11.66763502651404	15.153590619745932	0.0	0.0	
11.915429248653178	15.76652635694393	0.0	0.0	
11.823487414434274	16.513936737397	0.0	0.0	
11.617265005807283	18.459631044266498	0.0	0.0	
12.015634050728156	19.198505530034186	0.0	0.0	
11.856480541681158	19.61546184292948	0.0	0.0	
11.624686155512855	21.174934150645214	0.0	0.0	
12.084470735378627	22.436449627302437	0.0	0.0	
12.488840447124135	23.30664625871294	0.0	0.0	
12.381469527211596	23.81092869519599	0.0	0.0	
11.57286319190823	25.320307685573944	0.0	0.0	
11.819139200148047	25.6986624207537	0.0	0.0	
11.6037788455263	27.22541497238724	0.0	0.0	
11.97719267611579	27.84509451006992	0.0	0.0	
12.216480808363585	28.807209854098776	0.0	0.0	
12.277314644724267	30.2557632673098	0.0	0.0	
12.12770230303091	30.868070267269502	0.0	0.0	
12.822509989707223	0.44476754089242976	0.0	0.0	
13.42984414636608	0.9440586841960932	0.0	0.0	
13.378180918763585	2.42877073463435	0.0	0.0	
12.823532298399744	2.649097622481958	0.0	0.0	
12.768826239554311	3.610841795660854	0.0	0.0	
13.004866338306059	4.995357811544835	0.0	0.0	
12.53322650240577	5.554707661715835	0.0	0.0	
12.726383621657323	7.088671712282139	0.0	0.0	
13.396751703660561	7.787911730029276	0.0	0.0	
12.650457760069752	9.184485620020443	0.0	0.0	
12.742179832821128	10.322791290899355	0.0	0.0	
13.201746211976536	11.482545515568683	0.0	0.0	
13.09186951680263	12.308103443965773	0.0	0.0	
12.504717513140983	12.639064104943577	0.0	0.0	
12.741310226821291	14.022161881597798	0.0	0.0	
13.415861030959867	15.371342045567609	0.0	0.0	
12.508661206458243	16.022002813553346	0.0	0.0	
12.768414259504402	16.702149658811454	0.0	0.0	
12.503524774394213	18.352224118350577	0.0	0.0	
13.414622872987309	19.462883681525895	0.0	0.0	
13.096046947627167	20.438584541710547	0.0	0.0	
12.649001913533882	20.521284764176794	0.0	0.0	
12.53240486308306	21.871006483462235	0.0	0.0	
13.119542763330072	22.610316683641518	0.0	0.0	
13.473549003404898	23.764905662473964	0.0	0.0	
13.275508209256284	24.820159171709285	0.0	0.0	
12.596754298154831	26.314596276712265	0.0	0.0	
12.804165676625813	27.440391861182	0.0	0.0	
12.899052560153137	28.32702537111927	0.0	0.0	
13.025147199389616	28.626160106317144	0.0	0.0	
12.766108647887922	30.037541486178572	0.0	0.0	
13.208127726479237	30.632407625553455	0.0	0.0	
14.40588932155925	0.31718200453129375	0.0	0.0	
13.901671473200743	0.8183035989067289	0.0	0.0	
14.227532959378882	1.8706185494582315	0.0	0.0	
13.74703613847972	2.7944494351409026	0.0	0.0	
14.162540154604232	3.7507927831869474	0.0	0.0	
13.894090517929635	4.922125790996794	0.0	0.0	
13.536162768021882	5.580557612823167	0.0	0.0	
13.685589294871724	6.909335488530382	0.0	0.0	
14.39795697841071	7.510900541469157	0.0	0.0	
14.404496086072916	8.931687791977422	0.0	0.0	
14.04216214240567	10.352167182172114	0.0	0.0	
13.873169565050048	11.406167257331017	0.0	0.0	
13.892623319726578	12.241673076158651	0.0	0.0	
14.298744677568012	12.565328921822731	0.0	0.0	
14.405679452546371	13.596833130915732	0.0	0.0	
13.50026469549853	14.871405687370672	0.0	0.0	
13.687124474719472	15.588490714932847	0.0	0.0	
13.886620568493004	16.95249987114503	0.0	0.0	
13.867265503180883	18.31221104004298	0.0	0.0	
13.858238894780406	18.972350902500555	0.0	0.0	
14.418441374434856	20.138320206865608	0.0	0.0	
13.616589791908606	20.814750426317666	0.0	0.0	
13.815844157942411	21.590275856812994	0.0	0.0	
13.53273126865655	23.261752435273777	0.0	0.0	
13.965681246626964	24.191577256076897	0.0	0.0	
13.615024992312268	25.22538214293467	0.0	0.0	
14.13778793745961	25.684280476760883	0.0	0.0	
14.234749280584158	26.965239291747533	0.0	0.0	
14.071943199750205	28.49371181487987	0.0	0.0	
14.061932159244325	28.588939933568494	0.0	0.0	
13.79170896350694	29.519974517073557	0.0	0.0	
13.817938207347746	30.587017480813202	0.0	0.0	
15.485714287377075	0.431087822437599	0.0	0.0	
15.471564778821332	1.0527152460600544	0.0	0.0	
14.829466005062887	1.9329394423458601	0.0	0.0	
14.651093556787163	3.050456560553389	0.0	0.0	
14.580339439459918	4.170562664178016	0.0	0.0	
15.165477452626071	4.827130781030956	0.0	0.0	
14.965370943558016	5.877801945182209	0.0	0.0	
15.446838744622811	6.8599967765257555	0.0	0.0	
15.108362017688213	8.014891739145753	0.0	0.0	
14.567091486663585	9.308129310296557	0.0	0.0	
14.91509421336978	9.947271649232327	0.0	0.0	
15.354230954080442	11.388316517957788	0.0	0.0	
14.802402884216061	11.83873115639947	0.0	0.0	
15.325572080500352	13.12465864893524	0.0	0.0	
15.499146376146534	13.946008433016171	0.0	0.0	
15.27967815101351	15.105143558457947	0.0	0.0	
15.087465272527007	16.34636416071137	0.0	0.0	
14.867899871247694	16.92200774456265	0.0	0.0	
14.89169705598586	18.436856138642405	0.0	0.0	
15.447050185264304	18.868932037117712	0.0	0.0	
15.035798407454758	20.326337854763377	0.0	0.0	
14.792975462654868	20.974361012304108	0.0	0.0	
15.306725430049234	21.68100156382254	0.0	0.0	
14.694050764411239	22.560930196700713	0.0	0.0	
14.641389103737144	24.395882034953303	0.0	0.0	
14.638089167703468	24.910833384583004	0.0	0.0	
14.77597356932251	26.08395605824039	0.0	0.0	
14.88182802528574	27.27590580927808	0.0	0.0	
14.797464352850739	28.162207700886515	0.0	0.0	
15.305355172772886	29.18354403732737	0.0	0.0	
15.280081441976943	29.601910562522047	0.0	0.0	
14.54694445471548	31.390935263675114	0.0	0.0	
15.91634859084347	0.18595089369749362	0.0	0.0	
15.640610726271523	1.4553029424044084	0.0	0.0	
15.709578582430662	2.0926562726834987	0.0	0.0	
16.22898751805573	3.36846548561428	0.0	0.0	
15.653025763214849	3.914534583905576	0.0	0.0	
15.548016732591698	5.230184857403578	0.0	0.0	
15.938752544283865	6.442322476094784	0.0	0.0	
15.864986087473323	6.662617025822329	0.0	0.0	
15.768372338241582	8.450516813302936	0.0	0.0	
15.950767370435567	8.784106799116808	0.0	0.0	
15.950709350735831	9.712501138152838	0.0	0.0	
15.506712334426016	10.895806025669371	0.0	0.0	
16.153549792746396	11.587397129847579	0.0	0.0	
15.872200186654233	13.145223029316906	0.0	0.0	
15.648050988005542	13.85282763145326	0.0	0.0	
15.668282127326625	15.000927373987636	0.0	0.0	
16.308301847785255	15.973588844840958	0.0	0.0	
15.729746584340816	16.599654184755035	0.0	0.0	
15.904422879100554	17.801679366418995	0.0	0.0	
15.531883697104147	19.087026423924016	0.0	0.0	
15.762215358359871	19.865377104288687	0.0	0.0	
15.659274567342777	21.151448306563676	0.0	0.0	
15.75327128407434	22.0326121052284	0.0	0.0	
15.830740691800528	23.45906177898005	0.0	0.0	
16.26964386967487	24.23761892242629	0.0	0.0	
16.149524676078336	25.389950141607486	0.0	0.0	
15.572832990339583	25.513090967651948	0.0	0.0	
15.719683380556	27.355562456859623	0.0	0.0	
15.698575087217979	28.149274908401424	0.0	0.0	
16.307835438413967	29.06289421733163	0.0	0.0	
15.97949968023868	30.177200165485687	0.0	0.0	
15.708420275284027	31.00017225437036	0.0	0.0	
17.339009176323504	0.269133147698005	0.0	0.0	
17.19177406720102	0.5883877904986805	0.0	0.0	
17.280604397250947	2.033855595603951	0.0	0.0	
17.393712665579393	3.134610532958259	0.0	0.0	
16.715770671446556	4.093701402717684	0.0	0.0	
17.43325623477369	5.399026214813834	0.0	0.0	
17.17999957109736	5.648648183126737	0.0	0.0	
17.032608656369824	6.772443634722107	0.0	0.0	
16.936965043190487	8.137197524867055	0.0	0.0	
17.08490370669386	8.879614196081992	0.0	0.0	
17.196525247166907	9.74983992141189	0.0	0.0	
17.45494431406293	10.757533008264888	0.0	0.0	
16.628356921839497	12.10609561463138	0.0	0.0	
17.260120912871255	13.195464009532015	0.0	0.0	
17.213538193456586	14.414260537174636	0.0	0.0	
16.878807732312072	15.159831798467845	0.0	0.0	
17.051597673436856	16.13560860009955	0.0	0.0	
17.427865847391242	16.92984440441432	0.0	0.0	
16.814697843640346	18.364784927351398	0.0	0.0	
17.14831216287672	18.977810482565758	0.0	0.0	
17.083077474531507	20.270588918156328	0.0	0.0	
17.082257052878838	20.92386780491947	0.0	0.0	
16.850582448708366	22.200471820769838	0.0	0.0	
16.853178501947138	22.922055463126043	0.0	0.0	
16.735279973574418	24.47227073150299	0.0	0.0	
16.953489399175897	25.490503600576186	0.0	0.0	
16.958260759883814	26.360459409282374	0.0	0.0	
17.289538818648566	26.596227739125457	0.0	0.0	
17.177857758584835	28.276413487059802	0.0	0.0	
16.521406546182096	28.766466048693566	0.0	0.0	
16.813818475091388	29.81124064553343	0.0	0.0	
17.291831015625068	30.763270142520614	0.0	0.0	
17.719936017380526	0.1551047966527377	0.0	0.0	
17.56833035571319	1.1269441094867418	0.0	0.0	
17.94856039888703	2.2286229281722507	0.0	0.0	
17.79003450810995	3.4174978921878205	0.0	0.0	
17.949696549044624	4.38564116454309	0.0	0.0	
18.04151679235356	5.399365836375747	0.0	0.0	
18.317737648738213	5.655899760532273	0.0	0.0	
17.740613907567404	7.40351910461826	0.0	0.0	
17.850377752621462	8.27929371871884	0.0	0.0	
18.246213775739786	8.96119916329123	0.0	0.0	
18.26463488709618	9.894397074312154	0.0	0.0	
17.6701153612645	11.15023533249936	0.0	0.0	
17.7750994295955	11.902182719404285	0.0	0.0	
18.035874202942324	13.175506546326787	0.0	0.0	
17.868180740441062	13.524837710218142	0.0	0.0	
18.409198593940495	15.126516542255464	0.0	0.0	
17.933276622585794	15.790535235189369	0.0	0.0	
18.330713553313096	17.113216840983497	0.0	0.0	
17.967234158790813	17.99742937586078	0.0	0.0	
18.359556170312032	18.758104100662784	0.0	0.0	
17.80957820513461	20.19117924341736	0.0	0.0	
18.072612425436944	21.45170113293531	0.0	0.0	
17.524980797327338	22.117687960077166	0.0	0.0	
18.46927567059079	22.815923753990702	0.0	0.0	
18.23478088687592	24.33939318910378	0.0	0.0	
17.813364838556556	24.95599108400226	0.0	0.0	
17.663852495762498	26.404050445329	0.0	0.0	
18.371544178169422	26.76202139830832	0.0	0.0	
18.105232268630417	28.34371800813843	0.0	0.0	
18.19304513341521	28.56643815795762	0.0	0.0	
17.706051222449567	29.812512185137983	0.0	0.0	
17.99221330854052	30.609908658860885	0.0	0.0	
19.057513280502114	0.27481907866392874	0.0	0.0	
19.321715245820926	0.6709193549125111	0.0	0.0	
18.574562846723147	1.94888974724486	0.0	0.0	
18.83225975503442	3.4458855505267665	0.0	0.0	
19.20717562513294	3.889290034028365	0.0	0.0	
19.43188462249433	4.565173425945382	0.0	0.0	
19.43109411508269	6.451529144581859	0.0	0.0	
18.72912549609006	6.769763980667145	0.0	0.0	
18.82742507581216	7.8342303005140455	0.0	0.0	
18.785016327266614	9.473127003958098	0.0	0.0	
18.544412961168906	10.37573982294209	0.0	0.0	
18.789153175387305	11.335043864028568	0.0	0.0	
18.55284363335835	12.429402751741154	0.0	0.0	
19.195855681256603	12.931642778976542	0.0	0.0	
18.766682555354265	13.654305284935873	0.0	0.0	
18.8603852436068	14.639580780312388	0.0	0.0	
18.565398330590256	16.164918585722784	0.0	0.0	
19.290272195199073	16.99458686593701	0.0	0.0	
19.294100907188458	17.521632804254445	0.0	0.0	
18.966283053163632	19.453110478495752	0.0	0.0	
18.967477045369566	19.739280186038755	0.0	0.0	
18.643981058464476	21.178102977060753	0.0	0.0	
19.382598282939707	22.45969368108979	0.0	0.0	
19.461495759583254	23.352181189117704	0.0	0.0	
18.821956228913855	23.704876794923614	0.0	0.0	
19.392796185417396	25.406585523490065	0.0	0.0	
18.988136608663183	25.776053710659806	0.0	0.0	
19.004142965230756	26.61533903655246	0.0	0.0	
18.548044409049457	27.67044112538489	0.0	0.0	
19.377315519593452	28.661366878264204	0.0	0.0	
18.590485091351535	30.231820184248328	0.0	0.0	
19.14078971575125	31.152131644008037	0.0	0.0	
19.679975685289158	0.3029535126802292	0.0	0.0	
20.350314664874897	1.3464301050030567	0.0	0.0	
19.563150954041813	1.6364856440679665	0.0	0.0	
19.72688968531171	2.9123811876033483	0.0	0.0	
20.317566452517973	4.441273246558982	0.0	0.0	
20.091560089419698	4.749673000292622	0.0	0.0	
19.91155915154484	5.532698977251784	0.0	0.0	
19.98423489357465	6.8914497050377195	0.0	0.0	
19.848998004649477	8.120458958155972	0.0	0.0	
19.69146394961086	9.276017059552126	0.0	0.0	
20.394403008424394	10.014336972627861	0.0	0.0	
20.127058519290156	11.153022237026581	0.0	0.0	
19.783611124412502	11.555515435899537	0.0	0.0	
20.252111512710673	13.018405150779795	0.0	0.0	
19.607933316056425	13.532551635913327	0.0	0.0	
19.923153824797676	15.275083782393958	0.0	0.0	
20.172926605842353	15.52673221147521	0.0	0.0	
20.3238212048143	17.220223845383643	0.0	0.0	
19.90122338916699	17.760838332414195	0.0	0.0	
20.428368177332633	18.878203528938734	0.0	0.0	
19.863540254253067	19.84199112791079	0.0	0.0	
20.4294556528082	20.856647950250565	0.0	0.0	
19.925826525178007	22.140807855916464	0.0	0.0	
19.93410605601172	22.61953479265649	0.0	0.0	
20.173919822017098	23.993976733053174	0.0	0.0	
19.797103975350733	25.447466023411963	0.0	0.0	
19.666761091456166	25.50930751024546	0.0	0.0	
20.333102853340005	27.43999524116373	0.0	0.0	
19.558874316426586	27.560813225892986	0.0	0.0	
19.665216036320516	28.986662696166103	0.0	0.0	
20.389434294397606	29.85425755513424	0.0	0.0	
20.101319072985433	30.793893394487565	0.0	0.0	
20.555516060799818	0.24005619876463835	0.0	0.0	
20.660099975767377	0.8695587860731739	0.0	0.0	
21.366794962854723	1.607225778463449	0.0	0.0	
21.26300700218418	3.4234760376538516	0.0	0.0	
20.54538107231729	3.8310566854413617	0.0	0.0	
20.684365564175845	4.8200091258219455	0.0	0.0	
20.90881110621808	6.145632698335408	0.0	0.0	
21.16406297658611	7.3528521724825815	0.0	0.0	
21.1877193017201	7.852338439265268	0.0	0.0	
20.689087934447713	8.816067973276867	0.0	0.0	
20.58892032776588	9.646691430633812	0.0	0.0	
21.30986937677665	10.975401502207394	0.0	0.0	
21.232191434374897	12.42356165794967	0.0	0.0	
21.109501098298633	13.258938385110376	0.0	0.0	
20.906518911601847	13.938609236158271	0.0	0.0	
20.71123213245889	14.773791681844898	0.0	0.0	
21.262816446819038	15.891336911282007	0.0	0.0	
20.769719567114155	16.612736162407483	0.0	0.0	
21.371770997923296	17.56481715346021	0.0	0.0	
20.94650485027019	18.601590343244304	0.0	0.0	
20.704059623325357	20.233065763320255	0.0	0.0	
20.87605586982598	20.896794139803443	0.0	0.0	
21.09422067550874	21.883900235933854	0.0	0.0	
21.456167989990753	23.15855597187185	0.0	0.0	
21.104411994810935	23.940821597248505	0.0	0.0	
20.792728324650724	24.746200364339472	0.0	0.0	
21.01136438885251	25.58380566747385	0.0	0.0	
21.433800527974473	27.050839580042943	0.0	0.0	
20.591672863483087	27.571923550789624	0.0	0.0	
21.11309531759308	28.543758035016584	0.0	0.0	
20.864737062101216	30.066280497331768	0.0	0.0	
20.99412603504124	30.524978908242183	0.0	0.0	
21.791002752714128	0.47082551984247945	0.0	0.0	
22.218187671568366	0.5907221525570552	0.0	0.0	
22.08624128362392	2.4831486478906206	0.0	0.0	
22.20970812194614	3.331936823126282	0.0	0.0	
22.394017153001442	4.058483614250661	0.0	0.0	
21.756934353897794	4.571124113002146	0.0	0.0	
22.229580076629812	6.257956562811374	0.0	0.0	
22.031270385490917	7.05968329167074	0.0	0.0	
22.38327193809098	8.144476434704464	0.0	0.0	
22.427113459362392	9.15380879769742	0.0	0.0	
21.993753378354654	9.696259426905073	0.0	0.0	
22.190142342323014	10.818954019678317	0.0	0.0	
22.208697613402897	11.580142356363076	0.0	0.0	
21.50148066550821	12.693459341630895	0.0	0.0	
21.731378254007474	13.715624023151147	0.0	0.0	
22.234786165741692	14.894553804715123	0.0	0.0	
21.794358877700482	15.757262942284127	0.0	0.0	
21.928944869715014	16.88937422952987	0.0	0.0	
22.451784537766745	18.058748957769918	0.0	0.0	
22.120953632872098	18.842846202683166	0.0	0.0	
21.748441912936507	20.23833085764269	0.0	0.0	
22.198270745583137	21.482203430202603	0.0	0.0	
21.664550714228692	21.629945336072282	0.0	0.0	
21.967911869340583	23.116976617570973	0.0	0.0	
22.143713193940513	24.261779912330177	0.0	0.0	
21.77419268501498	25.263313522527678	0.0	0.0	
22.095544232538273	26.398181220719223	0.0	0.0	
21.59528267942371	27.222118301187205	0.0	0.0	
22.406293960187103	28.22852629622249	0.0	0.0	
21.684709875411446	29.040251333942475	0.0	0.0	
21.659374185373807	30.044987111201817	0.0	0.0	
22.104542904302843	30.854057106331695	0.0	0.0	
23.012243103480085	0.34744382644806415	0.0	0.0	
22.780973247028665	1.4993340690431562	0.0	0.0	
23.034520051064796	2.323394496786274	0.0	0.0	
22.844268680893933	2.617769609307639	0.0	0.0	
23.228792317673435	4.4880328684746384	0.0	0.0	
22.52441510795234	5.386476045424947	0.0	0.0	
23.33393140205831	6.03251615303086	0.0	0.0	
22.989240376600282	6.696277532590374	0.0	0.0	
22.52359738580252	7.830807374297276	0.0	0.0	
22.7598788641108	8.903439544548178	0.0	0.0	
23.05825638316621	10.091613072104606	0.0	0.0	
22.91430537647054	10.72408655635335	0.0	0.0	
22.814394926190808	11.67146082652949	0.0	0.0	
23.487442819750427	13.402174611766224	0.0	0.0	
23.344434903691184	14.372176838918222	0.0	0.0	
23.269460266971326	14.65558082638569	0.0	0.0	
22.670243496102874	15.896150320496433	0.0	0.0	
23.00374894028945	16.59566210470032	0.0	0.0	
23.064739931843725	18.0212876463333	0.0	0.0	
22.664058270494145	18.635134103251293	0.0	0.0	
22.592549091543983	19.565928146030977	0.0	0.0	
22.86693373858644	20.969681257839945	0.0	0.0	
23.23780484508899	22.069367417351494	0.0	0.0	
22.765675048810035	23.225242992374916	0.0	0.0	
23.187222767522016	23.644888348076723	0.0	0.0	
22.757686698298556	25.292090509981907	0.0	0.0	
22.536608387835138	26.27811863616518	0.0	0.0	
22.802553885829848	27.089516933410025	0.0	0.0	
22.67855627629794	27.658822106957874	0.0	0.0	
23.336707494086603	28.50502567712701	0.0	0.0	
23.46652482975903	30.292603725073533	0.0	0.0	
23.119094806507455	30.858713240734534	0.0	0.0	
23.68103891073176	0.3988933747858784	0.0	0.0	
24.007090509302675	0.9196144148821436	0.0	0.0	
24.22760267311911	1.5747385682364259	0.0	0.0	
23.565635798572572	3.0570340939288734	0.0	0.0	
24.0774226921966	4.425041065550804	0.0	0.0	
23.739413499688993	5.041506055575058	0.0	0.0	
23.92558609186423	5.866598145931249	0.0	0.0	
23.903592237178096	7.1223422343685305	0.0	0.0	
23.808918108400313	7.655806982242621	0.0	0.0	
24.431371785304506	8.804904589701929	0.0	0.0	
23.58802073394821	10.373585959935566	0.0	0.0	
24.205460698144737	10.516443981154637	0.0	0.0	
24.26508323819485	11.573901356586607	0.0	0.0	
23.568049083872395	13.140141618113487	0.0	0.0	
24.343289923948973	13.611512302585204	0.0	0.0	
24.418817507693312	14.974513403118218	0.0	0.0	
24.113964036370103	15.813040297874805	0.0	0.0	
24.17102834044085	16.895871112114786	0.0	0.0	
23.9985765197962	18.31170377420351	0.0	0.0	
23.912152708247376	18.605142493916585	0.0	0.0	
24.236040210308857	20.36589849867934	0.0	0.0	
23.614329818540018	20.995514547017894	0.0	0.0	
23.68493253413966	21.541749667577168	0.0	0.0	
23.86895711183072	23.357839476567875	0.0	0.0	
24.01594163218172	24.116081999278105	0.0	0.0	
23.98818238001346	24.81749050290808	0.0	0.0	
23.930882781328897	26.23217733978925	0.0	0.0	
23.51425401865824	26.68162415548602	0.0	0.0	
24.21091153400193	27.872155688542755	0.0	0.0	
23.733697008129027	29.09736281176256	0.0	0.0	
23.602330853073592	30.481225629667772	0.0	0.0	
23.907574387885685	30.840529470579316	0.0	0.0	
25.07330231251917	0.23734306456930965	0.0	0.0	
24.736848612286476	1.261158437809798	0.0	0.0	
24.93565684493422	1.9420606640650449	0.0	0.0	
24.709231152764264	3.1404060451085423	0.0	0.0	
25.320601096506994	4.1248192819706615	0.0	0.0	
25.23748547810628	4.9010864926319	0.0	0.0	
24.97095759044564	6.491549660571357	0.0	0.0	
24.985536614418056	6.819888927393246	0.0	0.0	
24.75550861497895	7.538466027371517	0.0	0.0	
24.864979033582717	8.627202063835432	0.0	0.0	
24.64618099950685	9.73703894302369	0.0	0.0	
25.24712124790089	10.882921604656781	0.0	0.0	
24.506106968209508	12.49080329297461	0.0	0.0	
24.646058851494985	12.546557942751505	0.0	0.0	
24.680256150069937	14.402817363074194	0.0	0.0	
25.03270444202836	15.483091215004025	0.0	0.0	
25.11612148037066	16.241940029139528	0.0	0.0	
25.01444506913667	17.29833687886166	0.0	0.0	
24.915110941302522	18.052183809670876	0.0	0.0	
24.95727894795356	18.634242106196808	0.0	0.0	
24.649536980954338	20.04863458962374	0.0	0.0	
24.81511030351569	21.34262214671869	0.0	0.0	
25.46016620567906	21.82382664313271	0.0	0.0	
24.69637180407306	23.45657632765607	0.0	0.0	
25.428127778207166	23.993991215891914	0.0	0.0	
24.881582858042975	24.939095615752283	0.0	0.0	
24.70599024264971	26.384764865930986	0.0	0.0	
24.88396159526772	27.37560039259816	0.0	0.0	
25.324330744195713	27.54536676758375	0.0	0.0	
25.021309972546526	28.64918235694388	0.0	0.0	
24.79884551860977	30.48045155771062	0.0	0.0	
25.22412396288296	30.50196526933516	0.0	0.0	
25.56851160161819	0.4035781211936583	0.0	0.0	
25.691130095505297	0.8444463606945717	0.0	0.0	
26.467342721107563	2.3134391799709695	0.0	0.0	
25.895354767120864	3.167518223549252	0.0	0.0	
25.647376165381175	4.243422160519558	0.0	0.0	
25.669576571639023	5.352069103511884	0.0	0.0	
26.408328128039816	6.124255089097114	0.0	0.0	
25.50689225662856	6.607216204930344	0.0	0.0	
25.73900412871367	7.983012684726229	0.0	0.0	
26.008953731925192	8.672074110611463	0.0	0.0	
25.583706498349578	9.922017094834944	0.0	0.0	
26.488701170961697	11.338107534863404	0.0	0.0	
25.748357042652827	12.199440732947	0.0	0.0	
26.27569114538038	13.15869723954178	0.0	0.0	
25.663674840375446	14.022882412488833	0.0	0.0	
25.62941147121246	14.764953399124899	0.0	0.0	
26.008352938787393	15.89167257573325	0.0	0.0	
26.36260052358684	16.673788733561874	0.0	0.0	
26.411486429513275	18.172542106942647	0.0	0.0	
25.85638401958022	18.573148643154425	0.0	0.0	
26.267949099293304	20.42642594931083	0.0	0.0	
26.30775659505839	21.28226700415086	0.0	0.0	
25.962957411827468	22.336695747609436	0.0	0.0	
25.50569044700128	23.001290189500857	0.0	0.0	
26.039025170820892	23.647271487090094	0.0	0.0	
25.73209381593977	25.218382010115867	0.0	0.0	
25.505507063085506	25.784686934880558	0.0	0.0	
26.39732493631196	26.637770268084942	0.0	0.0	
25.781799314317933	28.190432130612354	0.0	0.0	
26.24580587476997	28.991042302823477	0.0	0.0	
25.735168172960922	30.444734568972844	0.0	0.0	
25.97562400452375	30.99216755489141	0.0	0.0	
26.543324504630707	0.3958436621702044	0.0	0.0	
26.81355531187038	1.1802733675420565	0.0	0.0	
27.281007708051117	2.0544814912555682	0.0	0.0	
27.462083237889935	2.5573817330843394	0.0	0.0	
27.00389102590165	3.953699476758194	0.0	0.0	
27.04675143110179	5.090860401455379	0.0	0.0	
27.24429571344729	5.995444335552126	0.0	0.0	
27.302356752135378	6.699985541781674	0.0	0.0	
27.05714086690683	7.786864829192616	0.0	0.0	
26.869486467485107	9.309772913402478	0.0	0.0	
27.347347021025733	9.865999702391326	0.0	0.0	
27.23181688804632	11.054042593942235	0.0	0.0	
27.014438761599738	11.838096746602105	0.0	0.0	
26.60761281336296	12.662016874838615	0.0	0.0	
27.337447778734592	14.417618478522964	0.0	0.0	
26.61149818340805	14.863861516275998	0.0	0.0	
27.154468436962713	16.400753559972312	0.0	0.0	
27.229152629685068	17.394802191086384	0.0	0.0	
26.52974817266598	17.66361787954837	0.0	0.0	
27.394981036541388	18.691110385573694	0.0	0.0	
27.311796813003674	19.504927694072403	0.0	0.0	
27.20069559231649	20.661664027225207	0.0	0.0	
26.5465015052256	21.91370306494227	0.0	0.0	
27.453919959109314	22.750749547562098	0.0	0.0	
26.928134844241427	24.405654538861	0.0	0.0	
26.56714067693478	25.36683397457727	0.0	0.0	
27.185261286303135	26.143857417462566	0.0	0.0	
26.979753780409652	26.85744906768519	0.0	0.0	
27.217820015896073	27.85312792770752	0.0	0.0	
26.881894765472563	29.07208592684294	0.0	0.0	
27.36189028410779	29.991398221812112	0.0	0.0	
26.85614349444182	30.848009435074154	0.0	0.0	
28.357934931637054	0.04563456347004635	0.0	0.0	
27.653685539878587	1.0076965710695092	0.0	0.0	
28.041081803077937	1.7172904090184982	0.0	0.0	
27.97387896312478	3.2257069337925697	0.0	0.0	
27.915942576454164	3.8703395810473	0.0	0.0	
27.780840421415284	4.651243021283396	0.0	0.0	
28.261572455291013	5.915512081594937	0.0	0.0	
27.69512582268151	7.27129878777401	0.0	0.0	
28.0545594887125	8.199878689421578	0.0	0.0	
27.586548666090184	8.988750843515268	0.0	0.0	
27.896466557722334	10.423207070545944	0.0	0.0	
27.80947560270993	11.386205445477358	0.0	0.0	
28.150404312010668	11.82674560481841	0.0	0.0	
27.579953475714174	12.895987202341619	0.0	0.0	
28.042694307361078	13.545606261637193	0.0	0.0	
27.746611067007816	14.804904551021284	0.0	0.0	
28.139234373168165	16.20135937903845	0.0	0.0	
28.437051934134246	17.414625295311687	0.0	0.0	
28.24145718793806	17.533365686477328	0.0	0.0	
27.808290084032254	19.25957799990243	0.0	0.0	
27.739148370137215	20.04721948658694	0.0	0.0	
28.445689513883217	21.187997381898242	0.0	0.0	
28.479366624288097	22.00839845699179	0.0	0.0	
28.332573467532818	23.473034878796703	0.0	0.0	
27.563378902594447	23.517465435367527	0.0	0.0	
27.84637055134369	25.301037700712538	0.0	0.0	
28.254688380366805	26.045143370838964	0.0	0.0	
28.230801905189015	27.23783777171197	0.0	0.0	
27.853353921909854	28.479810841548417	0.0	0.0	
27.7691869338006	28.970546447130616	0.0	0.0	
28.239572166587426	29.878401140899125	0.0	0.0	
28.11442993782387	30.614263482482585	0.0	0.0	
29.197590955605296	0.3356545391558422	0.0	0.0	
28.706700815930635	1.1925812947096062	0.0	0.0	
29.094555324195035	2.3628578246598435	0.0	0.0	
29.355728703582223	3.488385830417882	0.0	0.0	
28.961815744695613	3.9572615607346	0.0	0.0	
29.305535001447332	5.098579149478782	0.0	0.0	
28.657449365864526	5.707715341540757	0.0	0.0	
28.776897487995747	6.685861695847138	0.0	0.0	
28.60850578742611	7.684961398964441	0.0	0.0	
28.96230417565302	9.015709172839774	0.0	0.0	
28.815103445492266	10.285356295292122	0.0	0.0	
29.372748674717545	10.852045569014557	0.0	0.0	
28.506978311200672	12.00764564837256	0.0	0.0	
28.836234698175275	13.369345744999158	0.0	0.0	
29.4136781297535	13.583732975719803	0.0	0.0	
29.308128858496488	14.654058334094255	0.0	0.0	
28.720390623014552	15.604279599584162	0.0	0.0	
29.09385474464744	17.391853023321794	0.0	0.0	
28.820644797220496	17.833730003761918	0.0	0.0	
28.92871176612147	18.90704030351945	0.0	0.0	
29.270078523674627	20.09454592033783	0.0	0.0	
29.148177532395863	21.106610387318618	0.0	0.0	
28.590194074350926	22.33663326594204	0.0	0.0	
28.52116109703887	23.119007149043966	0.0	0.0	
29.455198073250052	24.460048900350813	0.0	0.0	
28.60779841734098	25.366330005615854	0.0	0.0	
29.353403710721	25.837186889457545	0.0	0.0	
29.1688585507696	26.7545137409204	0.0	0.0	
28.861748439228265	27.631510389034517	0.0	0.0	
28.93219244361983	29.33973797513172	0.0	0.0	
29.451217250338328	30.085664300108213	0.0	0.0	
29.474372650446963	30.535273499039356	0.0	0.0	
29.515001327713012	0.010563571913992709	0.0	0.0	
29.903728031366356	0.8777638096662491	0.0	0.0	
30.086600956539627	2.4308712114213256	0.0	0.0	
29.53435792472168	3.200268123811389	0.0	0.0	
29.705425994329868	4.169327388625224	0.0	0.0	
29.51704577742324	5.116267111300141	0.0	0.0	
29.637645022415555	5.5447106066006	0.0	0.0	
29.72531453943744	7.122774524419617	0.0	0.0	
30.250745137233707	8.1921721368312	0.0	0.0	
30.222419320772115	8.518413589040767	0.0	0.0	
29.80833144625384	10.498024691854887	0.0	0.0	
30.130643607878252	10.518616386047725	0.0	0.0	
29.68877468617269	12.124416002034232	0.0	0.0	
29.660112666243325	13.418368685556016	0.0	0.0	
30.019985787351118	13.779025288890338	0.0	0.0	
30.084131633736586	14.926352582158863	0.0	0.0	
29.599036248165874	15.61282295770074	0.0	0.0	
30.114846167247226	16.8620552499475	0.0	0.0	
29.581411108155788	18.432076208255484	0.0	0.0	
30.491948229822654	18.79349363778287	0.0	0.0	
29.90944827513843	20.01362427496404	0.0	0.0	
30.412187184633108	20.719643641546124	0.0	0.0	
30.436995329570774	21.54394225077581	0.0	0.0	
29.588087099181426	22.793096465358865	0.0	0.0	
29.593464285396973	23.874811177952953	0.0	0.0	
29.698003577507468	24.790224755293227	0.0	0.0	
30.466076602311443	25.86503218955614	0.0	0.0	
29.943982980961472	26.744359107748693	0.0	0.0	
29.763235813768635	27.948514361105328	0.0	0.0	
30.36955866622451	28.63869614205846	0.0	0.0	
29.785805280530177	30.102964875402566	0.0	0.0	
29.654488266458827	30.554795295780963	0.0	0.0	
31.219770520822227	0.03310065870087853	0.0	0.0	
31.04745871771406	0.7470109600549426	0.0	0.0	
31.4038843872698	2.3678640918186966	0.0	0.0	
30.75450643623892	2.6377669403023245	0.0	0.0	
30.942511115478073	4.067320927704018	0.0	0.0	
31.017331085244088	4.602763970873177	0.0	0.0	
30.648797868677118	5.91703009293499	0.0	0.0	
30.65015574124989	6.581847948711069	0.0	0.0	
30.53313109018133	7.999736726829994	0.0	0.0	
31.481936793070002	9.096135750879684	0.0	0.0	
30.957324167346044	9.911467158877569	0.0	0.0	
31.03180901456842	11.078270728074104	0.0	0.0	
31.01673629551757	12.385708351532761	0.0	0.0	
31.093298074003854	13.317458999385929	0.0	0.0	
30.67309683313924	14.115332262261123	0.0	0.0	
30.58742217136996	14.969417673719018	0.0	0.0	
30.733705682007425	16.48364040119314	0.0	0.0	
30.593689447002628	17.44658174754997	0.0	0.0	
30.69952054833618	18.396708104048308	0.0	0.0	
30.91466335427527	18.98650405524736	0.0	0.0	
30.931963521636003	20.446879078013456	0.0	0.0	
30.892550867103544	20.511393582773415	0.0	0.0	
30.93128074007987	21.50221501536144	0.0	0.0	
31.14680778338245	22.59022238493129	0.0	0.0	
30.751633728879423	23.598945839564323	0.0	0.0	
31.22963599735991	24.557084509033032	0.0	0.0	
31.067303195949506	25.874726763130365	0.0	0.0	
30.91548521674313	26.500024567119908	0.0	0.0	
30.52904516365386	27.96294064927396	0.0	0.0	
30.72922053540017	29.4933565156696	0.0	0.0	
30.90395149582929	29.5382743831793	0.0	0.0	
30.637072600862147	31.115223732163866	0.0	0.0	
