2
32.0	0.0	0.0	0.0	
0.0	32.0	0.0	0.0	
0.1318959432737572	0.1316496303122181	0.0	0.0	
0.3045713799612615	1.1904949982455353	0.0	0.0	
0.25331821687906053	1.9378194207504622	0.0	0.0	
0.30238264725680664	3.2351596365985937	0.0	0.0	
0.06526461223128943	3.692777229184572	0.0	0.0	
0.20952687539069492	5.309432301728967	0.0	0.0	
0.30731700326187394	6.499074157845218	0.0	0.0	
0.42913674749512454	6.508928500009793	0.0	0.0	
0.1962758308605106	8.14392027482937	0.0	0.0	
0.19893214346453458	8.590522376307511	0.0	0.0	
0.3362124022155911	9.960147441419464	0.0	0.0	
0.2958851306494753	10.591434335120397	0.0	0.0	
0.3714499599504332	11.768093704642224	0.0	0.0	
0.1204362168256633	12.893349005308249	0.0	0.0	
0.012922484915395827	13.661516698474337	0.0	0.0	
0.07910919816944095	14.853231082115427	0.0	0.0	
0.17621633701621098	15.60757949542098	0.0	0.0	
0.1730999641053511	16.77582284085139	0.0	0.0	
0.3799416762234338	18.02964516050139	0.0	0.0	
0.08935354598577994	18.71777526299373	0.0	0.0	
0.06783544109961082	19.702978610999804	0.0	0.0	
0.027872206885206086	20.923048208099505	0.0	0.0	
0.2369816120015069	21.573681250420513	0.0	0.0	
0.035803539731782075	22.85374243763309	0.0	0.0	
0.27942957131588675	23.9095574662588	0.0	0.0	
0.17473343786865425	25.144721306584362	0.0	0.0	
0.08098401643063424	26.308979372445755	0.0	0.0	
0.18476142119123284	26.627878785969493	0.0	0.0	
0.12410844828354783	27.825954806426612	0.0	0.0	
0.40541120561167876	29.08764687739547	0.0	0.0	
0.4820255790975513	30.065066741198635	0.0	0.0	
0.13608263880026195	31.210315201569806	0.0	0.0	
0.7345914500008902	0.021679940125629793	0.0	0.0	
0.5126658803416799	1.4602842018189122	0.0	0.0	
0.7122939866565637	1.850160965187372	0.0	0.0	
1.2591665299276364	2.77777284358483	0.0	0.0	
1.498880770265978	4.256413952913153	0.0	0.0	
1.1722107822086532	5.488589851104387	0.0	0.0	
0.7765191163448969	6.320992732126193	0.0	0.0	
0.9735267178187362	7.129371179198598	0.0	0.0	
0.7276430461567008	7.876575296726221	0.0	0.0	
1.1602307700575607	8.743347931780264	0.0	0.0	
0.9240699300086321	9.58834824289183	0.0	0.0	
0.8462935492948889	10.963986622990195	0.0	0.0	
1.3685620930929092	11.892349320397022	0.0	0.0	
1.1480393535497502	13.340719981934992	0.0	0.0	
1.0545309650392958	13.712002227731261	0.0	0.0	
1.1799933886044838	14.52991244619806	0.0	0.0	
0.8707237338307773	16.003165108131977	0.0	0.0	
0.6863520306193885	16.986091009790407	0.0	0.0	
1.0975983690519806	17.74468231366343	0.0	0.0	
0.7057856227444096	18.888594745440194	0.0	0.0	
1.0945701661296914	20.31698620176938	0.0	0.0	
0.898239479010841	20.916166711826733	0.0	0.0	
0.631730709512846	22.14316255793744	0.0	0.0	
1.4800090617108945	22.905622028381693	0.0	0.0	
1.3804688425201697	23.960597440548714	0.0	0.0	
1.3081606754463067	24.564755828760433	0.0	0.0	
1.3457780751579287	26.443069028647614	0.0	0.0	
0.7382116939487728	27.213771756388624	0.0	0.0	
0.7586786892396227	27.805152259464695	0.0	0.0	
0.6224718756931262	28.99319381315379	0.0	0.0	
0.916054598322216	30.375691519294925	0.0	0.0	
1.0959710005339582	30.700005609261453	0.0	0.0	
1.8491471604249243	0.28826224795326116	0.0	0.0	
2.376168286010353	0.5316432263870134	0.0	0.0	
2.007297138673735	2.27955601693213	0.0	0.0	
1.817750458017593	2.9795573081900675	0.0	0.0	
1.8679116814191934	3.8126740917985313	0.0	0.0	
1.959784736593833	5.431565975799796	0.0	0.0	
1.9012383715766998	6.021664338791823	0.0	0.0	
1.8125878597219316	6.564912774429279	0.0	0.0	
2.245196088954125	7.96307238638924	0.0	0.0	
1.5251524910783414	8.977576649048768	0.0	0.0	
2.054022836245169	10.056799140135055	0.0	0.0	
2.406661443430384	10.615188689337336	0.0	0.0	
1.736641323526832	12.139651003001203	0.0	0.0	
1.8363167152652529	12.51088690899654	0.0	0.0	
2.408833814171679	14.437929513910394	0.0	0.0	
2.0460078690058148	15.38449740056422	0.0	0.0	
1.8256989457122712	15.75348749161662	0.0	0.0	
1.5585368240180641	17.158543763417594	0.0	0.0	
1.887455974468137	18.40927571229423	0.0	0.0	
2.3880228458709953	18.949576591268784	0.0	0.0	
2.4905128614480287	20.301701759584432	0.0	0.0	
1.6482601079082042	20.65755740492076	0.0	0.0	
2.342965388482777	21.5340206405231	0.0	0.0	
2.3832336704785697	23.08380529870356	0.0	0.0	
2.1675029496724605	23.906715550801376	0.0	0.0	
2.1454557971526738	25.30036197847395	0.0	0.0	
1.505518100633911	26.187220195466512	0.0	0.0	
2.0360027197690336	27.470528726677745	0.0	0.0	
1.523916823785068	28.48365587193592	0.0	0.0	
2.288911957119182	29.381391939149122	0.0	0.0	
1.953286652158081	30.18551398864013	0.0	0.0	
2.3445066082346173	31.373935852660594	0.0	0.0	
2.5432143398856186	0.1122801427643948	0.0	0.0	
2.579824414410111	0.7580689071584771	0.0	0.0	
3.181728483720426	1.878968999551455	0.0	0.0	
3.0826720008312516	3.2048288594950045	0.0	0.0	
2.8107790704049167	3.8951380480809448	0.0	0.0	
2.5949874503574497	4.79318908232477	0.0	0.0	
3.1747357571652723	5.836577374021051	0.0	0.0	
2.694895662991869	6.609258287109991	0.0	0.0	
2.97703421331848	7.788069520591126	0.0	0.0	
2.7109574996286883	8.92853623664248	0.0	0.0	
2.6743545210530253	9.836833517785921	0.0	0.0	
3.4256350115639598	10.735103785640195	0.0	0.0	
3.464677841780995	12.004216534100324	0.0	0.0	
2.7260398124323957	13.104771358602713	0.0	0.0	
2.758214157970051	14.356257994397936	0.0	0.0	
2.6421095484249206	14.825491985199857	0.0	0.0	
3.0856910826041863	16.16872964340105	0.0	0.0	
3.0124131596868375	16.582930205280842	0.0	0.0	
3.2617248138090327	18.369617075952537	0.0	0.0	
2.976713019824507	18.67847009206977	0.0	0.0	
3.380019351489066	19.976147790328532	0.0	0.0	
3.160196154522003	20.62728591532767	0.0	0.0	
3.27860597759459	22.412561649546095	0.0	0.0	
3.081051668518888	23.08067254910443	0.0	0.0	
2.85836446185657	23.641245312882162	0.0	0.0	
2.8302132411829017	25.414924625845238	0.0	0.0	
3.2580561502095153	26.14344850805565	0.0	0.0	
3.133514021524027	26.71285254244092	0.0	0.0	
3.0389814273479607	27.698707699488672	0.0	0.0	
3.304525098074655	29.461367707233762	0.0	0.0	
3.3703313579926726	29.786792624181164	0.0	0.0	
3.227563085476901	30.824646584331823	0.0	0.0	
3.912376953260565	0.45915944191354285	0.0	0.0	
3.8775132604759945	0.9843030134245793	0.0	0.0	
4.115982082598048	1.6058316060921662	0.0	0.0	
3.6553210343715046	3.3413693302235052	0.0	0.0	
3.58796175271933	3.8946207454948816	0.0	0.0	
3.8812348667945296	4.7376941919662965	0.0	0.0	
3.9430626705043688	5.639084384533543	0.0	0.0	
4.177653846588271	6.968504249091447	0.0	0.0	
3.5210356976343293	8.490159564471405	0.0	0.0	
3.9869345292831126	8.663812430368644	0.0	0.0	
3.8641736158470215	10.156740364845778	0.0	0.0	
4.146298024906736	10.960756848764696	0.0	0.0	
3.8374584900533417	11.638330551135605	0.0	0.0	
4.1475728293601595	13.200509793428056	0.0	0.0	
4.114519458266752	13.598828384330488	0.0	0.0	
4.21985629454291	15.046387156296058	0.0	0.0	
3.9292381136186214	15.836888941140021	0.0	0.0	
3.5890938003962614	17.145956379923675	0.0	0.0	
3.8971094438409475	18.452643439815606	0.0	0.0	
4.300307984062899	19.091479059278438	0.0	0.0	
3.9289934142323064	19.946337134229644	0.0	0.0	
3.627748722376817	21.396747712232724	0.0	0.0	
3.724828296119136	21.943786316374357	0.0	0.0	
4.420774013916897	23.047039582865764	0.0	0.0	
4.477145460811286	24.22430211431702	0.0	0.0	
4.2591086772610875	24.91850208080434	0.0	0.0	
3.7225264941487812	26.334313205753634	0.0	0.0	
3.834320743921447	27.32858456207167	0.0	0.0	
3.95616033861013	27.92877910673289	0.0	0.0	
4.082081947664227	29.448588875689623	0.0	0.0	
3.901315458428024	29.882628323372767	0.0	0.0	
4.250568574138492	30.94267225039085	0.0	0.0	
4.796469065658337	0.26778578359325844	0.0	0.0	
4.519983092901025	1.3950548093517403	0.0	0.0	
4.6461372354982915	1.5945658941376963	0.0	0.0	
5.194113951435226	3.291280542567946	0.0	0.0	
5.122692143453038	3.85539415776375	0.0	0.0	
4.671157922709003	5.122728331676075	0.0	0.0	
4.961355873911124	6.082673623489528	0.0	0.0	
5.312532350494795	6.806839902596429	0.0	0.0	
5.257595868760485	7.875129536712057	0.0	0.0	
5.026217899412169	8.551654660662123	0.0	0.0	
4.712402090544663	10.051234421911579	0.0	0.0	
4.8731296257776044	10.604907016998885	0.0	0.0	
4.994809166725769	12.407013949446993	0.0	0.0	
5.313883583449876	12.984679924912244	0.0	0.0	
5.402717205406171	13.848814247354134	0.0	0.0	
4.8823346193137445	15.304631756714656	0.0	0.0	
4.76598824674774	16.21333330582082	0.0	0.0	
5.204443477972842	17.36335760918332	0.0	0.0	
5.091282727425551	17.662199111151224	0.0	0.0	
5.010128314824343	19.28823428185535	0.0	0.0	
5.335643537550815	19.713010773509673	0.0	0.0	
4.828876546095545	20.69779922108505	0.0	0.0	
5.0634284690538225	22.45833200864228	0.0	0.0	
4.574087493707049	22.79675602220119	0.0	0.0	
5.403125678266962	23.781601844931973	0.0	0.0	
5.13741320764008	25.290767008801037	0.0	0.0	
4.954551323026013	25.7469644373271	0.0	0.0	
5.291712561982339	26.625632107150082	0.0	0.0	
4.924209175400785	28.211454727191235	0.0	0.0	
5.365127038521938	29.361891770849482	0.0	0.0	
4.513594140692064	29.739915120958376	0.0	0.0	
5.331181720706993	30.655642484467034	0.0	0.0	
6.357757950505851	0.42256868873739284	0.0	0.0	
5.941655315595332	0.5224079953299201	0.0	0.0	
5.600960316718194	1.8486650740210289	0.0	0.0	
6.207549718368009	3.2471028006892286	0.0	0.0	
5.726255236057447	4.039014971968774	0.0	0.0	
5.678962867665656	4.921950958591651	0.0	0.0	
5.815147378611574	5.601791314344252	0.0	0.0	
6.493914991022517	7.462303871099543	0.0	0.0	
5.709018408519398	8.22627497715258	0.0	0.0	
5.736868614474311	8.821025416908368	0.0	0.0	
6.02143480196284	9.880963631334575	0.0	0.0	
6.021504749788655	11.234137496659793	0.0	0.0	
6.2046354404868485	11.805402959800231	0.0	0.0	
5.593820289592383	12.710998813518126	0.0	0.0	
6.484500266906118	14.356649473882339	0.0	0.0	
6.083733646783812	14.909504298049914	0.0	0.0	
6.189530369781734	15.981332822135045	0.0	0.0	
5.81080886816321	17.0150565341733	0.0	0.0	
5.6919547032050355	18.092915338752366	0.0	0.0	
5.823769469358765	19.011739084979972	0.0	0.0	
6.132855735316116	19.93850291689846	0.0	0.0	
5.825478368536153	20.89989306036744	0.0	0.0	
5.5675144523818485	21.804168635545377	0.0	0.0	
5.765360019615132	22.561238218932857	0.0	0.0	
5.768955842355442	24.30316262403088	0.0	0.0	
6.099669382770181	24.618244401330944	0.0	0.0	
5.516676298905458	25.628758792804877	0.0	0.0	
6.427298734429905	27.451973720518005	0.0	0.0	
5.707008346825778	28.213614859437172	0.0	0.0	
6.13534184978942	29.154224209439985	0.0	0.0	
5.867747892793008	29.582636479061712	0.0	0.0	
6.421478352839489	30.76099400316987	0.0	0.0	
6.65578579430217	0.12546913285187378	0.0	0.0	
6.637442780198175	1.287980207018053	0.0	0.0	
6.9086871357897985	2.0727584848688423	0.0	0.0	
7.000215282253727	3.265583309592012	0.0	0.0	
6.721159736773172	4.403387398338005	0.0	0.0	
6.535681729111414	5.2645017830385825	0.0	0.0	
6.754555801319409	6.274115449838727	0.0	0.0	
7.000295789046815	7.049354536211383	0.0	0.0	
6.588555809456892	7.774710425783173	0.0	0.0	
6.564655507660572	8.726725177948817	0.0	0.0	
7.266989815036934	9.7731469393463	0.0	0.0	
6.536365628620422	11.217219787343998	0.0	0.0	
6.744384891866153	11.690905669881118	0.0	0.0	
7.376769547355134	12.77939071493614	0.0	0.0	
7.112009409154409	14.0807620091491	0.0	0.0	
6.674388373192959	14.870268066209183	0.0	0.0	
7.344500493741386	15.973719044818179	0.0	0.0	
7.374709422304591	17.33737378087534	0.0	0.0	
6.903982646682061	17.962247730191926	0.0	0.0	
7.276897509557536	18.769849209710465	0.0	0.0	
6.886946557109718	19.502218306434248	0.0	0.0	
7.212323597342971	21.13424834980104	0.0	0.0	
7.464920138319702	22.061682267374398	0.0	0.0	
6.917138372444632	22.88743297051462	0.0	0.0	
6.788768057332958	24.3528398318002	0.0	0.0	
7.303848896933922	24.513175687496478	0.0	0.0	
7.347984153232461	25.732631336919574	0.0	0.0	
6.542884453979427	26.688635480424658	0.0	0.0	
7.428247309995941	28.449448244749135	0.0	0.0	
6.881861041746243	29.09953146553379	0.0	0.0	
6.9467978593569075	30.032773570168498	0.0	0.0	
7.105658046596135	31.281955744059655	0.0	0.0	
7.653250388376369	0.17852128882195595	0.0	0.0	
7.605952098506002	1.2284217687706591	0.0	0.0	
8.435209391506339	1.9848913408895361	0.0	0.0	
8.141505166645336	3.37882355575439	0.0	0.0	
7.7379484706216335	4.352422945346521	0.0	0.0	
7.586744873117638	5.196783595537191	0.0	0.0	
7.744378729174281	5.6337305755912155	0.0	0.0	
7.836821060041738	6.939021770867121	0.0	0.0	
7.706166090718191	8.392928392566787	0.0	0.0	
7.72397904395622	9.092443721281608	0.0	0.0	
7.646663029827198	10.178268713372848	0.0	0.0	
7.511137519002924	10.905463797855273	0.0	0.0	
7.611586560631393	11.53573497381343	0.0	0.0	
8.391246357557856	12.992337163938805	0.0	0.0	
7.6198144670564645	14.177386903956624	0.0	0.0	
7.71908449245756	14.642848584162587	0.0	0.0	
7.549770595226638	15.813083518397049	0.0	0.0	
7.929781335600467	17.32865247491318	0.0	0.0	
7.604681624845041	17.656929089592847	0.0	0.0	
7.840639846340602	19.0064049137146	0.0	0.0	
8.249371955733311	19.555973099100516	0.0	0.0	
8.101391348016612	20.774654252231297	0.0	0.0	
8.455084218062439	22.174100272576876	0.0	0.0	
8.196097052113414	23.287485238480382	0.0	0.0	
8.268690553533553	23.622895948938677	0.0	0.0	
8.161287781558554	25.035562405448154	0.0	0.0	
8.060089374162079	25.910781406891118	0.0	0.0	
7.654903697838099	26.687972458912974	0.0	0.0	
7.675073268953487	27.6640587891627	0.0	0.0	
8.368527799432977	29.23144349317458	0.0	0.0	
8.487168652631883	29.881894639426005	0.0	0.0	
8.44321815459036	30.532023935346285	0.0	0.0	
8.863283696310457	0.09695318789665452	0.0	0.0	
8.937499323487135	1.3621223590969116	0.0	0.0	
9.473479349822467	1.8324839625855214	0.0	0.0	
8.989642595235923	3.3651459272764916	0.0	0.0	
9.10910040797425	3.9303417850911844	0.0	0.0	
8.520416476398422	4.6998933131446625	0.0	0.0	
9.483772523269156	6.254724935754409	0.0	0.0	
9.47688770869776	6.502969456334157	0.0	0.0	
9.020900754209306	7.953287509926489	0.0	0.0	
9.355051697157267	8.98703229904534	0.0	0.0	
8.540817046868924	10.43862659337991	0.0	0.0	
9.440534530952	10.779280449351539	0.0	0.0	
8.66294029251841	11.572281546151284	0.0	0.0	
9.063998875689666	12.984781640925231	0.0	0.0	
8.757947989891353	13.727439461724714	0.0	0.0	
9.00769629076855	14.696593424197548	0.0	0.0	
9.292151730616801	15.585856587307514	0.0	0.0	
8.698312581724021	17.235392620211858	0.0	0.0	
9.463224981440064	18.339019430966847	0.0	0.0	
8.694088554901573	18.75291078843604	0.0	0.0	
8.973358860562694	20.045204836155907	0.0	0.0	
9.370091583805214	21.17197984034891	0.0	0.0	
8.57537513639344	21.505100031556562	0.0	0.0	
9.115526672080298	23.024821708899623	0.0	0.0	
9.434462818637066	23.920932117610437	0.0	0.0	
9.357759078164586	24.855914233980524	0.0	0.0	
8.506942223427343	26.459312292191584	0.0	0.0	
8.707029759770968	27.263759177964584	0.0	0.0	
8.883230432226094	27.69347202240847	0.0	0.0	
9.429951424895133	28.987456541260563	0.0	0.0	
8.758040213440015	29.877474350534566	0.0	0.0	
8.59468909273681	30.61809250902787	0.0	0.0	
9.79621346151738	0.19121962959644578	0.0	0.0	
10.351923216095694	0.9945704337853559	0.0	0.0	
10.249124267011709	2.454171638149483	0.0	0.0	
9.566822193049273	2.946203039462569	0.0	0.0	
10.315444887480218	3.586683127851309	0.0	0.0	
10.02872446547243	4.80176757443806	0.0	0.0	
9.635565962242906	5.869802945156376	0.0	0.0	
9.813818100003706	7.1804940576914325	0.0	0.0	
9.962450420453964	7.8228386782314745	0.0	0.0	
10.228218001058409	9.200560281106743	0.0	0.0	
10.484793523109238	9.61303798693721	0.0	0.0	
9.882527664570034	10.965277398371846	0.0	0.0	
9.97841645979371	11.768480321835064	0.0	0.0	
9.694038401578815	13.031120698081008	0.0	0.0	
10.432580739639642	14.217714843462382	0.0	0.0	
10.462811299023791	14.985804333575222	0.0	0.0	
9.978535692844678	15.733484001784614	0.0	0.0	
9.78406163869605	16.89328408318285	0.0	0.0	
9.930199141161202	17.587751013309777	0.0	0.0	
9.514103426111241	18.86998151055675	0.0	0.0	
10.31354384528486	20.366171464741935	0.0	0.0	
9.974235120489977	20.71528976399262	0.0	0.0	
9.72699818148014	22.121168588255376	0.0	0.0	
10.27699184749218	23.331984133559637	0.0	0.0	
10.151856480131604	23.58241773024516	0.0	0.0	
10.313178742610475	24.860507823501873	0.0	0.0	
9.85656981922906	26.102510159219733	0.0	0.0	
9.596812834393665	26.999346554606085	0.0	0.0	
9.744417642314163	28.125579550317184	0.0	0.0	
9.932872803676872	29.34245682649601	0.0	0.0	
9.764145978283585	30.274009258179845	0.0	0.0	
10.33728798790121	30.5622781735553	0.0	0.0	
10.670549468311746	0.4275196192775159	0.0	0.0	
10.576202178838056	0.9786293703467174	0.0	0.0	
11.249174782031961	2.183754774694672	0.0	0.0	
11.008049326805132	2.768675195567843	0.0	0.0	
11.234275707839481	4.076471591713612	0.0	0.0	
10.9045607278936	4.902527421704714	0.0	0.0	
11.383357845682138	6.020242606973466	0.0	0.0	
11.463842102025437	7.207540986084782	0.0	0.0	
10.563374238666771	8.118064970453421	0.0	0.0	
11.250875989561933	8.638464362570204	0.0	0.0	
10.54753324307244	10.028377693964666	0.0	0.0	
11.058985627335495	11.40916893907082	0.0	0.0	
10.711841054240898	12.249592286657665	0.0	0.0	
11.04552651886777	12.605249811784146	0.0	0.0	
11.056252248425137	14.351168038089847	0.0	0.0	
11.284753127793136	15.126273103549352	0.0	0.0	
11.391215519231807	15.846336153058893	0.0	0.0	
11.403262921247936	17.229079069035915	0.0	0.0	
11.104555206355421	17.559787138674523	0.0	0.0	
11.247717877661595	19.493322266032997	0.0	0.0	
11.252699040784004	19.88179460035718	0.0	0.0	
10.819428837192643	20.69535156320331	0.0	0.0	
11.102205848901468	22.19916412223773	0.0	0.0	
10.93980639888018	22.858451681987788	0.0	0.0	
11.43198492233583	23.501000746867252	0.0	0.0	
10.942410550344198	24.658023889794883	0.0	0.0	
10.950124966504237	25.99217119510572	0.0	0.0	
10.79013180129802	27.178697143260443	0.0	0.0	
10.954860159863648	27.517218683708034	0.0	0.0	
11.284329818807091	28.966694889865984	0.0	0.0	
10.701989061542971	29.752176584204214	0.0	0.0	
10.791108155764855	30.801042864129677	0.0	0.0	
11.972430348965394	0.026060045817201116	0.0	0.0	
12.42522840724055	0.9668390573627468	0.0	0.0	
12.310513660600064	1.6815164517721763	0.0	0.0	
11.539824019260541	3.4556005177035405	0.0	0.0	
11.976831067937079	3.785736255701344	0.0	0.0	
11.829135012375547	5.130318861109451	0.0	0.0	
11.58495487372078	5.825689419000577	0.0	0.0	
12.347682958538954	7.275531443622815	0.0	0.0	
12.460592636405018	8.016990213053843	0.0	0.0	
11.654141497715052	8.607585997263946	0.0	0.0	
12.298544963083266	10.474448010123272	0.0	0.0	
11.974684574193468	10.826876623922953	0.0	0.0	
11.709235046926564	11.779642055868942	0.0	0.0	
12.466426383253383	12.553526097834792	0.0	0.0	
12.309925615815278	13.63567480490403	0.0	0.0	
11.639878296940434	14.947047902674825	0.0	0.0	
11.502249045891732	15.796163885809069	0.0	0.0	
12.229739811122522	17.496282856415974	0.0	0.0	
12.248249674623336	18.245377406609805	0.0	0.0	
12.094256772182067	18.72700277847069	0.0	0.0	
12.401965162430077	19.693561099356184	0.0	0.0	
11.961817203888598	20.888290682402847	0.0	0.0	
12.21965022290323	21.638430995356583	0.0	0.0	
12.386806892922468	23.038888141243802	0.0	0.0	
12.396940495290885	24.072269823916194	0.0	0.0	
12.17217701633417	24.951310895473345	0.0	0.0	
12.497182124426132	25.893331775437375	0.0	0.0	
11.883492893751542	27.037019052806425	0.0	0.0	
12.341125483054354	27.54028959583752	0.0	0.0	
11.565848997042599	28.88608164393721	0.0	0.0	
11.869982105152001	30.346839994132637	0.0	0.0	
11.545892948411392	31.029658275166668	0.0	0.0	
13.116618745805546	0.3277879218126115	0.0	0.0	
12.95721504125103	0.5825480967860299	0.0	0.0	
12.861946534675862	2.0552137233468106	0.0	0.0	
13.36847836704711	2.8771182012916365	0.0	0.0	
13.337645657315337	4.343918145811404	0.0	0.0	
13.322573765537845	4.566255058463369	0.0	0.0	
13.17369740252109	5.765121225092881	0.0	0.0	
12.95406705822247	6.576762020614174	0.0	0.0	
13.320615894231663	7.620074802209223	0.0	0.0	
12.723802794639367	9.314590003772864	0.0	0.0	
12.578559703143592	9.782937449479453	0.0	0.0	
12.515612361821836	10.662224753127903	0.0	0.0	
12.508433370709184	11.87386383103313	0.0	0.0	
13.475136277692384	13.028743037869027	0.0	0.0	
13.05723941499813	14.048273759276796	0.0	0.0	
13.251769186571625	14.739178668916056	0.0	0.0	
12.865372987045728	16.431470124398516	0.0	0.0	
13.391384776805651	16.856808708960617	0.0	0.0	
12.55403463925726	18.42354718208523	0.0	0.0	
13.372626647955263	19.046008462836852	0.0	0.0	
12.984462961227456	19.61630394682198	0.0	0.0	
13.157065058275636	21.446822772654112	0.0	0.0	
13.064448824926787	22.325844426879804	0.0	0.0	
12.80583564631613	23.0609244635289	0.0	0.0	
12.850693319923986	23.9581643480589	0.0	0.0	
13.09474274156601	24.53416052304186	0.0	0.0	
12.945960417961725	25.88235856047191	0.0	0.0	
12.93846349350776	26.670832107612128	0.0	0.0	
13.205887700016573	27.61341322895488	0.0	0.0	
12.943922029230881	29.00415549514442	0.0	0.0	
12.727896103857384	29.97122474324681	0.0	0.0	
12.526042966384603	30.849956708459157	0.0	0.0	
14.000541307230565	0.48432904801670806	0.0	0.0	
13.907722533796136	1.2921470170135383	0.0	0.0	
14.350497775483893	1.821287583451157	0.0	0.0	
14.115955048712824	3.490814241261032	0.0	0.0	
13.535955635506955	3.6997338401538884	0.0	0.0	
14.021844600039444	4.834092250917266	0.0	0.0	
13.712424996277747	5.741570421334337	0.0	0.0	
13.683656750401546	6.542681387962514	0.0	0.0	
14.259612464826398	7.689478745466166	0.0	0.0	
13.602414365272319	8.863960303629806	0.0	0.0	
13.558914959882607	9.969203302723434	0.0	0.0	
14.185635536593047	10.934842595649581	0.0	0.0	
13.935599026618794	12.144261457989595	0.0	0.0	
14.499028945521133	13.322712219146345	0.0	0.0	
13.53630300997866	14.343567646776549	0.0	0.0	
14.270536715455172	14.583034826928776	0.0	0.0	
14.246598031129743	16.308189061142162	0.0	0.0	
14.445215909860448	16.539908382264468	0.0	0.0	
14.134392148383526	18.290317606955938	0.0	0.0	
13.991392531549206	19.42804846776077	0.0	0.0	
13.605307501877933	19.858344445184073	0.0	0.0	
13.518815543127445	21.264577281146973	0.0	0.0	
13.642222338818828	21.86688360410566	0.0	0.0	
13.846267662628122	22.86707810505918	0.0	0.0	
13.660803679048882	23.760681571498125	0.0	0.0	
14.126884412321143	24.989071155505403	0.0	0.0	
14.252050211494966	25.89993375729088	0.0	0.0	
13.777664005181018	26.613003800613523	0.0	0.0	
13.688529649096216	28.01004344161033	0.0	0.0	
14.02463317472662	29.372895973523953	0.0	0.0	
13.852160512247512	29.965329017065415	0.0	0.0	
13.690440275737709	31.407950581870356	0.0	0.0	
15.078669959303522	0.2126897198956602	0.0	0.0	
14.50329318416384	1.050045166607022	0.0	0.0	
14.9190306836029	2.240401709219376	0.0	0.0	
15.198039861148922	2.7396413424660095	0.0	0.0	
14.522009917942862	3.8483571884666654	0.0	0.0	
15.272489862555393	4.768184913390789	0.0	0.0	
14.712222590468846	5.769976069444985	0.0	0.0	
15.238151114620841	7.40990458466046	0.0	0.0	
15.389178773298134	8.476413823333557	0.0	0.0	
15.42542440374297	8.634284019383282	0.0	0.0	
14.820798996014856	10.202283439639052	0.0	0.0	
14.751700171544382	11.126764361190007	0.0	0.0	
15.210280546316959	11.603162600506767	0.0	0.0	
14.53437136375843	12.53242892269448	0.0	0.0	
15.21464200319057	13.719404623904836	0.0	0.0	
14.582287581787792	15.387297492579567	0.0	0.0	
14.762259812085054	15.937715552942887	0.0	0.0	
15.138674196017021	17.011987018549373	0.0	0.0	
14.692770405468877	18.23384032662142	0.0	0.0	
15.161647341025631	18.834939711386646	0.0	0.0	
14.53467039321205	20.007864105650857	0.0	0.0	
14.696485929250258	20.683883428385016	0.0	0.0	
15.485626036694146	21.5294981567769	0.0	0.0	
14.929026044911277	22.98846509612475	0.0	0.0	
14.801544455942315	23.81647717332675	0.0	0.0	
14.676538524876856	25.42951607452424	0.0	0.0	
15.457472407131583	25.565036555419084	0.0	0.0	
15.453786863608558	26.53000187908118	0.0	0.0	
15.475540423860528	27.76624061393382	0.0	0.0	
14.96370811240926	29.410264523705617	0.0	0.0	
15.439336249827571	30.22912842210338	0.0	0.0	
15.460401897922065	31.187859497456945	0.0	0.0	
16.43398915735852	0.42098067483525725	0.0	0.0	
15.799526928579278	1.1833260835594075	0.0	0.0	
16.362815637662425	1.7604676876129817	0.0	0.0	
15.84195893370397	3.422159579592621	0.0	0.0	
16.318537415417847	4.4811602983093	0.0	0.0	
15.637989418844851	4.682721102504489	0.0	0.0	
15.948352717098153	5.940304097646535	0.0	0.0	
15.990787586607775	6.988308235773801	0.0	0.0	
16.319907307200047	8.490188717070716	0.0	0.0	
15.635296175922313	9.246971201858928	0.0	0.0	
16.375172559277253	10.347628671916082	0.0	0.0	
16.416793685500743	10.728798285028947	0.0	0.0	
15.996499791050711	11.94799622178988	0.0	0.0	
16.030705667129773	12.598196557861954	0.0	0.0	
16.19238968883332	13.85208991388741	0.0	0.0	
16.24438224812654	15.146084583583349	0.0	0.0	
15.641970963959283	16.002047110085492	0.0	0.0	
16.450602340416925	16.586131537769248	0.0	0.0	
16.2436587054145	18.389602611509545	0.0	0.0	
16.317765657323235	18.599965959984473	0.0	0.0	
16.13544431686301	19.92154769475236	0.0	0.0	
15.948998138049873	21.084522798724905	0.0	0.0	
15.724648929781207	21.82483390509509	0.0	0.0	
16.066370000564664	22.950129202948307	0.0	0.0	
15.666287755316658	23.603907932703176	0.0	0.0	
15.715968423831452	24.668898522912517	0.0	0.0	
15.557426338889192	26.145985839201025	0.0	0.0	
15.870954398801526	27.295389483436807	0.0	0.0	
15.513298401850658	28.381791109374465	0.0	0.0	
15.898330980883165	28.50168402279276	0.0	0.0	
16.17563900584261	29.950068298924663	0.0	0.0	
15.513939659409914	30.57951663312554	0.0	0.0	
16.9208691259143	0.35709977646579727	0.0	0.0	
16.767420363119793	1.062881132727533	0.0	0.0	
17.05310296589144	1.6951199272122004	0.0	0.0	
16.612796680706886	2.820742967233578	0.0	0.0	
16.524127633799992	4.15244005418174	0.0	0.0	
17.032782868776497	5.4442031394789945	0.0	0.0	
16.79269247746802	5.609493138928785	0.0	0.0	
17.37797310621321	6.67052889569222	0.0	0.0	
16.860906380118276	7.645462768771473	0.0	0.0	
16.98365068526056	8.710156316565724	0.0	0.0	
17.328980809432984	9.53374609089426	0.0	0.0	
17.00737574081693	10.690854067691792	0.0	0.0	
17.097422226876642	12.198439170605663	0.0	0.0	
17.39970102352561	13.299142615985378	0.0	0.0	
16.963794217508088	14.345891505881205	0.0	0.0	
16.83762904658152	15.126509256378124	0.0	0.0	
17.135100166051576	15.68209186134055	0.0	0.0	
16.705254644263142	16.517201088261828	0.0	0.0	
17.26114453879732	17.995716937693608	0.0	0.0	
16.556015730544953	18.70409007767012	0.0	0.0	
16.848991345216515	20.403988332972226	0.0	0.0	
16.660333502471286	21.315191264964124	0.0	0.0	
16.888872603873452	21.573607733755413	0.0	0.0	
16.88541193850427	23.3368956756095	0.0	0.0	
17.22660900477842	23.88808203450143	0.0	0.0	
16.720208530792117	25.3744022741077	0.0	0.0	
16.599359115337773	26.348806096591957	0.0	0.0	
16.73912800229164	27.25424500461406	0.0	0.0	
16.84518722644423	28.205973287619678	0.0	0.0	
17.306719034062507	29.33511328478708	0.0	0.0	
17.04399544107792	29.901699672813443	0.0	0.0	
16.735147134305763	30.596461055053616	0.0	0.0	
18.18450108710524	0.2389680269504787	0.0	0.0	
18.261290371734308	0.6982932665476688	0.0	0.0	
18.215026540326008	2.102578179444475	0.0	0.0	
18.064762550522367	3.082132678293619	0.0	0.0	
18.179656618721378	3.824811581247984	0.0	0.0	
18.32066239393355	4.772986058745152	0.0	0.0	
17.909763252152192	5.625208440782263	0.0	0.0	
18.379892846967643	6.8282356964955	0.0	0.0	
17.81030030332175	8.000580406706124	0.0	0.0	
17.665331649964585	8.604158528344607	0.0	0.0	
17.586486594294527	9.959343935399307	0.0	0.0	
17.955661598506165	11.049978912698212	0.0	0.0	
17.623344516540552	12.23644966229562	0.0	0.0	
17.81340711025044	13.17491200464921	0.0	0.0	
18.346520565044578	13.697234497069712	0.0	0.0	
18.07437433972877	15.279235590757102	0.0	0.0	
18.02078829173376	15.585292113060213	0.0	0.0	
18.39057979572433	17.35046207283153	0.0	0.0	
17.738148597702704	17.84708296182595	0.0	0.0	
17.896603591876136	19.12249153207698	0.0	0.0	
18.107708080828978	19.988391611530155	0.0	0.0	
18.487048792437662	21.242763531409057	0.0	0.0	
17.98031618264982	22.335884833951145	0.0	0.0	
18.068071181433993	23.233949214038425	0.0	0.0	
17.56950684462856	24.350721070148232	0.0	0.0	
17.907301684831015	24.647326379814764	0.0	0.0	
18.244544976923795	25.93002515564363	0.0	0.0	
18.19447891091154	27.194157170352366	0.0	0.0	
17.919454572131805	27.584060029874966	0.0	0.0	
17.693504871356144	29.32672598616155	0.0	0.0	
17.548572389749324	29.61208059966157	0.0	0.0	
17.584746864191857	30.987008078934274	0.0	0.0	
18.61904229027489	0.07267428780933327	0.0	0.0	
18.634544839095234	1.4222402172018076	0.0	0.0	
19.01589055329112	1.7572543197714738	0.0	0.0	
18.54515875789569	2.782186821316193	0.0	0.0	
19.21793636779531	3.5930650805637554	0.0	0.0	
18.84036992229312	5.1813459880035415	0.0	0.0	
19.317690259934675	6.448483162920846	0.0	0.0	
18.582772013364075	7.1766804614011575	0.0	0.0	
19.18159078927919	7.917603348253837	0.0	0.0	
18.96639890495888	8.968654501877216	0.0	0.0	
18.944534648983694	10.344394161735313	0.0	0.0	
18.65962317419738	10.797146674838704	0.0	0.0	
18.714516334875068	11.662480819391039	0.0	0.0	
18.620320991495895	12.755948569923543	0.0	0.0	
18.913502154572132	14.417113303583694	0.0	0.0	
18.6173096841822	15.159998488532908	0.0	0.0	
18.645650798239423	15.948728289460389	0.0	0.0	
18.69126889109545	16.788840353873493	0.0	0.0	
18.96784284624289	17.9469626137978	0.0	0.0	
19.39436440124583	19.342436043770427	0.0	0.0	
19.475690920529402	19.681755328024327	0.0	0.0	
19.05242208967806	21.22292793031829	0.0	0.0	
18.52064833693375	21.508601585888574	0.0	0.0	
18.937828390423633	22.786442471601067	0.0	0.0	
19.116154336056493	24.04901138452055	0.0	0.0	
19.266200985898035	24.841262785091825	0.0	0.0	
19.31480364544731	25.75505919925208	0.0	0.0	
18.749540643392	27.16240195827529	0.0	0.0	
18.68586173197059	28.31943733876526	0.0	0.0	
18.600042507642982	28.889069658904766	0.0	0.0	
18.916480418637217	30.224723917740558	0.0	0.0	
18.73182790639267	31.194721202927852	0.0	0.0	
20.024797077591433	0.46969646448597324	0.0	0.0	
19.668026339947758	0.8066204681536475	0.0	0.0	
20.12135268170175	1.7785384243679996	0.0	0.0	
20.355214492451413	2.8209370901558577	0.0	0.0	
19.938950931487508	3.634804149816299	0.0	0.0	
19.52844876570331	4.556678490303689	0.0	0.0	
19.870030757143205	6.152070330086772	0.0	0.0	
20.10314101599696	7.049776553339949	0.0	0.0	
19.62112734672917	7.8792446391582445	0.0	0.0	
19.54672435526853	9.122719502762788	0.0	0.0	
20.10923278697447	9.678161247413346	0.0	0.0	
19.667426437698484	11.269605003589488	0.0	0.0	
19.696287873006156	12.116843534191286	0.0	0.0	
19.544960959324754	13.290219763605627	0.0	0.0	
19.843674743088645	13.982429362723426	0.0	0.0	
19.679194690077203	14.592690966149108	0.0	0.0	
19.507213544092128	16.26443382309908	0.0	0.0	
19.970408299370135	17.03938557265458	0.0	0.0	
20.09475531648615	18.197189057907135	0.0	0.0	
20.236682880941736	18.96040016947792	0.0	0.0	
20.02948319834085	20.26275556557584	0.0	0.0	
19.691825808735814	20.913394580542782	0.0	0.0	
20.263733322903555	22.437168214665448	0.0	0.0	
20.4166924475372	23.428582969112952	0.0	0.0	
19.706427692324837	24.3428457245024	0.0	0.0	
19.5914236191017	24.577743441210828	0.0	0.0	
20.23236091621704	25.927691067831642	0.0	0.0	
20.27109660023987	26.58751916753564	0.0	0.0	
19.848681366569114	28.26592550333823	0.0	0.0	
20.00410316057479	28.700472685785655	0.0	0.0	
19.617488313036628	29.63235318756515	0.0	0.0	
20.449086616310428	31.370151741932435	0.0	0.0	
20.717615100432255	0.4228470674240905	0.0	0.0	
21.136038536927188	0.7340673596541665	0.0	0.0	
21.48819449929219	2.068866935502822	0.0	0.0	
20.807824249914514	3.103977709754404	0.0	0.0	
21.46293215441363	3.7319254000163458	0.0	0.0	
21.26449184400129	5.005534508669182	0.0	0.0	
20.57588119370898	5.99513831976101	0.0	0.0	
20.7804059991997	6.8121884919325	0.0	0.0	
20.958857379537356	7.555783209249229	0.0	0.0	
21.354483377608574	9.100807616903417	0.0	0.0	
21.077131631683617	10.47510373023185	0.0	0.0	
21.206013704893543	11.441829891917886	0.0	0.0	
20.676096372657515	11.903852797435942	0.0	0.0	
21.3781204312846	12.938021426622957	0.0	0.0	
20.523021740135842	14.323748073721402	0.0	0.0	
21.36162078004711	15.187537695808105	0.0	0.0	
21.113472397252142	16.034219557119464	0.0	0.0	
20.834254382893906	17.00681893827853	0.0	0.0	
21.344515415922245	18.44699364146509	0.0	0.0	
21.03830668098799	19.430886029055543	0.0	0.0	
21.022787025146084	19.86439671145682	0.0	0.0	
21.285201468404836	21.41946463889115	0.0	0.0	
20.91149832923264	22.027625409631405	0.0	0.0	
20.669424735797097	22.950693379686527	0.0	0.0	
21.44978993777933	23.674410219057325	0.0	0.0	
21.087731438700363	24.66128494404704	0.0	0.0	
20.99628920676696	25.590992209884117	0.0	0.0	
20.884920578533045	27.45731233216092	0.0	0.0	
20.958267277813242	27.53415543993594	0.0	0.0	
21.27595658633517	28.58659274945756	0.0	0.0	
20.58201226177852	29.658723709333707	0.0	0.0	
20.614778933408154	31.33723928931109	0.0	0.0	
21.785372052768256	0.4087311454118524	0.0	0.0	
22.42042669245194	0.7558225573935671	0.0	0.0	
22.30305190735351	2.26856847531418	0.0	0.0	
21.946400312411825	2.937101091722989	0.0	0.0	
21.903846834272137	3.8899712318389312	0.0	0.0	
21.98518837860492	4.817939509161078	0.0	0.0	
22.138678700859536	5.771134415125004	0.0	0.0	
22.368971142070464	7.102869864579315	0.0	0.0	
21.732008436504003	8.074646714979092	0.0	0.0	
21.707037873698706	9.297585084979893	0.0	0.0	
21.69735694172277	10.314877207642967	0.0	0.0	
22.155871311367235	10.524205301171964	0.0	0.0	
22.17447005484581	12.044435808794207	0.0	0.0	
22.37106100339383	12.737097788682203	0.0	0.0	
21.84115090491253	13.637659449931805	0.0	0.0	
22.163478287285567	15.01124497792916	0.0	0.0	
22.394114383291285	16.055979392216702	0.0	0.0	
21.6005414698002	17.174467221047895	0.0	0.0	
21.711123524995408	17.929618378391012	0.0	0.0	
22.466994485935018	18.66506033740107	0.0	0.0	
22.420613220032234	19.524868821064523	0.0	0.0	
22.284332339698718	21.327799012960845	0.0	0.0	
22.222821935898647	21.721512289255017	0.0	0.0	
22.020011984521414	23.334808566232976	0.0	0.0	
21.559909857320612	24.14712723189123	0.0	0.0	
22.094998698142685	24.848392245623298	0.0	0.0	
21.759759888199216	26.07729925921896	0.0	0.0	
22.036613258188613	26.881068417041586	0.0	0.0	
22.368755011673834	28.371504713748774	0.0	0.0	
21.50894323416835	28.557644742701555	0.0	0.0	
21.647577481056146	29.82821244993698	0.0	0.0	
21.97405601732327	30.763681486153207	0.0	0.0	
22.557625046595156	0.2278362167574901	0.0	0.0	
23.025102444260217	1.3857488714488202	0.0	0.0	
23.315713093425046	1.8759486678720085	0.0	0.0	
22.742906058177145	2.792383918823213	0.0	0.0	
23.27161756204425	3.7607850177491695	0.0	0.0	
23.055507909866407	5.340640041644843	0.0	0.0	
22.588240843923842	6.0087490095901135	0.0	0.0	
23.208383630490097	6.819830815190338	0.0	0.0	
22.582062121493014	8.239618224700868	0.0	0.0	
22.77002290511048	9.362626515202841	0.0	0.0	
22.823803277533262	10.127454796656131	0.0	0.0	
22.527156392757306	10.548278230570036	0.0	0.0	
23.185050073352155	12.160606726973164	0.0	0.0	
23.374546771309436	13.0767729300925	0.0	0.0	
23.30663698137464	13.659644161205128	0.0	0.0	
23.426010322075182	14.969050304466432	0.0	0.0	
22.902495346199537	15.7725108940528	0.0	0.0	
22.819720343656932	16.952825899349218	0.0	0.0	
22.63411315359851	17.845689222278303	0.0	0.0	
22.742318849894623	18.956909841623542	0.0	0.0	
22.756866002389923	19.895170103798527	0.0	0.0	
22.802714325753563	20.88973283026202	0.0	0.0	
22.53116683835076	21.85931918883542	0.0	0.0	
22.564338991528054	22.990658091841734	0.0	0.0	
22.731288105020877	23.571880001536524	0.0	0.0	
23.300585225458413	25.215172041224207	0.0	0.0	
23.107070424091322	26.22798340565115	0.0	0.0	
23.215489872442664	27.295251985064848	0.0	0.0	
22.7507330472334	27.999360693355335	0.0	0.0	
23.32730141690034	28.694021513165563	0.0	0.0	
23.030948984322837	29.940574847125696	0.0	0.0	
23.044464317613485	31.08480123348811	0.0	0.0	
24.084055173217546	0.46195041767984724	0.0	0.0	
24.213253116097476	0.5483474674752672	0.0	0.0	
23.748438082901373	2.3950523578464105	0.0	0.0	
23.546908048584434	2.8999025052667493	0.0	0.0	
23.666461966869747	4.1356350462540545	0.0	0.0	
24.451514578706085	5.240977034131011	0.0	0.0	
23.60972275983362	6.477134059298327	0.0	0.0	
24.313659472716985	6.796503226813261	0.0	0.0	
24.153294466741542	8.409071417203583	0.0	0.0	
23.90395644869415	9.449407815973279	0.0	0.0	
23.576187722847934	9.901821057982971	0.0	0.0	
24.366835184772953	11.274583747131583	0.0	0.0	
23.771579462450504	11.811812506347056	0.0	0.0	
23.52845315057311	13.184439461029221	0.0	0.0	
24.320177142201064	13.655444464576805	0.0	0.0	
23.821107680543943	15.165577848544713	0.0	0.0	
23.728403521720825	15.873920430849225	0.0	0.0	
23.65489690311687	17.10599847429827	0.0	0.0	
24.312090103152272	18.30829410688626	0.0	0.0	
23.916999505067714	18.954577332151775	0.0	0.0	
24.361675410353968	20.02286439975543	0.0	0.0	
24.271003783283994	20.733338666040318	0.0	0.0	
24.487986772504602	21.877169898744505	0.0	0.0	
23.736416223231135	23.02063357336857	0.0	0.0	
24.394186067753296	24.158029886209498	0.0	0.0	
24.110897160352597	24.879907468534434	0.0	0.0	
24.122810885735014	25.732463755418074	0.0	0.0	
24.397087618225328	26.988488607771888	0.0	0.0	
24.149709147364984	27.784776230373215	0.0	0.0	
23.69320707736457	28.839682901931162	0.0	0.0	
23.57143739513958	30.176300507643496	0.0	0.0	
24.131250496837662	30.50761798980524	0.0	0.0	
25.434672185196405	0.4189510344925632	0.0	0.0	
24.75226238168268	1.2157736404450201	0.0	0.0	
25.199373288105978	1.9519264202018556	0.0	0.0	
24.884341921682452	2.914713910139032	0.0	0.0	
24.57005650666159	4.37583928202942	0.0	0.0	
24.706000678664637	5.328128679498046	0.0	0.0	
24.94005045479529	5.739012688820871	0.0	0.0	
25.08643160899146	7.156990502125392	0.0	0.0	
25.14518352204086	7.8381412285586025	0.0	0.0	
25.023047286719375	9.21934493802309	0.0	0.0	
24.63982954244341	9.766834346507427	0.0	0.0	
25.090606116513733	11.326631671131356	0.0	0.0	
25.474561974039677	12.446199466718102	0.0	0.0	
24.593301825301698	13.327798299220907	0.0	0.0	
25.466797821258474	13.819726007213836	0.0	0.0	
25.258572519465574	14.80978054304311	0.0	0.0	
25.432706142902703	16.096560268201348	0.0	0.0	
25.06137806702665	17.261839931022806	0.0	0.0	
25.22432483342679	17.51222582157168	0.0	0.0	
24.946557715917606	19.26757200243359	0.0	0.0	
25.146720212631944	20.001286881958638	0.0	0.0	
25.276377674456025	20.732074848283972	0.0	0.0	
25.146676470577177	22.37126982152194	0.0	0.0	
25.26988956842335	23.171007083013777	0.0	0.0	
25.489076095726485	23.608874279949607	0.0	0.0	
25.48054401494141	25.249608686927143	0.0	0.0	
25.296883693892898	25.5660265331347	0.0	0.0	
24.95769654405866	26.825828584660247	0.0	0.0	
25.21965978584019	28.157850570306813	0.0	0.0	
24.82674743577743	28.891783868459367	0.0	0.0	
25.277833242361492	30.42009474072348	0.0	0.0	
24.816834554338442	30.61201851026692	0.0	0.0	
26.39555824112369	0.27465869850373137	0.0	0.0	
26.072736727207594	0.9651122995600958	0.0	0.0	
26.217319433795012	2.330479486510406	0.0	0.0	
25.928034975632556	3.240938577842026	0.0	0.0	
25.84321003460632	4.288528124422246	0.0	0.0	
26.22863149060149	5.121517492299526	0.0	0.0	
26.00171788435726	5.773477436760893	0.0	0.0	
26.24516827816914	7.451669503211509	0.0	0.0	
25.74538138054446	7.7352679712482555	0.0	0.0	
25.548425278362508	8.866795024612257	0.0	0.0	
26.029073250673914	10.05054598467844	0.0	0.0	
25.772483003899595	10.869568615141283	0.0	0.0	
25.998145126190426	11.627279584000686	0.0	0.0	
25.93189618380303	12.702864657339003	0.0	0.0	
25.558086971725427	13.958712314402092	0.0	0.0	
26.49594941930506	14.63364429025659	0.0	0.0	
25.516633701690015	15.526279452787527	0.0	0.0	
26.470870505810396	16.849651693336092	0.0	0.0	
25.664724065826523	17.780935234898983	0.0	0.0	
25.693011199967053	18.88175750746234	0.0	0.0	
25.717356616541185	19.979852099604532	0.0	0.0	
25.799590034945922	21.160352397940684	0.0	0.0	
26.209333185887406	22.452151771316625	0.0	0.0	
25.68987052189391	23.424680456708195	0.0	0.0	
26.081567898230578	23.522246616788955	0.0	0.0	
25.74071214049024	24.657116636533008	0.0	0.0	
25.894403741789855	25.7066383292917	0.0	0.0	
25.76437203642687	26.86502247235477	0.0	0.0	
26.324008159476648	28.239437146899146	0.0	0.0	
25.850150212018214	29.188496139288876	0.0	0.0	
25.942497938923985	29.68153873766714	0.0	0.0	
26.064362908810697	31.243459362651468	0.0	0.0	
27.050313433066577	0.30711566717758654	0.0	0.0	
26.67149923937008	1.355234011598393	0.0	0.0	
26.79865973280959	2.4501117027278005	0.0	0.0	
26.57219719660678	3.1749215361762664	0.0	0.0	
27.406044457404175	4.4945694156753095	0.0	0.0	
26.7048561452645	5.20504773571789	0.0	0.0	
26.936475753707935	6.035971536116786	0.0	0.0	
27.274202225543767	7.282494898690878	0.0	0.0	
26.832399615313264	8.417942761190666	0.0	0.0	
26.873948161389947	9.095203528416263	0.0	0.0	
26.700178796849073	10.220171117194846	0.0	0.0	
27.364720225446813	10.824174677607461	0.0	0.0	
27.228265903281514	11.917661535414087	0.0	0.0	
27.080607693102134	13.491549070985247	0.0	0.0	
27.309965037830988	14.363281349666876	0.0	0.0	
26.91154496401533	14.74369315194337	0.0	0.0	
26.709385675723293	16.49889568168969	0.0	0.0	
27.32739969431233	17.37551259807869	0.0	0.0	
26.779457188647978	18.44445945710804	0.0	0.0	
26.791629211302745	19.295236096521517	0.0	0.0	
26.630647668736817	20.34972473082815	0.0	0.0	
27.073803842162334	21.404867609546603	0.0	0.0	
27.410099435558006	22.022464922774287	0.0	0.0	
26.754465540769147	22.520978587413996	0.0	0.0	
27.19233892841407	24.182866682791012	0.0	0.0	
27.37508886315862	25.20965822499625	0.0	0.0	
26.62604842213856	25.872381915271358	0.0	0.0	
26.703696748368117	26.877722508907475	0.0	0.0	
27.458830264584915	28.05388301685936	0.0	0.0	
26.621493713342133	28.556689947165534	0.0	0.0	
26.901291374990954	30.36088429777341	0.0	0.0	
26.995103183614933	30.702604989342795	0.0	0.0	
28.354271077958085	0.4493093795008253	0.0	0.0	
27.916557070594827	1.3410488860704644	0.0	0.0	
28.314398263669563	1.937925003577577	0.0	0.0	
28.257143566733415	3.1694580104130625	0.0	0.0	
27.876207089928524	4.170502023194331	0.0	0.0	
27.586977344752867	5.197439475960731	0.0	0.0	
27.524416706720046	5.696441162655277	0.0	0.0	
28.042367856349454	6.852620135727882	0.0	0.0	
28.39271868375838	7.679963529984146	0.0	0.0	
28.33599587913669	9.498083245230148	0.0	0.0	
27.774922644097074	10.458609608117987	0.0	0.0	
27.787916369649192	10.558926453413507	0.0	0.0	
28.461975589986867	12.053437975354933	0.0	0.0	
28.39665779162137	12.916986588356284	0.0	0.0	
27.98747948141018	14.166593710431851	0.0	0.0	
28.1979606962759	14.87379294896592	0.0	0.0	
28.027133292696178	16.111603102097206	0.0	0.0	
28.435511115974393	17.283159595267126	0.0	0.0	
27.525144924665568	18.474474693466107	0.0	0.0	
28.372035884754577	19.33345659812526	0.0	0.0	
27.71478317557324	20.358577209963943	0.0	0.0	
28.400868115326737	20.629458669623276	0.0	0.0	
28.251823834849226	22.35959100569457	0.0	0.0	
27.72568406798378	22.56496219545805	0.0	0.0	
27.532372393974132	24.190701627866172	0.0	0.0	
27.625329167652406	24.84999505507946	0.0	0.0	
28.054397967861618	26.43801161373866	0.0	0.0	
28.02957736371118	26.639894758975867	0.0	0.0	
28.20382192101423	28.361830438576757	0.0	0.0	
28.435399868834118	29.00790244562511	0.0	0.0	
27.63598541165509	29.538082529212666	0.0	0.0	
27.766904302175483	31.47580331652338	0.0	0.0	
29.364101114227854	0.31467335617874026	0.0	0.0	
28.610664068595497	1.3005608866980072	0.0	0.0	
28.603482505157952	2.480701111562671	0.0	0.0	
29.061490451533725	3.076282436929875	0.0	0.0	
28.98736174034675	3.644868403767301	0.0	0.0	
28.691735147689208	4.840653629870016	0.0	0.0	
29.025634483981513	6.479876888437813	0.0	0.0	
28.569576194193836	6.860033364931709	0.0	0.0	
29.291750622240688	8.325696656488441	0.0	0.0	
29.4103790552029	8.940723987214858	0.0	0.0	
29.02431666483402	9.505977661363845	0.0	0.0	
28.63376285088795	11.43651128936664	0.0	0.0	
29.27722274087478	12.340455621551419	0.0	0.0	
28.544085417650464	13.113227929902934	0.0	0.0	
28.996147054298508	13.54843203826369	0.0	0.0	
29.45043269524289	14.610110144125834	0.0	0.0	
29.483616724350632	15.67107214053162	0.0	0.0	
28.641872737199137	16.858708042589036	0.0	0.0	
28.768474795479523	18.364653989378894	0.0	0.0	
28.52742028508867	19.25858736247453	0.0	0.0	
28.73584432830202	20.05759457611623	0.0	0.0	
28.73955972729889	20.953347784810493	0.0	0.0	
28.748545455444674	22.493011581490403	0.0	0.0	
29.07845072938479	22.934180757241936	0.0	0.0	
28.75701023596488	24.178088428479516	0.0	0.0	
29.11902476243694	25.40759835929664	0.0	0.0	
29.297320711146877	26.085268529434995	0.0	0.0	
29.364945997121655	27.14854459460711	0.0	0.0	
28.907463935825596	28.22993482181075	0.0	0.0	
29.23229214342029	29.47871550527236	0.0	0.0	
29.02019280146325	29.6141041382086	0.0	0.0	
29.41676513275529	31.161413985883478	0.0	0.0	
29.730116838652414	0.01341286509601658	0.0	0.0	
30.258066094201357	0.7575479926127823	0.0	0.0	
30.111729952420703	1.655851286462659	0.0	0.0	
30.26442849359394	3.111234092249476	0.0	0.0	
29.527870945624876	3.775482881439987	0.0	0.0	
30.39674811571696	4.958507386055262	0.0	0.0	
30.39592239251475	5.650178271804194	0.0	0.0	
30.449217946255754	7.3352889747709735	0.0	0.0	
30.275102329715523	8.294304971065337	0.0	0.0	
29.872001354330852	9.18915311725804	0.0	0.0	
29.670391751014087	10.421989379871809	0.0	0.0	
29.502849232232865	11.085739454953579	0.0	0.0	
30.138246843055253	12.09445642880928	0.0	0.0	
30.00926526704475	13.340202098914029	0.0	0.0	
29.60576900398305	14.206132662025894	0.0	0.0	
29.6719973677417	14.585744556065789	0.0	0.0	
30.3513389515155	15.824490606356783	0.0	0.0	
29.826248436925862	16.705786365732624	0.0	0.0	
29.607490651153356	17.53294672151313	0.0	0.0	
29.845077751148793	19.380001416032243	0.0	0.0	
29.59488484799228	20.393052742579577	0.0	0.0	
30.266749837067604	21.26260953856968	0.0	0.0	
30.25141862448661	21.828712315920342	0.0	0.0	
29.7304953261762	23.00668358134199	0.0	0.0	
30.413520576862563	23.606322578582567	0.0	0.0	
30.19379304797769	24.78462180692125	0.0	0.0	
30.433022690780387	25.627520531308775	0.0	0.0	
30.24455438206267	27.38107589346511	0.0	0.0	
30.235422474776733	28.062326451803933	0.0	0.0	
29.78537990462748	28.992339116046338	0.0	0.0	
30.11066801325364	30.046833893677103	0.0	0.0	
29.74002402389971	30.531411787132743	0.0	0.0	
31.04848350116181	0.24510467212675602	0.0	0.0	
30.621781992645545	0.5072172703368485	0.0	0.0	
31.450553524185533	2.2652126718881163	0.0	0.0	
30.96333822074581	2.844774337447035	0.0	0.0	
31.314391548780403	3.7511453469238414	0.0	0.0	
31.15776906718725	4.939449552441013	0.0	0.0	
30.553926851639446	5.867927171082854	0.0	0.0	
31.04598525239629	7.014796516709015	0.0	0.0	
30.736618787312068	8.3714972774003	0.0	0.0	
30.79557754915481	8.762522299941963	0.0	0.0	
31.37722940483472	10.307572659140279	0.0	0.0	
31.453073024744853	10.886854368622826	0.0	0.0	
30.810354414624562	12.141809508869883	0.0	0.0	
31.34103527681595	12.540922978645183	0.0	0.0	
31.01545019595537	14.38515968699118	0.0	0.0	
30.763250221071235	15.141677408316886	0.0	0.0	
31.187605812114104	15.572844369703695	0.0	0.0	
31.10340751123345	16.595344828187923	0.0	0.0	
31.24356676550759	17.839906730817265	0.0	0.0	
31.476595894304534	19.273638191841837	0.0	0.0	
30.79009785409047	19.71519537998939	0.0	0.0	
31.285719601891426	20.694457188743982	0.0	0.0	
31.42216942742403	22.23427319354986	0.0	0.0	
31.334556388978545	22.90479607611858	0.0	0.0	
30.646356105953707	24.48979632157001	0.0	0.0	
30.563949274714982	25.29275254970504	0.0	0.0	
31.21093937426605	25.667085662271415	0.0	0.0	
30.877543273982607	27.473836051519037	0.0	0.0	
30.740319835297846	27.858611844075476	0.0	0.0	
31.45757656234766	29.44072072367038	0.0	0.0	
31.176773959520187	29.98572672836933	0.0	0.0	
31.135264624285988	30.50054202721177	0.0	0.0	
