2
32.0	0.0	0.0	0.0	
0.0	32.0	0.0	0.0	
0.13659822240909347	0.3560952583679913	0.0	0.0	
0.4301619805424812	1.0705850509785626	0.0	0.0	
0.17224263899237413	1.713878600045006	0.0	0.0	
0.13132942488003463	3.0936852147843235	0.0	0.0	
0.16076031048924266	3.67495390438778	0.0	0.0	
0.07103768001605348	4.508836952473322	0.0	0.0	
0.2544920009566852	6.156529804587398	0.0	0.0	
0.42535390219737623	6.8842310800035	0.0	0.0	
0.03691544178624784	8.393094089463748	0.0	0.0	
0.03346934273509683	8.812704347890701	0.0	0.0	
0.2350741269396167	10.1668483863268	0.0	0.0	
0.21859314213114023	11.238519482041475	0.0	0.0	
0.24683003745040144	11.671343576210322	0.0	0.0	
0.3950549644848015	12.837491894680701	0.0	0.0	
0.40156554325691884	13.920797556192406	0.0	0.0	
0.2688318600964661	15.223818906805402	0.0	0.0	
0.3408004425086145	15.810572501006826	0.0	0.0	
0.3750327107358883	16.729602503289225	0.0	0.0	
0.11032588916744657	17.789398826763648	0.0	0.0	
0.425941917093032	19.313160633248977	0.0	0.0	
0.4961479058249919	20.41378523631443	0.0	0.0	
0.04859236522637933	20.677528412497292	0.0	0.0	
0.10837033500642934	21.647087009983686	0.0	0.0	
0.10636070104025686	22.54461709006987	0.0	0.0	
0.1736920433663438	23.690485176591142	0.0	0.0	
0.3449539367840604	25.377861109475475	0.0	0.0	
0.2109512213776864	26.358464023311097	0.0	0.0	
0.20507507035898065	26.524208489251013	0.0	0.0	
0.129915661309984	28.414154243308023	0.0	0.0	
0.4790321165972955	28.785126166350572	0.0	0.0	
0.17296401826473506	29.759050422031883	0.0	0.0	
0.11140926821790664	31.198542508378146	0.0	0.0	
0.6169734709095063	0.057957816516334915	0.0	0.0	
0.6233243971169977	1.1734829063011742	0.0	0.0	
1.0228387004347268	2.3002525361521564	0.0	0.0	
1.289219906246542	2.660569243508958	0.0	0.0	
1.427428003051022	3.6925879179517844	0.0	0.0	
0.7108931998193533	5.496623755835228	0.0	0.0	
0.5408479330528101	6.156915292187085	0.0	0.0	
0.7246111795140238	6.511538601524351	0.0	0.0	
0.9617739250057237	7.835153848269206	0.0	0.0	
1.326611211451648	9.331233384343765	0.0	0.0	
1.1240418631603082	10.019608896915907	0.0	0.0	
1.3907906344532774	11.46061740861785	0.0	0.0	
0.7204136927290683	11.706888954006562	0.0	0.0	
1.2933754986264343	12.709354384679028	0.0	0.0	
1.2590957578715436	13.608907575220192	0.0	0.0	
1.0084762605425692	14.802979529072877	0.0	0.0	
0.7725324009047108	15.800249286290038	0.0	0.0	
0.7929670443447082	16.642289390693964	0.0	0.0	
1.3636073339123245	18.237871379509958	0.0	0.0	
0.5709160166699584	18.635386665201978	0.0	0.0	
0.5787028897935181	19.683256662415815	0.0	0.0	
1.4536811929168159	21.197640587059535	0.0	0.0	
0.772627432976908	22.189218581136984	0.0	0.0	
1.3552047242517848	22.72360882484256	0.0	0.0	
1.1095324185171207	24.17181040645763	0.0	0.0	
0.9226793581298051	24.88055757536099	0.0	0.0	
0.8588583424063373	25.519308433855116	0.0	0.0	
0.6649396545151909	26.97583525178465	0.0	0.0	
1.1124366830621337	28.145680280678995	0.0	0.0	
1.0956073112377838	29.3052818941707	0.0	0.0	
0.654680663506016	30.003171134413567	0.0	0.0	
0.8389844998745909	31.089524423559965	0.0	0.0	
2.3293196609673745	0.3610294328309428	0.0	0.0	
1.9761692489502187	1.025523623610863	0.0	0.0	
2.0300780737803277	2.2033384487834944	0.0	0.0	
1.7713157412688294	3.3730283060488575	0.0	0.0	
1.8487722025443687	4.057682006285292	0.0	0.0	
2.131150933417048	4.690401877514701	0.0	0.0	
1.875518660341157	6.375757220934539	0.0	0.0	
2.024269300885387	7.4437588316027075	0.0	0.0	
2.0007597590157644	8.451768078454739	0.0	0.0	
1.6137585524282274	9.019790535234648	0.0	0.0	
1.946587726113585	10.298398905879449	0.0	0.0	
2.267563082157759	11.370670563341932	0.0	0.0	
1.6553025219752162	11.636327039335605	0.0	0.0	
1.6972125289103792	12.667925622621215	0.0	0.0	
2.448901070401063	14.236767102121872	0.0	0.0	
2.0119852606195234	14.683312609271809	0.0	0.0	
1.7955095661993752	15.981932319386722	0.0	0.0	
2.3063826134156713	17.061478342241344	0.0	0.0	
1.6697847419925993	18.087739243163245	0.0	0.0	
1.5172283897775751	18.690481431512527	0.0	0.0	
1.6656096338028907	19.639298268046456	0.0	0.0	
1.6306669136329783	21.35368975297429	0.0	0.0	
1.8977670176259025	22.078262617847155	0.0	0.0	
2.3833602617015366	23.041730999386232	0.0	0.0	
1.572845680129064	24.4619200616616	0.0	0.0	
1.5772210412462861	24.555947028039565	0.0	0.0	
1.6431362351396637	26.147836319085766	0.0	0.0	
2.4966717666052256	26.861461259144566	0.0	0.0	
1.6531577119966339	27.74289524151898	0.0	0.0	
1.6475384545497496	28.962806600148966	0.0	0.0	
1.614683599543116	29.69944358426746	0.0	0.0	
2.366327160593222	30.766788341353237	0.0	0.0	
3.1794334370336412	0.13356913964823225	0.0	0.0	
3.12482028004065	1.3941352274011445	0.0	0.0	
3.45489078371321	1.7275258637842483	0.0	0.0	
2.6537939530397177	3.2966509948154683	0.0	0.0	
3.0816376535219465	4.118986860178999	0.0	0.0	
3.029452266345424	4.566502696277658	0.0	0.0	
2.938836916458664	5.504840825709926	0.0	0.0	
3.0144239580797976	6.8801543629826885	0.0	0.0	
3.0082764012944843	8.1637391333871	0.0	0.0	
2.8185334390321652	9.352622925818872	0.0	0.0	
3.4261681866762124	10.078903015911564	0.0	0.0	
2.765447731792152	10.760756520596596	0.0	0.0	
2.9258606806622276	12.005283916317424	0.0	0.0	
3.3753795686195947	12.565966156707319	0.0	0.0	
2.9559393962541067	14.268597210660506	0.0	0.0	
2.857984033426309	15.383847662680202	0.0	0.0	
3.410565788728567	16.389150212156455	0.0	0.0	
2.916351471956589	16.885553924986922	0.0	0.0	
2.9546981791193776	18.04438173159746	0.0	0.0	
2.5921513175026347	19.36466861162895	0.0	0.0	
3.3823367872067798	20.30319330876432	0.0	0.0	
2.7326412984538835	20.61286180511464	0.0	0.0	
3.2490078988234314	21.69966661772971	0.0	0.0	
3.172683975744348	22.576422233165804	0.0	0.0	
2.7819343572434767	23.542690214807802	0.0	0.0	
2.925923690000946	25.038364573809677	0.0	0.0	
2.999822208063605	26.318443114111574	0.0	0.0	
2.5891962651645795	26.51185775982534	0.0	0.0	
3.199374306831362	28.096208451343923	0.0	0.0	
3.4734623099645088	29.4140794979603	0.0	0.0	
3.351442707831887	29.77922856955821	0.0	0.0	
3.370536811783114	30.630504816330713	0.0	0.0	
3.9332819704339457	0.11226766203587824	0.0	0.0	
4.165218922043567	0.9849737369137317	0.0	0.0	
4.133044724796511	2.2489203009552408	0.0	0.0	
4.023028728346087	3.443374420697867	0.0	0.0	
4.440256213387618	3.790121146665203	0.0	0.0	
4.479467700824012	5.359767805525385	0.0	0.0	
4.345329153290438	5.996113637497256	0.0	0.0	
3.7426663980206643	6.932366783865277	0.0	0.0	
4.053048234804329	7.779148676925945	0.0	0.0	
3.6530778024305928	9.479137198735204	0.0	0.0	
3.5228173407792633	10.367239364849617	0.0	0.0	
4.215119987080124	11.36375719329916	0.0	0.0	
3.5722547943499685	11.963794435888879	0.0	0.0	
4.038811338730864	12.803215599921216	0.0	0.0	
3.98533961064437	13.678250958557452	0.0	0.0	
4.0696607402663325	15.036184329838362	0.0	0.0	
3.633587288282489	16.20998277381924	0.0	0.0	
3.586657949940318	17.14507513963759	0.0	0.0	
3.589660659945253	17.96970888900264	0.0	0.0	
3.5284505774565096	19.38088222233813	0.0	0.0	
3.8875585605023053	20.30620225132999	0.0	0.0	
4.244820071310854	20.61625629270923	0.0	0.0	
3.9057198991256374	21.80429973446671	0.0	0.0	
3.591440120086867	23.23957030524424	0.0	0.0	
3.659299534631436	23.94341332747861	0.0	0.0	
3.5355264902194294	24.965770374542792	0.0	0.0	
3.8864810195115362	26.340595601381537	0.0	0.0	
3.80064972209513	27.19587451593444	0.0	0.0	
4.114784176877075	28.400378250067877	0.0	0.0	
3.8235708826346992	28.750063469783093	0.0	0.0	
4.423776489200701	30.35968226223282	0.0	0.0	
4.189255359386823	30.63399361155025	0.0	0.0	
5.401229213778861	0.3578888196795462	0.0	0.0	
5.30170145787235	0.553875634636031	0.0	0.0	
5.04104079005792	1.793470333839867	0.0	0.0	
5.481668883815132	3.4039256234106134	0.0	0.0	
5.282005239509914	4.286381967732652	0.0	0.0	
4.822494072811071	5.265975169267807	0.0	0.0	
5.254185793518806	5.953461225617626	0.0	0.0	
5.015442694510003	7.182762263304374	0.0	0.0	
5.390245423050457	7.945333504076104	0.0	0.0	
5.246347166328505	9.419796415163578	0.0	0.0	
4.809701949126218	10.223858121070558	0.0	0.0	
4.793765554581198	10.838945253516167	0.0	0.0	
5.224054887531123	12.405639141339654	0.0	0.0	
4.678883388460952	13.34060025481627	0.0	0.0	
5.08250152874013	14.184395382922686	0.0	0.0	
4.885359437843194	15.099514669157012	0.0	0.0	
5.20059152016977	16.081833303719712	0.0	0.0	
5.034055938496581	16.960120019906004	0.0	0.0	
5.291575923598255	18.42648958562011	0.0	0.0	
4.712141113803501	19.086418419081337	0.0	0.0	
5.385387760621259	20.228901182778657	0.0	0.0	
5.335488369922091	20.654072821334903	0.0	0.0	
4.746063019049529	21.623409604908865	0.0	0.0	
5.071727878178409	23.015076998312086	0.0	0.0	
5.224525496947909	24.066225902757555	0.0	0.0	
5.1570032797141145	24.722741892729573	0.0	0.0	
5.493802887907505	26.297133365671392	0.0	0.0	
5.0137216891272125	26.873941298993813	0.0	0.0	
4.626852833992109	28.210588216434427	0.0	0.0	
4.97393078921327	29.03935360433592	0.0	0.0	
5.250658740493358	29.910054178230826	0.0	0.0	
4.590728457915238	31.255850882383278	0.0	0.0	
6.411564083263397	0.027503229929674355	0.0	0.0	
6.019812093892336	0.6478581692968416	0.0	0.0	
6.373548888716863	2.226453415317404	0.0	0.0	
6.199744154710521	3.0708058528159654	0.0	0.0	
6.381530558200208	3.6530868624709973	0.0	0.0	
5.858645674472013	5.261944514131551	0.0	0.0	
6.400316793667063	5.908143979778082	0.0	0.0	
6.070104935366287	6.625413986641867	0.0	0.0	
5.947875181152593	7.959171959087335	0.0	0.0	
5.635873768460934	9.222048738408889	0.0	0.0	
6.239614844635228	10.07461471258093	0.0	0.0	
5.851661880092246	10.5369126663549	0.0	0.0	
5.561173389795849	12.411020644307703	0.0	0.0	
6.286843267616996	12.86417970814404	0.0	0.0	
5.705280113910431	13.970582818047113	0.0	0.0	
5.637551381620668	14.958815792666014	0.0	0.0	
6.064461067217851	16.088503837159017	0.0	0.0	
6.3216030127283425	17.264622817922163	0.0	0.0	
6.169322175050692	17.85510923154994	0.0	0.0	
5.5278063254906815	19.04340762721157	0.0	0.0	
6.241195741991202	19.565077399039374	0.0	0.0	
5.957660165170296	21.276183396414144	0.0	0.0	
5.90377589997871	22.116973614031874	0.0	0.0	
5.692753276234839	23.35470012852762	0.0	0.0	
6.4728777156423405	23.538140549753873	0.0	0.0	
6.141170763159797	24.832337011012026	0.0	0.0	
6.1711387512964535	26.359873266474185	0.0	0.0	
5.586028393359347	27.29680262595487	0.0	0.0	
6.111972954487561	28.232068701970356	0.0	0.0	
6.291244052942283	29.443117537462722	0.0	0.0	
5.514629980131639	30.111318863154196	0.0	0.0	
6.4574913261163545	30.891176684458433	0.0	0.0	
7.295926409570523	0.4893483499478434	0.0	0.0	
6.752556812304433	0.8756169851643457	0.0	0.0	
6.790874024085472	1.9672107894171158	0.0	0.0	
7.105789332124507	2.832778434993554	0.0	0.0	
7.398159808073435	4.109581868664035	0.0	0.0	
6.990691238031768	5.228456897873084	0.0	0.0	
7.009284280068727	6.492378275779326	0.0	0.0	
7.423725318306099	6.609225738632645	0.0	0.0	
6.918730563584522	8.45770209886233	0.0	0.0	
7.331697633605209	8.679022713031449	0.0	0.0	
6.681554568474172	9.66662794787029	0.0	0.0	
6.515712879513518	10.824034737080398	0.0	0.0	
7.465042593469496	11.88982496019545	0.0	0.0	
7.045734246332923	12.733563621731184	0.0	0.0	
6.618572585400008	13.989917857496023	0.0	0.0	
6.756994513384442	14.664048546538615	0.0	0.0	
6.687751434115495	16.48087836276288	0.0	0.0	
6.958173314730146	16.676017295336536	0.0	0.0	
6.800109492655936	17.554928245375386	0.0	0.0	
6.616762000651188	19.461259373735196	0.0	0.0	
7.15630206629465	20.06785951333064	0.0	0.0	
7.431125847572991	21.474027371050877	0.0	0.0	
7.169380097269761	21.951168281160328	0.0	0.0	
7.433742583639532	23.02957731345916	0.0	0.0	
7.134547008664809	24.13105663540382	0.0	0.0	
7.35230863687128	24.908389533978312	0.0	0.0	
7.488804669485632	26.006002653573752	0.0	0.0	
6.6192339317706255	27.050197068942687	0.0	0.0	
7.11515652625207	28.2793986842175	0.0	0.0	
7.238716122991408	29.258828781274396	0.0	0.0	
7.155241877467606	29.860043619501635	0.0	0.0	
6.558592124973175	31.278654959248676	0.0	0.0	
7.551954005509258	0.49095556385543704	0.0	0.0	
7.624183234673268	1.0642266625726604	0.0	0.0	
7.518017828136991	2.4881743955856352	0.0	0.0	
7.670383748218852	2.734568960887304	0.0	0.0	
7.924414983143771	3.7174758781448523	0.0	0.0	
8.382692757601353	5.156029088330597	0.0	0.0	
8.34103883253306	6.286764979390751	0.0	0.0	
7.981172995993952	6.53579684240011	0.0	0.0	
8.485076471283872	7.653731590527534	0.0	0.0	
7.666790755788796	8.64335759270428	0.0	0.0	
8.053114619946752	9.720977607382636	0.0	0.0	
8.137830037029314	11.400106379625981	0.0	0.0	
8.268253640436452	12.101548747673174	0.0	0.0	
8.273831880962767	12.628188606042883	0.0	0.0	
8.108273543503076	14.040584212576514	0.0	0.0	
8.225383500477955	14.964641663338725	0.0	0.0	
8.183929576965474	16.242702746462	0.0	0.0	
7.7776462113440115	17.32750132123129	0.0	0.0	
7.81340773235675	18.169685334929174	0.0	0.0	
7.5930265867659195	18.71180579193231	0.0	0.0	
7.849734441286586	19.932973654185496	0.0	0.0	
7.872244655478518	20.52169684372611	0.0	0.0	
7.844939281162707	21.602405298786497	0.0	0.0	
8.203503686767602	22.57621943160606	0.0	0.0	
8.157190808015322	24.070042934507097	0.0	0.0	
7.905314240237669	25.12433398921126	0.0	0.0	
8.23450411245867	26.185707632845514	0.0	0.0	
8.018444431883244	26.71546085412831	0.0	0.0	
8.258052778719899	27.74995721791978	0.0	0.0	
8.16499853272606	29.17671487310709	0.0	0.0	
7.558705911627202	30.020564818927472	0.0	0.0	
7.742245051462668	31.419251468840066	0.0	0.0	
8.650430498446692	0.4909968658775453	0.0	0.0	
8.68921370036257	0.7083146423515112	0.0	0.0	
8.78657260126138	1.8187896575822888	0.0	0.0	
8.949680706108403	2.985847256445626	0.0	0.0	
9.007624484477665	3.689349291524204	0.0	0.0	
9.123576874105169	5.1790883296361505	0.0	0.0	
8.94427744706501	6.109191059984787	0.0	0.0	
8.70463988481494	7.333182473319071	0.0	0.0	
8.509419616313009	7.625571559088975	0.0	0.0	
9.175923617513709	9.085957654104554	0.0	0.0	
8.783310829785492	10.124913471369943	0.0	0.0	
8.73428542377716	10.864451442506766	0.0	0.0	
9.178268529881382	12.294326823276837	0.0	0.0	
9.132008282098539	13.017859597147451	0.0	0.0	
9.367394423233147	13.737063855520423	0.0	0.0	
9.401809945263157	15.007259954025015	0.0	0.0	
8.668643574734213	15.968292224104413	0.0	0.0	
9.464192585363435	16.986481755029793	0.0	0.0	
9.40239067768662	17.504331982134016	0.0	0.0	
9.27762285487606	18.567442272743612	0.0	0.0	
8.654919627064045	19.795387696744957	0.0	0.0	
9.151770720646882	21.462123309230698	0.0	0.0	
9.288776550202558	22.07191739997623	0.0	0.0	
8.971043997684186	23.38240282752539	0.0	0.0	
8.717708057870686	24.01696032125072	0.0	0.0	
8.909179693515323	24.850865003425362	0.0	0.0	
9.100175831553864	25.57757411907203	0.0	0.0	
9.494552855911818	27.225107032070913	0.0	0.0	
9.294227624450965	27.50346529807157	0.0	0.0	
9.11265835554489	28.5616166539111	0.0	0.0	
8.982082952473933	30.415355136756475	0.0	0.0	
8.695172116241485	30.699127209680963	0.0	0.0	
9.556830228052835	0.07059781215541094	0.0	0.0	
9.6064663205991	1.443141442798102	0.0	0.0	
10.094369317473177	1.863954999579343	0.0	0.0	
9.890664087669487	3.0246053890858886	0.0	0.0	
10.116547032085673	3.9416060624136176	0.0	0.0	
9.604890202328221	5.406347621607096	0.0	0.0	
9.520869286541775	6.334530759060698	0.0	0.0	
9.876477945306648	7.310146802145578	0.0	0.0	
10.168775294544401	8.058804068968746	0.0	0.0	
10.175627280986221	9.224198687997792	0.0	0.0	
9.721692876381855	9.532699400648992	0.0	0.0	
9.524678507629238	11.145872212893437	0.0	0.0	
9.687605531001779	11.948472790042118	0.0	0.0	
10.399836145875945	12.652875158041084	0.0	0.0	
9.756411987907066	14.47470041485161	0.0	0.0	
9.63067667656942	14.97898495931882	0.0	0.0	
9.921077516410337	15.827089520836505	0.0	0.0	
10.18170514260079	17.392041384722567	0.0	0.0	
10.36771748429994	17.683623042508415	0.0	0.0	
9.869133130410255	18.78984173897486	0.0	0.0	
10.04426744872313	19.861832157057687	0.0	0.0	
9.951075500284357	20.625853798553	0.0	0.0	
9.633250580496568	21.666757672940946	0.0	0.0	
9.987040981051084	22.9409542198472	0.0	0.0	
10.346037866332225	23.892810289582012	0.0	0.0	
10.213276133856768	25.211665149279114	0.0	0.0	
10.444075487146723	25.84943863194084	0.0	0.0	
9.5907127796686	26.75482428284304	0.0	0.0	
10.017793199933251	27.557148372733586	0.0	0.0	
10.243952077442428	29.265835429823294	0.0	0.0	
9.881826639411942	29.930302539831374	0.0	0.0	
10.453448228504223	30.892512025577915	0.0	0.0	
11.363435632753745	0.30354899477651964	0.0	0.0	
10.867983131081443	1.363484436072579	0.0	0.0	
10.902018204544119	1.6317323615760027	0.0	0.0	
10.517153123707814	3.058208997521897	0.0	0.0	
10.931131433537702	4.3082900311850585	0.0	0.0	
11.248936867000054	4.954499739461024	0.0	0.0	
10.756634418634372	5.701214301895141	0.0	0.0	
10.86307450473793	7.331562210048715	0.0	0.0	
10.879375726128663	7.545904017729766	0.0	0.0	
11.060916881227334	9.204372188854403	0.0	0.0	
11.005674888184528	9.662482686101706	0.0	0.0	
10.599979805388603	10.592217854164648	0.0	0.0	
11.468122268648672	12.485351140780379	0.0	0.0	
10.899385578427035	13.004083572438478	0.0	0.0	
10.879318127767487	13.692091500661348	0.0	0.0	
11.17210510970391	14.628678486460226	0.0	0.0	
10.830725206148395	16.24874080897916	0.0	0.0	
11.479002608448257	17.437071071520354	0.0	0.0	
11.31624669809227	18.130533131781505	0.0	0.0	
11.116049002259963	18.82563998878357	0.0	0.0	
11.080881576075209	20.23239936064558	0.0	0.0	
10.889126414544627	21.35154533009344	0.0	0.0	
10.662930532987435	22.12587784802091	0.0	0.0	
10.93616298291267	22.67122564429842	0.0	0.0	
11.372433449553945	24.013828580203487	0.0	0.0	
10.878406801066312	24.787717613496937	0.0	0.0	
11.108779307743067	26.149995438247753	0.0	0.0	
10.558176909072111	27.12714973635265	0.0	0.0	
11.079156799580474	28.246125344270947	0.0	0.0	
11.281965075338539	28.93973212486554	0.0	0.0	
11.036864746877027	29.969353037529487	0.0	0.0	
10.949920508898975	30.858373136593627	0.0	0.0	
11.65147801319694	0.0678781178516571	0.0	0.0	
12.30875094775436	1.32614779055902	0.0	0.0	
12.325510617945366	2.0702119154933967	0.0	0.0	
11.729080818425325	2.540947400515731	0.0	0.0	
12.468603515794292	3.6159891471993806	0.0	0.0	
12.164837372235683	5.085477659399675	0.0	0.0	
12.141576429582356	6.233090253330671	0.0	0.0	
11.833458471515192	7.374183141906404	0.0	0.0	
12.482920009908252	8.110391431288834	0.0	0.0	
12.328177591772059	9.184093292316486	0.0	0.0	
11.740572294012226	9.734232261524047	0.0	0.0	
12.192200126922696	10.745557119427462	0.0	0.0	
12.206742870008105	12.413048861823892	0.0	0.0	
12.177013469794339	12.520821722196345	0.0	0.0	
11.52703023809239	14.053774422163709	0.0	0.0	
12.252484464424297	15.417185037886783	0.0	0.0	
12.242277651541984	15.518412521081334	0.0	0.0	
12.226877642304718	16.63605311919147	0.0	0.0	
11.907411836841762	18.02155313089043	0.0	0.0	
12.192219210298001	18.52035687491494	0.0	0.0	
11.640729927437171	20.127519647904396	0.0	0.0	
11.535079360930482	21.06203995293839	0.0	0.0	
11.64217531568145	22.41327805409837	0.0	0.0	
11.903946680873629	22.82929920525616	0.0	0.0	
12.162125818406222	24.012282894953056	0.0	0.0	
12.277621624507681	24.973864830589687	0.0	0.0	
12.047951941982394	26.195431868005496	0.0	0.0	
11.835688375388989	26.57703887376755	0.0	0.0	
11.999959801993832	28.114732589838457	0.0	0.0	
11.73489227911235	29.05054091412269	0.0	0.0	
12.210457334391128	30.349907135400944	0.0	0.0	
11.756845576834142	31.263638960737527	0.0	0.0	
12.799965320770577	0.02919922710597045	0.0	0.0	
12.624159132679466	1.3800128394528446	0.0	0.0	
13.11311213391969	1.8042904847569146	0.0	0.0	
12.962833389113845	3.1444750147444527	0.0	0.0	
13.396816816448158	4.074735893313605	0.0	0.0	
12.802047342825919	5.375411738156307	0.0	0.0	
12.662558450399413	5.9612675936332975	0.0	0.0	
12.921580427273792	6.552700613851671	0.0	0.0	
12.875783071497242	7.681664095850361	0.0	0.0	
13.101266386987117	8.921695408243513	0.0	0.0	
12.699650734054122	9.540566758743998	0.0	0.0	
13.257470794827196	11.482329437663768	0.0	0.0	
13.018407604978112	12.026188698331797	0.0	0.0	
13.186214186867463	12.815912127946149	0.0	0.0	
13.003282777238216	14.374660205788524	0.0	0.0	
12.671418939805658	14.517547560496352	0.0	0.0	
13.121426809752892	16.486651920549892	0.0	0.0	
13.343898289626857	16.886745336558587	0.0	0.0	
13.018939047132575	18.008105651154278	0.0	0.0	
12.51557169712736	18.61899543261316	0.0	0.0	
12.658247202437492	19.52421143157182	0.0	0.0	
13.250416798468057	21.081063932583493	0.0	0.0	
13.472099993737265	21.647176914311	0.0	0.0	
13.035546574212914	22.984231381653732	0.0	0.0	
12.514540354718113	23.523729469813034	0.0	0.0	
13.295342984767117	25.309213538488148	0.0	0.0	
13.033115462463778	26.383535928185843	0.0	0.0	
12.996038119046228	26.504542991614144	0.0	0.0	
13.085560375659595	27.658001264833977	0.0	0.0	
12.692636782461054	29.29810447013579	0.0	0.0	
13.216147699517467	29.752098911487398	0.0	0.0	
12.571714931308026	30.824799653169276	0.0	0.0	
14.263117662800795	0.4692300573733278	0.0	0.0	
13.673438502249619	0.7039283384064756	0.0	0.0	
14.488499149680006	1.9890863501152185	0.0	0.0	
14.43671971901852	2.6380272058683554	0.0	0.0	
14.461982843903439	4.318463411269801	0.0	0.0	
13.928073091150454	4.663588126485997	0.0	0.0	
13.703676744975496	5.904262354588366	0.0	0.0	
14.460239818173015	7.3449779674635085	0.0	0.0	
13.689798434220062	7.816382108435975	0.0	0.0	
14.189372092264863	9.494537112322595	0.0	0.0	
14.345813020079916	10.116819830147154	0.0	0.0	
14.05781084476565	11.127421429217174	0.0	0.0	
14.293235138302997	12.29175396041974	0.0	0.0	
13.587209333984546	13.36787189447961	0.0	0.0	
14.245155597446804	14.288433775614996	0.0	0.0	
13.633158273338143	15.431452796829147	0.0	0.0	
13.655296003686523	16.16327591087229	0.0	0.0	
14.052214495594349	17.191071869530056	0.0	0.0	
14.393264254263972	17.798788670244875	0.0	0.0	
13.845650483055847	19.3118554361768	0.0	0.0	
13.915309858028387	20.252174292533525	0.0	0.0	
14.412301093376449	20.974323319344546	0.0	0.0	
13.994166055133583	22.401765479053843	0.0	0.0	
13.644108679805578	23.326870345939575	0.0	0.0	
14.266951426340444	24.192620663032265	0.0	0.0	
14.12086066671528	25.189268073099058	0.0	0.0	
14.062882652150416	26.2157608284121	0.0	0.0	
13.88689241614201	27.279177183455758	0.0	0.0	
14.311284701582409	27.57422940662474	0.0	0.0	
14.072228558554155	28.722266549030827	0.0	0.0	
13.874135275557151	29.504668447911946	0.0	0.0	
14.366713336481917	30.705678978882155	0.0	0.0	
15.37125166733866	0.43745675597140565	0.0	0.0	
15.344074872879668	1.4004504270436715	0.0	0.0	
15.089410593118783	1.9014362395581244	0.0	0.0	
15.47429574540577	2.56262983282116	0.0	0.0	
14.521481709892821	3.5667476138413647	0.0	0.0	
14.657235381779698	4.796629752247147	0.0	0.0	
15.312842879383883	5.877956106245734	0.0	0.0	
14.818448985566238	6.614963472085444	0.0	0.0	
15.000901290070567	8.450602944065064	0.0	0.0	
15.303308246384683	9.248834770837107	0.0	0.0	
15.169140600349674	10.028984775229537	0.0	0.0	
15.151364209336942	10.78811903496655	0.0	0.0	
15.382686903035834	12.289088016359347	0.0	0.0	
14.542003922150045	12.591080548859614	0.0	0.0	
15.395761683905704	13.742259983169774	0.0	0.0	
15.154642725277963	15.444417634148834	0.0	0.0	
15.40077027294153	15.633296000577651	0.0	0.0	
14.678435759761099	16.72867122121275	0.0	0.0	
15.03802971963584	18.316204323148764	0.0	0.0	
15.265068974863004	19.00489640252723	0.0	0.0	
15.032049339424226	20.32829828476442	0.0	0.0	
15.122996177510348	20.868775005370804	0.0	0.0	
14.644991680865393	22.20220161895089	0.0	0.0	
14.586085763797723	22.662051951899265	0.0	0.0	
15.165911572974895	24.01745418406201	0.0	0.0	
15.155277213570256	24.93657270596943	0.0	0.0	
15.146666310987964	25.597848091447126	0.0	0.0	
14.698490486719363	27.300963007919965	0.0	0.0	
14.84115023644717	28.283795477246596	0.0	0.0	
14.687505966582782	28.939233977543708	0.0	0.0	
15.355640974241911	30.453735863569612	0.0	0.0	
14.713562892945513	31.48165006341706	0.0	0.0	
16.01919166855839	0.29207557455020283	0.0	0.0	
15.987614799881403	0.7056363889510878	0.0	0.0	
16.434737814014632	1.6028541900507411	0.0	0.0	
16.158226972562055	3.1724067251650414	0.0	0.0	
15.714645737371832	3.5814031569329132	0.0	0.0	
16.42797129355776	4.647288165833113	0.0	0.0	
16.201082833144977	5.941372094274662	0.0	0.0	
16.129946907276388	6.559954934934664	0.0	0.0	
15.655196268125891	8.309899929224693	0.0	0.0	
16.35621331288911	9.24114465957692	0.0	0.0	
16.24549438746651	10.07838330559375	0.0	0.0	
16.44068464205077	11.165933231355194	0.0	0.0	
16.294314715639537	11.571063735763538	0.0	0.0	
15.635181043683984	13.421524446606313	0.0	0.0	
16.260946799725378	14.293278429111764	0.0	0.0	
15.837603378917546	15.468767374658823	0.0	0.0	
15.784562358802955	16.466161738997766	0.0	0.0	
15.848715645447971	16.978354344244206	0.0	0.0	
16.285727276836337	17.641956473992835	0.0	0.0	
16.02465145666815	18.852811368611146	0.0	0.0	
16.266223083433648	20.423575601864968	0.0	0.0	
15.747538219965174	21.3187672065612	0.0	0.0	
15.844670437139076	21.81287322458567	0.0	0.0	
16.192062014101253	22.54569425413666	0.0	0.0	
15.782575366024064	24.378314777993534	0.0	0.0	
15.872605164396667	24.89157839623327	0.0	0.0	
15.739606589396839	26.19189233406418	0.0	0.0	
15.870977132006843	27.36418570607896	0.0	0.0	
15.99707698389169	28.12131310507029	0.0	0.0	
15.853687322508343	28.732123423004456	0.0	0.0	
15.527962652778516	30.022536842680537	0.0	0.0	
16.347670679618975	30.789489324024167	0.0	0.0	
16.56996035585328	0.3803351678356317	0.0	0.0	
17.338516574261746	0.7786928998140203	0.0	0.0	
17.14158494278299	1.8850936155550224	0.0	0.0	
16.509381409847773	2.744407949459504	0.0	0.0	
16.989557580240692	3.8068784497920563	0.0	0.0	
16.85705645389662	5.078384333081541	0.0	0.0	
17.154946029729555	5.7837971888104915	0.0	0.0	
17.40020496439251	6.714626090786027	0.0	0.0	
17.358564881557186	7.953996344993645	0.0	0.0	
16.853070712034047	9.046878770618282	0.0	0.0	
16.52831687889945	9.703223748215674	0.0	0.0	
17.032024849493588	11.015996874828039	0.0	0.0	
17.43752968461341	12.274244819867507	0.0	0.0	
17.279192351218093	12.650787327353166	0.0	0.0	
16.89384342683998	13.820930696558335	0.0	0.0	
17.043362827379315	15.19982921118669	0.0	0.0	
17.39938125455538	15.743237906031894	0.0	0.0	
16.58777031884348	17.180045981109313	0.0	0.0	
17.317003251352862	17.91033110530078	0.0	0.0	
16.649323594666846	19.42788220671007	0.0	0.0	
16.705634496391255	20.18854974048944	0.0	0.0	
17.34923319491399	20.826088675881884	0.0	0.0	
17.14414465087961	22.293788238948444	0.0	0.0	
16.867379822209053	23.225389989023075	0.0	0.0	
16.71021835256146	23.751241695578056	0.0	0.0	
16.996033806155257	24.565415533814924	0.0	0.0	
17.23371436385516	26.414034752770952	0.0	0.0	
17.296566755832465	26.753070923433754	0.0	0.0	
16.993508800709726	28.469160701169688	0.0	0.0	
17.487281936056412	28.81371730508185	0.0	0.0	
17.459106086039064	29.66589438302876	0.0	0.0	
17.093828923134243	31.17851499992551	0.0	0.0	
17.96975454650499	0.3355444489854511	0.0	0.0	
18.04603779553151	1.3995342319726007	0.0	0.0	
17.544795162915197	1.5629266802505348	0.0	0.0	
18.450527852088143	3.2672801396667706	0.0	0.0	
17.618608778621557	3.943568310249868	0.0	0.0	
18.0800467690167	5.059351039042836	0.0	0.0	
17.841548882519874	5.722118587549191	0.0	0.0	
17.812609243882566	7.184990731154508	0.0	0.0	
17.99949382815201	7.892306854436244	0.0	0.0	
18.082734279737405	8.987798062760097	0.0	0.0	
17.873648458030814	9.510428707916905	0.0	0.0	
17.680469599999874	10.698614755018603	0.0	0.0	
17.726488577436847	11.71403493042983	0.0	0.0	
18.381711699473104	12.787091873620097	0.0	0.0	
18.23577124650081	14.468496395987668	0.0	0.0	
18.09690252211658	15.029945539966064	0.0	0.0	
18.46627998160563	15.509439592167116	0.0	0.0	
17.710024320035885	17.01957716764734	0.0	0.0	
17.78233942469691	18.33254608002903	0.0	0.0	
18.136015325462324	19.064524780682618	0.0	0.0	
17.664100718249806	20.09953585147333	0.0	0.0	
17.55723308192859	21.276816673407914	0.0	0.0	
18.098714374683524	21.570472062698194	0.0	0.0	
18.341931834016684	22.824400440346693	0.0	0.0	
17.907319188470655	23.63561351984567	0.0	0.0	
17.94886209147136	24.536321193695947	0.0	0.0	
18.10992280692212	26.358654978966253	0.0	0.0	
18.485567786273105	26.508289988440843	0.0	0.0	
17.778303197163158	27.99955868443699	0.0	0.0	
18.01576834161144	28.74109195811796	0.0	0.0	
17.968226270930067	30.09664371991048	0.0	0.0	
17.856530126391377	30.713723501545655	0.0	0.0	
18.596482888715904	0.2895009361223472	0.0	0.0	
18.587523643382184	0.5876707360979951	0.0	0.0	
19.278694831060836	1.7680839170113405	0.0	0.0	
18.671917258728037	2.89735741504533	0.0	0.0	
19.41325413270756	4.360107849900432	0.0	0.0	
18.52749749192345	5.421639302028004	0.0	0.0	
18.516921685708343	6.374147673157124	0.0	0.0	
19.198579660550177	7.2541211809340425	0.0	0.0	
19.11100786777519	8.402219730343033	0.0	0.0	
18.512537863181826	9.379821463061585	0.0	0.0	
19.006291341287774	9.522591823862046	0.0	0.0	
19.309119348439463	11.043527494601813	0.0	0.0	
19.318741196263776	11.529331865533491	0.0	0.0	
18.98805988544914	12.829406846033086	0.0	0.0	
19.193707753885437	14.06440533307855	0.0	0.0	
19.22459915541811	14.63685694522278	0.0	0.0	
19.16339466076374	16.43070096657928	0.0	0.0	
19.43178525821284	17.082155437641248	0.0	0.0	
18.944770213512953	17.824544567509765	0.0	0.0	
18.68674705955947	18.56384265776018	0.0	0.0	
19.276925060979536	19.596881664257015	0.0	0.0	
18.91312384246049	20.98228771595639	0.0	0.0	
18.562492195450147	22.138740340488756	0.0	0.0	
18.505862356312132	22.78282306199509	0.0	0.0	
19.151307343827668	23.616520423467698	0.0	0.0	
19.3137342928997	25.31486101703966	0.0	0.0	
18.691970005763146	25.62832047730198	0.0	0.0	
18.892683776950978	27.25258447102395	0.0	0.0	
19.44546465081561	28.029720014765118	0.0	0.0	
18.66326413646524	29.092805475562006	0.0	0.0	
18.64296529859685	29.869614581635695	0.0	0.0	
19.000918902725456	31.317720410817646	0.0	0.0	
20.15770582769178	0.05912325715214084	0.0	0.0	
20.258959008425492	0.7529172487563621	0.0	0.0	
19.721391843398685	2.116783523897198	0.0	0.0	
20.370123048315307	3.225857816495626	0.0	0.0	
19.85637015749877	4.214621581018954	0.0	0.0	
20.48559289962345	5.039832844045062	0.0	0.0	
19.73531679303108	6.458835773361452	0.0	0.0	
20.352973939197003	7.3623137049549605	0.0	0.0	
20.219426088302924	7.70165292934934	0.0	0.0	
20.310235687674492	8.795671580912693	0.0	0.0	
20.461628139237384	10.055713929782371	0.0	0.0	
19.786864508129483	11.294367141077899	0.0	0.0	
19.599226030373067	11.6227484784029	0.0	0.0	
20.403712745152323	12.555997032847445	0.0	0.0	
19.814185594333733	13.547277794594276	0.0	0.0	
20.35577152964263	15.288888455017487	0.0	0.0	
20.203066873437876	15.971668976249664	0.0	0.0	
20.326164199673798	16.8225573314777	0.0	0.0	
19.512071970553183	17.730325011533846	0.0	0.0	
19.694610175155496	18.516877443370653	0.0	0.0	
20.12323929597587	19.901297094966452	0.0	0.0	
20.440668096921073	20.825102339410364	0.0	0.0	
20.498506757786288	22.09502223136665	0.0	0.0	
19.960982387320136	23.26777802401665	0.0	0.0	
19.77611328992112	24.436746335442447	0.0	0.0	
19.991706326605485	24.70281435862305	0.0	0.0	
19.70607815002686	25.874647070035415	0.0	0.0	
20.448651800089003	26.832221208357673	0.0	0.0	
19.594508646512292	27.554819949498516	0.0	0.0	
19.725431700326254	28.913348545899773	0.0	0.0	
19.89266582055646	29.68364759452126	0.0	0.0	
19.661727237130876	30.762837525198933	0.0	0.0	
21.132913875197556	0.10192529345018808	0.0	0.0	
20.815297862712043	1.3133621072467536	0.0	0.0	
20.572793632740396	1.5392462379381986	0.0	0.0	
20.969588043116392	2.895376336505841	0.0	0.0	
21.261312616648855	3.881939719944154	0.0	0.0	
21.066823510779624	5.10655587575598	0.0	0.0	
21.12225241848812	6.0674368593935375	0.0	0.0	
21.175246209036942	6.693955651710347	0.0	0.0	
20.674043178595635	7.559370108590971	0.0	0.0	
20.7931629416778	8.892923994069037	0.0	0.0	
21.27979868645474	10.45853358190407	0.0	0.0	
21.491850583000492	11.170864498968765	0.0	0.0	
21.18412027187954	11.520062606023625	0.0	0.0	
20.853972019805077	12.880320583101689	0.0	0.0	
21.382637586328343	13.651774464036276	0.0	0.0	
21.421567947046665	14.756472641392977	0.0	0.0	
20.636300475933666	16.409579425105917	0.0	0.0	
21.034076934415456	17.230533962352617	0.0	0.0	
21.080481980509695	17.579886883167784	0.0	0.0	
21.491426159047492	18.812466560075457	0.0	0.0	
20.975444305389136	19.883266610111217	0.0	0.0	
20.616845450549306	21.485670623112945	0.0	0.0	
21.18115964883924	22.44775798034497	0.0	0.0	
20.5029352311344	23.069783438407267	0.0	0.0	
20.847799681408976	24.43729027223342	0.0	0.0	
20.87656273788904	25.250623314876034	0.0	0.0	
21.117630751625903	25.988872332087283	0.0	0.0	
20.648776007241654	27.368153455268747	0.0	0.0	
20.691065546149574	27.727241395126082	0.0	0.0	
21.141939542991402	28.847239427236868	0.0	0.0	
21.21382831527181	29.79846589333859	0.0	0.0	
21.439207587231767	31.47958698668916	0.0	0.0	
22.33314921665452	0.3478634771688357	0.0	0.0	
22.07702139444481	1.334561034802409	0.0	0.0	
22.018812474864404	2.2093315134775904	0.0	0.0	
21.91722650226891	2.7105321359150256	0.0	0.0	
22.41902615859369	4.17816611812927	0.0	0.0	
21.78805475368272	5.205847602158974	0.0	0.0	
21.898457715277193	5.998606489553743	0.0	0.0	
21.781519948041055	6.998299723125461	0.0	0.0	
21.947350596078593	7.804409596704532	0.0	0.0	
21.608142150115164	9.002986126017657	0.0	0.0	
21.95406928193301	10.466183978828049	0.0	0.0	
22.350791773161955	10.583213723110386	0.0	0.0	
22.430221890739865	11.915267856622938	0.0	0.0	
21.572515851593007	12.602474837864856	0.0	0.0	
21.511370757443814	14.018816205592477	0.0	0.0	
21.888821747231514	14.83496775588268	0.0	0.0	
21.822462835521407	15.703118940973255	0.0	0.0	
21.909557835786703	16.80272569050544	0.0	0.0	
21.663096632105365	18.249003404910958	0.0	0.0	
21.521307259073936	19.277053977078584	0.0	0.0	
22.077171966539254	20.31703259385256	0.0	0.0	
21.942870498276896	21.36076169015913	0.0	0.0	
22.0675389249152	21.992182556555054	0.0	0.0	
21.666412986582877	22.73799318456197	0.0	0.0	
22.27144711751864	23.78672421155882	0.0	0.0	
21.91862514475494	25.172083286064378	0.0	0.0	
21.779183892638112	25.807044516193194	0.0	0.0	
21.70815458407631	26.878563338203122	0.0	0.0	
21.51000098686808	27.583312125432606	0.0	0.0	
21.973973420446857	28.672266042396657	0.0	0.0	
22.41416238533839	30.119239126780442	0.0	0.0	
21.873134443566737	30.591346249450055	0.0	0.0	
23.017741448365495	0.2865478602818712	0.0	0.0	
23.401229253640626	0.6415041977725536	0.0	0.0	
23.410759688861773	1.7796765436249413	0.0	0.0	
23.217641200297713	3.0362207832943406	0.0	0.0	
22.69775131736803	4.375654815589063	0.0	0.0	
22.693702920981405	5.021562436843874	0.0	0.0	
22.58246664351734	6.128036655341371	0.0	0.0	
22.506928868154272	6.730248785517825	0.0	0.0	
22.728219629536074	8.368463911412254	0.0	0.0	
22.90960634639823	9.32464025890618	0.0	0.0	
23.07093693228059	10.44420269082159	0.0	0.0	
22.868237115581977	11.456980592694869	0.0	0.0	
23.439209960338687	12.126122070253995	0.0	0.0	
22.717449182370267	12.855615874546581	0.0	0.0	
22.99202401683543	13.93655181937689	0.0	0.0	
23.1865833606655	14.654750766978118	0.0	0.0	
23.234164399739385	15.712691502563414	0.0	0.0	
22.684792623795826	17.4364694941346	0.0	0.0	
22.694546093314983	17.839695736281318	0.0	0.0	
22.902229665885862	19.00965271888594	0.0	0.0	
23.09652991362815	20.145577769446056	0.0	0.0	
23.187686567091944	20.925034610244946	0.0	0.0	
22.86776286817066	22.23689172188968	0.0	0.0	
22.55658368525179	23.114520623677077	0.0	0.0	
23.13368187152054	24.399841684657716	0.0	0.0	
22.684526047882677	25.42034321544675	0.0	0.0	
22.85734468741409	25.79325990960567	0.0	0.0	
23.29609147992866	27.037836530486057	0.0	0.0	
23.04653396303542	27.988676991473024	0.0	0.0	
23.475708977329553	28.94779585198756	0.0	0.0	
22.911938090009233	29.632969632025564	0.0	0.0	
23.040328580563937	31.292682371417612	0.0	0.0	
23.694385268718705	0.15987732920956976	0.0	0.0	
24.16946649217071	0.6794023413924822	0.0	0.0	
23.626552404474868	2.415096319266431	0.0	0.0	
24.063973042451572	3.3332647695790087	0.0	0.0	
23.846005689627916	3.7305978838449163	0.0	0.0	
23.728526802115187	4.641323187448638	0.0	0.0	
23.528630550085072	6.073604099103653	0.0	0.0	
23.887260789672887	7.1311553991809244	0.0	0.0	
24.382784257742696	7.974968789369662	0.0	0.0	
23.690340646278475	8.771941864653915	0.0	0.0	
24.138978288995297	10.135077092033049	0.0	0.0	
23.94541598959667	11.466665247640883	0.0	0.0	
24.074076049806052	12.230883502666954	0.0	0.0	
24.039105024043664	13.199507800622394	0.0	0.0	
23.666358571062496	14.484464413312534	0.0	0.0	
23.557034004309493	14.779323613963175	0.0	0.0	
23.73140220359158	15.62576352465678	0.0	0.0	
24.142045430335752	16.600431272954363	0.0	0.0	
23.925928170992698	17.7804838102151	0.0	0.0	
23.68086809821755	18.991036326559232	0.0	0.0	
24.1281830031328	19.960656004722114	0.0	0.0	
24.084992189532603	20.691620718655834	0.0	0.0	
23.942564043143957	21.70008265262259	0.0	0.0	
23.521702567764024	23.016112521711385	0.0	0.0	
24.36554655096377	23.612682666956733	0.0	0.0	
24.02096281623348	25.316823060042285	0.0	0.0	
24.41860562416435	25.614097559628885	0.0	0.0	
24.306238953193493	27.38930992928192	0.0	0.0	
24.475493296892008	27.662101064154957	0.0	0.0	
24.038027348903235	29.061547642586547	0.0	0.0	
23.726717222883206	29.891698410765674	0.0	0.0	
24.43324695024257	30.822573790966867	0.0	0.0	
24.73082371625313	0.29201980833309027	0.0	0.0	
24.846321887407086	1.152790180931756	0.0	0.0	
25.181539482694472	1.507187530830067	0.0	0.0	
24.502363542354715	3.454679263715793	0.0	0.0	
24.867765100172214	4.412279303550355	0.0	0.0	
24.6362878163381	5.37179922693338	0.0	0.0	
24.88191464386667	6.04225209837829	0.0	0.0	
25.08579170613578	7.484658911380023	0.0	0.0	
25.25905490970577	7.816862286016865	0.0	0.0	
24.650446646324937	9.01839915108055	0.0	0.0	
25.044432702088958	10.470465612466304	0.0	0.0	
25.363562867769915	10.84280287608369	0.0	0.0	
24.95249866782819	12.047533613163958	0.0	0.0	
25.105347572788464	13.48592561772006	0.0	0.0	
25.013746051167978	13.984491712618786	0.0	0.0	
25.440994822449092	14.99401242087792	0.0	0.0	
25.19068545312552	16.44559448580633	0.0	0.0	
24.697349697803475	17.195707396659582	0.0	0.0	
24.52515144603582	18.07003017261577	0.0	0.0	
24.571526346382893	18.859957102720774	0.0	0.0	
24.90266159052296	19.86569753482858	0.0	0.0	
24.88853958002835	21.477227770918123	0.0	0.0	
24.538737131389357	22.12417311187429	0.0	0.0	
24.73422384750848	22.695806737618486	0.0	0.0	
25.347059504702685	24.188442613674393	0.0	0.0	
24.611484079143874	25.048027367106076	0.0	0.0	
24.56766792133505	26.188563027172478	0.0	0.0	
24.863387453680748	27.112061263646314	0.0	0.0	
24.702081566493796	27.85867175037984	0.0	0.0	
25.243330275806095	28.64218471247389	0.0	0.0	
25.059551225253117	30.220670654249023	0.0	0.0	
24.886350377820875	30.895791438698758	0.0	0.0	
26.294602854245863	0.34193949443425464	0.0	0.0	
26.326488356244006	1.4210113294251592	0.0	0.0	
26.035755505872093	1.791587547230451	0.0	0.0	
26.284717085188813	3.1060797220207546	0.0	0.0	
26.047694139560235	4.436925089744767	0.0	0.0	
25.978758748382464	4.978823040790428	0.0	0.0	
25.582683317497782	5.6130368044341274	0.0	0.0	
25.913183068739844	7.101031879806523	0.0	0.0	
26.464143372593398	8.413036309079024	0.0	0.0	
25.6315287792051	8.836238834530162	0.0	0.0	
26.122482213961437	9.759531316094515	0.0	0.0	
26.358957192044507	10.51120860071571	0.0	0.0	
25.903315846526723	12.473263204281807	0.0	0.0	
26.301045980786427	12.838877239379366	0.0	0.0	
26.249553825749143	14.48459421014806	0.0	0.0	
26.12514474285067	14.999195471326145	0.0	0.0	
26.082141180521006	16.302814837541437	0.0	0.0	
25.83982339429259	17.00958717095447	0.0	0.0	
25.849666594880585	17.866437752217593	0.0	0.0	
26.122733635296697	19.12513440117469	0.0	0.0	
26.365269441525356	20.330964753106876	0.0	0.0	
25.55845870438514	21.19329991053146	0.0	0.0	
26.45268771786021	21.718611415778913	0.0	0.0	
26.357397371146313	22.512506692968834	0.0	0.0	
26.173342371507903	24.23222316561416	0.0	0.0	
25.931072725812495	24.997912353966942	0.0	0.0	
26.44068458680735	26.12940134103024	0.0	0.0	
26.328204157227105	26.803838735518077	0.0	0.0	
25.64733688004288	27.8463372486517	0.0	0.0	
26.230591419272464	28.58170474431383	0.0	0.0	
25.984264608873882	30.38670332449796	0.0	0.0	
25.754498343293594	31.311974717507617	0.0	0.0	
27.163016774117683	0.32854596211567	0.0	0.0	
26.64686171559025	1.415300042816265	0.0	0.0	
26.633017129579027	2.2644511870769293	0.0	0.0	
26.592495031593252	2.905074574144683	0.0	0.0	
26.52242987533557	3.747688422602497	0.0	0.0	
26.660939214855233	5.377755765557316	0.0	0.0	
26.665365052389966	6.04141787962667	0.0	0.0	
27.29474101949252	7.291294007043204	0.0	0.0	
26.73269612326	8.002978967739885	0.0	0.0	
27.19951156929236	9.461783438553962	0.0	0.0	
26.87303521890905	10.027830296748519	0.0	0.0	
26.521355074482035	11.174882805750835	0.0	0.0	
27.471337711345658	11.887166711336768	0.0	0.0	
26.79413848135214	13.097077779879024	0.0	0.0	
27.22011789192982	14.458324407265634	0.0	0.0	
27.100712504988923	15.05043974756679	0.0	0.0	
26.65244476546409	16.45298371554415	0.0	0.0	
27.209787548325835	16.597359918652227	0.0	0.0	
26.71751186515151	17.957026339844155	0.0	0.0	
27.014116550086868	18.978059697319807	0.0	0.0	
26.613733177762057	19.720349251645416	0.0	0.0	
26.80716812687509	21.036374114388078	0.0	0.0	
26.95508832158643	21.969446691733438	0.0	0.0	
27.482043935168587	23.16552133856458	0.0	0.0	
27.40600369322665	24.415503086153763	0.0	0.0	
27.014356030002087	24.81971591897929	0.0	0.0	
27.364571855064835	25.958153322040143	0.0	0.0	
27.247692158732352	27.27579295388684	0.0	0.0	
27.040848363636645	28.496384837738432	0.0	0.0	
26.566781158324254	28.842163035303972	0.0	0.0	
26.63848322236022	30.19956325171573	0.0	0.0	
27.19194883572512	30.867195860327396	0.0	0.0	
28.084042955177523	0.3384436382117344	0.0	0.0	
28.39435546450161	0.5512197441418266	0.0	0.0	
27.835396911668553	2.002633054613794	0.0	0.0	
27.686680323805156	3.269096603588891	0.0	0.0	
28.119293379678524	3.572504303263192	0.0	0.0	
28.42038849715987	5.207221019832762	0.0	0.0	
28.02572882385934	5.699429639860846	0.0	0.0	
27.997001404227788	7.489921911101918	0.0	0.0	
27.84773465194532	7.545624965655602	0.0	0.0	
28.4568022152832	9.377619286214216	0.0	0.0	
27.513872923732144	9.56319486816673	0.0	0.0	
27.921071489568913	10.660037349199078	0.0	0.0	
27.540786220944334	12.323189838797814	0.0	0.0	
27.60528057320101	13.091380200553736	0.0	0.0	
27.682117428596968	13.60474742844156	0.0	0.0	
27.776718240687483	15.283123287982015	0.0	0.0	
27.590784160990534	15.657971773694708	0.0	0.0	
28.170594542049738	17.18241661704983	0.0	0.0	
28.229525689930433	18.237605972852514	0.0	0.0	
27.982599845389476	18.73965112076759	0.0	0.0	
27.90154749611351	20.137013035827778	0.0	0.0	
28.004193204368182	21.108704227240334	0.0	0.0	
28.47764693599786	22.075802313124353	0.0	0.0	
28.135930471868086	23.078366353883435	0.0	0.0	
27.73174078885135	24.148351348518027	0.0	0.0	
27.90896734230303	24.87179049151267	0.0	0.0	
28.239308774541197	26.14480401470012	0.0	0.0	
27.7894504270562	27.420153289392726	0.0	0.0	
28.448756627139133	27.682556226109057	0.0	0.0	
28.298029944299998	29.295420970811147	0.0	0.0	
28.00326358982187	29.513514676820336	0.0	0.0	
27.918093072965558	30.6662928501694	0.0	0.0	
28.778889281663382	0.4414898421542788	0.0	0.0	
29.362039205293055	0.8019972337630742	0.0	0.0	
28.547892467850378	1.5147448837047648	0.0	0.0	
28.65834288500097	3.4057188208249127	0.0	0.0	
28.679532538278938	4.389467834225626	0.0	0.0	
28.835726982818034	5.3960653995987435	0.0	0.0	
28.510473733753482	5.943372434463955	0.0	0.0	
28.537379404149057	6.625198004098305	0.0	0.0	
28.755492646357204	8.392549898273439	0.0	0.0	
28.641764187726437	8.71975442666505	0.0	0.0	
29.164124623808917	9.607335244614548	0.0	0.0	
28.824047901282594	11.075194776729356	0.0	0.0	
29.013213348985293	12.23765960763143	0.0	0.0	
28.581531288447003	13.344779428283468	0.0	0.0	
28.779208857776304	14.4387964080828	0.0	0.0	
29.488575877468026	15.08582186734909	0.0	0.0	
28.54052638431616	16.31271767126744	0.0	0.0	
28.84496191878457	17.162100127464992	0.0	0.0	
29.41574835897086	18.338403250570185	0.0	0.0	
29.33492184104952	19.12398892102645	0.0	0.0	
29.25368097236297	19.948881547055862	0.0	0.0	
29.489388209997323	21.482620139662398	0.0	0.0	
28.585201110786596	22.309643922302342	0.0	0.0	
29.273942303658856	22.51502964761063	0.0	0.0	
29.329588134723515	23.913593391124373	0.0	0.0	
29.2963749789291	25.493924857340275	0.0	0.0	
28.787055105200004	26.302610798345313	0.0	0.0	
28.51337570170305	26.92407354210838	0.0	0.0	
28.750094421893674	27.60253529133208	0.0	0.0	
28.95485058725272	28.724868892670766	0.0	0.0	
28.924754210094218	29.95267242144553	0.0	0.0	
29.411063103998288	31.0118499872857	0.0	0.0	
29.913433800497728	0.028000840017297746	0.0	0.0	
30.28911186843252	1.2734068494611965	0.0	0.0	
30.032917080455125	1.609033052927996	0.0	0.0	
30.21867207341837	2.6877982273903185	0.0	0.0	
30.160238957374567	4.3646474268279905	0.0	0.0	
30.481761522383863	5.224686889679556	0.0	0.0	
30.11529977584338	5.74641857408771	0.0	0.0	
29.67826933994462	7.492210728385655	0.0	0.0	
30.140759713230928	8.259325452412059	0.0	0.0	
29.536821505330305	9.387980648467124	0.0	0.0	
30.050359656897214	10.129743404450643	0.0	0.0	
30.035035090730204	11.443741761602332	0.0	0.0	
30.287332658591914	12.34737555848496	0.0	0.0	
30.236071885108338	13.302733925477833	0.0	0.0	
30.0286407344387	14.118480288112211	0.0	0.0	
29.844650282079048	14.610688995171293	0.0	0.0	
29.581729076334383	15.719352984090278	0.0	0.0	
30.008280298372057	16.979155902543443	0.0	0.0	
29.62305979236698	18.001200043269222	0.0	0.0	
29.73714647474964	18.813706253359552	0.0	0.0	
29.716279188991876	19.859129470546435	0.0	0.0	
29.6186352435773	20.512314421852547	0.0	0.0	
29.927161604685626	22.16232471433754	0.0	0.0	
30.087677211506588	23.213829097631873	0.0	0.0	
29.917609131018637	24.07582031361226	0.0	0.0	
29.87801932112569	24.951287533056508	0.0	0.0	
30.382902167689288	26.2478727688963	0.0	0.0	
29.616551203704194	26.897684808912587	0.0	0.0	
29.63917770640876	28.47317761425916	0.0	0.0	
29.884611797014774	28.680329023018896	0.0	0.0	
30.050443454582336	30.264814442390975	0.0	0.0	
30.469410431503682	31.468074042643803	0.0	0.0	
30.78585736786721	0.16616779814408722	0.0	0.0	
30.70960285185376	1.3601622771968778	0.0	0.0	
31.022975798497395	1.7643152261737702	0.0	0.0	
31.442120978571385	2.58863712520715	0.0	0.0	
30.884072046532218	4.419674023189475	0.0	0.0	
30.94260679851622	5.146751946159813	0.0	0.0	
31.45958754548362	5.776889075475611	0.0	0.0	
30.86837208959027	7.1851337097934165	0.0	0.0	
30.901519327426062	7.541996242145783	0.0	0.0	
31.031964380411896	9.404991190855677	0.0	0.0	
31.00197922179401	9.720408483284384	0.0	0.0	
31.115417099177918	10.972248854049953	0.0	0.0	
31.480499553989286	11.710347894878069	0.0	0.0	
31.38088490569236	13.226307424449928	0.0	0.0	
30.856993056342432	13.848836226058708	0.0	0.0	
30.808230566984363	15.208942571120195	0.0	0.0	
31.493139213760973	15.89596935583073	0.0	0.0	
31.3152809650871	16.60338892108688	0.0	0.0	
31.392459911924696	17.72309932962701	0.0	0.0	
30.897498780583106	18.781633743492975	0.0	0.0	
31.11888587415585	19.526379350679917	0.0	0.0	
30.929550648513963	20.52118934852771	0.0	0.0	
31.29635310032755	21.765061522607713	0.0	0.0	
30.85852907563858	23.19173328818465	0.0	0.0	
31.090246975677218	24.258925915788822	0.0	0.0	
31.330332830367777	25.068320258958	0.0	0.0	
30.707092163960745	25.667946001361393	0.0	0.0	
31.1682118477716	26.61441700752825	0.0	0.0	
31.301486936435488	27.92592967834248	0.0	0.0	
30.504203444008468	29.379769550648508	0.0	0.0	
31.27740035114021	30.201346050119525	0.0	0.0	
30.571086072280085	31.38660705813339	0.0	0.0	
