2
32.0	0.0	0.0	0.0	
0.0	32.0	0.0	0.0	
0.02729262358061446	0.3999857952635324	0.0	0.0	
0.48213882952157827	0.6515501452088814	0.0	0.0	
0.3285132807822745	1.993678804033789	0.0	0.0	
0.3093793913937032	3.457139274053527	0.0	0.0	
0.26619005948792274	4.3398790891961925	0.0	0.0	
0.372850331772002	5.039341839386676	0.0	0.0	
0.11077465936385789	5.687592448816974	0.0	0.0	
0.49101900261817877	7.312119459313659	0.0	0.0	
0.31521811218980933	7.973758479936321	0.0	0.0	
0.3126408797261294	8.855291635012644	0.0	0.0	
0.43768114523046997	9.66519276444652	0.0	0.0	
0.4536486099616013	10.691225276706282	0.0	0.0	
0.45309851522110445	12.12127225197638	0.0	0.0	
0.30650934482725967	12.713595659906062	0.0	0.0	
0.18348997386087706	13.529338661482514	0.0	0.0	
0.17734569032917502	14.881795549404622	0.0	0.0	
0.4593285807831462	15.917378473976228	0.0	0.0	
0.21351985597157885	17.0226614543358	0.0	0.0	
0.4536111325426103	18.165176937176067	0.0	0.0	
0.28066751393488953	18.984480438405217	0.0	0.0	
0.0274452901390293	20.068780295913076	0.0	0.0	
0.29782887106475575	20.93909422732103	0.0	0.0	
0.4126897307227626	21.99508162788641	0.0	0.0	
0.4715900382288881	23.150347687711857	0.0	0.0	
0.07208086981809347	23.94124468299162	0.0	0.0	
0.33822275547028635	24.835521312243937	0.0	0.0	
0.2590031702839303	26.266744773161815	0.0	0.0	
0.29653538374517974	26.70049193709613	0.0	0.0	
0.028188527413092412	27.96569811730304	0.0	0.0	
0.4227754878520823	29.282249696535487	0.0	0.0	
0.09690189528441606	30.022066217015624	0.0	0.0	
0.4898792809904291	30.519947787746958	0.0	0.0	
1.0536440915561442	0.2310191155373259	0.0	0.0	
1.394465148338912	1.4026633345608994	0.0	0.0	
0.8309092692635893	2.439953038006837	0.0	0.0	
1.4123995722803884	2.9958639889731127	0.0	0.0	
1.219881761938707	3.5020954817551546	0.0	0.0	
0.5188419531946233	4.61238536957958	0.0	0.0	
0.7329081457082901	5.921100213078593	0.0	0.0	
1.4318161707609574	6.531781391606378	0.0	0.0	
1.3321381580074272	7.860198552674571	0.0	0.0	
1.3667531155354564	8.526764583159467	0.0	0.0	
0.6345327455908938	10.110765869337616	0.0	0.0	
0.8468646582438283	10.793713056359783	0.0	0.0	
0.8576285536726375	11.953314192596302	0.0	0.0	
0.5267181731323136	12.767348783032018	0.0	0.0	
1.2890877503257725	13.721878685033666	0.0	0.0	
0.7863163354752585	14.910194048220987	0.0	0.0	
1.0920498283379882	16.245977227250265	0.0	0.0	
0.5509230897780352	17.288780361471115	0.0	0.0	
0.8697504209930174	17.815463731891374	0.0	0.0	
0.5608239740053236	18.643385559893183	0.0	0.0	
1.299750979835898	19.853752992839738	0.0	0.0	
1.3194201086042985	21.041258559325986	0.0	0.0	
1.4576739316715805	21.761783966027718	0.0	0.0	
0.6762826018324362	22.952742279116062	0.0	0.0	
0.9092473252342547	23.543093084825824	0.0	0.0	
1.289118646300906	25.310568540023002	0.0	0.0	
0.8705948831812222	26.01949045713854	0.0	0.0	
1.2405462550675317	27.42241343441464	0.0	0.0	
1.4372260837950104	27.96153424172365	0.0	0.0	
1.3026044453614358	28.649337235819367	0.0	0.0	
0.6764537232474718	30.145711379704842	0.0	0.0	
0.8568311850654207	31.134107225522772	0.0	0.0	
1.677142456703276	0.1809936520684109	0.0	0.0	
1.604357422086522	0.7695434172408313	0.0	0.0	
2.3337938057935657	1.9106218151129974	0.0	0.0	
2.2397290939138763	2.820726046884647	0.0	0.0	
2.440777133213265	3.6171300287894192	0.0	0.0	
2.278574936311256	4.6107325428392825	0.0	0.0	
2.2523274241289593	5.810137449815009	0.0	0.0	
1.933562421213628	6.506648728930381	0.0	0.0	
2.3818765570179354	8.327190419160257	0.0	0.0	
1.6680592868687554	9.158829724974787	0.0	0.0	
1.9725788971015739	9.964502723939104	0.0	0.0	
2.1891546698870545	10.96002154491349	0.0	0.0	
2.2410580558755737	11.701543678248653	0.0	0.0	
2.2793779805792074	13.248280593031222	0.0	0.0	
2.2023195180159147	14.363110289580115	0.0	0.0	
1.9594199800433931	14.530560002760202	0.0	0.0	
2.2101070877147486	16.28395841944792	0.0	0.0	
1.9285714166967154	16.534990519252215	0.0	0.0	
2.3366191518017443	18.013040223752693	0.0	0.0	
1.5824567327952201	19.456577693068102	0.0	0.0	
2.037784611871378	19.842899215845787	0.0	0.0	
2.1170291286854304	20.71530475952558	0.0	0.0	
2.2729968375643157	21.80909616616729	0.0	0.0	
2.0443505855696937	22.726928657273618	0.0	0.0	
1.8328753967938152	24.146200162770576	0.0	0.0	
2.3341555435341017	24.82512790911227	0.0	0.0	
1.8408197614246458	26.300769409625946	0.0	0.0	
1.979747488247164	26.824551108318687	0.0	0.0	
2.113593263391606	28.056377086043934	0.0	0.0	
1.8454033856379481	29.173355927229274	0.0	0.0	
1.7298605036128	30.468777290990076	0.0	0.0	
2.3379707308001856	30.61474470899112	0.0	0.0	
3.314120505240611	0.2686696080026906	0.0	0.0	
3.396917152872923	0.7337316863817217	0.0	0.0	
2.566817155262729	1.7963188484516976	0.0	0.0	
3.2480822636069595	2.597882973774629	0.0	0.0	
3.2084769435729656	4.008598117599019	0.0	0.0	
3.120941515211083	5.253664078466053	0.0	0.0	
3.310232084681707	6.370778831011478	0.0	0.0	
2.896332104197984	7.185021585051514	0.0	0.0	
2.887002571795838	7.764004894918615	0.0	0.0	
3.1850003931200805	9.3185878876109	0.0	0.0	
3.07559437006106	10.076048714022756	0.0	0.0	
2.5350495403720483	10.768066589559162	0.0	0.0	
2.752223895472833	12.212760907033681	0.0	0.0	
3.3352806413165643	12.656521864245933	0.0	0.0	
3.451030106795505	14.172871457387041	0.0	0.0	
3.16565100238016	15.157072700610348	0.0	0.0	
2.9751501077569613	15.83309452636857	0.0	0.0	
2.9855483580196074	16.642637730633645	0.0	0.0	
3.429196355494677	17.59648661539936	0.0	0.0	
3.4196446539440837	18.796599909787272	0.0	0.0	
3.12576285273356	19.589766303904884	0.0	0.0	
3.3243498668879634	20.80592833876192	0.0	0.0	
3.0952924650630846	21.97650618881178	0.0	0.0	
3.06283442670948	23.296071898253217	0.0	0.0	
2.830612324225945	24.053889557418692	0.0	0.0	
2.6865452829229826	24.54007424923018	0.0	0.0	
2.8634320338073698	25.884601759248593	0.0	0.0	
3.3700167705433137	27.480887049564735	0.0	0.0	
3.070867629599503	27.621933802111926	0.0	0.0	
2.676216552438724	29.297550087955162	0.0	0.0	
3.4469633460583746	30.212299927475843	0.0	0.0	
2.9310318933922668	30.931858440377706	0.0	0.0	
4.285199971763691	0.0937144847331115	0.0	0.0	
3.6364673905058487	1.0681135732577245	0.0	0.0	
3.651292002014981	1.9127046539055457	0.0	0.0	
3.853797480240055	3.359014257231579	0.0	0.0	
4.063830309435334	4.2301558482567305	0.0	0.0	
3.8324456508273705	5.114089432315014	0.0	0.0	
4.437572566694674	5.679312162222948	0.0	0.0	
4.2260966516379534	7.461475208487043	0.0	0.0	
3.806248429271123	8.240628348442995	0.0	0.0	
3.502523346100932	8.920059527649329	0.0	0.0	
4.451139344565975	10.147499350992366	0.0	0.0	
3.80983131272989	11.135459795919239	0.0	0.0	
3.8374428012064263	11.76386826733071	0.0	0.0	
4.318156845537246	12.91550657037832	0.0	0.0	
4.109520847820185	14.358208661463443	0.0	0.0	
4.331159602629399	15.345122356139077	0.0	0.0	
3.7739965335211028	15.937350200563142	0.0	0.0	
4.219247892951264	16.650127365019248	0.0	0.0	
3.770230804393942	18.03869476027865	0.0	0.0	
3.5334941986188797	19.110961178502784	0.0	0.0	
4.405418534104965	20.0058506553361	0.0	0.0	
4.420152349207977	20.563026048451977	0.0	0.0	
4.465909031045771	21.710807826024148	0.0	0.0	
4.333680752968281	23.207615027427472	0.0	0.0	
3.7610123334046643	23.985251672409102	0.0	0.0	
4.369086794214549	25.214534351937225	0.0	0.0	
4.403256247936195	26.050109718791976	0.0	0.0	
3.5823099063632995	27.358969877255333	0.0	0.0	
4.265683102343367	28.010295679881974	0.0	0.0	
4.119298915283549	28.910868756771364	0.0	0.0	
4.0122371309254	29.89141772578223	0.0	0.0	
3.750080385716545	31.049018923837146	0.0	0.0	
5.061359057370527	0.17714769388434104	0.0	0.0	
5.105251201372974	1.0546970636887287	0.0	0.0	
5.087439473108312	2.28430592699413	0.0	0.0	
4.847659896223641	2.581886256731169	0.0	0.0	
4.610282986638266	4.178521321081403	0.0	0.0	
4.918044070400506	5.229602264797153	0.0	0.0	
4.6295114965606805	5.518175906299244	0.0	0.0	
5.334648514721407	7.350738685891718	0.0	0.0	
4.715814467332919	7.985870379997865	0.0	0.0	
5.087657156255566	9.452785372093434	0.0	0.0	
5.174024196788582	10.349023458217609	0.0	0.0	
4.763422444243675	11.378350180259998	0.0	0.0	
5.02929389148102	12.327334831691584	0.0	0.0	
4.646419021629418	13.166268973997179	0.0	0.0	
4.6729367342053845	14.214477730716895	0.0	0.0	
4.763909663143683	14.8499717403674	0.0	0.0	
5.499302210374035	15.719357703289885	0.0	0.0	
5.304525067413424	16.823275365150753	0.0	0.0	
5.194210802200738	17.75381352433415	0.0	0.0	
4.84375520709259	19.192086948496666	0.0	0.0	
4.719906161747707	20.17416554638203	0.0	0.0	
5.230337800008136	20.633070202517434	0.0	0.0	
5.312000942340196	21.73403629176253	0.0	0.0	
5.175094726761337	23.156614021154663	0.0	0.0	
5.2785182442283265	23.7800586717754	0.0	0.0	
5.248241704490577	25.24533757979807	0.0	0.0	
4.795502592113959	25.551368763395	0.0	0.0	
4.608748958355232	26.938825654393348	0.0	0.0	
4.834836273517367	27.992941232681762	0.0	0.0	
4.5523681504057505	28.91625124371155	0.0	0.0	
4.530465423050827	29.741696617848177	0.0	0.0	
5.358236407599949	30.82176684432444	0.0	0.0	
5.533929674441932	0.22283937670899334	0.0	0.0	
5.7218787083192675	0.9929141559326492	0.0	0.0	
6.254951862396389	1.856685915246759	0.0	0.0	
6.110757344298643	2.652224544834705	0.0	0.0	
6.279594807513389	4.2588823880568	0.0	0.0	
6.00392061490263	5.0295771496952115	0.0	0.0	
5.782464886485551	6.237670061693184	0.0	0.0	
5.78353451287563	7.022697542163583	0.0	0.0	
5.541198735178943	8.190439364388634	0.0	0.0	
5.977858765647379	8.725205341150401	0.0	0.0	
5.941651252985162	9.929747018246005	0.0	0.0	
5.765002292208604	11.465166961358205	0.0	0.0	
6.313946279841863	11.580801875057755	0.0	0.0	
5.524128551575165	12.629070837105957	0.0	0.0	
5.802055900720343	14.496833634725164	0.0	0.0	
5.7098240614496385	15.14340342492809	0.0	0.0	
5.572682242788739	16.421984944297414	0.0	0.0	
6.134154803944424	17.344631260680686	0.0	0.0	
6.489229342822634	17.994991197391712	0.0	0.0	
6.193136559877165	18.761932303870303	0.0	0.0	
6.354695738763905	19.69918871885515	0.0	0.0	
5.744109037261177	21.204304910958093	0.0	0.0	
6.435215815529434	21.546386559062544	0.0	0.0	
5.705779220769914	23.17416922485483	0.0	0.0	
6.473084721461781	24.070722149570784	0.0	0.0	
5.516377588297007	25.40118361170507	0.0	0.0	
5.936664228625419	26.132487720819245	0.0	0.0	
6.171042445924107	27.028711515920506	0.0	0.0	
5.827067009406107	27.662120444105575	0.0	0.0	
6.120157519786892	29.439767820153566	0.0	0.0	
6.367317111357865	29.625904654672166	0.0	0.0	
5.576041927636457	31.067579869005886	0.0	0.0	
6.979470427091905	0.07783852708393502	0.0	0.0	
7.143350743500451	1.4628392760410587	0.0	0.0	
6.741255322991003	2.413223722336209	0.0	0.0	
7.237202169423301	3.0197149424187346	0.0	0.0	
6.538723026794428	3.989274700756118	0.0	0.0	
7.040045524909106	4.999602483015805	0.0	0.0	
6.856185293414671	6.183513571240773	0.0	0.0	
7.34876409755264	7.041442409067681	0.0	0.0	
6.72161672049832	8.32893626076285	0.0	0.0	
6.637178555990161	9.45497966308815	0.0	0.0	
7.4241194904865635	10.25242085493867	0.0	0.0	
6.769370254265662	11.258621116784557	0.0	0.0	
6.640602592722829	12.031775039362472	0.0	0.0	
6.660785625505667	13.228066299851513	0.0	0.0	
7.127394096579071	13.924925563867875	0.0	0.0	
7.0185421761894355	14.70492695705523	0.0	0.0	
6.891782934583184	15.773318073638915	0.0	0.0	
7.013345678193147	17.287707397956737	0.0	0.0	
6.954765618606996	17.94429678561016	0.0	0.0	
7.154347944879777	19.190583327984882	0.0	0.0	
7.083388759201936	20.339595857152666	0.0	0.0	
6.679365734327579	21.069889617094923	0.0	0.0	
7.494516749501467	21.754777622655123	0.0	0.0	
6.6430546762586395	23.23488102461297	0.0	0.0	
7.3151458641302245	24.328984225220992	0.0	0.0	
7.247138341227768	24.8223306500734	0.0	0.0	
7.1860509599339535	25.796148692296036	0.0	0.0	
6.527339664592012	27.380339691897774	0.0	0.0	
6.943687256569715	27.506962786650902	0.0	0.0	
7.381218231192175	29.09254323985213	0.0	0.0	
7.3190470731053585	29.838035967231534	0.0	0.0	
6.6808567750073555	31.467356113816585	0.0	0.0	
7.837541560074459	0.48390232339918415	0.0	0.0	
8.232697651915927	0.9559259170340713	0.0	0.0	
7.9925047158905915	2.382995676807268	0.0	0.0	
8.044444356046164	3.1182380066815205	0.0	0.0	
7.820129621804025	3.764736359216622	0.0	0.0	
8.375928253776054	5.007874338770304	0.0	0.0	
7.951998341705073	6.096663146006534	0.0	0.0	
7.913763283698749	7.377536965364838	0.0	0.0	
7.645120479364585	8.316981860435465	0.0	0.0	
8.487145893541825	9.334410638535383	0.0	0.0	
7.598544930004702	9.868516896374103	0.0	0.0	
8.24534114019313	10.885996163978772	0.0	0.0	
8.322983121700902	11.850565509804724	0.0	0.0	
8.381066643611886	13.446695971669307	0.0	0.0	
8.01358803400184	13.825129470323654	0.0	0.0	
7.57248446066196	14.744408928677661	0.0	0.0	
7.679436548091581	16.358595451252434	0.0	0.0	
8.106578960883706	16.633204032524517	0.0	0.0	
8.254283826843597	17.777634692146787	0.0	0.0	
7.875891819057298	19.083858318047163	0.0	0.0	
8.161471729433751	19.69366522784022	0.0	0.0	
8.046584148385287	20.945583306590898	0.0	0.0	
8.090408230635608	22.095892643511313	0.0	0.0	
7.907334294799563	23.466455134896595	0.0	0.0	
8.487545260686892	23.621976486197152	0.0	0.0	
8.295289731165724	25.376289604595822	0.0	0.0	
8.294885369909014	25.63412387333243	0.0	0.0	
8.290108382306393	26.540031040087275	0.0	0.0	
8.46965672920868	27.99442651495337	0.0	0.0	
7.5287905877218275	28.810200594540714	0.0	0.0	
8.178434156976559	29.669926482002445	0.0	0.0	
7.6526377044316165	31.391014144850917	0.0	0.0	
8.844200879037151	0.1442900484221611	0.0	0.0	
8.826718266880624	1.0171706347310865	0.0	0.0	
9.466693258653828	2.331565553013624	0.0	0.0	
9.461947643239233	2.6903170601581112	0.0	0.0	
9.143110248536342	3.798682425877456	0.0	0.0	
8.937690752087486	4.820926995783342	0.0	0.0	
8.956478648445762	6.22643592999486	0.0	0.0	
8.901194331749641	7.396332138442841	0.0	0.0	
9.253788316420998	8.37423344261541	0.0	0.0	
8.584278619530782	9.339108655031522	0.0	0.0	
9.13388039758059	10.168101368433522	0.0	0.0	
8.842318425528982	11.494678595309303	0.0	0.0	
9.389223937043724	11.506051815187657	0.0	0.0	
9.432790089122411	13.23851368477218	0.0	0.0	
9.167234052612404	14.233280651834008	0.0	0.0	
8.864351729674906	15.329641189323493	0.0	0.0	
9.090638406616332	15.689624051706211	0.0	0.0	
9.433885911923971	17.391684286229165	0.0	0.0	
9.365980984770339	18.023625807438908	0.0	0.0	
9.086453211633408	18.63705105983633	0.0	0.0	
9.284973743555156	19.93099080062392	0.0	0.0	
9.235744216526914	20.640534450652186	0.0	0.0	
9.197285869960616	21.66784878647651	0.0	0.0	
8.566538414141911	23.334570304797943	0.0	0.0	
9.453497987103214	24.362858598968817	0.0	0.0	
8.881321350437121	25.02403731781316	0.0	0.0	
9.036683157410298	26.480873168253705	0.0	0.0	
8.681965620013848	26.645727409378612	0.0	0.0	
9.437817978782705	27.933222378692925	0.0	0.0	
8.715290350738755	29.383208576789425	0.0	0.0	
9.327427497753586	30.46895104076661	0.0	0.0	
9.043353068360823	31.127782081488995	0.0	0.0	
9.825012850019657	0.04962668088073541	0.0	0.0	
10.177860963487088	1.4173857838693134	0.0	0.0	
9.9363714298698	2.383028550918831	0.0	0.0	
10.406880531140613	3.333461468027004	0.0	0.0	
10.132993926472725	3.6212928696564517	0.0	0.0	
9.693342366633928	5.143577596298327	0.0	0.0	
10.24681268422741	6.184596378140659	0.0	0.0	
10.39596945467219	7.0982292770641235	0.0	0.0	
9.693121725671844	8.403122857361124	0.0	0.0	
10.393093813924416	9.458157700549847	0.0	0.0	
9.785976181055197	9.941570765675895	0.0	0.0	
9.685026347546739	11.103533255268458	0.0	0.0	
9.7479117003062	11.628934552473629	0.0	0.0	
10.1250899715367	13.495787781370169	0.0	0.0	
9.84959907953643	13.50672099163004	0.0	0.0	
9.534984070995298	15.464634944360183	0.0	0.0	
10.031630200742281	16.216870055988554	0.0	0.0	
9.62284784179369	17.081110708626788	0.0	0.0	
10.162504356816623	17.92242283089918	0.0	0.0	
10.313514055826914	19.297031782650777	0.0	0.0	
9.734688237877199	20.34204916592905	0.0	0.0	
9.543915270927725	21.013604597197965	0.0	0.0	
10.49862174678701	22.016004943599974	0.0	0.0	
9.784884236963668	22.52425125044019	0.0	0.0	
9.91999954736265	23.66102339125652	0.0	0.0	
9.505763122639202	24.794250537459238	0.0	0.0	
9.76340334492069	25.510360676008407	0.0	0.0	
10.176536143476563	26.925345265099473	0.0	0.0	
9.808267366982644	27.887154503160353	0.0	0.0	
9.539097805875894	29.14020330040023	0.0	0.0	
9.821416368370441	29.855760084629463	0.0	0.0	
10.474840774998258	31.274818206109572	0.0	0.0	
10.918619001279628	0.20924134749607204	0.0	0.0	
10.865403858847863	0.5498200493708896	0.0	0.0	
10.939409277743474	2.3897863406898154	0.0	0.0	
10.565317689681056	2.855848953041797	0.0	0.0	
11.237172802761512	3.5471217349314808	0.0	0.0	
11.308939743655277	4.597833886204811	0.0	0.0	
10.71478917972509	6.277241577218825	0.0	0.0	
10.818674844986573	6.52344861499211	0.0	0.0	
11.383497463949919	8.064850540559556	0.0	0.0	
10.814776551501637	9.03707919216311	0.0	0.0	
11.461299999374246	9.519334602201019	0.0	0.0	
10.618198296085643	10.783411924418598	0.0	0.0	
10.669751471917275	12.375964859859199	0.0	0.0	
10.593103839221731	13.476491226875256	0.0	0.0	
10.861603851245881	13.981850934347367	0.0	0.0	
10.868089941617557	15.101671066310963	0.0	0.0	
11.108229382346995	15.900692027627427	0.0	0.0	
11.364526822106422	17.13352478599435	0.0	0.0	
11.41067307072274	17.803348013041873	0.0	0.0	
10.816899716749282	18.62791874424643	0.0	0.0	
11.243722243420951	20.490409158521864	0.0	0.0	
10.717521719588051	20.578820721406448	0.0	0.0	
11.028602093008441	22.077534749311667	0.0	0.0	
10.748684417427047	23.44793128006744	0.0	0.0	
11.38890066742769	23.894999250206187	0.0	0.0	
10.921842279307299	24.8218525408672	0.0	0.0	
11.1681144245431	25.92158966663147	0.0	0.0	
10.542190621747352	27.120177802842566	0.0	0.0	
11.45364262469791	27.68929211149748	0.0	0.0	
10.907853425228156	29.275905196447958	0.0	0.0	
10.571451913813315	30.42829794888245	0.0	0.0	
10.520864619297233	30.75949235261684	0.0	0.0	
11.741840621189583	0.4487091867096684	0.0	0.0	
11.591240340463914	0.8515580446188703	0.0	0.0	
12.269646625035216	2.0894706555145746	0.0	0.0	
12.291445808237889	2.8005476048673	0.0	0.0	
12.179096208716045	3.791678391027648	0.0	0.0	
11.761910314671862	5.310213420977086	0.0	0.0	
12.01736212540882	5.97745115896131	0.0	0.0	
12.223182502600165	7.358560087641745	0.0	0.0	
11.62213656529042	8.31245826744405	0.0	0.0	
12.271603289402973	9.002233954615319	0.0	0.0	
11.64120832796851	10.336657151160004	0.0	0.0	
11.508329996997531	10.692026394695752	0.0	0.0	
12.301285546882927	11.875278575903355	0.0	0.0	
12.491776688884599	12.96643888865014	0.0	0.0	
11.807050261340319	14.22078101397226	0.0	0.0	
11.920695964539995	14.682349052605705	0.0	0.0	
11.524627879502695	16.170992078826618	0.0	0.0	
12.00292898525622	16.79037399052806	0.0	0.0	
11.656792871678467	18.49530542361456	0.0	0.0	
12.320059221523742	18.916153353382906	0.0	0.0	
12.267114107116905	19.508301345840955	0.0	0.0	
11.501061243282205	20.964797324027916	0.0	0.0	
11.756673483207154	22.07933765022511	0.0	0.0	
12.052625527439476	23.320188660501287	0.0	0.0	
11.953707781095824	24.29046768485395	0.0	0.0	
12.234351163150524	24.56962759030137	0.0	0.0	
12.355062893621305	26.307397895139115	0.0	0.0	
12.386751630039717	26.69657439874017	0.0	0.0	
11.52142794691181	28.44504174655352	0.0	0.0	
12.257591727161532	28.547818108138717	0.0	0.0	
12.493072135998307	30.007825836057368	0.0	0.0	
11.977362693400242	31.31140849439805	0.0	0.0	
13.080671676447064	0.491078702622177	0.0	0.0	
13.401919837027622	0.6052050702435654	0.0	0.0	
12.867943019781766	2.319494632847145	0.0	0.0	
13.003512709915928	3.386758021452196	0.0	0.0	
12.504218755672946	3.5182955247138414	0.0	0.0	
13.44457723014715	4.766460829165366	0.0	0.0	
12.729193810557582	6.250868088023741	0.0	0.0	
12.96410319857243	6.881801202003676	0.0	0.0	
13.257387342758545	8.25517210565163	0.0	0.0	
12.672079173943366	8.701754687637552	0.0	0.0	
12.516852634344428	9.896163094413334	0.0	0.0	
12.726521979768812	11.354456600065369	0.0	0.0	
12.99738771268429	12.106411645889134	0.0	0.0	
12.637380740915283	12.894480378998882	0.0	0.0	
13.352016984238135	14.342235783647958	0.0	0.0	
12.60910606186456	15.475220730165113	0.0	0.0	
13.194126972657507	15.570741438844898	0.0	0.0	
12.850806253725509	16.970312375449133	0.0	0.0	
13.255623904842718	17.728712824375464	0.0	0.0	
13.031129787855425	18.880871663571458	0.0	0.0	
12.635955924050327	20.294249829208685	0.0	0.0	
12.57171347265462	20.590130718395418	0.0	0.0	
12.512880091216052	22.42951725323703	0.0	0.0	
13.40921136205316	23.391909752858282	0.0	0.0	
13.336070475675667	23.997978718963726	0.0	0.0	
13.359117618603992	24.7691914422453	0.0	0.0	
12.720050627963378	25.627650838099246	0.0	0.0	
12.95917115045417	27.062352649333754	0.0	0.0	
12.94120143739651	28.30027892868054	0.0	0.0	
12.93226176658313	28.613015958005004	0.0	0.0	
12.832791020145779	30.2824591754535	0.0	0.0	
13.315646080897036	31.144164471695817	0.0	0.0	
14.39551042129025	0.30940299420036954	0.0	0.0	
14.24754828712989	1.4727859962046752	0.0	0.0	
13.514946908272986	2.087948628412218	0.0	0.0	
14.10560106233585	3.3089499735826307	0.0	0.0	
14.364790089501469	3.5190457808575957	0.0	0.0	
13.707627617512179	5.161435851436066	0.0	0.0	
14.191398051759604	6.239037117678955	0.0	0.0	
13.54298811687798	7.088249368579843	0.0	0.0	
14.194854719970957	8.113684515053247	0.0	0.0	
13.747435529408367	8.696211573048746	0.0	0.0	
13.610229375423877	10.351617213381884	0.0	0.0	
14.116131028776516	10.682763307059169	0.0	0.0	
14.042726180035949	11.720390505862175	0.0	0.0	
13.93711455851413	13.032104528123304	0.0	0.0	
13.555160232326239	13.906021236423962	0.0	0.0	
14.105671630701043	15.248814232386943	0.0	0.0	
14.428912631463435	15.804868313872683	0.0	0.0	
14.079647263240755	16.573825097657195	0.0	0.0	
13.706478957967594	17.996105272398005	0.0	0.0	
13.98412406872283	18.715581550311963	0.0	0.0	
13.600513775584622	19.990881027423868	0.0	0.0	
13.677814794387226	21.173250753406464	0.0	0.0	
14.065225681200017	22.410017457743724	0.0	0.0	
14.233421252580753	22.507651053223515	0.0	0.0	
14.260155938393334	24.29464158935061	0.0	0.0	
14.21165668639142	24.751080441459113	0.0	0.0	
14.366246430416131	26.324010389105023	0.0	0.0	
13.590011510371266	27.26069152659092	0.0	0.0	
13.579131454912766	27.876508570434403	0.0	0.0	
14.231320271465691	29.325040480466754	0.0	0.0	
14.2102163567754	30.07799011118457	0.0	0.0	
13.993423217549212	31.008233641445617	0.0	0.0	
14.900379296541981	0.29762129715486174	0.0	0.0	
14.896500433914447	1.4694647264281957	0.0	0.0	
14.58816858858357	1.966517135759509	0.0	0.0	
14.889152375294717	3.1990000567872494	0.0	0.0	
15.361825021422066	3.8192210088628915	0.0	0.0	
15.39174779367141	4.690114250567115	0.0	0.0	
15.105784051011373	6.3591577012198774	0.0	0.0	
14.670790868268204	6.831684666663643	0.0	0.0	
14.9386042183961	7.563847349202662	0.0	0.0	
15.24441169534388	9.249130559421983	0.0	0.0	
14.503853038812748	9.947960053096418	0.0	0.0	
14.938249424969456	10.663347210851308	0.0	0.0	
14.680172479506998	11.632972936942451	0.0	0.0	
14.682460503201119	12.555912152328007	0.0	0.0	
14.9541057368674	13.841317953087428	0.0	0.0	
14.555354504021953	15.43044486636045	0.0	0.0	
14.81764848216482	15.896183863685252	0.0	0.0	
14.55863993191699	17.351733719692483	0.0	0.0	
15.101125771211906	18.230000501867046	0.0	0.0	
15.422560721199323	18.721520772436072	0.0	0.0	
14.706320639699813	20.36061579930518	0.0	0.0	
15.38025044638655	21.040929723759245	0.0	0.0	
15.132563516576784	22.17470869888197	0.0	0.0	
15.376914711792484	22.950492865863318	0.0	0.0	
15.085252263474622	24.23387133008509	0.0	0.0	
15.136267843229765	24.913733191597437	0.0	0.0	
14.623441113472804	26.190153343358045	0.0	0.0	
14.808574713500477	27.040397633597497	0.0	0.0	
14.993416428302087	28.403532340720776	0.0	0.0	
14.882560361073773	28.723260834052027	0.0	0.0	
14.952751058558421	29.708909035951045	0.0	0.0	
15.283971516396974	30.95911860468219	0.0	0.0	
16.36501521828592	0.49535214927460147	0.0	0.0	
16.49165358699854	0.9888307347211502	0.0	0.0	
16.083054649894017	2.045490137320787	0.0	0.0	
15.755297911028073	2.6898254329211015	0.0	0.0	
15.82467265522247	3.585576967764908	0.0	0.0	
15.902842909946335	5.032176574249851	0.0	0.0	
15.838753632463044	5.7029167535020635	0.0	0.0	
15.773494263434886	6.741838189166027	0.0	0.0	
16.04797240341629	7.782441136244443	0.0	0.0	
15.8764138907183	9.138997475690749	0.0	0.0	
16.06877733396096	10.37734122827179	0.0	0.0	
15.93480613842226	11.288135140802332	0.0	0.0	
16.207351514708062	12.4346103542753	0.0	0.0	
16.483205785835835	13.336108981340834	0.0	0.0	
15.873895249883592	14.238066762514174	0.0	0.0	
15.923855782493476	15.188860720805277	0.0	0.0	
16.210681358075515	15.537089886215988	0.0	0.0	
15.658439580956266	17.420035392966497	0.0	0.0	
15.5528692844248	18.026801465683555	0.0	0.0	
15.570561228641036	19.01093043686984	0.0	0.0	
15.514410491187366	20.382352382868067	0.0	0.0	
16.479224379025382	20.721758572260004	0.0	0.0	
15.966595429041089	22.20762749520528	0.0	0.0	
16.26170740230481	23.15099232843917	0.0	0.0	
16.260316692258215	24.283887933038447	0.0	0.0	
15.926224444112657	24.647292473321695	0.0	0.0	
16.4818600131337	26.12670288640165	0.0	0.0	
16.12436360121242	26.634595193848046	0.0	0.0	
16.42304271374191	27.521626004242083	0.0	0.0	
16.13911215947713	28.966819434028423	0.0	0.0	
16.440826012002614	29.623459510577373	0.0	0.0	
16.092605093355154	30.79408664996804	0.0	0.0	
16.7390081987707	0.4714879146978669	0.0	0.0	
17.29375380707639	0.5904790039528827	0.0	0.0	
17.18843513536403	1.709890722324619	0.0	0.0	
16.71275362293865	2.936845477345062	0.0	0.0	
16.915659334420116	3.8858969649075115	0.0	0.0	
17.240468822404655	4.55135695635592	0.0	0.0	
16.665132806435633	5.679806893498457	0.0	0.0	
16.63536512684502	7.2291081220479825	0.0	0.0	
16.962497657284654	7.913587568882036	0.0	0.0	
16.53585239086975	9.300361693928943	0.0	0.0	
16.745846428483397	10.424146956836072	0.0	0.0	
17.449609212091605	10.720083123807084	0.0	0.0	
16.564480919440243	12.477592350143654	0.0	0.0	
17.257828068197668	13.057504497718991	0.0	0.0	
17.31079222856888	14.454683073387981	0.0	0.0	
17.227839834024394	15.05536263350933	0.0	0.0	
16.9943169694013	15.730472689980934	0.0	0.0	
16.752456794614805	16.717133879041295	0.0	0.0	
16.652865988150854	18.237238211622252	0.0	0.0	
16.934330872470213	18.8907745763627	0.0	0.0	
17.085679028250187	20.288845574289276	0.0	0.0	
17.297179420016978	20.99462968835988	0.0	0.0	
16.534962784182206	22.055828688025056	0.0	0.0	
16.678401958084113	23.07649859560679	0.0	0.0	
16.562953684575223	24.320368247606066	0.0	0.0	
17.37390863224889	25.110425502671756	0.0	0.0	
16.984914339948062	25.727975659085402	0.0	0.0	
17.116279594254717	27.189029972846708	0.0	0.0	
16.89683159693333	27.942807570118852	0.0	0.0	
16.550962413284662	29.058323103697436	0.0	0.0	
16.610864692305245	30.319008622867408	0.0	0.0	
17.333321744322788	31.14837982164711	0.0	0.0	
18.211736080421662	0.4380679246365614	0.0	0.0	
17.89227361985254	0.8087709587024895	0.0	0.0	
17.703110034934067	1.868374968700791	0.0	0.0	
18.275762878013204	3.2452914884820494	0.0	0.0	
17.872236649066856	4.426057193001414	0.0	0.0	
17.819834123316443	4.6063797652411465	0.0	0.0	
18.28061638410596	6.367750320191018	0.0	0.0	
18.323019019120363	7.497876769264581	0.0	0.0	
18.181400363545812	7.824160769023899	0.0	0.0	
18.49639874451888	9.30325984267753	0.0	0.0	
17.81733499976599	9.675041505220372	0.0	0.0	
17.502158547568403	10.507842350047497	0.0	0.0	
17.902476930327193	11.917743862383027	0.0	0.0	
17.563631757017216	13.149549567014393	0.0	0.0	
18.45471571108185	13.974216211228029	0.0	0.0	
18.386474601053642	14.90806781196772	0.0	0.0	
17.779246428840505	16.16977489672106	0.0	0.0	
17.844048982582198	16.503832238648545	0.0	0.0	
17.77621809563782	18.20369866655487	0.0	0.0	
17.895380839397582	19.42136809155519	0.0	0.0	
17.83735385806932	19.901356017621378	0.0	0.0	
18.043037312278997	21.23817794039606	0.0	0.0	
17.94844747049079	21.664088171985565	0.0	0.0	
17.844420480902496	22.983333006654767	0.0	0.0	
17.70142984489897	24.395166521212335	0.0	0.0	
18.390288562613716	24.88619237229807	0.0	0.0	
18.36788146730044	26.488836120788456	0.0	0.0	
17.937634028253015	26.500719318308622	0.0	0.0	
18.028887200337273	28.11461799886411	0.0	0.0	
17.926170578068948	29.36736002392102	0.0	0.0	
17.541186216960853	29.55779698661251	0.0	0.0	
18.21029488272835	31.42137906068028	0.0	0.0	
18.504531302709537	0.1317077106236424	0.0	0.0	
19.367947865063012	1.3017574560080742	0.0	0.0	
19.268430165155642	2.3216132162269103	0.0	0.0	
19.17178671272215	2.5289964261299773	0.0	0.0	
19.338855145280423	3.8809717067094636	0.0	0.0	
18.73303281464696	5.025629362330554	0.0	0.0	
18.792604647790107	5.538154036868792	0.0	0.0	
19.196400216338503	6.85920755743582	0.0	0.0	
18.586288548052533	8.25790238375818	0.0	0.0	
19.30554938038375	9.079404874068295	0.0	0.0	
18.78897203738251	9.667456728133832	0.0	0.0	
18.669868968319996	10.797609067426142	0.0	0.0	
19.104673552681216	11.53714943765862	0.0	0.0	
19.239314004970367	12.532288022014136	0.0	0.0	
18.579915832637734	13.603286910703074	0.0	0.0	
19.28860025673707	15.017925825513204	0.0	0.0	
19.49811930761716	16.429863237588524	0.0	0.0	
18.65289815425711	17.223890459056914	0.0	0.0	
18.558104347489678	18.042630863479634	0.0	0.0	
18.782475759659942	19.077132345483463	0.0	0.0	
18.540960631673435	19.518636910618355	0.0	0.0	
19.012411240173194	20.697523962041352	0.0	0.0	
18.6119855701889	21.961985313231747	0.0	0.0	
18.83387033167415	22.871625743689346	0.0	0.0	
19.25116140675573	24.164304065815777	0.0	0.0	
18.555076436460023	25.10342389611316	0.0	0.0	
18.941118006855145	26.324846140704782	0.0	0.0	
19.177253103268157	26.723577810472666	0.0	0.0	
18.964268396012763	28.294756625379783	0.0	0.0	
18.524161669736614	29.119121223333245	0.0	0.0	
19.296717119410324	29.801764885906245	0.0	0.0	
18.735164008020558	31.312125276750024	0.0	0.0	
19.562042766973445	0.1358304820307079	0.0	0.0	
20.217941432224073	0.543379304390013	0.0	0.0	
20.38115971713927	1.8359840302045798	0.0	0.0	
19.925861873195146	3.3287078157099788	0.0	0.0	
20.17269316756061	4.127649288017263	0.0	0.0	
19.75729448132119	5.204388969244848	0.0	0.0	
20.056585174902015	6.3487259141748975	0.0	0.0	
19.80646075767742	6.568133572177597	0.0	0.0	
20.008593297776297	8.458789652144873	0.0	0.0	
19.990550408705783	9.23591074552473	0.0	0.0	
19.65384657232794	9.515672355515969	0.0	0.0	
19.851241612578068	10.639957105122617	0.0	0.0	
19.777371870270226	11.931055903030169	0.0	0.0	
20.141017916013645	12.726041487050443	0.0	0.0	
20.014763100005844	13.787734012904984	0.0	0.0	
19.67765250015587	15.491652940826581	0.0	0.0	
19.98845581240518	15.90613481823998	0.0	0.0	
19.839122949954056	16.645439065747055	0.0	0.0	
20.10783047310776	18.13369584187472	0.0	0.0	
19.92977044961477	18.531491022449742	0.0	0.0	
19.72739800977117	20.224787346069736	0.0	0.0	
20.47276249125253	21.470837020811228	0.0	0.0	
19.849523876643637	22.34093117122607	0.0	0.0	
19.559199551991902	23.223528073439667	0.0	0.0	
20.185190833928285	24.10231707582543	0.0	0.0	
19.57266910624321	25.4937267025427	0.0	0.0	
20.10000125008978	26.008126535734657	0.0	0.0	
20.033431525615793	27.098478975785383	0.0	0.0	
20.395693557619524	27.775741910033506	0.0	0.0	
20.315555585064775	28.89692700834686	0.0	0.0	
20.43311570479428	29.639312995535043	0.0	0.0	
19.84941934798672	31.424342942587256	0.0	0.0	
21.12142317133405	0.3660842271356054	0.0	0.0	
21.480558900648155	0.9194026780132131	0.0	0.0	
21.15038242060881	2.0491280637258624	0.0	0.0	
20.9361377226123	3.188371966401811	0.0	0.0	
21.14149803300739	4.285565686109956	0.0	0.0	
21.27076325783881	5.008863368306521	0.0	0.0	
20.66609226173227	6.253466099407255	0.0	0.0	
21.146281663687535	7.2784288614525465	0.0	0.0	
21.272112690473186	8.022298112666082	0.0	0.0	
21.237752228381453	9.21836712312305	0.0	0.0	
21.312548938478603	10.240080149508186	0.0	0.0	
21.36364451502911	11.141694489758322	0.0	0.0	
21.142955030173795	12.020549853278258	0.0	0.0	
20.54533778075003	13.473186282981725	0.0	0.0	
20.912618234824556	14.493538539576875	0.0	0.0	
20.596025190528	14.67798799344633	0.0	0.0	
20.78392899216329	15.526882183573766	0.0	0.0	
20.905173901533573	17.004965940363324	0.0	0.0	
20.6985289103888	18.387278599855684	0.0	0.0	
20.561159890156095	19.184845767777922	0.0	0.0	
20.9396418680871	19.75310558719343	0.0	0.0	
20.612517454454217	21.313459509949148	0.0	0.0	
20.657403723411917	22.315514746418366	0.0	0.0	
21.270127220989387	22.522054309660728	0.0	0.0	
20.926524949904174	23.72431980215556	0.0	0.0	
20.58763238756969	25.028456031680726	0.0	0.0	
20.557816353830862	25.99066596435214	0.0	0.0	
20.62636784686843	26.58759101787826	0.0	0.0	
20.66322455492657	28.084544618769137	0.0	0.0	
21.030023428737934	28.84284778017783	0.0	0.0	
20.80477159756736	30.31016222863209	0.0	0.0	
21.335133423307422	30.87481316347912	0.0	0.0	
21.790255051036095	0.05321655965591565	0.0	0.0	
22.262744968777902	0.8385945426844779	0.0	0.0	
22.12303250900453	2.4988458785564287	0.0	0.0	
21.528825449906062	2.8221268176532757	0.0	0.0	
22.325173194561238	4.433023247049783	0.0	0.0	
21.936151120188374	5.283836862909921	0.0	0.0	
21.66888127570501	5.5689771917305295	0.0	0.0	
22.046008082725894	6.662859851538284	0.0	0.0	
21.772673905401042	7.628811760838575	0.0	0.0	
21.81803612819179	8.585037706092331	0.0	0.0	
21.74384018888225	9.97641885280608	0.0	0.0	
21.552045708907542	11.077954815464292	0.0	0.0	
21.5022794094224	12.398030159198882	0.0	0.0	
21.772239853579375	13.255927862049564	0.0	0.0	
22.30411688119812	13.530352690328629	0.0	0.0	
21.73111421045173	15.299649903404063	0.0	0.0	
22.46083310215467	16.41203511064982	0.0	0.0	
22.39325666939845	16.793348836251756	0.0	0.0	
22.48119615574247	17.675994433910194	0.0	0.0	
21.598349350191206	18.705348387421125	0.0	0.0	
22.20382625842436	20.335019980436094	0.0	0.0	
21.57981757294019	21.003082675586857	0.0	0.0	
22.378076191191948	21.757070176585703	0.0	0.0	
22.117132651790843	22.609024524495332	0.0	0.0	
22.36761168155382	24.0381703453749	0.0	0.0	
21.972078475864162	25.160259711902608	0.0	0.0	
21.814493146974243	26.011863115325184	0.0	0.0	
22.026863287442772	26.615010053682607	0.0	0.0	
22.32238466693475	28.00661162890527	0.0	0.0	
21.911547856144477	29.285453008724303	0.0	0.0	
21.666698825142507	29.888279756609343	0.0	0.0	
21.73913122822475	31.32459495099299	0.0	0.0	
22.83599405997665	0.1544108355569328	0.0	0.0	
23.301183132997338	0.6449860421170918	0.0	0.0	
23.11502738062845	1.7171151696344378	0.0	0.0	
22.952306941444046	2.635186285401892	0.0	0.0	
22.98829759022934	3.7866943620803157	0.0	0.0	
22.601000287568937	5.063562944408721	0.0	0.0	
23.17422070744687	6.461551563973902	0.0	0.0	
22.546221037124106	6.651906599635807	0.0	0.0	
23.236324734340347	8.017362880961258	0.0	0.0	
22.80164761998643	9.147695700826677	0.0	0.0	
22.965473912183477	10.22250541555135	0.0	0.0	
22.884692147824772	10.93376292094472	0.0	0.0	
23.22743111797309	11.87466655750855	0.0	0.0	
22.891144518461616	12.799343957850772	0.0	0.0	
22.5503910719531	13.943311692786057	0.0	0.0	
23.180696663322774	14.520229089617581	0.0	0.0	
23.237067637788897	15.905803535783376	0.0	0.0	
22.790183758694845	16.985265143564032	0.0	0.0	
22.803291834102634	17.906458915109635	0.0	0.0	
22.823424664322207	18.568518011081554	0.0	0.0	
23.458101278484698	20.49936845308715	0.0	0.0	
22.608824160048652	21.051646559142156	0.0	0.0	
23.428212741274695	22.283274776886827	0.0	0.0	
22.97790707270844	22.908874034041403	0.0	0.0	
22.948890879759425	23.90460415048655	0.0	0.0	
23.162536543067795	24.51502599840579	0.0	0.0	
22.650825399599118	25.979809660501395	0.0	0.0	
23.29409302294759	26.530503703423765	0.0	0.0	
23.219611939674017	28.30562348072509	0.0	0.0	
22.929660850754686	28.580914462506687	0.0	0.0	
23.28231635068837	29.761595260862816	0.0	0.0	
23.443932905855984	31.368381201677565	0.0	0.0	
24.358120904027896	0.20436023003030113	0.0	0.0	
23.538139330280725	1.1375421756001427	0.0	0.0	
23.808224100583278	1.9258914933094593	0.0	0.0	
23.810021929256312	2.557387316406521	0.0	0.0	
24.006978356840214	4.435976736423135	0.0	0.0	
24.227657078897916	4.523982267414527	0.0	0.0	
24.01960698718117	5.687889578954824	0.0	0.0	
24.47440758566176	6.906753454180319	0.0	0.0	
24.291297657666018	7.588299600663675	0.0	0.0	
24.05592992629848	9.014664058974722	0.0	0.0	
24.026833334151743	10.076238780065783	0.0	0.0	
23.909102691247497	10.985199220627784	0.0	0.0	
24.320915775026045	11.585952815515043	0.0	0.0	
23.90463796383021	12.926093775491264	0.0	0.0	
24.028480630401564	14.136994061265618	0.0	0.0	
23.93578360594436	15.067232093429626	0.0	0.0	
24.383469042186636	15.68609397984934	0.0	0.0	
24.452511007681757	16.95756861242442	0.0	0.0	
24.104884474231852	18.371326764431775	0.0	0.0	
24.3050380429447	18.714759147733638	0.0	0.0	
24.41664245805004	20.268562159054596	0.0	0.0	
23.628355912925283	21.399983909169425	0.0	0.0	
24.21150703126697	21.754596668299648	0.0	0.0	
24.382502792059967	22.760837993168764	0.0	0.0	
24.072519326325928	24.04712877090199	0.0	0.0	
24.15318936839248	25.372031960781552	0.0	0.0	
23.931931492351776	26.18076802998595	0.0	0.0	
24.32984656874797	26.522199943501498	0.0	0.0	
23.777011974014968	27.51510409791854	0.0	0.0	
23.630359315780982	29.108418576290642	0.0	0.0	
24.436778218473528	29.89302750530324	0.0	0.0	
24.3181631230761	30.893174269462943	0.0	0.0	
25.40451869523374	0.43557029500785094	0.0	0.0	
25.174974476490828	1.4475482514205913	0.0	0.0	
25.269470351945422	2.410951195564955	0.0	0.0	
24.625749443257057	3.4974599962950177	0.0	0.0	
24.57885939036092	4.166262696447008	0.0	0.0	
24.882430600107725	4.666744745306666	0.0	0.0	
24.74941537265818	6.412307081130188	0.0	0.0	
25.243015960150974	6.512158141653013	0.0	0.0	
25.186249579520936	8.324902146358458	0.0	0.0	
25.15666052020283	9.272153137058	0.0	0.0	
24.99198718365102	9.907371289015064	0.0	0.0	
25.04885187702145	11.170825099141434	0.0	0.0	
24.85535126831093	12.203129291098575	0.0	0.0	
25.4974729377778	12.520717505657682	0.0	0.0	
25.19465649976765	13.922900041545184	0.0	0.0	
24.640578273197782	14.864315661242479	0.0	0.0	
25.0035703109068	15.615843881636005	0.0	0.0	
25.339263009371553	16.672897632832075	0.0	0.0	
24.973359643532046	17.834657658849963	0.0	0.0	
24.953227261487154	19.379184386664566	0.0	0.0	
25.038692060851634	20.367712924913253	0.0	0.0	
24.724922377534217	20.856760896514242	0.0	0.0	
25.40025087924269	22.37212318471938	0.0	0.0	
25.37703215176017	23.263393955046446	0.0	0.0	
24.936671731893128	24.120605252530467	0.0	0.0	
24.708358404661823	24.523150096328315	0.0	0.0	
25.359916447365457	25.68765401631703	0.0	0.0	
25.41963791579442	26.894450416314523	0.0	0.0	
24.869923067762734	28.21077500654321	0.0	0.0	
24.534730399994555	29.405700448326627	0.0	0.0	
25.381111863202143	29.991934162788432	0.0	0.0	
24.98049673663166	31.42511256292331	0.0	0.0	
25.98028182798931	0.32377022590831306	0.0	0.0	
26.40785371586466	0.5972760566090003	0.0	0.0	
25.69967277464174	1.6371238190629493	0.0	0.0	
25.539881471873525	3.3789674375429604	0.0	0.0	
25.680481528912523	4.007431741108382	0.0	0.0	
25.706534810443138	5.161480486933722	0.0	0.0	
26.417086755492054	6.019294077116436	0.0	0.0	
25.827913872257227	7.15893263521115	0.0	0.0	
26.217911197729602	7.798503904442781	0.0	0.0	
25.53984877220731	8.883480123719798	0.0	0.0	
26.42675850572254	10.25072211201057	0.0	0.0	
25.985876806302617	10.575753069937516	0.0	0.0	
25.74717909850824	11.964803727454084	0.0	0.0	
26.26999137815526	13.449706832891442	0.0	0.0	
25.573271966467946	13.929178451571463	0.0	0.0	
25.61733402604886	15.323241369022794	0.0	0.0	
25.893081392505916	16.467282635894378	0.0	0.0	
25.810522671442452	16.698111591267953	0.0	0.0	
25.680782016130376	17.884985627546826	0.0	0.0	
25.836946901581157	19.47136054102311	0.0	0.0	
25.589714417312365	20.469751767826086	0.0	0.0	
25.80463068295215	21.49404153546081	0.0	0.0	
26.21235494517748	21.62846804569544	0.0	0.0	
25.550137410263087	23.112996284594157	0.0	0.0	
26.09079266272789	23.52841134278133	0.0	0.0	
25.802112489319608	25.271905376384705	0.0	0.0	
25.964553911678795	25.77538104887011	0.0	0.0	
26.040167134808232	26.649225255628224	0.0	0.0	
26.46995939441938	27.77699933207463	0.0	0.0	
26.147892586945897	28.65503062554844	0.0	0.0	
25.822988284126858	30.21861881921729	0.0	0.0	
26.2966963985806	30.559904585508097	0.0	0.0	
27.269133284936395	0.19868993435578353	0.0	0.0	
26.731300544337138	0.9337074457062885	0.0	0.0	
27.020442729705508	1.603291537382229	0.0	0.0	
27.349829220190035	3.4269570081024443	0.0	0.0	
27.19587079482303	3.7502084292500673	0.0	0.0	
26.776555277279268	5.304672011047691	0.0	0.0	
27.103039526211628	6.359447366711362	0.0	0.0	
27.478892323270493	7.275172658261848	0.0	0.0	
27.31036347487911	7.729302546482065	0.0	0.0	
27.04763456799631	8.729154483124011	0.0	0.0	
26.717305650970435	10.497092357292587	0.0	0.0	
26.835663362744288	11.282798882425068	0.0	0.0	
26.932520628366277	12.064800517229976	0.0	0.0	
26.518471863994797	13.104457208119364	0.0	0.0	
27.165792700486893	14.411687709803749	0.0	0.0	
26.85792667139888	14.61482949791232	0.0	0.0	
27.001821999411668	16.192395673182478	0.0	0.0	
26.847732373230418	16.885864126290098	0.0	0.0	
27.121087949125826	17.6047356592679	0.0	0.0	
27.04394380969187	18.919291279992077	0.0	0.0	
27.442548848228775	20.27983632821091	0.0	0.0	
26.758814939944795	20.90011773300218	0.0	0.0	
27.089946939279088	22.16262578470129	0.0	0.0	
27.49668299262484	23.46070451298222	0.0	0.0	
26.594950311574436	24.407890701399253	0.0	0.0	
26.900777614075306	24.515100279988758	0.0	0.0	
27.49429805877204	25.50461743213798	0.0	0.0	
26.911795512888553	26.511194188281593	0.0	0.0	
27.236067692807598	27.791002074537072	0.0	0.0	
27.121387908892242	29.242120352063758	0.0	0.0	
26.731230481397446	29.55811008566028	0.0	0.0	
27.179782776621913	31.192779658301117	0.0	0.0	
28.444726445702273	0.19738800709069304	0.0	0.0	
28.49766589285528	1.262290200592005	0.0	0.0	
27.840956322015664	2.113976022958501	0.0	0.0	
27.74299372102053	3.419931004381442	0.0	0.0	
28.40481741608833	4.247881694105609	0.0	0.0	
28.187670272903045	5.156506185549589	0.0	0.0	
27.92095209007656	5.729935945943116	0.0	0.0	
27.6700553324816	7.2265086706295385	0.0	0.0	
27.96482430688274	8.142700375704138	0.0	0.0	
28.27844195697647	8.877743530246073	0.0	0.0	
27.59010686007856	9.643127333348959	0.0	0.0	
28.407788830096752	11.188580655463124	0.0	0.0	
28.043449579619782	12.143990858356261	0.0	0.0	
28.340107180596096	12.681878653048585	0.0	0.0	
27.975875136428368	13.560681374181543	0.0	0.0	
28.03952775087839	14.911288495647398	0.0	0.0	
27.844171140688378	16.335064925095715	0.0	0.0	
27.587187936448508	16.976961720849243	0.0	0.0	
27.694349639975158	17.84104897042425	0.0	0.0	
28.07059933501078	19.48878561444696	0.0	0.0	
28.03150500007219	19.756438915430444	0.0	0.0	
27.806476086131276	21.443237553616417	0.0	0.0	
27.91985177043132	22.243704091584448	0.0	0.0	
28.48133029209305	22.636822947173332	0.0	0.0	
27.87576718536666	23.818554274793847	0.0	0.0	
27.783416633709862	24.757687862466664	0.0	0.0	
28.232849452074845	25.525692364552658	0.0	0.0	
27.896052019266328	27.10637119818283	0.0	0.0	
28.073261671588234	27.514815299202777	0.0	0.0	
28.402410056281905	29.088613913589164	0.0	0.0	
27.61354441070791	30.25427584948663	0.0	0.0	
27.535913579895784	31.176949236046156	0.0	0.0	
28.860951261958398	0.411674992431046	0.0	0.0	
28.60207294824184	1.424280218042774	0.0	0.0	
28.904365367119205	1.8307073386038248	0.0	0.0	
29.079962911143546	3.461807789292526	0.0	0.0	
28.592775813773205	4.376379047197407	0.0	0.0	
28.766958110617825	5.350817520098486	0.0	0.0	
28.7155961146206	6.318428797451446	0.0	0.0	
28.88721924857632	7.167963728313415	0.0	0.0	
28.712035652138834	8.148230755350117	0.0	0.0	
29.265876061212904	9.060084318475035	0.0	0.0	
29.172273127574183	9.50091926832894	0.0	0.0	
28.953713195304715	10.95003553284747	0.0	0.0	
29.163435472444025	12.151309719239745	0.0	0.0	
29.097124159697856	13.27847959381143	0.0	0.0	
28.530911428820037	13.769320434200543	0.0	0.0	
29.41262197042822	14.823499918199685	0.0	0.0	
28.65136813093811	15.656784753304633	0.0	0.0	
28.71845458886658	16.754820255203068	0.0	0.0	
29.44876998322676	18.48612005500025	0.0	0.0	
29.382475498093395	19.280792212284826	0.0	0.0	
29.189413545081837	20.169209976804424	0.0	0.0	
29.39085747968569	20.710017939079215	0.0	0.0	
28.73920745671189	22.157165386522678	0.0	0.0	
28.708170532315865	22.641438970662197	0.0	0.0	
29.01293726078563	24.128632681600834	0.0	0.0	
28.8236750145777	24.75621599748136	0.0	0.0	
28.91184701470446	26.03420888419018	0.0	0.0	
29.386375183277202	27.29911324419932	0.0	0.0	
29.085784043684285	27.598219183729523	0.0	0.0	
29.075582267092067	29.074112654725514	0.0	0.0	
29.32858675716491	29.892007724999605	0.0	0.0	
29.391070759622476	31.358242853939444	0.0	0.0	
29.515887576367824	0.34286581647018055	0.0	0.0	
29.83658449051803	1.4257830340750162	0.0	0.0	
29.889960546693114	1.8339894882727839	0.0	0.0	
30.004524911405824	3.167132473560149	0.0	0.0	
29.859933809925213	3.7398853070913574	0.0	0.0	
30.29529023030278	5.332367447264579	0.0	0.0	
29.701471829296338	5.80053264575355	0.0	0.0	
30.009753663472676	7.084608978358534	0.0	0.0	
30.113841075789416	7.86452459736415	0.0	0.0	
30.039403061529637	8.815810573105104	0.0	0.0	
30.31062291087887	10.446580201136918	0.0	0.0	
29.70641418360157	11.477616402020852	0.0	0.0	
29.563719457215484	12.39182740591377	0.0	0.0	
30.236629115364195	12.722269983213	0.0	0.0	
30.382004531408374	13.658913850498017	0.0	0.0	
30.47542091798512	15.31112810990838	0.0	0.0	
30.48989799948313	15.87188957339212	0.0	0.0	
30.282316258803164	17.425663200619134	0.0	0.0	
30.002715034685203	17.729463657777753	0.0	0.0	
29.921544668380832	18.87804418959918	0.0	0.0	
30.403865783781676	19.693291574234195	0.0	0.0	
30.32525058621093	20.622769676016695	0.0	0.0	
29.813838431177853	21.592517573785013	0.0	0.0	
30.071709787143213	23.004767640605362	0.0	0.0	
29.82380059488403	23.84819701608015	0.0	0.0	
29.516195907416105	24.679700375841122	0.0	0.0	
30.45904679417629	25.611488583619114	0.0	0.0	
30.243155017555285	26.610061780738537	0.0	0.0	
30.082395495507523	28.21253695166638	0.0	0.0	
29.695308811451742	28.755634296891014	0.0	0.0	
29.701418339527	29.78837842552403	0.0	0.0	
30.319948223898876	30.708165079819665	0.0	0.0	
30.56880054416724	0.12942823321093688	0.0	0.0	
31.12914204540568	1.25145158456102	0.0	0.0	
31.134745379596666	2.4966834393829536	0.0	0.0	
31.385178583925104	3.3138108632747265	0.0	0.0	
30.96890658716828	4.414526776061774	0.0	0.0	
31.243728042057548	5.295501648835067	0.0	0.0	
31.30142180704635	6.486313737400716	0.0	0.0	
31.304871601704463	7.123355167259746	0.0	0.0	
30.887962548141925	8.287015101658898	0.0	0.0	
31.05579603797674	9.446832884682077	0.0	0.0	
31.00344076351981	9.517522102395121	0.0	0.0	
31.442095168749074	10.60491377128491	0.0	0.0	
31.17361920089799	12.431761431560926	0.0	0.0	
30.616282825409353	12.689601743755894	0.0	0.0	
30.653907170001492	13.587996228569649	0.0	0.0	
30.619558935361173	14.699970375023886	0.0	0.0	
30.564667813949143	15.807178612284055	0.0	0.0	
30.510509977043412	17.151649528409674	0.0	0.0	
30.612360787982208	18.020728925541263	0.0	0.0	
30.616502606868565	18.765024641035883	0.0	0.0	
31.113436629142885	20.10542024341887	0.0	0.0	
31.244192490370068	21.442594950263558	0.0	0.0	
30.52110139601388	22.04029741197831	0.0	0.0	
31.151465076897217	23.478601670944318	0.0	0.0	
30.64039749116826	23.93572160198139	0.0	0.0	
30.734799654756145	24.68121955550589	0.0	0.0	
31.257234220095512	26.120978456768952	0.0	0.0	
31.29853192086624	26.819629778537596	0.0	0.0	
31.129760186521608	28.071966430038355	0.0	0.0	
30.653984239529304	28.59543379467463	0.0	0.0	
31.017845381205753	29.719911687442014	0.0	0.0	
30.98317521403624	31.248031016973787	0.0	0.0	
