2
32.0	0.0	0.0	0.0	
0.0	32.0	0.0	0.0	
27.05935764778163	25.93235248247127	0.0	0.0	
20.24876074809157	26.318295075552797	0.0	0.0	
0.3876175541507294	27.062144247526977	0.0	0.0	
25.40606971266822	26.305162485017973	0.0	0.0	
24.530457315900758	8.66859193299139	0.0	0.0	
2.3204892067542033	30.074630962332627	0.0	0.0	
22.11369271732387	29.28909734690739	0.0	0.0	
15.460218598974713	20.591630640496717	0.0	0.0	
23.309682562052945	24.524084317926125	0.0	0.0	
2.5228832318203693	31.68121570341548	0.0	0.0	
2.720848044859004	16.705963241146126	0.0	0.0	
27.812819165632902	21.722347710508256	0.0	0.0	
25.00689171523545	31.1899474686272	0.0	0.0	
28.034444077140044	29.833964534739977	0.0	0.0	
0.7391535573192449	13.20573667107081	0.0	0.0	
5.700636276396857	17.426778221680664	0.0	0.0	
6.118023597466838	2.1231459286262684	0.0	0.0	
5.942542667833809	28.0623679727035	0.0	0.0	
21.50386924909655	17.066920484733224	0.0	0.0	
13.34616367811019	19.75183140469645	0.0	0.0	
11.61087333553601	4.453205276827845	0.0	0.0	
12.46006093011647	24.36414158596421	0.0	0.0	
29.85331725527764	30.423001330314534	0.0	0.0	
0.5658097189126714	20.297652871977302	0.0	0.0	
2.5906324049112612	9.64302988073878	0.0	0.0	
27.417772734206192	25.6316566683489	0.0	0.0	
10.711561593798255	22.47735005105864	0.0	0.0	
2.1394284081114066	3.1776111470280597	0.0	0.0	
28.60434567823606	9.613844211619423	0.0	0.0	
4.0934316915654705	29.42616119058821	0.0	0.0	
5.76148799049124	10.088656381630443	0.0	0.0	
24.528691204735125	26.497273125266926	0.0	0.0	
17.392442608766572	14.03913193448146	0.0	0.0	
23.590619788162048	25.456760565898623	0.0	0.0	
2.6587873726606084	28.246277577546767	0.0	0.0	
22.362825130878115	21.023220140664616	0.0	0.0	
30.654302210817868	3.672915549945394	0.0	0.0	
7.360994809700326	5.626428338919176	0.0	0.0	
12.30905319867231	6.026705319748952	0.0	0.0	
3.6478518356872414	13.229574636596197	0.0	0.0	
7.278221642139961	3.354388569637674	0.0	0.0	
31.69297564235178	20.21446166571251	0.0	0.0	
15.605635750527778	16.28318077942694	0.0	0.0	
6.77592843296399	24.087268438852572	0.0	0.0	
11.40227332630414	7.700309585333709	0.0	0.0	
23.42901758583258	14.799231447507495	0.0	0.0	
29.622740077129066	11.584427221000716	0.0	0.0	
31.107950714271304	24.225437729187632	0.0	0.0	
9.830388211165296	17.208757832487667	0.0	0.0	
1.853104567708069	19.460241525146024	0.0	0.0	
14.125598761312187	28.526870576390824	0.0	0.0	
5.172473874528368	27.58991332805131	0.0	0.0	
22.75338044363286	12.638995221838588	0.0	0.0	
6.596261913414448	30.919800968599294	0.0	0.0	
7.675008880716753	18.616946099541995	0.0	0.0	
12.721341954937344	6.781396248116582	0.0	0.0	
21.16869129590533	13.9399213872871	0.0	0.0	
6.118906804866814	26.864387110598994	0.0	0.0	
30.58177415410982	24.908966739885997	0.0	0.0	
19.13566681715154	8.343943927815417	0.0	0.0	
31.249915515483718	9.976549183074724	0.0	0.0	
5.050119476641967	28.703317777831586	0.0	0.0	
19.867030035520695	31.884344899664068	0.0	0.0	
16.869241822625565	18.916455070024288	0.0	0.0	
20.9496244151805	27.838608485442606	0.0	0.0	
22.433106628376454	9.156692241491509	0.0	0.0	
14.95693488580551	18.459965769595417	0.0	0.0	
7.140937161266358	24.17619823140795	0.0	0.0	
3.123383453274087	3.64160141098116	0.0	0.0	
5.906470036854607	14.625662189953704	0.0	0.0	
21.00483272383042	19.68706219456049	0.0	0.0	
12.553469888172124	28.645587069758616	0.0	0.0	
27.529630983254027	0.30012617670429975	0.0	0.0	
7.719486371335957	5.059014191482007	0.0	0.0	
7.093585682161823	19.00225060755105	0.0	0.0	
22.905885044470253	18.550442428932183	0.0	0.0	
0.676630458534369	2.330548135846385	0.0	0.0	
27.3191974367459	13.86592720508008	0.0	0.0	
15.94684094624266	27.01653367016568	0.0	0.0	
18.266066657766356	27.705901530323786	0.0	0.0	
19.368164285294323	17.623046624733394	0.0	0.0	
13.860862752046938	0.8733255382259948	0.0	0.0	
28.64912080616525	25.960138271246972	0.0	0.0	
8.096532517571024	1.3312878858552644	0.0	0.0	
28.883167207946535	3.9276907536072727	0.0	0.0	
24.403404492831903	3.6839972328789194	0.0	0.0	
28.72790550146963	27.845188782305243	0.0	0.0	
22.599856384295215	4.915948325963836	0.0	0.0	
4.910856093536815	15.707829627367296	0.0	0.0	
5.014803841609535	4.011688346878749	0.0	0.0	
29.69717898528998	11.419849063461783	0.0	0.0	
18.587267364882788	10.001101772926507	0.0	0.0	
4.725370332046953	20.202597994135097	0.0	0.0	
5.376486322674097	20.55226635860155	0.0	0.0	
11.097780087257238	2.8338075020852465	0.0	0.0	
4.884766757613377	4.719997544168894	0.0	0.0	
20.376457377853324	3.701074678758772	0.0	0.0	
18.075408874568943	6.885209376724525	0.0	0.0	
5.916390139599098	25.027768167107244	0.0	0.0	
18.21789540707713	24.797517977121842	0.0	0.0	
16.49800860707097	1.7526733797068381	0.0	0.0	
0.7143140923963642	22.359309089608246	0.0	0.0	
19.838878070864464	23.38082896416615	0.0	0.0	
8.2370032080897	11.081433983611795	0.0	0.0	
21.75943166283956	3.4438890247796152	0.0	0.0	
0.5969660884139394	20.38103923857549	0.0	0.0	
14.322865229141847	18.178852479751185	0.0	0.0	
2.8205722354442813	20.88522054990228	0.0	0.0	
4.518632798269465	13.012204684797958	0.0	0.0	
27.048744046820556	27.534731934850058	0.0	0.0	
28.540654684507714	4.936346810452822	0.0	0.0	
20.035512813961393	16.098101414375826	0.0	0.0	
15.67978839627921	25.52945317677756	0.0	0.0	
16.66802716669912	21.64053454006401	0.0	0.0	
1.164289671568632	17.604589649412457	0.0	0.0	
30.733759627710988	5.673144536329936	0.0	0.0	
14.805702779705676	21.72317588120668	0.0	0.0	
31.848523056464412	22.52723152704695	0.0	0.0	
14.438974925887717	22.800018452077055	0.0	0.0	
17.675741070338958	4.300055507941046	0.0	0.0	
23.782932083511614	3.1285118989524427	0.0	0.0	
23.395591786839592	2.1995629897897793	0.0	0.0	
3.685002936891216	26.558318425685886	0.0	0.0	
30.21236196633282	9.952959515712948	0.0	0.0	
18.32746384990672	15.467935950226614	0.0	0.0	
31.95829420124442	0.91926698100443	0.0	0.0	
23.946532102388378	21.30427487944577	0.0	0.0	
1.646610070905453	11.019260683150023	0.0	0.0	
17.223029904345246	6.231692473646085	0.0	0.0	
6.313783939926015	23.27161370684483	0.0	0.0	
14.703482644494276	24.60638193391604	0.0	0.0	
22.55469108618393	19.97603778179712	0.0	0.0	
25.058748636065598	27.59222665723481	0.0	0.0	
15.527863122495237	28.24265437543648	0.0	0.0	
9.83901740076709	31.129145615610852	0.0	0.0	
13.133058899938852	15.324324494564095	0.0	0.0	
16.11568568880489	26.39560749583536	0.0	0.0	
5.760237139168716	27.101764399925496	0.0	0.0	
20.813223182854973	1.634858672008594	0.0	0.0	
5.6118820363739985	30.542256495004327	0.0	0.0	
4.032795564937153	8.168339248186342	0.0	0.0	
12.76751542948977	25.76043293027455	0.0	0.0	
30.075747186926765	0.22831446774453212	0.0	0.0	
8.884346117896047	1.076428913641859	0.0	0.0	
6.8005750081039835	20.215079632927733	0.0	0.0	
31.083237630074965	29.558402547955218	0.0	0.0	
14.449139554328614	0.21849790310505313	0.0	0.0	
0.2483676853260377	5.225815051928738	0.0	0.0	
28.12446689210745	21.10471978724603	0.0	0.0	
30.090175038997835	12.670946175171775	0.0	0.0	
0.48841430256095464	26.84094515084665	0.0	0.0	
2.6398366473247705	22.674453648114497	0.0	0.0	
24.137588294483876	4.08409395356535	0.0	0.0	
22.78799075561388	0.9127215860114113	0.0	0.0	
13.927872425680015	19.94686799239629	0.0	0.0	
2.2126010570156716	9.656347107448017	0.0	0.0	
8.50032818362956	2.103140432705821	0.0	0.0	
4.23265501230145	26.548342724260365	0.0	0.0	
2.2945558376854294	16.179192947396515	0.0	0.0	
18.126037739854528	20.74231686478798	0.0	0.0	
28.129000419666422	15.105016042571076	0.0	0.0	
12.202851410898667	8.519096816131096	0.0	0.0	
27.28405852897878	27.13042344091725	0.0	0.0	
7.372203416398733	1.6614674767458375	0.0	0.0	
12.774703945121537	16.543092263937112	0.0	0.0	
31.36712427382829	22.505447981141195	0.0	0.0	
27.421239573899463	27.857192257262398	0.0	0.0	
6.861904838914363	24.784354849579394	0.0	0.0	
26.347764697235405	19.199056511335456	0.0	0.0	
20.742011449534306	21.18221389601684	0.0	0.0	
31.511314706276423	6.435331652388939	0.0	0.0	
9.698461390474915	10.655400754897308	0.0	0.0	
24.459610040892624	11.500883706564686	0.0	0.0	
12.83218143850172	29.266313541289747	0.0	0.0	
20.161768784295333	12.527606137554955	0.0	0.0	
1.9067559076508473	23.065332678545303	0.0	0.0	
6.476348371094822	26.776116647454074	0.0	0.0	
6.428310328154062	21.866098557024497	0.0	0.0	
18.331731577546748	15.109457718478716	0.0	0.0	
18.308315348703033	23.72081386001518	0.0	0.0	
16.439944618877437	18.867316033440325	0.0	0.0	
1.7379349561924826	19.781086554452372	0.0	0.0	
23.641710155678968	13.142811081886407	0.0	0.0	
3.8423409228829115	15.483458677472932	0.0	0.0	
10.779728854573822	10.805694443417888	0.0	0.0	
14.988276174748645	0.39753858845289614	0.0	0.0	
3.2001779131243495	18.19190671624694	0.0	0.0	
5.835935954998099	3.1075762590084395	0.0	0.0	
8.35598121738381	11.795679900081637	0.0	0.0	
9.625974906683442	28.776296965123446	0.0	0.0	
17.83156992807883	11.933378283177479	0.0	0.0	
4.790675256163137	27.196487285844277	0.0	0.0	
20.90165080048195	28.94796105094756	0.0	0.0	
31.323237317344642	26.410262014086452	0.0	0.0	
1.6506941087765234	29.34833140006749	0.0	0.0	
20.62792498818556	22.293733001130196	0.0	0.0	
17.43913170602951	21.261600895307843	0.0	0.0	
15.42155788696288	10.10035078597939	0.0	0.0	
12.686354380564786	24.152310996590472	0.0	0.0	
13.41844459723723	4.8101175404639385	0.0	0.0	
26.049200185533575	1.3662813270778962	0.0	0.0	
12.047190726564583	18.674652104610974	0.0	0.0	
26.082880795719966	27.286970556934687	0.0	0.0	
3.8864856445413913	10.832599863673526	0.0	0.0	
20.21590988375486	2.3369615117265106	0.0	0.0	
13.707675557873475	17.519465216052552	0.0	0.0	
19.69904810026253	15.29309469524856	0.0	0.0	
11.966265360973736	5.65763542782382	0.0	0.0	
12.25742568232457	12.176019424634617	0.0	0.0	
3.135361732174637	6.280171553090657	0.0	0.0	
18.19072375356442	28.995327134035644	0.0	0.0	
7.198215219143002	7.612239283466785	0.0	0.0	
10.25602372287014	28.0312204622346	0.0	0.0	
2.5929866983902876	28.590354575859045	0.0	0.0	
18.142394338819848	16.97887193523809	0.0	0.0	
10.806398343566592	6.759802846611425	0.0	0.0	
0.3251709183945799	7.893923828945972	0.0	0.0	
10.935260494243884	26.46678491931196	0.0	0.0	
4.802528458295665	30.60366371694608	0.0	0.0	
5.260350797024216	27.04881217434109	0.0	0.0	
7.002337284831373	19.396243551102863	0.0	0.0	
25.208715772673067	7.84662085438303	0.0	0.0	
15.295261566380962	30.411776235885593	0.0	0.0	
0.24206880618610072	30.36517773259525	0.0	0.0	
10.85181080769447	19.712207220607805	0.0	0.0	
30.45416933930327	26.95100901572292	0.0	0.0	
23.41250404369848	18.755555698803796	0.0	0.0	
30.28022137540494	21.623324003248438	0.0	0.0	
25.837194010753585	13.200434353101421	0.0	0.0	
7.986006079789	15.224886943299296	0.0	0.0	
20.36702529708668	7.770958053516662	0.0	0.0	
18.800549039255007	28.409626574314203	0.0	0.0	
1.3323391210775668	27.510794071741667	0.0	0.0	
3.812773761469977	17.576687734167656	0.0	0.0	
10.24777416615997	17.073654013735037	0.0	0.0	
13.345944299733436	14.77642120695715	0.0	0.0	
12.11916295293415	18.410680337351515	0.0	0.0	
6.565788516850112	26.14156579877933	0.0	0.0	
18.001795712290626	20.779137224741415	0.0	0.0	
16.943430622452528	31.99482391622373	0.0	0.0	
25.034674969916637	25.345799763280034	0.0	0.0	
26.151177106456473	20.512147274301732	0.0	0.0	
15.29136769221051	24.547573614364683	0.0	0.0	
21.70989422383985	18.490591064107026	0.0	0.0	
14.751634696357026	10.45556630529827	0.0	0.0	
27.081265845796633	7.093647455362447	0.0	0.0	
18.49187580997909	23.971830126605834	0.0	0.0	
30.103455225053512	16.603327114720624	0.0	0.0	
2.8742047222750067	5.116975247472993	0.0	0.0	
9.892140833070105	21.754268813987437	0.0	0.0	
28.87396137424397	1.491244546766513	0.0	0.0	
25.903718706535685	30.790668901352607	0.0	0.0	
5.066317648126553	18.80918155182824	0.0	0.0	
14.27808814508252	1.0352732242489715	0.0	0.0	
12.37810092497531	21.529303106098016	0.0	0.0	
30.125655406309157	26.135809787630553	0.0	0.0	
15.009164516775158	13.461532335804133	0.0	0.0	
31.830240809850874	21.38035342536228	0.0	0.0	
23.321691208437485	9.366116352576768	0.0	0.0	
26.456887363925237	2.994443172230497	0.0	0.0	
19.958999224589228	15.367943506367325	0.0	0.0	
10.25658453375582	5.1245955771305205	0.0	0.0	
15.54283917258347	25.6437567822051	0.0	0.0	
11.999885600411574	29.279530582981245	0.0	0.0	
12.191968648107043	13.991391420816736	0.0	0.0	
1.199919531077704	10.73404667363545	0.0	0.0	
5.734519406968335	9.940897836302327	0.0	0.0	
9.22221208518522	4.696980736688882	0.0	0.0	
22.529535437740776	31.700725903556727	0.0	0.0	
7.459554057541695	5.149249245478263	0.0	0.0	
3.1738485831658636	21.248335539588847	0.0	0.0	
7.769148139973897	12.140000404443768	0.0	0.0	
27.57785430967163	6.269355788486241	0.0	0.0	
28.44640933963111	31.329298652516634	0.0	0.0	
12.75726925697645	18.442642850353632	0.0	0.0	
31.381104210870873	29.177398449863112	0.0	0.0	
13.478727027920037	2.363781034196471	0.0	0.0	
1.1677269009082458	1.1262047310361538	0.0	0.0	
13.169193392853884	30.110431081924386	0.0	0.0	
9.719480342564857	10.774841143685052	0.0	0.0	
26.806571753344574	12.782910143350115	0.0	0.0	
8.80343814403555	24.7495583133793	0.0	0.0	
8.595213719558945	21.537730452266125	0.0	0.0	
14.549585015079504	14.513660145523247	0.0	0.0	
14.667921274992931	8.8364730057488	0.0	0.0	
22.32355534965175	31.153787650826143	0.0	0.0	
27.799609916495083	13.028811098288678	0.0	0.0	
7.358526033091856	0.43669077020525293	0.0	0.0	
26.561377506366316	12.166106016497583	0.0	0.0	
8.478619756379018	24.237823841693853	0.0	0.0	
19.083049003069245	18.735248101923723	0.0	0.0	
7.2326909882660715	8.505154662463635	0.0	0.0	
27.16853553829087	21.346175849654177	0.0	0.0	
6.388929957399046	15.96000728566651	0.0	0.0	
7.389959377944393	7.530406645715182	0.0	0.0	
11.659703149469092	28.917607777702617	0.0	0.0	
18.878873332169967	2.42638242129307	0.0	0.0	
30.690903366566197	31.22717171968286	0.0	0.0	
23.18488530174433	10.87334833874943	0.0	0.0	
24.695550296142436	25.711140411887204	0.0	0.0	
12.480654614781802	13.22544254810537	0.0	0.0	
11.933747028943667	25.641455561794682	0.0	0.0	
30.117216424809165	22.584260046470348	0.0	0.0	
13.648460463779031	2.7770134920927845	0.0	0.0	
8.917106988534641	7.324160372069617	0.0	0.0	
5.017819351155136	1.2563374807274315	0.0	0.0	
1.2925910415671567	10.000628401555566	0.0	0.0	
24.29242814717703	28.80974411886419	0.0	0.0	
0.8281875827918519	7.403804970561296	0.0	0.0	
1.912325610024336	19.941491018416986	0.0	0.0	
6.430562542611366	23.352092267578705	0.0	0.0	
21.676257521774346	20.05951779661152	0.0	0.0	
26.187320153905585	23.693287388647708	0.0	0.0	
28.1698514148392	0.6886219749461127	0.0	0.0	
15.737158941234195	27.66428518953078	0.0	0.0	
24.86269456184512	25.665029648901587	0.0	0.0	
0.967821498382559	30.956294135449923	0.0	0.0	
1.5985213592491156	27.104411442419558	0.0	0.0	
9.808482661996713	2.533032074563277	0.0	0.0	
23.4933624455444	12.494416683528183	0.0	0.0	
21.061729462788165	18.68756564808018	0.0	0.0	
8.832211278755803	10.787690151956529	0.0	0.0	
14.64226963883359	27.733097393661367	0.0	0.0	
9.372694632911866	6.3635160903218875	0.0	0.0	
31.106881493275456	22.043571667317348	0.0	0.0	
7.72809383164838	12.578321663328587	0.0	0.0	
27.903542255836594	15.076076465772651	0.0	0.0	
21.913102892300746	6.852054689168032	0.0	0.0	
0.08950271107222108	25.527180876186673	0.0	0.0	
11.011324856131314	11.367606014450537	0.0	0.0	
9.89324179078617	28.345554272194207	0.0	0.0	
23.502811978993105	28.72301772058582	0.0	0.0	
3.7797467607980124	5.314392140096807	0.0	0.0	
0.4987529237225914	17.711713406358705	0.0	0.0	
13.323842407357798	18.842210657985316	0.0	0.0	
24.141965129993537	27.015256263558378	0.0	0.0	
2.9127658150641516	14.052468193527034	0.0	0.0	
20.22365383527801	26.555261335873674	0.0	0.0	
20.199077699741295	17.650281514678976	0.0	0.0	
3.114709594731444	5.572770124902593	0.0	0.0	
27.71797132950798	28.90766130171973	0.0	0.0	
5.5339860871605815	19.90742038866411	0.0	0.0	
5.26383627038938	17.176812231004746	0.0	0.0	
27.752907269158612	10.111038281323342	0.0	0.0	
2.4277326733145124	28.76279858182263	0.0	0.0	
5.650667396690455	2.7579066769617633	0.0	0.0	
28.155800256713754	18.62522160215798	0.0	0.0	
6.276874150704582	18.40664170797182	0.0	0.0	
18.048505591325252	15.851868079744051	0.0	0.0	
30.51983412503009	20.359375411618643	0.0	0.0	
28.403056886392847	20.172605367178363	0.0	0.0	
16.184916193108446	27.380862641376826	0.0	0.0	
11.938301021795453	26.02976202746451	0.0	0.0	
7.127963012885054	15.259007783217246	0.0	0.0	
16.60429497859509	31.840109599158975	0.0	0.0	
6.16586649333621	20.45454084156058	0.0	0.0	
14.511255950494945	24.674409750313142	0.0	0.0	
15.7686536545446	9.128715010233385	0.0	0.0	
9.445330853875511	14.985352032671585	0.0	0.0	
27.857602328536625	30.16025493410477	0.0	0.0	
17.53256627053031	2.0588698255946447	0.0	0.0	
7.485972182493651	25.199550720513823	0.0	0.0	
7.4664345044298095	21.85675181500386	0.0	0.0	
16.09252915281982	28.41244174509179	0.0	0.0	
25.148464569761295	23.00406459334572	0.0	0.0	
19.275331425776052	21.75850301510911	0.0	0.0	
7.380217651013343	26.04795211386065	0.0	0.0	
20.39505512772332	22.199931799059893	0.0	0.0	
21.04881183190388	28.886798108475645	0.0	0.0	
8.401269939460498	5.379435266475266	0.0	0.0	
20.221625674775407	9.460381311717587	0.0	0.0	
10.32170045774657	2.309453469437276	0.0	0.0	
16.979879691645873	5.318098755384625	0.0	0.0	
4.6271102077956385	4.388072911404496	0.0	0.0	
22.151466550397334	16.157144581799034	0.0	0.0	
25.258975399621885	19.687712276123122	0.0	0.0	
10.074397036388135	12.354902436486075	0.0	0.0	
12.799273295542804	6.246757613989775	0.0	0.0	
20.149370211525174	6.525078116753111	0.0	0.0	
22.228913014512358	8.515135528081291	0.0	0.0	
1.8763846926480845	0.9095927307851994	0.0	0.0	
24.908594203109775	18.408136290604915	0.0	0.0	
3.3554475504953523	29.046106468687192	0.0	0.0	
23.628576821681968	12.358274241388632	0.0	0.0	
13.889895253612828	13.150803504726966	0.0	0.0	
21.436863396638017	30.415707844836366	0.0	0.0	
8.365653552529498	3.0935104813068754	0.0	0.0	
31.08150344843759	7.259279141292833	0.0	0.0	
11.95147532722893	30.575058444185906	0.0	0.0	
23.119544855656848	9.991551862154456	0.0	0.0	
21.836117126424142	17.669204959475394	0.0	0.0	
21.1309506683807	24.363508388088068	0.0	0.0	
30.58001266897326	14.440762065473653	0.0	0.0	
27.939004869028473	19.19703512801569	0.0	0.0	
18.690066331901846	1.1357498287630214	0.0	0.0	
15.425384892813767	21.444285652120392	0.0	0.0	
31.381567204964337	30.562695264214646	0.0	0.0	
23.79855706195603	10.329972097955597	0.0	0.0	
0.04193840728229503	20.71913035421077	0.0	0.0	
15.829165474605702	29.400658222819366	0.0	0.0	
21.4559441186451	19.631445823815227	0.0	0.0	
7.150876716940406	5.4931534837090155	0.0	0.0	
11.628087425592629	27.379991635138886	0.0	0.0	
14.926216675458267	20.501450200062894	0.0	0.0	
20.357633776919396	13.427734755331244	0.0	0.0	
11.003302539529706	15.323636512827516	0.0	0.0	
15.676830679227368	14.866333180166617	0.0	0.0	
6.6876919552831104	25.8471249429886	0.0	0.0	
16.89504612754902	2.3221749702990557	0.0	0.0	
6.9746099415736005	16.07316028918064	0.0	0.0	
3.342654147517912	11.371365813984067	0.0	0.0	
17.71812684388744	8.944290693933372	0.0	0.0	
18.55513721087935	21.53590668285044	0.0	0.0	
14.31244303032259	25.240517089404086	0.0	0.0	
7.383083473558607	29.85785539835761	0.0	0.0	
21.222555340712354	30.991465243997208	0.0	0.0	
1.6552538298048418	1.9816889964748796	0.0	0.0	
2.8954087192708187	19.90347129171681	0.0	0.0	
2.877049604360632	9.017857092484196	0.0	0.0	
16.160616861072047	19.9259432747939	0.0	0.0	
6.077349308616554	22.090502967082365	0.0	0.0	
13.880448755608729	17.53553472382271	0.0	0.0	
0.7289298205219943	25.17037991362069	0.0	0.0	
16.41740420443634	20.204670213049695	0.0	0.0	
19.202304464352533	23.908906772000556	0.0	0.0	
24.66069412491039	25.5677349638746	0.0	0.0	
24.073655905755402	21.02953574263767	0.0	0.0	
23.25269772616767	6.318914606469196	0.0	0.0	
11.787969626714766	21.562705445279455	0.0	0.0	
5.05135369950893	26.985572007252483	0.0	0.0	
29.97262542257385	25.860039730481326	0.0	0.0	
16.445646656982774	14.312049617745181	0.0	0.0	
8.845333554837147	3.17211959959171	0.0	0.0	
11.318551422950012	21.02651722578864	0.0	0.0	
20.987660246853444	22.543621545780393	0.0	0.0	
14.063234740183638	6.036807624692301	0.0	0.0	
29.12865816922161	5.034512111207924	0.0	0.0	
4.4913816744885295	14.962536122040213	0.0	0.0	
20.89776673197929	6.817597555457141	0.0	0.0	
1.6022649021131912	6.927067692920144	0.0	0.0	
8.338977619621122	28.705682123098438	0.0	0.0	
18.846065421374167	29.275544330145017	0.0	0.0	
29.99756135172832	1.0490150289813691	0.0	0.0	
28.03533338639287	23.566850080769836	0.0	0.0	
6.943559518900223	6.610094591402859	0.0	0.0	
3.9722477858561227	25.3876060334025	0.0	0.0	
12.117008898882236	11.821292111077042	0.0	0.0	
23.226092125072725	21.49901580686828	0.0	0.0	
14.029642342532696	30.230511279751816	0.0	0.0	
17.14851171380038	12.827912995001583	0.0	0.0	
22.909235465025596	27.109640647182264	0.0	0.0	
10.140834713524843	24.06725533146028	0.0	0.0	
4.783087729351845	8.254206909527358	0.0	0.0	
19.197461551748326	27.002301371625823	0.0	0.0	
4.19322005109662	7.193981341309733	0.0	0.0	
13.035138615004396	28.606593200891975	0.0	0.0	
10.690406580064177	17.841867014957273	0.0	0.0	
11.06274449637844	23.489112432422296	0.0	0.0	
9.235962223220966	15.02484481905686	0.0	0.0	
8.001773077100346	13.137005499919194	0.0	0.0	
5.298956247096534	14.127636937732206	0.0	0.0	
11.413897022606562	20.3153204132186	0.0	0.0	
17.310589471454144	13.462997819913046	0.0	0.0	
21.782155069499655	31.06485768203885	0.0	0.0	
6.263721423018104	14.866889987278402	0.0	0.0	
15.505091348828884	13.854232531339004	0.0	0.0	
16.700922707743523	30.08909352429877	0.0	0.0	
16.486118204623484	29.335316170326696	0.0	0.0	
25.483336775777108	4.9412538958367875	0.0	0.0	
17.622400622615256	13.146874415971933	0.0	0.0	
2.6155711206485073	20.60243376110995	0.0	0.0	
9.67973023514001	11.17619718532681	0.0	0.0	
12.044693572848395	0.4923027498546304	0.0	0.0	
25.37387600769291	2.7339597395256057	0.0	0.0	
10.295445478433123	19.871822277884156	0.0	0.0	
21.169941816453395	13.288193329689314	0.0	0.0	
8.250880051070343	29.12269699077354	0.0	0.0	
20.6360641719122	12.021740464264951	0.0	0.0	
24.247544339293235	1.7240479938005642	0.0	0.0	
10.770546654503669	21.17608131786347	0.0	0.0	
7.558068438271292	22.107895391361474	0.0	0.0	
23.515590389340957	20.12995935245012	0.0	0.0	
17.748066102929133	23.828817822670985	0.0	0.0	
12.171039144222611	2.4887038321013435	0.0	0.0	
30.294222621769077	29.38997672220952	0.0	0.0	
6.366858656453992	30.834270146622845	0.0	0.0	
22.444155298569076	27.05504387163287	0.0	0.0	
4.97299312645983	23.858156896596494	0.0	0.0	
3.07700605736715	4.212579031535462	0.0	0.0	
5.211897461165602	12.714041495495852	0.0	0.0	
17.793556292597636	8.053670381352859	0.0	0.0	
13.72851939303617	7.440711436439269	0.0	0.0	
24.320911813927932	31.814712753235234	0.0	0.0	
22.83810259757786	4.4723312287402415	0.0	0.0	
16.855941146608444	19.32427376812173	0.0	0.0	
20.421542325433332	31.795043026793266	0.0	0.0	
25.01096492912326	11.836971505230949	0.0	0.0	
8.83625236879831	16.472548182290726	0.0	0.0	
8.475263259263329	17.191948441917305	0.0	0.0	
16.497600832749853	5.557387140749817	0.0	0.0	
28.270061080290557	11.908555071000855	0.0	0.0	
4.900349481531254	29.32773915912428	0.0	0.0	
13.769376450923083	4.65168789937006	0.0	0.0	
9.679662803541667	7.832694560401006	0.0	0.0	
6.764975482437482	17.16433679628498	0.0	0.0	
8.96059510997664	4.111231935148364	0.0	0.0	
0.041625347486501596	25.40412878504805	0.0	0.0	
18.74413772335833	8.147211684174025	0.0	0.0	
7.1166693540304315	28.569720596847233	0.0	0.0	
23.42437258694462	3.233518369914737	0.0	0.0	
3.9052276731208124	15.523782745862725	0.0	0.0	
0.6511697369306653	23.22359194680875	0.0	0.0	
31.78980234065753	7.654572943229002	0.0	0.0	
3.5242934005161786	1.4873460920652164	0.0	0.0	
17.86110732959048	1.202790191709763	0.0	0.0	
17.104019384571508	14.610134176530003	0.0	0.0	
18.80882671866087	25.300685710651084	0.0	0.0	
13.227524017441308	24.015063055052998	0.0	0.0	
14.97328537378121	20.0148164897952	0.0	0.0	
16.403600361487108	4.393157229773784	0.0	0.0	
5.299589240700271	16.25148097145495	0.0	0.0	
13.967239146930655	28.772281229857615	0.0	0.0	
9.029435931311099	15.132630565066261	0.0	0.0	
29.809266615526035	7.233321430103199	0.0	0.0	
24.43705071545169	2.7536699164326137	0.0	0.0	
24.54590844801936	3.710274369696254	0.0	0.0	
26.85898406569514	18.370683954648147	0.0	0.0	
23.123585739682785	11.873409185102812	0.0	0.0	
10.731077450374858	2.8057783875809825	0.0	0.0	
21.837980239964814	28.603731780056908	0.0	0.0	
15.410614598610454	19.922960100719486	0.0	0.0	
17.624864043854906	27.70822322911637	0.0	0.0	
10.715291342206644	9.526375141636827	0.0	0.0	
21.32528596656239	23.20282565357719	0.0	0.0	
0.42515645933815094	7.350264450708412	0.0	0.0	
26.678217655911396	31.722331112361505	0.0	0.0	
28.00368500239181	16.225485017760846	0.0	0.0	
4.3349415755434215	9.909844088237705	0.0	0.0	
10.539333748316082	17.315376330597402	0.0	0.0	
26.25457581386838	11.82866228190711	0.0	0.0	
26.655627536844698	8.047829069342061	0.0	0.0	
7.017995222416879	27.265265815565634	0.0	0.0	
18.053852153769526	17.521329475251516	0.0	0.0	
23.37940566931842	9.882681709362018	0.0	0.0	
20.652389733335138	27.252485203286394	0.0	0.0	
1.7060771707568811	19.134907643392022	0.0	0.0	
31.362340586250628	25.899197919029785	0.0	0.0	
17.486144558008927	8.421041871733177	0.0	0.0	
7.033630695695589	9.018420404394163	0.0	0.0	
15.794953264452154	13.052192891632153	0.0	0.0	
22.157951456292057	11.436457399554115	0.0	0.0	
17.388636340840332	15.780907044643655	0.0	0.0	
19.653000360913683	14.146885608738515	0.0	0.0	
22.011447435165444	16.89716177232271	0.0	0.0	
10.878679959396813	24.43205560073198	0.0	0.0	
0.6285438883293359	0.13439484516779032	0.0	0.0	
18.85861428844842	13.465780328190512	0.0	0.0	
25.373797815724807	25.358052579273053	0.0	0.0	
18.757969440348802	5.1173263949289804	0.0	0.0	
15.948738707708774	22.302665190692753	0.0	0.0	
1.2566669564357582	23.785543409301084	0.0	0.0	
17.690468286804286	14.504888884126405	0.0	0.0	
28.682300706090103	28.938514467977274	0.0	0.0	
1.7491745473969296	20.730086660705826	0.0	0.0	
25.252106421140937	17.021948878823046	0.0	0.0	
24.581130289459054	9.924458470354566	0.0	0.0	
22.54430451338207	28.32688298757667	0.0	0.0	
27.84419672467661	19.83013930090163	0.0	0.0	
7.463425932307128	2.5529254914342303	0.0	0.0	
11.417891189907614	19.7193109064308	0.0	0.0	
11.667474661802071	9.017207857123537	0.0	0.0	
31.269075750279136	20.245721111160705	0.0	0.0	
12.242189471716376	28.31902812480966	0.0	0.0	
28.69868058628626	4.161935085257575	0.0	0.0	
30.220961253277316	7.7819144516492855	0.0	0.0	
8.117986146982982	1.4070480653398363	0.0	0.0	
16.79388366317379	9.422109124387116	0.0	0.0	
4.529777678697652	10.319029658037486	0.0	0.0	
21.106279600808314	27.022127953362165	0.0	0.0	
29.725383786127523	2.673347461535286	0.0	0.0	
14.876114724843564	19.656384570822574	0.0	0.0	
9.280997812119871	14.282664382006573	0.0	0.0	
1.5690991812624873	10.701904324610688	0.0	0.0	
13.921867659821128	27.795051924986485	0.0	0.0	
14.630518626224287	27.814652645020587	0.0	0.0	
6.693288431525563	3.419184595298784	0.0	0.0	
1.9128807566291464	9.547478972061622	0.0	0.0	
20.72217443619298	10.897975744899163	0.0	0.0	
29.25877703464031	23.79661770926032	0.0	0.0	
9.89195637253519	3.5343792717473903	0.0	0.0	
21.755036885975173	22.354825466260607	0.0	0.0	
27.638716117783048	1.4406481413978263	0.0	0.0	
7.493174438942692	3.4939561215691874	0.0	0.0	
29.06509818879601	7.3741917069052825	0.0	0.0	
23.27594454964846	23.98817021958071	0.0	0.0	
3.2040562696790396	17.897062200616958	0.0	0.0	
26.91609092647532	27.20130968790484	0.0	0.0	
30.624803825707197	20.91754752721808	0.0	0.0	
15.085084059523624	4.402159203016094	0.0	0.0	
21.511395525133715	12.802552725968301	0.0	0.0	
31.349728742374054	5.028306654961945	0.0	0.0	
13.697471470919098	21.200812420546434	0.0	0.0	
3.4710209843374784	0.8092251144048888	0.0	0.0	
31.564138115736352	19.60602232841941	0.0	0.0	
21.61484256034448	14.015098490493223	0.0	0.0	
13.180597325656294	11.105947997907947	0.0	0.0	
28.019080235357677	19.15929680128478	0.0	0.0	
19.816866553205504	4.917200561754633	0.0	0.0	
30.735607796626347	2.516846864307759	0.0	0.0	
13.442871583780423	14.853983218831356	0.0	0.0	
20.820213801841856	28.98197124989842	0.0	0.0	
14.30344685025237	7.554101370607473	0.0	0.0	
13.106372519411877	15.724821328138738	0.0	0.0	
5.415601198933572	29.33425584343764	0.0	0.0	
6.565231820842985	29.367561504340106	0.0	0.0	
8.895886448485367	1.1270701031814738	0.0	0.0	
22.113489880977745	15.231170051424858	0.0	0.0	
18.33818746817912	6.136328147778009	0.0	0.0	
2.849685767869005	13.182104088112165	0.0	0.0	
24.69854903749171	11.475565609512	0.0	0.0	
12.526808357186244	22.261205530366485	0.0	0.0	
18.053647346429383	9.91411992036458	0.0	0.0	
15.4916839458179	19.276225613957024	0.0	0.0	
13.99185275523914	10.25516071996622	0.0	0.0	
20.96442883623805	14.975900431762518	0.0	0.0	
31.516571633325366	4.152112903070581	0.0	0.0	
15.216453012929009	19.077036068994367	0.0	0.0	
24.4930695473724	5.488616686769451	0.0	0.0	
28.04315917140459	13.339650969476029	0.0	0.0	
14.022062377023925	8.118998790063358	0.0	0.0	
28.840051920299125	21.784957472225507	0.0	0.0	
25.187100304142643	21.174749925700603	0.0	0.0	
0.5430657601102311	12.650482033680984	0.0	0.0	
11.69578332620883	31.14033231405626	0.0	0.0	
4.723618373718121	0.081741090314285	0.0	0.0	
22.0255068684293	2.024020601738414	0.0	0.0	
23.33830136075768	8.840384280849946	0.0	0.0	
21.331406653878403	21.316953419497157	0.0	0.0	
6.259582677315631	22.366124080741656	0.0	0.0	
5.684517309417199	18.170126629521036	0.0	0.0	
10.732275236740186	7.046470156101272	0.0	0.0	
11.431422737582643	31.522253363463875	0.0	0.0	
9.228439455557126	27.84766789363252	0.0	0.0	
20.80143644106971	17.8665463804624	0.0	0.0	
27.669941112884764	23.99874085433255	0.0	0.0	
0.08920886586005139	23.04455961844938	0.0	0.0	
11.367669854686362	28.455821371876006	0.0	0.0	
11.465602698661893	10.78387959477688	0.0	0.0	
5.824618682289145	21.882031654531882	0.0	0.0	
16.746342267148183	17.86653287896033	0.0	0.0	
1.2319685683191821	23.279003134703732	0.0	0.0	
1.9491394924586274	0.9668493406649432	0.0	0.0	
26.084737022182946	25.787189760497473	0.0	0.0	
29.892183752711738	2.0037938140549834	0.0	0.0	
31.10917856453779	28.452891051681462	0.0	0.0	
26.78643737003709	17.340771073535574	0.0	0.0	
17.305279617548628	31.601882581401192	0.0	0.0	
27.81312227449922	27.982934110270058	0.0	0.0	
5.428342736703556	5.195585367846359	0.0	0.0	
31.21369952356617	20.072411826157403	0.0	0.0	
28.96333562509623	7.421310742677498	0.0	0.0	
24.142801085652636	1.0719816689090997	0.0	0.0	
7.4013661466441825	21.858912877430587	0.0	0.0	
22.63685964917031	19.744792289335763	0.0	0.0	
20.578631547778905	18.07249182453802	0.0	0.0	
23.736422817136912	10.234519425163569	0.0	0.0	
3.428549353959351	16.688119287284884	0.0	0.0	
16.28017243369354	18.311844434966474	0.0	0.0	
7.034139121819958	4.169966464485363	0.0	0.0	
4.185353094133237	15.08423017819026	0.0	0.0	
1.0490130744663304	17.671416439727746	0.0	0.0	
20.463899879016676	3.578658228636016	0.0	0.0	
15.903188779486502	1.390807984336373	0.0	0.0	
4.395757872592153	19.91775916267946	0.0	0.0	
9.777494249432621	3.1007863641231665	0.0	0.0	
11.127286462703182	14.603476651474491	0.0	0.0	
8.904758143884784	7.700171937254378	0.0	0.0	
25.82441795635897	24.64549404718148	0.0	0.0	
12.3857555087239	13.642381042973476	0.0	0.0	
30.922118310845605	26.426653091463837	0.0	0.0	
31.69565977273601	27.891637293883985	0.0	0.0	
10.941580138128082	23.226498858982783	0.0	0.0	
6.6926454407309635	8.455894903698773	0.0	0.0	
24.403198326993394	15.323528770883279	0.0	0.0	
30.583252081274406	7.0123921327872125	0.0	0.0	
22.673842267845146	5.336105302785505	0.0	0.0	
10.194872735570186	3.9733945064334506	0.0	0.0	
18.83281389194223	4.364246722718125	0.0	0.0	
17.93496184047945	10.380294607590088	0.0	0.0	
28.907152296454242	9.745132006833266	0.0	0.0	
14.724234731433135	27.635214017479544	0.0	0.0	
14.235332027504224	23.32744408824801	0.0	0.0	
1.9754763102594737	1.1782453973412714	0.0	0.0	
2.3625252043353235	11.481445206686665	0.0	0.0	
7.0291598286378445	28.184127702362023	0.0	0.0	
0.698768235163552	2.8469023371349564	0.0	0.0	
8.848697729228498	5.72442410919405	0.0	0.0	
14.946642654260849	20.851129859521276	0.0	0.0	
7.766680650765071	23.3304892117165	0.0	0.0	
22.98110237634362	5.6015381016619585	0.0	0.0	
7.154810217612791	23.723255526726284	0.0	0.0	
7.010693708843828	14.061792214198661	0.0	0.0	
1.55977064789543	15.666854527945127	0.0	0.0	
17.538628221002345	11.915322348628607	0.0	0.0	
28.48649107248341	2.7053138612015992	0.0	0.0	
19.28180779565108	26.161209681187152	0.0	0.0	
27.369347675269832	26.751739223583485	0.0	0.0	
4.013880515585203	7.658222321012978	0.0	0.0	
31.14052603510356	27.401772879568657	0.0	0.0	
21.131646756677583	10.042595428400475	0.0	0.0	
15.206958396593272	24.20597696634773	0.0	0.0	
3.543684323221097	11.930756199418397	0.0	0.0	
20.02753302637821	11.710838756657687	0.0	0.0	
9.250273146142707	29.28620417251285	0.0	0.0	
7.0301279032320245	26.543521971750252	0.0	0.0	
4.681075893342573	29.406019022909792	0.0	0.0	
19.044286287722883	29.375703331291568	0.0	0.0	
28.154562704316874	6.646404702779197	0.0	0.0	
2.9276922468660445	13.739756211947217	0.0	0.0	
29.760001530709385	19.898948570172724	0.0	0.0	
5.078330043880367	9.605990963403116	0.0	0.0	
2.243219074630993	5.728760748610991	0.0	0.0	
6.328679559686851	14.526466846537105	0.0	0.0	
3.8347518376360874	26.630680481094466	0.0	0.0	
25.903393576413507	28.295401121171697	0.0	0.0	
24.968141934491644	31.566829217399086	0.0	0.0	
20.172081253060362	15.022476426381449	0.0	0.0	
21.076125362721886	30.866338808800908	0.0	0.0	
26.8924820897942	9.968484453820952	0.0	0.0	
8.139996438529938	11.432296306762769	0.0	0.0	
27.35468572456979	0.5863186408222205	0.0	0.0	
6.593496182676866	20.99307743536184	0.0	0.0	
29.893600383537038	21.919411676576303	0.0	0.0	
14.151377741432235	10.747714438275068	0.0	0.0	
28.74516532561731	15.682885620621793	0.0	0.0	
9.643958303288247	13.600403588356745	0.0	0.0	
30.480083447537346	28.78997812420247	0.0	0.0	
4.898017036259045	15.238254597644971	0.0	0.0	
13.861308091699776	14.506067620474237	0.0	0.0	
19.97739968488171	8.178953489909777	0.0	0.0	
29.303731350523286	27.978066512376436	0.0	0.0	
0.885115315009017	29.071049733194624	0.0	0.0	
17.980310832989503	18.539050011599997	0.0	0.0	
28.31458698748693	14.914921897333318	0.0	0.0	
21.97503914467478	13.499030256840005	0.0	0.0	
6.4422921215461635	28.31444131983612	0.0	0.0	
1.6085965033951055	6.529557796718205	0.0	0.0	
23.94517733067542	11.19354815500126	0.0	0.0	
30.852864542433256	25.858388387869393	0.0	0.0	
4.312824013406601	7.285444397056949	0.0	0.0	
26.566372046091427	8.34217401039378	0.0	0.0	
31.074918803272272	15.783653698454003	0.0	0.0	
12.765451465047345	8.656668031163058	0.0	0.0	
5.077570926401606	11.609006412500566	0.0	0.0	
18.07973526451471	15.080343849763612	0.0	0.0	
10.065565762529705	20.041128601553257	0.0	0.0	
10.739723977178507	31.023453893613098	0.0	0.0	
6.452092335956028	10.496970617260757	0.0	0.0	
20.5676226855567	4.486163638326641	0.0	0.0	
25.157075763132223	4.620393402260326	0.0	0.0	
23.332319136968405	18.86413144454771	0.0	0.0	
24.273655978683657	16.461025454479454	0.0	0.0	
7.360416847181455	26.98418608205995	0.0	0.0	
29.425064107667666	2.634270096683945	0.0	0.0	
26.21986800257572	9.556155887797619	0.0	0.0	
29.581549404231456	5.428246529834325	0.0	0.0	
25.85909534336815	15.263658799748498	0.0	0.0	
24.196351684716344	0.5164899676825527	0.0	0.0	
28.793956543431037	19.461910332149778	0.0	0.0	
7.005092144446923	27.95067048248163	0.0	0.0	
25.676069793930118	11.08289721410058	0.0	0.0	
6.855880564324384	26.678855700929343	0.0	0.0	
0.8391345967453212	25.415807064825017	0.0	0.0	
18.48496486373796	12.263486561126086	0.0	0.0	
24.609315600022683	28.48076611867125	0.0	0.0	
17.549877042214984	15.851068543411923	0.0	0.0	
25.11175009616895	30.719394981441315	0.0	0.0	
27.18775445723169	14.768510936955007	0.0	0.0	
22.42562837678323	8.649647189708176	0.0	0.0	
7.0192840088824475	14.46268462557163	0.0	0.0	
5.831217486654094	2.6189035887425796	0.0	0.0	
31.055189692963882	21.05308548673134	0.0	0.0	
31.370775092821408	17.07857075616044	0.0	0.0	
21.094257930456518	2.178125582924487	0.0	0.0	
28.64443941144273	20.671503430454326	0.0	0.0	
9.69451790546071	23.29277933550969	0.0	0.0	
26.997917679813522	24.762286504178313	0.0	0.0	
8.6707404772623	5.215801495720751	0.0	0.0	
26.688852178678655	24.581536729095504	0.0	0.0	
11.685967588049163	29.86530907169285	0.0	0.0	
0.5348050483647633	11.620658840296336	0.0	0.0	
20.27494658370561	6.630684026473631	0.0	0.0	
30.06902642610376	0.7945314367728074	0.0	0.0	
23.428381034051995	5.385556610959448	0.0	0.0	
9.620436420439539	27.066267521727134	0.0	0.0	
24.076152110228872	2.0447464250302723	0.0	0.0	
15.113922425034495	12.42878533596489	0.0	0.0	
24.453023812908402	16.727531753250037	0.0	0.0	
15.153338567376032	24.57784374521051	0.0	0.0	
28.965481172852854	31.386512034954873	0.0	0.0	
25.21873907177132	18.57175063595094	0.0	0.0	
25.0327511991261	7.32347873065828	0.0	0.0	
6.27292483221127	30.10197240155629	0.0	0.0	
22.368950677630682	27.999655542814548	0.0	0.0	
27.829040300111277	27.597342185270335	0.0	0.0	
7.28660141400827	16.01027126070322	0.0	0.0	
24.982732085377492	20.04631180532928	0.0	0.0	
29.376987287985504	23.921279835829345	0.0	0.0	
28.463995871383705	3.8608267220835906	0.0	0.0	
23.21725803631323	1.8724239678687873	0.0	0.0	
27.831524772832438	4.013738959706924	0.0	0.0	
1.0787429215259117	9.057820822850363	0.0	0.0	
0.715353646259608	6.725020384506138	0.0	0.0	
6.5361008370011575	31.0804526780062	0.0	0.0	
10.941503958409179	25.061624484594038	0.0	0.0	
10.0804587037799	11.95877915718675	0.0	0.0	
3.5285774162700356	25.851234529867664	0.0	0.0	
27.130267999053455	5.966060593204713	0.0	0.0	
27.822819896313526	27.255274156425074	0.0	0.0	
2.611252831072669	24.477789007919586	0.0	0.0	
8.999555088285263	3.903786844891627	0.0	0.0	
22.764116908399206	30.5040087574794	0.0	0.0	
22.83722769289324	5.958133314313535	0.0	0.0	
27.837017241997962	23.51490712905359	0.0	0.0	
23.4133173509593	1.8834656831857188	0.0	0.0	
9.821163654790773	9.739986518690564	0.0	0.0	
21.237620801728617	29.222522933760178	0.0	0.0	
14.003129189442529	14.614610402165209	0.0	0.0	
2.7274092789596267	26.034320456854907	0.0	0.0	
8.304491609025458	0.7583449573514898	0.0	0.0	
15.888118510756556	30.977042567688763	0.0	0.0	
13.551656241294875	0.918457042696982	0.0	0.0	
27.299158309819475	2.2655664629141476	0.0	0.0	
25.597376593228894	10.108755095733304	0.0	0.0	
22.07607453917538	10.0834260597749	0.0	0.0	
1.2546114016801049	4.189415529689207	0.0	0.0	
24.389017705034583	3.9266554846016533	0.0	0.0	
16.41045650706423	1.183878543534771	0.0	0.0	
12.215871721894029	27.824130091792405	0.0	0.0	
3.2529324732663056	1.9808804436064449	0.0	0.0	
2.415293858758428	23.90672203369163	0.0	0.0	
22.04065655503482	20.780145995425304	0.0	0.0	
18.53821939918835	30.609079561399703	0.0	0.0	
11.309238542493983	9.337740160277548	0.0	0.0	
7.939011684185235	20.830464253820114	0.0	0.0	
18.129930697538573	12.701215410542137	0.0	0.0	
27.377905575607496	19.69413470677031	0.0	0.0	
28.56429094443908	22.84470887011258	0.0	0.0	
24.126269202073836	10.61239884513623	0.0	0.0	
9.298526399093728	22.417872470402077	0.0	0.0	
26.448628769075444	30.06860939261941	0.0	0.0	
12.202989882714022	28.02964579200984	0.0	0.0	
3.5758493790667707	14.997170424477488	0.0	0.0	
20.658210099188693	16.40175145086388	0.0	0.0	
1.7750531210834417	31.572878502261897	0.0	0.0	
23.512668632926353	13.94291492308411	0.0	0.0	
24.344232771693427	8.486801353047372	0.0	0.0	
5.538988500595028	2.8491411217694917	0.0	0.0	
15.480930732524872	30.81909353054336	0.0	0.0	
27.761561660336803	7.328384523269332	0.0	0.0	
14.57189662942044	1.7474387566954697	0.0	0.0	
16.537348424900458	5.2328010351914	0.0	0.0	
3.7781478610228802	26.148272428471728	0.0	0.0	
7.9329114627783355	27.808345554149245	0.0	0.0	
30.553373278546832	22.745675367756792	0.0	0.0	
10.494735327362271	30.577104594764116	0.0	0.0	
12.5379173916918	15.202806505613477	0.0	0.0	
3.5156036329581895	24.799117045916503	0.0	0.0	
24.269813811217684	8.363999108248716	0.0	0.0	
5.082456332688512	22.580012127548542	0.0	0.0	
19.819131398642284	3.02916493049414	0.0	0.0	
9.122268367641823	26.23744066464764	0.0	0.0	
8.086945818155343	10.18106972639524	0.0	0.0	
19.04047111606991	12.297087633313627	0.0	0.0	
4.746992597843743	8.514691001753558	0.0	0.0	
0.48956254526173737	3.3302764711501567	0.0	0.0	
23.628499605514904	16.977824499030177	0.0	0.0	
17.146369910638303	10.343167452711505	0.0	0.0	
27.080756284781987	26.029749756563405	0.0	0.0	
4.558257265507379	6.966332267763637	0.0	0.0	
4.2814571114634	5.77118840534639	0.0	0.0	
2.5037065616384666	1.130144877964213	0.0	0.0	
18.09481220455352	23.80938604814214	0.0	0.0	
28.093460130317215	20.53601997061344	0.0	0.0	
22.142043867033205	16.032759962366672	0.0	0.0	
2.7624635370358845	4.92280886429619	0.0	0.0	
17.957933418320412	11.821970350080122	0.0	0.0	
17.938236409659055	23.379076734570543	0.0	0.0	
20.338926789634584	31.025043937152684	0.0	0.0	
24.946951660336705	4.908724627859943	0.0	0.0	
14.331516088861608	4.174330444189273	0.0	0.0	
17.60852311122848	2.3589227247746614	0.0	0.0	
10.85517814591995	28.402598817240023	0.0	0.0	
24.268848622115517	15.314300082746463	0.0	0.0	
21.72014806991355	15.77223297897799	0.0	0.0	
26.274759086960106	4.870056403261575	0.0	0.0	
8.60633059304401	23.71458966807696	0.0	0.0	
23.339581863132658	19.637563171539924	0.0	0.0	
7.225476415756223	27.51168922561721	0.0	0.0	
25.811654304175565	6.516422542055189	0.0	0.0	
2.159678044302879	11.927251369029662	0.0	0.0	
11.898762800804441	30.074401616176946	0.0	0.0	
20.967098291053485	14.753577745100806	0.0	0.0	
15.132501240090523	14.82644249835096	0.0	0.0	
26.45681930528208	10.9136958866595	0.0	0.0	
5.016460255064171	26.186441198733334	0.0	0.0	
27.323075622298994	15.629884634431729	0.0	0.0	
8.455826649607804	4.62570964501975	0.0	0.0	
27.582599627931742	18.298498012388965	0.0	0.0	
24.222471957051617	31.263012335252192	0.0	0.0	
8.00784454638082	9.573795347391687	0.0	0.0	
5.765100093678285	23.974594228016304	0.0	0.0	
30.079767415282344	19.134450625745412	0.0	0.0	
12.73297655457544	27.244802428864745	0.0	0.0	
22.41477083579059	11.841272262278434	0.0	0.0	
5.718225406247996	27.585243339370553	0.0	0.0	
0.2530808739310366	11.182861682089147	0.0	0.0	
2.8962459751527945	31.38807429451276	0.0	0.0	
0.9517528990414625	22.684392827203208	0.0	0.0	
5.452504736402354	12.365838868337296	0.0	0.0	
18.448229863759718	30.751112528046274	0.0	0.0	
24.71490728233996	9.117241837203068	0.0	0.0	
12.412051171302068	0.8708858868895604	0.0	0.0	
4.104248071527056	9.183437165753208	0.0	0.0	
16.413723049876538	13.587786012204724	0.0	0.0	
7.487794839897074	12.360462862214579	0.0	0.0	
1.5054880858144273	4.501228799199488	0.0	0.0	
22.119179028728396	5.641451661433955	0.0	0.0	
22.65047474971416	7.182930665032984	0.0	0.0	
28.614241143793716	0.8134855050173755	0.0	0.0	
16.3465519102745	5.662732879831012	0.0	0.0	
13.576459620120314	22.651548491911925	0.0	0.0	
11.962075176047424	28.031666162561297	0.0	0.0	
15.148179483914774	27.47755333283025	0.0	0.0	
20.021562100972268	30.408764464664532	0.0	0.0	
19.49431104314245	30.629988437568063	0.0	0.0	
26.704602000608652	0.24997361184905387	0.0	0.0	
2.607060833965715	1.4843004774194704	0.0	0.0	
27.91443537093324	24.296965378087933	0.0	0.0	
20.563910875670867	20.488113664751552	0.0	0.0	
9.763011353761833	31.005505320546984	0.0	0.0	
10.833009661004194	26.88038161483188	0.0	0.0	
24.806336162588412	16.579169272576163	0.0	0.0	
12.22192296933759	9.093562948613751	0.0	0.0	
27.463475578320615	19.319461360173374	0.0	0.0	
30.769120027924185	6.0001176349872125	0.0	0.0	
28.213537687738686	30.175736578908108	0.0	0.0	
10.231509478360095	7.2780108185337795	0.0	0.0	
24.210038980493408	31.83727329513459	0.0	0.0	
4.245570896754781	10.672109499002985	0.0	0.0	
29.71868348834638	20.373149948051672	0.0	0.0	
1.046296138504026	8.040023283654172	0.0	0.0	
15.10973529976647	12.306704337650523	0.0	0.0	
15.941862842220559	10.58613670362988	0.0	0.0	
5.023082762932429	13.961180766985343	0.0	0.0	
17.690347251149863	24.92396974193436	0.0	0.0	
7.948157778700718	21.23100466370948	0.0	0.0	
25.847799350590737	12.91939906371643	0.0	0.0	
25.908564362827722	30.70698309488466	0.0	0.0	
5.144172247081016	6.834347960522077	0.0	0.0	
16.848928666611624	7.869963200041081	0.0	0.0	
2.969805591811621	0.26996235640602606	0.0	0.0	
29.70339766155458	14.274902878151295	0.0	0.0	
28.058774806862814	21.490422810256288	0.0	0.0	
21.593393435640138	22.850384863545294	0.0	0.0	
15.751550097557331	12.915739890928151	0.0	0.0	
10.674092167788537	1.6178486137425097	0.0	0.0	
18.54587388094626	18.62840966187742	0.0	0.0	
19.752901888782255	11.200734405910431	0.0	0.0	
25.14509542279437	24.058320137409567	0.0	0.0	
3.880658438630686	21.917377768384313	0.0	0.0	
7.754557068825832	29.188828443065155	0.0	0.0	
25.302192094184097	3.1225615199848207	0.0	0.0	
3.8289845168861874	5.836473136341368	0.0	0.0	
16.430415096093064	24.921242716665393	0.0	0.0	
19.746789382103124	5.785877872947513	0.0	0.0	
26.115087536891373	11.469642095520467	0.0	0.0	
25.3404202148973	30.816156125813414	0.0	0.0	
16.932738912212322	23.237409002327265	0.0	0.0	
3.115718069656772	27.86520605170971	0.0	0.0	
14.22830458665194	10.244301420498893	0.0	0.0	
30.061837300294993	8.579551941562734	0.0	0.0	
23.618658554714216	2.126375682167989	0.0	0.0	
25.3087269607151	11.961938097902493	0.0	0.0	
26.531883107457535	9.597910340677963	0.0	0.0	
18.094182470897323	8.54090301722498	0.0	0.0	
11.834502443916495	14.96078037493805	0.0	0.0	
19.003279749175483	19.00405440282197	0.0	0.0	
15.978856709454515	16.03192960127452	0.0	0.0	
24.390005361189285	27.04047277732586	0.0	0.0	
13.790943813863485	4.865930475247879	0.0	0.0	
7.148310596300831	22.223637451161515	0.0	0.0	
17.08349143358374	30.41954946057051	0.0	0.0	
7.55917672857624	24.854336572977047	0.0	0.0	
14.98206770270643	31.790300587172457	0.0	0.0	
20.427651639236775	8.399528406210656	0.0	0.0	
7.673069040356189	23.791373625407182	0.0	0.0	
17.548586793111085	20.020742581166836	0.0	0.0	
28.27158512565536	2.7012422608053726	0.0	0.0	
9.84549817391435	15.438119193345138	0.0	0.0	
9.90506660656212	15.013447451326194	0.0	0.0	
0.6975048556810926	17.28956317337562	0.0	0.0	
11.153116803966526	1.9514367973351447	0.0	0.0	
6.466249058202944	22.846875881251496	0.0	0.0	
2.3174194042243137	7.811518903665714	0.0	0.0	
11.348576544070234	30.611310930316534	0.0	0.0	
14.330439154354462	4.441731447198855	0.0	0.0	
2.8436021657822756	0.4968052896955122	0.0	0.0	
15.279242537023304	31.90117291959405	0.0	0.0	
11.920247329519526	4.427510204483756	0.0	0.0	
15.021308070260304	10.606487928464464	0.0	0.0	
16.66874117160216	23.824313845456114	0.0	0.0	
24.69775201291077	19.347249230009258	0.0	0.0	
4.0099153916672705	27.57516046887344	0.0	0.0	
6.802694862638347	16.111853979759832	0.0	0.0	
1.1562967831072726	7.290515682694153	0.0	0.0	
6.052634540225014	19.453805635405665	0.0	0.0	
30.51318168993111	8.037087932883821	0.0	0.0	
9.214966844815866	14.846424179673928	0.0	0.0	
28.756272057178283	10.477870447686996	0.0	0.0	
16.889685896915065	10.540838362482681	0.0	0.0	
24.00087121429399	20.735736664283127	0.0	0.0	
26.785511457868072	25.574878219707017	0.0	0.0	
11.369396072416425	15.915935889393388	0.0	0.0	
