2
32.0	0.0	0.0	0.0	
0.0	32.0	0.0	0.0	
4.198438393441226	9.644721133177889	0.0	0.0	
5.817370192216487	11.745218902450443	0.0	0.0	
13.880042872810723	12.370354797844364	0.0	0.0	
3.713153426640986	12.945077351831031	0.0	0.0	
2.3956180631592723	29.620428271887665	0.0	0.0	
25.482183689656004	15.012894783982116	0.0	0.0	
16.24467411288636	2.6151605689820308	0.0	0.0	
4.15695144130439	18.613960168945756	0.0	0.0	
26.95310889442352	13.128909511133298	0.0	0.0	
16.07714118311494	17.620085516362966	0.0	0.0	
8.134395150158028	25.71639776775496	0.0	0.0	
21.483849060074462	22.117649219363802	0.0	0.0	
31.50331072623447	20.540913125163762	0.0	0.0	
28.21331509628206	5.603059399003076	0.0	0.0	
23.934219423849637	3.014248831966711	0.0	0.0	
15.22064263693074	23.380603775843888	0.0	0.0	
22.194529908896588	15.220658663108956	0.0	0.0	
10.242479036186776	3.0356201004499326	0.0	0.0	
30.080488686003125	18.497777879656386	0.0	0.0	
0.48699730082219617	18.410219907280794	0.0	0.0	
14.58305867939449	17.323338364288823	0.0	0.0	
23.339681193776666	21.202357317887532	0.0	0.0	
12.868002773837265	25.354412495182086	0.0	0.0	
28.35014725826447	17.235921587573255	0.0	0.0	
1.749520296790827	27.969854799353325	0.0	0.0	
4.584618676616579	20.312054939436113	0.0	0.0	
16.522408148274003	11.29524093076407	0.0	0.0	
25.42105618503115	14.847844333451935	0.0	0.0	
0.3634928717746	13.021222922219131	0.0	0.0	
27.404461901573658	7.0878206704176705	0.0	0.0	
4.905090388717358	29.76974987401987	0.0	0.0	
14.522996789236064	3.7381066331639587	0.0	0.0	
31.38870526444328	12.773009540568381	0.0	0.0	
1.5264996258337256	31.554141749282167	0.0	0.0	
13.519933721268096	8.699873048930645	0.0	0.0	
6.609579495162929	26.64297881237366	0.0	0.0	
13.693685550679056	5.91251754490732	0.0	0.0	
9.614046199173323	7.166285043208266	0.0	0.0	
1.235500002976206	24.542574087279686	0.0	0.0	
22.018854312502192	26.374461532538202	0.0	0.0	
12.805304855646405	22.14195687495004	0.0	0.0	
9.285559247272715	3.8392046835645033	0.0	0.0	
15.807254530836424	25.930648340415335	0.0	0.0	
5.323170224222885	1.1784471225566655	0.0	0.0	
28.804254006554967	31.105050734407072	0.0	0.0	
17.144637050796145	28.9780510328862	0.0	0.0	
30.284492300074398	14.319615083513227	0.0	0.0	
5.61116510771032	12.272503097763465	0.0	0.0	
7.768593281710871	30.76345907485908	0.0	0.0	
0.05642713038312408	2.933396116492336	0.0	0.0	
3.1752868247587713	29.185821310467805	0.0	0.0	
8.419896478759412	2.634144461167061	0.0	0.0	
24.869039135513074	7.6122268878753765	0.0	0.0	
12.932516919136145	3.842839765583623	0.0	0.0	
27.76668658183774	10.696746505019583	0.0	0.0	
13.630518227015038	21.03405183304334	0.0	0.0	
8.116924940754984	12.968959069314622	0.0	0.0	
17.603326461940288	5.950587149040675	0.0	0.0	
5.225363293244069	0.8829897316815938	0.0	0.0	
8.201996356402578	3.0840462381853655	0.0	0.0	
14.94242759136468	11.754904580430125	0.0	0.0	
3.163237756310455	31.519886194364446	0.0	0.0	
11.866291578327044	13.504959125589025	0.0	0.0	
4.439376248919125	21.910550120097454	0.0	0.0	
3.819628124205085	1.1127709421314513	0.0	0.0	
17.52583505325827	28.9533512825274	0.0	0.0	
31.441992751893192	15.78113463194276	0.0	0.0	
0.24228845088015305	7.338116938737251	0.0	0.0	
9.5655037854407	13.497683989963832	0.0	0.0	
19.02775176487966	6.329692454501615	0.0	0.0	
28.676735049344586	15.697075706029143	0.0	0.0	
7.154470451159945	4.284132855857006	0.0	0.0	
30.815663440994552	5.058752792951029	0.0	0.0	
14.238419742145691	12.234287452590266	0.0	0.0	
9.373338890661266	29.996503654721234	0.0	0.0	
31.867675562426978	8.758210111757098	0.0	0.0	
4.5231903226017955	6.912674179906102	0.0	0.0	
22.284722940753028	9.660138160845872	0.0	0.0	
12.114481338952753	14.782899275266463	0.0	0.0	
21.588622185906868	17.193164195075838	0.0	0.0	
19.60520200107642	31.25058692683367	0.0	0.0	
11.661217082386027	24.807585188801315	0.0	0.0	
17.018690863935266	20.708086272078894	0.0	0.0	
23.85123173692446	23.15234565222672	0.0	0.0	
15.053209502230995	16.184098978993127	0.0	0.0	
0.4543181302666852	15.714021500573512	0.0	0.0	
10.631544457508127	26.525694539099177	0.0	0.0	
23.378359147368457	5.350435083378446	0.0	0.0	
28.190649252161425	29.8032619744644	0.0	0.0	
28.331628746646505	6.529286194004097	0.0	0.0	
24.77533236274834	29.258711953170092	0.0	0.0	
31.97932798765316	11.960417237644926	0.0	0.0	
5.235745612806607	4.3647001585732035	0.0	0.0	
2.5786459524478573	16.036230216534534	0.0	0.0	
23.79197600710127	8.509319589755734	0.0	0.0	
20.390692120609927	2.0686030785152205	0.0	0.0	
5.738457946063221	26.91848997576192	0.0	0.0	
24.171251669906255	25.734392650396387	0.0	0.0	
19.110356882225183	25.354032717642752	0.0	0.0	
8.2039173134859	10.631067344950157	0.0	0.0	
21.959524635250453	29.3895721045812	0.0	0.0	
5.1211589557766075	9.33632966445725	0.0	0.0	
25.145313204385403	25.385109035641957	0.0	0.0	
18.203015302201262	7.0820959041026015	0.0	0.0	
23.353312051518767	25.03475276423076	0.0	0.0	
4.226804984309407	25.2952150629835	0.0	0.0	
9.942602252420894	15.623901572149865	0.0	0.0	
0.3103600598764338	29.097860515517898	0.0	0.0	
5.529772869434126	12.146273591946972	0.0	0.0	
5.625981614905498	20.211691456526374	0.0	0.0	
22.726410324755523	28.63155296642843	0.0	0.0	
21.550355756392584	11.743420870300906	0.0	0.0	
9.33276267652312	10.379450395071174	0.0	0.0	
2.7941639443636923	15.126019431303241	0.0	0.0	
26.744551227994997	17.24247598108368	0.0	0.0	
14.42230620818431	22.667968912647236	0.0	0.0	
0.813784644955291	10.199549260114622	0.0	0.0	
23.26339960049384	6.980427418049274	0.0	0.0	
19.481493914213328	30.100691554849554	0.0	0.0	
31.549227219109955	19.50264304191004	0.0	0.0	
8.753364900403312	18.892991607990815	0.0	0.0	
1.8937151623965462	21.833246104109694	0.0	0.0	
30.463534238754765	31.897778226304585	0.0	0.0	
28.470012449526326	14.42497756351235	0.0	0.0	
16.91922866860895	6.289017361462477	0.0	0.0	
3.595248415553584	11.412037683140294	0.0	0.0	
19.06461219545178	12.287157501411063	0.0	0.0	
3.7384877986814757	3.9086363461471407	0.0	0.0	
22.022547275639695	18.268315264347553	0.0	0.0	
4.3761723572320435	30.30505865416499	0.0	0.0	
26.060166206619616	14.905194585026209	0.0	0.0	
1.5001636065898651	5.672436243675481	0.0	0.0	
10.005769579279388	22.416278893113034	0.0	0.0	
26.712309239345384	24.117671053515682	0.0	0.0	
11.61431048331	6.048700645376066	0.0	0.0	
2.5859943966279637	11.602537031236164	0.0	0.0	
18.005728619943522	7.2009531965962985	0.0	0.0	
14.483835930917689	12.323913852430234	0.0	0.0	
2.4118081120782406	22.303815182086243	0.0	0.0	
16.9464479738244	30.068496686049897	0.0	0.0	
17.115943079047156	15.062934080580956	0.0	0.0	
4.072606131622408	12.227893740062562	0.0	0.0	
31.547035011988147	4.566558316917323	0.0	0.0	
14.903536158830239	0.6375183053992366	0.0	0.0	
1.0972474325346653	15.300017033846679	0.0	0.0	
11.589947727518133	5.895976978424798	0.0	0.0	
18.637010278196403	19.362942551907373	0.0	0.0	
21.129929993197855	18.610817934389143	0.0	0.0	
22.191838858533913	18.380283838648396	0.0	0.0	
15.901176447524662	15.01232183854032	0.0	0.0	
31.07307195602151	24.441563184073175	0.0	0.0	
10.61316584541997	21.490799248365068	0.0	0.0	
0.2506709015685473	14.478920141986432	0.0	0.0	
22.4498860938423	29.406641918359437	0.0	0.0	
17.462544482648344	0.19621985899685512	0.0	0.0	
10.502781991718411	29.773951613156928	0.0	0.0	
8.067222606764172	7.101690597334656	0.0	0.0	
20.61739966736457	24.63419591024939	0.0	0.0	
0.23703886268855356	27.139931362479256	0.0	0.0	
1.741287366603924	26.084154114889788	0.0	0.0	
13.699447421562322	21.58138531253719	0.0	0.0	
13.533390047224433	12.212351083841348	0.0	0.0	
29.041142298470042	2.3874538308145326	0.0	0.0	
14.277959065917631	27.37595267014564	0.0	0.0	
15.78783456162656	6.574636155128509	0.0	0.0	
16.125136394914293	28.32641787334513	0.0	0.0	
12.812934528398088	30.33557890974746	0.0	0.0	
18.429000027248108	25.18445970181442	0.0	0.0	
11.711237329937898	25.94335758747852	0.0	0.0	
19.510899705619398	13.157188779024697	0.0	0.0	
9.41843522790246	9.350588464577466	0.0	0.0	
23.64999171942532	9.54419338983119	0.0	0.0	
30.3267164574576	0.8888519839017661	0.0	0.0	
11.120950349935768	27.69065082877024	0.0	0.0	
4.869940341848761	22.892274819513354	0.0	0.0	
7.009996024962668	1.2504607900973745	0.0	0.0	
25.625745890828405	10.290802318545477	0.0	0.0	
1.4171508991700712	12.925319612726447	0.0	0.0	
4.931232707391306	7.581519850208938	0.0	0.0	
22.499236709157252	7.051337225506433	0.0	0.0	
9.020218800198538	26.16672708068893	0.0	0.0	
31.54544538584274	11.931683156554666	0.0	0.0	
10.486179188304806	21.23761469444651	0.0	0.0	
30.06832765551847	15.560737758880592	0.0	0.0	
23.70086990017247	11.885049567964991	0.0	0.0	
31.356276228146598	8.400489987583544	0.0	0.0	
9.83181118048206	4.283777014824736	0.0	0.0	
1.1670127461893784	11.55194685618332	0.0	0.0	
29.359775698934744	11.05780165364245	0.0	0.0	
25.333236141359617	9.632886478034802	0.0	0.0	
27.192421667398968	10.63951159511311	0.0	0.0	
18.37785418427102	0.5491274335590965	0.0	0.0	
29.43088524277243	19.163913932431413	0.0	0.0	
15.403147497925033	28.127892559239736	0.0	0.0	
22.718703491548055	24.623018776974135	0.0	0.0	
27.85611385246679	9.937984837681164	0.0	0.0	
15.047358791330165	18.09696070572908	0.0	0.0	
26.99499140397569	9.432170310522881	0.0	0.0	
5.301736831921172	6.168768851979149	0.0	0.0	
9.282800418180312	12.860173994284555	0.0	0.0	
31.512838075020927	10.687892214033475	0.0	0.0	
2.857512200226804	7.840202713840256	0.0	0.0	
21.11057741262844	10.313890533012014	0.0	0.0	
26.65623908583895	0.7220932833498743	0.0	0.0	
1.8677750523107832	18.207625889975418	0.0	0.0	
18.845381977696952	23.977564416691525	0.0	0.0	
15.267674178798817	27.904503382159156	0.0	0.0	
12.619369356168075	23.832673030342544	0.0	0.0	
22.242610804434463	9.788258281948764	0.0	0.0	
20.118719369902404	14.87540089555483	0.0	0.0	
18.009188189199065	6.4341577661069	0.0	0.0	
17.069716836933512	0.6046165702828894	0.0	0.0	
8.343305377828845	0.5537998368162818	0.0	0.0	
19.416781705615513	1.6474000789901524	0.0	0.0	
28.830496500313075	22.067507068683454	0.0	0.0	
27.95003493342923	12.294944492469892	0.0	0.0	
9.899483356691952	9.50132437961717	0.0	0.0	
3.172562493088922	4.15233961386938	0.0	0.0	
2.336508568589789	8.068232119043738	0.0	0.0	
7.326824577382162	12.185487589929167	0.0	0.0	
27.502429216979138	4.159822269550794	0.0	0.0	
9.72605955256806	5.789513401212357	0.0	0.0	
30.03805119863455	29.911133010442505	0.0	0.0	
26.3525832164721	1.3379253671125717	0.0	0.0	
31.192886214302774	10.328984271947274	0.0	0.0	
16.555705916860447	13.810908195890715	0.0	0.0	
9.028817049378333	29.586924293641033	0.0	0.0	
9.375571570797057	3.957554683673017	0.0	0.0	
8.34486059958336	24.706083461434638	0.0	0.0	
12.841984267352426	18.216046063722796	0.0	0.0	
23.98668086045509	6.268484309947986	0.0	0.0	
27.696861389968557	13.029658700189291	0.0	0.0	
10.409190468337734	13.480690722117629	0.0	0.0	
23.587455033993308	24.27770499346607	0.0	0.0	
29.053339948487963	11.344927237666255	0.0	0.0	
3.331356808960379	12.712652769236588	0.0	0.0	
3.675226300929868	19.591620104395123	0.0	0.0	
30.922224375611208	10.700755049564094	0.0	0.0	
27.633484250288127	25.93760886400022	0.0	0.0	
1.5676260157861641	5.9600234372257646	0.0	0.0	
25.868909941676915	4.025946488683164	0.0	0.0	
3.125470161125328	8.521154523867551	0.0	0.0	
23.30252249966231	21.769308980243892	0.0	0.0	
30.890393530298375	24.993542191432862	0.0	0.0	
7.513734123067962	28.048416452916662	0.0	0.0	
24.97463346842099	13.08043566573032	0.0	0.0	
11.768305653445353	5.507077441874415	0.0	0.0	
7.488751830122574	14.408108978741957	0.0	0.0	
10.999432674531452	2.156266416339406	0.0	0.0	
0.7034610900876537	28.921829546462277	0.0	0.0	
22.155283837822196	17.135481511105972	0.0	0.0	
20.209218422502758	26.990250596572146	0.0	0.0	
9.41721679792202	18.162642870497933	0.0	0.0	
7.043294567580091	16.597128059193036	0.0	0.0	
6.467121544486417	9.49017055802949	0.0	0.0	
22.34759162680141	16.737521821121682	0.0	0.0	
29.292995892053593	25.702502679933428	0.0	0.0	
0.4290385311427727	1.4254519439842355	0.0	0.0	
14.31670832142548	14.191406911320623	0.0	0.0	
9.977089411940575	27.9117825420881	0.0	0.0	
20.109669386534346	23.971684995888054	0.0	0.0	
2.5150910167762	19.820682218059904	0.0	0.0	
8.056860114787273	18.406124824541067	0.0	0.0	
30.712278176637138	17.312044147594438	0.0	0.0	
21.616393462758456	28.00954970931846	0.0	0.0	
25.34252346511141	14.13928062352177	0.0	0.0	
13.060259508426096	20.11355571150175	0.0	0.0	
2.1912444921573133	19.25747598493769	0.0	0.0	
24.675330068132133	29.402308552357503	0.0	0.0	
28.456967768700117	22.192420417020063	0.0	0.0	
12.046603614383965	9.674620698452067	0.0	0.0	
23.262699628394913	25.81316091700046	0.0	0.0	
11.859178031263191	5.9123854153702275	0.0	0.0	
9.55231390253228	27.402795196412185	0.0	0.0	
29.652515265740323	8.961909624719876	0.0	0.0	
10.606345663713526	9.015064725207043	0.0	0.0	
14.1096782482206	12.49114371242938	0.0	0.0	
7.547471093253506	31.804753101375365	0.0	0.0	
9.035008103662715	6.193536820618238	0.0	0.0	
20.574066375130883	9.149183606318054	0.0	0.0	
9.837135494089612	21.476102419974236	0.0	0.0	
18.88179119128423	31.442879911881004	0.0	0.0	
25.256880399217437	5.474304296605471	0.0	0.0	
7.965204606409806	29.196065897654353	0.0	0.0	
23.200070794191642	22.560254209015376	0.0	0.0	
12.73921640048371	21.174777194625673	0.0	0.0	
8.740347487415882	14.268337083348502	0.0	0.0	
23.72433623282294	14.5734502678247	0.0	0.0	
6.283259403004987	9.230690042911522	0.0	0.0	
24.002049211622534	14.858606538866521	0.0	0.0	
2.6337338979171143	24.672422646803344	0.0	0.0	
12.2636537589019	25.343538277870042	0.0	0.0	
8.523686136883516	3.0900446508029376	0.0	0.0	
2.713233924565902	31.757739402721477	0.0	0.0	
26.784103300782924	24.829701741624234	0.0	0.0	
26.097669260228596	0.7659618247910593	0.0	0.0	
23.635608380831354	0.8576154186591864	0.0	0.0	
24.917114800555268	11.487114176426566	0.0	0.0	
0.002136424501557599	19.21811139591434	0.0	0.0	
1.52285947278774	17.923700713157093	0.0	0.0	
19.424600554053715	25.45964713759785	0.0	0.0	
14.813550787812911	2.8894760756118707	0.0	0.0	
23.205824421154958	4.598304536460734	0.0	0.0	
3.4118604268415424	1.9239710258746285	0.0	0.0	
2.550966930198893	4.200855116636653	0.0	0.0	
19.74235103189735	6.652350268773159	0.0	0.0	
0.9929126381503579	29.141369305208215	0.0	0.0	
14.660033505515852	0.7582020367795046	0.0	0.0	
17.987729740880283	13.916983202148892	0.0	0.0	
16.86878546855665	25.23745324044234	0.0	0.0	
6.615708665732058	14.269401995643289	0.0	0.0	
19.895766846818482	27.730499837736456	0.0	0.0	
14.211002058451225	14.80203587341689	0.0	0.0	
26.57911931600717	8.336754840303396	0.0	0.0	
13.127483646665713	8.16849821638272	0.0	0.0	
22.9813081950372	16.25874321369061	0.0	0.0	
4.964176657555885	29.880275606984753	0.0	0.0	
9.360521494123649	22.913575803103885	0.0	0.0	
16.832430506673436	10.043172281598434	0.0	0.0	
22.23660459711054	9.72123511085637	0.0	0.0	
3.159719711787851	12.807131662336158	0.0	0.0	
30.85335282970171	7.75131164105218	0.0	0.0	
29.095813754069606	17.195853929717796	0.0	0.0	
10.540631651829333	2.9122593916757644	0.0	0.0	
6.062880382904659	27.356421326160678	0.0	0.0	
9.64981951843292	11.889437920787277	0.0	0.0	
15.838483092671442	6.993914612727831	0.0	0.0	
14.907691145070299	24.96692554500576	0.0	0.0	
13.987458266696667	17.02605838491087	0.0	0.0	
30.417292590894967	11.628341053234486	0.0	0.0	
6.994458862510598	7.267884086587113	0.0	0.0	
2.136813402416525	24.929135814275952	0.0	0.0	
19.57304099055483	26.449856629759708	0.0	0.0	
31.935918690426746	31.087073436611593	0.0	0.0	
21.321345179729942	23.79643689605638	0.0	0.0	
7.715180016550043	12.906624692263794	0.0	0.0	
18.870283195382736	18.84621560114196	0.0	0.0	
6.436577463997647	16.41869974509055	0.0	0.0	
12.976136478356839	28.88616104119374	0.0	0.0	
0.58785688684668	26.2416426361089	0.0	0.0	
12.670981141223933	11.828455013903458	0.0	0.0	
12.48517203940829	4.071883653568548	0.0	0.0	
21.787978388672165	19.523701781562593	0.0	0.0	
13.92601730380759	18.300971311691182	0.0	0.0	
6.7494333451667	31.528040202132534	0.0	0.0	
23.60055829883364	15.516428973321716	0.0	0.0	
29.729748501330345	30.916148326898348	0.0	0.0	
17.022265714001033	26.94488441034848	0.0	0.0	
29.56184539424318	31.819351906149336	0.0	0.0	
15.434281499527877	15.990279143346442	0.0	0.0	
0.4253469284965199	11.97409105955808	0.0	0.0	
8.620658514013083	9.47010966202689	0.0	0.0	
14.473731098666029	16.168035508511753	0.0	0.0	
15.31652930467827	12.654281574017801	0.0	0.0	
25.59737282656032	24.364248501034464	0.0	0.0	
29.2314053407319	23.99345584456223	0.0	0.0	
27.231747766429454	15.250944571964482	0.0	0.0	
28.922143797118878	5.673706431534153	0.0	0.0	
29.91155836646936	7.003669524652157	0.0	0.0	
20.360166590149746	13.743131056007293	0.0	0.0	
3.417284260847719	27.335276323882862	0.0	0.0	
22.67590837230961	15.818568812542392	0.0	0.0	
25.080109715044685	2.0528611249517716	0.0	0.0	
19.255045100659697	24.010106341897806	0.0	0.0	
9.789032968747986	21.297403772896256	0.0	0.0	
13.606879349419174	2.3670370523412423	0.0	0.0	
14.173842108188616	8.434634359306447	0.0	0.0	
31.42618245841877	11.272908999802272	0.0	0.0	
9.478517005699224	27.16657955610773	0.0	0.0	
0.5709859095614753	23.562567020907053	0.0	0.0	
19.352973497890716	2.5843605987617515	0.0	0.0	
16.478480589745214	5.160658974371909	0.0	0.0	
13.763306623069262	11.62182768492476	0.0	0.0	
4.188874283378819	5.530701510406985	0.0	0.0	
18.172376143690595	6.255300308128348	0.0	0.0	
7.582556009963795	17.30236241445235	0.0	0.0	
7.099323344990626	19.459963992580246	0.0	0.0	
2.3380867879028386	4.554419504221059	0.0	0.0	
21.621781904028662	19.0596879942591	0.0	0.0	
1.7164272986445894	1.6330275923506292	0.0	0.0	
14.718121848004746	27.574095716702992	0.0	0.0	
9.169547513321646	17.257321204457902	0.0	0.0	
12.790859361257244	0.10651660584058575	0.0	0.0	
20.77374650355809	7.637554635545552	0.0	0.0	
31.543288261587303	14.884155162671117	0.0	0.0	
20.75691111521265	16.159721049561348	0.0	0.0	
22.675178441500094	24.47357942012844	0.0	0.0	
28.612447372156243	22.716829532439224	0.0	0.0	
11.868994876469397	13.930723812547512	0.0	0.0	
0.052487744569244654	27.445131233992164	0.0	0.0	
20.277442731331064	29.24480033089905	0.0	0.0	
28.016149215120212	16.524459302155858	0.0	0.0	
12.217054282068368	26.590188063026833	0.0	0.0	
14.599448254814781	31.68291357498649	0.0	0.0	
10.29916691886897	6.103164452022085	0.0	0.0	
12.178659525097963	28.39731355625861	0.0	0.0	
13.21007272683357	31.857200435021852	0.0	0.0	
7.1752775126372725	18.423583703074573	0.0	0.0	
5.724927580238209	12.789602922713659	0.0	0.0	
26.521894646112116	28.294583804982214	0.0	0.0	
25.829832624669518	9.8268401255676	0.0	0.0	
8.113438166686493	28.330100873906265	0.0	0.0	
26.74826180476587	14.730092331857534	0.0	0.0	
9.502087169888267	0.6124287950606302	0.0	0.0	
17.926702539028252	2.9322339974411555	0.0	0.0	
18.816167881409218	14.679383985431851	0.0	0.0	
19.791785963315775	24.520200040704914	0.0	0.0	
30.764414542097853	20.46781151493821	0.0	0.0	
9.871519124223465	5.371387524294843	0.0	0.0	
18.4235054315515	22.11664731763077	0.0	0.0	
6.836866745900672	19.532827151144534	0.0	0.0	
25.787230595204676	9.054047745926201	0.0	0.0	
28.70278471255775	27.65610780939981	0.0	0.0	
9.297837264931264	12.746705466805789	0.0	0.0	
3.1261060072252818	10.609892353016061	0.0	0.0	
25.80985946828705	24.631329916821475	0.0	0.0	
8.176197716560992	8.861559645729262	0.0	0.0	
29.59414410343816	19.9769814048115	0.0	0.0	
4.035626556034121	13.827541234888521	0.0	0.0	
28.911488234002107	21.16681959093114	0.0	0.0	
21.795032594194037	15.156588306047645	0.0	0.0	
7.696015880366744	4.00636142227129	0.0	0.0	
11.351307655031253	24.893558831737494	0.0	0.0	
22.978747593001916	18.16375148671229	0.0	0.0	
7.3095345695192435	7.769162912125484	0.0	0.0	
31.53628022398922	1.9063832019974214	0.0	0.0	
10.20965977709395	27.204449729229847	0.0	0.0	
13.358634062981078	26.779549863517918	0.0	0.0	
20.310838522884485	8.397604222497328	0.0	0.0	
27.687272568961628	23.187878753436145	0.0	0.0	
3.7582730348696494	21.21526023777159	0.0	0.0	
3.650382770132648	31.899375333961117	0.0	0.0	
17.350671653821355	21.93120051618686	0.0	0.0	
23.060401489461768	5.261761278039998	0.0	0.0	
29.38406585921896	6.485066321030068	0.0	0.0	
26.55177327204628	19.741881257964955	0.0	0.0	
1.9849055350503875	16.809135973063444	0.0	0.0	
30.627010142929592	22.910264587260873	0.0	0.0	
14.899464533546645	4.484662791947109	0.0	0.0	
13.686521153267321	27.661761258439327	0.0	0.0	
2.0277831746183317	15.390968168430536	0.0	0.0	
0.6580002070034467	1.989147216292313	0.0	0.0	
5.533591251537988	7.742007347721994	0.0	0.0	
25.885487351897343	7.959007427401076	0.0	0.0	
19.35714046619218	11.5496981038905	0.0	0.0	
16.687694541611002	16.679578210095244	0.0	0.0	
5.6498129753931	12.03412454022358	0.0	0.0	
20.751421221588853	30.00328334221137	0.0	0.0	
15.237480454541458	21.72138702044273	0.0	0.0	
23.381820751869228	6.295363628775831	0.0	0.0	
9.72408235184988	26.45065051385024	0.0	0.0	
2.2866361417194057	24.145317954619223	0.0	0.0	
8.704384994625102	4.251236549467208	0.0	0.0	
20.075244751218616	11.791623260546128	0.0	0.0	
18.12553818139582	26.027752342894598	0.0	0.0	
10.42107202171292	14.936243719316384	0.0	0.0	
26.85694183445763	22.760185376930192	0.0	0.0	
26.85693878630878	12.155460824308744	0.0	0.0	
22.553925416622846	28.504025432905223	0.0	0.0	
9.610410293747396	22.48129242374319	0.0	0.0	
30.119244506217083	23.92047162446387	0.0	0.0	
29.36223291066502	28.29211595237847	0.0	0.0	
5.60054182380312	19.65341749780617	0.0	0.0	
23.323562651997808	10.989316013949193	0.0	0.0	
27.984220255716185	21.992629238453226	0.0	0.0	
30.24187212245992	3.749265126244616	0.0	0.0	
8.040729897552243	20.776376082846948	0.0	0.0	
4.816037820843967	7.613467289973098	0.0	0.0	
15.129654210937566	11.346587429831995	0.0	0.0	
19.025346825432553	13.185774459705542	0.0	0.0	
23.975566489042496	18.408608772758914	0.0	0.0	
3.925464771085746	6.585036313578055	0.0	0.0	
5.212622364729903	20.01379956484934	0.0	0.0	
3.050590421347472	13.939138432085667	0.0	0.0	
13.846385162105044	14.139864578328169	0.0	0.0	
12.231003384139225	12.437733431748104	0.0	0.0	
3.6585567770709915	31.64160779449484	0.0	0.0	
8.691502551245435	25.120349621548026	0.0	0.0	
29.685954240816002	28.625836878431354	0.0	0.0	
15.465602193821834	8.566607553276587	0.0	0.0	
16.367779787513726	8.296694346420548	0.0	0.0	
8.254282027523264	19.544118383927312	0.0	0.0	
25.826608135370627	10.532452539980362	0.0	0.0	
23.29751916092749	19.828490746651074	0.0	0.0	
13.826811502837138	17.708395077382853	0.0	0.0	
4.889676599759095	11.922933215216243	0.0	0.0	
12.010145709433552	31.891705010030023	0.0	0.0	
9.311092169685477	26.92474732939973	0.0	0.0	
9.263384375101648	26.900486263220063	0.0	0.0	
31.477977158526198	12.800625825834924	0.0	0.0	
7.085967459763825	14.584317656697145	0.0	0.0	
14.885115098763016	12.594025073791098	0.0	0.0	
13.028086702861945	18.41899939339438	0.0	0.0	
26.37501841029323	24.32404582424261	0.0	0.0	
17.705992558711383	15.985640530290954	0.0	0.0	
25.905612774891086	17.57278496683211	0.0	0.0	
26.74740974165661	26.626006751940984	0.0	0.0	
15.014513415577433	20.58239760377281	0.0	0.0	
13.09040719586515	0.9277781624770398	0.0	0.0	
7.759600082485946	2.1198103178516696	0.0	0.0	
14.819379587558206	29.620996077209337	0.0	0.0	
0.8902123525446086	28.423269041582344	0.0	0.0	
15.108354748328708	7.6664081660147225	0.0	0.0	
16.71253670483361	12.440223217385348	0.0	0.0	
21.150330538792293	18.54271316492309	0.0	0.0	
24.16183845496043	19.655205187465846	0.0	0.0	
1.8605656329956481	4.647046231525383	0.0	0.0	
5.108324040446039	13.223519647658964	0.0	0.0	
25.189739767761143	16.333814540796734	0.0	0.0	
30.222767793909615	0.3824580180569441	0.0	0.0	
27.220908954254224	4.264888093815319	0.0	0.0	
10.291687500616415	21.62346625159711	0.0	0.0	
15.252170050411255	3.539903255983269	0.0	0.0	
2.8501532162601144	3.086067245991181	0.0	0.0	
27.686657494544605	18.316556919162945	0.0	0.0	
18.97471848567382	29.955683430678096	0.0	0.0	
11.00704922853129	14.572309161722877	0.0	0.0	
24.98409314736675	19.154382087596137	0.0	0.0	
31.287406356238744	24.96733201617368	0.0	0.0	
17.10976757571389	12.133579840971091	0.0	0.0	
24.425090750894366	5.446041955507994	0.0	0.0	
13.108657076322867	10.380711503202896	0.0	0.0	
19.741451372457913	18.78741707674225	0.0	0.0	
21.838456481285796	9.909651361857314	0.0	0.0	
18.82445716922096	28.76372048357768	0.0	0.0	
10.576175688857639	6.630056327649374	0.0	0.0	
6.561566065610503	15.410665908907376	0.0	0.0	
7.698743857946003	18.669540130451978	0.0	0.0	
27.232210926506262	20.609402529856048	0.0	0.0	
7.73460632995355	10.224124529551236	0.0	0.0	
4.315206568176059	8.286329814495552	0.0	0.0	
10.57302222671889	22.21090285968134	0.0	0.0	
7.051321162460368	5.23117101849753	0.0	0.0	
4.152460828443239	17.22097941125404	0.0	0.0	
30.474134290270463	29.868572704238627	0.0	0.0	
24.287825002327068	25.015152882051392	0.0	0.0	
29.197604391206198	6.105509583819405	0.0	0.0	
16.87145470651806	1.8409370486322523	0.0	0.0	
13.71565475165622	15.800162154541148	0.0	0.0	
7.3915305288617645	25.873105949762337	0.0	0.0	
16.357657773001378	15.675035989979381	0.0	0.0	
7.382196815386472	22.628234893270758	0.0	0.0	
27.17495170493115	25.215610181489684	0.0	0.0	
14.98805346935832	10.787597235939742	0.0	0.0	
19.84490075515032	25.678224546249197	0.0	0.0	
8.629835718398084	2.8149991625189905	0.0	0.0	
16.26811716980725	21.624689666156705	0.0	0.0	
14.622187652718576	29.450044430905933	0.0	0.0	
6.800924483785899	24.468618780146443	0.0	0.0	
3.487153959109566	17.990177034887626	0.0	0.0	
18.839274081449858	30.531766928411106	0.0	0.0	
0.26552224559215176	7.0338897908204	0.0	0.0	
19.551606922884023	4.020034537281582	0.0	0.0	
29.673385440724264	27.122051721194072	0.0	0.0	
17.198069241790943	16.10342087952607	0.0	0.0	
18.34181576108882	4.391889653987789	0.0	0.0	
17.029331298848515	2.392015310182529	0.0	0.0	
25.49953657615467	8.536671973788927	0.0	0.0	
14.642003172485119	12.494330316088483	0.0	0.0	
28.588839888736782	15.086854784093308	0.0	0.0	
15.77852271057452	22.410522934009958	0.0	0.0	
10.108130411327046	12.925554724262604	0.0	0.0	
31.720168810821328	1.305913595920348	0.0	0.0	
22.620374469480588	24.665667922688513	0.0	0.0	
24.357368652837916	6.577244271043877	0.0	0.0	
17.697629507209115	19.115365717428773	0.0	0.0	
12.441279328201691	14.754647513079124	0.0	0.0	
17.859261201897834	18.778610741162467	0.0	0.0	
25.24007076446306	12.10361220037014	0.0	0.0	
8.247414631848084	20.379826426694073	0.0	0.0	
27.856738768783657	27.644451052627726	0.0	0.0	
6.543767965925042	21.427041279174798	0.0	0.0	
11.191555113938346	1.7695003588651375	0.0	0.0	
29.66177075452029	24.152428402453115	0.0	0.0	
15.949209679639491	9.715735061503867	0.0	0.0	
14.982992950475335	10.866534180434538	0.0	0.0	
19.442077363016764	23.791249325078745	0.0	0.0	
11.047284459747797	28.698198276612164	0.0	0.0	
30.262214358631308	24.675118697142548	0.0	0.0	
29.494797233816623	31.520537554542337	0.0	0.0	
20.61310886577162	19.425880352211582	0.0	0.0	
24.257258146284133	25.187476894648217	0.0	0.0	
12.999862073749242	8.372316046255676	0.0	0.0	
16.501959203037064	21.710216107176294	0.0	0.0	
14.242326356127293	17.64351156556861	0.0	0.0	
5.9473140790483505	31.58587361545827	0.0	0.0	
18.38913747331513	13.890841754685784	0.0	0.0	
6.19722554710361	22.397921213373262	0.0	0.0	
3.8059485164759543	15.828038104459324	0.0	0.0	
22.542490628942947	2.370395094057166	0.0	0.0	
1.326363336371795	16.153294532511254	0.0	0.0	
3.1845321276653316	2.1412055103845695	0.0	0.0	
26.43062330854453	19.416803710109825	0.0	0.0	
21.282769354670258	10.370009056304216	0.0	0.0	
0.9876196528074139	28.825247739467525	0.0	0.0	
2.2591579214825543	2.6686422527145623	0.0	0.0	
30.227952028723177	7.369552088790755	0.0	0.0	
26.691406433324236	20.375332690094904	0.0	0.0	
13.294847924005893	25.727648526445805	0.0	0.0	
6.503746130779806	1.9822221647146243	0.0	0.0	
14.840742380138987	19.343582785446447	0.0	0.0	
0.36915063121163527	23.681360474760115	0.0	0.0	
14.042854776673021	1.2818258797914481	0.0	0.0	
29.182225230003002	13.499462895105562	0.0	0.0	
5.337506354835117	16.902314991437848	0.0	0.0	
25.44353224167312	8.130719146764417	0.0	0.0	
15.194907194292444	22.94288054111219	0.0	0.0	
3.7356786994779974	27.544890559762397	0.0	0.0	
29.17379908872043	6.440316918343051	0.0	0.0	
16.034129511372285	6.074728881651524	0.0	0.0	
27.492502529255457	17.05989024045717	0.0	0.0	
18.986792655681455	1.2016693082774168	0.0	0.0	
11.24353598053284	28.790685207609258	0.0	0.0	
16.323762104147892	14.463095666483191	0.0	0.0	
22.045699392244103	30.699473859230707	0.0	0.0	
20.407134845073422	18.678992446537478	0.0	0.0	
0.18298875141700677	21.97156926551746	0.0	0.0	
26.994359968415775	14.519418548301655	0.0	0.0	
4.063338247476622	25.067024001442032	0.0	0.0	
18.346764838829134	14.184968073098549	0.0	0.0	
18.780881787494376	6.25440485897596	0.0	0.0	
19.909255674201837	14.659315136166228	0.0	0.0	
15.099436191750247	8.867140750206666	0.0	0.0	
3.837189627394391	22.69319873720536	0.0	0.0	
4.938049055569955	2.994749116817143	0.0	0.0	
12.191789927847786	31.484185077168796	0.0	0.0	
0.22017194517500016	5.146224454352957	0.0	0.0	
16.533263178546218	21.772188991808715	0.0	0.0	
12.496955390344933	12.035682732696909	0.0	0.0	
27.325507392478983	22.139254110380634	0.0	0.0	
4.914365055491711	25.94584843951634	0.0	0.0	
10.187638687020254	19.444007601194752	0.0	0.0	
24.757588657221426	10.69411130625339	0.0	0.0	
3.9501494396208585	8.716882106636056	0.0	0.0	
31.655794056184728	25.418896881319206	0.0	0.0	
30.54888190587487	4.642036076245375	0.0	0.0	
6.8136630117166455	1.218500585977818	0.0	0.0	
21.757183709863245	2.0498056809564282	0.0	0.0	
8.63077068502946	14.081378441633543	0.0	0.0	
7.825983577477405	27.607637828872	0.0	0.0	
12.026986177872175	28.35889142702872	0.0	0.0	
12.528789667717184	29.314923071768057	0.0	0.0	
9.706681781235869	8.26436024032574	0.0	0.0	
26.298367800855836	28.518069577166106	0.0	0.0	
14.331040052094377	28.128431927764005	0.0	0.0	
20.544511869431805	20.3325885289105	0.0	0.0	
25.33156029734281	0.7524848261526991	0.0	0.0	
29.35691041263595	12.570143377399674	0.0	0.0	
4.474453229857964	14.951553794938949	0.0	0.0	
3.2636303290126882	12.337662230686334	0.0	0.0	
27.46109003681807	5.753409711727937	0.0	0.0	
29.014717933791154	31.301516360593354	0.0	0.0	
16.7007660597388	15.41584304040759	0.0	0.0	
5.612885040231937	30.70891648582908	0.0	0.0	
22.65331254470604	18.802251441255162	0.0	0.0	
5.541651688691353	24.770744524958264	0.0	0.0	
17.4410467887501	0.9299095745494697	0.0	0.0	
10.555580056166868	0.19471664979446857	0.0	0.0	
20.53138775688333	25.464208171327577	0.0	0.0	
14.28872636542107	23.924150448539812	0.0	0.0	
15.300001435386612	19.997719650361	0.0	0.0	
31.31493032564148	5.57452188557421	0.0	0.0	
24.588993277537252	27.06804544959981	0.0	0.0	
17.288452660414517	3.623125567810412	0.0	0.0	
26.21974195622593	2.426541510586844	0.0	0.0	
19.904408275104245	21.19380000030527	0.0	0.0	
28.03211221799434	25.124481473085613	0.0	0.0	
25.663709711537525	27.212942799483198	0.0	0.0	
26.926750509477344	4.270789048396139	0.0	0.0	
0.6499906772454551	3.023117846709251	0.0	0.0	
18.2466319365834	10.86736570355692	0.0	0.0	
9.67853854586787	5.279136792914784	0.0	0.0	
14.26320709765034	20.8787532077922	0.0	0.0	
5.223505737195037	6.0496384128140335	0.0	0.0	
3.263415940272857	9.427450857720565	0.0	0.0	
6.281470067523973	31.098776329567027	0.0	0.0	
21.254351753994886	18.489983851402574	0.0	0.0	
5.3015294683055885	27.577714496697784	0.0	0.0	
11.251457585720317	16.33599238383805	0.0	0.0	
31.393007512672266	1.3985060261019306	0.0	0.0	
1.6246698681992804	0.8802098805435321	0.0	0.0	
25.588300783444428	10.668773115094954	0.0	0.0	
24.071139141241908	24.211020211767778	0.0	0.0	
15.659467018674558	30.98377312935795	0.0	0.0	
3.2255901182510733	9.402398392793735	0.0	0.0	
28.875243147439257	12.296765806498684	0.0	0.0	
17.217372689237358	18.331814642064803	0.0	0.0	
6.6960498179299215	13.689404666563718	0.0	0.0	
9.467334935630475	8.682860083282062	0.0	0.0	
13.644389357850173	29.168024120570276	0.0	0.0	
6.632356716633151	27.17254688402341	0.0	0.0	
24.49971757621248	18.206377262904912	0.0	0.0	
21.27955836528245	1.808426666015901	0.0	0.0	
20.98386688537881	23.755533429054037	0.0	0.0	
26.703098195851425	19.75300257014515	0.0	0.0	
11.316020814804006	25.49644609790916	0.0	0.0	
18.83461399672366	3.7548547528578915	0.0	0.0	
31.612726825908513	22.48746778520743	0.0	0.0	
11.578815829556373	17.660267756474035	0.0	0.0	
12.45773248006326	1.3779147369643	0.0	0.0	
9.540872137668977	6.639611315040579	0.0	0.0	
31.774690171906737	0.6867976345431153	0.0	0.0	
27.578594877953215	28.54985785659283	0.0	0.0	
3.0162918094763675	31.1887910012303	0.0	0.0	
21.47375940676716	11.929324314261748	0.0	0.0	
17.879977174128086	26.591090541399907	0.0	0.0	
1.9918205116880934	0.6444236910666561	0.0	0.0	
8.723128202977755	11.30014956787474	0.0	0.0	
22.99010239029903	15.620921247207821	0.0	0.0	
10.88571557449744	13.420453026241425	0.0	0.0	
27.256335092475307	17.919176971261287	0.0	0.0	
9.39409751436273	28.159137450655546	0.0	0.0	
9.85633524725969	19.577419766758396	0.0	0.0	
1.1769250656493	4.010393557069776	0.0	0.0	
23.46886765076974	27.86311509376403	0.0	0.0	
11.776505304888484	23.521637651043722	0.0	0.0	
29.704148538720318	0.7384684572815381	0.0	0.0	
7.239738312882388	1.0306941654870805	0.0	0.0	
10.165315793189738	25.137908822670028	0.0	0.0	
2.51500431710841	25.66048908036507	0.0	0.0	
7.75163541187537	25.797142657550285	0.0	0.0	
10.51520980731086	13.836997070296789	0.0	0.0	
24.194818808189872	11.462542613889667	0.0	0.0	
21.1734832655574	7.73694558336658	0.0	0.0	
13.074699549422512	7.573304823849167	0.0	0.0	
26.857537456244472	11.590876521741393	0.0	0.0	
14.716423330063336	6.696535370967126	0.0	0.0	
14.246866924854839	24.94882124701836	0.0	0.0	
22.51408099990788	14.781025448067513	0.0	0.0	
20.349466734574875	20.990359560205718	0.0	0.0	
10.490142102362412	30.506131450215577	0.0	0.0	
11.597026434107889	16.980389351259433	0.0	0.0	
7.917631215318284	18.401462994009222	0.0	0.0	
6.4402147503209655	5.301818201032969	0.0	0.0	
19.79075714196404	21.747063290628386	0.0	0.0	
14.176071313933598	17.405240375646617	0.0	0.0	
24.87261276302268	14.275025770957868	0.0	0.0	
12.179322919070156	0.45438112706676037	0.0	0.0	
14.902732208466212	5.316567943520184	0.0	0.0	
17.086635362110982	10.902972801680864	0.0	0.0	
16.119661187924702	22.64655540014338	0.0	0.0	
1.0090996874042197	20.67041025110716	0.0	0.0	
1.734833590723504	24.771653198338683	0.0	0.0	
12.959670501969892	24.781101589757707	0.0	0.0	
0.978631022857801	0.4529708673532724	0.0	0.0	
7.99506593422376	21.725687286654537	0.0	0.0	
30.446623378177915	21.22694903763732	0.0	0.0	
7.473859761135834	8.554182561567892	0.0	0.0	
19.651928965718657	23.850723292969395	0.0	0.0	
26.08899315842485	22.696212855630986	0.0	0.0	
5.097202090471821	1.171483407310653	0.0	0.0	
9.414813562676393	9.04283918385681	0.0	0.0	
26.63952232733688	6.0828508428823405	0.0	0.0	
5.8061502932662385	10.455797786149333	0.0	0.0	
13.686925645025319	9.663068634748743	0.0	0.0	
6.349777093153854	31.53841778331664	0.0	0.0	
16.812076001894223	21.369436781001408	0.0	0.0	
15.840472495348763	9.875658570940523	0.0	0.0	
21.801463794529006	22.740731622057968	0.0	0.0	
4.52632205818561	13.622272379633728	0.0	0.0	
25.051490947778376	15.645449904733812	0.0	0.0	
20.448590291214636	5.421685218974083	0.0	0.0	
12.170720847251758	20.40833967772659	0.0	0.0	
16.292896929265822	9.041761127452514	0.0	0.0	
0.22193531043594206	21.928165678637423	0.0	0.0	
17.72624837092195	19.45713673390197	0.0	0.0	
0.3933382513745656	25.960086084263157	0.0	0.0	
25.78249880574696	3.5157800198732723	0.0	0.0	
22.68429286516702	21.072964184763098	0.0	0.0	
15.582788489125193	12.194156406505474	0.0	0.0	
26.64468133710785	12.385751071406471	0.0	0.0	
13.641067703053537	3.0345004324627816	0.0	0.0	
17.033287797236557	21.161625352537655	0.0	0.0	
17.63934828547989	15.936437794780154	0.0	0.0	
3.139114035551991	16.6618876908669	0.0	0.0	
2.5830249401912795	30.49994851029522	0.0	0.0	
24.30113329712801	23.028856064886046	0.0	0.0	
12.973702126519719	13.390077572382854	0.0	0.0	
26.369857814443055	1.6758379229249023	0.0	0.0	
18.250447668561936	9.769428487561022	0.0	0.0	
8.45666199129763	13.09624972556431	0.0	0.0	
15.144380438298679	21.407522526008535	0.0	0.0	
8.537220677411938	1.1565944816316822	0.0	0.0	
1.1499315934569054	12.392433902207816	0.0	0.0	
5.808495855619267	5.3292696489627005	0.0	0.0	
13.613128058061495	10.222585924066802	0.0	0.0	
5.736738221677701	9.372799586064556	0.0	0.0	
14.203068251083316	28.60959472363981	0.0	0.0	
22.11223530293687	11.011214153074896	0.0	0.0	
26.374448600073897	12.876162161964679	0.0	0.0	
19.55141044282502	28.922861249855426	0.0	0.0	
17.826503705630845	15.848092971979462	0.0	0.0	
18.698455269798348	7.628510672256457	0.0	0.0	
27.478781706138978	10.75317014587403	0.0	0.0	
1.3068557966012655	27.407880556987728	0.0	0.0	
26.824330739795293	11.278467830521237	0.0	0.0	
24.2600413835135	12.411152138429788	0.0	0.0	
20.399063639268757	16.87587480957372	0.0	0.0	
30.795236125929208	2.7373304935878444	0.0	0.0	
21.270269236073513	15.979984493156245	0.0	0.0	
31.118926860310467	22.157511538973456	0.0	0.0	
23.523877739207403	22.671099518513106	0.0	0.0	
31.45236725038905	26.188353737392145	0.0	0.0	
17.721751122186625	23.957811016099342	0.0	0.0	
11.928617199613377	8.468315688837837	0.0	0.0	
15.904262974929331	5.665310203733803	0.0	0.0	
16.27412396592097	3.237648029892359	0.0	0.0	
7.970644811107732	4.2579154935989045	0.0	0.0	
8.823665080228142	7.5106520768412395	0.0	0.0	
26.791437878520465	17.31445772430001	0.0	0.0	
19.18791363970634	10.848283814358577	0.0	0.0	
20.924703487844475	20.630400596246222	0.0	0.0	
31.402977519731333	19.481352673158696	0.0	0.0	
5.259788156194848	25.73811787722024	0.0	0.0	
18.360949120443863	0.2669554925943949	0.0	0.0	
1.12021931459482	31.915213138754968	0.0	0.0	
8.943307906300735	20.947350548777386	0.0	0.0	
28.30813654270952	18.920180975753354	0.0	0.0	
21.76229835308417	12.392286372822532	0.0	0.0	
29.98141329869872	7.734626419573672	0.0	0.0	
12.016960644651618	15.928552927332941	0.0	0.0	
10.259228346877428	4.020773875398781	0.0	0.0	
4.8108972305901005	31.29862061635931	0.0	0.0	
12.343706597245728	2.5193177223079033	0.0	0.0	
13.968239417938065	7.33363135947603	0.0	0.0	
1.7751861855141264	11.119403627544372	0.0	0.0	
25.607590117525707	19.15708856918578	0.0	0.0	
23.118593260437606	18.042579522601986	0.0	0.0	
26.42882568517408	18.285025572977375	0.0	0.0	
30.199026711903933	11.884333599008524	0.0	0.0	
17.217540465986357	29.49106734154223	0.0	0.0	
11.144359451155122	6.450892023360673	0.0	0.0	
19.523310496571966	8.394667836414389	0.0	0.0	
20.089291611249035	1.818398064953577	0.0	0.0	
11.818883137643255	16.912778502684755	0.0	0.0	
2.271171297392364	27.28977249080403	0.0	0.0	
18.33674337294594	7.726433336546879	0.0	0.0	
5.7469667773483835	12.117642510708315	0.0	0.0	
25.12905613474496	10.61636670131757	0.0	0.0	
19.977739382300435	4.885902799258119	0.0	0.0	
25.353949178168403	0.28129013863500063	0.0	0.0	
17.531598166776302	12.125292273025927	0.0	0.0	
5.222454236376382	30.428746113081633	0.0	0.0	
17.019997741757063	31.91219572977836	0.0	0.0	
3.8508297908458538	3.1669454192020403	0.0	0.0	
31.426606324176213	28.546447935453678	0.0	0.0	
23.778448533946186	10.484921368313277	0.0	0.0	
3.2502994596071346	0.5756404731021547	0.0	0.0	
13.3969930095823	30.470515536398185	0.0	0.0	
13.73281647278899	27.259973534632657	0.0	0.0	
23.108644287033385	23.861133397511924	0.0	0.0	
27.386207904986158	7.141387870466097	0.0	0.0	
27.148882524283486	18.50796949819764	0.0	0.0	
23.450597016498254	5.394771708759155	0.0	0.0	
24.79913074815812	29.503975637575497	0.0	0.0	
25.631171244559656	19.3805098748707	0.0	0.0	
19.342933775888415	3.008942693335282	0.0	0.0	
6.638849863743136	4.293152826689049	0.0	0.0	
21.12040281910379	13.769023738719877	0.0	0.0	
17.964148580674728	19.27575170744542	0.0	0.0	
11.593388107453105	1.909794225393771	0.0	0.0	
14.56836755198161	17.121128897238755	0.0	0.0	
6.006427016686597	21.47164429742687	0.0	0.0	
13.198477120509029	9.942348219485257	0.0	0.0	
0.3738960210677078	29.828855381138098	0.0	0.0	
29.99532185809121	24.686813632561268	0.0	0.0	
23.95150402219213	13.229857750483166	0.0	0.0	
1.617080494431022	10.939752347543639	0.0	0.0	
28.917842994179093	15.56060760830215	0.0	0.0	
20.82369762057372	6.265816734549016	0.0	0.0	
29.781542208275376	6.9976759951847	0.0	0.0	
16.020924827727956	29.761191500159182	0.0	0.0	
17.03255286337667	4.041452256438976	0.0	0.0	
11.895410024122725	5.155623981619971	0.0	0.0	
23.39179475626931	28.833985531484547	0.0	0.0	
24.269738209559577	22.980290359495992	0.0	0.0	
10.327822268068807	27.40975089873126	0.0	0.0	
19.27742558111771	7.347135733299464	0.0	0.0	
13.669056429260799	15.209893486697041	0.0	0.0	
29.955466683656372	23.10930771895706	0.0	0.0	
8.084203845912931	8.873933660651268	0.0	0.0	
6.9892092611460015	5.080558258510379	0.0	0.0	
19.182524750765815	14.563695549975016	0.0	0.0	
13.143924605886923	1.0249638721572722	0.0	0.0	
26.180572553575857	14.64399185710613	0.0	0.0	
10.120578108738368	16.31921691854526	0.0	0.0	
24.371162921961165	3.6570363878714716	0.0	0.0	
17.30900861649612	15.789540616010306	0.0	0.0	
6.714081794654696	14.89606325759171	0.0	0.0	
9.998508011704832	25.226528779982356	0.0	0.0	
29.134113006631168	2.650233928593341	0.0	0.0	
12.340396914858015	15.357991734953917	0.0	0.0	
10.76418500166183	25.978571666604203	0.0	0.0	
31.268599378858113	1.3509735570424652	0.0	0.0	
6.449689313535757	11.100297661962351	0.0	0.0	
14.334632174076358	29.976378119893464	0.0	0.0	
11.36685912740105	12.932553797340319	0.0	0.0	
27.976418100450978	30.70742091896524	0.0	0.0	
9.758461409586676	21.280713187144944	0.0	0.0	
29.877468851607116	0.47923033825911077	0.0	0.0	
17.29841379901077	29.560962752612	0.0	0.0	
15.356645605705065	21.55803854478076	0.0	0.0	
18.143020475460542	10.811656096019977	0.0	0.0	
15.074900101832242	14.291757444350253	0.0	0.0	
3.195606016387508	26.352409094724617	0.0	0.0	
12.961305706962094	17.754543147355836	0.0	0.0	
24.641024194672095	5.416159472074558	0.0	0.0	
3.16817712217987	13.954891355249952	0.0	0.0	
13.809614443660667	19.687594213427747	0.0	0.0	
14.164872365918612	11.38465344322234	0.0	0.0	
25.38939170890045	25.90550439070642	0.0	0.0	
3.0236908427551867	0.5374335368755965	0.0	0.0	
24.39273039545659	17.142349772125517	0.0	0.0	
7.768683971339527	28.025854665742475	0.0	0.0	
1.3433448370107364	24.24408228119512	0.0	0.0	
5.072469422316626	19.53683884561485	0.0	0.0	
30.891650646377837	6.092665430176304	0.0	0.0	
16.592620973783138	26.940042450449226	0.0	0.0	
17.85407334032556	19.123970067073135	0.0	0.0	
17.51320207067269	21.523695280313685	0.0	0.0	
10.59439035846663	7.969024732276399	0.0	0.0	
13.60534529166759	8.962470555275388	0.0	0.0	
4.289054163449624	31.320297627332447	0.0	0.0	
25.004894263203518	13.582188882148778	0.0	0.0	
29.29917029578724	13.851797249311485	0.0	0.0	
31.750746712690855	10.745376927216459	0.0	0.0	
26.495554103958014	30.70218570822701	0.0	0.0	
24.373322272384392	23.400308168988378	0.0	0.0	
0.4001733266870282	25.07561298571345	0.0	0.0	
1.8473210993545273	3.769469323048039	0.0	0.0	
4.807266147884604	12.08849997424499	0.0	0.0	
4.924601169785326	4.9848765870333125	0.0	0.0	
30.295707643849887	3.4930965221537633	0.0	0.0	
22.458192059684883	31.609728133501196	0.0	0.0	
1.8636721838878785	13.943750371652044	0.0	0.0	
7.96942448543798	24.2081900046314	0.0	0.0	
13.673083076767771	13.945934088789961	0.0	0.0	
30.765405126858784	0.12639079010732246	0.0	0.0	
17.603603049518618	4.250754479292876	0.0	0.0	
31.285503295969452	18.546488374414395	0.0	0.0	
1.055089744102414	8.881325167466308	0.0	0.0	
13.808507452434153	18.04469322039358	0.0	0.0	
28.38083849945667	16.291561168446904	0.0	0.0	
12.97595886621163	8.397979302340492	0.0	0.0	
6.6801347459547955	11.22047064242662	0.0	0.0	
6.984232771686241	4.453514475369698	0.0	0.0	
25.420444006631115	28.516901041996213	0.0	0.0	
16.114019343082692	20.866067266896426	0.0	0.0	
27.24903075251133	22.029447483942068	0.0	0.0	
7.7776294843882745	16.57203162355274	0.0	0.0	
4.330370566925943	26.44670897305542	0.0	0.0	
14.809669642909302	19.3049609961486	0.0	0.0	
0.7341422648992868	24.74573975759283	0.0	0.0	
18.10000834995532	18.687980145007455	0.0	0.0	
10.240413319531392	9.76702455426976	0.0	0.0	
5.908468480637129	19.711599102176947	0.0	0.0	
23.25296785972599	6.188017959895827	0.0	0.0	
14.615118034984736	0.7177523054068544	0.0	0.0	
30.84377491770503	24.56860858581405	0.0	0.0	
19.077429974688194	29.12765843500597	0.0	0.0	
1.92586184035898	12.369857911588483	0.0	0.0	
9.671282353823084	12.170705463493512	0.0	0.0	
17.03661974427124	13.319760923587456	0.0	0.0	
24.152402428932422	1.8058875638242782	0.0	0.0	
9.38992598967484	12.484303161067995	0.0	0.0	
21.493220554089408	26.027624235121017	0.0	0.0	
29.72401014623889	3.987869572859225	0.0	0.0	
8.355451778697521	12.143047290224725	0.0	0.0	
8.572442343426083	30.15346419570489	0.0	0.0	
3.5069856957882486	18.231618672596994	0.0	0.0	
30.375131176857536	29.82515147348872	0.0	0.0	
31.874572776680697	28.325729420665002	0.0	0.0	
29.43861475914723	28.358731386471078	0.0	0.0	
18.617944622068254	17.778032683524216	0.0	0.0	
28.889737791134312	15.685274159960748	0.0	0.0	
5.884470581576917	23.571223143636324	0.0	0.0	
13.548294620436899	26.535177114026318	0.0	0.0	
22.23521602452692	7.012622562470668	0.0	0.0	
17.71985010319377	10.00114553566301	0.0	0.0	
1.974573891346946	2.1784521537557993	0.0	0.0	
10.966071150022469	8.526995656381928	0.0	0.0	
22.035843804604994	12.49895520481752	0.0	0.0	
20.610207367026835	20.24988315762956	0.0	0.0	
23.690903920727024	24.93986657438179	0.0	0.0	
25.445983909646877	9.689368146810757	0.0	0.0	
26.35453272649724	31.723593816265993	0.0	0.0	
8.464709353116348	31.045741805723658	0.0	0.0	
16.197898880377974	17.915553656463246	0.0	0.0	
28.036916082417765	3.2348042885715245	0.0	0.0	
2.1226045841857086	23.163397007551463	0.0	0.0	
5.504644951191679	1.656974378030796	0.0	0.0	
6.573929470318117	2.4257353064395737	0.0	0.0	
4.718326712471217	31.78428611518278	0.0	0.0	
0.6615361547149803	7.575607339135868	0.0	0.0	
30.650256984713522	14.889777452735096	0.0	0.0	
4.878966845248797	11.213474481022288	0.0	0.0	
0.17259175473232702	23.559395271143252	0.0	0.0	
2.137952351873473	23.516394518962617	0.0	0.0	
27.70262984001144	20.38131656735074	0.0	0.0	
0.6244457382925326	17.472623605226687	0.0	0.0	
3.536903110501065	17.162328502083955	0.0	0.0	
0.7145899859188525	16.876610374244517	0.0	0.0	
22.90811682888044	22.547855624514288	0.0	0.0	
11.503256330277825	22.34228836954271	0.0	0.0	
25.361275992588517	4.084410221864388	0.0	0.0	
27.50330734399488	14.36901023455425	0.0	0.0	
17.340013911574996	26.91516822645954	0.0	0.0	
1.0674547001279073	16.091348311190696	0.0	0.0	
3.2042546539094268	7.412803936266748	0.0	0.0	
30.69144214980584	10.962040769238271	0.0	0.0	
7.548018500282822	3.1088082407434996	0.0	0.0	
21.32770958207218	27.276983478028487	0.0	0.0	
13.14522955708743	2.847904458059542	0.0	0.0	
17.863883930483823	13.569682956047359	0.0	0.0	
2.0240167121142214	19.951814638433635	0.0	0.0	
7.97466606744014	9.426185057366112	0.0	0.0	
29.661620873039546	5.668763307103276	0.0	0.0	
14.354195523863005	12.34742970924265	0.0	0.0	
5.753753001081289	0.21822864756420657	0.0	0.0	
0.10572604431549237	29.960421760153473	0.0	0.0	
26.451097065555512	11.593643386405454	0.0	0.0	
21.058295179896547	26.581458522461926	0.0	0.0	
11.240379632692857	12.914288413710882	0.0	0.0	
20.87491778454911	29.85332629567207	0.0	0.0	
