2
32.0	0.0	0.0	0.0	
0.0	32.0	0.0	0.0	
17.602465857390236	20.413199216728927	0.0	0.0	
27.971349805236212	20.269777145334732	0.0	0.0	
4.079575819307411	10.84626956927725	0.0	0.0	
14.302182565502086	8.553966199849679	0.0	0.0	
14.823079183997208	4.048726388511849	0.0	0.0	
22.87129964478018	14.957682202001486	0.0	0.0	
2.1175159410249194	8.162435670945868	0.0	0.0	
9.888690743612152	8.038405834695222	0.0	0.0	
31.83700031405155	2.1920990571844747	0.0	0.0	
31.46980418515761	1.405229758461811	0.0	0.0	
4.181663230743194	19.467498920035347	0.0	0.0	
25.86035144162842	6.851583153399417	0.0	0.0	
7.857644624544491	27.4068314287399	0.0	0.0	
10.813165096034368	9.41837610570008	0.0	0.0	
0.11086062691371978	0.09635418602242396	0.0	0.0	
11.204676959124463	4.192540302901598	0.0	0.0	
28.669530700555814	13.45530996843534	0.0	0.0	
8.110088056910861	12.252079407720064	0.0	0.0	
20.739460906403696	14.735222624201718	0.0	0.0	
8.311766366120537	8.266390761965695	0.0	0.0	
26.543244066580083	21.715042811380435	0.0	0.0	
25.878993137971857	23.520020678120023	0.0	0.0	
24.83613725103081	26.581534500425125	0.0	0.0	
26.667907265330363	9.329611662642108	0.0	0.0	
28.76821503584342	31.238429053803525	0.0	0.0	
22.347377966965215	8.841056706447038	0.0	0.0	
1.1598790734694724	19.890953839844588	0.0	0.0	
29.280170057153317	4.437067605271416	0.0	0.0	
24.77214100562809	6.646584722464521	0.0	0.0	
14.440026162937652	23.73681031795604	0.0	0.0	
25.893611207057962	15.895206541168022	0.0	0.0	
23.007712510507154	22.54133151558117	0.0	0.0	
22.994119609110726	22.126686698111577	0.0	0.0	
4.755613238922905	17.696464187281745	0.0	0.0	
10.353074360312139	8.5643118690578	0.0	0.0	
11.99433951124237	6.391049704282008	0.0	0.0	
11.69342358216181	5.992188409261413	0.0	0.0	
31.539328134188672	16.031222547364024	0.0	0.0	
1.8931223835674587	7.5751193989672565	0.0	0.0	
2.203912338905706	30.769276003778543	0.0	0.0	
8.128427306084511	9.095083346481601	0.0	0.0	
16.727566892366287	25.41938188796824	0.0	0.0	
15.483689229400817	15.103695349490408	0.0	0.0	
30.748092141494013	4.439108821008798	0.0	0.0	
4.3928466843124845	11.918062619083003	0.0	0.0	
4.80891731134675	25.616412416782513	0.0	0.0	
5.560362012398411	6.032464036411845	0.0	0.0	
10.643990000909135	29.41935163189384	0.0	0.0	
27.489240787984375	24.945243231244977	0.0	0.0	
27.097424574978938	7.224989748199928	0.0	0.0	
9.946302336683303	1.313181504371304	0.0	0.0	
4.460942413632075	8.132184697946798	0.0	0.0	
27.350048450553878	25.779768109672954	0.0	0.0	
1.6287204471817347	22.453907517660433	0.0	0.0	
28.7449959028923	17.555456104938166	0.0	0.0	
0.24494550620149624	20.697238140303295	0.0	0.0	
13.838900701758341	13.130341687219357	0.0	0.0	
25.071628626239875	14.149904651988852	0.0	0.0	
30.327380046881757	16.285400668934944	0.0	0.0	
29.77920356222495	29.641823148339768	0.0	0.0	
0.3619834617678741	14.62691150131996	0.0	0.0	
5.668073276985268	22.29861292200473	0.0	0.0	
24.08198930718522	18.153861509932998	0.0	0.0	
12.550367226680198	18.993409471226776	0.0	0.0	
7.843368654284017	28.727007212635687	0.0	0.0	
20.38799480620329	9.72624733185588	0.0	0.0	
7.959839513066477	14.586835002719834	0.0	0.0	
11.544759766517522	8.008184131974517	0.0	0.0	
7.668866633622855	14.9751633074207	0.0	0.0	
11.805673947694775	12.166882022827473	0.0	0.0	
14.035560837259737	29.69495747151665	0.0	0.0	
27.58365619341444	30.71829799885367	0.0	0.0	
16.605567441763295	5.286895441582157	0.0	0.0	
14.347284069624301	5.285073473100706	0.0	0.0	
28.52294015947146	8.178495890979217	0.0	0.0	
31.92698266915297	3.865190146439332	0.0	0.0	
25.577099840559036	18.031642690872076	0.0	0.0	
15.522244147631891	25.929402401769106	0.0	0.0	
3.70980516073309	26.658895888131184	0.0	0.0	
26.811676516506896	16.06695154113646	0.0	0.0	
3.66958968768958	3.3390840024869917	0.0	0.0	
29.514823035617855	26.50917277079331	0.0	0.0	
3.92557741327213	7.392687566001484	0.0	0.0	
4.106981961500519	6.8527570630713015	0.0	0.0	
20.645601681641377	12.664506708238545	0.0	0.0	
29.87719868662778	11.922481441347006	0.0	0.0	
14.899620353271619	25.174121917784127	0.0	0.0	
11.582447576626954	12.5516308864837	0.0	0.0	
23.40162232965524	10.660932877665921	0.0	0.0	
20.958735129215167	15.551147840163829	0.0	0.0	
9.384344749042505	8.923376008801991	0.0	0.0	
11.085601379905906	21.398634713237712	0.0	0.0	
30.096383355214538	8.404404955782905	0.0	0.0	
29.537723916386437	13.358956313412914	0.0	0.0	
29.201540040673507	3.6712393083155277	0.0	0.0	
0.2835424901198138	10.493014260152925	0.0	0.0	
15.878095502013778	20.151759422644318	0.0	0.0	
1.3338221098910275	30.348695464484425	0.0	0.0	
11.029958003083571	15.87014250566703	0.0	0.0	
4.3706245261025245	18.265635009744337	0.0	0.0	
22.640168893388886	26.77746322447369	0.0	0.0	
27.45790013948533	3.588511917932127	0.0	0.0	
23.71393813419485	11.95159962993652	0.0	0.0	
1.2701018879750663	27.054306067061137	0.0	0.0	
20.953963617527638	17.431132040149212	0.0	0.0	
31.045391688478116	28.94006265793729	0.0	0.0	
11.414042519744033	5.0696050441164715	0.0	0.0	
27.66294190974698	15.036230059198541	0.0	0.0	
25.179201756807988	16.509711603479253	0.0	0.0	
25.98422055483754	25.595577208328663	0.0	0.0	
28.070765175081416	12.042883709875593	0.0	0.0	
0.3408745149728212	4.8865724938011255	0.0	0.0	
14.369257097343784	24.170304102859227	0.0	0.0	
27.796030207293487	20.520028329115718	0.0	0.0	
5.3050378853300195	19.899067812359476	0.0	0.0	
13.213139218499137	3.4463028828036677	0.0	0.0	
3.203668661991699	10.320593404104276	0.0	0.0	
17.46168943024998	12.511778862369436	0.0	0.0	
27.463893540294308	4.1316696082319915	0.0	0.0	
1.405017961363857	27.62763081992007	0.0	0.0	
25.477121832310594	11.9325453921902	0.0	0.0	
17.393197250069267	19.685808095808863	0.0	0.0	
1.5850276747776064	15.440989579121066	0.0	0.0	
1.4850269109443097	19.868684160228078	0.0	0.0	
0.9825651381690506	27.844815769833545	0.0	0.0	
1.3893063271213073	8.229589795229856	0.0	0.0	
15.303644357719538	16.29868516961092	0.0	0.0	
21.716131381521325	5.943784774887565	0.0	0.0	
5.703853395629338	13.4421934558796	0.0	0.0	
19.67269245994511	9.800689399330388	0.0	0.0	
2.845928685291046	4.248171358617842	0.0	0.0	
4.969317538147127	11.351580696627007	0.0	0.0	
31.25994132618389	16.043926583495978	0.0	0.0	
14.354070213283187	29.836110336923532	0.0	0.0	
15.944217688868388	15.62972464126592	0.0	0.0	
3.1492732044023626	9.638874365246402	0.0	0.0	
18.778091452824544	27.87209387371357	0.0	0.0	
3.0294804801886137	9.925838653639872	0.0	0.0	
26.541088468660565	29.51841674205813	0.0	0.0	
29.02097783284959	31.73488974273331	0.0	0.0	
18.097398781298054	8.271392175316496	0.0	0.0	
8.400755124991555	31.838664296431176	0.0	0.0	
31.785004989850442	31.946141342938272	0.0	0.0	
6.701574066385167	13.270447028621597	0.0	0.0	
23.196951074721692	0.868850515458373	0.0	0.0	
3.1320283777044864	6.816124127451449	0.0	0.0	
28.114518333572555	25.155947661334682	0.0	0.0	
25.075919419592683	17.582162016554054	0.0	0.0	
2.9314109405334854	22.928144830693576	0.0	0.0	
16.897540585623172	27.55691263338542	0.0	0.0	
30.067975991639393	19.336927026442403	0.0	0.0	
2.622826459298235	16.209926353084786	0.0	0.0	
16.815635678887954	28.080504413036163	0.0	0.0	
18.45144429448723	31.468639034123807	0.0	0.0	
13.71847755317619	25.141563581661	0.0	0.0	
20.72721492000079	11.430029747825465	0.0	0.0	
27.683566425426203	20.553500011390966	0.0	0.0	
26.923385142893174	7.069618940030566	0.0	0.0	
11.561350647191272	29.037610109825327	0.0	0.0	
19.86952423046275	16.8173452897994	0.0	0.0	
15.120486347815369	20.47845662395178	0.0	0.0	
28.509881864314764	10.145789545985153	0.0	0.0	
28.66869949389807	18.270662902719216	0.0	0.0	
17.201940685490207	28.98967398628289	0.0	0.0	
19.4797166514145	1.982694763333221	0.0	0.0	
24.657031748001806	10.457653281576402	0.0	0.0	
0.08849502647441909	9.999137567650902	0.0	0.0	
24.176244435498784	21.707443241996053	0.0	0.0	
30.68582025742491	15.162074489514659	0.0	0.0	
26.184258507866932	26.535276493574003	0.0	0.0	
5.095667071679781	6.467432747233591	0.0	0.0	
7.211132291815279	9.079697067570962	0.0	0.0	
19.400065154603457	12.227444038021417	0.0	0.0	
8.696065636107033	21.12295073832196	0.0	0.0	
9.453141300103443	20.975030375871626	0.0	0.0	
30.57700329303116	0.8047168105097349	0.0	0.0	
25.548570100479886	3.365187377956552	0.0	0.0	
20.628528112876733	0.5370122429232147	0.0	0.0	
24.67207557745137	29.68359952661142	0.0	0.0	
3.5524926552344915	27.193315191117552	0.0	0.0	
22.341608096643856	4.549113082529338	0.0	0.0	
20.356503091632366	12.322530293156525	0.0	0.0	
7.106303928740843	10.09513150996079	0.0	0.0	
17.27540458169699	7.846006527563439	0.0	0.0	
18.527546168453117	6.346446465991356	0.0	0.0	
31.004342319674883	21.42956238838336	0.0	0.0	
0.2199829065936747	22.983618881393603	0.0	0.0	
13.115613824774716	8.8604921412673	0.0	0.0	
27.64496024099399	5.843123937496891	0.0	0.0	
27.160326309730696	31.346272182834795	0.0	0.0	
23.09918286669069	6.551662646009994	0.0	0.0	
22.2387044976232	3.6640323653025035	0.0	0.0	
27.577565494043903	2.943179129975668	0.0	0.0	
26.124857371419573	26.139473483309153	0.0	0.0	
2.7708959936632347	6.212896777196029	0.0	0.0	
3.4427449246927857	22.508817940296638	0.0	0.0	
22.146987653494175	0.39824242546025346	0.0	0.0	
10.68414553619185	7.464014057536531	0.0	0.0	
14.537616254393235	23.685245865331606	0.0	0.0	
7.298842002112291	10.539712457569948	0.0	0.0	
15.748601680584443	12.92786179843485	0.0	0.0	
3.5252842783900675	10.635281777272223	0.0	0.0	
0.07273072823857163	11.027754073320086	0.0	0.0	
3.775276610865255	12.213136279198004	0.0	0.0	
20.954075037973006	14.38972540130887	0.0	0.0	
23.928663680071338	21.062205847941087	0.0	0.0	
30.020741515797813	18.557921248036386	0.0	0.0	
8.91932103314797	25.83932570425091	0.0	0.0	
8.497354598405632	30.647078990586284	0.0	0.0	
2.592219858153019	14.860552535228159	0.0	0.0	
23.873095654531394	17.598210699252338	0.0	0.0	
11.803793232571255	0.22298343861356784	0.0	0.0	
24.409959155804266	21.182058866683292	0.0	0.0	
4.248026899219536	17.17449920659259	0.0	0.0	
23.73016638419404	13.432318716760143	0.0	0.0	
0.5639573699529308	3.3099698410879164	0.0	0.0	
18.824853016039874	31.564341668231073	0.0	0.0	
6.9221521198901605	21.919323601229216	0.0	0.0	
10.886878803879881	4.742039727751209	0.0	0.0	
23.929573694645917	20.897461313425815	0.0	0.0	
6.711416273740692	25.696300801702176	0.0	0.0	
0.4976807553850584	8.084895315667033	0.0	0.0	
19.917375871678043	27.100058922272034	0.0	0.0	
19.853655122353864	19.151665358864722	0.0	0.0	
2.3039631223074295	23.838889216518496	0.0	0.0	
2.5794449377025863	0.6501288816144708	0.0	0.0	
26.165086966144916	16.851937832435645	0.0	0.0	
0.6150126010101076	14.30963688428271	0.0	0.0	
7.015359431954796	8.656462801642373	0.0	0.0	
17.39488535120178	30.50754292676373	0.0	0.0	
24.926914571913404	23.409390678447544	0.0	0.0	
2.6706104136559254	16.402084342924645	0.0	0.0	
26.781775475948315	31.347552978731546	0.0	0.0	
20.141029875976162	21.290066962765774	0.0	0.0	
2.373710185982283	16.228023853818925	0.0	0.0	
17.5901308330024	3.953381115254043	0.0	0.0	
30.523329298247287	14.429848561083901	0.0	0.0	
20.8097153709282	24.521147156334642	0.0	0.0	
13.787725329094172	10.912543639248295	0.0	0.0	
3.9348461633428933	3.581821997850067	0.0	0.0	
19.52890558067622	11.212398652705108	0.0	0.0	
7.13409417562729	26.957015423698714	0.0	0.0	
5.3975316616307545	27.017559250557177	0.0	0.0	
0.5985749576890029	14.512381401662395	0.0	0.0	
24.783753343848307	12.243241736695417	0.0	0.0	
19.994931625845187	18.206258656579276	0.0	0.0	
2.2737056803097744	5.893858672760626	0.0	0.0	
23.79753178112275	8.264362724914541	0.0	0.0	
2.38253772144801	14.867609195530449	0.0	0.0	
28.64062997023907	7.464377326531967	0.0	0.0	
29.885425449001144	18.65473398353442	0.0	0.0	
26.543615473053922	20.15088604138954	0.0	0.0	
10.529675072146688	12.893459508195715	0.0	0.0	
24.844533110089703	23.694728083469997	0.0	0.0	
12.325778492018571	19.16617693815992	0.0	0.0	
29.632641860542257	26.595461099513233	0.0	0.0	
17.481008622638083	15.320076376307739	0.0	0.0	
14.944286563461919	22.087892042430013	0.0	0.0	
27.665009876487773	3.9757151030527638	0.0	0.0	
16.601232324295026	21.71738362392797	0.0	0.0	
9.450880547783804	0.08831284614058532	0.0	0.0	
29.565174273533376	24.28845060889079	0.0	0.0	
0.29727843527413	13.353084643819095	0.0	0.0	
1.9644143164603634	10.899391023661263	0.0	0.0	
31.812248476938016	26.861468775064793	0.0	0.0	
21.661155672758778	2.327019364624711	0.0	0.0	
20.051732321940072	18.71855351547926	0.0	0.0	
22.459210278294854	18.738203451643475	0.0	0.0	
16.13827489164358	4.331212091775232	0.0	0.0	
9.877545714250743	18.351804328740293	0.0	0.0	
26.193666795802475	10.501644678611132	0.0	0.0	
10.599296056960526	12.580402047406565	0.0	0.0	
9.918348206643405	27.78896909660202	0.0	0.0	
22.492638731967787	13.603162929811344	0.0	0.0	
4.003570940690828	18.23631099647613	0.0	0.0	
20.575266039914997	20.335444690852366	0.0	0.0	
10.02488505520002	11.746358417617149	0.0	0.0	
4.447336927641498	18.19586522836429	0.0	0.0	
28.4879971435011	13.981695656816914	0.0	0.0	
19.830997846914983	21.66231882155525	0.0	0.0	
11.103975519869529	21.201312410794166	0.0	0.0	
2.346816558666273	19.547293512009247	0.0	0.0	
20.144753848053153	17.632777857326978	0.0	0.0	
19.42519345419239	1.7584544066562842	0.0	0.0	
10.03361927006338	27.988154800063775	0.0	0.0	
27.184675022772552	27.05932461298203	0.0	0.0	
5.678138850623462	10.717628952425017	0.0	0.0	
4.372557192982434	1.420158477653807	0.0	0.0	
27.419107910232455	23.695811622909705	0.0	0.0	
23.711458811581398	26.498219478527325	0.0	0.0	
5.316735604301446	12.530718946875712	0.0	0.0	
12.063531920144275	31.904069003412776	0.0	0.0	
1.889354664130014	24.22720302701794	0.0	0.0	
13.621050184989137	23.12771296575359	0.0	0.0	
15.082238709014199	3.4702634242829404	0.0	0.0	
23.149952318808822	2.735936096412349	0.0	0.0	
27.91059572535234	24.23446141415063	0.0	0.0	
2.4925887138410516	23.801982832439048	0.0	0.0	
9.086318611947977	31.670569500781262	0.0	0.0	
1.7459672335097522	25.67107020305453	0.0	0.0	
25.31046516951442	23.0320316557447	0.0	0.0	
7.370591897553101	6.75718435234074	0.0	0.0	
21.182247580656995	5.6790234603376	0.0	0.0	
14.299775189778234	5.449610392929234	0.0	0.0	
23.0723648815767	8.616782768428099	0.0	0.0	
3.309155575497261	9.048638635611336	0.0	0.0	
2.5467282432875926	2.6222886105672565	0.0	0.0	
8.41478942419581	9.755601831552749	0.0	0.0	
5.62973889202809	23.203284301807198	0.0	0.0	
7.3517726916745865	25.934375678047257	0.0	0.0	
27.133365399627063	10.7745536774671	0.0	0.0	
9.723922993716076	30.16215141978071	0.0	0.0	
24.197498158429497	23.616084767717716	0.0	0.0	
13.586382110574657	3.550835356162956	0.0	0.0	
12.65813135095048	28.88978736847414	0.0	0.0	
1.2552035572379303	9.306180246579398	0.0	0.0	
3.3484543038637824	10.840347530073505	0.0	0.0	
23.885579805974157	6.876543864284905	0.0	0.0	
22.185856440715664	13.864909969316464	0.0	0.0	
16.800198036616166	9.297420637986153	0.0	0.0	
10.683195140786658	3.8903117930622386	0.0	0.0	
11.591787979246426	24.317939643418338	0.0	0.0	
22.45906021299864	5.939927659537936	0.0	0.0	
26.70195145423842	23.313408931146895	0.0	0.0	
29.034896349540695	18.733215273428637	0.0	0.0	
7.7301285506850625	17.133233955863346	0.0	0.0	
11.390455089248846	23.331433149845857	0.0	0.0	
7.6712121414393515	6.356812405092938	0.0	0.0	
14.700388221468259	13.416961876250845	0.0	0.0	
21.488604851290862	22.98586639412278	0.0	0.0	
23.165474562310703	17.290745967829494	0.0	0.0	
21.010590702728567	10.760237284801448	0.0	0.0	
25.192143531387735	30.279918577832422	0.0	0.0	
13.331508431501891	0.43219523220939493	0.0	0.0	
6.5626564155427225	0.07774792930191055	0.0	0.0	
0.22454238085401101	20.839527787620984	0.0	0.0	
22.240666484765953	28.40117878588334	0.0	0.0	
4.518625720847865	10.537259356272251	0.0	0.0	
2.1007116406023982	30.431471785640266	0.0	0.0	
8.039025287836544	23.522340569851327	0.0	0.0	
18.957425987413423	28.214839917897578	0.0	0.0	
26.833329188665193	6.000202608423258	0.0	0.0	
11.64097671819956	5.074681880929425	0.0	0.0	
9.98579134030063	25.45796348617711	0.0	0.0	
2.8932261103661006	6.8189269112732305	0.0	0.0	
8.639675363903109	28.939473451672892	0.0	0.0	
12.980360999845725	1.889615245343652	0.0	0.0	
26.982740946555648	15.703285720948383	0.0	0.0	
25.122174062047346	9.679341891857487	0.0	0.0	
6.5131266328690955	28.676895388181126	0.0	0.0	
9.451012622135089	29.77110317939421	0.0	0.0	
23.75076098462957	9.705856948013754	0.0	0.0	
24.40696835913864	28.347123162292057	0.0	0.0	
10.231900142095764	3.3006561164925223	0.0	0.0	
19.596247605555583	1.69413519011664	0.0	0.0	
17.050413175794215	1.0461470213839483	0.0	0.0	
1.7400107643989315	6.476938794409008	0.0	0.0	
30.372404769250558	29.71997675173316	0.0	0.0	
22.44240866174564	13.935188476653085	0.0	0.0	
25.222790014634707	10.10396642492309	0.0	0.0	
19.95803053116393	22.32189136110873	0.0	0.0	
6.034799538440119	7.717496066688252	0.0	0.0	
4.451062899301235	19.42286576430547	0.0	0.0	
9.591875934465477	3.2444161252949613	0.0	0.0	
11.612866125448225	23.975920813719235	0.0	0.0	
7.763808152144904	30.29726082411326	0.0	0.0	
23.530885678837727	30.146478837631626	0.0	0.0	
20.01986758466763	17.90284747352603	0.0	0.0	
3.766151679545896	3.676381313668305	0.0	0.0	
23.939755914626033	19.678753365545802	0.0	0.0	
17.331437753521353	6.826453355977591	0.0	0.0	
8.001083808653949	6.234799205360048	0.0	0.0	
4.755464668144935	0.33723921161019277	0.0	0.0	
15.269395761926738	15.399545730589114	0.0	0.0	
7.8750143705099305	31.44721279534435	0.0	0.0	
23.514546944331265	0.3089687307647111	0.0	0.0	
24.930702276921927	9.000794396391697	0.0	0.0	
8.683469566051539	25.20464313288777	0.0	0.0	
14.043125069892618	24.226755226481593	0.0	0.0	
4.275528826422093	6.823821688532568	0.0	0.0	
18.909793577685097	19.702132832227992	0.0	0.0	
25.676136197735175	7.420972857362472	0.0	0.0	
15.896024783706032	19.96975097375839	0.0	0.0	
23.07726661755512	20.892568977298858	0.0	0.0	
2.3898582400803647	10.151750894247474	0.0	0.0	
13.629902788859543	16.434384702649595	0.0	0.0	
15.63236681258459	4.520439099109463	0.0	0.0	
5.233217241119856	17.561913459929634	0.0	0.0	
18.174601957528367	23.320932029691924	0.0	0.0	
2.940204925175383	12.757970940114873	0.0	0.0	
31.918767403037844	12.124355031935835	0.0	0.0	
24.46224683454456	31.180890281396618	0.0	0.0	
18.69272869078315	21.400250105379172	0.0	0.0	
6.029037750681862	21.85849548118558	0.0	0.0	
11.912780763861239	5.288942492390042	0.0	0.0	
1.606168883402141	17.647452367676433	0.0	0.0	
26.4435364574364	8.65884715824743	0.0	0.0	
9.358773487464319	22.482496965453766	0.0	0.0	
5.94392047951413	8.679666106634365	0.0	0.0	
8.793899186684559	23.477934001449952	0.0	0.0	
3.0215438538322736	10.77292903439318	0.0	0.0	
8.305568332508262	17.66569833617368	0.0	0.0	
13.963987971018046	11.057832287645986	0.0	0.0	
19.12406399889894	4.835267030050279	0.0	0.0	
9.642575696897314	8.89896101979085	0.0	0.0	
1.0955609440305523	31.616534024752347	0.0	0.0	
28.544775138895993	28.646722692494127	0.0	0.0	
27.444042991435616	22.29899571782027	0.0	0.0	
19.652955134774476	20.161854894409892	0.0	0.0	
13.332588608946292	8.48036717675441	0.0	0.0	
13.062871283508294	18.161107222878375	0.0	0.0	
24.419620335897033	4.6171989241879885	0.0	0.0	
24.50357762119626	21.763632039458603	0.0	0.0	
21.264295623368394	18.805349858543195	0.0	0.0	
2.7334279030418713	24.21915930185864	0.0	0.0	
5.6866187163060715	16.21487755113302	0.0	0.0	
30.322493595005255	10.790806320254973	0.0	0.0	
23.5222866984334	24.39345135200483	0.0	0.0	
28.601897464723198	24.6014005596302	0.0	0.0	
9.636034764872718	12.570904965396899	0.0	0.0	
6.076228439635589	2.416284626113761	0.0	0.0	
24.433818308031316	4.897389474980756	0.0	0.0	
17.446510370743272	27.874399755657507	0.0	0.0	
24.79339665546942	12.403991299995749	0.0	0.0	
27.584755966138705	7.158988325783156	0.0	0.0	
16.18413302639152	20.14321619121853	0.0	0.0	
27.80415404646469	17.813911330855635	0.0	0.0	
9.959286971018187	27.74897735752872	0.0	0.0	
29.535112020165876	24.433919003096612	0.0	0.0	
7.0173676519371675	6.201387590193505	0.0	0.0	
7.623518256597151	9.07301060653862	0.0	0.0	
12.724216546124442	27.485810421020346	0.0	0.0	
16.248062446538153	19.273613348619662	0.0	0.0	
22.59021942655574	12.1034673539884	0.0	0.0	
12.527726943173185	29.21413704508401	0.0	0.0	
26.00483173814204	27.935977793514315	0.0	0.0	
5.984832825507841	5.413683226947644	0.0	0.0	
31.89528580253868	10.376790245600883	0.0	0.0	
21.31378572650557	25.31866410645988	0.0	0.0	
6.123572868145139	5.626657407082	0.0	0.0	
31.853260774612917	24.17771560311894	0.0	0.0	
16.30861874702177	1.3827824427749746	0.0	0.0	
9.61252106705475	3.4772172339506042	0.0	0.0	
13.447215986664553	6.823992601206491	0.0	0.0	
30.188848607488147	18.666334386146577	0.0	0.0	
9.99533210845653	2.1772872941980204	0.0	0.0	
11.64934429231704	28.514509279612685	0.0	0.0	
12.992552455292987	20.2246273434037	0.0	0.0	
25.939365599892074	19.774375934953188	0.0	0.0	
28.179720288490238	31.840416896959493	0.0	0.0	
24.067855650861656	6.524182027314136	0.0	0.0	
0.7495630627023324	7.562188229961919	0.0	0.0	
15.235424970379746	0.6615454046697806	0.0	0.0	
23.824900604907246	0.5420228844261672	0.0	0.0	
1.5865422249854149	20.15283860776689	0.0	0.0	
26.447860062455447	1.7620386731736488	0.0	0.0	
14.335890172415496	19.32964516055045	0.0	0.0	
2.033604053838694	5.859701502196945	0.0	0.0	
13.227899090554871	7.740606998504948	0.0	0.0	
9.729850669775622	27.6744606449824	0.0	0.0	
5.000268215073078	22.870799993869017	0.0	0.0	
18.324503930804894	9.189360178624003	0.0	0.0	
24.446878891063864	29.957503509022665	0.0	0.0	
0.9102013033251168	23.498171146376833	0.0	0.0	
28.438034544343267	19.00412950172761	0.0	0.0	
12.551618659729193	5.377491226455284	0.0	0.0	
16.516005555290846	10.896947989477148	0.0	0.0	
26.10531985471894	12.967052939297286	0.0	0.0	
31.12061596853907	21.99179796237917	0.0	0.0	
20.320843900007034	23.453499728907556	0.0	0.0	
21.199319993076177	14.30599813422145	0.0	0.0	
18.108749137705182	16.637639427372207	0.0	0.0	
9.876791155038603	25.90064595986043	0.0	0.0	
10.821414132101335	10.428543023477236	0.0	0.0	
2.7472382753852145	23.825942127462362	0.0	0.0	
22.104579893973536	5.802022048872065	0.0	0.0	
0.014571966687984883	18.439149811059643	0.0	0.0	
6.235992289452852	19.12699609782481	0.0	0.0	
1.7224265472751448	28.505899623282872	0.0	0.0	
10.823763221291593	11.954997487180812	0.0	0.0	
30.22756436548505	29.743392262727173	0.0	0.0	
9.718592631412236	18.38261571209377	0.0	0.0	
24.51749056551503	8.756897269223511	0.0	0.0	
16.635297825528298	9.551975159343137	0.0	0.0	
24.56755579243647	9.968193529174364	0.0	0.0	
21.55461532164281	3.9993583194233864	0.0	0.0	
10.894169674698528	21.139629844703006	0.0	0.0	
4.882139409008957	15.554619533505118	0.0	0.0	
5.572607356800557	20.279722392431232	0.0	0.0	
24.08912968875227	19.31557790047905	0.0	0.0	
0.8290773318648981	3.7821226823501988	0.0	0.0	
5.710084950182736	23.076175889613722	0.0	0.0	
14.03585698519366	19.232744644985456	0.0	0.0	
9.727446270715753	2.669315502441272	0.0	0.0	
0.6120066565489282	9.350229135308922	0.0	0.0	
9.815101252695033	14.326924860262583	0.0	0.0	
14.67407298601115	15.976426285070623	0.0	0.0	
3.554523586968827	16.71752303289323	0.0	0.0	
24.458194401117225	30.765674004052112	0.0	0.0	
22.247214479531	20.446683760795437	0.0	0.0	
17.60027501253403	23.136387650245126	0.0	0.0	
27.537143409805065	19.601249348536943	0.0	0.0	
12.555688953767607	1.3141841963092524	0.0	0.0	
9.19477091126771	13.028170615985527	0.0	0.0	
9.549953409521695	9.522932330269917	0.0	0.0	
8.048559774216788	27.776904286842175	0.0	0.0	
23.860427086030935	27.065493405013274	0.0	0.0	
20.071769640402792	21.45231394378308	0.0	0.0	
29.423000169874285	14.379098977603785	0.0	0.0	
6.767492007457502	10.185634759687964	0.0	0.0	
10.744072190095409	2.5738710803241887	0.0	0.0	
17.257530397901455	17.5462895488693	0.0	0.0	
16.012974347385967	24.496058616146563	0.0	0.0	
30.02027094332301	8.336159330827368	0.0	0.0	
11.013708019751178	22.648722778258303	0.0	0.0	
12.153108135552145	27.912673220341535	0.0	0.0	
25.455618217726784	7.570116237125973	0.0	0.0	
7.812828889692472	4.818594554866944	0.0	0.0	
31.219988960079498	2.9340971944256857	0.0	0.0	
25.804327674826318	15.157658548215277	0.0	0.0	
9.95561689807008	25.40923107921455	0.0	0.0	
28.669819783167817	22.780051019829937	0.0	0.0	
20.429306883301024	11.062617146699452	0.0	0.0	
30.295560925303644	23.472326059249855	0.0	0.0	
10.61779118905303	28.344284706395854	0.0	0.0	
17.661740020431484	13.349114939954209	0.0	0.0	
29.866204536161685	0.5023301309090975	0.0	0.0	
29.661451719138007	6.461241814230647	0.0	0.0	
13.22525866969849	6.621979941353157	0.0	0.0	
21.133611356421888	15.376007372322867	0.0	0.0	
26.142107232645863	13.105172834512793	0.0	0.0	
29.194151520274097	22.673742543082216	0.0	0.0	
18.0992150826232	8.7363414668053	0.0	0.0	
14.29592282876785	12.077120192814377	0.0	0.0	
5.457017876381222	14.900195974789654	0.0	0.0	
5.1493605957495845	23.353934271444263	0.0	0.0	
8.930641076978738	13.661351283603853	0.0	0.0	
7.626736385230387	2.888271588136636	0.0	0.0	
27.519941533617946	24.545991387507407	0.0	0.0	
30.760280642430143	15.260925064444066	0.0	0.0	
11.802159337441353	30.27714665658729	0.0	0.0	
28.35508432834892	9.084890411679588	0.0	0.0	
16.6778148379988	18.71335757536891	0.0	0.0	
16.781041967053604	3.97809428803523	0.0	0.0	
22.168233146110527	24.46614297505627	0.0	0.0	
12.000413492405283	29.75037776767477	0.0	0.0	
22.220890691196757	25.584453093727078	0.0	0.0	
16.076251272858116	18.864144183251796	0.0	0.0	
21.562867579584804	21.334779666510826	0.0	0.0	
21.810538995523295	22.37832428987562	0.0	0.0	
19.205519926885543	29.689324430277797	0.0	0.0	
12.173952642921385	26.935121359095223	0.0	0.0	
24.16914666638396	5.498654999890448	0.0	0.0	
4.353889104459096	29.148175174917473	0.0	0.0	
24.923641942949985	24.432810696462962	0.0	0.0	
22.645408894212537	13.004714760194393	0.0	0.0	
2.1810777055771204	1.073669252961725	0.0	0.0	
21.829827887270863	27.184399829442576	0.0	0.0	
16.958796352255007	26.60794695984952	0.0	0.0	
22.12998660635163	26.313442216599316	0.0	0.0	
23.96853971598676	31.00977135003276	0.0	0.0	
15.801348886839541	13.509124553652025	0.0	0.0	
29.666307675064864	7.866897063408338	0.0	0.0	
5.142975719570458	13.52856315597851	0.0	0.0	
15.436258526165489	21.70678895321211	0.0	0.0	
3.7560702272291557	0.4294041953336425	0.0	0.0	
16.567702347729586	2.4033927478420836	0.0	0.0	
23.01979429696911	25.010991011461947	0.0	0.0	
14.455721825629638	18.972783203671437	0.0	0.0	
24.93580731444082	27.68074128802075	0.0	0.0	
23.86611126392409	13.417536912063248	0.0	0.0	
0.2397205187086513	10.579921345666186	0.0	0.0	
10.654287841144214	22.962446536339133	0.0	0.0	
29.007152710528874	0.15524523634703868	0.0	0.0	
11.886607071390511	6.9675191919777255	0.0	0.0	
1.3960654971269548	1.3374315801086816	0.0	0.0	
11.631871017762332	5.193037037815287	0.0	0.0	
1.9518100315736326	8.07350464622511	0.0	0.0	
15.594691979728562	17.81594723629236	0.0	0.0	
3.236275816852615	15.312370094495801	0.0	0.0	
13.75190908784083	25.69295247287569	0.0	0.0	
31.0833392829132	24.770496636302223	0.0	0.0	
5.488407599007356	16.371503555707754	0.0	0.0	
10.146660394460483	22.627251656409687	0.0	0.0	
13.831469722248475	14.797116036298153	0.0	0.0	
7.418358653276485	8.473706908171916	0.0	0.0	
25.167062627861487	5.155327518738893	0.0	0.0	
17.45514781638927	28.245380101221745	0.0	0.0	
8.130635156871865	5.653592088831541	0.0	0.0	
8.573151485820649	8.800429840211354	0.0	0.0	
9.989843249258872	14.628039885193555	0.0	0.0	
26.439740388352018	12.573315128993329	0.0	0.0	
4.728757152137735	12.137135505443705	0.0	0.0	
16.624077795754737	13.857994016120792	0.0	0.0	
30.752448841631097	31.684310062076015	0.0	0.0	
20.445072643683954	6.349030783243222	0.0	0.0	
20.909026524993333	21.4256920318415	0.0	0.0	
27.830113100282418	28.977776404160597	0.0	0.0	
30.851223812802637	2.34451622982537	0.0	0.0	
15.484103759034301	21.512914725643487	0.0	0.0	
28.463685521875327	19.273022069483716	0.0	0.0	
4.624932139637256	24.43170806457865	0.0	0.0	
8.209279863615134	24.25745557777907	0.0	0.0	
8.3802910110144	0.8789876096502063	0.0	0.0	
1.5527703216672002	20.845372933637275	0.0	0.0	
19.220668538315028	18.261510167910895	0.0	0.0	
8.534954185261942	3.4585028290203397	0.0	0.0	
20.369001985852886	21.604695439642022	0.0	0.0	
10.871516215735038	6.936489721257775	0.0	0.0	
14.64197626552225	7.0579309084596	0.0	0.0	
24.81717683526478	28.75852299172213	0.0	0.0	
2.352461743971947	14.490213843732825	0.0	0.0	
16.449050221711126	6.220869397495207	0.0	0.0	
9.761968055246879	21.04371680563071	0.0	0.0	
27.5655293490199	15.202561178982744	0.0	0.0	
26.79758672077701	23.685619701668717	0.0	0.0	
14.554894866583158	16.51502337479374	0.0	0.0	
2.226492382787928	9.141320438170975	0.0	0.0	
28.421067770723553	16.25744689645328	0.0	0.0	
7.245472928884034	0.33590931027882576	0.0	0.0	
11.295958858612362	28.87621627551679	0.0	0.0	
27.24546727654955	15.707872110448687	0.0	0.0	
18.438408509998585	24.81909703904233	0.0	0.0	
28.61208139288984	30.24313970139593	0.0	0.0	
31.83693753730347	22.36565719541933	0.0	0.0	
13.556346060093684	29.858975115599772	0.0	0.0	
30.299286232419988	17.981531773523063	0.0	0.0	
7.7506951682894965	8.677341628573114	0.0	0.0	
18.02458047244312	13.73372151275262	0.0	0.0	
16.737881630405493	11.149713643280059	0.0	0.0	
12.535543303241521	3.861993232511111	0.0	0.0	
30.194502514785327	28.262499183396233	0.0	0.0	
14.836581070615456	20.24302441891682	0.0	0.0	
26.885623267274585	31.057440104569295	0.0	0.0	
17.447083170112894	21.989472752823783	0.0	0.0	
19.592646126770617	13.083425198770033	0.0	0.0	
27.40683372525569	2.612015781825722	0.0	0.0	
28.324327695595212	10.185810472615984	0.0	0.0	
20.21811225876305	25.68641396579924	0.0	0.0	
28.000588725012122	15.373428373183284	0.0	0.0	
10.387520663533799	16.679476423158306	0.0	0.0	
23.17987696589269	20.925342187701006	0.0	0.0	
11.691463351405627	20.26320106359112	0.0	0.0	
13.33294939496314	21.823669771051094	0.0	0.0	
28.48345079923697	27.65240892954648	0.0	0.0	
11.946718550480874	28.899032232449066	0.0	0.0	
18.913643352638154	22.498324337364583	0.0	0.0	
16.320220438621128	11.510989773260153	0.0	0.0	
11.966275855756795	27.254443231298872	0.0	0.0	
4.063912687441849	3.131333447233441	0.0	0.0	
30.393758885756156	1.2544919120316251	0.0	0.0	
1.7645413753247077	17.5650064750319	0.0	0.0	
8.28892832488231	7.939626833948605	0.0	0.0	
21.518918035657173	1.6744163715060019	0.0	0.0	
2.7833853520544167	9.032050462737303	0.0	0.0	
24.184619103755654	12.503919408658444	0.0	0.0	
17.187242492218296	24.055601761837835	0.0	0.0	
19.53435409436688	12.301424082936144	0.0	0.0	
19.24075989192689	13.133275316649378	0.0	0.0	
22.130499173662386	11.20239388552698	0.0	0.0	
9.784960980215754	5.341420722036702	0.0	0.0	
6.808675712032596	8.789676531884329	0.0	0.0	
9.166627961072606	11.411198322022685	0.0	0.0	
6.517604448272209	12.136374527176581	0.0	0.0	
19.7436936371524	31.323414135776595	0.0	0.0	
24.541033220291304	24.24312139760365	0.0	0.0	
10.625624107771749	8.997227193933757	0.0	0.0	
1.9431828043930963	2.5382249524905056	0.0	0.0	
3.603506150778209	3.3309348673492494	0.0	0.0	
20.704070729362442	16.92462211586646	0.0	0.0	
12.091813955106346	16.227249614912083	0.0	0.0	
15.165719700206992	13.843568023579774	0.0	0.0	
16.00344511920392	20.29318078930884	0.0	0.0	
26.821379524547176	17.37921672168894	0.0	0.0	
13.356548527310636	8.187449291846828	0.0	0.0	
20.066592526228998	13.075669429834388	0.0	0.0	
12.29998618345017	26.786958925998338	0.0	0.0	
4.012346545530821	5.392564667348875	0.0	0.0	
1.8270719533021804	8.782040915274425	0.0	0.0	
27.7918970172222	3.2758163460302576	0.0	0.0	
24.14922374151771	20.87804169915686	0.0	0.0	
10.302693368073022	22.190602061734403	0.0	0.0	
11.020917554657665	1.1415508730732142	0.0	0.0	
7.052242876895587	31.994897910120347	0.0	0.0	
15.868598978037113	10.140433268507472	0.0	0.0	
21.26698516694621	19.327307270065262	0.0	0.0	
3.2468857785492027	30.328291766983373	0.0	0.0	
19.863841828119853	20.315427720260324	0.0	0.0	
21.39403841443331	8.354891435255322	0.0	0.0	
30.631824060910738	5.637482915022481	0.0	0.0	
14.466699895240367	30.44614570335107	0.0	0.0	
4.0980497063329295	9.283551863512624	0.0	0.0	
7.688606007903605	27.048694877588662	0.0	0.0	
4.499748367893755	4.375341698060023	0.0	0.0	
7.5797437274890775	7.074098315437464	0.0	0.0	
18.774414884062484	28.779610969694037	0.0	0.0	
6.233549878746793	28.576721623885184	0.0	0.0	
6.583750027545612	19.466283681381135	0.0	0.0	
19.11523426387138	6.106282764345526	0.0	0.0	
13.852690912840277	1.0457664021108215	0.0	0.0	
2.028342590510622	2.978095019987066	0.0	0.0	
6.802701174008007	1.829443461668646	0.0	0.0	
28.476700661651282	27.39261289961597	0.0	0.0	
16.70296408007644	9.443035009328675	0.0	0.0	
23.36620187872686	27.02223670519744	0.0	0.0	
16.722460062889457	27.187765297287143	0.0	0.0	
30.55457188193898	0.9497875289746887	0.0	0.0	
6.209613819729654	5.70184465312396	0.0	0.0	
2.7832205352704484	0.6605600706088701	0.0	0.0	
15.738821947586668	24.17980644233539	0.0	0.0	
20.587522470618794	29.31736303044465	0.0	0.0	
16.06532777480312	31.82179186360575	0.0	0.0	
0.6477696406662155	8.709750799918751	0.0	0.0	
2.7729897867833877	24.851504385018384	0.0	0.0	
10.523850046414584	13.2396274811734	0.0	0.0	
1.5723710642031747	15.853499506740288	0.0	0.0	
5.15082954336005	19.668010214511217	0.0	0.0	
13.753709383521258	29.353658656726243	0.0	0.0	
16.351961867625107	10.915181092113219	0.0	0.0	
11.182086818629791	12.285919424775305	0.0	0.0	
17.042306114745756	4.6014436303794	0.0	0.0	
21.055817954345713	27.466567141086177	0.0	0.0	
8.310236785479397	4.049350920000929	0.0	0.0	
12.324437822781956	12.081152636042411	0.0	0.0	
5.670034169842335	8.75358806690237	0.0	0.0	
22.19096612869649	20.81175424016286	0.0	0.0	
24.208043168409404	7.207941661601634	0.0	0.0	
27.150924030314126	31.542226543560467	0.0	0.0	
18.6575107312135	10.571742342767912	0.0	0.0	
18.335216502863336	14.615981458267488	0.0	0.0	
7.158350558542029	1.2608226659990613	0.0	0.0	
27.48315579266607	16.095839340272093	0.0	0.0	
23.387761655136796	26.813269050927442	0.0	0.0	
2.5090633009835344	7.57647324841502	0.0	0.0	
25.043957407216826	22.082926055318598	0.0	0.0	
25.149323276527312	0.928602135167317	0.0	0.0	
10.354535106577341	7.7003869350715775	0.0	0.0	
26.521349158674077	30.910243423812382	0.0	0.0	
13.795068454102687	18.067364420949254	0.0	0.0	
19.77886298128982	10.899280105060381	0.0	0.0	
31.259523258216852	31.712588736410737	0.0	0.0	
6.683176380726344	6.210497867508007	0.0	0.0	
2.6456501016119915	5.442675373646235	0.0	0.0	
8.910969116314924	20.704665662095397	0.0	0.0	
18.4490881736776	24.322940816478344	0.0	0.0	
3.148688632699301	7.341784933945899	0.0	0.0	
6.428548703420045	8.260533658149349	0.0	0.0	
30.175334556064367	29.489883601477555	0.0	0.0	
25.906219741745087	1.0009215010468466	0.0	0.0	
14.843258739285172	15.24339405183871	0.0	0.0	
5.10876548337971	6.26653998598189	0.0	0.0	
3.5575386651782566	11.546080851599495	0.0	0.0	
19.386457382584574	13.23355499831499	0.0	0.0	
19.97783383480681	23.722224596798924	0.0	0.0	
20.72219291088063	29.251402269914266	0.0	0.0	
16.715306113318675	17.29528949198898	0.0	0.0	
12.359159310239729	2.885008054255433	0.0	0.0	
7.777024668479786	19.081853397116035	0.0	0.0	
17.067264073707072	23.851189241802548	0.0	0.0	
19.136927959488595	7.139856799104699	0.0	0.0	
3.254425409932022	11.817748003718052	0.0	0.0	
18.37042406181871	26.957514003239957	0.0	0.0	
30.115072488640592	31.151125564797653	0.0	0.0	
11.385457421480929	29.816507754868912	0.0	0.0	
27.55109895432488	15.473648154606494	0.0	0.0	
10.99539322668598	29.561557852122803	0.0	0.0	
16.627316058845693	31.910479466519366	0.0	0.0	
31.72630807582994	26.968175990180992	0.0	0.0	
24.75846500358407	15.126884460261568	0.0	0.0	
5.7575198879881135	25.84391774411928	0.0	0.0	
4.439860722480745	6.992704134581771	0.0	0.0	
13.451586178348798	17.498761342182622	0.0	0.0	
23.91361655691427	16.908515820412344	0.0	0.0	
12.70980179604312	2.744774237659705	0.0	0.0	
10.621728380127326	24.07464119930727	0.0	0.0	
10.689347332660049	26.95213884170702	0.0	0.0	
2.420366475418639	25.36247145361022	0.0	0.0	
0.866249828456219	16.17597983683505	0.0	0.0	
22.33528797172389	4.260513522539149	0.0	0.0	
0.7538573857614068	26.76057182079678	0.0	0.0	
14.564941960143678	25.949847223119132	0.0	0.0	
10.99310436431773	18.247078862635707	0.0	0.0	
23.337053924793704	22.438765403446556	0.0	0.0	
2.409168320052512	9.78768811628218	0.0	0.0	
24.607341666051468	31.855121405324038	0.0	0.0	
26.44493470922367	5.44614139874616	0.0	0.0	
14.206658219957198	31.66828727258377	0.0	0.0	
26.940601352921313	31.902542393546113	0.0	0.0	
26.527744573498634	2.92068898064829	0.0	0.0	
12.350566947676992	7.497309153311896	0.0	0.0	
13.288862703805108	1.4709525205681473	0.0	0.0	
16.85409270756072	12.837791522188866	0.0	0.0	
30.06101693180941	6.23576126478158	0.0	0.0	
10.674524893525192	17.3195695885379	0.0	0.0	
18.022793747439753	5.468486738532345	0.0	0.0	
3.2490986010395773	19.334067980739803	0.0	0.0	
7.769924212907998	28.50475054719987	0.0	0.0	
9.573300490265638	5.655001567017518	0.0	0.0	
13.123476300200096	11.401401277362371	0.0	0.0	
22.29113551420831	5.271944134593834	0.0	0.0	
30.70222547067411	1.2855877257092985	0.0	0.0	
4.677425673300583	11.720068449322788	0.0	0.0	
4.825541249287724	22.653284444983314	0.0	0.0	
25.38241504279677	14.782368451652314	0.0	0.0	
10.683811583314984	15.170132021854418	0.0	0.0	
24.232050179516214	17.548309000971873	0.0	0.0	
9.223641273643132	3.471520530918962	0.0	0.0	
28.398517950328596	18.756977143451326	0.0	0.0	
24.618777051497002	27.739244007911868	0.0	0.0	
29.020713048246982	8.699720639657535	0.0	0.0	
12.344787585504413	0.6079660899257426	0.0	0.0	
6.086661135023391	15.897584952601505	0.0	0.0	
11.186730572122347	12.265769161660888	0.0	0.0	
28.12575485010029	15.17094669723284	0.0	0.0	
19.11138908418757	20.720315839167576	0.0	0.0	
0.5365438570781222	5.3757221508483894	0.0	0.0	
12.963171581315596	2.388678957869402	0.0	0.0	
8.154195118372417	26.299890429591038	0.0	0.0	
18.155417690282775	9.582916512483134	0.0	0.0	
0.22447762454383735	18.47901419720134	0.0	0.0	
0.8018611916126446	28.462826165402216	0.0	0.0	
21.070848917987266	27.698397363455907	0.0	0.0	
24.599192983127768	22.824571821400287	0.0	0.0	
28.999929679168115	22.33744793672571	0.0	0.0	
31.35072779955118	29.95724703610734	0.0	0.0	
29.9825827194717	4.8646228911725515	0.0	0.0	
2.4983682017338467	2.7302026800693966	0.0	0.0	
12.32976530149438	25.95614454732368	0.0	0.0	
3.5266960414264474	12.734040371607659	0.0	0.0	
13.469708680317243	0.7648238266573308	0.0	0.0	
22.25062199927897	19.644396212944443	0.0	0.0	
10.402628124481755	12.950757584627393	0.0	0.0	
9.600960853203969	2.671282955240745	0.0	0.0	
26.530927834367724	20.743854194978535	0.0	0.0	
1.7296587407141644	11.610178375725535	0.0	0.0	
10.367396523984517	25.36608049709026	0.0	0.0	
5.129277508079408	31.566192824665787	0.0	0.0	
10.420295881138674	18.088470648021993	0.0	0.0	
3.8690887534558023	18.493250763211208	0.0	0.0	
23.73071457111055	28.96132006372471	0.0	0.0	
28.90691887773018	10.482182321472848	0.0	0.0	
22.183663830102354	14.019517996641564	0.0	0.0	
12.92575128321231	8.823146669239396	0.0	0.0	
24.248193156573357	2.2030541260046377	0.0	0.0	
4.568579162811343	6.293046637362451	0.0	0.0	
29.829541388203832	29.362193396127164	0.0	0.0	
23.132415896298795	21.292507901555446	0.0	0.0	
11.909999436771656	7.5610746440585	0.0	0.0	
15.756591411201772	27.187855789371252	0.0	0.0	
3.6385809571734953	2.21711651384107	0.0	0.0	
28.004211331032447	14.476573723459978	0.0	0.0	
27.474210857018168	9.962954606258897	0.0	0.0	
11.820167728644542	22.164455439010716	0.0	0.0	
30.0405893273485	23.686049820838452	0.0	0.0	
20.86047976396265	9.019172514864955	0.0	0.0	
11.93645718237823	29.89690716469498	0.0	0.0	
27.846719845373947	16.476886866412002	0.0	0.0	
13.703926467862512	28.831648578072507	0.0	0.0	
7.564674642833285	14.756229043245604	0.0	0.0	
21.321607326510723	0.7321918187317067	0.0	0.0	
5.23311039167503	4.603066616413191	0.0	0.0	
18.875103724558873	17.451961100643697	0.0	0.0	
29.464101973295048	21.040547976505124	0.0	0.0	
29.713652930148022	25.309783025124812	0.0	0.0	
8.842925379908333	22.684740141606056	0.0	0.0	
7.204839033146573	26.099051706584824	0.0	0.0	
17.43359345033354	10.461200911555778	0.0	0.0	
25.794641922742525	1.7490798999821173	0.0	0.0	
10.323012164089729	25.342736671245145	0.0	0.0	
1.4976958107679792	2.7470408543003586	0.0	0.0	
12.794675225596578	1.2390225279405982	0.0	0.0	
12.79638542337042	24.188715570087876	0.0	0.0	
17.729340337317396	25.425643082078768	0.0	0.0	
19.032669817326788	31.84368033317538	0.0	0.0	
10.344576189707045	21.664679347859916	0.0	0.0	
9.928346987603053	16.899159193478592	0.0	0.0	
10.215116603889982	29.089531252975817	0.0	0.0	
24.24898274802226	29.85987306905825	0.0	0.0	
25.07882604108099	14.615559551661654	0.0	0.0	
5.013593341100812	18.649002468137997	0.0	0.0	
21.533174713456997	4.478991624922173	0.0	0.0	
8.247800508046229	4.615502091279936	0.0	0.0	
31.702383327796035	10.0752125836608	0.0	0.0	
14.461821157544172	19.289087238336933	0.0	0.0	
28.081765635304606	0.6336150062727945	0.0	0.0	
18.819584100196867	30.963109154627283	0.0	0.0	
21.112041144552734	10.51643180505685	0.0	0.0	
31.17489182229388	21.520380683649208	0.0	0.0	
17.28032233181848	10.131349594864773	0.0	0.0	
15.112877924905344	5.2323456639485215	0.0	0.0	
21.95864939251291	8.02221007551065	0.0	0.0	
21.41346634058905	5.031453808538863	0.0	0.0	
11.740998348338412	4.218051015784422	0.0	0.0	
18.683487094663228	1.471357889919446	0.0	0.0	
15.265424425026985	3.097501449480447	0.0	0.0	
5.461687340019264	24.248534805543102	0.0	0.0	
3.270946485272834	10.08646730751531	0.0	0.0	
0.9004889648944889	26.639570694931827	0.0	0.0	
14.476892873576421	28.174051018014563	0.0	0.0	
27.81492210155719	21.4658848387367	0.0	0.0	
6.153790761959929	6.022496660299364	0.0	0.0	
19.023759506634555	25.818418302024522	0.0	0.0	
19.57186226644914	14.79997949218803	0.0	0.0	
12.05732189845477	31.773621098138495	0.0	0.0	
24.64531177076596	1.6272013450677996	0.0	0.0	
28.84825699202224	29.711134735057204	0.0	0.0	
9.724292344718918	26.151443378512734	0.0	0.0	
9.996581566768203	15.315252604492922	0.0	0.0	
3.439597498654077	20.772342235336232	0.0	0.0	
7.761772197945003	12.455986725299432	0.0	0.0	
15.075991008358109	19.17599906307583	0.0	0.0	
20.511895657866393	6.953022232184708	0.0	0.0	
1.9140960337163548	20.16276294974942	0.0	0.0	
30.804715117728417	1.0544255324346103	0.0	0.0	
16.217673525193117	17.229426054455022	0.0	0.0	
18.775938895645915	10.218591463250018	0.0	0.0	
29.84187417854601	27.72509812970451	0.0	0.0	
19.966331010015963	30.46492984378965	0.0	0.0	
12.582394273714634	15.369856017142915	0.0	0.0	
16.19147492517369	28.730750890057625	0.0	0.0	
14.566190126936753	16.09891106927688	0.0	0.0	
23.032469505946604	14.310321900630907	0.0	0.0	
6.897619443888463	8.12217862645442	0.0	0.0	
1.5731009305204715	17.311188406716962	0.0	0.0	
27.76204011791741	23.33347158979925	0.0	0.0	
1.309050061615924	10.207262301416186	0.0	0.0	
24.211968240415704	17.342325808522247	0.0	0.0	
18.856163742104684	17.52796969455738	0.0	0.0	
10.736648518887034	3.2156451852569035	0.0	0.0	
1.443911651653	17.994209531931663	0.0	0.0	
4.233082814949476	26.768947203418616	0.0	0.0	
22.515757907127274	24.387588906874463	0.0	0.0	
26.204298833504982	20.176472552110457	0.0	0.0	
13.355162525431307	9.99687275770276	0.0	0.0	
24.43573199020423	27.784864263347377	0.0	0.0	
19.44331896287315	9.253472443954479	0.0	0.0	
0.41377660701507324	20.067629124345835	0.0	0.0	
6.657301255946134	13.73317718141422	0.0	0.0	
15.929224669221728	19.032381861402616	0.0	0.0	
22.00652433405203	11.316743257765438	0.0	0.0	
3.468044253977837	26.03266106242776	0.0	0.0	
27.36392857682321	27.454784301207457	0.0	0.0	
21.378872254933643	9.53952572289985	0.0	0.0	
9.4795961999401	14.608838121676435	0.0	0.0	
1.7291069159915544	18.02941896931303	0.0	0.0	
14.252090279779587	28.639916225626433	0.0	0.0	
14.272762952378194	6.058369958564629	0.0	0.0	
18.456812998166917	24.225299746512242	0.0	0.0	
11.677075950344758	27.823734872323794	0.0	0.0	
19.97437823629403	11.463441170840873	0.0	0.0	
1.0044312729277962	24.429510482764645	0.0	0.0	
18.302750713206517	17.414909319695923	0.0	0.0	
1.770749993594901	1.0014114509087158	0.0	0.0	
8.893294065640116	10.84447648955405	0.0	0.0	
0.5219803208177609	22.92297940299434	0.0	0.0	
31.270626402193503	11.616310832095323	0.0	0.0	
24.4212362291931	20.888059305758134	0.0	0.0	
29.400462640884133	30.720836726628466	0.0	0.0	
29.117509734965864	11.974338846757373	0.0	0.0	
27.552358342457676	24.854747517503906	0.0	0.0	
29.54545033683272	7.919233771538455	0.0	0.0	
28.378431540099786	24.644202370182203	0.0	0.0	
20.929902508808762	21.716093812582862	0.0	0.0	
30.83766131252662	4.9709817371611535	0.0	0.0	
16.08407064869903	1.791968592835957	0.0	0.0	
6.61191318965118	17.63232832017976	0.0	0.0	
31.031445265800915	26.824820081996894	0.0	0.0	
0.9803346827261734	7.186273192869308	0.0	0.0	
14.431985847519499	10.55346798624403	0.0	0.0	
7.6248423056560455	12.418078567062786	0.0	0.0	
24.380128927217353	13.322604256077135	0.0	0.0	
24.037990817106465	30.993113326830482	0.0	0.0	
25.84870130633864	7.6748251951349005	0.0	0.0	
27.895095625416275	31.905161275574528	0.0	0.0	
18.372522198927342	29.050484017485807	0.0	0.0	
29.194369531139504	20.722983615267413	0.0	0.0	
18.311294599755325	21.589488491679774	0.0	0.0	
13.669895302836625	13.521055307089856	0.0	0.0	
4.356914170071899	29.693758449606943	0.0	0.0	
15.932354866006492	7.058701064282321	0.0	0.0	
5.740349837627971	14.700513855109957	0.0	0.0	
2.882791081689792	17.965031554280007	0.0	0.0	
25.476656754866067	29.69480265513986	0.0	0.0	
8.969905210989594	28.497114897700385	0.0	0.0	
30.33322399983312	25.162374461759484	0.0	0.0	
2.2670640400229978	28.009025182249868	0.0	0.0	
18.148735893736838	4.8914075016753635	0.0	0.0	
18.590555083225482	11.30206861372331	0.0	0.0	
18.350525183499258	21.820510005731187	0.0	0.0	
20.83459684273821	1.2849758099338864	0.0	0.0	
5.83671784910085	17.312886533155943	0.0	0.0	
3.6784670467890557	2.107862472124445	0.0	0.0	
17.06375625145556	8.112524793382299	0.0	0.0	
6.39175726948768	27.20352730653136	0.0	0.0	
20.700626016419697	17.680123555487764	0.0	0.0	
4.9040305336297685	30.69739708249962	0.0	0.0	
3.6421948806077857	29.948253263422856	0.0	0.0	
30.988801976317994	19.514550783712288	0.0	0.0	
1.4974069281353586	22.799203964914376	0.0	0.0	
8.569773322975468	16.38099860898353	0.0	0.0	
26.412806630298466	0.9108685121240505	0.0	0.0	
17.133810292223085	29.689922540310846	0.0	0.0	
9.787795830070813	11.59365462570197	0.0	0.0	
0.9900558459403221	23.572646491888282	0.0	0.0	
22.552825762765746	1.3070003149266824	0.0	0.0	
6.820095090904186	8.097695258018689	0.0	0.0	
8.616320446477172	30.713788974582833	0.0	0.0	
9.871437402433145	3.049208409788452	0.0	0.0	
19.185603185622796	15.068455294993491	0.0	0.0	
4.076022245311897	29.61253137694214	0.0	0.0	
7.966380505250502	11.0095904439547	0.0	0.0	
19.960202714009952	17.172152308733466	0.0	0.0	
2.9580132570565034	4.207638305825885	0.0	0.0	
31.323022436333225	12.0514838599576	0.0	0.0	
1.478177289605572	30.31508255983178	0.0	0.0	
23.235019616190964	7.7252182540747825	0.0	0.0	
1.296386252690425	14.478521841568792	0.0	0.0	
23.50867930909573	8.52520608820663	0.0	0.0	
4.951709071378843	24.139629000945174	0.0	0.0	
13.11231438731517	17.006675179732813	0.0	0.0	
3.3356723745697927	17.507733936800157	0.0	0.0	
11.346795827282044	0.8477872993182665	0.0	0.0	
9.616365973163596	1.5587915036197053	0.0	0.0	
29.250323974324314	15.276136499214022	0.0	0.0	
