2
32.0	0.0	0.0	0.0	
0.0	32.0	0.0	0.0	
18.53853657823676	25.91735362589838	0.0	0.0	
6.018612342387602	18.106299730961954	0.0	0.0	
5.53027340279591	3.2622293684291677	0.0	0.0	
21.255736272900748	20.389561427485607	0.0	0.0	
28.008334961486202	22.370109815640088	0.0	0.0	
5.279678495733965	23.371750638706928	0.0	0.0	
7.303282651553353	25.84972517695665	0.0	0.0	
16.19231540601329	15.29400820761041	0.0	0.0	
9.769303979231598	15.10825300695726	0.0	0.0	
28.746787463771977	26.64571780208938	0.0	0.0	
0.8687255030584851	27.439576321453437	0.0	0.0	
12.959301393570104	5.369854451873515	0.0	0.0	
28.942285366323183	7.421987486954425	0.0	0.0	
11.469152078507026	16.8724452401306	0.0	0.0	
17.109806024288158	1.367378257653609	0.0	0.0	
18.025556456016222	1.5338625441098763	0.0	0.0	
2.114171673917557	26.807077552680084	0.0	0.0	
15.392520453174505	20.19696811721345	0.0	0.0	
25.622749768349134	15.53777309102345	0.0	0.0	
6.696621775267545	4.885274958982986	0.0	0.0	
29.623293578868825	6.7276790316508475	0.0	0.0	
14.340695956966254	12.840514287503161	0.0	0.0	
8.837890975766815	9.161398249864437	0.0	0.0	
27.069673013509956	17.129500591709494	0.0	0.0	
14.901976738271134	17.22412140171328	0.0	0.0	
4.4967671830247795	13.784566836741138	0.0	0.0	
12.39154404661981	14.778274793330723	0.0	0.0	
11.134939416303666	25.70462444659217	0.0	0.0	
23.82640582680752	15.796742568200472	0.0	0.0	
17.614310333978903	13.999312529222102	0.0	0.0	
11.301421361463163	5.034341255037308	0.0	0.0	
27.345164143005515	21.61795748420514	0.0	0.0	
21.39671429659697	20.074333064320918	0.0	0.0	
24.012480889850245	21.86764356010002	0.0	0.0	
3.107352869932157	22.070693047030314	0.0	0.0	
28.672736467041215	27.16758630823439	0.0	0.0	
16.7978736801885	30.861173106366376	0.0	0.0	
13.860419023828893	11.758630104552047	0.0	0.0	
8.286094066533025	12.423411841426159	0.0	0.0	
29.27182214758327	25.273258597215772	0.0	0.0	
9.75007130020078	19.68848261465044	0.0	0.0	
21.971821885676654	30.30777195420759	0.0	0.0	
17.167673368165737	13.379393673572661	0.0	0.0	
24.491978778915946	23.954129822179052	0.0	0.0	
27.95806526577415	28.349105205478015	0.0	0.0	
29.215422789852045	2.702643760056361	0.0	0.0	
15.146004978697473	26.3112675048686	0.0	0.0	
15.558022742240372	8.662553874916497	0.0	0.0	
11.666109516578995	16.668191643876185	0.0	0.0	
1.727021945647504	23.550717690111586	0.0	0.0	
25.385460259595607	19.083245914519868	0.0	0.0	
23.76252208036452	4.712514358471758	0.0	0.0	
8.932526550933975	5.961735158230638	0.0	0.0	
25.04185794049992	17.18352491708128	0.0	0.0	
27.03668347190673	30.604528029483273	0.0	0.0	
25.191641397475586	19.546940755029972	0.0	0.0	
20.06902965690532	0.2690704175828209	0.0	0.0	
21.700862824755127	6.107881440033221	0.0	0.0	
25.963415111344087	13.36761550165059	0.0	0.0	
25.847721450471322	12.217624045057754	0.0	0.0	
3.601809468598468	0.10721472357243655	0.0	0.0	
24.44020779658061	18.981487168338937	0.0	0.0	
0.1065137690434419	7.047381649720933	0.0	0.0	
22.697768576028555	26.946470308246262	0.0	0.0	
26.957352514919155	8.194204256888398	0.0	0.0	
9.293587866294114	2.6662469932720754	0.0	0.0	
7.20352910335323	31.987520147313152	0.0	0.0	
24.307018900597654	18.61643478525119	0.0	0.0	
20.55738304055761	24.84425691029104	0.0	0.0	
22.770315049673712	21.918050864844307	0.0	0.0	
10.590426812561653	0.7715171828263188	0.0	0.0	
14.360531588665587	4.446558594344339	0.0	0.0	
26.38647308669171	13.682935635524107	0.0	0.0	
17.90995037320054	18.41302630929248	0.0	0.0	
0.04656915207429435	11.993405149550732	0.0	0.0	
2.425234883332738	9.193961365905118	0.0	0.0	
31.77685079469491	1.127183537287948	0.0	0.0	
10.285100855347302	16.034332323271588	0.0	0.0	
7.869519115206426	29.494971048004935	0.0	0.0	
9.460146867236208	27.846662384122073	0.0	0.0	
12.067845954429398	11.154753602589675	0.0	0.0	
21.210144968479945	14.556742253562714	0.0	0.0	
17.28542553830921	14.486468799678843	0.0	0.0	
12.85797836150822	17.46784845013834	0.0	0.0	
30.405041836850653	9.868909850062362	0.0	0.0	
3.6637444140329904	3.5551230397378504	0.0	0.0	
0.5471196290841611	28.522476542708144	0.0	0.0	
11.067854940713769	2.928820938737317	0.0	0.0	
20.15218280385757	3.3191484394019923	0.0	0.0	
5.353436803516786	2.07198688918211	0.0	0.0	
31.600397934123475	2.7059819480714893	0.0	0.0	
9.776586053097002	17.95044145970201	0.0	0.0	
27.34187550025259	5.44826763835918	0.0	0.0	
4.218771821237944	20.81753071463665	0.0	0.0	
28.727503955357605	26.5677868962346	0.0	0.0	
28.059226623321788	23.954848551376514	0.0	0.0	
15.963054160974007	4.832537737478344	0.0	0.0	
28.758123348497815	2.0687611578702914	0.0	0.0	
12.560268106378274	22.703615850174863	0.0	0.0	
22.847007313764102	30.18571316771969	0.0	0.0	
25.812166521196616	6.002488784365582	0.0	0.0	
16.169849949253543	13.719616577110532	0.0	0.0	
13.968788909667722	2.3584664792597714	0.0	0.0	
25.168467664959728	20.704535306799457	0.0	0.0	
1.7342459965008779	21.548386423813607	0.0	0.0	
8.402334571376983	23.265493636808575	0.0	0.0	
27.36475554689945	11.784998600681973	0.0	0.0	
11.106342848981868	17.14021124697666	0.0	0.0	
30.424636150700557	14.092573596952857	0.0	0.0	
0.4105085943650373	21.791227007436298	0.0	0.0	
10.519239337071554	27.716717048948926	0.0	0.0	
2.152980639773819	17.502383285450332	0.0	0.0	
6.645346117543493	21.59307387024537	0.0	0.0	
28.547934864978703	2.03954092359648	0.0	0.0	
20.38443387730855	11.286659550665664	0.0	0.0	
0.35017405143145197	17.32294278463359	0.0	0.0	
16.741402345367398	7.787340403278961	0.0	0.0	
30.308027053462972	13.091599481223668	0.0	0.0	
15.9197591165069	13.751043265539664	0.0	0.0	
26.30033198348439	26.88981194197536	0.0	0.0	
27.908126386289958	29.42007946173335	0.0	0.0	
25.121656174580313	25.652133994918472	0.0	0.0	
19.634510667192778	9.631379710585428	0.0	0.0	
31.58184510334221	28.872779044933363	0.0	0.0	
31.019353674327785	3.7305958728946926	0.0	0.0	
28.287537801237406	16.169214482617186	0.0	0.0	
30.619943287137577	8.681557896531778	0.0	0.0	
9.455860546472504	15.723471691161947	0.0	0.0	
13.328425008840025	18.066653431027923	0.0	0.0	
27.35172034403813	25.38473628928381	0.0	0.0	
21.853217445679423	26.232204477539355	0.0	0.0	
22.962333799318518	3.5076971630232805	0.0	0.0	
13.577585286395657	23.391036951161816	0.0	0.0	
14.177258797283773	22.956493102662538	0.0	0.0	
8.449896716954797	30.781357106573026	0.0	0.0	
13.011102053129846	13.643642711490276	0.0	0.0	
28.512421616189755	6.804836658670052	0.0	0.0	
25.40504386912758	12.091610167821244	0.0	0.0	
31.320994137758223	17.514346407374095	0.0	0.0	
22.891999420459936	13.946757590760797	0.0	0.0	
17.526061826048874	5.4706315842396265	0.0	0.0	
27.504628093075098	17.101643717874094	0.0	0.0	
9.672432884586023	23.416468816208905	0.0	0.0	
1.9227358232995613	0.5594444576844317	0.0	0.0	
28.387609473435013	30.75235830275682	0.0	0.0	
0.6466747976755194	9.624980838424378	0.0	0.0	
2.441385023865841	0.668092120448474	0.0	0.0	
1.6251915520034217	6.104046910306543	0.0	0.0	
12.920559449663255	29.155803074410517	0.0	0.0	
6.167800399431268	13.510282172956305	0.0	0.0	
7.055998119066185	4.350872384864207	0.0	0.0	
31.00798262237288	5.848601305845314	0.0	0.0	
13.03315199766962	22.213479672752758	0.0	0.0	
18.1882802463315	28.91343965006042	0.0	0.0	
0.09432678172867881	8.435714196164778	0.0	0.0	
6.492692754442444	15.436027965575796	0.0	0.0	
2.0884798612234334	23.27195636759179	0.0	0.0	
14.929572903757286	26.947707399357885	0.0	0.0	
7.400478183589371	28.87939042343959	0.0	0.0	
25.09773658575515	26.322474076568273	0.0	0.0	
5.927308901067956	26.4918693004612	0.0	0.0	
22.26258781970933	3.92654026555757	0.0	0.0	
0.8102222268652106	13.44927201106863	0.0	0.0	
7.848998141632805	8.461429218756379	0.0	0.0	
6.337710814065737	26.01617267419357	0.0	0.0	
26.94540706988117	24.889986850118643	0.0	0.0	
31.52586827893367	20.386923154755284	0.0	0.0	
30.620867279337308	19.105060064003737	0.0	0.0	
25.89934938042344	15.095539594658163	0.0	0.0	
4.575675851092637	17.945604776791846	0.0	0.0	
4.197141635737925	12.790878433688924	0.0	0.0	
15.119999754087289	14.242435494663429	0.0	0.0	
11.99542771553055	28.713655288444507	0.0	0.0	
30.006435207367325	5.341158140243717	0.0	0.0	
22.493377021742674	20.281963480150907	0.0	0.0	
4.506956135772732	23.21304117746504	0.0	0.0	
24.08237145907217	8.138897810342385	0.0	0.0	
0.09454406454780084	27.349263345126083	0.0	0.0	
22.73316224589007	13.539478695588386	0.0	0.0	
22.58659936223619	13.580229647413958	0.0	0.0	
20.563618315388307	18.168683500155474	0.0	0.0	
8.712470533629435	19.274271650237758	0.0	0.0	
25.471668400440723	10.112799263042042	0.0	0.0	
18.702522570856598	0.982193208062629	0.0	0.0	
31.084208078543764	25.848265741204376	0.0	0.0	
25.287508543195	12.911110796446675	0.0	0.0	
25.822607526118674	27.6153742084007	0.0	0.0	
15.329791891790805	0.49954540185776963	0.0	0.0	
6.566026914990765	31.654533197904314	0.0	0.0	
8.726295702263226	30.762139920936658	0.0	0.0	
21.889427963301394	3.392804058729716	0.0	0.0	
11.876394429661644	17.41569875429761	0.0	0.0	
1.171796821193908	9.698774018341556	0.0	0.0	
28.420805288991918	21.34151345694801	0.0	0.0	
4.045475984951555	9.846529125764928	0.0	0.0	
2.75194770102609	11.409871278811433	0.0	0.0	
24.220668105747333	17.364110947462066	0.0	0.0	
18.69862838699349	17.643358240724034	0.0	0.0	
0.734413338985533	26.71974385404989	0.0	0.0	
16.809169661492835	8.356134194191952	0.0	0.0	
9.010734596440326	31.218149741325266	0.0	0.0	
6.490071326634155	15.837054577438568	0.0	0.0	
27.755158295265474	24.202152170168187	0.0	0.0	
25.032906325330735	15.906803084757652	0.0	0.0	
23.246504599078136	18.25776508562447	0.0	0.0	
19.609599003108432	11.687067717030214	0.0	0.0	
20.624672927832073	26.321695699991764	0.0	0.0	
3.083327711543056	30.46123971710493	0.0	0.0	
31.892231215291943	19.64348796978976	0.0	0.0	
18.950588690449493	31.178524135950287	0.0	0.0	
7.4328575145927225	8.101151033077677	0.0	0.0	
31.478671861448152	0.2343391989410648	0.0	0.0	
21.70773669551862	31.362167074816988	0.0	0.0	
0.81955744011157	1.6828452380863546	0.0	0.0	
20.855012133199033	2.486789577790944	0.0	0.0	
22.814712313031436	30.659500629956135	0.0	0.0	
3.156015953554814	28.498875126096117	0.0	0.0	
7.432899173438422	7.211958029330617	0.0	0.0	
6.938577740360461	3.171633252655564	0.0	0.0	
2.1662853343366812	0.39037242393277793	0.0	0.0	
8.238457915740042	2.6490935837576792	0.0	0.0	
31.681729776867932	10.838527399820226	0.0	0.0	
26.316735061529855	0.788645076352438	0.0	0.0	
13.51846965810433	19.75930576832395	0.0	0.0	
18.39231898492833	17.578475938212563	0.0	0.0	
23.2536921739682	9.433774571318494	0.0	0.0	
25.013556392082698	27.974980774595934	0.0	0.0	
28.46969663521038	20.482295394277862	0.0	0.0	
7.257994669764173	13.71788406771854	0.0	0.0	
24.73762801097662	28.302936140309257	0.0	0.0	
30.655455049086935	9.946645223231627	0.0	0.0	
0.1120465900191121	23.36926461445296	0.0	0.0	
1.1467136045444732	21.705128885960136	0.0	0.0	
28.407617971510806	16.704518530174653	0.0	0.0	
12.962046754047577	24.614984452487917	0.0	0.0	
9.31501903274518	29.961039716108253	0.0	0.0	
18.413117944322256	11.166627672564882	0.0	0.0	
15.17542117918337	12.140741722072459	0.0	0.0	
11.050174775106825	5.686234316947434	0.0	0.0	
22.337468712007645	9.259831945841174	0.0	0.0	
6.125401759235	27.167725621333243	0.0	0.0	
10.749117698618353	7.47976010130143	0.0	0.0	
8.368887428257175	7.810671696674429	0.0	0.0	
6.517831446196759	8.308449665500074	0.0	0.0	
22.443997367792793	5.847139387039249	0.0	0.0	
24.0160048162635	6.224251825432944	0.0	0.0	
8.566184401759386	16.43354855647986	0.0	0.0	
1.2818596459883196	7.147714846423362	0.0	0.0	
3.81721542725084	27.104248743426236	0.0	0.0	
13.785692034790394	0.32861070915481605	0.0	0.0	
0.6272101452602001	9.818576782760395	0.0	0.0	
18.251679815721634	24.96553121563534	0.0	0.0	
11.740102958006094	27.548476308562382	0.0	0.0	
5.846292080342867	22.03672247311046	0.0	0.0	
18.245340134639353	4.308933801477824	0.0	0.0	
2.0370942432435264	13.70524287031245	0.0	0.0	
9.135266129577854	24.730553512498577	0.0	0.0	
10.822989564739181	0.5284875907317357	0.0	0.0	
8.587690241682242	31.15935739880888	0.0	0.0	
25.641837296231387	1.6025956192017006	0.0	0.0	
23.36424616387796	3.254532214139246	0.0	0.0	
16.754608925214757	22.155007095126212	0.0	0.0	
10.473801446220545	29.441919863855667	0.0	0.0	
14.258953510642073	5.4055280978762745	0.0	0.0	
2.8781236618336656	18.11602394063123	0.0	0.0	
30.909455505699665	8.265097049502124	0.0	0.0	
25.36973538786637	19.731415968648236	0.0	0.0	
13.885737530987907	16.945539743991223	0.0	0.0	
29.580182326261784	24.82874659065606	0.0	0.0	
19.945374883575973	24.051652632336413	0.0	0.0	
20.730138026294668	24.503245489731633	0.0	0.0	
4.262260629187416	26.627868077716826	0.0	0.0	
4.270746957988944	6.77511843314295	0.0	0.0	
0.22689223956061255	22.35927612951806	0.0	0.0	
14.013092617654923	28.91551431922385	0.0	0.0	
7.269809389310414	11.138133696616784	0.0	0.0	
0.937515327156639	16.040121300774516	0.0	0.0	
24.5277629900128	22.657222154768466	0.0	0.0	
14.22787136407955	7.182735788366475	0.0	0.0	
17.12328775054786	12.42244028246191	0.0	0.0	
26.234603306615767	12.907942684796947	0.0	0.0	
23.47674256342941	21.31861491663564	0.0	0.0	
9.421568408658775	6.172736396875639	0.0	0.0	
14.786686274659804	13.197624582866496	0.0	0.0	
29.186131433215433	11.603251531895918	0.0	0.0	
30.28192416975814	3.176948705294798	0.0	0.0	
29.37939801642902	24.064360983885823	0.0	0.0	
28.0418945616563	10.4218549938191	0.0	0.0	
10.701233648733158	26.257092238156847	0.0	0.0	
11.01183631859952	2.5792990156697186	0.0	0.0	
14.525271561908859	26.71739477777811	0.0	0.0	
12.673816938844755	11.721059712931144	0.0	0.0	
24.932664871842512	28.807591478774288	0.0	0.0	
24.191938180601603	4.22778378172578	0.0	0.0	
22.647503352810254	8.045095814272052	0.0	0.0	
12.830861142712255	18.90665107086354	0.0	0.0	
3.344341409817762	6.805709507130221	0.0	0.0	
0.5075222017415264	17.950737349562516	0.0	0.0	
18.03061295798973	5.080990392724729	0.0	0.0	
7.847161175111765	15.215906583479892	0.0	0.0	
3.189066923180924	0.7665750329742451	0.0	0.0	
11.773409755896466	1.048609951372061	0.0	0.0	
3.101832256193923	0.7870510870896048	0.0	0.0	
10.772354397910771	16.93429242284444	0.0	0.0	
5.537692838622807	9.916492080204005	0.0	0.0	
1.7905778088341329	7.99541355159176	0.0	0.0	
18.557116132936684	22.424744604730954	0.0	0.0	
16.580962549551305	15.67454104318719	0.0	0.0	
20.651442058460734	19.793077160695812	0.0	0.0	
13.231598953792904	10.656708783835143	0.0	0.0	
3.735519769090704	23.14745417407599	0.0	0.0	
25.869354201257988	9.544657043165117	0.0	0.0	
17.998753699890607	5.291190493917142	0.0	0.0	
22.529551757399926	19.535247472863833	0.0	0.0	
22.257376219177875	17.896340714395066	0.0	0.0	
2.9301204012266524	8.787064285314635	0.0	0.0	
13.94549421440756	23.07460179415076	0.0	0.0	
3.6968702728325162	24.293865606389183	0.0	0.0	
21.681739651103193	13.875351331539044	0.0	0.0	
25.724821426316012	21.062744025089565	0.0	0.0	
28.547680870362548	6.89622866153654	0.0	0.0	
14.322953916747004	11.00594173687766	0.0	0.0	
7.333104434777443	9.728149503444076	0.0	0.0	
27.401788364974976	1.1597148934839332	0.0	0.0	
23.580365993332343	27.9656917497	0.0	0.0	
24.03976521988061	27.442027070629003	0.0	0.0	
14.028078587113516	21.58757780409472	0.0	0.0	
10.173327659802386	20.89977936942583	0.0	0.0	
22.552696549829502	25.585201885360078	0.0	0.0	
26.103830898167406	12.220729045238237	0.0	0.0	
15.024103631750936	3.860182242810229	0.0	0.0	
12.012248445989282	28.37142713585062	0.0	0.0	
14.603774217896373	13.327379367160589	0.0	0.0	
14.750309199707772	4.0664292359341125	0.0	0.0	
30.636775816609706	16.37686295254667	0.0	0.0	
6.825861018849313	30.902332028079194	0.0	0.0	
7.215928482708595	23.027314621322482	0.0	0.0	
30.998269397834115	25.895416795183216	0.0	0.0	
28.129082264293995	24.243326375852796	0.0	0.0	
4.331910051192764	4.545498200552242	0.0	0.0	
29.998407565956246	2.1745642408025994	0.0	0.0	
9.123507007658507	9.994802765351672	0.0	0.0	
16.335976134788126	19.203016139118713	0.0	0.0	
25.256633990372297	16.15654416203559	0.0	0.0	
13.225692671701385	24.521215715900347	0.0	0.0	
13.599401270957735	12.327397871408674	0.0	0.0	
19.308926780971536	22.743624225453626	0.0	0.0	
25.748918413911948	29.273156096167973	0.0	0.0	
31.894217483119736	11.356041246426063	0.0	0.0	
4.662792830335434	2.596606700468392	0.0	0.0	
3.081062448794256	30.031655802530135	0.0	0.0	
10.079885021674556	27.60064935644561	0.0	0.0	
27.93531442962791	18.71932159052898	0.0	0.0	
20.17082505633508	1.1815577181003754	0.0	0.0	
28.89878724579474	10.325604608103529	0.0	0.0	
6.665049726437214	19.053111201785292	0.0	0.0	
0.6655023652644125	12.120873232196978	0.0	0.0	
7.085892217361753	16.541687008139466	0.0	0.0	
20.249930044668737	31.236029314067096	0.0	0.0	
16.87817469186355	3.062286230662629	0.0	0.0	
17.985688285323807	27.334071419186593	0.0	0.0	
9.650120247524086	19.145279253934994	0.0	0.0	
11.74335086967205	12.160013291671305	0.0	0.0	
0.07052792696316601	5.15561512208291	0.0	0.0	
24.16196808669245	31.69854516649947	0.0	0.0	
23.53358130610995	2.6710087927294843	0.0	0.0	
3.0419671301691658	16.905033633668904	0.0	0.0	
1.3273930225560555	11.23406061183703	0.0	0.0	
25.393221783019357	19.877597963695845	0.0	0.0	
12.769137255888406	23.165605336727836	0.0	0.0	
4.257393837287616	8.23082576527414	0.0	0.0	
16.834727757371972	6.774607536639348	0.0	0.0	
31.627176996302616	1.5387691799826442	0.0	0.0	
25.670006703434947	15.569994609234644	0.0	0.0	
3.4951309545519784	6.7325881931035525	0.0	0.0	
23.831521595178742	15.498504353256521	0.0	0.0	
9.130909109190362	14.745277871086142	0.0	0.0	
8.194875598374896	19.959099537496634	0.0	0.0	
0.3565376785860579	29.966626247925742	0.0	0.0	
7.846792190159206	7.22039810339129	0.0	0.0	
13.809600694893316	15.688970084076391	0.0	0.0	
9.839778072729935	28.353958053657077	0.0	0.0	
10.038169404500781	25.521947183691942	0.0	0.0	
1.5669388746792414	6.090171100329606	0.0	0.0	
7.195032883573095	15.30269131701965	0.0	0.0	
6.4447531505715325	30.580623745756945	0.0	0.0	
8.30723008951162	1.0853668737478444	0.0	0.0	
21.172003987387765	3.602161397721609	0.0	0.0	
17.034420670253525	30.82317973132898	0.0	0.0	
30.110369373170155	7.254007615019262	0.0	0.0	
6.989477037466397	24.650787500016115	0.0	0.0	
11.793914324641253	20.163559700506497	0.0	0.0	
14.882216464456256	9.177280643820204	0.0	0.0	
21.972961387961963	14.457359761602838	0.0	0.0	
1.1588989960403993	11.051852835604361	0.0	0.0	
7.176482703997383	12.023666790125198	0.0	0.0	
16.098424985447757	27.028984519978575	0.0	0.0	
27.856759299368267	31.482791876132108	0.0	0.0	
29.34600032278223	0.8451867983381192	0.0	0.0	
5.273411873727518	18.46054783346414	0.0	0.0	
5.025892686993654	24.0486660098028	0.0	0.0	
31.516613365608908	4.266750305302931	0.0	0.0	
11.468406566624836	4.268883205114999	0.0	0.0	
31.01011318397237	18.480438411619797	0.0	0.0	
30.550878068627533	31.36256872338534	0.0	0.0	
8.096550884563168	7.136734880542264	0.0	0.0	
23.475031756159908	2.5607640773328875	0.0	0.0	
18.018088571462055	11.001828830679798	0.0	0.0	
19.730553371928867	12.950762515511173	0.0	0.0	
28.611535010320495	28.234905184047363	0.0	0.0	
10.022253423033256	3.26640067243137	0.0	0.0	
17.674940606824865	23.471657018287324	0.0	0.0	
17.04465193558869	19.799193515288533	0.0	0.0	
23.969440428137908	31.027350691789337	0.0	0.0	
30.801671411343943	0.671580981251573	0.0	0.0	
11.843330383925192	19.842814373849563	0.0	0.0	
30.68739434245877	21.56179306527832	0.0	0.0	
8.270373088971041	4.325071145901568	0.0	0.0	
10.252862115191828	17.168264363034826	0.0	0.0	
25.80585738285538	8.23933598264708	0.0	0.0	
0.8703030366707587	3.528334749220978	0.0	0.0	
17.185065077002	5.583177352010818	0.0	0.0	
11.452837316775192	1.6227192283870728	0.0	0.0	
13.931559154562134	7.758628956453499	0.0	0.0	
19.108933583004532	30.385736362484355	0.0	0.0	
0.6880179239832636	10.763084536632622	0.0	0.0	
12.346932695580815	23.78882166780607	0.0	0.0	
1.9095874245410442	24.00500662510651	0.0	0.0	
12.599750915359554	26.506565817998965	0.0	0.0	
10.265285082993213	8.559061746794939	0.0	0.0	
21.241500361247063	18.363792582011513	0.0	0.0	
14.03123546768099	24.25442713880902	0.0	0.0	
15.965941917481167	14.98282011492364	0.0	0.0	
31.236866369688126	21.309913974136975	0.0	0.0	
24.766756458225718	15.602952646531303	0.0	0.0	
28.609911162588347	27.215069969976472	0.0	0.0	
2.3647675119314684	15.99121846392826	0.0	0.0	
3.5828285088826846	26.95542082181502	0.0	0.0	
26.454881073162326	16.04203610961155	0.0	0.0	
24.101162966830273	6.757159850539324	0.0	0.0	
17.493860660818964	16.96972906808606	0.0	0.0	
0.9334713934084249	24.512437663840725	0.0	0.0	
9.737256647700292	19.104424086006606	0.0	0.0	
15.805775576411367	0.6195820180176774	0.0	0.0	
26.189288352919043	16.407662368346507	0.0	0.0	
6.0167995006371235	2.650553636249736	0.0	0.0	
27.704835789048012	9.006500817816885	0.0	0.0	
2.623829014213122	25.06106054154546	0.0	0.0	
19.708751610768918	16.966565716450084	0.0	0.0	
10.475093672435367	26.976563552449928	0.0	0.0	
25.420365758309718	12.11151602812932	0.0	0.0	
29.058316490630393	21.153357391198373	0.0	0.0	
9.3985663957804	28.19481278139239	0.0	0.0	
21.25403241279331	20.031852288092157	0.0	0.0	
13.788073547362657	24.657574054436772	0.0	0.0	
20.60952422424982	17.541590294157416	0.0	0.0	
30.35481792401568	12.915477391787313	0.0	0.0	
13.435223792505518	29.675634396383177	0.0	0.0	
14.801307868460974	7.940197368789022	0.0	0.0	
16.859834410626895	29.8189274844146	0.0	0.0	
21.934405030232938	19.2077091097895	0.0	0.0	
26.600296116018498	24.562947565697545	0.0	0.0	
9.220951008558657	2.976928124538798	0.0	0.0	
11.376685013968547	1.8218527370043383	0.0	0.0	
28.478189603346078	28.035081078087764	0.0	0.0	
6.188711876278955	27.63903928250571	0.0	0.0	
0.5023531727927519	9.149502162641184	0.0	0.0	
23.331219719504695	31.630683924181625	0.0	0.0	
25.825827550079932	22.084143590280682	0.0	0.0	
30.090401910622163	3.7001452624337183	0.0	0.0	
10.254513464171826	22.452542383881852	0.0	0.0	
3.8172286526756594	21.24585876617867	0.0	0.0	
17.643182570262635	6.414312078915955	0.0	0.0	
0.8787455349837465	4.561932726029955	0.0	0.0	
3.6711797961990023	17.25594871558804	0.0	0.0	
25.85149307353647	28.44660201834273	0.0	0.0	
31.430704001030545	20.86980326512324	0.0	0.0	
16.768665164153845	27.61206594104165	0.0	0.0	
13.445044131537085	22.547559661481568	0.0	0.0	
14.077136281629624	12.67629653793102	0.0	0.0	
29.27997291503492	9.00095892926159	0.0	0.0	
6.000225536438013	25.202462417209905	0.0	0.0	
24.645611219536185	9.538576843359955	0.0	0.0	
29.92900642751219	25.92160726628449	0.0	0.0	
19.684541977115575	19.725846577037075	0.0	0.0	
12.301085543437324	7.792645431882143	0.0	0.0	
0.5514882263706298	7.864535349503559	0.0	0.0	
14.929483181020931	1.483588524263606	0.0	0.0	
4.280428972747508	26.431283112528057	0.0	0.0	
1.8721823984349335	31.774714496002144	0.0	0.0	
27.398928638574105	31.32980421402398	0.0	0.0	
9.873689095707952	5.998279854513914	0.0	0.0	
25.510974592928317	25.95936524753263	0.0	0.0	
1.4445133923046996	31.640144280586263	0.0	0.0	
31.31392107539486	28.440801688671623	0.0	0.0	
13.382526952664762	18.182996515106716	0.0	0.0	
20.80976906710865	0.02378982738240154	0.0	0.0	
17.13349778093268	24.509849272022738	0.0	0.0	
17.2703960507943	9.111012764412422	0.0	0.0	
24.069828463818457	11.8870365281498	0.0	0.0	
24.423893858902012	26.683528967595	0.0	0.0	
3.53884529482297	1.6340175114933828	0.0	0.0	
12.790136687216933	7.277974783929796	0.0	0.0	
11.03547333892056	24.192366815703625	0.0	0.0	
24.999205449085714	20.060282492856057	0.0	0.0	
16.530827489268567	4.90529879771546	0.0	0.0	
23.361340224431814	5.534692108493562	0.0	0.0	
5.557127153371951	21.01779517749642	0.0	0.0	
14.062414601879695	13.303468509223677	0.0	0.0	
10.982106202962814	30.429088781377597	0.0	0.0	
14.626450335794377	21.352760429537472	0.0	0.0	
18.209992692316966	22.058295278611485	0.0	0.0	
18.509396100755154	5.37090122624209	0.0	0.0	
27.272181734451458	5.682806472214274	0.0	0.0	
4.677139982858794	11.693200517365039	0.0	0.0	
1.7666166121819487	14.24642067487342	0.0	0.0	
30.189162405703748	0.31519878558075476	0.0	0.0	
21.425048188334557	20.217507326125997	0.0	0.0	
21.78340630982214	15.758839622128004	0.0	0.0	
5.8333264942838206	16.79712447986871	0.0	0.0	
19.62925977709545	6.643091952445349	0.0	0.0	
31.836544656006204	17.771474913138672	0.0	0.0	
29.908577657127726	5.253192104647702	0.0	0.0	
4.53614925548036	24.840521171494043	0.0	0.0	
7.593575700388982	4.17978302502517	0.0	0.0	
19.406925361567094	10.046273508460672	0.0	0.0	
19.22646443994107	14.489355589466847	0.0	0.0	
6.776906711201509	29.029483309963624	0.0	0.0	
15.32780968730951	8.648945117854431	0.0	0.0	
18.494785803847517	24.52139701952929	0.0	0.0	
27.432569814875038	14.781864819039292	0.0	0.0	
13.813915758008527	25.577950868173282	0.0	0.0	
19.701671231537837	0.8204651379690304	0.0	0.0	
31.62378838831466	3.755617976883805	0.0	0.0	
24.772809386730415	19.100892010363893	0.0	0.0	
20.822751267910903	13.544426886819178	0.0	0.0	
8.832016857456495	31.315719510216468	0.0	0.0	
31.247072972907144	6.863042358366393	0.0	0.0	
7.126556525794914	27.517975268803056	0.0	0.0	
24.536905725100052	23.87609170814762	0.0	0.0	
28.40728503920699	8.541466925778497	0.0	0.0	
19.41311048167243	20.67112638417349	0.0	0.0	
18.00770960826853	16.86755034968575	0.0	0.0	
29.66692738506066	5.302328106567209	0.0	0.0	
13.394492040673327	18.42880884707148	0.0	0.0	
11.404572472952058	30.68020933479938	0.0	0.0	
23.64790056349274	11.334471334847972	0.0	0.0	
4.933738867436219	5.359128757947715	0.0	0.0	
13.026751176315507	12.342376289924893	0.0	0.0	
10.218147313399488	12.817471645156921	0.0	0.0	
10.082894435717261	3.0749203272748638	0.0	0.0	
28.25093274098336	27.738389687958044	0.0	0.0	
15.36636605917133	22.161726647912623	0.0	0.0	
4.039063355542211	11.055833564622446	0.0	0.0	
13.3201457436571	7.654229634743178	0.0	0.0	
19.56288616148493	15.060640581916836	0.0	0.0	
18.27887420845491	22.206655126463563	0.0	0.0	
3.0868883086065786	2.4755437998949503	0.0	0.0	
5.323462667442499	25.280317514608953	0.0	0.0	
23.356139167512733	20.277796195660752	0.0	0.0	
10.076894403338777	9.121266670933636	0.0	0.0	
22.88255780909998	17.987516664070142	0.0	0.0	
11.772654898387707	6.300267326668109	0.0	0.0	
2.808324558988435	2.506813985373693	0.0	0.0	
2.845888382787102	6.654347675628355	0.0	0.0	
12.280246210697598	27.62129316145058	0.0	0.0	
19.25465482526487	2.3419534638313593	0.0	0.0	
16.732522150405135	27.882223166297504	0.0	0.0	
27.35862646661952	20.319242189360608	0.0	0.0	
16.927436453148363	11.562735273880488	0.0	0.0	
12.643550324475019	14.08154917821194	0.0	0.0	
28.811637638120267	16.54302310906593	0.0	0.0	
18.6247488709304	27.899633383861435	0.0	0.0	
4.7241649233492	13.820694225165731	0.0	0.0	
13.291657014116964	24.481194393332707	0.0	0.0	
29.14062545687129	6.94632191207495	0.0	0.0	
4.276915760792381	14.242074574036511	0.0	0.0	
22.206157159803503	19.255161001430853	0.0	0.0	
18.532920139004577	27.687933100512033	0.0	0.0	
4.89717222588326	21.11607262400617	0.0	0.0	
14.350678009969513	24.22925773035881	0.0	0.0	
7.0944551012768216	7.268676452808531	0.0	0.0	
11.696939333636312	6.4758651503385	0.0	0.0	
29.373639985780077	3.6632046968285508	0.0	0.0	
6.739355444365163	7.098061343496411	0.0	0.0	
24.274604822402267	7.679915521066068	0.0	0.0	
20.3981178949892	6.996498414394807	0.0	0.0	
7.522807282561708	10.726199713157062	0.0	0.0	
9.957416876918895	12.058502801680614	0.0	0.0	
0.5667198462397671	5.628932574645326	0.0	0.0	
7.571648203704385	28.14683667851962	0.0	0.0	
27.857840058548405	3.828928279246277	0.0	0.0	
29.220172945537303	1.6028486720716764	0.0	0.0	
23.38026914439642	17.994831578638205	0.0	0.0	
4.629936861642548	28.900636160555365	0.0	0.0	
26.68495786005699	1.7705258753252124	0.0	0.0	
21.5834869237951	15.514968638152087	0.0	0.0	
20.736773358384333	6.914698784929108	0.0	0.0	
5.819129982059856	22.838186433572847	0.0	0.0	
0.7042143935547003	30.438039474445716	0.0	0.0	
26.49537157831334	24.61303035269671	0.0	0.0	
2.83239056158779	24.610728848405206	0.0	0.0	
5.395477185403241	7.455229639965712	0.0	0.0	
0.9597737908957349	25.088652800707997	0.0	0.0	
18.424462383307393	8.9066192120379	0.0	0.0	
6.885153468743667	21.94098537429294	0.0	0.0	
31.30167873091002	24.423610579868193	0.0	0.0	
7.165080755355493	26.279362801704245	0.0	0.0	
16.00872302993048	3.207992939520466	0.0	0.0	
28.795168988028514	26.730490892524966	0.0	0.0	
5.450495720999097	18.398940960153592	0.0	0.0	
28.39471688664922	28.541782855138596	0.0	0.0	
19.365489245560877	18.501405796830365	0.0	0.0	
0.9139539314823999	0.7081990285594308	0.0	0.0	
23.7990426284576	23.815322039916328	0.0	0.0	
0.20955019298970967	1.6091267300825294	0.0	0.0	
2.4383009904595383	9.178216720598517	0.0	0.0	
9.022676036171926	4.4492777446153475	0.0	0.0	
19.106339018468063	6.8527754907020935	0.0	0.0	
31.23297768145288	6.007563813248769	0.0	0.0	
10.008695004185018	27.313486945912718	0.0	0.0	
8.789377984282428	27.95406731374327	0.0	0.0	
29.950809957679848	12.073265399382503	0.0	0.0	
25.32193148652655	16.475155140216636	0.0	0.0	
24.092009796383536	28.96491448924919	0.0	0.0	
2.34352532131458	27.79563211938097	0.0	0.0	
5.031243162197157	21.31792854075014	0.0	0.0	
27.196280578700144	3.9375031207269444	0.0	0.0	
23.136087074724365	4.264898617575909	0.0	0.0	
1.1787136184079827	24.968329571404727	0.0	0.0	
21.43971433612458	15.815201814309319	0.0	0.0	
3.6088903120282616	21.028814900291003	0.0	0.0	
5.578135444121784	31.39026049986627	0.0	0.0	
8.5642014798056	11.023468813204623	0.0	0.0	
30.409054401136398	27.997100177329866	0.0	0.0	
9.094019252225618	8.781288481892627	0.0	0.0	
9.407676503497033	3.321197220371669	0.0	0.0	
20.75949769826515	23.0046049234087	0.0	0.0	
13.884006685205144	10.230177661260235	0.0	0.0	
25.9362148944449	23.681974574374035	0.0	0.0	
27.293836286691977	19.14262290219585	0.0	0.0	
1.802507609706982	30.49997704957306	0.0	0.0	
27.11685402076131	26.600759942725645	0.0	0.0	
2.99565245362324	28.66579482352333	0.0	0.0	
20.981653155268212	20.2062666449835	0.0	0.0	
10.0400892075215	17.376364610613884	0.0	0.0	
1.642808287369963	29.412012047289746	0.0	0.0	
14.190525539200419	25.66329895632908	0.0	0.0	
18.394413746950733	14.145631553268739	0.0	0.0	
1.1213724396008686	28.124566352765417	0.0	0.0	
23.30435607043371	19.61384776697134	0.0	0.0	
3.4746359437994556	8.069744221803067	0.0	0.0	
20.91949470750272	25.039518026151487	0.0	0.0	
20.74360537662331	15.15036797793229	0.0	0.0	
5.674478597807877	26.10506612091222	0.0	0.0	
24.76359480184904	2.7422765832459746	0.0	0.0	
30.763278066924737	28.278441626290945	0.0	0.0	
9.321777811567681	10.430188156833932	0.0	0.0	
25.863341751211788	12.551843441045666	0.0	0.0	
8.37678646220876	17.38974368564126	0.0	0.0	
8.026922628364943	29.512162394084804	0.0	0.0	
18.066988284685717	16.1914767401936	0.0	0.0	
6.585365388393399	18.338503276458567	0.0	0.0	
17.50990926765001	3.8062383239980235	0.0	0.0	
13.531211143280228	1.037444857888115	0.0	0.0	
26.29265166750116	8.335410501514456	0.0	0.0	
11.044286926284904	14.064699244814541	0.0	0.0	
16.187502141085055	14.402601891650185	0.0	0.0	
1.877282777323913	2.8191251123487895	0.0	0.0	
4.163537449577635	12.707019220892402	0.0	0.0	
11.625495876149191	5.99663437269399	0.0	0.0	
9.16505486475652	17.41438915001334	0.0	0.0	
23.558375121755226	4.646935183977636	0.0	0.0	
17.28862165421988	25.8769760173885	0.0	0.0	
3.0025579366758883	22.456394359314036	0.0	0.0	
7.671494786261164	1.881247115225353	0.0	0.0	
29.053577585017866	21.3369927188752	0.0	0.0	
22.329116906130086	15.700823494166745	0.0	0.0	
15.393011073825193	21.89341870581031	0.0	0.0	
4.51714556683293	26.246508642430175	0.0	0.0	
30.796741479971352	25.4664200127076	0.0	0.0	
22.45962641069702	1.7057460050689315	0.0	0.0	
10.956464477840811	20.29932131677941	0.0	0.0	
16.59472697479708	27.958134995796907	0.0	0.0	
5.450357835525846	14.510038037139974	0.0	0.0	
5.82355547062166	25.81330534523529	0.0	0.0	
22.806983235193638	24.727934426196068	0.0	0.0	
18.233453409287126	19.701378896110498	0.0	0.0	
18.722644314884757	19.380896733715957	0.0	0.0	
4.305113216023319	9.976254640811831	0.0	0.0	
7.504365571695672	6.811327238096588	0.0	0.0	
1.5083920282265062	31.813054033657586	0.0	0.0	
6.674821883385988	10.272474932449704	0.0	0.0	
10.723849118482402	29.576335069963243	0.0	0.0	
0.5621670639691096	26.092409534642876	0.0	0.0	
22.37743342127191	13.723903038787693	0.0	0.0	
14.451131377386321	23.08574561841341	0.0	0.0	
0.7199294773746843	26.913625989388105	0.0	0.0	
30.274449029279342	27.07066716176916	0.0	0.0	
2.268263914506594	9.71104021158537	0.0	0.0	
0.6009382142873392	6.8975456122424035	0.0	0.0	
16.90477660923433	5.961942558998427	0.0	0.0	
30.953027545111045	14.459996965200368	0.0	0.0	
23.605649120551504	6.511861496958733	0.0	0.0	
31.952877489226644	3.1603359808625697	0.0	0.0	
26.09884629555047	22.149022968432714	0.0	0.0	
30.1163348644981	7.4346912092920086	0.0	0.0	
18.508267387473257	7.621074341286068	0.0	0.0	
30.88763066047906	8.903251745912911	0.0	0.0	
9.903148535934559	18.660924219817797	0.0	0.0	
11.683140863423315	12.025714318055215	0.0	0.0	
17.739354594976383	21.655504446599295	0.0	0.0	
1.8181344003433608	9.802244981492603	0.0	0.0	
9.398143230356851	31.566068143669263	0.0	0.0	
17.266636861048976	0.7492920387420448	0.0	0.0	
3.0614387015057147	28.335827987768774	0.0	0.0	
27.84305859064544	4.002169674070277	0.0	0.0	
8.15341086555474	10.946557614032738	0.0	0.0	
16.050637561876705	10.216471757841713	0.0	0.0	
15.788794536158846	18.85892798969686	0.0	0.0	
27.76969122887585	10.461098698464781	0.0	0.0	
9.993202945507765	5.4260747942989624	0.0	0.0	
29.860464379199193	25.141377696094935	0.0	0.0	
12.55096223370061	12.410650777516139	0.0	0.0	
10.342662381060968	30.559303715068786	0.0	0.0	
3.7737875173640205	10.547537824608508	0.0	0.0	
9.555222282116649	7.388240946813138	0.0	0.0	
4.8984068949559685	19.76064034106523	0.0	0.0	
30.631426974062286	16.422100375848437	0.0	0.0	
19.694525410642672	26.39545049594148	0.0	0.0	
8.496469671687738	3.5832258246919757	0.0	0.0	
4.452043881471493	25.296323965815844	0.0	0.0	
23.42639210250803	15.30677317717051	0.0	0.0	
17.534820620302035	30.35898663378064	0.0	0.0	
13.065894353123106	26.580635219747702	0.0	0.0	
19.993205724934622	27.965500026600143	0.0	0.0	
22.23663175775226	14.424388549320994	0.0	0.0	
8.892729089047144	22.50297069956441	0.0	0.0	
14.582615871452031	13.08368306967304	0.0	0.0	
11.655897215242966	11.626426708856009	0.0	0.0	
14.137657927785622	23.87032873225107	0.0	0.0	
2.7424961299352653	12.417444394873002	0.0	0.0	
30.902661720416376	11.620429107173571	0.0	0.0	
5.891269564484531	3.5307489897132704	0.0	0.0	
27.71681931903622	15.800675858666676	0.0	0.0	
5.333404989156335	26.698844754663714	0.0	0.0	
9.224752337774483	11.441359887342262	0.0	0.0	
22.096304512962345	18.756588168976094	0.0	0.0	
15.19012878913776	8.35773492288926	0.0	0.0	
13.73398365863314	7.476129436199667	0.0	0.0	
23.89033090647837	15.189858694541758	0.0	0.0	
3.8742093933851898	29.79314296125293	0.0	0.0	
23.974781514461764	18.17418841017114	0.0	0.0	
22.970041433371286	11.248707436334758	0.0	0.0	
21.985933442677727	27.054922833092633	0.0	0.0	
20.49515112010683	9.287734410985522	0.0	0.0	
20.724589109050132	0.33037710661075437	0.0	0.0	
8.9772711362079	22.352680161910488	0.0	0.0	
30.944050293963898	22.045185103040833	0.0	0.0	
27.597545762693372	7.004060673752928	0.0	0.0	
28.77756342882622	20.988130658438422	0.0	0.0	
5.595853650221702	19.3709498311302	0.0	0.0	
12.950100974792523	13.799839034346206	0.0	0.0	
12.362426502528091	15.362273242079926	0.0	0.0	
15.994351889729938	31.244368763285685	0.0	0.0	
15.549448092905244	20.17924924064713	0.0	0.0	
29.932042410209412	28.65720440402332	0.0	0.0	
18.709271171352487	11.794646208537937	0.0	0.0	
2.444034826013283	22.876590947789964	0.0	0.0	
22.896237900872155	12.657841302625837	0.0	0.0	
25.97681212417443	5.120304676942304	0.0	0.0	
12.303642253089109	29.164128658002838	0.0	0.0	
16.28345516583603	4.7406943974260365	0.0	0.0	
7.089308611831871	27.57981424493181	0.0	0.0	
23.23296921419858	15.405047133384588	0.0	0.0	
14.18997744103287	1.9542756495187454	0.0	0.0	
11.324361873090023	15.485301739186788	0.0	0.0	
15.732111913036071	9.88493897562811	0.0	0.0	
3.6424527444600905	9.124575224889664	0.0	0.0	
31.206732878159826	30.742125714731777	0.0	0.0	
0.7789607159181671	28.447936306202585	0.0	0.0	
20.559750226050912	9.552066648259906	0.0	0.0	
15.582737892902749	13.978315636735438	0.0	0.0	
30.90558594474263	23.22310330042635	0.0	0.0	
27.581678810769525	24.833292538214717	0.0	0.0	
12.745918587520105	22.25507425580819	0.0	0.0	
20.407879339071233	25.83178036834848	0.0	0.0	
0.8799241577964096	9.558338708302738	0.0	0.0	
26.327259998834965	0.3151344881787601	0.0	0.0	
2.7632712995563153	31.905760637431907	0.0	0.0	
26.447991182227163	26.57686007023657	0.0	0.0	
3.2262413668958914	18.050660176329934	0.0	0.0	
27.894195897111455	10.92093051586529	0.0	0.0	
5.626346876093589	6.9332437324659075	0.0	0.0	
26.532089483615305	15.941949272215684	0.0	0.0	
10.05859498135764	21.26226253431148	0.0	0.0	
9.775276418388103	25.8140865470565	0.0	0.0	
15.197242712350523	0.6936418791327732	0.0	0.0	
5.701756780879222	4.652727954583259	0.0	0.0	
24.762810558466217	18.798525427016845	0.0	0.0	
15.75520013760503	7.082458655681048	0.0	0.0	
22.10622855013206	19.039651920845735	0.0	0.0	
16.819124384419286	31.862127655045658	0.0	0.0	
19.571112426764774	15.783639326012214	0.0	0.0	
19.38249621749586	16.381273130453422	0.0	0.0	
26.67819762306303	2.968239563347794	0.0	0.0	
29.068532024221284	15.722740109503608	0.0	0.0	
12.002127220830012	7.915067350450471	0.0	0.0	
18.21126006417695	0.9439824668299472	0.0	0.0	
14.793847924638694	15.037635783093894	0.0	0.0	
15.771350505521703	4.031334956245587	0.0	0.0	
19.680760846379375	7.616060406807296	0.0	0.0	
24.815442477421346	24.37596907036802	0.0	0.0	
24.629791599848023	16.103646271783187	0.0	0.0	
16.202401373867282	1.5061926640936107	0.0	0.0	
4.971796410230176	13.302315371405726	0.0	0.0	
23.36578701186695	17.87074489656411	0.0	0.0	
1.6838551282761678	28.649144296743092	0.0	0.0	
28.800525243002753	23.756039096384782	0.0	0.0	
3.6066134962803567	3.111750520660486	0.0	0.0	
31.67843768586758	11.022754562826787	0.0	0.0	
5.47583022109578	17.7651993217723	0.0	0.0	
20.13239920682378	30.272637262651273	0.0	0.0	
17.943372269179534	13.41699630564608	0.0	0.0	
27.619741865741403	9.25222476006542	0.0	0.0	
29.739838067710476	17.386848159843375	0.0	0.0	
15.472918798692191	10.451990188511846	0.0	0.0	
8.549075849665083	3.852722839804901	0.0	0.0	
27.428372625240378	10.186451274553246	0.0	0.0	
23.536557725021765	9.109487030778276	0.0	0.0	
17.098879310469677	20.33356743962635	0.0	0.0	
7.366818251532816	30.31717963961589	0.0	0.0	
31.07665982059844	18.659434474013693	0.0	0.0	
10.307992918648132	16.006822076983127	0.0	0.0	
23.164823341808432	29.552704681136028	0.0	0.0	
28.731882256294828	24.069481045937124	0.0	0.0	
1.4173229371712033	0.475990638533915	0.0	0.0	
15.932125061068508	22.619886104816477	0.0	0.0	
26.959292112489447	28.24953771134133	0.0	0.0	
25.97216199950662	16.025381934002883	0.0	0.0	
0.9547601917720918	26.225872463523434	0.0	0.0	
30.7080769335185	15.483722825913588	0.0	0.0	
26.590515648548816	15.43639811384686	0.0	0.0	
16.522515161945368	3.8309837789085854	0.0	0.0	
13.597268307781189	18.61028759613015	0.0	0.0	
14.724015698281946	26.09092505518774	0.0	0.0	
13.921737221854755	25.6992833623078	0.0	0.0	
28.25223443972001	0.023837591450117657	0.0	0.0	
16.622221417596062	18.69803816014421	0.0	0.0	
13.393213528200864	3.4413950119619336	0.0	0.0	
3.3383997988333256	14.207956730109935	0.0	0.0	
8.796613750508289	23.268121351753496	0.0	0.0	
16.202978653052067	6.469268704584245	0.0	0.0	
5.041112160789449	7.409074346532034	0.0	0.0	
18.782006341802845	8.109889776519381	0.0	0.0	
8.725931857021607	4.615074175591431	0.0	0.0	
13.201492776468982	28.45146665717756	0.0	0.0	
23.67631448522132	1.1469766412855016	0.0	0.0	
17.348271345112273	1.4366545314519854	0.0	0.0	
24.204824674271133	5.341523418142849	0.0	0.0	
19.340357605572287	27.074632276893347	0.0	0.0	
22.198086607636284	8.041433811544607	0.0	0.0	
30.057631935445016	24.80756357603787	0.0	0.0	
1.0545865417480798	31.288299626056055	0.0	0.0	
1.7134221687758604	3.0178906249509616	0.0	0.0	
8.581144116535373	28.531803598740616	0.0	0.0	
18.514924456708073	28.05216076051827	0.0	0.0	
4.279422659244251	28.555285771764286	0.0	0.0	
30.482655592552973	4.482461948449121	0.0	0.0	
17.632087149184077	30.85664499980655	0.0	0.0	
1.7655461168629287	22.566584998658097	0.0	0.0	
22.642935483904658	8.815207717687876	0.0	0.0	
18.57716740949495	30.458535204108774	0.0	0.0	
30.667839520867354	26.52362107145251	0.0	0.0	
9.578436045541384	26.41756625624759	0.0	0.0	
15.32149336668936	29.117128638887188	0.0	0.0	
0.36133269608372487	16.759859318048534	0.0	0.0	
2.5892135497506636	24.20944639789599	0.0	0.0	
27.680493599146175	15.476488667168045	0.0	0.0	
29.963601439646624	2.849562620167003	0.0	0.0	
10.481544724191917	15.109368768100047	0.0	0.0	
24.31695161855587	30.96331830147781	0.0	0.0	
10.166721212408738	8.200241280871229	0.0	0.0	
8.038470831902604	15.9526196446207	0.0	0.0	
14.395829196589087	17.875319248266674	0.0	0.0	
1.536831214883918	28.13952806773862	0.0	0.0	
31.028936555959746	3.6100855919650456	0.0	0.0	
29.76317637538552	11.192120320103445	0.0	0.0	
24.979874977878577	5.489165523048818	0.0	0.0	
14.794187037514174	20.129232359788144	0.0	0.0	
21.084835039079973	31.44528945530859	0.0	0.0	
8.48215118571957	13.794431219903206	0.0	0.0	
0.9109435665463792	29.539761518039096	0.0	0.0	
18.165219608195816	0.7169561361156696	0.0	0.0	
26.73956487223756	31.49260887354398	0.0	0.0	
14.415100925471592	18.344025035333885	0.0	0.0	
6.449575855637821	13.703522680115974	0.0	0.0	
14.50721366976262	24.282487534743197	0.0	0.0	
11.52015636090815	17.508293948295513	0.0	0.0	
18.84886803505368	25.16881139297369	0.0	0.0	
9.229335251709625	5.544010944513609	0.0	0.0	
10.039770766017554	29.388232943475362	0.0	0.0	
8.388470396426367	19.115789464611733	0.0	0.0	
2.7364182753596076	27.948865522655186	0.0	0.0	
5.51581641055758	4.3332418445009075	0.0	0.0	
14.58004799174612	15.685398900583788	0.0	0.0	
9.087023302241992	31.579355717807783	0.0	0.0	
11.629780989282864	7.424789223446119	0.0	0.0	
31.825841473984777	1.8847409910161481	0.0	0.0	
25.646770452772675	11.177976438343816	0.0	0.0	
14.955889279410982	26.255667146516636	0.0	0.0	
6.465752606090433	9.481091163660988	0.0	0.0	
27.084834297217057	7.860214186119389	0.0	0.0	
8.396333666235211	26.172695356759604	0.0	0.0	
27.419714860595125	17.797686328883128	0.0	0.0	
22.725608498391146	18.20353986050647	0.0	0.0	
9.097145192145828	30.02955312325767	0.0	0.0	
9.169514412867173	4.316653912784897	0.0	0.0	
7.404421728374725	22.47899030317935	0.0	0.0	
4.605544962835168	5.393706834054246	0.0	0.0	
23.798214735499066	0.9946087133844124	0.0	0.0	
7.171804573674862	29.07276967973269	0.0	0.0	
25.290854163556872	25.182560159964442	0.0	0.0	
13.448724477266243	24.171577855536327	0.0	0.0	
5.871980042764953	30.803751620549342	0.0	0.0	
19.614750611536873	0.9676292960666508	0.0	0.0	
5.219479712855286	27.527846353158697	0.0	0.0	
14.121330728320256	2.249771657942084	0.0	0.0	
30.55781300459743	28.377933151936258	0.0	0.0	
14.19208744334334	21.56949278552193	0.0	0.0	
20.275909571802877	11.101120256658309	0.0	0.0	
14.640767592125904	29.18168543740852	0.0	0.0	
23.750746970689132	12.079659634756037	0.0	0.0	
13.210074945435387	14.913747797090696	0.0	0.0	
18.34969959855443	29.40669376776107	0.0	0.0	
4.096589526104182	27.83994592044131	0.0	0.0	
18.73108418668949	19.257183635511144	0.0	0.0	
22.585648862876294	7.25069112503429	0.0	0.0	
27.24816190089732	4.122520104948688	0.0	0.0	
0.3195450609554129	13.966285395236948	0.0	0.0	
10.718793225513537	19.809170353441548	0.0	0.0	
31.025037139786857	17.93139588072931	0.0	0.0	
31.811303897455733	30.871099994948562	0.0	0.0	
29.8700201169145	17.50905844605668	0.0	0.0	
16.042797457835157	17.26932514552561	0.0	0.0	
7.070896464060713	6.183561419358895	0.0	0.0	
28.25603261999453	12.480533156008104	0.0	0.0	
15.432041862456138	7.638361379963744	0.0	0.0	
15.09797502461311	9.446294648964273	0.0	0.0	
18.029230894573793	5.875314425086849	0.0	0.0	
16.78755025002273	8.725050991533276	0.0	0.0	
0.14723704133563942	4.084682931074639	0.0	0.0	
5.100658240589535	0.837267484595067	0.0	0.0	
20.85034382135643	0.8303517885324538	0.0	0.0	
15.714059173482987	0.14468724268678557	0.0	0.0	
5.678238000521947	10.847800231377725	0.0	0.0	
5.704802463190898	20.677249725950468	0.0	0.0	
25.781373721449405	21.62931538659428	0.0	0.0	
6.259541352450437	12.371491496866906	0.0	0.0	
3.204238781414791	6.441651789055406	0.0	0.0	
19.5372956336427	21.83967102327987	0.0	0.0	
18.097992485292192	22.55411053902148	0.0	0.0	
9.349795032646607	27.253137827735745	0.0	0.0	
14.168757693721478	3.304135853100558	0.0	0.0	
13.79472994544177	12.57876436024831	0.0	0.0	
9.560955966237433	3.587691832891899	0.0	0.0	
21.400580108356426	10.583134575874631	0.0	0.0	
20.383030432594698	10.792574344649044	0.0	0.0	
22.024165187349578	18.8783286098146	0.0	0.0	
2.9108396212554695	16.98454997938508	0.0	0.0	
14.173774816538675	24.30635244678929	0.0	0.0	
7.690818732116007	10.47701778517068	0.0	0.0	
16.639659354832336	27.355069858558547	0.0	0.0	
13.560021541098568	16.434929775006836	0.0	0.0	
6.297598164939803	26.74570958134788	0.0	0.0	
4.154435357605848	5.901981140134556	0.0	0.0	
15.302448570894267	28.449923365886804	0.0	0.0	
7.831493573222875	26.208528685157702	0.0	0.0	
14.596205311096295	11.436504390433438	0.0	0.0	
14.262316718680076	1.5076061083798962	0.0	0.0	
30.45783805315694	3.4623827699332352	0.0	0.0	
9.462888786315638	2.8681995595755154	0.0	0.0	
7.984171301955161	6.150977857072657	0.0	0.0	
5.6115287786802845	7.351154112554571	0.0	0.0	
12.86890833682029	11.951567506511228	0.0	0.0	
21.561517250117205	19.23842591824539	0.0	0.0	
1.0505414624990372	26.959701479864925	0.0	0.0	
29.380746860627067	26.163549456972397	0.0	0.0	
26.489970894815837	14.731169248800132	0.0	0.0	
20.1904281097664	5.612289123338808	0.0	0.0	
10.750104150757494	23.117188021374993	0.0	0.0	
3.6652580653531004	12.186107740196093	0.0	0.0	
26.383272651435057	18.415736110903076	0.0	0.0	
9.936865119212356	29.04853753810667	0.0	0.0	
31.658959608567564	25.764811836813173	0.0	0.0	
27.457826935949488	22.50750028919359	0.0	0.0	
6.801086826640454	18.120387619137258	0.0	0.0	
17.327704581676795	31.409979779245244	0.0	0.0	
13.784754218629715	24.726739610490355	0.0	0.0	
5.69452332732326	19.242396280344124	0.0	0.0	
5.490201558800894	19.456182419963667	0.0	0.0	
4.262638157569281	27.384275214622672	0.0	0.0	
6.2076244336208894	12.242624728807833	0.0	0.0	
30.448064758315795	21.216912494822314	0.0	0.0	
30.371685935396503	22.528693287330178	0.0	0.0	
1.2559350187321172	10.819244541873864	0.0	0.0	
8.672270091913273	12.393925963709453	0.0	0.0	
28.579107376155978	9.772936905508413	0.0	0.0	
15.361996424691903	0.7472715876437235	0.0	0.0	
23.027357779637107	8.523419636109743	0.0	0.0	
24.561696996434378	12.051885781965659	0.0	0.0	
6.195040205176447	18.351724294721585	0.0	0.0	
7.142746773468236	16.037495263569312	0.0	0.0	
24.671006224577642	8.808750367531488	0.0	0.0	
8.717883560322147	15.057248850861239	0.0	0.0	
23.53797165880132	6.299612676261084	0.0	0.0	
10.323421984915491	23.757991784617065	0.0	0.0	
19.721695272384263	20.521607573719315	0.0	0.0	
8.742983840581235	13.619528370495434	0.0	0.0	
25.440764954864633	28.57294477232598	0.0	0.0	
31.547424889598034	16.804696144026988	0.0	0.0	
31.346898403969828	11.289782761330311	0.0	0.0	
12.493074824751318	9.923315224149743	0.0	0.0	
22.09413299610199	18.390742405512974	0.0	0.0	
