2
32.0	0.0	0.0	0.0	
0.0	32.0	0.0	0.0	
8.412680204679543	3.842249828616456	0.0	0.0	
4.931750582907302	5.074079663646266	0.0	0.0	
22.086689136879595	6.211216599194451	0.0	0.0	
29.74119159894799	21.832310738040615	0.0	0.0	
20.45295800743332	3.6597819545736137	0.0	0.0	
26.878016954234425	11.352590031003832	0.0	0.0	
12.488270245834801	31.624439564652743	0.0	0.0	
2.3641249231774033	3.7253964771821124	0.0	0.0	
17.923072217583673	17.17347041006932	0.0	0.0	
14.496978738930913	29.267819382705273	0.0	0.0	
4.541229027007006	29.162754957994277	0.0	0.0	
29.277560609664828	15.377362775095047	0.0	0.0	
17.413034939608057	4.13735170719443	0.0	0.0	
26.378998329911006	12.744224933375047	0.0	0.0	
30.683116161968726	6.205819948281345	0.0	0.0	
4.605021659232747	4.455123135505708	0.0	0.0	
25.36922349325149	18.141244999574173	0.0	0.0	
22.388282903260258	14.022680757513715	0.0	0.0	
16.972926749070457	7.987268513951779	0.0	0.0	
20.07936517081847	25.304209432236256	0.0	0.0	
26.964666748485303	10.00447458634078	0.0	0.0	
17.51928061741109	17.27615528106793	0.0	0.0	
23.623290760238678	8.702070503833461	0.0	0.0	
19.461467335451292	1.9239652707354438	0.0	0.0	
23.89628340077739	16.296776415004967	0.0	0.0	
24.119064443044216	23.036743116646797	0.0	0.0	
19.46964016865432	3.5171574520102347	0.0	0.0	
8.273638765189627	3.3616838042013626	0.0	0.0	
30.86711716696538	6.996703774618581	0.0	0.0	
20.65991028049596	22.17903488793054	0.0	0.0	
24.271761702369858	21.920788558177538	0.0	0.0	
9.559466407029337	22.763844530452683	0.0	0.0	
31.170760772072835	15.653783078896542	0.0	0.0	
17.406878885637074	23.822713660947848	0.0	0.0	
21.629299446850997	12.831574766031906	0.0	0.0	
15.957973492711162	16.55587143542517	0.0	0.0	
27.886323900390632	26.046834572935726	0.0	0.0	
21.048792713853533	11.142109043982508	0.0	0.0	
14.315142331866415	3.0791990961350315	0.0	0.0	
25.819136587393114	31.032519776783086	0.0	0.0	
1.102774018650301	6.981646304556364	0.0	0.0	
0.8626646144241583	9.118093685686269	0.0	0.0	
22.164849982051116	30.000143027868624	0.0	0.0	
6.102590323710519	12.679027750469672	0.0	0.0	
25.214454713798567	6.579894698201752	0.0	0.0	
19.074481325443525	4.528209779521706	0.0	0.0	
10.213937810924811	4.4548161528368695	0.0	0.0	
4.820690510095744	13.390250091936128	0.0	0.0	
30.734508529769435	6.279469955606846	0.0	0.0	
22.403002171935043	7.666733063205825	0.0	0.0	
3.67823408051224	28.335392832749587	0.0	0.0	
7.582256912638076	22.434936839877803	0.0	0.0	
27.05957247038974	9.802499879178672	0.0	0.0	
11.602964995808247	10.277934034393141	0.0	0.0	
8.996067120260491	11.431846884185926	0.0	0.0	
14.524099306372207	26.896275236317315	0.0	0.0	
5.564796639768826	10.647993472078934	0.0	0.0	
11.339666615601942	1.656981962786574	0.0	0.0	
28.398131158797586	7.022417068082937	0.0	0.0	
3.9294706518047917	31.545569169733685	0.0	0.0	
31.047015557213342	17.126399594645605	0.0	0.0	
16.526794947551977	3.151620536608519	0.0	0.0	
19.28238725519394	28.025472467425427	0.0	0.0	
17.374590485151213	3.3659279219311777	0.0	0.0	
11.222046321363585	21.722984034393864	0.0	0.0	
9.187925029493464	3.963007456061227	0.0	0.0	
23.810690777648393	28.536514122345373	0.0	0.0	
6.8731107929008175	10.122419248586304	0.0	0.0	
14.852088557465276	18.263823832124086	0.0	0.0	
9.32867355910837	8.526163218502052	0.0	0.0	
28.70737077805752	7.5999698341815005	0.0	0.0	
31.71698703066102	22.151634906891992	0.0	0.0	
9.283862732769784	14.971843674299212	0.0	0.0	
4.364638118896313	23.20498758859618	0.0	0.0	
15.350816749593172	13.44307347051749	0.0	0.0	
2.9684271845816994	9.580862040087236	0.0	0.0	
28.176001630461617	21.4524512281425	0.0	0.0	
30.610396745421962	13.359441130039563	0.0	0.0	
5.46877388476258	24.097200710448714	0.0	0.0	
30.718784642791597	1.3620079122461277	0.0	0.0	
14.203669791495763	22.715236361614267	0.0	0.0	
27.099819126383807	19.49747750932841	0.0	0.0	
10.359347913443855	8.041025458120707	0.0	0.0	
31.760870355881433	17.21285975993937	0.0	0.0	
28.249651735544973	12.227026720088453	0.0	0.0	
10.879749801387437	5.267177170804281	0.0	0.0	
21.666563475630312	28.762271976093494	0.0	0.0	
16.53161558582216	5.059602322700844	0.0	0.0	
24.699577055529605	21.375721382084514	0.0	0.0	
15.968447592262343	20.98995910216489	0.0	0.0	
27.709220424483107	6.361807988707582	0.0	0.0	
30.4126030812028	16.961546434575304	0.0	0.0	
1.448258159048546	30.83394228803505	0.0	0.0	
27.87944695987619	17.08519910751805	0.0	0.0	
16.94624492671974	7.0549865460596735	0.0	0.0	
29.743561338342786	10.313341785675767	0.0	0.0	
13.09893723462607	27.638620554376228	0.0	0.0	
24.291012207334106	10.058256379862602	0.0	0.0	
13.883755592353822	15.154124306792891	0.0	0.0	
7.827835828981755	16.10156442620166	0.0	0.0	
29.919762885059008	19.299968397883475	0.0	0.0	
4.558363740314462	30.077455506097795	0.0	0.0	
7.290892668049853	21.150777956026772	0.0	0.0	
27.04500625896767	19.686985357694958	0.0	0.0	
1.9398666666153375	4.029044530354156	0.0	0.0	
8.154485231164738	31.51513836568405	0.0	0.0	
8.20152449033441	21.799342864591516	0.0	0.0	
20.05503512033362	12.52303089413406	0.0	0.0	
31.968380766851304	7.199947265582445	0.0	0.0	
27.48109989643511	13.724811917060723	0.0	0.0	
10.028431563822267	13.555215638473811	0.0	0.0	
12.84543384519474	27.5000071469745	0.0	0.0	
13.585960476032692	7.870261267584301	0.0	0.0	
26.190281737547476	0.12124702813517274	0.0	0.0	
10.274212200137853	5.6991388742760485	0.0	0.0	
2.367940349810638	16.115610863285124	0.0	0.0	
11.225330147456404	30.666933191032292	0.0	0.0	
10.882237196393437	2.735842850800129	0.0	0.0	
7.700943717323607	29.570787681303678	0.0	0.0	
16.96577435556637	22.667263453771984	0.0	0.0	
9.264453766979603	2.23382721701919	0.0	0.0	
21.974247327899885	10.279906339045358	0.0	0.0	
19.01136443222496	14.094065525599024	0.0	0.0	
5.711753315949338	7.878873606331492	0.0	0.0	
14.864301024794756	28.65690061793438	0.0	0.0	
11.418292192823056	23.639783665827714	0.0	0.0	
4.858694008494247	4.134496140091354	0.0	0.0	
22.63625798702638	10.673827459180025	0.0	0.0	
30.189651055379755	28.981625713161517	0.0	0.0	
27.38223630488517	26.425703512906054	0.0	0.0	
3.5513514341311705	11.056167406814957	0.0	0.0	
31.44140967209609	17.161295646587387	0.0	0.0	
15.357055922348902	3.7886674561597466	0.0	0.0	
23.99389977072087	27.72190554365246	0.0	0.0	
9.442806125270057	12.25455450127669	0.0	0.0	
12.072353922683096	1.2574409091601595	0.0	0.0	
20.275548653849203	26.45542648605238	0.0	0.0	
17.056163288822024	27.212265877340855	0.0	0.0	
29.483908877908615	17.748465993598614	0.0	0.0	
31.66083737563203	26.43666267401554	0.0	0.0	
18.546968182311836	14.194317286413824	0.0	0.0	
27.36683741842787	24.465889225815538	0.0	0.0	
8.289033343937533	25.550504931935375	0.0	0.0	
30.7721796383056	5.5030686674489715	0.0	0.0	
17.69875988255339	28.013333932127956	0.0	0.0	
21.122882410170675	5.971514964741484	0.0	0.0	
31.7573089855234	21.484571272002228	0.0	0.0	
12.713907313787796	0.882504407333002	0.0	0.0	
24.627715804501328	19.594666463516237	0.0	0.0	
7.484763129840779	26.657646488314835	0.0	0.0	
31.190387612185788	14.017698060201575	0.0	0.0	
20.703064148006668	3.0047311264990597	0.0	0.0	
7.942171952524717	19.780114746521452	0.0	0.0	
19.345133762428514	7.3061988374569005	0.0	0.0	
0.6272477837051191	31.62487680755902	0.0	0.0	
14.821824544004325	14.605366359993816	0.0	0.0	
31.68857954913858	17.11993803125509	0.0	0.0	
30.844126907472035	25.817338755639316	0.0	0.0	
15.626134850542265	22.241333031060456	0.0	0.0	
0.8811526108369598	9.558554504838732	0.0	0.0	
29.140240347891773	1.506821250142508	0.0	0.0	
26.094115342818984	19.305589770940724	0.0	0.0	
8.443217915250074	12.113652161474246	0.0	0.0	
31.332118143568877	3.4134080631282977	0.0	0.0	
19.32377837051017	1.5599534194199407	0.0	0.0	
17.674263708484467	19.440225219418128	0.0	0.0	
12.053988653460635	4.21316884354264	0.0	0.0	
11.306138100642308	11.60152254502109	0.0	0.0	
27.422176995027186	16.765734895015598	0.0	0.0	
14.43971323623585	27.891052465482826	0.0	0.0	
29.6480494844639	7.590748009460558	0.0	0.0	
28.723214164462405	10.414714603615046	0.0	0.0	
8.933843309176833	22.466943353409988	0.0	0.0	
2.7843985425160973	4.302404053981178	0.0	0.0	
8.825190282976113	20.28122815622122	0.0	0.0	
3.1050380056905382	11.23837129858731	0.0	0.0	
16.36328349926178	1.3570301948649828	0.0	0.0	
16.714870587617057	17.048169152180098	0.0	0.0	
8.9677954484077	27.667875226363694	0.0	0.0	
10.728255619741251	25.434841294420494	0.0	0.0	
4.59997637704468	26.525287353585572	0.0	0.0	
1.890986903917426	10.390396513349266	0.0	0.0	
5.417839214961745	14.452158149844308	0.0	0.0	
8.449519951732636	10.368873991229233	0.0	0.0	
7.616173462736459	9.120919090633297	0.0	0.0	
2.5687964220424924	7.886834848276099	0.0	0.0	
8.118187544497282	31.42480530380295	0.0	0.0	
6.125771228160993	14.807337546631235	0.0	0.0	
8.235104243138938	31.14395102148643	0.0	0.0	
25.296593016667888	4.089466893374528	0.0	0.0	
15.187307307553386	7.886643007643194	0.0	0.0	
6.60887257220018	3.429623526142091	0.0	0.0	
26.251859312138844	25.51060834544196	0.0	0.0	
31.959909688102176	29.445128343118608	0.0	0.0	
12.588240806846692	31.249938340006764	0.0	0.0	
20.420658620795543	19.921900015782402	0.0	0.0	
13.30261780899096	16.454875209078413	0.0	0.0	
6.175419798639194	3.9657798531355333	0.0	0.0	
2.302368585303885	14.858591757583483	0.0	0.0	
10.06344241668701	22.537807915068786	0.0	0.0	
12.76354984810531	17.108303064946607	0.0	0.0	
10.885471105713592	24.57682981843785	0.0	0.0	
19.827479142091253	30.911739536840997	0.0	0.0	
13.45251963153597	17.05115252997543	0.0	0.0	
20.870455809874084	1.0173726015687876	0.0	0.0	
9.068433020635787	29.46584869793372	0.0	0.0	
9.477729958335196	21.69238875466306	0.0	0.0	
9.18977279009978	21.635779133512294	0.0	0.0	
31.95630126528463	16.6095509832562	0.0	0.0	
7.404274520288599	26.353908762538396	0.0	0.0	
16.84834587337118	18.502389590847972	0.0	0.0	
22.772605933867812	31.686721097584112	0.0	0.0	
17.15663422785449	26.82999137796876	0.0	0.0	
27.81393976546694	9.551857807364698	0.0	0.0	
12.595654228720317	18.287316520927522	0.0	0.0	
16.975678195307502	18.31900345798619	0.0	0.0	
1.7952296496000457	22.997590380444876	0.0	0.0	
18.65654663631455	6.288336807404974	0.0	0.0	
31.78507702430862	21.438479048296006	0.0	0.0	
15.513446747339884	31.254219916341523	0.0	0.0	
11.290980742491612	18.906278436623552	0.0	0.0	
31.291395036154153	6.644725500577163	0.0	0.0	
7.631531302545014	0.5325721137795227	0.0	0.0	
16.786918413930806	11.157865350915312	0.0	0.0	
20.987898847133035	23.77430538078525	0.0	0.0	
20.259009449583473	21.230631547650436	0.0	0.0	
7.774148553958739	22.454023991787114	0.0	0.0	
29.257501284150457	16.574430725999626	0.0	0.0	
7.3126967944134975	19.89187742873153	0.0	0.0	
25.05465529759972	8.405990559146062	0.0	0.0	
14.647776225451032	10.36981631008161	0.0	0.0	
23.49276274186296	2.8461429058235233	0.0	0.0	
18.491716433565895	5.598548420682249	0.0	0.0	
7.6078669702835064	17.10086499323366	0.0	0.0	
6.750985579187741	24.508301445386437	0.0	0.0	
23.384336961667895	6.970268085757741	0.0	0.0	
15.403612406448659	8.056606006209993	0.0	0.0	
26.20631780526383	3.897868518641438	0.0	0.0	
30.630927329304466	24.06042471127334	0.0	0.0	
7.528206093245345	10.29463502964651	0.0	0.0	
22.304941906045627	31.919766886357742	0.0	0.0	
18.514480350693002	1.536386981792976	0.0	0.0	
5.547398865824103	16.616427475890827	0.0	0.0	
1.7083630845439188	26.77510118654733	0.0	0.0	
29.383308663972247	9.030418858720761	0.0	0.0	
8.613496393967495	28.238321869800345	0.0	0.0	
20.695272402503466	20.028391563166856	0.0	0.0	
7.055081287152845	17.98740837227844	0.0	0.0	
9.49912780039461	14.52523746662914	0.0	0.0	
27.454580783299466	3.4883421580515694	0.0	0.0	
23.03894549806218	0.5070385944141371	0.0	0.0	
5.229783571224388	20.489171459726137	0.0	0.0	
16.19348762194898	5.629117763949743	0.0	0.0	
19.68188245433816	23.087509474211757	0.0	0.0	
17.408228316521196	13.212593179755359	0.0	0.0	
4.737508847967884	18.02624979924652	0.0	0.0	
16.854804552356462	9.050642331381471	0.0	0.0	
0.9944139323323178	26.521060717314633	0.0	0.0	
20.731559248857447	9.692866829665846	0.0	0.0	
23.65908484125946	20.19573120001999	0.0	0.0	
16.624614230168582	7.774999191632926	0.0	0.0	
16.88519508260072	19.07114310154997	0.0	0.0	
7.756534895974134	29.943833112072326	0.0	0.0	
25.665780263684216	8.259703573947881	0.0	0.0	
24.346547871978032	13.941433225612805	0.0	0.0	
18.416306752068305	5.346391775842555	0.0	0.0	
8.689719190871656	24.724537533665995	0.0	0.0	
30.911867953068537	3.22070887658926	0.0	0.0	
18.580237533949976	20.886995278684246	0.0	0.0	
2.60270592184596	11.274077809034235	0.0	0.0	
1.7472862867160117	10.375363108323743	0.0	0.0	
24.222178510500314	2.5980019993734977	0.0	0.0	
5.518397777189605	13.521326178220626	0.0	0.0	
30.986436357688017	7.460080520860757	0.0	0.0	
31.891339521568195	2.257868186737518	0.0	0.0	
8.458814979400469	5.43175239575033	0.0	0.0	
25.2327175956603	3.0958504667983284	0.0	0.0	
25.337097925651122	16.836326279467972	0.0	0.0	
27.956970988898025	27.622874801146434	0.0	0.0	
25.874768881079415	30.07657240745252	0.0	0.0	
12.8205765043026	19.79192625952439	0.0	0.0	
21.381148567304884	25.44557369829733	0.0	0.0	
18.153078731829122	21.18809084779552	0.0	0.0	
12.475174001654235	21.90823317914625	0.0	0.0	
6.657387098243198	31.179116347783943	0.0	0.0	
15.937429659839609	29.511682837924877	0.0	0.0	
8.07154988541284	31.74446151192369	0.0	0.0	
22.23657739031549	1.8812235157337795	0.0	0.0	
8.154827555604264	0.6476952079312497	0.0	0.0	
14.102082587442066	24.186590949753423	0.0	0.0	
17.37125402833205	31.804503742653175	0.0	0.0	
21.736316320169372	25.543412092887273	0.0	0.0	
12.622038024686443	29.918007930694923	0.0	0.0	
21.997764688074334	10.130547361289416	0.0	0.0	
18.36224074271572	8.548528550401176	0.0	0.0	
16.37140807759734	25.851305041223156	0.0	0.0	
0.41260392073805363	1.6748501513898084	0.0	0.0	
17.846419576681203	11.260630315244711	0.0	0.0	
9.12246976225012	22.778259541504756	0.0	0.0	
3.1697862691842076	11.285683570869221	0.0	0.0	
19.12586435118671	12.069561384580592	0.0	0.0	
15.356985201285504	3.6014947588098707	0.0	0.0	
9.224038413081914	26.47033479790842	0.0	0.0	
2.2125276279152857	9.674094496701478	0.0	0.0	
1.0957968981688602	22.926796823983906	0.0	0.0	
12.514068489582531	9.46893405257892	0.0	0.0	
15.768163250621402	7.498839060432768	0.0	0.0	
31.626469897926047	13.504706644011318	0.0	0.0	
26.678061846456078	26.885900971600922	0.0	0.0	
2.0770298876271873	23.556921662103264	0.0	0.0	
7.447919874891873	12.297840811567408	0.0	0.0	
17.43677324612204	17.571237134160498	0.0	0.0	
3.938288629503319	21.706821212785147	0.0	0.0	
1.6269316889819905	10.347141056873724	0.0	0.0	
23.112644241940068	30.319576840303743	0.0	0.0	
11.871968964126381	16.93213759625966	0.0	0.0	
6.663868504537888	20.62530757166722	0.0	0.0	
23.971363116592325	19.99414913539117	0.0	0.0	
5.744699872898387	26.807318180653734	0.0	0.0	
4.768233891378298	19.77760475495386	0.0	0.0	
27.673621834700477	1.7646967499554869	0.0	0.0	
31.86696907100852	5.821962712475678	0.0	0.0	
14.479968201399533	18.274334221613113	0.0	0.0	
8.406643119512786	19.8998137528216	0.0	0.0	
31.220322095578453	9.32466865135127	0.0	0.0	
17.96018502451162	25.718263829776653	0.0	0.0	
22.40254740542495	7.399048128133916	0.0	0.0	
11.778141701245943	26.190457084000897	0.0	0.0	
16.37607308200218	7.864287149641132	0.0	0.0	
15.362152705245023	31.24396506804648	0.0	0.0	
8.375295047259598	8.999669934648722	0.0	0.0	
26.705773063598407	20.511548000537108	0.0	0.0	
16.38489740110754	28.286734659996554	0.0	0.0	
14.591551036482546	3.5652593611510746	0.0	0.0	
23.369370501763644	31.993181742387087	0.0	0.0	
24.112117522912328	5.605770183161084	0.0	0.0	
2.344151234072033	11.00993040433594	0.0	0.0	
12.98443219930493	21.23086905918045	0.0	0.0	
7.229581703803468	27.27277897230408	0.0	0.0	
22.038550818414446	11.129684778968421	0.0	0.0	
8.620558235128598	13.433672279309366	0.0	0.0	
9.685667325874569	23.038639726604334	0.0	0.0	
25.092243703795944	25.58264616749712	0.0	0.0	
20.299497469695734	10.889896489232228	0.0	0.0	
16.30357316673504	4.177158127696465	0.0	0.0	
2.0612068003510693	15.06398498009382	0.0	0.0	
6.147016112399243	3.302914938498372	0.0	0.0	
27.975366805718263	30.440284804459424	0.0	0.0	
8.386256885507137	12.433145838019282	0.0	0.0	
3.260546174673369	5.75040101580441	0.0	0.0	
24.88432797531223	21.97773308798829	0.0	0.0	
15.466510602958365	4.771375003913207	0.0	0.0	
0.15759996413098776	19.46745107312518	0.0	0.0	
23.268008942343695	17.60896293501356	0.0	0.0	
29.268275629784075	14.646141893345924	0.0	0.0	
16.863097177431996	25.723605170482884	0.0	0.0	
0.24521704295837665	1.4290872603678793	0.0	0.0	
28.891852770595538	19.742700673677728	0.0	0.0	
2.169126578440121	6.4922483329996155	0.0	0.0	
7.925413001535087	5.865286724769771	0.0	0.0	
21.83664589130658	21.459331086731893	0.0	0.0	
16.237912164713332	2.4568778088804812	0.0	0.0	
3.791303311814872	21.82786090710145	0.0	0.0	
31.483429704478585	30.085991655027883	0.0	0.0	
8.270075730866719	18.659483377310416	0.0	0.0	
29.546788780851617	24.93783672422609	0.0	0.0	
20.33611318390006	16.167433843674207	0.0	0.0	
12.207349295633666	6.193144714389586	0.0	0.0	
15.197697666650065	17.073574295945676	0.0	0.0	
29.629193121581448	19.731894526742245	0.0	0.0	
19.28034207432957	27.771635503694434	0.0	0.0	
16.74851667701782	14.63140662926411	0.0	0.0	
0.9300871117015177	0.0935139019636928	0.0	0.0	
15.113080036366348	4.856615652773158	0.0	0.0	
30.40555448459641	20.30635391917196	0.0	0.0	
26.473816285742775	3.7696758825178165	0.0	0.0	
15.325532279035869	30.940372015077436	0.0	0.0	
16.024761234580918	17.9242734069875	0.0	0.0	
15.212760282247409	16.2240234907475	0.0	0.0	
23.238966725419733	12.399342705246749	0.0	0.0	
6.756423167796957	3.8245694940258943	0.0	0.0	
7.4761682894617465	12.82288059659378	0.0	0.0	
8.845125557790976	26.03804721487816	0.0	0.0	
8.714788955819234	24.28127254904106	0.0	0.0	
2.962035177224653	0.9348344796360877	0.0	0.0	
29.536563014265646	25.624313699340675	0.0	0.0	
22.064353342309758	17.367309002375357	0.0	0.0	
1.3166596665883432	6.880291516880291	0.0	0.0	
27.35796312445183	2.0615040425543896	0.0	0.0	
17.74183069431631	16.105236779127267	0.0	0.0	
24.121801939580088	0.745018274605048	0.0	0.0	
30.247094498770892	9.419197263172563	0.0	0.0	
19.924846465187173	0.31332117369299795	0.0	0.0	
3.3357449893158417	18.936327394632496	0.0	0.0	
26.706561895474714	24.221077539180666	0.0	0.0	
1.6088977198799483	15.653769804385774	0.0	0.0	
18.723915669000498	11.914457001243079	0.0	0.0	
10.005727418154827	18.746555744844137	0.0	0.0	
28.506152587359978	14.069312846156745	0.0	0.0	
4.624636306745881	7.803205011722163	0.0	0.0	
31.30195239260354	13.487298588232768	0.0	0.0	
23.26514257591889	22.24449106387412	0.0	0.0	
25.990787206027456	11.868167724459063	0.0	0.0	
11.867071396586862	14.816117683118872	0.0	0.0	
27.524760087327365	21.70861131442188	0.0	0.0	
22.75120654401466	1.1465064586654492	0.0	0.0	
14.779689162549552	22.07561608047937	0.0	0.0	
11.680643258723844	24.32807654923871	0.0	0.0	
12.19048711873429	12.682474853748708	0.0	0.0	
23.441964686083942	6.777426806880932	0.0	0.0	
16.350624699168613	13.310587407877989	0.0	0.0	
21.384352185812592	12.793427908068988	0.0	0.0	
21.581366855910915	2.6975533406340944	0.0	0.0	
14.845193803414304	24.428076274407292	0.0	0.0	
26.997905599853425	4.834875798383841	0.0	0.0	
13.878527640059417	7.427805366399728	0.0	0.0	
19.411448099301445	22.075429708170024	0.0	0.0	
9.029306576848636	30.97790337540283	0.0	0.0	
25.460596800026952	18.395413309957448	0.0	0.0	
10.61115821716572	5.9333459174953695	0.0	0.0	
16.686951936992493	1.7730406203094233	0.0	0.0	
3.388858913722242	23.701642498771548	0.0	0.0	
19.811453708091438	3.2943537645673686	0.0	0.0	
16.987094171731933	16.46650526650302	0.0	0.0	
9.672447610629881	8.65911376123033	0.0	0.0	
13.218322594200313	25.298642713311892	0.0	0.0	
29.495713313613525	31.157224862042547	0.0	0.0	
1.4804016900990042	22.092846527357924	0.0	0.0	
1.9406654138256378	4.890984956944777	0.0	0.0	
9.235415187554196	14.290847368300945	0.0	0.0	
3.163278609688085	7.707065199673618	0.0	0.0	
28.38422581702003	27.16864622200401	0.0	0.0	
30.588520870646576	17.157911817271852	0.0	0.0	
8.250598343986791	28.919099998136737	0.0	0.0	
9.31257476102812	12.068018835489681	0.0	0.0	
7.990146128241925	28.454234229056237	0.0	0.0	
11.529756789571692	23.429868334438396	0.0	0.0	
25.30213810403523	9.9521223551112	0.0	0.0	
30.805815096843897	18.663272389995015	0.0	0.0	
2.772952891406092	15.635868422503716	0.0	0.0	
10.904460113890142	26.970916104539562	0.0	0.0	
24.641560172201725	26.57920255777051	0.0	0.0	
16.634482218158258	11.994082883874931	0.0	0.0	
7.668263229822088	9.34914652196386	0.0	0.0	
27.12628838763809	10.558669364893408	0.0	0.0	
23.40768777726583	8.734022777038923	0.0	0.0	
21.907823826956385	3.418904127133235	0.0	0.0	
11.162075769781882	1.4449557807959827	0.0	0.0	
22.691738299294414	17.773839605681978	0.0	0.0	
4.861166834624726	12.405151960689619	0.0	0.0	
3.530630893686638	14.558882249178225	0.0	0.0	
13.292063764617826	22.379531164442923	0.0	0.0	
19.669926291310023	14.98865894804393	0.0	0.0	
6.339366518002734	5.205258525079987	0.0	0.0	
26.693272693007312	12.577134753496033	0.0	0.0	
30.14072515588604	31.732768989910838	0.0	0.0	
11.277531701074597	4.104881193010058	0.0	0.0	
21.399832078696935	1.319676393616426	0.0	0.0	
22.793037782260296	23.258396820405782	0.0	0.0	
11.828175495864414	7.211245630510181	0.0	0.0	
15.4921793288813	15.853766286651414	0.0	0.0	
22.066686645292275	16.690218729213385	0.0	0.0	
13.182883069645413	28.7328118686745	0.0	0.0	
7.099309599037401	19.93342143672029	0.0	0.0	
2.5070761017781393	13.620399002545074	0.0	0.0	
2.6180462039839725	16.18841511978025	0.0	0.0	
22.183309813051537	20.643431867972975	0.0	0.0	
6.042945271752917	10.929103423397137	0.0	0.0	
27.587412140168002	13.049845401179585	0.0	0.0	
29.328643116723185	7.105219302766297	0.0	0.0	
12.705584415341672	26.92561837188628	0.0	0.0	
10.004275282881402	30.945268814749305	0.0	0.0	
13.83502580909678	16.523629616067517	0.0	0.0	
22.543730814345366	25.937060525663767	0.0	0.0	
19.322168360046	12.043848632354848	0.0	0.0	
13.212088647808464	25.2422993048657	0.0	0.0	
22.095732437022736	26.739089970560098	0.0	0.0	
13.036917250655314	24.745148238567936	0.0	0.0	
12.795058481966745	31.99725755401738	0.0	0.0	
28.297749462026488	20.171472933444655	0.0	0.0	
19.34531221918457	26.150982485887617	0.0	0.0	
29.371485563108997	27.47487624803677	0.0	0.0	
10.562102167707529	10.063672197434634	0.0	0.0	
18.444201444811316	7.836978369498308	0.0	0.0	
28.53337237749297	12.482432175146627	0.0	0.0	
13.816774369747847	24.855025027952983	0.0	0.0	
3.996181533120563	28.667444653691174	0.0	0.0	
23.160499512066895	6.327607158461429	0.0	0.0	
3.9220157604844488	9.968512132956203	0.0	0.0	
14.261101718067653	15.575769995098309	0.0	0.0	
27.087695678096882	8.273491373483722	0.0	0.0	
13.892943200729992	17.222256105199083	0.0	0.0	
30.070133545856812	18.715737406463195	0.0	0.0	
5.224577026963175	9.317773493683887	0.0	0.0	
18.367855217240315	20.401721208863453	0.0	0.0	
8.167758356966846	14.608273618564532	0.0	0.0	
25.152396397959713	11.755388176579398	0.0	0.0	
11.315541997904024	16.88502711694785	0.0	0.0	
20.410095984251118	2.5009162641537372	0.0	0.0	
21.17447085022604	16.798494392877963	0.0	0.0	
23.08549241596923	24.574913662200927	0.0	0.0	
18.86766850349407	13.094901932536704	0.0	0.0	
30.725648391503437	29.044762436925378	0.0	0.0	
5.116483986417531	12.168044241933988	0.0	0.0	
10.49485121138229	4.861234199783759	0.0	0.0	
5.190391959568675	29.09276464135731	0.0	0.0	
10.749186392218522	12.50460479291193	0.0	0.0	
13.990714591029175	10.780404595171554	0.0	0.0	
25.30907765101799	21.128002110530225	0.0	0.0	
18.819210825718613	1.35701780179037	0.0	0.0	
5.409674262513995	20.24078907305024	0.0	0.0	
23.355172183587385	17.65753324752174	0.0	0.0	
24.631224796540895	1.2241332327182413	0.0	0.0	
3.94418692837181	13.068585030557657	0.0	0.0	
3.561381490344292	24.340658345904153	0.0	0.0	
15.50095072492714	21.043636683006095	0.0	0.0	
6.830177293723889	30.50837232273122	0.0	0.0	
16.733688132594427	3.6864058350669353	0.0	0.0	
10.333405132226712	20.956114148475226	0.0	0.0	
12.236992982029996	3.842147146983219	0.0	0.0	
4.967490259757465	2.97780861239875	0.0	0.0	
30.075584915078796	23.042835965628715	0.0	0.0	
9.03347492185582	9.414481119922545	0.0	0.0	
18.625047294422988	29.023661085024454	0.0	0.0	
9.95051191686241	30.86672323551766	0.0	0.0	
5.741170229927118	25.0568228866633	0.0	0.0	
3.0160455465581144	5.7475181163205775	0.0	0.0	
3.2146400532784902	24.962452439218556	0.0	0.0	
19.26793800965627	27.972400346411394	0.0	0.0	
20.005476763685433	16.161915853468464	0.0	0.0	
14.772385412623148	6.807709711007266	0.0	0.0	
13.77426214492888	10.342328940095896	0.0	0.0	
6.049379134402404	14.728901692384394	0.0	0.0	
10.137184566166138	15.919124813834944	0.0	0.0	
1.7226841745591237	28.251178772597118	0.0	0.0	
18.695143142560305	1.4121731603029346	0.0	0.0	
5.754020352573622	7.549290461024743	0.0	0.0	
16.78876389499409	26.676314914936093	0.0	0.0	
1.9720395270126048	17.195150809195347	0.0	0.0	
3.0640769565353168	14.481217204758174	0.0	0.0	
31.397860078843685	14.145717509069701	0.0	0.0	
5.677518181517414	28.42453821782503	0.0	0.0	
12.538168086829494	22.27176050780158	0.0	0.0	
25.471163306960605	8.31027176667574	0.0	0.0	
26.926083493176193	27.66594955627312	0.0	0.0	
2.833007716694965	1.1025162909004784	0.0	0.0	
2.608812729658414	14.30584941034105	0.0	0.0	
21.22659553942372	11.808600957518578	0.0	0.0	
6.784009034971131	21.173122775068332	0.0	0.0	
26.613521253515245	17.531664465905845	0.0	0.0	
17.062110639412676	23.16571972111724	0.0	0.0	
20.616846118093378	20.286447831230625	0.0	0.0	
31.486361618163134	10.488030545351005	0.0	0.0	
31.715723509766548	1.6175616516505222	0.0	0.0	
23.17123153159687	30.76869380512524	0.0	0.0	
28.01658812636004	21.480901544576316	0.0	0.0	
6.705064352327554	18.89301881921766	0.0	0.0	
3.340964921661321	1.0104946255135125	0.0	0.0	
22.173740529816715	14.176999972165703	0.0	0.0	
20.465517921887145	3.1443040285415336	0.0	0.0	
8.341075614330375	6.324474103661402	0.0	0.0	
28.108145505936754	25.253815173307167	0.0	0.0	
0.12902772791631634	21.937834805737577	0.0	0.0	
20.89114161299456	3.523993952346096	0.0	0.0	
8.333910767139674	8.56529036921616	0.0	0.0	
6.639633116407648	21.993418021899828	0.0	0.0	
11.973164460397491	27.586138666130058	0.0	0.0	
12.577945767651627	19.997626778055075	0.0	0.0	
3.9437511684932964	21.010414274487434	0.0	0.0	
28.219200480404773	8.587881592388456	0.0	0.0	
4.6543662662854075	29.019263493228465	0.0	0.0	
24.766450939153824	4.620299119941777	0.0	0.0	
4.279910979721091	16.05914275810341	0.0	0.0	
1.1871647198230946	17.075204479906475	0.0	0.0	
23.71875456664163	12.049591099394345	0.0	0.0	
27.86788660050308	10.648147495552678	0.0	0.0	
26.487973129361414	20.389360681648046	0.0	0.0	
26.732757360785797	12.221372561706954	0.0	0.0	
16.695227231078025	12.80212029840046	0.0	0.0	
30.11245236122402	22.28949391696399	0.0	0.0	
26.74512154693621	2.685169265079942	0.0	0.0	
25.185747982416874	20.147762653682367	0.0	0.0	
20.514687030288062	12.073341394993776	0.0	0.0	
26.660252931269614	6.4208800289620775	0.0	0.0	
31.23856823150352	15.441342823913612	0.0	0.0	
13.673102780747694	7.451251496486606	0.0	0.0	
16.742761858439273	11.172901370127157	0.0	0.0	
1.4228013859691515	1.6079531062507115	0.0	0.0	
26.666695645649455	20.054150826952995	0.0	0.0	
5.827501159427243	28.20738898585236	0.0	0.0	
16.59936738950378	0.6491325772472081	0.0	0.0	
15.025915359482156	11.9789913014027	0.0	0.0	
14.082618622095147	17.145822757844318	0.0	0.0	
9.84385664688908	27.626115115924655	0.0	0.0	
29.651586842894886	11.098085888720199	0.0	0.0	
8.364700541860994	4.691109201445162	0.0	0.0	
7.845839699168554	12.167105596382612	0.0	0.0	
1.2213395471508584	8.551641110923256	0.0	0.0	
31.700960764172578	0.7505653003430517	0.0	0.0	
27.98543405037459	29.199741425825103	0.0	0.0	
24.921243403319558	2.9730726692226312	0.0	0.0	
12.977261963251937	2.1804722658905042	0.0	0.0	
13.517079082718713	28.757315682742572	0.0	0.0	
0.20325615786044793	14.058885607838814	0.0	0.0	
3.715357975652239	20.359627210708098	0.0	0.0	
27.20808425940664	29.808514747346447	0.0	0.0	
10.245840831061766	11.145397724184853	0.0	0.0	
2.8888500175215768	8.479462580857781	0.0	0.0	
27.848845220802115	8.649191132641512	0.0	0.0	
2.2600244793849136	8.661410794478368	0.0	0.0	
27.607714152333408	17.31346264876784	0.0	0.0	
1.923704079384791	23.995397671977408	0.0	0.0	
11.172444456013917	25.495980613283727	0.0	0.0	
27.67148030237762	13.334736370685143	0.0	0.0	
13.689345432852196	3.675455775866041	0.0	0.0	
1.3657201262090553	28.220575568877244	0.0	0.0	
17.938702265975724	9.914420293456924	0.0	0.0	
15.517416471118537	7.030222032053633	0.0	0.0	
19.970351971958767	25.873297282114482	0.0	0.0	
2.0288808951612545	26.60573480908751	0.0	0.0	
20.703144766202133	22.20189858993671	0.0	0.0	
19.023708423413442	5.312782114539697	0.0	0.0	
20.10979684596019	29.320816752695702	0.0	0.0	
2.4907753571997304	15.437941671632903	0.0	0.0	
16.758844893198898	25.85794472169021	0.0	0.0	
20.556902198072358	31.210454839596366	0.0	0.0	
22.255111081924436	5.019590511724527	0.0	0.0	
25.062500809298662	4.399436818490717	0.0	0.0	
20.537654933860757	5.101664951306077	0.0	0.0	
21.071328924291144	11.725920182601627	0.0	0.0	
23.111429708612327	6.251404139101588	0.0	0.0	
31.52687298342598	17.852585144344	0.0	0.0	
1.8374993796430736	0.6702396038345775	0.0	0.0	
18.669682324838007	8.159337248822197	0.0	0.0	
13.647673512142973	29.83542027463006	0.0	0.0	
26.47242980435704	18.739117117585383	0.0	0.0	
18.047052885912432	1.9211141090422217	0.0	0.0	
26.86273442976312	19.79897977251371	0.0	0.0	
25.721204275324627	5.850608136066747	0.0	0.0	
17.590379246113752	4.293630516638615	0.0	0.0	
29.070096819964693	3.0182659515890187	0.0	0.0	
30.64818809169314	15.989207153153782	0.0	0.0	
31.490828511642516	9.964995626207298	0.0	0.0	
9.923616739239876	21.076275829705107	0.0	0.0	
6.909749803609355	7.859824657317034	0.0	0.0	
21.627564102762648	23.984789241210834	0.0	0.0	
11.117701693701616	5.251003699927338	0.0	0.0	
13.266067422544996	25.209737956996204	0.0	0.0	
5.622080219762562	10.168848030674468	0.0	0.0	
25.729727313423957	30.281793868407153	0.0	0.0	
23.410609089531196	5.956416641369255	0.0	0.0	
21.18281357474039	29.45589889986775	0.0	0.0	
3.9215392124252837	3.8456536920991837	0.0	0.0	
30.677085466717937	29.390980968225072	0.0	0.0	
19.560683127581452	29.072449638151234	0.0	0.0	
11.045773241070389	22.360211879718406	0.0	0.0	
23.469192338514826	11.002567288646159	0.0	0.0	
15.27999982564652	25.210487314819744	0.0	0.0	
13.180867909123922	15.374079039463119	0.0	0.0	
4.305574428546521	1.0520419276832378	0.0	0.0	
23.634299230445972	19.44882103873945	0.0	0.0	
4.8996113129177274	13.309428940628667	0.0	0.0	
16.381958808640665	6.998699744868063	0.0	0.0	
28.05025385704858	26.882695571866275	0.0	0.0	
17.541974271106664	18.249384205391546	0.0	0.0	
21.70248920934357	5.811476504507681	0.0	0.0	
3.328847154370173	3.6531229612264404	0.0	0.0	
4.520099418667254	15.133480261272894	0.0	0.0	
26.739826601723408	13.616682790699624	0.0	0.0	
5.1554075686442005	13.464050853831964	0.0	0.0	
17.424533254633847	30.451266200170643	0.0	0.0	
9.237545427448307	23.360508996894268	0.0	0.0	
1.3450245381722254	16.695989427385257	0.0	0.0	
22.888116812108247	29.422397641406068	0.0	0.0	
13.371762401890766	21.633408120243804	0.0	0.0	
12.085425602290815	14.939310509674158	0.0	0.0	
17.063775087673793	15.42273258309637	0.0	0.0	
3.2029328453694	10.633673873450675	0.0	0.0	
31.211299948844417	24.203804811777818	0.0	0.0	
9.225967802843435	2.1459726691628624	0.0	0.0	
15.651109578949558	15.886274899732083	0.0	0.0	
28.047370450197715	25.284733876643838	0.0	0.0	
21.02478913433468	11.870696561635704	0.0	0.0	
7.854695451912363	16.02401030215501	0.0	0.0	
1.954789031778155	23.038614900841264	0.0	0.0	
28.11020813323162	22.52091842896836	0.0	0.0	
18.297870991049308	22.427930947984876	0.0	0.0	
10.61349196765618	27.825438591126385	0.0	0.0	
24.291262015536105	2.4765468963907935	0.0	0.0	
7.654343125243841	22.821007553601028	0.0	0.0	
27.05315138068404	22.88024495196302	0.0	0.0	
22.103555078335773	26.976814087484996	0.0	0.0	
31.091297546331056	27.785539756237114	0.0	0.0	
15.343171556818614	20.2331170079998	0.0	0.0	
28.620213821149193	24.15690688598774	0.0	0.0	
6.3660804240055135	7.908395017166576	0.0	0.0	
7.081099556966986	24.602945469211296	0.0	0.0	
11.47303330773802	17.07529053378155	0.0	0.0	
18.774767423308308	1.4895673010394326	0.0	0.0	
19.911830413029744	23.209445307586183	0.0	0.0	
16.133357933737745	13.066233890109736	0.0	0.0	
12.907910897555972	13.866381858345335	0.0	0.0	
20.146530571074454	11.960446962943447	0.0	0.0	
19.384180211604324	17.295067298133755	0.0	0.0	
31.47471214520131	20.37695625559284	0.0	0.0	
17.009266419850213	11.639983089977665	0.0	0.0	
29.474773113227457	12.086521722093565	0.0	0.0	
7.117836026739475	18.037280713914452	0.0	0.0	
11.302616113152776	30.09740347456094	0.0	0.0	
12.661542478323199	24.549254743262416	0.0	0.0	
31.498022939472115	15.86968180536632	0.0	0.0	
7.158307308342064	20.888095639292928	0.0	0.0	
18.635723246858976	26.12618713321506	0.0	0.0	
14.806659461249186	1.594365323869198	0.0	0.0	
28.084944680747828	14.186534791037321	0.0	0.0	
6.413745857538238	29.595398284981684	0.0	0.0	
29.61022948971586	20.842629940427173	0.0	0.0	
21.835914721952243	25.626224917413566	0.0	0.0	
4.120364115212798	25.30351423526936	0.0	0.0	
12.393354446164437	12.334460577180423	0.0	0.0	
15.46691739355304	10.328615510661955	0.0	0.0	
21.602789280249304	9.93877592270475	0.0	0.0	
14.34952435632334	4.756974822219153	0.0	0.0	
29.110024999933543	27.9868084948089	0.0	0.0	
1.268529464799368	29.823435028682145	0.0	0.0	
30.675622677313765	0.9812140685797601	0.0	0.0	
5.25650728475533	26.151210490593577	0.0	0.0	
9.48248209425131	13.835030939606085	0.0	0.0	
2.625653290832606	26.727224235150718	0.0	0.0	
15.47565062366398	29.316159206171825	0.0	0.0	
18.786220002901928	28.836150909877052	0.0	0.0	
4.014352253614476	7.032971782960885	0.0	0.0	
30.893942904135752	28.794704282543773	0.0	0.0	
7.88834133877209	25.468689567308637	0.0	0.0	
28.21204740828378	22.126191528786435	0.0	0.0	
28.62008790798704	2.68918273354355	0.0	0.0	
4.989883502580952	11.238414583367689	0.0	0.0	
30.59322424385594	0.39399418653790974	0.0	0.0	
19.69114048065168	5.706479590090105	0.0	0.0	
23.561705854978854	19.870584341489533	0.0	0.0	
7.921819418480474	25.734623477420236	0.0	0.0	
14.034628278144186	12.193224018999832	0.0	0.0	
28.152628305476476	27.146087992702576	0.0	0.0	
26.093022921807563	8.319252139101188	0.0	0.0	
22.81531754857131	11.605931653166166	0.0	0.0	
13.489364601264729	18.00256714936761	0.0	0.0	
15.638771283936233	6.439877269730516	0.0	0.0	
23.00204610213463	6.400312725673675	0.0	0.0	
2.0478649666935382	12.14116013870353	0.0	0.0	
27.058725042186353	14.621426659544444	0.0	0.0	
18.00186853003579	22.908188316809966	0.0	0.0	
6.865066723703222	0.18281938353331384	0.0	0.0	
23.01791165882307	28.48675859390208	0.0	0.0	
11.36639091876237	22.196547549884244	0.0	0.0	
3.363166513995491	22.138449419685383	0.0	0.0	
6.357129453172373	30.94898496902358	0.0	0.0	
28.423460957187554	21.591197511868675	0.0	0.0	
7.593280211167837	0.9036655678853087	0.0	0.0	
2.042753888381654	7.678005314010125	0.0	0.0	
25.132714910825893	23.97416884614093	0.0	0.0	
21.75746487047927	8.881768740061489	0.0	0.0	
2.1482059320285956	19.077569495152268	0.0	0.0	
26.44399604755122	14.838525921032634	0.0	0.0	
1.8981366438055147	20.992249003501087	0.0	0.0	
24.332125246217554	19.084059489462277	0.0	0.0	
12.487344357362748	17.185069843928073	0.0	0.0	
20.875970262128334	4.700571236329861	0.0	0.0	
25.621759975575074	18.439495124014815	0.0	0.0	
9.73496693398923	0.859176962569137	0.0	0.0	
0.377382042695821	31.82750017796873	0.0	0.0	
23.090940296144964	24.563491007485485	0.0	0.0	
28.876585301170625	18.63805000105972	0.0	0.0	
8.324201912211542	31.811786503180816	0.0	0.0	
17.05034428559507	26.8395437179447	0.0	0.0	
31.11441613979015	28.990404157922107	0.0	0.0	
10.766358605727383	6.003369838447416	0.0	0.0	
1.3891458483189965	27.464501684839725	0.0	0.0	
30.62925781972433	19.782417158626572	0.0	0.0	
31.898463330384093	12.322747522680999	0.0	0.0	
20.37740125150077	19.923260506338224	0.0	0.0	
3.955450433303067	7.9262554658764195	0.0	0.0	
20.374579178348267	0.46316131449480125	0.0	0.0	
30.009239681073183	24.39783496807061	0.0	0.0	
7.814866575550152	15.105154008498381	0.0	0.0	
6.293634015751902	21.015372536823545	0.0	0.0	
4.888792949117125	14.997548311917352	0.0	0.0	
18.815950982520064	24.94009694302249	0.0	0.0	
26.213657747208934	5.319640515656879	0.0	0.0	
3.4785083888108126	1.6314812938050594	0.0	0.0	
1.1559908661171043	16.02259577936386	0.0	0.0	
15.044850467286398	10.665613210410442	0.0	0.0	
27.151696032436874	11.961811354690688	0.0	0.0	
21.634480596059277	15.79610906248844	0.0	0.0	
15.915831840872205	11.247287437687511	0.0	0.0	
29.57550365344593	3.7302737423824865	0.0	0.0	
1.6067334506682052	24.091118253037724	0.0	0.0	
3.3147984494304588	5.1296387062017885	0.0	0.0	
11.72466859970271	13.487045664678163	0.0	0.0	
23.40342984220237	13.831500576644114	0.0	0.0	
28.090913511655923	0.9558879837951828	0.0	0.0	
10.113982636105554	21.58016423023493	0.0	0.0	
21.210272412682578	17.333118229355467	0.0	0.0	
18.428881303295586	28.728287751241275	0.0	0.0	
6.998902727039802	23.372774006077766	0.0	0.0	
5.202875085888255	0.7506575115036789	0.0	0.0	
28.09203065441094	30.53206257787115	0.0	0.0	
9.887709721468045	17.153349260338274	0.0	0.0	
1.8866995946438259	2.35306000600103	0.0	0.0	
11.15012948365938	17.90310734488305	0.0	0.0	
24.181602269987618	3.8829234634419905	0.0	0.0	
11.37676796095781	9.762361197895459	0.0	0.0	
30.376340379270207	4.15625267453542	0.0	0.0	
28.809697816288583	2.883512018238882	0.0	0.0	
19.19831155778965	24.300674239544232	0.0	0.0	
22.831611192971312	10.148719779641766	0.0	0.0	
4.703795062166737	13.936741912095204	0.0	0.0	
2.538348311999428	18.74349974697272	0.0	0.0	
7.562678038668711	29.407317009815152	0.0	0.0	
17.766752193528543	16.077910970279767	0.0	0.0	
16.6280588897018	1.0840026787597878	0.0	0.0	
25.18680833036654	19.855736239522273	0.0	0.0	
7.980438076476222	31.874021063756693	0.0	0.0	
29.67231059046989	5.989310061967689	0.0	0.0	
11.054977061253705	30.254292459258032	0.0	0.0	
3.998574280931841	31.881915263365947	0.0	0.0	
18.975361589693325	16.056701584712226	0.0	0.0	
3.823792746435757	22.4866155686975	0.0	0.0	
25.731178539241228	16.947487506918662	0.0	0.0	
27.602901228840135	14.001093475527114	0.0	0.0	
11.314900509223193	30.043841963493424	0.0	0.0	
10.265685345702554	11.18032750086266	0.0	0.0	
18.978498526843723	31.46419941280345	0.0	0.0	
6.263220936560064	31.142372762233038	0.0	0.0	
5.146608285761122	17.479693767844648	0.0	0.0	
11.572825749666826	2.5169094026921393	0.0	0.0	
27.24999774323402	19.666764329583597	0.0	0.0	
1.6302545814422018	9.24818695588031	0.0	0.0	
31.289022436702332	8.805914169117909	0.0	0.0	
10.96419321840619	0.1011781024074736	0.0	0.0	
28.822984644333555	27.594620964442626	0.0	0.0	
23.41051868974124	1.140633296613455	0.0	0.0	
20.54525342760168	7.988469921099046	0.0	0.0	
3.061497884288233	21.42052695148383	0.0	0.0	
10.823983494896481	27.301005687373685	0.0	0.0	
3.979327729262838	23.709085984172408	0.0	0.0	
22.627283686279704	29.794561563173144	0.0	0.0	
22.895553440338567	12.066010675015093	0.0	0.0	
0.42582533487619756	6.002410959525584	0.0	0.0	
5.739989437681427	24.13887292093195	0.0	0.0	
11.947829344054874	28.881760520667484	0.0	0.0	
18.058157850311368	2.0138375054336883	0.0	0.0	
31.642329905545097	26.179459002746274	0.0	0.0	
17.60676725856352	5.172027203731929	0.0	0.0	
28.446158845577518	1.7668379620275303	0.0	0.0	
22.22163913191307	17.650470790702972	0.0	0.0	
9.434794873916438	1.4442503215075604	0.0	0.0	
5.801259945587407	18.22764010692008	0.0	0.0	
5.873740047990882	11.05580621419913	0.0	0.0	
21.09673383865809	25.415424047435746	0.0	0.0	
18.411288022542827	28.8992743534999	0.0	0.0	
27.350760351102817	23.56956725054317	0.0	0.0	
2.8887619653066565	24.674415952085496	0.0	0.0	
5.051764493845365	9.610587635973602	0.0	0.0	
12.784723684335159	4.42124868235042	0.0	0.0	
0.178961155667551	17.476139092134872	0.0	0.0	
31.131222177401987	12.500671852262489	0.0	0.0	
18.68417130989301	31.367369769160852	0.0	0.0	
2.6451964347865697	10.174134976176841	0.0	0.0	
5.145155041733666	14.776728150036526	0.0	0.0	
1.241183305695209	17.58488007228744	0.0	0.0	
9.283890335349955	20.54426889682584	0.0	0.0	
20.42000562653445	10.789540381455609	0.0	0.0	
23.11882660964718	20.047272168426584	0.0	0.0	
2.1246514493379607	2.295136528163649	0.0	0.0	
25.140680814463195	14.306768054496239	0.0	0.0	
14.05050079640305	0.6253806242850111	0.0	0.0	
28.154200835496262	7.070587281810148	0.0	0.0	
10.172595169332212	5.435428556172958	0.0	0.0	
7.1771248364143325	17.56274782461919	0.0	0.0	
18.578620201364167	2.3482341310968096	0.0	0.0	
9.122077705229255	0.9936927520368641	0.0	0.0	
4.048264511699905	6.350530615586923	0.0	0.0	
27.84274628638225	14.159093790675378	0.0	0.0	
26.415485700254532	16.323842683943678	0.0	0.0	
1.640101353410465	22.64180627252408	0.0	0.0	
26.90451942989051	15.761665519225676	0.0	0.0	
4.056796813459375	29.76909582832849	0.0	0.0	
17.30051380544137	11.127186125327523	0.0	0.0	
13.303337959697558	19.342093727659815	0.0	0.0	
0.49924679860296095	2.1926671963477666	0.0	0.0	
16.38644674299705	11.941459321361279	0.0	0.0	
3.963622254764765	20.157860268773813	0.0	0.0	
8.77781075055551	10.614911187811643	0.0	0.0	
7.1964698477612	12.523335368357724	0.0	0.0	
18.242067110707517	16.889852148183326	0.0	0.0	
0.8133037417142539	31.228657980263822	0.0	0.0	
7.567047541997436	26.221445245463375	0.0	0.0	
2.5136872213647123	21.14276267329242	0.0	0.0	
22.381340949551486	6.759318378885904	0.0	0.0	
5.17585534721654	5.822504816637764	0.0	0.0	
11.485284556414985	30.40867958698463	0.0	0.0	
25.27703766092615	10.476448196983949	0.0	0.0	
12.027488003499162	20.171647135710263	0.0	0.0	
26.73556826368244	10.48111932984228	0.0	0.0	
14.964854085776022	9.7003596829657	0.0	0.0	
2.5182494304415606	10.039565808890792	0.0	0.0	
21.296361446775162	2.12681338524175	0.0	0.0	
21.86235598916593	3.4102011962814274	0.0	0.0	
12.249317953055971	29.33727509487771	0.0	0.0	
17.751567667533788	16.943958046868342	0.0	0.0	
25.92565441039484	3.895162013085166	0.0	0.0	
23.150306505518518	7.841409652725812	0.0	0.0	
15.409062655469466	22.75731388256233	0.0	0.0	
14.991346473855469	22.11993501241609	0.0	0.0	
27.46134412985601	5.475720642386058	0.0	0.0	
16.89725760510791	2.047575913915267	0.0	0.0	
25.171359050892384	5.2730997680603835	0.0	0.0	
9.365456930634746	17.12297284260808	0.0	0.0	
8.549431211826082	18.697871204240794	0.0	0.0	
12.97568659995597	6.942261093726412	0.0	0.0	
25.38475621122711	5.7304769503919175	0.0	0.0	
5.671970866638851	27.93234751699118	0.0	0.0	
29.685301621127206	14.572456910817994	0.0	0.0	
25.16109881021282	26.762079604470294	0.0	0.0	
22.78665625096303	25.979818178663994	0.0	0.0	
2.497650157144573	22.615543894117124	0.0	0.0	
3.2233343003494177	14.252186683625752	0.0	0.0	
11.659101548175439	7.014554939278074	0.0	0.0	
11.659607405656782	1.8955730781012186	0.0	0.0	
4.8851389311197195	30.610790255553056	0.0	0.0	
27.988341998573556	15.19168496093491	0.0	0.0	
6.151223020828155	24.782379029021275	0.0	0.0	
2.0076659275847213	10.204110086270571	0.0	0.0	
9.702484484022072	15.656671421091922	0.0	0.0	
4.593694145567127	14.812806548879614	0.0	0.0	
6.197100935491914	16.33957026864527	0.0	0.0	
31.441720999839717	17.29762541052998	0.0	0.0	
30.59050795233976	0.48194217129421446	0.0	0.0	
24.035508673890863	6.704678414894939	0.0	0.0	
31.759280661155845	13.942476456473553	0.0	0.0	
15.830643108252193	8.964991157586784	0.0	0.0	
23.59585060896861	28.514587988222708	0.0	0.0	
20.1043440553023	19.51176477272966	0.0	0.0	
6.63828912357366	1.6812908848140822	0.0	0.0	
0.20690695088233824	27.532373663214855	0.0	0.0	
26.516910928634875	30.2815720812452	0.0	0.0	
17.700782915038083	6.762449721103838	0.0	0.0	
22.29858825037579	15.293698884319674	0.0	0.0	
13.870829086285465	6.361934030341214	0.0	0.0	
13.524845661326367	28.025208502121068	0.0	0.0	
7.319741445381876	14.451840640233165	0.0	0.0	
19.368250330400656	31.855411775687603	0.0	0.0	
6.163420051254082	3.914578067064827	0.0	0.0	
28.82030432333017	16.564774505959413	0.0	0.0	
17.113973334224628	7.62959232244906	0.0	0.0	
17.400299450119135	25.564860523609475	0.0	0.0	
9.207028630456989	6.335832277795991	0.0	0.0	
14.016342729345833	22.157730402151966	0.0	0.0	
19.840575398841803	9.7669370975234	0.0	0.0	
30.798460436271363	23.048511757140563	0.0	0.0	
3.5309084340275305	10.111872441012338	0.0	0.0	
28.835938031134297	28.814572808698287	0.0	0.0	
22.111108433082936	26.934597863739295	0.0	0.0	
14.618534629530362	28.322150277584537	0.0	0.0	
11.707354632524336	29.826202525160397	0.0	0.0	
0.696808950992839	7.81155922704437	0.0	0.0	
23.821860932355015	25.850222047472812	0.0	0.0	
18.55099231661694	24.92986403276715	0.0	0.0	
16.972972208597827	17.673742405152744	0.0	0.0	
2.6195651424005497	21.01173940013254	0.0	0.0	
5.08911232409276	8.124526353271563	0.0	0.0	
17.40361404202875	16.203184495450166	0.0	0.0	
24.87674042218028	22.570928766416753	0.0	0.0	
29.733799341094574	25.097691960596094	0.0	0.0	
21.570871588244405	4.490646249680612	0.0	0.0	
30.178481841658236	14.855926162617074	0.0	0.0	
29.19078694230192	10.758524560457762	0.0	0.0	
8.710333470518012	22.407547650779545	0.0	0.0	
11.599678886560678	19.743736287406144	0.0	0.0	
27.710382953053696	21.740230322051012	0.0	0.0	
25.553443760958704	4.918728964328814	0.0	0.0	
1.7978040385349594	10.934229783236532	0.0	0.0	
3.467139011227907	0.43368707381291216	0.0	0.0	
8.725432493945597	29.236521008560494	0.0	0.0	
21.34625247198542	10.281813485703402	0.0	0.0	
9.077115956732513	15.594916685818045	0.0	0.0	
12.483231567456926	30.690340446596128	0.0	0.0	
4.3810270767325115	11.109543071247053	0.0	0.0	
28.235145382006618	0.004561606556528375	0.0	0.0	
2.6420293460597186	19.589065556875696	0.0	0.0	
19.1243683022533	6.115283757299114	0.0	0.0	
16.377849958953853	23.008606233901254	0.0	0.0	
12.844344788106916	3.7348273913726224	0.0	0.0	
1.1681976120633522	3.0373318685172315	0.0	0.0	
21.331515211763186	27.972266329784734	0.0	0.0	
26.142261945712935	6.003087143324084	0.0	0.0	
8.370502549055526	10.15795502774695	0.0	0.0	
11.820406900802809	29.215587653869797	0.0	0.0	
14.79388066433274	22.213326474411225	0.0	0.0	
12.131464797422815	30.484030636808832	0.0	0.0	
21.709091581828787	10.910524880291678	0.0	0.0	
11.437457847018933	26.43652230376882	0.0	0.0	
0.7941957960867327	8.454175079112407	0.0	0.0	
6.646926571793323	16.562772978512232	0.0	0.0	
16.790661791209	4.931571597881046	0.0	0.0	
29.16313795111822	28.486225586620836	0.0	0.0	
14.912634223504082	2.260723826612608	0.0	0.0	
17.036371005235296	26.885772574085625	0.0	0.0	
16.383112754714784	2.76933325959871	0.0	0.0	
14.62972314544496	16.982347046407483	0.0	0.0	
17.029871029087918	19.490954288154626	0.0	0.0	
27.35318194267237	25.530866800250294	0.0	0.0	
29.961233799203836	14.98802362799507	0.0	0.0	
14.264628358352088	14.487355896612033	0.0	0.0	
26.08243280912564	19.07441250975956	0.0	0.0	
6.344003409423095	1.5724484496227689	0.0	0.0	
12.799141823985064	4.2388815256335555	0.0	0.0	
1.1749937392496506	11.35442246886068	0.0	0.0	
12.918257214626983	0.13969408902228153	0.0	0.0	
12.592202232681988	17.79460792382491	0.0	0.0	
23.28442774015043	14.908627108481628	0.0	0.0	
20.133950740884625	1.2152938070248354	0.0	0.0	
9.832440359788883	24.177467258338037	0.0	0.0	
24.936936277826433	26.868947152489586	0.0	0.0	
