2
32.0	0.0	0.0	0.0	
0.0	32.0	0.0	0.0	
10.244472988058657	14.70698927224809	0.0	0.0	
3.502885699912518	10.422995820423768	0.0	0.0	
8.823945019664649	28.387213596380796	0.0	0.0	
26.660785297745594	24.3458555993125	0.0	0.0	
1.8123567424207856	15.223060893922852	0.0	0.0	
8.08780949701142	21.426294880689976	0.0	0.0	
23.680536340083705	18.40117233259153	0.0	0.0	
18.67347010483446	16.607044475859173	0.0	0.0	
12.422675712740979	4.418905553493005	0.0	0.0	
4.147203937789492	30.626642732808456	0.0	0.0	
6.79753115242044	4.123348894424861	0.0	0.0	
12.497450270075834	12.860736187467477	0.0	0.0	
9.362358826273958	19.21393884935231	0.0	0.0	
2.9316835890909907	31.389449258167335	0.0	0.0	
30.2711660827499	31.462420114718917	0.0	0.0	
18.58336134248532	0.3798353861112602	0.0	0.0	
6.595759032888456	18.47577001227714	0.0	0.0	
24.135696266585587	8.87121660319557	0.0	0.0	
18.2436076487945	21.808512398290084	0.0	0.0	
12.900094270028418	30.1414506666573	0.0	0.0	
24.259008459287582	13.45399206855322	0.0	0.0	
21.88291111983347	30.328029180014134	0.0	0.0	
5.255185189370096	14.22935812567313	0.0	0.0	
14.713248740959106	0.9993459047631035	0.0	0.0	
26.83215182627812	8.772793939524181	0.0	0.0	
5.573398792771531	24.611842607316312	0.0	0.0	
3.696544045588144	22.185800744004943	0.0	0.0	
7.6753114135879414	24.241565942644264	0.0	0.0	
15.336433510960003	21.15758463376948	0.0	0.0	
2.15203697529191	7.6578765043049515	0.0	0.0	
18.41702793273071	27.7444770163832	0.0	0.0	
5.805709059610582	26.246858607428454	0.0	0.0	
17.72270028159874	28.682614369739024	0.0	0.0	
7.982361459530011	13.311201000363756	0.0	0.0	
17.87629913017833	25.643300378637424	0.0	0.0	
29.698690214011048	6.01190354326468	0.0	0.0	
19.338695078236245	15.864350381963447	0.0	0.0	
24.0103537325799	13.14424665284374	0.0	0.0	
27.555513726802236	14.813975414960751	0.0	0.0	
20.91333738741192	29.865611231040614	0.0	0.0	
0.03901103023683561	25.436598627446603	0.0	0.0	
0.5687857986757585	3.616364312813694	0.0	0.0	
26.512392195527646	27.608575434331676	0.0	0.0	
24.415644975447325	0.34114750938236327	0.0	0.0	
23.90720397274936	0.7373756476533266	0.0	0.0	
11.990272392403252	0.9421489677135142	0.0	0.0	
8.83443615553881	16.264927812594134	0.0	0.0	
9.783575183719812	8.022384899300565	0.0	0.0	
9.405987604847677	26.13739011808496	0.0	0.0	
1.9703977977850862	20.742062986700017	0.0	0.0	
5.967828197179063	16.087868352840903	0.0	0.0	
27.352162457258654	31.150826465806308	0.0	0.0	
10.540484639692558	28.683582242011795	0.0	0.0	
26.69081513185111	27.354608912858584	0.0	0.0	
22.63985298489435	0.8490573061143536	0.0	0.0	
21.694478007774997	10.225569226204133	0.0	0.0	
5.982370258481566	12.917963546692523	0.0	0.0	
15.475687374593523	18.857132286483953	0.0	0.0	
16.364091160917475	11.700984389177261	0.0	0.0	
2.0078806015560637	30.52459519336568	0.0	0.0	
18.233698656642634	1.4944017606570164	0.0	0.0	
4.682163527256645	19.396275186623043	0.0	0.0	
28.359053417120627	16.159995951567684	0.0	0.0	
12.453131419259538	20.84669194820884	0.0	0.0	
0.12296032414023017	12.865207633871357	0.0	0.0	
3.142820648270547	26.305641369413834	0.0	0.0	
1.546815789072813	26.8604674033026	0.0	0.0	
5.386926032701819	17.06948398891809	0.0	0.0	
27.642903738298767	0.3457974679459923	0.0	0.0	
1.902516359973074	9.456287049753794	0.0	0.0	
29.624277267013856	27.905345210987473	0.0	0.0	
15.799802453592935	25.724642853347298	0.0	0.0	
25.77537986425156	31.578042934523584	0.0	0.0	
24.314665812667382	30.358024014162226	0.0	0.0	
29.577114687236882	26.302344537249915	0.0	0.0	
27.97381232161998	29.076499768698792	0.0	0.0	
22.486245144061016	15.147449802985236	0.0	0.0	
15.153059674584213	1.8837513368176566	0.0	0.0	
8.677781463283146	4.080523269378077	0.0	0.0	
14.944443063223073	8.224228287448025	0.0	0.0	
25.71762485081229	0.7558461187470584	0.0	0.0	
10.79077836412424	19.871499468328633	0.0	0.0	
10.066949164463278	5.4194083992036255	0.0	0.0	
7.107201232577175	7.26215138411532	0.0	0.0	
30.42616568668005	5.989585989964215	0.0	0.0	
24.87070289308824	1.3523041232365323	0.0	0.0	
3.473935311482478	11.37349183551951	0.0	0.0	
21.654718341465202	28.854828436041377	0.0	0.0	
14.859415290414635	1.580318321141558	0.0	0.0	
10.535063293188657	18.75582313137114	0.0	0.0	
25.94011985313879	23.127467231267996	0.0	0.0	
10.58252394853136	28.61490010875537	0.0	0.0	
28.795894727719936	31.82348869642707	0.0	0.0	
7.681733118084811	15.217326817953872	0.0	0.0	
31.226303953231092	30.97531700209813	0.0	0.0	
22.501567547481187	21.7257075600188	0.0	0.0	
0.71177233575564	13.517356713231841	0.0	0.0	
0.9040343110146267	20.81957545551572	0.0	0.0	
31.94939551459162	13.976733467608202	0.0	0.0	
19.08932066669276	11.488756940712662	0.0	0.0	
11.41978875532071	7.448547978270209	0.0	0.0	
8.309837608907888	1.8923194173955444	0.0	0.0	
5.649762633251054	18.222683174194607	0.0	0.0	
4.749846708730107	6.137904446519389	0.0	0.0	
14.427017061067783	12.43944823883577	0.0	0.0	
14.516999378712562	25.837397995090495	0.0	0.0	
26.00565072598714	20.670204278647237	0.0	0.0	
2.1241296925323105	19.2503515928432	0.0	0.0	
3.3851739508324883	7.919278872379287	0.0	0.0	
23.55447048258003	0.7383222839529253	0.0	0.0	
12.129279056555344	22.318552719394088	0.0	0.0	
13.982280724237711	2.820642880536539	0.0	0.0	
29.38009124362179	3.4195521446912416	0.0	0.0	
15.561496036675354	18.361966014088146	0.0	0.0	
18.214734862379235	27.13628378855865	0.0	0.0	
21.72883491143704	26.147763154121527	0.0	0.0	
21.768218607680687	21.79815854697936	0.0	0.0	
3.022452849829989	28.995474780929502	0.0	0.0	
10.45285025699565	15.702486933301959	0.0	0.0	
16.540276673150995	20.506135527621076	0.0	0.0	
8.81642877224223	3.1817251393883126	0.0	0.0	
7.066723955849952	8.424213646578767	0.0	0.0	
28.70802086404814	2.3524546049761597	0.0	0.0	
30.530193867033358	25.722701895942244	0.0	0.0	
13.892028202029547	7.252096830792542	0.0	0.0	
26.550038067306065	11.944465362022463	0.0	0.0	
4.0095873927371315	3.9533187196541455	0.0	0.0	
4.638303308622653	13.707095225457675	0.0	0.0	
9.155114574770913	3.4677466056158686	0.0	0.0	
11.81381714789121	29.05522190691746	0.0	0.0	
11.522545236745067	26.217415265559115	0.0	0.0	
31.359397785221105	25.223044159198295	0.0	0.0	
18.535150547448772	11.16813009766166	0.0	0.0	
15.65415522879773	28.66094899834951	0.0	0.0	
4.955699980414565	31.150882027456824	0.0	0.0	
23.780796861771563	31.367562008709047	0.0	0.0	
17.114944125115073	20.67233476676942	0.0	0.0	
11.799332741109584	24.07577664218763	0.0	0.0	
11.840019942207714	29.892347845891678	0.0	0.0	
7.504640465912114	25.39159786244171	0.0	0.0	
4.527502576557797	25.191592898460126	0.0	0.0	
7.80381674150275	8.075882846535972	0.0	0.0	
27.63082368621315	30.331300341671053	0.0	0.0	
5.511736795196118	3.240481738087368	0.0	0.0	
4.318060276292165	7.254682429884284	0.0	0.0	
8.51239956783336	10.559903367658848	0.0	0.0	
7.143448763121842	3.371826727460814	0.0	0.0	
26.315497643800295	19.66833182042792	0.0	0.0	
13.067910231835821	14.618940209046812	0.0	0.0	
25.683539023724844	31.20053058364966	0.0	0.0	
1.0596118171715894	31.376134858016467	0.0	0.0	
13.59327605226941	6.848553243536614	0.0	0.0	
9.296996856324675	0.833692065126332	0.0	0.0	
31.94921812497626	11.42523897540115	0.0	0.0	
30.81399160346514	28.878100849385856	0.0	0.0	
11.533816745564565	29.454192659502706	0.0	0.0	
23.634894565143725	8.002165630287916	0.0	0.0	
28.270785921226924	12.630422591285292	0.0	0.0	
31.278675737622425	3.631293387544904	0.0	0.0	
18.66305978940113	22.742694237953156	0.0	0.0	
27.582345367879284	19.0469722349841	0.0	0.0	
8.619984768353579	6.998507805288096	0.0	0.0	
9.374959247730676	18.54532046587594	0.0	0.0	
15.683206476695648	0.4397837150629016	0.0	0.0	
10.823139553117517	15.436924227589287	0.0	0.0	
0.08684536466589066	9.970132154370983	0.0	0.0	
3.2595351815017786	23.929984171540127	0.0	0.0	
11.973562480270697	16.37680894535034	0.0	0.0	
11.364012383307099	7.623866701400594	0.0	0.0	
6.708074990324011	19.881364423898	0.0	0.0	
2.059730847223033	2.97443820826296	0.0	0.0	
2.44133323715236	29.066194731205428	0.0	0.0	
7.729733842674499	4.663578412015621	0.0	0.0	
16.46442373091197	25.331743468098626	0.0	0.0	
9.25444724952693	21.57001658114497	0.0	0.0	
2.2655991100025368	5.5803726340169675	0.0	0.0	
30.697747006995673	15.919795835504338	0.0	0.0	
27.045469421466567	24.387766678490244	0.0	0.0	
2.895418375375126	20.594410176358664	0.0	0.0	
8.747960167851645	25.35871822862779	0.0	0.0	
28.985689991051704	7.104982210012427	0.0	0.0	
20.933665673095692	18.168337641203458	0.0	0.0	
19.963987658603266	25.3400206657639	0.0	0.0	
27.68757257022711	30.913694813344208	0.0	0.0	
1.7170584377164886	4.935247368800201	0.0	0.0	
22.575837381336633	3.693112794257871	0.0	0.0	
5.333213138157607	28.518638527093238	0.0	0.0	
12.348451367310453	18.639316279062125	0.0	0.0	
7.940339738261869	16.63716863326173	0.0	0.0	
6.531953548538759	8.268662305929972	0.0	0.0	
5.392881436013123	2.708251883225987	0.0	0.0	
11.420508707720096	23.17109284322688	0.0	0.0	
1.5148984824786567	28.29591921710326	0.0	0.0	
6.9145562420914075	29.49445418121827	0.0	0.0	
18.999739945688837	15.709914966951679	0.0	0.0	
27.18519476862349	15.290771261592873	0.0	0.0	
8.950455975859729	8.742298747364877	0.0	0.0	
10.271496136617888	28.03860509510085	0.0	0.0	
19.267798341624427	0.21569198383510724	0.0	0.0	
6.62486818085204	2.836940359221053	0.0	0.0	
4.676770316718056	20.54702845488851	0.0	0.0	
15.343222661428872	22.11283799112521	0.0	0.0	
5.228474138530892	26.43573133904042	0.0	0.0	
30.689232428804356	20.195741301527924	0.0	0.0	
14.203027214601981	17.154677433637207	0.0	0.0	
19.251540135232116	9.024033616189307	0.0	0.0	
27.41027584693545	14.172726081748639	0.0	0.0	
4.677086279119717	31.747216845867133	0.0	0.0	
9.294990582806022	6.271975614871735	0.0	0.0	
8.321461152689444	31.13608217920067	0.0	0.0	
31.5551513982718	21.43082460767868	0.0	0.0	
8.074519793986152	27.83996179010532	0.0	0.0	
6.322926526459099	13.79950049830996	0.0	0.0	
2.508516910563422	20.843774781086953	0.0	0.0	
3.318843581590908	3.3393102175183316	0.0	0.0	
15.86714446114783	18.666754929127098	0.0	0.0	
20.61252721481843	31.462585758285588	0.0	0.0	
0.3641434209101213	10.904400110642335	0.0	0.0	
1.508650102734606	18.6083315534868	0.0	0.0	
1.2146964912220248	21.60713980515294	0.0	0.0	
25.378383233712764	29.710876783849	0.0	0.0	
27.259873155544597	14.576911639060437	0.0	0.0	
31.258440115210444	13.091289781745786	0.0	0.0	
13.753893174558755	1.9766665196691164	0.0	0.0	
2.680524503887913	2.8558506938683017	0.0	0.0	
7.985206509384284	25.205291486988088	0.0	0.0	
19.48804503038703	12.03714196467639	0.0	0.0	
2.498586585121842	10.22969190015132	0.0	0.0	
18.44598816919856	14.03202493800504	0.0	0.0	
29.081863206308853	13.891658414211065	0.0	0.0	
21.527449115897838	29.21250067079586	0.0	0.0	
4.4997703198368235	23.689356365237256	0.0	0.0	
31.166732783009845	2.838908008340141	0.0	0.0	
8.480064537943907	13.654342158012668	0.0	0.0	
15.882881082100038	17.124431347272022	0.0	0.0	
13.279573842087043	26.87563008841398	0.0	0.0	
30.044705452471536	13.439570812720458	0.0	0.0	
30.28551069205354	28.141706015229534	0.0	0.0	
25.825672141979577	21.479711976072664	0.0	0.0	
8.3114866678156	4.755135598887346	0.0	0.0	
13.408519740819923	8.197953983425297	0.0	0.0	
17.546001903868035	1.4594677450266076	0.0	0.0	
29.567864474962867	23.544065013678214	0.0	0.0	
14.01836025391118	25.378880108308802	0.0	0.0	
9.344226856881477	8.634953700326385	0.0	0.0	
14.408936269758232	25.522375162934807	0.0	0.0	
28.04888638018037	13.980662722833923	0.0	0.0	
28.818032892331164	6.515663890385007	0.0	0.0	
23.342760173193305	1.0137625487157962	0.0	0.0	
29.592800636969283	10.69231356424163	0.0	0.0	
25.976990091526325	22.795708793236532	0.0	0.0	
11.346358732761011	24.83770446983281	0.0	0.0	
23.094535187598527	4.182569428329966	0.0	0.0	
23.87955093675573	3.7232634124532673	0.0	0.0	
25.977287855592895	5.670334701886876	0.0	0.0	
27.17854200267675	2.330680759967965	0.0	0.0	
23.04390774497223	8.473778312648804	0.0	0.0	
2.7341968520761775	20.84025214258153	0.0	0.0	
10.987608276099632	0.2906396982435915	0.0	0.0	
23.737256449923997	15.58989578192174	0.0	0.0	
3.240841633929673	30.74684902051772	0.0	0.0	
20.524166101162695	13.095801725998268	0.0	0.0	
25.65038063234101	20.64151393953738	0.0	0.0	
10.574207516601348	29.8534478861434	0.0	0.0	
30.498044280023485	3.9540012097731676	0.0	0.0	
28.761178608634964	21.34687620214641	0.0	0.0	
20.260357127237928	8.63538815194305	0.0	0.0	
21.25966763951503	27.858052531643256	0.0	0.0	
23.61216326685007	12.492217559326154	0.0	0.0	
4.104658437551624	16.26748214063057	0.0	0.0	
3.422336235173308	31.2391545535445	0.0	0.0	
14.36810314433583	23.87727701774027	0.0	0.0	
31.526066904918228	22.00530831744633	0.0	0.0	
13.523102152248025	4.553271609053095	0.0	0.0	
18.160815394718103	25.94909703245049	0.0	0.0	
23.73173825795666	23.062048045141225	0.0	0.0	
22.927265279381757	12.107949920102637	0.0	0.0	
13.122987526496708	14.844741266881648	0.0	0.0	
29.92790821179032	24.07837967586595	0.0	0.0	
8.665133536035906	24.86764531664589	0.0	0.0	
6.4072717399626065	21.9477753484209	0.0	0.0	
8.370882470397845	16.564103171459475	0.0	0.0	
26.858760492109713	23.185910156514414	0.0	0.0	
4.863016723090471	6.1218746604604455	0.0	0.0	
0.8547585338703172	14.801572761910968	0.0	0.0	
1.9818573320946342	15.019386749844926	0.0	0.0	
19.527376695937473	23.20532491834268	0.0	0.0	
1.2626039725038858	6.645150341480264	0.0	0.0	
19.114253412058382	17.011597714716814	0.0	0.0	
19.42529734575181	9.560525232154436	0.0	0.0	
9.527377750121463	30.949433248704818	0.0	0.0	
10.598454331588236	9.856150187929178	0.0	0.0	
14.19511211715561	18.963635466893006	0.0	0.0	
13.73397042523986	13.131200501641036	0.0	0.0	
24.6966487254279	0.5324435413732225	0.0	0.0	
9.7078465172358	13.658777187952502	0.0	0.0	
12.225139760867872	5.478074680382303	0.0	0.0	
4.033165029366451	19.97690503691025	0.0	0.0	
19.787839482329137	14.784862234301233	0.0	0.0	
13.938146260512447	25.160705200661113	0.0	0.0	
25.96389696257747	20.678676436411834	0.0	0.0	
24.7626381543614	29.26994741187677	0.0	0.0	
7.757628547518639	20.357548754572793	0.0	0.0	
14.578390940618611	9.045360449195453	0.0	0.0	
5.636672829156179	9.243321803992295	0.0	0.0	
26.38952886555765	21.41901976474893	0.0	0.0	
28.75850196115817	26.82195522539589	0.0	0.0	
12.964697974188788	16.246245791425554	0.0	0.0	
20.460856251601722	18.28013267457719	0.0	0.0	
29.39007363670662	30.31946915100166	0.0	0.0	
14.087280511946595	28.57451944667181	0.0	0.0	
3.626720076220412	15.390827597586885	0.0	0.0	
14.661022779890377	24.69723667875297	0.0	0.0	
31.968817291215306	20.175142896842345	0.0	0.0	
28.904444413177263	10.52292180800563	0.0	0.0	
22.269219665433788	23.805754992822948	0.0	0.0	
16.598031704732303	2.2523768102605786	0.0	0.0	
20.19432924171955	24.533503957982628	0.0	0.0	
14.00578353964693	4.437150211895155	0.0	0.0	
23.523828064317872	5.326747921176885	0.0	0.0	
8.104379965918415	0.3273754386767891	0.0	0.0	
16.546653191959216	17.646995931730864	0.0	0.0	
2.5600364502090756	22.863701783018275	0.0	0.0	
17.706469134738665	7.479864609995236	0.0	0.0	
16.407118205896804	8.087307842108512	0.0	0.0	
12.998769468096047	13.71623722478196	0.0	0.0	
0.7193030417783497	30.586512132592915	0.0	0.0	
14.705839902469148	26.130019340883923	0.0	0.0	
16.90898917213264	3.7819977148079786	0.0	0.0	
11.238852070623516	12.954797110484943	0.0	0.0	
4.935400701138967	9.672867859562874	0.0	0.0	
25.52501730772523	20.891872714169796	0.0	0.0	
18.15856346849315	28.148584097424425	0.0	0.0	
16.808767128711274	26.204512853851856	0.0	0.0	
28.911886104309477	14.76328559111515	0.0	0.0	
13.516589562147605	10.896060713477969	0.0	0.0	
12.298135619562313	31.699399884503435	0.0	0.0	
30.61562127835363	12.496470253086144	0.0	0.0	
29.386389802277357	29.369404927212546	0.0	0.0	
25.283987037727975	4.611072703272431	0.0	0.0	
29.46061039885692	12.54042654129935	0.0	0.0	
14.70787217470673	8.38784769584758	0.0	0.0	
16.256892123326526	1.107059839171196	0.0	0.0	
31.335508999528418	26.39781972531118	0.0	0.0	
5.128655922999304	27.761114550234073	0.0	0.0	
14.922715483217928	7.1066617473987925	0.0	0.0	
12.902004644748143	15.664674081185048	0.0	0.0	
2.014458382298752	18.629251822483994	0.0	0.0	
28.604636390393622	31.140607806790342	0.0	0.0	
7.973573474715952	12.464169577136222	0.0	0.0	
8.954304426505622	20.93511736058904	0.0	0.0	
5.736430917099902	0.4112261487913784	0.0	0.0	
2.7412348287158395	13.365623325330983	0.0	0.0	
21.08833331099138	7.11615962458249	0.0	0.0	
2.1181633983379555	20.881951664501372	0.0	0.0	
24.33798707277883	16.44241436186	0.0	0.0	
31.420493598487038	11.40187288758547	0.0	0.0	
0.7932759706789163	5.818907518245663	0.0	0.0	
19.89556939421126	1.9312244240786889	0.0	0.0	
13.644444929763697	23.02357722071762	0.0	0.0	
11.821116130402501	16.41335859405472	0.0	0.0	
26.48174507669351	5.689250017927858	0.0	0.0	
21.856418961968515	8.549635886777448	0.0	0.0	
21.9219345054702	6.407454203467335	0.0	0.0	
11.140042545708532	31.928150121387457	0.0	0.0	
30.461217660016715	13.025971551519124	0.0	0.0	
8.340266301353914	14.144840283020699	0.0	0.0	
13.335352244388641	16.508104106488197	0.0	0.0	
0.8677590193893359	0.8918975783295267	0.0	0.0	
14.549153898779867	29.264433976637388	0.0	0.0	
31.304977997903926	25.34547282550097	0.0	0.0	
8.020350787206304	30.943521300730552	0.0	0.0	
22.07322941861439	10.534466783006117	0.0	0.0	
4.765978284859116	3.5428211483239487	0.0	0.0	
14.637973370001045	30.566755272536035	0.0	0.0	
27.46452357584545	5.810281201588712	0.0	0.0	
21.847975634425655	8.794296429175173	0.0	0.0	
2.4563070817688306	17.564857680479243	0.0	0.0	
7.601466151748376	1.9187088163016135	0.0	0.0	
19.92773265144437	28.773968117095464	0.0	0.0	
28.545717897511544	14.800748409551204	0.0	0.0	
14.332504031016803	6.360943474645605	0.0	0.0	
22.40099604717536	30.859497278203396	0.0	0.0	
31.888942910940575	19.221398361608685	0.0	0.0	
7.727295326347512	28.415909337854753	0.0	0.0	
30.831749125487985	26.588514759828	0.0	0.0	
8.455165109852832	31.438824227683106	0.0	0.0	
19.922251589668132	12.498090146226065	0.0	0.0	
12.60780374876628	9.974569788436021	0.0	0.0	
29.86922269255853	17.53005046716333	0.0	0.0	
3.045508770822252	20.291421026266146	0.0	0.0	
3.7774950398384917	17.908144861053074	0.0	0.0	
15.511517577279129	5.8653847209549355	0.0	0.0	
8.667056168394392	3.327447763194101	0.0	0.0	
11.329991625052084	3.2437460364938246	0.0	0.0	
28.448114722310507	27.180948431863285	0.0	0.0	
4.94869221493277	15.838479304981028	0.0	0.0	
27.02307696340721	17.016506229732894	0.0	0.0	
2.473456571816783	30.246849118924516	0.0	0.0	
10.391047935487666	22.732347960680592	0.0	0.0	
23.50050906755171	0.3615259136079807	0.0	0.0	
13.889615922914619	7.882610606642331	0.0	0.0	
23.363090944627032	29.425415727297683	0.0	0.0	
21.45879281598184	10.903396567173267	0.0	0.0	
28.361136574266137	28.04607080319348	0.0	0.0	
31.974518088220407	9.721733235692742	0.0	0.0	
3.950282579918081	17.54740272584357	0.0	0.0	
26.286866916541488	5.797705922608554	0.0	0.0	
20.936762085315507	5.20945926548676	0.0	0.0	
1.4334547743420636	24.32065444758027	0.0	0.0	
22.154160549518892	7.559326640055918	0.0	0.0	
27.212160280702435	3.408169309139968	0.0	0.0	
2.452661203978092	10.822229105188146	0.0	0.0	
29.219908444148277	10.182025516329578	0.0	0.0	
3.1186883385950424	10.75133115709956	0.0	0.0	
23.667277807730073	9.937328516121848	0.0	0.0	
3.2329628331184104	24.091580921984065	0.0	0.0	
23.624956869563814	23.415966786690987	0.0	0.0	
25.30262334597143	9.907712879308843	0.0	0.0	
22.127210918366988	4.665883926884902	0.0	0.0	
5.0565735745312494	28.631777986364018	0.0	0.0	
2.5447672319110204	8.747115264904423	0.0	0.0	
9.605404787361792	24.076011289416243	0.0	0.0	
24.437956283682116	2.926070862097461	0.0	0.0	
4.654971832606179	26.740385934715626	0.0	0.0	
13.783171176754866	20.14356674414577	0.0	0.0	
6.779559633141037	20.189743726814065	0.0	0.0	
15.778553765885764	29.62380871346469	0.0	0.0	
6.87075827521987	4.911760498119065	0.0	0.0	
19.831803613149045	5.061838773990498	0.0	0.0	
10.744722807100228	21.74743355989714	0.0	0.0	
8.244910576114282	13.983804665699807	0.0	0.0	
25.425766189800246	0.701232443736032	0.0	0.0	
2.0378463456557583	2.613411114990015	0.0	0.0	
12.34353586153096	16.06281891685004	0.0	0.0	
29.257745468427824	20.504470592872128	0.0	0.0	
15.91072294825636	4.029161788476426	0.0	0.0	
20.40722641631064	5.863925218748474	0.0	0.0	
1.1282057815102924	21.49466384248587	0.0	0.0	
30.185664274883166	2.9888278055911357	0.0	0.0	
27.969629437917977	9.529899655027311	0.0	0.0	
7.378402986741875	31.373216215702023	0.0	0.0	
0.8375829216723893	18.021000087919223	0.0	0.0	
18.92272107833749	24.135579323448702	0.0	0.0	
23.646675449253525	2.8849876838156945	0.0	0.0	
30.216790577612343	13.958143073865646	0.0	0.0	
3.793433030903465	22.254765036518158	0.0	0.0	
30.38547869218854	0.5626100431236232	0.0	0.0	
23.1024924234565	31.59940678351684	0.0	0.0	
20.45936888942745	7.827779683760408	0.0	0.0	
8.123313594250458	22.79035048680528	0.0	0.0	
5.172480100442247	27.976134051564525	0.0	0.0	
17.295675182057106	23.935678951740723	0.0	0.0	
11.743492563162778	21.156832930976442	0.0	0.0	
7.0409771127937155	27.569114527907	0.0	0.0	
13.250583656123453	27.53423411853892	0.0	0.0	
9.690177567895851	18.74882864869395	0.0	0.0	
23.822442822788	30.347231695620785	0.0	0.0	
19.498245564043007	20.392229808130406	0.0	0.0	
22.56893897781101	12.179100109415423	0.0	0.0	
10.499593334202515	0.3747474197145344	0.0	0.0	
26.745898275931538	9.923682802799497	0.0	0.0	
3.206467477515229	0.5509751646064025	0.0	0.0	
16.60083914401777	17.184469978405563	0.0	0.0	
19.690124461389974	14.175691138258742	0.0	0.0	
3.0235753414517497	20.0091193630829	0.0	0.0	
1.728894633102751	0.5058627533230649	0.0	0.0	
4.787716385073104	17.805092631751517	0.0	0.0	
31.10509141566336	28.115289611800563	0.0	0.0	
3.1118069798973984	15.332979423585368	0.0	0.0	
0.1912771926383563	18.62157974365359	0.0	0.0	
5.259888083835353	25.365853618112435	0.0	0.0	
1.1696639021001651	22.51323404390072	0.0	0.0	
8.669731633814312	12.843910773529274	0.0	0.0	
8.534110159777825	19.780083187769005	0.0	0.0	
21.830476110220427	11.93416975559047	0.0	0.0	
22.36913590265331	29.939538444700887	0.0	0.0	
4.923365062801267	9.293940312263192	0.0	0.0	
30.09605910283424	23.299392299390224	0.0	0.0	
13.359255595986706	21.955173621821842	0.0	0.0	
8.278965429694047	29.634250994577748	0.0	0.0	
21.12575734932177	14.39963855972955	0.0	0.0	
14.753506797797325	15.452285991084928	0.0	0.0	
4.748087904645789	2.291698364161803	0.0	0.0	
16.58171379810329	3.7453415047467757	0.0	0.0	
13.648507389515132	2.99952733458338	0.0	0.0	
6.421153044480203	31.540136610129345	0.0	0.0	
0.32388759674938683	23.34279380817014	0.0	0.0	
18.227355641968398	6.7570568157887685	0.0	0.0	
11.263171506886199	29.565087113146713	0.0	0.0	
11.717634860033911	13.935251385412634	0.0	0.0	
7.89700718980319	7.353455360143052	0.0	0.0	
5.237431951069947	15.744153330076454	0.0	0.0	
18.76325801561175	12.979267332718084	0.0	0.0	
2.4571378160540114	15.933177236968426	0.0	0.0	
21.490128355337124	9.000712137604776	0.0	0.0	
24.61857095488975	8.310383588874469	0.0	0.0	
5.085225904547759	9.189850319356495	0.0	0.0	
25.65358114483778	16.352309895961824	0.0	0.0	
24.07228353401888	8.27653418534386	0.0	0.0	
16.62183180267036	23.0087249403844	0.0	0.0	
3.3028582494473504	16.44363097805843	0.0	0.0	
13.158055560617402	16.316470412668643	0.0	0.0	
29.97477423204927	5.121592129443496	0.0	0.0	
14.052101906901878	14.385794352053498	0.0	0.0	
2.2842929379147208	0.3321652592286064	0.0	0.0	
20.42530603982798	6.867888657728027	0.0	0.0	
19.92492332277993	20.387098621989896	0.0	0.0	
0.8322679394438808	23.801004633995223	0.0	0.0	
2.88707130400158	7.611441596008209	0.0	0.0	
30.035707315671413	12.440919841879271	0.0	0.0	
28.090869157373323	21.80434845359884	0.0	0.0	
11.85665465652663	15.862017863618668	0.0	0.0	
15.121899870770516	4.93750667306805	0.0	0.0	
16.491343540978587	28.919791047118558	0.0	0.0	
20.798988568483068	5.711211927707229	0.0	0.0	
24.88693618832796	10.149241357885682	0.0	0.0	
26.21508862066746	28.755899778105654	0.0	0.0	
8.663453035207308	24.65965534017224	0.0	0.0	
1.4515517086076848	6.724852824587394	0.0	0.0	
14.007293932967631	20.456345400456254	0.0	0.0	
15.571427790689246	27.154922199724563	0.0	0.0	
31.952450550605462	8.14368971560534	0.0	0.0	
28.780263588862187	25.27621614415957	0.0	0.0	
12.030576035338473	0.5172881141297196	0.0	0.0	
23.45168518415631	20.214856059107536	0.0	0.0	
27.359476990599603	30.751901841736114	0.0	0.0	
24.873224934976847	6.169965994937204	0.0	0.0	
5.0189158859051375	19.08811605468167	0.0	0.0	
0.06981893038291886	14.892811736831103	0.0	0.0	
9.554010662128121	30.048384326490545	0.0	0.0	
20.712233453121748	12.258814743292533	0.0	0.0	
20.599201640925827	9.541612225728283	0.0	0.0	
10.86564920697825	18.496692107877568	0.0	0.0	
28.992949103824703	17.702510034342925	0.0	0.0	
2.840750526418862	21.400672312003472	0.0	0.0	
2.98311673615002	7.440752851335251	0.0	0.0	
22.879953636841407	8.310096088765754	0.0	0.0	
10.687114346263215	2.1700220038220195	0.0	0.0	
11.200901469714776	2.3545474449447035	0.0	0.0	
11.265784197914716	19.21056792494461	0.0	0.0	
29.111619454771944	0.6115988050105017	0.0	0.0	
22.2963676384147	25.12043425687774	0.0	0.0	
28.496670110522032	0.47521112612799143	0.0	0.0	
14.376495074066018	24.77526714776981	0.0	0.0	
4.086077802052614	17.63642907775616	0.0	0.0	
26.18093837247528	20.244047076475624	0.0	0.0	
0.41263485659247223	2.4706594831677826	0.0	0.0	
20.748247496955997	16.534505321387194	0.0	0.0	
9.469621484675454	29.912791055361353	0.0	0.0	
22.755139321277014	21.7343035646929	0.0	0.0	
3.1368016265216347	11.419775695164098	0.0	0.0	
31.87271007640994	5.534819939466061	0.0	0.0	
9.242538238906203	3.6987577856017744	0.0	0.0	
29.803282641368945	26.392524151602654	0.0	0.0	
9.385534261435684	22.686926979059116	0.0	0.0	
24.706556776586464	8.23241706103417	0.0	0.0	
3.0060602671015673	16.723013770324954	0.0	0.0	
14.394016246111924	2.909561541117146	0.0	0.0	
6.284467604316028	26.140006985322856	0.0	0.0	
22.03589668808186	2.53324330491834	0.0	0.0	
27.671015579012366	28.76906453035163	0.0	0.0	
15.322805838828423	12.79975703590095	0.0	0.0	
5.855185743332367	0.14439459279024547	0.0	0.0	
2.4400619914243222	16.718763140278234	0.0	0.0	
6.152057138866514	20.614511113175663	0.0	0.0	
4.524220628156009	31.66927505073521	0.0	0.0	
9.531429099809884	9.690606609352368	0.0	0.0	
8.930748631031019	4.279479327608733	0.0	0.0	
22.078719648533788	4.259306253846859	0.0	0.0	
7.34960852837153	4.51151052397104	0.0	0.0	
4.124882971126247	15.371109371690341	0.0	0.0	
28.446400546651603	1.0962417510179385	0.0	0.0	
19.771597885579002	13.786893921122772	0.0	0.0	
6.584286947596006	18.775593465387782	0.0	0.0	
16.84959477739445	2.0848347523087902	0.0	0.0	
1.9201899245553022	11.755063563266607	0.0	0.0	
16.948734888703846	4.567856857338587	0.0	0.0	
1.651390728704861	24.092952980497227	0.0	0.0	
11.15787681929637	12.32433295718015	0.0	0.0	
2.9932156035818736	27.348029206355132	0.0	0.0	
18.64599338721577	29.74821044705647	0.0	0.0	
10.216069702617666	16.363593337615946	0.0	0.0	
24.1900148818087	28.62172641207274	0.0	0.0	
4.798527119759683	27.8173687595918	0.0	0.0	
19.680469280045646	28.818258878895982	0.0	0.0	
27.67260356473157	21.072666827389334	0.0	0.0	
29.61081704190627	19.018065901814097	0.0	0.0	
22.71622986572379	18.86199993856371	0.0	0.0	
12.716023172174175	21.653751967346317	0.0	0.0	
11.53770880736218	25.295508984503456	0.0	0.0	
29.039502258539176	3.3154496384390058	0.0	0.0	
1.3103042636349649	30.42874375298839	0.0	0.0	
8.778462967078362	0.9771520193265104	0.0	0.0	
15.23860916531877	10.016091518302513	0.0	0.0	
12.521634607943607	23.02941230536285	0.0	0.0	
2.7496298801662675	21.475735363310346	0.0	0.0	
12.252622164626242	20.631966914266734	0.0	0.0	
3.517473871800579	29.764602087448406	0.0	0.0	
4.440453660589785	27.48650515096022	0.0	0.0	
12.172574795063259	4.122716661077579	0.0	0.0	
6.585217480710551	1.5030386986474724	0.0	0.0	
28.137001912674673	21.180169612345818	0.0	0.0	
18.885550325075116	5.193025845078633	0.0	0.0	
0.37573538478036994	21.245080708139117	0.0	0.0	
0.3553773996636487	12.950884934948135	0.0	0.0	
15.57752037154923	12.671123342524321	0.0	0.0	
26.397041812376976	5.506571284124796	0.0	0.0	
29.428964715554258	24.101192080556288	0.0	0.0	
28.202094754948767	8.589699470273903	0.0	0.0	
26.349400251438517	14.381375308717448	0.0	0.0	
29.988241634272338	5.562331105781752	0.0	0.0	
24.096027147057097	15.9105574101652	0.0	0.0	
20.678507344212253	27.280354549230218	0.0	0.0	
17.413121945583303	28.348190793587637	0.0	0.0	
18.817224546632534	31.510721384306958	0.0	0.0	
4.40772092827569	21.334329520303974	0.0	0.0	
29.281438664311285	11.17255925539051	0.0	0.0	
31.551136912490303	9.676694415866809	0.0	0.0	
28.101312326386036	29.65832421950022	0.0	0.0	
26.872069576083586	29.183746220147565	0.0	0.0	
8.159035816483058	7.538460924163765	0.0	0.0	
10.314179241945975	10.33782282021371	0.0	0.0	
5.28941731519236	16.74686357839829	0.0	0.0	
29.180696663258555	17.82459649137276	0.0	0.0	
25.39023433917766	6.777293086380233	0.0	0.0	
22.30621479055471	18.15141876267486	0.0	0.0	
28.961505103764825	25.05943919547868	0.0	0.0	
11.490103241049308	18.71532200543777	0.0	0.0	
1.1337719034177525	30.143849867960068	0.0	0.0	
21.66863844967865	30.551469888369375	0.0	0.0	
25.12719849381693	14.022304601566159	0.0	0.0	
1.811791730520568	3.101655407692057	0.0	0.0	
3.6027418886923606	20.565047855421174	0.0	0.0	
0.6693156335745023	0.614620798272373	0.0	0.0	
19.955660721861232	31.374992548414426	0.0	0.0	
30.39502753917592	5.390510890951209	0.0	0.0	
22.621109923928213	14.198871910044431	0.0	0.0	
14.715291705471593	16.405146591279067	0.0	0.0	
30.336063190880914	3.7991505407137787	0.0	0.0	
14.188917454966838	15.705762959565845	0.0	0.0	
25.0308631680374	13.061670930228882	0.0	0.0	
28.064194964154083	8.046974440919985	0.0	0.0	
2.4514324076160285	12.322868395420809	0.0	0.0	
15.501779236270654	20.009362256248686	0.0	0.0	
1.7842687165439841	29.29936772006592	0.0	0.0	
4.165842421790352	1.3353146900225994	0.0	0.0	
7.084264696240371	0.7560118188337306	0.0	0.0	
15.047730256398292	19.357479591482882	0.0	0.0	
19.486077328556032	23.792782390875477	0.0	0.0	
22.503496607938157	3.5410141491980553	0.0	0.0	
23.513379156327485	27.320843342430532	0.0	0.0	
22.75239762784705	7.726245256735652	0.0	0.0	
13.829470257973274	20.80846374766522	0.0	0.0	
28.044270914834115	24.094878585967304	0.0	0.0	
2.376170458346209	21.759343918545227	0.0	0.0	
15.482657296668094	26.787025242642336	0.0	0.0	
31.553508283257	25.756530763145786	0.0	0.0	
18.194309093114114	22.822285036359133	0.0	0.0	
28.381473358491167	8.190734926655175	0.0	0.0	
31.384886231633107	13.958445051470221	0.0	0.0	
25.114863008816947	8.883668673120177	0.0	0.0	
13.09706539882307	1.403442468289068	0.0	0.0	
28.80697967260641	14.850568945852167	0.0	0.0	
10.652643766998857	21.4418864954408	0.0	0.0	
26.41852970040078	26.25363121562126	0.0	0.0	
29.873130810596177	6.660759123963192	0.0	0.0	
30.398158463751606	30.741353391302642	0.0	0.0	
28.146845905129005	28.769586793810902	0.0	0.0	
16.453783397971065	7.995305362473609	0.0	0.0	
25.05241136162288	26.005125792010457	0.0	0.0	
0.38650420874704494	9.401276375625446	0.0	0.0	
18.20718301007422	1.3887438151925053	0.0	0.0	
6.381421572374677	10.999084156015527	0.0	0.0	
28.989656682577873	10.447299916975776	0.0	0.0	
12.07135099422506	22.768934017436806	0.0	0.0	
11.82826009986259	29.97241009427134	0.0	0.0	
10.607613643694734	13.415050861223275	0.0	0.0	
18.836857057781014	18.460183708596613	0.0	0.0	
22.505237275520628	27.36642010023901	0.0	0.0	
19.39946997264714	6.566751297876596	0.0	0.0	
21.885676225060813	17.90611069264079	0.0	0.0	
28.561454043214056	9.073363125783366	0.0	0.0	
16.563069774131375	16.203319687404456	0.0	0.0	
22.19717319886953	6.611771966146591	0.0	0.0	
27.962791562147746	31.998935406108984	0.0	0.0	
14.471042686016254	21.127509000422883	0.0	0.0	
7.996393973721013	7.880735893921706	0.0	0.0	
27.938366403964366	14.688068571126571	0.0	0.0	
15.6037990855251	13.193432956880432	0.0	0.0	
24.539823478403093	30.217733080992783	0.0	0.0	
23.735644708199473	30.21282191946437	0.0	0.0	
17.838329522600922	13.967007114380117	0.0	0.0	
4.6435146997419885	20.022187574248086	0.0	0.0	
8.285142752492884	24.103408266945014	0.0	0.0	
31.85197500728644	24.723400244834263	0.0	0.0	
26.32684132913663	9.349297688733134	0.0	0.0	
23.647132925296802	25.575123671605617	0.0	0.0	
25.122860101692357	25.33786902556345	0.0	0.0	
11.31587852667936	3.823184478164137	0.0	0.0	
4.000900603689836	27.806371818685655	0.0	0.0	
5.506215246936403	11.781707215078882	0.0	0.0	
20.04250202152587	14.265594689791776	0.0	0.0	
0.023416886410867477	5.013563421149158	0.0	0.0	
13.174474094646481	3.7916663645041204	0.0	0.0	
0.10419994665236842	19.15446109487205	0.0	0.0	
8.085935025887341	3.4368635817323394	0.0	0.0	
27.912450885289765	1.5427746994237879	0.0	0.0	
9.594839716630482	3.3873559188974802	0.0	0.0	
2.0949570141624356	1.0321376632729304	0.0	0.0	
24.303448847840812	14.269366740436748	0.0	0.0	
23.082615621977638	9.792509666709392	0.0	0.0	
27.542800158067564	3.969966475681563	0.0	0.0	
19.742996512222152	5.987338905991695	0.0	0.0	
7.419816368464911	29.91143455173234	0.0	0.0	
7.331367153732021	23.794749767572856	0.0	0.0	
19.398027323847586	3.1393318127039613	0.0	0.0	
21.585567883080042	13.137632663384323	0.0	0.0	
23.919308201176563	22.633604750169827	0.0	0.0	
2.7095185547063103	25.72286829308891	0.0	0.0	
3.5715819265044466	25.54370198595086	0.0	0.0	
0.3078741657078723	3.7436626064969687	0.0	0.0	
3.362623406993528	15.428902073202863	0.0	0.0	
9.000292132312438	23.341810045240038	0.0	0.0	
1.3062649545063572	15.622719886721203	0.0	0.0	
8.160944227863844	13.281148895784405	0.0	0.0	
16.058613221092088	15.190838323008517	0.0	0.0	
2.6465482491124988	5.487176094392037	0.0	0.0	
31.66672340858539	14.840208978546936	0.0	0.0	
23.39636522313508	11.575018321022007	0.0	0.0	
2.086173840815704	20.28247787812278	0.0	0.0	
10.940588433598887	20.11499062237986	0.0	0.0	
29.702399825606836	0.9698178416885987	0.0	0.0	
1.8011591274762324	12.029632520231875	0.0	0.0	
0.7994557244641491	21.117375925600445	0.0	0.0	
4.669630942319824	13.254110325232364	0.0	0.0	
23.380114765053825	23.99143618266698	0.0	0.0	
1.1962336544115821	29.007074100702066	0.0	0.0	
11.064243370884281	29.251089008818504	0.0	0.0	
7.132824093596717	16.86118570999987	0.0	0.0	
8.38142564223299	6.072492016387997	0.0	0.0	
6.493226887164003	10.748145131389322	0.0	0.0	
11.492420202435287	14.080991361332455	0.0	0.0	
21.255835121585182	21.29624664239402	0.0	0.0	
17.462115347238203	6.542491155231648	0.0	0.0	
20.91199902742591	7.926963185838151	0.0	0.0	
5.101740645927769	1.054570465265531	0.0	0.0	
4.697414305553	28.73773565577568	0.0	0.0	
21.94440283267427	20.14410295191819	0.0	0.0	
1.0001487510086804	29.04320848827425	0.0	0.0	
13.52091497056226	16.735984537689987	0.0	0.0	
23.695261410798242	31.02142989939123	0.0	0.0	
27.080301537886644	3.389178342463211	0.0	0.0	
19.448768317836784	5.180512764126249	0.0	0.0	
24.963648959008424	17.36941055717139	0.0	0.0	
28.458533865471974	24.74314742383789	0.0	0.0	
15.859325094004934	31.84121005237883	0.0	0.0	
11.696116766828258	26.887890775407794	0.0	0.0	
13.821611436285114	27.836314069626624	0.0	0.0	
22.899708420616403	16.785372235635336	0.0	0.0	
25.967390041686436	20.132368151347364	0.0	0.0	
17.444892946201694	11.289047161339326	0.0	0.0	
16.211250052225164	1.529463945034152	0.0	0.0	
28.438155158135157	17.132855724025283	0.0	0.0	
13.985330286055419	2.0859254922450603	0.0	0.0	
20.011625677511343	27.271764163820166	0.0	0.0	
15.116047592758804	3.056181115428238	0.0	0.0	
12.105719851047855	21.990958678336884	0.0	0.0	
8.459155388093386	23.990008370511735	0.0	0.0	
6.39941771122065	6.0013228072918245	0.0	0.0	
19.5187182060854	13.043418081713838	0.0	0.0	
14.001065971473132	31.275999783926558	0.0	0.0	
23.658595711443375	22.081494958227598	0.0	0.0	
2.6893685099754663	28.25696061075025	0.0	0.0	
25.85073376301659	16.96109702141273	0.0	0.0	
9.892641919369364	22.35272317909031	0.0	0.0	
7.725425484663202	0.995531147242616	0.0	0.0	
7.506889784837167	4.057467419922965	0.0	0.0	
19.553090511290012	14.194376228697624	0.0	0.0	
14.470526869887923	17.79892741770945	0.0	0.0	
28.86906148765802	22.3506090425187	0.0	0.0	
14.979646289606102	28.18996097026322	0.0	0.0	
2.220121199222394	20.795702400047887	0.0	0.0	
9.321374508378607	9.521699749015866	0.0	0.0	
25.396693600543784	3.504110523386114	0.0	0.0	
5.706079024515773	5.936088960160458	0.0	0.0	
12.834125310765376	6.417143675026221	0.0	0.0	
18.07371101897879	17.924047029687323	0.0	0.0	
30.285965060813602	29.698049070432987	0.0	0.0	
0.788226973231744	15.013175152878983	0.0	0.0	
27.714189333292936	12.318029964895075	0.0	0.0	
5.116473017989783	2.947398316078427	0.0	0.0	
29.334718993910936	20.639896494019382	0.0	0.0	
21.482537779208073	18.383806796359675	0.0	0.0	
9.929401126482212	30.226850649214306	0.0	0.0	
29.341861146256743	31.646980216912773	0.0	0.0	
4.331632631586686	4.589140597337096	0.0	0.0	
31.12205432021477	8.647225802123014	0.0	0.0	
11.845334394474868	3.336667265776221	0.0	0.0	
12.870064283311404	24.538169714478215	0.0	0.0	
11.898711724898305	25.827319673332	0.0	0.0	
28.50039199995211	2.1841182764815876	0.0	0.0	
13.239962629179733	21.473219354749464	0.0	0.0	
27.32258324035912	19.87111528275873	0.0	0.0	
10.97426341463834	21.627340928809375	0.0	0.0	
15.370859234192	22.195273618228526	0.0	0.0	
27.98795791625332	2.1640971116974086	0.0	0.0	
24.914023277145944	12.799496803045265	0.0	0.0	
4.417377527240344	15.53845241380947	0.0	0.0	
14.46887751469249	9.33329030116721	0.0	0.0	
14.73346023972693	17.784083306676614	0.0	0.0	
21.854148813412703	31.869080878009832	0.0	0.0	
22.37063483262323	21.397966448112804	0.0	0.0	
30.975056772177737	14.243745812931294	0.0	0.0	
4.707694875502419	26.318535772954895	0.0	0.0	
16.222818497904523	8.209846331818095	0.0	0.0	
9.264502214334104	10.160243411602938	0.0	0.0	
10.11097825640281	13.51470077183193	0.0	0.0	
10.496985298494952	10.936503250319994	0.0	0.0	
4.667403478900631	13.648885024136874	0.0	0.0	
25.943173209802328	24.433861122447514	0.0	0.0	
0.09058194666014074	21.979391230136905	0.0	0.0	
22.775866974932587	15.113599833735169	0.0	0.0	
1.090102654807371	25.49912194283215	0.0	0.0	
25.391264081806728	20.20426985722857	0.0	0.0	
28.701619272832886	14.720746145705547	0.0	0.0	
9.464781131879175	28.20137680471848	0.0	0.0	
14.132782212519796	10.578864183220244	0.0	0.0	
19.021828438804015	10.997119946275582	0.0	0.0	
1.750125872993685	16.48210461384714	0.0	0.0	
5.950288968448145	30.182666893180006	0.0	0.0	
6.02750746535208	22.91834905989434	0.0	0.0	
21.965274303679685	0.7450176913074849	0.0	0.0	
20.557960040133345	19.14711282823353	0.0	0.0	
17.273456452598207	4.895832863333752	0.0	0.0	
28.288475577375795	20.834834811667132	0.0	0.0	
2.7602060774629997	6.782232167809639	0.0	0.0	
19.785433131218134	24.751961505427598	0.0	0.0	
0.8110115261239343	7.5935306811838394	0.0	0.0	
16.37413519234043	17.26362119969619	0.0	0.0	
25.171964745151545	7.4471916561011895	0.0	0.0	
9.824213065674904	2.4854469118054965	0.0	0.0	
14.365823184278778	26.081726127308553	0.0	0.0	
0.6825682622015279	26.173621624050774	0.0	0.0	
11.701972327080561	16.2874995690192	0.0	0.0	
5.48298393623347	1.0219012495768638	0.0	0.0	
9.917725798771432	23.939240090854977	0.0	0.0	
29.74363930433212	8.613083315946298	0.0	0.0	
7.268279432976691	11.433327235304453	0.0	0.0	
4.119448437274926	22.945427070640516	0.0	0.0	
6.654467654394981	22.36687218728774	0.0	0.0	
21.193674530411204	22.38470919497392	0.0	0.0	
27.20393928592427	16.416919520070557	0.0	0.0	
16.439130888146316	12.102442742729497	0.0	0.0	
13.703626383606366	0.7863305397886471	0.0	0.0	
21.89577944345218	1.064278625228095	0.0	0.0	
31.278694325893238	2.78508062074712	0.0	0.0	
0.0177029788217844	24.267630934242305	0.0	0.0	
16.064705465636017	8.067469379882311	0.0	0.0	
5.298247149103123	8.637135930937546	0.0	0.0	
21.038960283573896	16.150939582898882	0.0	0.0	
28.243030537425355	29.858645240676918	0.0	0.0	
28.355420423811125	0.883321407817725	0.0	0.0	
23.648977800143317	24.70648808045032	0.0	0.0	
21.256622401328812	19.222544197935598	0.0	0.0	
24.45262666609595	20.39330144785312	0.0	0.0	
30.1575080995431	0.6890122011269995	0.0	0.0	
2.404059684385995	7.078574355361855	0.0	0.0	
3.4960270543199314	17.478161754204873	0.0	0.0	
13.24127401836812	11.629443848748615	0.0	0.0	
15.76091995978702	21.034905112852883	0.0	0.0	
10.764729244450592	0.7479544417066819	0.0	0.0	
21.185931998112	29.912515817731236	0.0	0.0	
25.658515774607	20.119695503557825	0.0	0.0	
21.62619269587249	15.257813200765806	0.0	0.0	
22.74851501269237	2.3571141418336765	0.0	0.0	
14.456582609457488	30.6985085343994	0.0	0.0	
6.04178568774234	17.51290932187631	0.0	0.0	
9.219625527385663	26.431689573950724	0.0	0.0	
0.011802880232988144	28.105385446617365	0.0	0.0	
7.5694726677138995	11.998712262978518	0.0	0.0	
8.893104661046621	1.4694263338129403	0.0	0.0	
20.255196730997366	7.012776241325735	0.0	0.0	
27.017477418151923	19.978683226223676	0.0	0.0	
25.59266704924474	10.832267179942502	0.0	0.0	
5.939444175760595	5.587931907935879	0.0	0.0	
14.209491586405033	16.70691479243828	0.0	0.0	
12.597293855982603	4.918239379680671	0.0	0.0	
0.19733287486094753	8.05771390072945	0.0	0.0	
16.984512863113924	29.13026405401178	0.0	0.0	
4.571305053680909	26.010852854234763	0.0	0.0	
8.504234666650177	13.8181220245074	0.0	0.0	
16.647752347060102	7.401131182948799	0.0	0.0	
11.700954844443466	23.05101858418637	0.0	0.0	
25.794166325129797	4.559599361324029	0.0	0.0	
30.16797931175675	21.18870769174358	0.0	0.0	
12.153980403643704	19.326989282453358	0.0	0.0	
3.7139131586219527	0.9658250898035341	0.0	0.0	
13.354988305069334	22.17581080426129	0.0	0.0	
27.262209431392396	2.045990771280618	0.0	0.0	
9.226347342028035	22.721778932180236	0.0	0.0	
24.393204475949062	12.881748777343503	0.0	0.0	
27.414434996033474	21.80129476789999	0.0	0.0	
27.570366118500253	20.614892637138208	0.0	0.0	
26.043810255110866	6.573516591924786	0.0	0.0	
28.008280365910636	27.35702092856771	0.0	0.0	
26.276443996116118	30.72946362880079	0.0	0.0	
18.8320739379527	11.627549238550461	0.0	0.0	
30.11174245320963	6.311340039019544	0.0	0.0	
1.6192554658114666	18.568579112542363	0.0	0.0	
22.753926360535278	16.183691393748443	0.0	0.0	
18.158322122025755	27.560590701845122	0.0	0.0	
4.540892437357158	13.57692665511425	0.0	0.0	
28.752410434414724	9.42942373143249	0.0	0.0	
9.203251259298032	28.206525945215283	0.0	0.0	
20.615795332713066	17.704181210585254	0.0	0.0	
20.438515709062482	20.3665773998165	0.0	0.0	
14.23227740358448	10.182089487946797	0.0	0.0	
2.9450644058690365	15.698775348661044	0.0	0.0	
15.315245134973374	28.720074092720584	0.0	0.0	
15.860286329386618	4.730709021671604	0.0	0.0	
23.81191683302418	10.461987034748237	0.0	0.0	
21.651832554785354	22.417634033275437	0.0	0.0	
8.219073502571387	29.908183680964534	0.0	0.0	
29.96298612320916	3.272481653550262	0.0	0.0	
5.916885656305844	0.9676385743330016	0.0	0.0	
16.83461066184154	8.156958299687055	0.0	0.0	
4.94287197126199	19.535363215896478	0.0	0.0	
8.402728953297995	30.265437879992806	0.0	0.0	
18.92624425877008	12.493433214711725	0.0	0.0	
7.185080478647766	0.9334011280308552	0.0	0.0	
4.5703720125671765	14.461911654154715	0.0	0.0	
23.89053733273693	12.22959785596938	0.0	0.0	
19.641807476323894	11.114708333675406	0.0	0.0	
7.053962375990654	23.639578822794128	0.0	0.0	
6.785561610199892	30.923692550126372	0.0	0.0	
31.269853007521405	23.414620425060402	0.0	0.0	
19.080821247025245	25.638329654314575	0.0	0.0	
30.45940115206242	26.080046242865972	0.0	0.0	
29.734044786984544	30.283226606611613	0.0	0.0	
20.1644821077122	2.569502332038759	0.0	0.0	
18.590015489507913	16.319322042192965	0.0	0.0	
15.634435294420552	31.909071844758707	0.0	0.0	
29.38475010084435	24.45760127594451	0.0	0.0	
3.781605144110653	15.516173591542032	0.0	0.0	
16.91348044311165	24.522131823866925	0.0	0.0	
12.322601844484499	7.459750522695124	0.0	0.0	
16.50360930292327	3.349311695026433	0.0	0.0	
5.656765192508971	16.561781761350858	0.0	0.0	
10.921559739436368	30.708608673835165	0.0	0.0	
31.134439954918616	15.950989627581496	0.0	0.0	
13.776267049239308	21.308178753959716	0.0	0.0	
18.26385944289043	16.307850759813913	0.0	0.0	
2.0273481558905146	21.026804672153986	0.0	0.0	
0.4082626508690872	21.150950983593653	0.0	0.0	
17.991475435133367	11.957163501277908	0.0	0.0	
9.004185639398116	3.755086589211018	0.0	0.0	
19.706308665827105	8.04069680294067	0.0	0.0	
7.090006079998311	14.417288195288716	0.0	0.0	
13.565818396123383	13.643797963551375	0.0	0.0	
9.986517527213579	29.544861325881516	0.0	0.0	
1.1170127375769958	14.33259271180994	0.0	0.0	
12.360895106722111	6.7206717450567375	0.0	0.0	
20.57600321633022	4.082729243496033	0.0	0.0	
25.204135531642844	27.950601229774804	0.0	0.0	
0.20832902464384873	22.75625495806021	0.0	0.0	
9.629337130330036	1.524038281194926	0.0	0.0	
12.76684925446336	21.84336893125084	0.0	0.0	
9.778226913695178	24.0692102814668	0.0	0.0	
27.241105283980144	4.771056247102443	0.0	0.0	
18.01242652303228	14.351833600375915	0.0	0.0	
10.925310584848752	27.40972406731972	0.0	0.0	
26.807230884815233	30.20140334616612	0.0	0.0	
9.023378820777811	27.791492561952296	0.0	0.0	
18.886852826231014	23.668463315531394	0.0	0.0	
1.5799826778166342	27.348077508453795	0.0	0.0	
12.406713132022286	5.780582214346584	0.0	0.0	
3.3583003522086656	29.649064413597827	0.0	0.0	
22.254071339422037	21.759383225052613	0.0	0.0	
4.22938714405273	11.86550610697913	0.0	0.0	
10.634292444694545	19.97118942641129	0.0	0.0	
4.42303932798476	29.527532779155408	0.0	0.0	
21.97754740683057	13.442921898616529	0.0	0.0	
25.91284424214344	21.23383602147714	0.0	0.0	
27.54878536502946	31.935077095552607	0.0	0.0	
25.36054618789553	5.3612642477781165	0.0	0.0	
0.9664993147543903	0.26616679300681056	0.0	0.0	
1.5087608642033565	31.428669474006536	0.0	0.0	
5.601256046546549	23.14599118256128	0.0	0.0	
21.34347431131816	22.860521076600424	0.0	0.0	
15.960404167144837	20.535067951332543	0.0	0.0	
9.121144029483197	21.879123342655813	0.0	0.0	
15.526871223515101	18.538296345265586	0.0	0.0	
23.470677598610443	25.69912488941887	0.0	0.0	
17.341737703338477	26.644893436569216	0.0	0.0	
20.622586372256446	1.4238896452725527	0.0	0.0	
23.970778935466182	30.63647378687185	0.0	0.0	
26.137042440150275	6.716810692806845	0.0	0.0	
21.50567561625796	7.590115509468596	0.0	0.0	
15.364972958015663	24.694488324312225	0.0	0.0	
12.480043283847476	29.2369886279491	0.0	0.0	
27.825779200297756	25.740936316166632	0.0	0.0	
1.1394557100283222	14.280189542598173	0.0	0.0	
25.887783928949666	15.725064253480088	0.0	0.0	
27.868979292085214	31.70922047677259	0.0	0.0	
1.8541649336508925	22.849961043308046	0.0	0.0	
20.881368434116894	14.530098798388249	0.0	0.0	
25.799811448318273	13.54358092926077	0.0	0.0	
17.268902115644817	25.27358336248435	0.0	0.0	
9.019642298211412	16.4617252185423	0.0	0.0	
29.291506198307705	14.334716158536654	0.0	0.0	
24.336935749222643	13.224608061096415	0.0	0.0	
4.721789284703046	0.9801462400068033	0.0	0.0	
12.13282660561497	16.581411456027197	0.0	0.0	
9.112257365854113	12.48809059546451	0.0	0.0	
30.586569362147486	8.201139860790914	0.0	0.0	
13.906816202734941	6.176971946618064	0.0	0.0	
23.778082277621024	22.90604550018054	0.0	0.0	
16.149086574777137	24.93287180941711	0.0	0.0	
22.78421730820511	24.778276164101836	0.0	0.0	
28.979452432976945	24.99207876884353	0.0	0.0	
10.294825934542153	29.50930717170441	0.0	0.0	
10.023314002184666	22.310710208252605	0.0	0.0	
24.742007023374573	5.135507385049426	0.0	0.0	
