2
32.0	0.0	0.0	0.0	
0.0	32.0	0.0	0.0	
19.395725063945235	21.24551494049063	0.0	0.0	
21.797649685285435	30.505191835879856	0.0	0.0	
21.016490394764883	0.8075870148853248	0.0	0.0	
15.4641128580095	17.75534522146739	0.0	0.0	
8.378671291493855	13.28861213685228	0.0	0.0	
6.1463445008673965	26.702705372045642	0.0	0.0	
12.307407502711204	25.959493588278658	0.0	0.0	
0.7130888210427635	11.29483400837665	0.0	0.0	
7.963692617884227	11.929184826027974	0.0	0.0	
15.093033044497087	17.095613343210314	0.0	0.0	
0.5228969359780606	30.953583244804538	0.0	0.0	
9.404517203835141	20.250215295437343	0.0	0.0	
6.004118129431546	16.411589075047573	0.0	0.0	
4.409015678234365	4.518694770609258	0.0	0.0	
27.901378996901258	17.369843544374305	0.0	0.0	
24.53662071972233	26.86881353074628	0.0	0.0	
14.483056458695565	10.496051792285165	0.0	0.0	
10.757883602138744	17.047559441131558	0.0	0.0	
10.773252841243611	7.917011537128872	0.0	0.0	
31.203025875800638	14.44952532703823	0.0	0.0	
15.485390645819841	12.258003493800633	0.0	0.0	
12.11135193717919	8.000097852858726	0.0	0.0	
27.71376511313209	19.494344839921094	0.0	0.0	
23.635022858357193	23.059559952656443	0.0	0.0	
9.594432734009107	0.14071422075221562	0.0	0.0	
4.2313309351422745	21.203915198725955	0.0	0.0	
3.814139835507767	10.518290560425001	0.0	0.0	
30.895953481780747	15.727238522087621	0.0	0.0	
12.386043611309539	23.90946337887618	0.0	0.0	
17.904081259434957	8.699035734465756	0.0	0.0	
11.488883773441742	22.88244502448412	0.0	0.0	
17.598894926078103	23.71724292556314	0.0	0.0	
30.04969546377139	11.613365999089186	0.0	0.0	
0.15014910551279925	0.08088101396867842	0.0	0.0	
18.01501651819054	21.76611662846658	0.0	0.0	
20.370457216336902	5.279766127083018	0.0	0.0	
31.101751619959536	4.63113488588964	0.0	0.0	
29.023490689259763	20.250424332868253	0.0	0.0	
1.8598176849240815	12.439915628123849	0.0	0.0	
25.251635176625324	25.493930674124552	0.0	0.0	
2.6637829061035063	22.112541210692996	0.0	0.0	
13.210797527505264	23.975987021718907	0.0	0.0	
0.6825698063118644	26.300271402316593	0.0	0.0	
25.00806326365568	18.827401698722635	0.0	0.0	
13.052200961184784	22.842118037589113	0.0	0.0	
22.200029548396845	11.529161309236915	0.0	0.0	
11.599749517494995	28.053821702603894	0.0	0.0	
31.287454973260477	21.05733433797821	0.0	0.0	
2.723556824445456	18.774988518595	0.0	0.0	
21.079896499080107	5.379680947370925	0.0	0.0	
19.29015829230048	0.4114590373206717	0.0	0.0	
28.534428549193994	0.13293409473731543	0.0	0.0	
22.984932231233806	21.85357056805968	0.0	0.0	
23.54208056965869	23.947862027698523	0.0	0.0	
23.58948088497136	21.90746651246179	0.0	0.0	
23.976221920364868	27.022117844579565	0.0	0.0	
10.509788175456961	4.383187602543963	0.0	0.0	
10.602776753946149	31.95285690864089	0.0	0.0	
16.994884318838245	10.895971284818295	0.0	0.0	
16.998393302686527	6.094705182882471	0.0	0.0	
2.9415247227428694	20.579385958918525	0.0	0.0	
27.403568374164564	19.537222711406734	0.0	0.0	
7.69499256525814	14.86944598980795	0.0	0.0	
5.063990566198779	28.940498358752286	0.0	0.0	
19.49987600440134	14.77321867906235	0.0	0.0	
16.424397347424136	19.43664132572817	0.0	0.0	
26.808039802229324	16.213536859250283	0.0	0.0	
12.225693171285961	10.027387331967091	0.0	0.0	
5.093787404606534	2.953515825400263	0.0	0.0	
21.242999018305238	13.892669093733037	0.0	0.0	
20.583185208343476	27.638807496197803	0.0	0.0	
23.043564983777195	13.6093629381349	0.0	0.0	
10.872198630759911	2.78546624635414	0.0	0.0	
21.333215422560944	26.739574863076086	0.0	0.0	
19.487453439842497	30.01490066531833	0.0	0.0	
30.044064193602072	29.481927420670715	0.0	0.0	
28.773846778261507	0.5800683060480907	0.0	0.0	
26.112349428807853	0.544284098267589	0.0	0.0	
30.942093719628268	4.387640928275491	0.0	0.0	
3.7897733956220776	0.48905376383717325	0.0	0.0	
6.681540030510547	0.4311572802046193	0.0	0.0	
6.135021076980333	28.750342034126554	0.0	0.0	
29.612469092192814	0.7526111933571222	0.0	0.0	
24.542020927142808	18.18206842113798	0.0	0.0	
31.47281810606197	2.7506202785833835	0.0	0.0	
1.064837414769844	28.233582948071778	0.0	0.0	
12.653986715670285	19.32647285888452	0.0	0.0	
28.730801551289993	18.948553349957432	0.0	0.0	
20.330684190134	3.3707618111496593	0.0	0.0	
12.03696474032921	0.45737924396986074	0.0	0.0	
15.666092770009524	14.535371918268599	0.0	0.0	
12.274470232696995	1.4662395491410471	0.0	0.0	
18.83093715775144	27.147263390094565	0.0	0.0	
17.572250793113408	22.784544831711962	0.0	0.0	
9.647962673949738	1.9639352648451762	0.0	0.0	
1.6132994497933772	20.262291595099384	0.0	0.0	
24.79743370441956	17.951794600968544	0.0	0.0	
5.118965248519594	3.702767014231398	0.0	0.0	
3.6195557037237975	11.105464881611148	0.0	0.0	
12.329856327375182	16.154083294137106	0.0	0.0	
4.170151362550733	11.152000530877544	0.0	0.0	
3.8875455625100415	30.62231529950913	0.0	0.0	
5.906797792533556	18.90449917346672	0.0	0.0	
29.166304979866062	14.540453993752195	0.0	0.0	
12.391499794725501	5.4226015104562215	0.0	0.0	
12.32820601136741	1.6435560480027753	0.0	0.0	
18.804064533109322	28.52899195396745	0.0	0.0	
20.819545647675387	17.31774494640926	0.0	0.0	
3.832661251070828	11.372003789717766	0.0	0.0	
14.218842680773328	15.69689113631821	0.0	0.0	
23.281969763380488	14.230566681942694	0.0	0.0	
17.482666947149276	28.189704534728836	0.0	0.0	
18.235992147072693	31.517117650775596	0.0	0.0	
14.573273183787997	1.581132729868198	0.0	0.0	
21.656635048449424	24.39547254496457	0.0	0.0	
29.623587460693113	16.50984138678812	0.0	0.0	
29.942512719806132	16.831654280733424	0.0	0.0	
19.487913259249314	18.435419857713217	0.0	0.0	
23.652565646845442	31.20562455123074	0.0	0.0	
5.431757000327536	21.30922012721062	0.0	0.0	
2.9663547984602445	28.611536832862704	0.0	0.0	
9.087200929487818	22.66252227256707	0.0	0.0	
19.370346147377855	25.413860956442903	0.0	0.0	
12.53444825923938	12.253186811074197	0.0	0.0	
19.16405940803276	4.81862038245805	0.0	0.0	
17.837624764472185	21.758894215219712	0.0	0.0	
17.908963576553973	27.539447045816903	0.0	0.0	
9.199447651969482	9.807454412991817	0.0	0.0	
20.592045403259302	28.40983766515393	0.0	0.0	
3.8036723747228223	9.511289743361985	0.0	0.0	
13.65892836179507	0.9218076199934195	0.0	0.0	
19.596959682167977	29.984139655706993	0.0	0.0	
31.029934686272615	6.481629973390191	0.0	0.0	
9.143434358837808	12.322353541822292	0.0	0.0	
26.11091118497819	18.571296419446128	0.0	0.0	
30.86385322861679	24.4327803232287	0.0	0.0	
17.99447327505438	6.135917313834373	0.0	0.0	
28.027464973744376	30.663718808754204	0.0	0.0	
21.863919854786133	4.723485274744849	0.0	0.0	
8.048019541756943	11.926579335033555	0.0	0.0	
12.162368848458371	19.993636146898428	0.0	0.0	
22.774854564728585	13.353682593228019	0.0	0.0	
30.93445941626646	25.678066085408418	0.0	0.0	
25.84919983387295	15.307646074956736	0.0	0.0	
18.78357191310555	20.856991159232827	0.0	0.0	
15.243673112327826	13.99769361932275	0.0	0.0	
17.547039274361804	30.69487242385887	0.0	0.0	
27.980899423739107	27.619626299525596	0.0	0.0	
26.558137326140262	25.713169357645164	0.0	0.0	
25.658180393323118	1.8649633120198885	0.0	0.0	
6.393581120445823	28.169106735436824	0.0	0.0	
17.591289558488935	23.529517798262535	0.0	0.0	
20.798058965271206	8.774592748353275	0.0	0.0	
15.781348260534209	2.3116783730830797	0.0	0.0	
24.288302621316497	30.73266003997942	0.0	0.0	
14.960244264461238	5.9271696507199	0.0	0.0	
7.561407803430935	4.108098538272689	0.0	0.0	
13.53461283493835	4.302850868109026	0.0	0.0	
25.4507842182799	31.28768511598268	0.0	0.0	
15.342288672608682	6.521565688058672	0.0	0.0	
5.437581357280912	0.36957107128974087	0.0	0.0	
22.948707596453364	8.745401600674963	0.0	0.0	
15.571711956669336	6.5343755846968605	0.0	0.0	
18.531108174221316	30.98188370656778	0.0	0.0	
6.727573299687819	21.991175741066716	0.0	0.0	
10.056150963398949	28.328507811546945	0.0	0.0	
31.40372607698405	16.11457590343788	0.0	0.0	
22.465601390536886	25.772624215366058	0.0	0.0	
17.188921248763926	30.92994278982495	0.0	0.0	
31.54921032316267	1.5580562562048748	0.0	0.0	
17.99865396283617	0.49270244382068995	0.0	0.0	
23.649615647795677	11.00126978693348	0.0	0.0	
22.395894117606137	15.902530414422372	0.0	0.0	
11.802001094872601	3.517789698351077	0.0	0.0	
12.925937147250323	25.270769795688672	0.0	0.0	
1.8410131990614609	27.255818285866287	0.0	0.0	
4.605419058699532	30.820907414056904	0.0	0.0	
29.76577433216133	22.508998011973556	0.0	0.0	
28.54854297385555	6.861054666026092	0.0	0.0	
12.138060928548995	7.363804024224997	0.0	0.0	
13.773933470377585	4.140650514386412	0.0	0.0	
9.243811184996456	30.60813839776087	0.0	0.0	
25.847027789065283	23.735808629463172	0.0	0.0	
23.762818679595235	15.956360963471276	0.0	0.0	
0.46986076463328175	7.122325108491349	0.0	0.0	
26.048633182094004	23.778806516504694	0.0	0.0	
19.692028104307525	0.4654700723553624	0.0	0.0	
24.208973490257012	6.211963538242589	0.0	0.0	
18.03166283588196	17.535109791475577	0.0	0.0	
16.227424587393788	29.66174030163328	0.0	0.0	
5.442859101875847	28.110999336293524	0.0	0.0	
10.318336202334862	14.394360758896308	0.0	0.0	
24.141100771741876	0.027588381904070758	0.0	0.0	
7.9997635751672505	25.254961932394643	0.0	0.0	
29.936212290125464	3.5475361750128975	0.0	0.0	
26.25226569552244	13.608929816967262	0.0	0.0	
24.105736493222054	29.114778873057972	0.0	0.0	
8.585984108780352	7.606262910067883	0.0	0.0	
10.81267810058127	16.617655086625593	0.0	0.0	
0.13319810481500838	6.813547486753308	0.0	0.0	
25.488991475590566	9.544894361081518	0.0	0.0	
15.020192915870492	3.4958648912512444	0.0	0.0	
21.675950360591493	12.040001289036315	0.0	0.0	
3.5913903556034796	12.211609727476521	0.0	0.0	
16.40387260246113	21.9797564505068	0.0	0.0	
13.324543171229564	15.229696354719177	0.0	0.0	
4.766452351164801	26.586599818355317	0.0	0.0	
26.979625256859137	16.641027335688094	0.0	0.0	
17.48953262114406	3.9965699867748157	0.0	0.0	
26.341386272089338	14.825264429632163	0.0	0.0	
29.50676410981942	26.250595991754004	0.0	0.0	
11.360914343310291	26.79231035181637	0.0	0.0	
3.9039096578843875	13.47162206507831	0.0	0.0	
14.717692051294613	30.902833714437193	0.0	0.0	
2.5028617480092095	7.315497775901704	0.0	0.0	
8.309886622707765	20.358531421993742	0.0	0.0	
18.285182020880313	19.979828733824633	0.0	0.0	
19.26148699067648	26.338937253720225	0.0	0.0	
12.76409234458594	19.646012788038437	0.0	0.0	
13.7129903374665	1.6255729111311084	0.0	0.0	
9.16787562779404	29.198206174197107	0.0	0.0	
29.956688425131002	10.237123560354927	0.0	0.0	
5.474846440140546	17.409042326998936	0.0	0.0	
1.6754707606695938	6.203929668259221	0.0	0.0	
29.49902735982497	17.35700885300412	0.0	0.0	
10.316354271375374	6.795917496936365	0.0	0.0	
16.77779282109666	25.055248596877732	0.0	0.0	
21.352664510136822	20.927962352687818	0.0	0.0	
5.6189239247189136	22.56939130708575	0.0	0.0	
16.508454367024697	25.41814673552581	0.0	0.0	
14.825407251341492	24.409430506495433	0.0	0.0	
17.022175484696557	24.53433228172236	0.0	0.0	
2.734945175762828	7.167520637804369	0.0	0.0	
27.898842637363764	0.0231555843284994	0.0	0.0	
12.009155165978871	19.05490117685066	0.0	0.0	
20.550327442611557	30.76156008318027	0.0	0.0	
10.619020199903698	26.548701345163074	0.0	0.0	
29.252028002852768	14.241711396091713	0.0	0.0	
3.593946707868632	13.850577367151072	0.0	0.0	
8.81143038180624	7.767452073866561	0.0	0.0	
3.4935095762598145	25.82231587861888	0.0	0.0	
7.565705734899996	17.9692841317952	0.0	0.0	
21.234384850856724	7.92217359093647	0.0	0.0	
12.953860263561491	6.653823313977103	0.0	0.0	
2.088016792674182	31.454901810510727	0.0	0.0	
3.0400117250339775	6.54233234531528	0.0	0.0	
14.79749694626268	24.20951893361186	0.0	0.0	
1.9489594486785862	9.58963168228571	0.0	0.0	
16.51766200901859	15.119327256501546	0.0	0.0	
7.7478957332494005	9.361139338619669	0.0	0.0	
31.07315086095996	27.214124815457563	0.0	0.0	
10.655262991346557	29.878343474484694	0.0	0.0	
27.280868586061917	19.808243264028224	0.0	0.0	
30.54841117394325	14.641841912487237	0.0	0.0	
12.96965834905932	31.324112235332823	0.0	0.0	
18.08800237744713	31.38254346881862	0.0	0.0	
4.884264471819517	4.811707344955824	0.0	0.0	
13.033007618284138	23.759175920124644	0.0	0.0	
0.28313862631244646	30.49139773426718	0.0	0.0	
21.62451140695861	27.783206150968688	0.0	0.0	
26.0409357554858	30.364795354663762	0.0	0.0	
21.668368496125016	6.6846860839403845	0.0	0.0	
5.516833371971497	31.594418745250323	0.0	0.0	
25.366071587943363	1.0640681527412426	0.0	0.0	
16.834065401255106	20.61282266178539	0.0	0.0	
19.11298604157756	29.473378492708907	0.0	0.0	
14.567139497454185	21.275381468659404	0.0	0.0	
21.39125904753315	19.73424188106182	0.0	0.0	
9.922363261126524	27.283200631745533	0.0	0.0	
1.7490811016638368	25.87962497012002	0.0	0.0	
29.88541247234511	25.252313426169856	0.0	0.0	
2.8060375271933253	30.470708467626956	0.0	0.0	
5.306929491663123	28.968942513066924	0.0	0.0	
2.820463050971952	15.156441818934553	0.0	0.0	
17.304621547582848	16.936049834707028	0.0	0.0	
13.324662951285532	2.5452994973161758	0.0	0.0	
31.893742966695257	17.47690824295027	0.0	0.0	
22.36520609596177	10.251567372967298	0.0	0.0	
26.44289886730027	0.7935724339394419	0.0	0.0	
13.033156170692067	10.31127011472314	0.0	0.0	
23.68646944734642	1.3425353451012931	0.0	0.0	
7.615159742213731	6.399525789109884	0.0	0.0	
24.622433303795642	22.45754002192915	0.0	0.0	
25.839657204344427	31.516344936741376	0.0	0.0	
18.51617493951883	28.848806827535114	0.0	0.0	
31.55670996017452	3.4909729566227057	0.0	0.0	
11.00428363381836	19.24772354230083	0.0	0.0	
29.860235983323236	12.601937378640503	0.0	0.0	
22.757575789217828	10.892661644062823	0.0	0.0	
0.7499016904869755	28.25890917597344	0.0	0.0	
21.307263758554676	31.740967328416026	0.0	0.0	
30.42729553047329	10.05243569879594	0.0	0.0	
21.912755118388638	4.060781678707418	0.0	0.0	
31.12393320806866	2.323501981554873	0.0	0.0	
11.93806170723969	21.16829061870774	0.0	0.0	
7.640415272368838	21.830335715464457	0.0	0.0	
0.5722743843063647	10.475781801893387	0.0	0.0	
20.40230711910892	5.445075165495901	0.0	0.0	
19.829575138121477	26.19474953705342	0.0	0.0	
31.53263672480923	29.02921747932448	0.0	0.0	
26.81086225520548	9.413875596114337	0.0	0.0	
25.754802565833884	23.259381010820647	0.0	0.0	
1.7751055311668331	2.583844517721289	0.0	0.0	
1.4920525192619358	6.3948916679923435	0.0	0.0	
7.772427491634055	28.810775408658564	0.0	0.0	
3.209625781102922	8.785414938498413	0.0	0.0	
31.048836150881673	3.8024976772692973	0.0	0.0	
0.49664478309687254	5.442792447784662	0.0	0.0	
30.635307458756174	29.650758200664175	0.0	0.0	
28.369106858207687	2.1490632759248562	0.0	0.0	
28.052491902974307	7.707950723732832	0.0	0.0	
13.740886054068898	24.17599350582527	0.0	0.0	
13.714191797979563	22.703628151221352	0.0	0.0	
29.832623989288308	18.285078596349567	0.0	0.0	
26.038813952297655	27.44788353125101	0.0	0.0	
13.265602927985775	17.09654014762781	0.0	0.0	
31.57219905834746	25.097872578179103	0.0	0.0	
17.768491814761717	5.212616699287981	0.0	0.0	
0.31513057404899314	22.50311087510476	0.0	0.0	
12.004330754855424	5.069120088986214	0.0	0.0	
15.721984759034267	9.898695754752485	0.0	0.0	
12.880277765720056	24.30890648423574	0.0	0.0	
8.187399180974154	10.9800160246482	0.0	0.0	
24.706329839249097	6.1259424486260095	0.0	0.0	
5.139396600676012	28.4125439081792	0.0	0.0	
7.7789745424929855	5.623523314164213	0.0	0.0	
2.32771330512524	17.797755174747994	0.0	0.0	
25.09953190742318	17.689804814838265	0.0	0.0	
13.20792038841757	24.762585352708278	0.0	0.0	
8.546611562113235	15.312176125111868	0.0	0.0	
0.40226026185187536	11.597225422305254	0.0	0.0	
9.699675174382381	18.906456392608536	0.0	0.0	
17.341827598897776	29.17506526062073	0.0	0.0	
14.419537641702348	21.043491024399792	0.0	0.0	
14.862470778320013	14.143583438177597	0.0	0.0	
1.5698270534938707	10.373508707547082	0.0	0.0	
7.114071339969506	14.01899575931473	0.0	0.0	
20.1537963386471	19.656148120283692	0.0	0.0	
30.328436778913982	28.21628174414866	0.0	0.0	
19.698701604084803	16.002112839565346	0.0	0.0	
30.075104884910903	22.579535757487903	0.0	0.0	
3.8741326291551026	2.8192343177825343	0.0	0.0	
25.377464084951715	10.248707253230787	0.0	0.0	
21.799784890179687	11.759283991525585	0.0	0.0	
3.68048287739618	21.882736317248874	0.0	0.0	
18.863588672928916	26.096155495859374	0.0	0.0	
25.239726642924854	1.985617348047537	0.0	0.0	
17.960767265447796	29.290829636029514	0.0	0.0	
17.333916219758517	23.943382234029468	0.0	0.0	
12.266930646299095	31.584730780971093	0.0	0.0	
24.559745593554517	27.820138481151403	0.0	0.0	
12.422439094245231	29.803388191680963	0.0	0.0	
23.320319149709597	5.356788048125374	0.0	0.0	
31.84272163598813	4.033331812435357	0.0	0.0	
28.909000613566562	18.805425704491707	0.0	0.0	
31.176861185078394	14.642143118491873	0.0	0.0	
9.014756875880437	3.081734036430923	0.0	0.0	
13.207749353709445	8.60746564001407	0.0	0.0	
26.206294779985218	15.5227646712219	0.0	0.0	
18.862438318542274	18.050917300131093	0.0	0.0	
5.3415383254131505	2.435213312417517	0.0	0.0	
8.74877017186057	2.3328171884652775	0.0	0.0	
11.108646557034003	21.625231061628572	0.0	0.0	
10.526148928461733	26.071782286379324	0.0	0.0	
31.625778224123703	20.24175468075438	0.0	0.0	
28.754043062265833	14.03008922404322	0.0	0.0	
16.478072012545738	17.80059865762911	0.0	0.0	
12.48632403345647	0.269925071849368	0.0	0.0	
11.753308265462131	15.625410441335951	0.0	0.0	
7.8426694631775895	30.808671439581914	0.0	0.0	
22.837963665007514	0.9622338396023942	0.0	0.0	
18.76159444486681	2.194458806133028	0.0	0.0	
31.27274415547258	4.1149612354194645	0.0	0.0	
1.9241929383215677	3.7920756153363335	0.0	0.0	
16.402951688852283	4.463598109574214	0.0	0.0	
31.40411206507167	24.201658568197914	0.0	0.0	
19.540148706375696	9.313761619995212	0.0	0.0	
5.861778659953149	25.542406301748915	0.0	0.0	
7.852867731260286	8.375878705960737	0.0	0.0	
21.40869004728785	19.911864949831944	0.0	0.0	
8.114329789135319	12.725849952223594	0.0	0.0	
15.5805740120954	10.75116856269192	0.0	0.0	
21.425001414564314	7.360644963510239	0.0	0.0	
2.7530331206722316	14.785240679781534	0.0	0.0	
31.06950035623836	26.878885927479214	0.0	0.0	
28.625955315544335	7.261240316717508	0.0	0.0	
1.626925309095956	4.125611695128512	0.0	0.0	
1.5909621519334003	14.099903501621228	0.0	0.0	
24.075923869991403	26.439354590838203	0.0	0.0	
23.64785396096045	17.934297929859753	0.0	0.0	
25.65691759591485	29.853821002251223	0.0	0.0	
4.271754540275744	12.727068870559929	0.0	0.0	
10.339716668513919	22.18969325868929	0.0	0.0	
5.151890006946839	6.587188274948129	0.0	0.0	
12.954388832848245	15.535297335592254	0.0	0.0	
6.342827913635379	23.140224328959025	0.0	0.0	
8.719941004830389	31.044177446987685	0.0	0.0	
26.444777567332864	26.247399745553913	0.0	0.0	
30.78525138904669	8.514099397477754	0.0	0.0	
13.922332779154921	9.278475477957723	0.0	0.0	
29.432896924400506	10.160676494774634	0.0	0.0	
25.737915630499906	9.564327691818644	0.0	0.0	
0.7908884820073396	20.924797613220594	0.0	0.0	
2.9956935844281922	10.271415098847942	0.0	0.0	
11.81421128507252	19.68407255511392	0.0	0.0	
26.280975521529093	16.290072079331367	0.0	0.0	
22.061793993319945	5.996578644858726	0.0	0.0	
10.569092612929193	6.322496982565859	0.0	0.0	
0.6940945041297404	12.37384214291021	0.0	0.0	
29.455748286160528	3.865424858702468	0.0	0.0	
13.654797714528964	18.553122169041387	0.0	0.0	
11.226522200948509	31.024529964177322	0.0	0.0	
24.610613327828624	19.865700608613032	0.0	0.0	
22.571839681213028	12.363530699692618	0.0	0.0	
2.153733104913055	9.119160261994878	0.0	0.0	
6.524046352669355	4.859047362277025	0.0	0.0	
18.370518235277107	25.899103681793598	0.0	0.0	
13.748507240270715	6.540415729688469	0.0	0.0	
14.850973348520874	4.595609690392166	0.0	0.0	
6.04828848785511	26.27674689108693	0.0	0.0	
16.508550592991917	26.11245854755708	0.0	0.0	
2.1754759910999866	18.053890576800224	0.0	0.0	
24.150185103978977	8.499611640576624	0.0	0.0	
5.448434585873311	11.790469656151252	0.0	0.0	
4.569041470757345	29.11811021572616	0.0	0.0	
18.52069989825445	13.689752628629133	0.0	0.0	
27.885817732925222	10.083265771319542	0.0	0.0	
8.25425056211942	31.58051861977352	0.0	0.0	
6.36571937774286	10.926838209525197	0.0	0.0	
6.5099714477447	23.91264271413508	0.0	0.0	
28.911593547288906	9.008648300349307	0.0	0.0	
16.702275983633093	30.767729277896432	0.0	0.0	
9.272281738121613	13.930011880811016	0.0	0.0	
29.60393029338491	21.005933288482176	0.0	0.0	
18.782377827422028	7.975659508064616	0.0	0.0	
2.1289025126505834	11.773256559080863	0.0	0.0	
25.97709648227087	12.15633901731509	0.0	0.0	
30.71619373661994	27.712589418934552	0.0	0.0	
16.273006030208762	24.72650920219853	0.0	0.0	
22.707734737679655	29.02741752576543	0.0	0.0	
27.35449299686226	26.827242202335828	0.0	0.0	
31.735544909640556	6.518451487969173	0.0	0.0	
21.049164467661186	9.658597153033796	0.0	0.0	
31.363041009726793	11.43556199365516	0.0	0.0	
18.598258179406503	7.167134202648498	0.0	0.0	
21.87616570924005	1.7025831102486002	0.0	0.0	
1.5973761174018861	30.862937163014525	0.0	0.0	
23.18230376312664	3.6818751858968035	0.0	0.0	
11.679497396037071	29.340563165599743	0.0	0.0	
9.870703415562986	20.553436155965237	0.0	0.0	
5.580207915318159	20.265206835768144	0.0	0.0	
6.538088270011649	14.495920416995677	0.0	0.0	
9.5325596494988	21.001592330792356	0.0	0.0	
9.413767689504596	25.123763752977634	0.0	0.0	
1.6016343105540507	20.33412158730194	0.0	0.0	
31.409268287406654	31.848143982498343	0.0	0.0	
12.191430239535382	19.733739468755374	0.0	0.0	
1.9573981331178771	11.624085558296201	0.0	0.0	
20.266745569045295	26.5206521420362	0.0	0.0	
13.78962613115236	13.344508573404433	0.0	0.0	
6.608338100889377	25.766026378656836	0.0	0.0	
29.27858792187774	18.31804467599663	0.0	0.0	
28.597298043616007	6.75126458828483	0.0	0.0	
20.940939226736088	26.596703898432498	0.0	0.0	
14.826680572708447	21.862692969598402	0.0	0.0	
12.900115003267604	29.18521437594706	0.0	0.0	
26.6710761667926	1.7217844193391763	0.0	0.0	
17.677894098703515	13.173410108728334	0.0	0.0	
6.286737504762105	8.550146429469581	0.0	0.0	
18.84112921244209	17.540667096396405	0.0	0.0	
27.790421895214543	22.60977569150328	0.0	0.0	
9.984284281035801	26.010932581298892	0.0	0.0	
31.7225508484779	11.81423363778504	0.0	0.0	
2.1297959707727365	28.727263279037512	0.0	0.0	
26.554671337298053	15.755647248470737	0.0	0.0	
27.940330641590833	12.479160413925921	0.0	0.0	
2.129121391485846	18.61904139030628	0.0	0.0	
26.4883595247894	21.820617707144546	0.0	0.0	
31.977537876335315	1.9445077672257973	0.0	0.0	
23.614569854031103	14.65393240854807	0.0	0.0	
18.491511154953105	17.78585440566533	0.0	0.0	
25.404229360666594	24.729573009842074	0.0	0.0	
6.841439309910314	31.26570674369442	0.0	0.0	
30.477961530077692	2.547308305243547	0.0	0.0	
27.78078937316708	30.450275296263822	0.0	0.0	
6.548473710832891	18.656282835988264	0.0	0.0	
8.17323640328317	25.55132010361054	0.0	0.0	
30.081007414075295	6.82958528183099	0.0	0.0	
21.635757744367023	0.384969865216096	0.0	0.0	
12.36138579109426	3.5527769863804366	0.0	0.0	
5.436192162205842	0.8470988043343866	0.0	0.0	
29.646897979725637	8.185168770153123	0.0	0.0	
4.748048984280356	6.279685012636502	0.0	0.0	
29.46301061972063	1.3430583402259302	0.0	0.0	
13.9263837457705	16.658642574653868	0.0	0.0	
15.599738855345333	7.453146881317355	0.0	0.0	
23.54105787505368	11.02808275865733	0.0	0.0	
0.2011878699466898	24.180582591304482	0.0	0.0	
29.198442062859268	10.081638044367313	0.0	0.0	
3.0647159171212515	14.539097100668517	0.0	0.0	
2.849557377552671	24.016138160500915	0.0	0.0	
22.49814294959408	28.00457250834133	0.0	0.0	
10.1213991524797	11.018471451187974	0.0	0.0	
27.61683065079907	27.58467680088775	0.0	0.0	
12.859465786937516	23.397128847519124	0.0	0.0	
2.699888330950799	29.554865598199143	0.0	0.0	
15.727081210829041	24.313772954390544	0.0	0.0	
22.40904276189307	8.909494366690932	0.0	0.0	
30.05368897501979	15.301810456651307	0.0	0.0	
18.464774828119964	25.529053173638648	0.0	0.0	
10.362986014295277	19.38406815208844	0.0	0.0	
19.3207418439918	14.179495406057502	0.0	0.0	
31.331727012330862	0.7853643789837541	0.0	0.0	
5.822605415531498	17.39470266863386	0.0	0.0	
13.547708301348528	8.732626239051594	0.0	0.0	
3.670477208052798	22.7029188833714	0.0	0.0	
13.706269833345296	4.362468044971003	0.0	0.0	
4.341483993360722	24.847327787315482	0.0	0.0	
27.37350514076498	11.053383619802503	0.0	0.0	
6.0459261491558856	14.466206310442825	0.0	0.0	
23.654866384960652	10.376229607118407	0.0	0.0	
19.807288355291245	23.86050068487165	0.0	0.0	
4.123779001474453	16.764461644236988	0.0	0.0	
11.864673133123254	16.425122487815493	0.0	0.0	
21.66304897238544	7.734176004797121	0.0	0.0	
2.8058075383740295	15.310073363433787	0.0	0.0	
25.824172250613252	25.411029762710363	0.0	0.0	
4.056047752907894	18.982375711314294	0.0	0.0	
23.027865512598854	17.5172765971958	0.0	0.0	
11.800221196987998	28.551584984697563	0.0	0.0	
9.852406064083905	18.102592917117565	0.0	0.0	
24.291597571389033	26.23955177504157	0.0	0.0	
10.275974637474189	27.672269825578308	0.0	0.0	
23.862750111535494	12.146456404884237	0.0	0.0	
15.385385289989653	15.761267936512784	0.0	0.0	
8.716972235345793	9.14862246404369	0.0	0.0	
19.01625914839211	20.721889603672416	0.0	0.0	
23.53545280714768	11.870886593112626	0.0	0.0	
10.641638362393884	18.013747626550977	0.0	0.0	
29.608359960837934	1.2531327764400046	0.0	0.0	
26.320918920394767	0.7846366304169337	0.0	0.0	
12.43705246587782	2.5236524546796097	0.0	0.0	
10.739890919464433	29.720339184857334	0.0	0.0	
22.75821772540217	27.71784150926711	0.0	0.0	
7.176619427205949	20.26098334997423	0.0	0.0	
10.25609799618827	16.39805241730992	0.0	0.0	
15.103250098418393	11.564685314233042	0.0	0.0	
21.043986951216965	13.933868751542246	0.0	0.0	
31.45603871044471	29.517611438356173	0.0	0.0	
16.022347257154582	17.90431333643859	0.0	0.0	
1.5699953259560715	2.390044941977397	0.0	0.0	
15.626924318417952	14.863792606759635	0.0	0.0	
8.42443905996814	11.094302973364108	0.0	0.0	
5.353078478044473	15.507024849040825	0.0	0.0	
26.629297229232535	1.2120311481067283	0.0	0.0	
26.79037812796255	27.83417641728689	0.0	0.0	
11.088491113166825	0.01406440041732182	0.0	0.0	
24.304939105741504	31.01790947707223	0.0	0.0	
20.877417687980802	27.720060164725496	0.0	0.0	
12.674976464687049	27.95670845442621	0.0	0.0	
22.523471144199465	8.713534403157343	0.0	0.0	
23.99775758010295	0.5074052416629762	0.0	0.0	
17.921552192919684	29.37364196774327	0.0	0.0	
8.593201695889658	9.897737155819499	0.0	0.0	
26.41632529610341	23.426728563662774	0.0	0.0	
24.61614526675785	0.022369055187073883	0.0	0.0	
3.6872727840531354	30.14042201485912	0.0	0.0	
10.890260882095017	28.6981024439751	0.0	0.0	
3.579789996226207	5.135120612447096	0.0	0.0	
22.485146923987802	25.448663901916877	0.0	0.0	
18.465535391225195	4.753292136320692	0.0	0.0	
4.817828148411813	30.831868286366625	0.0	0.0	
16.602826856455668	26.260963662446954	0.0	0.0	
29.811995876676388	21.51113449186951	0.0	0.0	
26.17874918370675	13.264774160434428	0.0	0.0	
24.677172094493883	21.118314928708966	0.0	0.0	
25.412662501134204	25.185305588846628	0.0	0.0	
9.049908022542844	7.777093766292239	0.0	0.0	
30.163283748938024	28.564247153232326	0.0	0.0	
13.481569452756478	24.076032642054386	0.0	0.0	
15.611724625622422	11.98887467330271	0.0	0.0	
10.217251480054802	0.2905004522376622	0.0	0.0	
11.624029146311504	13.64779409715408	0.0	0.0	
26.27381136577197	26.918806834195646	0.0	0.0	
27.253573261902027	17.556113512266574	0.0	0.0	
14.16101694462052	23.381543673057195	0.0	0.0	
5.7861766086957545	22.295304567465248	0.0	0.0	
17.19351592424157	16.573918574514696	0.0	0.0	
18.63615542744296	28.379237444603625	0.0	0.0	
31.706148821242035	6.500465835194078	0.0	0.0	
29.456715454115688	12.668157908576319	0.0	0.0	
17.5750470864652	3.5069429848872815	0.0	0.0	
6.3124832512496845	15.154135923345219	0.0	0.0	
8.5375054371934	0.3658726483312975	0.0	0.0	
9.073002734686408	27.228464165316083	0.0	0.0	
24.22104899883209	11.175803127988882	0.0	0.0	
2.7976449603755746	17.63564028424293	0.0	0.0	
16.257154186518694	19.417720100731927	0.0	0.0	
18.075308331060235	21.426328567411016	0.0	0.0	
28.592999508055353	23.678603594721523	0.0	0.0	
7.722626807027073	6.064426695006382	0.0	0.0	
22.414342684908394	25.238544490166024	0.0	0.0	
3.4958910819613607	16.96444143941894	0.0	0.0	
2.742818556547224	20.774890947169098	0.0	0.0	
9.2523669585071	22.54697993459417	0.0	0.0	
6.185932964029551	23.47151539121323	0.0	0.0	
26.678841333277237	24.46817303113609	0.0	0.0	
10.997996616110683	23.41137724338098	0.0	0.0	
1.7118395336858185	24.2860193545039	0.0	0.0	
0.23510610694943068	11.749794459694812	0.0	0.0	
15.352611029851861	23.198017494611307	0.0	0.0	
17.117993880963514	25.902890322724623	0.0	0.0	
17.21699906639889	4.104463218216946	0.0	0.0	
26.234984333933962	19.526649281327195	0.0	0.0	
7.526865208360306	12.556126941816455	0.0	0.0	
8.49796721650992	2.8026350463952134	0.0	0.0	
9.932745006558584	25.33024011287348	0.0	0.0	
14.119580658250001	21.81548789007251	0.0	0.0	
7.944106450372367	22.060397675257388	0.0	0.0	
23.002399701387347	22.91587468976304	0.0	0.0	
13.02140881399782	22.842535813105314	0.0	0.0	
0.5185033075037566	0.9676076023055664	0.0	0.0	
28.537852090051253	12.455997512804785	0.0	0.0	
20.642743038504396	24.107609598229075	0.0	0.0	
30.151271786627156	27.485671018093694	0.0	0.0	
13.824554044902317	24.182822394620047	0.0	0.0	
26.926160872325344	17.91136597847806	0.0	0.0	
2.7936175810094355	26.20807287994951	0.0	0.0	
24.199246534011717	8.253332172406456	0.0	0.0	
13.608873510213364	3.3507738314112387	0.0	0.0	
30.810620483856834	28.490158343348067	0.0	0.0	
8.742328398876118	15.765731567811965	0.0	0.0	
22.105378321698243	2.146201242986212	0.0	0.0	
30.389821669924668	19.544852281269687	0.0	0.0	
26.268036565114286	27.94699742573313	0.0	0.0	
19.22969270241304	13.34223436226807	0.0	0.0	
6.439145041875783	16.14536662010922	0.0	0.0	
21.991477563560515	30.493976351012126	0.0	0.0	
14.656344521801525	12.449936839143561	0.0	0.0	
13.742503544272882	29.784806860236856	0.0	0.0	
14.732348633064223	26.96409072950833	0.0	0.0	
9.401861109091296	3.5732916951050413	0.0	0.0	
29.225798772064824	10.014253051208382	0.0	0.0	
18.688803203601864	6.396567816649661	0.0	0.0	
16.099183761240983	9.342067682963158	0.0	0.0	
17.710578577719573	20.73501730398975	0.0	0.0	
2.704409113927518	6.981946515269954	0.0	0.0	
5.231717125077456	16.45058376007582	0.0	0.0	
24.432495198004823	27.67180800009451	0.0	0.0	
7.462555773252561	16.768541887779175	0.0	0.0	
0.35349967392071235	20.01546411008394	0.0	0.0	
4.269180968103086	0.8055395168704322	0.0	0.0	
6.517210097850278	12.973774035452717	0.0	0.0	
0.1675258213927755	26.61726914763037	0.0	0.0	
13.043044211927583	1.9319902335292305	0.0	0.0	
17.189610988190786	6.250333663033253	0.0	0.0	
26.00629966439099	30.499092364294633	0.0	0.0	
26.734786860259195	20.090071978370705	0.0	0.0	
27.85036634817685	4.143801693023683	0.0	0.0	
17.40666990907449	29.0128080840814	0.0	0.0	
7.71703654773253	27.42476388301077	0.0	0.0	
13.441256762788228	22.930621073725703	0.0	0.0	
17.4095104144641	28.123450282588323	0.0	0.0	
22.40407499963202	1.0403212056956086	0.0	0.0	
11.091424576631955	10.145900906101993	0.0	0.0	
27.54734974307428	24.092564003758557	0.0	0.0	
1.8468152387030692	16.437126437452868	0.0	0.0	
18.33450024260012	26.91251099159056	0.0	0.0	
19.46643348727659	3.184572782740638	0.0	0.0	
5.065069407724614	27.3256945601763	0.0	0.0	
22.70803117243724	15.221299018995563	0.0	0.0	
0.16798594399698175	13.157977608787771	0.0	0.0	
13.458890473046843	25.389741453995633	0.0	0.0	
2.4182625576215564	14.948522868386899	0.0	0.0	
1.8998197815324929	6.584818808217943	0.0	0.0	
26.609434613474036	9.907885286250735	0.0	0.0	
9.288978023178345	15.031101324658298	0.0	0.0	
2.694821281948421	18.01252307928356	0.0	0.0	
28.341099674479615	8.135634531529696	0.0	0.0	
8.473089279772125	20.76723198595597	0.0	0.0	
12.085844613813155	10.26619150136019	0.0	0.0	
8.862476424416865	24.175310580203206	0.0	0.0	
1.7938280837879184	26.563696416989707	0.0	0.0	
4.0313575794441405	14.05064935489435	0.0	0.0	
23.79742405428402	10.205695016964054	0.0	0.0	
31.482654672425426	12.276201053265595	0.0	0.0	
17.101799121063163	23.90787016058641	0.0	0.0	
9.373960945254673	15.13361036013109	0.0	0.0	
11.873108965740066	31.469704945129063	0.0	0.0	
16.210326877512788	2.2573209768890266	0.0	0.0	
21.107506131296006	8.991995683703365	0.0	0.0	
13.790850928469716	24.019892220857496	0.0	0.0	
7.895405848145707	14.794837958516844	0.0	0.0	
19.486772093494203	24.48494279309047	0.0	0.0	
18.442591474719475	1.516441611729519	0.0	0.0	
1.890331362812347	17.036973372249548	0.0	0.0	
15.35990675757385	7.030082010671116	0.0	0.0	
28.828800489071906	18.827362582497514	0.0	0.0	
1.17725185922151	10.582520702197574	0.0	0.0	
25.934987045253454	2.0705928316996385	0.0	0.0	
30.69980086791392	19.18699877840321	0.0	0.0	
0.6241858985919677	20.123050776259994	0.0	0.0	
25.969730970506212	14.15817866021085	0.0	0.0	
26.82289828537527	24.01341436629496	0.0	0.0	
0.037925966423038915	15.895812647483577	0.0	0.0	
20.0849016838169	23.91866940689241	0.0	0.0	
31.705094045530423	8.697151681933715	0.0	0.0	
25.610431013975937	13.275688490804335	0.0	0.0	
29.456016850076683	27.9048075120127	0.0	0.0	
18.196552389118146	28.982889291204348	0.0	0.0	
27.950059233911567	27.163364623002092	0.0	0.0	
21.511806889160688	22.006152044454396	0.0	0.0	
20.58926913307545	28.107416565104934	0.0	0.0	
20.10510057622327	26.605181427452273	0.0	0.0	
27.658562164369588	6.555284447720151	0.0	0.0	
3.2229408723168085	0.004606354880255736	0.0	0.0	
16.181543347871273	1.3027494111328224	0.0	0.0	
1.970966821022568	12.656800334230425	0.0	0.0	
10.367259145276904	30.103817699747893	0.0	0.0	
7.636881323079518	2.0006348728274226	0.0	0.0	
26.69135054464437	3.4350019929152964	0.0	0.0	
19.94134468115427	29.647653028708707	0.0	0.0	
4.147358549661021	13.574135914892999	0.0	0.0	
21.66354424775541	28.912208562589928	0.0	0.0	
26.130956112554315	22.150343558913104	0.0	0.0	
0.07354297789854058	3.9801663193939447	0.0	0.0	
1.177245388603673	3.972172532660938	0.0	0.0	
13.676735782939307	3.904988619430675	0.0	0.0	
24.859298652698378	29.057027432985127	0.0	0.0	
7.754387835068705	1.6742719851738705	0.0	0.0	
30.19172293307655	30.643629688723806	0.0	0.0	
2.589870022471967	18.66419763056904	0.0	0.0	
5.30286393854864	30.37262509939964	0.0	0.0	
16.557212373184658	29.908116795199938	0.0	0.0	
29.90921730797722	27.552033323936637	0.0	0.0	
6.5260240978080795	17.250891841931715	0.0	0.0	
14.731700015894042	8.772803147438307	0.0	0.0	
20.644927608693724	3.958320743768425	0.0	0.0	
15.266313314434	1.4965921266351891	0.0	0.0	
0.7698597355971941	4.638951225176989	0.0	0.0	
22.244835105077268	9.483306145246893	0.0	0.0	
26.296106310470797	12.563760360204512	0.0	0.0	
16.907258167834588	16.876392629243078	0.0	0.0	
30.085102174658374	19.12820878457241	0.0	0.0	
16.0093858558453	29.294341591375698	0.0	0.0	
3.5561151207988075	22.590488023396734	0.0	0.0	
26.386984861429806	28.309635458715718	0.0	0.0	
18.924663156689082	8.080344268084751	0.0	0.0	
3.6740778609635	6.683797825926089	0.0	0.0	
11.792965225160163	4.471962166036366	0.0	0.0	
25.743059927039017	18.59754603993397	0.0	0.0	
0.4571895388113383	1.495101650560887	0.0	0.0	
21.018576659982745	14.148549184462443	0.0	0.0	
28.110315706862004	4.367159075285954	0.0	0.0	
27.25162573925197	30.728324086702106	0.0	0.0	
25.9965783627735	20.963478243005333	0.0	0.0	
22.692191997268626	26.758380124889722	0.0	0.0	
24.50072141309782	20.070016871436096	0.0	0.0	
10.029786403151295	1.8725131282634742	0.0	0.0	
9.280748253469575	5.901882808626567	0.0	0.0	
3.623435152117594	21.681633618499294	0.0	0.0	
18.067053395979137	5.030962320577721	0.0	0.0	
18.353316982250043	7.489168983411464	0.0	0.0	
14.839673491407076	17.45541174798363	0.0	0.0	
16.77281194830226	23.93647331023414	0.0	0.0	
30.777484999723658	20.00064406726637	0.0	0.0	
29.942357843483187	15.931557914189174	0.0	0.0	
3.201776476629881	5.579686512723207	0.0	0.0	
28.628614676853026	13.001003686116672	0.0	0.0	
19.026867032772586	10.77882921073856	0.0	0.0	
14.526396064292879	7.460414684586137	0.0	0.0	
23.086839385534578	21.70187869304342	0.0	0.0	
11.44855778039484	1.3990658771700666	0.0	0.0	
11.874689208017266	17.085003762943792	0.0	0.0	
9.387426216849047	0.04708531525696458	0.0	0.0	
0.2632212622336958	21.338723324215636	0.0	0.0	
24.442570471225412	24.516760118891902	0.0	0.0	
15.784059354071747	15.717521365535745	0.0	0.0	
10.330205046537408	3.876735401287565	0.0	0.0	
27.278937989358518	26.831981124598983	0.0	0.0	
30.121027331247124	30.675749447104266	0.0	0.0	
8.158756275414923	31.70102005747269	0.0	0.0	
26.79187168928822	21.50416762626938	0.0	0.0	
21.86821210161011	3.9762446559761173	0.0	0.0	
23.938457221176595	17.75125277309931	0.0	0.0	
30.736796991260224	10.166823556823484	0.0	0.0	
18.070933838927356	27.642372846893455	0.0	0.0	
19.248968076081045	12.752090915856343	0.0	0.0	
26.984478415606198	20.098933823855422	0.0	0.0	
24.14323166691583	13.185989049022044	0.0	0.0	
14.426223103140192	12.509791426115541	0.0	0.0	
2.9862287784915615	5.6573493104048715	0.0	0.0	
5.706055576768797	12.489413674559945	0.0	0.0	
23.55726767812312	1.3192229030288445	0.0	0.0	
5.016699940279917	5.1310467867378335	0.0	0.0	
20.78705748736265	3.0111660128763376	0.0	0.0	
18.665497301118666	2.6871303496113903	0.0	0.0	
28.78509136492297	1.284432443408022	0.0	0.0	
18.393178127619514	17.709116389012813	0.0	0.0	
17.96372669245685	25.266943333189616	0.0	0.0	
8.228359086327622	0.8739419436982452	0.0	0.0	
8.897788406903167	6.340433700713252	0.0	0.0	
26.49257514375671	14.822866014809637	0.0	0.0	
29.430308835668693	23.864703441102993	0.0	0.0	
8.11996786027142	3.532212675881027	0.0	0.0	
12.797188338044027	17.71641122070803	0.0	0.0	
23.78810906880269	10.628447393499826	0.0	0.0	
15.812761585768381	11.50481484154814	0.0	0.0	
15.224759753282278	15.180407868414974	0.0	0.0	
10.34115533943795	16.222737793277624	0.0	0.0	
19.98030917188102	31.197932764169884	0.0	0.0	
22.083602944388552	9.989084858798005	0.0	0.0	
17.497280937066304	22.593186918154828	0.0	0.0	
20.34616753332588	17.26953313360722	0.0	0.0	
31.481842205181753	29.158645626174767	0.0	0.0	
27.048638076279126	2.0158316649684345	0.0	0.0	
14.606437633697347	8.638536283533476	0.0	0.0	
22.06652531289002	2.436342845800638	0.0	0.0	
25.14077362191792	16.4519545239712	0.0	0.0	
12.411956628879057	0.8166862016802767	0.0	0.0	
4.364440681504245	3.8022370122322613	0.0	0.0	
15.415247838528636	28.13483944181893	0.0	0.0	
19.648627118069484	22.840569624119766	0.0	0.0	
5.046234615362636	4.839050000031595	0.0	0.0	
4.296086528577085	19.148112891752994	0.0	0.0	
12.285484031090284	23.855171594242353	0.0	0.0	
2.152486073557391	10.294444969926563	0.0	0.0	
18.86013349058581	13.386980568127584	0.0	0.0	
21.806939016629173	13.155657853439987	0.0	0.0	
17.589994985522438	25.288804559130014	0.0	0.0	
25.4226848315448	0.7104830035469476	0.0	0.0	
18.373983189928413	0.787558026457809	0.0	0.0	
30.184757204561272	25.33685617487673	0.0	0.0	
27.367061319412386	24.070537482655293	0.0	0.0	
2.20510314978268	3.8493670858748352	0.0	0.0	
25.91247760463151	9.845566967829772	0.0	0.0	
11.831881700098013	21.832754048732117	0.0	0.0	
8.480032890663391	16.22647390050656	0.0	0.0	
25.42860053807266	12.429302534222202	0.0	0.0	
29.77618440231278	11.671746468941397	0.0	0.0	
2.7319560037121633	23.267658496300204	0.0	0.0	
8.670924066072704	7.0808513288652115	0.0	0.0	
22.8665995435324	23.56719333677335	0.0	0.0	
14.686166599508358	6.705222835158487	0.0	0.0	
16.162864345906204	29.18423185187652	0.0	0.0	
2.788715740218965	5.52531493394925	0.0	0.0	
9.383696563808286	30.726776693234164	0.0	0.0	
21.157005290013675	29.079490556165837	0.0	0.0	
23.624196500243983	24.972055531246912	0.0	0.0	
27.972732128413384	8.151283223262254	0.0	0.0	
0.48568031344355944	28.46801198955649	0.0	0.0	
26.248559373785515	22.27518492448024	0.0	0.0	
17.19937295538915	22.919459701898536	0.0	0.0	
3.8308120842750775	14.623433745137966	0.0	0.0	
14.946426886349418	22.004304416721897	0.0	0.0	
9.249928563731977	27.460398439237267	0.0	0.0	
12.619836014141093	11.746036466121616	0.0	0.0	
21.284342995881232	6.923828408781304	0.0	0.0	
12.100547812109305	16.69923183387568	0.0	0.0	
14.425078368485437	0.4243634424466265	0.0	0.0	
16.81701493712356	0.8750778168163862	0.0	0.0	
14.53847952909311	0.2618605610338953	0.0	0.0	
9.175315110516792	10.4172721186812	0.0	0.0	
23.99021225175728	27.041187648004062	0.0	0.0	
12.830671898589411	2.3886932637327476	0.0	0.0	
10.072830004646253	2.2423158448950247	0.0	0.0	
29.922742240925626	26.062893908324664	0.0	0.0	
10.037541860236768	17.050427245634435	0.0	0.0	
12.670899060689663	22.018598236766334	0.0	0.0	
26.517133673709264	13.52112387308799	0.0	0.0	
26.041161069567156	24.55977011965231	0.0	0.0	
6.282230810317678	1.5730402497914184	0.0	0.0	
23.950733147102515	7.034856418125877	0.0	0.0	
8.037633819617376	11.903843488902645	0.0	0.0	
16.9957126336079	27.404001581837342	0.0	0.0	
11.383583430197383	13.314012842118021	0.0	0.0	
29.140049561138536	31.001191255198137	0.0	0.0	
3.1275429198234903	31.218661135246172	0.0	0.0	
5.582474061602429	13.643007439009224	0.0	0.0	
27.547720174498824	11.819352721050699	0.0	0.0	
31.069015130670692	0.8219041610593578	0.0	0.0	
15.271012650722817	30.830527584917647	0.0	0.0	
13.168326362048553	0.8899164898025766	0.0	0.0	
27.811446828560147	28.87488834945275	0.0	0.0	
31.27117126425224	4.3203197318817885	0.0	0.0	
19.55071959279336	7.0712352342055524	0.0	0.0	
19.549905405418027	13.542673505615245	0.0	0.0	
1.2319118838148633	7.445553644158874	0.0	0.0	
11.071922935542954	24.324096675158085	0.0	0.0	
14.374567662760942	17.817863825709804	0.0	0.0	
5.096924639883678	12.304340356654656	0.0	0.0	
24.51598164620747	30.481099492755543	0.0	0.0	
8.294937019815546	13.229527654256877	0.0	0.0	
3.104696887285069	28.623350664841144	0.0	0.0	
4.436607926636395	1.2776300393780957	0.0	0.0	
7.3873189495129985	15.129611610209754	0.0	0.0	
31.67356593982205	27.485324252782956	0.0	0.0	
10.50354456036813	10.992003991186994	0.0	0.0	
20.299282997996947	0.28129426452163386	0.0	0.0	
3.440183999396048	28.604324682193518	0.0	0.0	
28.532586007988805	29.677099207240605	0.0	0.0	
26.638593682600924	18.571480250170342	0.0	0.0	
29.192881312810247	17.435272200331354	0.0	0.0	
19.324748730855692	4.465135805455315	0.0	0.0	
2.173046775379092	26.47648374202219	0.0	0.0	
25.287958830742124	20.888081146218777	0.0	0.0	
21.811303890045938	10.721574803274127	0.0	0.0	
19.97578649282216	29.97080153859015	0.0	0.0	
23.443931252042233	22.848025115214117	0.0	0.0	
0.5329875589473332	25.06687916687208	0.0	0.0	
14.879109550554404	17.30241880983681	0.0	0.0	
13.306123345046622	9.190767061191163	0.0	0.0	
16.506046722172865	0.8561802987956071	0.0	0.0	
17.364260909595124	7.6603086374017195	0.0	0.0	
20.308549888924038	19.99218895024655	0.0	0.0	
18.188553364626973	22.023627120554412	0.0	0.0	
14.44262146064169	4.405674225021478	0.0	0.0	
17.138564388088916	21.16068785108171	0.0	0.0	
0.6844637573087908	28.812606364766403	0.0	0.0	
30.762015148284654	11.723782786313514	0.0	0.0	
16.877339019038843	14.96452076082538	0.0	0.0	
22.007866756703297	1.619155034409598	0.0	0.0	
22.512924493275627	22.840316003274005	0.0	0.0	
7.968141076308605	14.735139249174583	0.0	0.0	
29.17305654186313	26.487635755239797	0.0	0.0	
25.127760716856347	8.883722261729012	0.0	0.0	
18.594719638595514	1.7952836249625896	0.0	0.0	
13.615732669908482	22.581107055070785	0.0	0.0	
2.712686613815915	20.799630337235683	0.0	0.0	
19.89063221806469	15.452444077535958	0.0	0.0	
22.22349520899684	21.361114886327638	0.0	0.0	
23.164779237996424	20.28852391515959	0.0	0.0	
4.00371001336665	10.922290745673752	0.0	0.0	
30.445222844497895	7.132391608328305	0.0	0.0	
2.022009597626294	28.965375289481308	0.0	0.0	
14.667531029841804	29.344894515775945	0.0	0.0	
26.746099796445215	10.104905498664824	0.0	0.0	
23.397035509708886	11.162639031093178	0.0	0.0	
2.1824628291736268	1.8391934491865634	0.0	0.0	
16.551991130469283	24.046827656296248	0.0	0.0	
10.16783803685454	28.87448660752066	0.0	0.0	
22.690303903461327	1.037079263577553	0.0	0.0	
30.077293520017136	22.000124280882186	0.0	0.0	
30.506710886416844	0.5390615559718412	0.0	0.0	
12.756401490581549	29.061610884917854	0.0	0.0	
13.121141002241668	23.163135907612595	0.0	0.0	
31.214311978936184	1.0688915583464862	0.0	0.0	
15.356051939602217	4.7280508795839005	0.0	0.0	
30.978084544397408	25.08674784172059	0.0	0.0	
22.958230793362937	31.195737551664305	0.0	0.0	
26.86372689552713	7.873374254582583	0.0	0.0	
7.007185501359999	1.404818382173083	0.0	0.0	
29.650938986518234	23.890356791789603	0.0	0.0	
8.115595529305544	30.022417384956444	0.0	0.0	
8.640317684187401	28.72783695089189	0.0	0.0	
8.722535864046613	4.267180725350393	0.0	0.0	
3.0514138905650334	13.911502240153116	0.0	0.0	
19.09826427304715	11.294726445080865	0.0	0.0	
13.485701012768263	27.315553594780468	0.0	0.0	
27.99749062782855	30.784703035571553	0.0	0.0	
4.620435796267749	24.78311317467778	0.0	0.0	
2.168097798710587	28.970311167056984	0.0	0.0	
7.345361424633442	7.294596497147612	0.0	0.0	
1.8013591097281676	9.458208273683457	0.0	0.0	
23.78913750554449	19.5677901433633	0.0	0.0	
8.558678457284344	3.8764470614482356	0.0	0.0	
31.038646840017893	23.829577108023408	0.0	0.0	
18.426906548707077	15.26777165801428	0.0	0.0	
0.7325214881503612	8.781594373461758	0.0	0.0	
12.906648998619293	29.2704968136915	0.0	0.0	
24.963456160591054	16.36788502047839	0.0	0.0	
28.652453248328005	22.180309183084702	0.0	0.0	
17.76986913234567	8.416986133938426	0.0	0.0	
20.419110959226042	23.791807834672028	0.0	0.0	
6.464759302391254	23.25760848579166	0.0	0.0	
24.838436200210882	3.91252361276959	0.0	0.0	
30.493203212444595	17.709993244183778	0.0	0.0	
21.432231341290866	6.084551136577211	0.0	0.0	
14.072538457996458	5.052571726136566	0.0	0.0	
14.962245457059318	19.548243022577573	0.0	0.0	
18.41372885439463	24.575121778709807	0.0	0.0	
27.616833388089944	17.200897646801252	0.0	0.0	
13.549797518571548	25.340598695088932	0.0	0.0	
21.168748392351368	14.741271292811753	0.0	0.0	
22.62387921116896	0.5661164549446553	0.0	0.0	
7.285102795416808	28.220072182564145	0.0	0.0	
30.735548651679668	26.829793083963313	0.0	0.0	
21.701535115338856	4.934059568538842	0.0	0.0	
30.934503212257173	9.890346123214542	0.0	0.0	
3.4550374456423896	28.639876287231544	0.0	0.0	
24.29164857658419	16.981312239781232	0.0	0.0	
3.9295163724735858	23.431134386111854	0.0	0.0	
23.3179093571833	22.776680092524145	0.0	0.0	
17.735713512594	10.603911771977089	0.0	0.0	
20.794374505165305	28.113386946250486	0.0	0.0	
20.13879514003264	2.092280156331185	0.0	0.0	
18.352979432911006	9.601055351731471	0.0	0.0	
22.844437018612815	3.582873135873463	0.0	0.0	
17.637661792612406	27.567132525479266	0.0	0.0	
14.67078639789802	24.164166713977718	0.0	0.0	
8.074479783964172	18.12595429907664	0.0	0.0	
23.680749656514962	2.372091664559065	0.0	0.0	
2.389238561924138	2.958466526618004	0.0	0.0	
27.27187237402478	16.486944639383214	0.0	0.0	
31.67840077329769	30.093780683953323	0.0	0.0	
14.66424720729239	21.97542756689719	0.0	0.0	
5.480064177410615	8.596996480790018	0.0	0.0	
2.8434382027457765	19.858304428619324	0.0	0.0	
18.70036738439882	5.86665566080287	0.0	0.0	
25.690856698826785	3.006714258441473	0.0	0.0	
12.2589637452427	27.494536811713623	0.0	0.0	
27.231372493651584	21.62693644483813	0.0	0.0	
9.811988751240843	0.07639525068242037	0.0	0.0	
29.51497671391292	18.423563095332867	0.0	0.0	
12.285960042369698	6.447240837178384	0.0	0.0	
25.845690483173392	17.257309390044483	0.0	0.0	
12.15537729168313	27.83553923104548	0.0	0.0	
9.414461149288222	5.25756189926804	0.0	0.0	
1.3699988481373566	2.3435567462947873	0.0	0.0	
20.814288464500166	19.1144807164555	0.0	0.0	
24.645324939975517	0.8387195805079308	0.0	0.0	
29.764918136827724	11.486914001356325	0.0	0.0	
31.196154712003526	19.549643883628622	0.0	0.0	
11.921237643900717	31.92296217265873	0.0	0.0	
