2
32.0	0.0	0.0	0.0	
0.0	32.0	0.0	0.0	
31.68154100842099	10.974835515379944	0.0	0.0	
28.245083691321447	21.68840064679633	0.0	0.0	
9.779188169558207	6.537058471979439	0.0	0.0	
16.951928028566385	28.455355287906105	0.0	0.0	
2.955159900381581	23.221808015504067	0.0	0.0	
2.269894475399603	14.664407992242385	0.0	0.0	
23.31332637781184	5.7334575049505645	0.0	0.0	
16.502507257343083	29.285580079436873	0.0	0.0	
2.615996805147134	23.902457378136393	0.0	0.0	
14.213910457840658	23.551781080175363	0.0	0.0	
0.1251613291006599	10.019316805415976	0.0	0.0	
26.21318037382828	19.345657936237963	0.0	0.0	
11.435064329681595	1.6653583781371353	0.0	0.0	
15.691006850060049	19.133046612956807	0.0	0.0	
2.3774646750667117	10.93204408966539	0.0	0.0	
13.955787165450118	9.906023132805721	0.0	0.0	
7.930925809186391	12.353495367511666	0.0	0.0	
15.60664542832167	27.90197913178985	0.0	0.0	
16.579310877277706	31.81092337889763	0.0	0.0	
26.169199179710848	24.29903651287257	0.0	0.0	
15.56942347581288	15.517414382334746	0.0	0.0	
23.401026933868483	13.00084458818026	0.0	0.0	
27.26032003190431	10.796321664504266	0.0	0.0	
16.854038980948086	10.70165477234518	0.0	0.0	
2.0360727240558596	31.32501543786844	0.0	0.0	
8.902131602976642	20.48403169741283	0.0	0.0	
15.256388356081104	1.7479772028997154	0.0	0.0	
0.4661174485117314	8.761674995262101	0.0	0.0	
2.742524668297893	3.1128550900546053	0.0	0.0	
30.239479850939063	25.136069959937977	0.0	0.0	
23.36286702877403	23.826128135512548	0.0	0.0	
16.008672732795226	4.766249721311532	0.0	0.0	
21.299597266899458	22.423505252739016	0.0	0.0	
24.842826967497665	18.682284825715946	0.0	0.0	
24.431996771736227	24.11628386506794	0.0	0.0	
4.539913566995672	15.28786607980642	0.0	0.0	
0.34709391152204105	8.811208288733987	0.0	0.0	
12.886398310410975	24.1870272929046	0.0	0.0	
19.516599502780316	22.128114864764974	0.0	0.0	
9.566636338048735	15.163583589441753	0.0	0.0	
24.34920158449054	26.139256194918257	0.0	0.0	
30.472116433107114	11.1499184967705	0.0	0.0	
8.878487990767688	22.41708798332817	0.0	0.0	
12.721234083829206	23.981356423584415	0.0	0.0	
7.392830866978006	20.901164215469013	0.0	0.0	
10.948520072036448	24.546105507240437	0.0	0.0	
7.051522395100871	29.807747242423268	0.0	0.0	
23.50731406849298	29.391634610365927	0.0	0.0	
21.386378346449852	9.822332732402021	0.0	0.0	
25.960249609740274	10.743446062450218	0.0	0.0	
30.9558615395846	13.773180119757928	0.0	0.0	
2.801865673022089	13.972899658742655	0.0	0.0	
14.334352758767942	13.557582069568603	0.0	0.0	
19.473929572767325	26.546553409803835	0.0	0.0	
16.790705170438518	4.630377225189356	0.0	0.0	
20.08592017906957	7.361727212076204	0.0	0.0	
24.318281329975136	12.318329479879875	0.0	0.0	
4.6144313494660345	4.828340813296819	0.0	0.0	
22.35480907006327	11.382416746839347	0.0	0.0	
0.2777992282011219	5.50409682210951	0.0	0.0	
1.1988745107077357	24.481526231237705	0.0	0.0	
22.462169129346098	1.2965046145944719	0.0	0.0	
21.63557777508703	23.363636933447935	0.0	0.0	
22.10939035669656	15.508742979721223	0.0	0.0	
2.2541470600690836	10.833167928900817	0.0	0.0	
14.146115243769994	22.44945408620084	0.0	0.0	
26.412655214621076	28.832975614883072	0.0	0.0	
5.119030546978628	29.148744726400224	0.0	0.0	
25.828443995894304	8.462381793894878	0.0	0.0	
5.539444993639329	26.73850232581862	0.0	0.0	
28.466217633201406	31.46959471024384	0.0	0.0	
31.914770914864487	29.835301113528207	0.0	0.0	
25.73234829091952	14.076400975313923	0.0	0.0	
18.052378333971962	15.929404461839066	0.0	0.0	
15.83184035856518	15.024872317514873	0.0	0.0	
21.59874860450053	28.37204925131527	0.0	0.0	
14.538415810925574	21.085078155473887	0.0	0.0	
20.000766772529484	20.42630580186703	0.0	0.0	
10.88320234367324	1.002868650120984	0.0	0.0	
18.696890091620023	23.735926137681712	0.0	0.0	
1.9548695922919244	28.110212562416653	0.0	0.0	
10.064353698906515	14.436009189488683	0.0	0.0	
0.7284462000155472	11.205805582707779	0.0	0.0	
19.0686856365137	22.37671706362654	0.0	0.0	
22.35313365961689	28.246183658142684	0.0	0.0	
10.145088242678991	25.48426332191307	0.0	0.0	
31.88321515174357	1.6008867399549302	0.0	0.0	
0.743782671335687	16.66296030987882	0.0	0.0	
11.566427387882754	19.673663259325917	0.0	0.0	
17.169906590990358	28.01942458610476	0.0	0.0	
11.213558672237504	21.77251587968796	0.0	0.0	
15.44830710704029	9.082343994461585	0.0	0.0	
27.05348026146495	8.434924783748091	0.0	0.0	
20.17540169385775	20.457009511491997	0.0	0.0	
23.49633629717432	19.4192106394501	0.0	0.0	
24.07067669996203	29.728284674566833	0.0	0.0	
31.36359218227019	2.7745179260455757	0.0	0.0	
29.99065409179083	27.72277503584813	0.0	0.0	
19.94646080398028	18.362642101885232	0.0	0.0	
27.542922312931246	15.605794978508516	0.0	0.0	
11.817999407188111	30.672847897386102	0.0	0.0	
18.94936972669749	3.9317196089292743	0.0	0.0	
2.390264192383288	23.674450114270066	0.0	0.0	
28.213099022644155	30.31777662103999	0.0	0.0	
6.017019788224641	22.534675418152762	0.0	0.0	
28.37767691578385	6.7450691878583555	0.0	0.0	
17.95520933885407	29.152172340693774	0.0	0.0	
23.224729387812417	25.437073538165738	0.0	0.0	
15.54574889593022	25.835025267418878	0.0	0.0	
29.031659350738938	25.16164081913818	0.0	0.0	
15.750980594122751	18.014975082275225	0.0	0.0	
31.87691593108601	25.065921221424894	0.0	0.0	
25.2786275225548	8.71002282678976	0.0	0.0	
9.762405211186067	11.869617781879843	0.0	0.0	
2.8803007056972447	20.490865442544685	0.0	0.0	
15.652627710518363	31.58732179190964	0.0	0.0	
8.647396913674577	29.074446395778313	0.0	0.0	
0.13150595018131028	16.160724818472442	0.0	0.0	
30.13326395198035	6.084766140303117	0.0	0.0	
17.240389323634282	13.201819670968021	0.0	0.0	
22.99465654322059	29.17188026610445	0.0	0.0	
0.05517023424672729	27.81075751512181	0.0	0.0	
30.132897641612576	8.219752681152386	0.0	0.0	
10.634848603946551	14.82911790072287	0.0	0.0	
6.861491829509099	28.055507512576092	0.0	0.0	
29.988563590969253	2.8495158894012995	0.0	0.0	
23.22514901311098	1.5733134871206573	0.0	0.0	
16.416094826061517	29.83509180563943	0.0	0.0	
12.262239174837312	16.87304325202932	0.0	0.0	
17.5835159487732	11.470557208356407	0.0	0.0	
10.028460810365715	9.709365748857113	0.0	0.0	
29.33408431361919	18.62390240854202	0.0	0.0	
23.202828388932957	0.6509559882292173	0.0	0.0	
22.19519665391098	16.464462977405642	0.0	0.0	
5.225704367807474	2.888854986578597	0.0	0.0	
26.853312287229688	9.294159067020999	0.0	0.0	
13.13406610432654	30.01276336561073	0.0	0.0	
12.827690533015282	18.925131857950444	0.0	0.0	
21.8218808207168	14.328474022160961	0.0	0.0	
5.756232291792369	19.943431509079854	0.0	0.0	
0.3495546989275873	27.347596259507522	0.0	0.0	
31.41507877493378	6.685982323141825	0.0	0.0	
6.2094685518770625	30.202422825328018	0.0	0.0	
30.433512928935368	20.78844053071603	0.0	0.0	
1.076256767714721	24.555091005765952	0.0	0.0	
14.58271896589308	30.51923911698421	0.0	0.0	
8.232629171811691	10.758986043543317	0.0	0.0	
18.798296971202582	23.540989094905772	0.0	0.0	
8.320942887472473	9.85471152863991	0.0	0.0	
9.93042060344549	15.277684464864052	0.0	0.0	
23.124737405169967	28.155860278716286	0.0	0.0	
17.411269033186695	1.3047421209200287	0.0	0.0	
15.96687585117315	29.796860976862746	0.0	0.0	
23.7718928231739	26.054752140271876	0.0	0.0	
26.41587649328319	11.515832166663614	0.0	0.0	
4.222349892734368	3.158613201631706	0.0	0.0	
2.6541800049171513	29.645666464539335	0.0	0.0	
18.959887906325854	17.727978065214856	0.0	0.0	
5.0470444000235695	23.413351431504015	0.0	0.0	
27.61503409098225	1.1434522222109784	0.0	0.0	
26.481726641291157	14.315626400462051	0.0	0.0	
27.498811870614205	22.735713607747428	0.0	0.0	
10.212460521297565	9.430721228972786	0.0	0.0	
17.168209729574667	29.827264262821963	0.0	0.0	
14.725102451288166	3.5667491880720767	0.0	0.0	
2.6315550380556125	22.56753847370395	0.0	0.0	
10.892756421845288	27.385171905243574	0.0	0.0	
24.15050155266863	6.301474934014507	0.0	0.0	
21.52770881198273	11.082798897836387	0.0	0.0	
7.772627406316477	31.18780008557617	0.0	0.0	
27.035175024690325	19.964017560336163	0.0	0.0	
22.262481896805813	2.2326439803841893	0.0	0.0	
3.337277049480104	12.078134251662767	0.0	0.0	
6.672156217844126	9.463340940883047	0.0	0.0	
11.88247438419307	15.498160879134826	0.0	0.0	
1.745508474188295	26.15079578970975	0.0	0.0	
18.869505282639697	16.019408310035317	0.0	0.0	
6.1606854909652355	31.214776435151474	0.0	0.0	
5.4236748206208	23.19961830141178	0.0	0.0	
19.57628000146924	16.48986741187676	0.0	0.0	
16.712358933704376	25.229703137971672	0.0	0.0	
21.884446772962097	20.631706673766963	0.0	0.0	
7.722517451082503	8.245915556028919	0.0	0.0	
17.733476257256925	12.045371744523525	0.0	0.0	
25.510207611962024	2.48424348793111	0.0	0.0	
3.8746444416653567	4.139655757318579	0.0	0.0	
8.12310428109225	0.34750352151954544	0.0	0.0	
2.7628652932967057	9.492201482292707	0.0	0.0	
5.470880437717327	10.001105158534575	0.0	0.0	
19.175621479457227	14.808886397242059	0.0	0.0	
25.98460585705409	15.039040570713087	0.0	0.0	
16.34910409921818	11.879725426590827	0.0	0.0	
16.485238611885542	8.878521848345773	0.0	0.0	
9.955068106458668	14.811427054251219	0.0	0.0	
8.28148775304295	31.990623983308083	0.0	0.0	
6.316541840700474	24.473489096394474	0.0	0.0	
9.833580507476519	5.691082124923454	0.0	0.0	
28.61669636612178	16.28040826376754	0.0	0.0	
22.675397909453554	25.59280949018004	0.0	0.0	
26.34862970130212	24.835233293537364	0.0	0.0	
4.357651485266786	24.543894626849166	0.0	0.0	
31.872364624543113	7.6672779748427935	0.0	0.0	
27.275726492454897	28.508775235858337	0.0	0.0	
24.478749244882028	13.207435086321954	0.0	0.0	
23.559139309404525	19.44808602125794	0.0	0.0	
27.55105463411795	18.873453120980674	0.0	0.0	
20.298839264843178	30.897415764648503	0.0	0.0	
25.98446192180253	14.356253405405077	0.0	0.0	
22.435757246614788	30.149268625762424	0.0	0.0	
4.995568990239924	11.945231056726051	0.0	0.0	
3.699180253936209	14.237297996909838	0.0	0.0	
4.385217441721224	18.80481795697379	0.0	0.0	
23.100837249548608	29.972609402059934	0.0	0.0	
28.293797661846273	7.31913877839445	0.0	0.0	
20.125464293048463	23.85682177297417	0.0	0.0	
16.74359319862769	15.69626344020677	0.0	0.0	
8.706424134685513	15.05037297727294	0.0	0.0	
29.357164261558385	30.197348740385703	0.0	0.0	
13.953534270899475	18.237261135706376	0.0	0.0	
0.18287121452474508	2.599307895839736	0.0	0.0	
20.51387479187983	26.30522489999394	0.0	0.0	
4.6741895389201105	19.95149123650115	0.0	0.0	
13.878143365499977	15.340408278332749	0.0	0.0	
27.76028967086995	20.875373730343455	0.0	0.0	
28.400487528347593	27.67282266362109	0.0	0.0	
18.73257359743873	24.28157352745915	0.0	0.0	
12.845605868210619	28.844591505913787	0.0	0.0	
15.341508786155988	1.6726768973917387	0.0	0.0	
10.226877165261751	20.74307138896475	0.0	0.0	
0.9761780240241151	5.41697591714718	0.0	0.0	
2.8766818996796246	18.958904304404207	0.0	0.0	
6.528133266810034	31.5447647418446	0.0	0.0	
22.35915861803598	27.978572139994423	0.0	0.0	
21.309223818579923	3.0761116144788474	0.0	0.0	
8.486573179246086	13.691199582274194	0.0	0.0	
23.181216113929008	17.317183009937228	0.0	0.0	
22.551507943755027	3.869961970236787	0.0	0.0	
10.68843813398017	31.915800144315813	0.0	0.0	
26.87392569529299	11.754946394115123	0.0	0.0	
15.022519125298878	30.845688129739543	0.0	0.0	
19.110356792562808	23.031297837880484	0.0	0.0	
15.893555393860552	17.09238996631336	0.0	0.0	
1.6617777701441376	7.38396058208982	0.0	0.0	
23.71653938039895	16.9165047423837	0.0	0.0	
9.102609526842116	4.172403905930846	0.0	0.0	
18.689502232641043	16.567205528677746	0.0	0.0	
15.606533888625272	29.154232358405142	0.0	0.0	
11.864536246139874	15.259459532810308	0.0	0.0	
9.450766980733974	8.31218554082773	0.0	0.0	
2.3543649990564255	8.276592513518178	0.0	0.0	
0.24585375898905681	10.275494523204003	0.0	0.0	
2.3194132219301444	7.388978201144884	0.0	0.0	
5.824234835984871	15.335725559217103	0.0	0.0	
9.561238040580655	25.776080239809414	0.0	0.0	
14.676490166660955	27.021124793965676	0.0	0.0	
17.915512999656407	10.992093254060148	0.0	0.0	
29.103899282366285	6.437356872667323	0.0	0.0	
16.844447673767185	0.5401785619467923	0.0	0.0	
3.517742215177371	22.639491105171697	0.0	0.0	
28.485209791490814	26.93423578255638	0.0	0.0	
11.804850947732415	23.91357771452373	0.0	0.0	
1.0527316357179934	20.489663157320336	0.0	0.0	
19.974315802207187	7.584549543415498	0.0	0.0	
27.715583487110667	21.41718649470554	0.0	0.0	
24.509443739928447	25.560585533999213	0.0	0.0	
27.81999511771984	3.2825802399768413	0.0	0.0	
26.034455778732106	10.470250125295966	0.0	0.0	
30.93162043630531	12.020865370333084	0.0	0.0	
11.387914276339256	6.748665880292151	0.0	0.0	
2.5863600323314344	5.935492247459205	0.0	0.0	
18.69212380375813	3.5188428936678804	0.0	0.0	
20.851651610808716	20.88659737702074	0.0	0.0	
29.712483712807856	2.338569634243793	0.0	0.0	
3.1623552178558896	18.601159715148476	0.0	0.0	
25.693419891917756	18.729518996378555	0.0	0.0	
31.49349905390448	22.394096920498086	0.0	0.0	
2.316969594520696	19.02054994444782	0.0	0.0	
29.429110889499455	29.611507050948745	0.0	0.0	
29.86542214907233	5.3994407846594825	0.0	0.0	
21.646443578546602	17.160081753915488	0.0	0.0	
13.950173080577283	2.8801937813765264	0.0	0.0	
22.024455660020713	20.427314396759282	0.0	0.0	
17.58921032515499	4.6379011516786335	0.0	0.0	
8.756477911557202	16.421440713275572	0.0	0.0	
24.092162316696957	6.866141804132543	0.0	0.0	
26.02122279937462	31.88043273562412	0.0	0.0	
13.881362983587746	27.51571989492258	0.0	0.0	
25.77994755615288	20.162827727822087	0.0	0.0	
28.52572061547259	17.770130652684088	0.0	0.0	
16.257848808514975	3.9904909574372134	0.0	0.0	
30.778481614478874	28.74572511075061	0.0	0.0	
3.043174190233106	0.8394941410846748	0.0	0.0	
22.643883470881786	21.123085330242098	0.0	0.0	
31.0647753934832	21.087648811491025	0.0	0.0	
29.131147867511864	2.721743924875547	0.0	0.0	
4.071474058797097	8.507207527548182	0.0	0.0	
7.748702077195066	15.280234697303595	0.0	0.0	
19.426123308290173	16.633832348398034	0.0	0.0	
5.783394923844423	5.442445620458194	0.0	0.0	
16.04284821781487	21.79399022021076	0.0	0.0	
9.520545488843776	13.865807566068632	0.0	0.0	
24.589693081635033	5.966144528806868	0.0	0.0	
31.02247993600219	6.50772667942017	0.0	0.0	
3.536917608618996	24.664624849917026	0.0	0.0	
0.22794580594543135	6.790941942429935	0.0	0.0	
26.607179156562914	17.43364424207619	0.0	0.0	
1.179228852570425	27.29273486741721	0.0	0.0	
3.6040294831844335	19.711306678321066	0.0	0.0	
20.30862130626683	7.016240389100549	0.0	0.0	
2.3343380106383798	8.124664057566463	0.0	0.0	
28.970087416510548	30.347611489948424	0.0	0.0	
4.662263033019759	8.854560116638346	0.0	0.0	
22.159692117199324	24.73244511161877	0.0	0.0	
28.36924084691687	17.75536655362374	0.0	0.0	
2.7085763152153532	24.61298636558806	0.0	0.0	
24.415812464363572	0.06372614961392031	0.0	0.0	
4.955096490525602	27.95631988707097	0.0	0.0	
26.174806268126858	2.0428612891542137	0.0	0.0	
21.56589312209121	8.608862726474289	0.0	0.0	
0.3453451550183253	19.60334469232982	0.0	0.0	
7.328670910629196	6.832334322573452	0.0	0.0	
19.854078329476767	12.17986203425092	0.0	0.0	
5.080505647083118	21.569330276970398	0.0	0.0	
20.417262517119962	20.36245725868003	0.0	0.0	
2.440922436132187	22.221982492073884	0.0	0.0	
28.04639307136125	13.444083658944248	0.0	0.0	
23.409465109828623	13.63319854004789	0.0	0.0	
6.778929207514931	8.902171792308415	0.0	0.0	
22.6509988405373	20.927312699058195	0.0	0.0	
27.6840146064248	4.254085911454073	0.0	0.0	
29.826777181985594	18.23915153093776	0.0	0.0	
17.77292904067032	18.78854595361464	0.0	0.0	
14.213825467637811	3.1555689540108567	0.0	0.0	
13.614142870926763	13.3608562840691	0.0	0.0	
3.5188509696658983	20.942053215407494	0.0	0.0	
14.940873761915867	30.964443336078233	0.0	0.0	
17.72127269336102	9.560205104328695	0.0	0.0	
31.53652773137281	19.980656748347045	0.0	0.0	
25.367108170223215	4.293713614329455	0.0	0.0	
21.524076856182646	22.598188367315526	0.0	0.0	
21.964197797218983	3.3015024566768645	0.0	0.0	
30.092116810448616	24.456593898927558	0.0	0.0	
7.899196814322455	11.981347825530683	0.0	0.0	
12.264370467417049	19.67219134686228	0.0	0.0	
6.466417801653073	25.406466531731976	0.0	0.0	
3.4666905408323956	31.52229011439286	0.0	0.0	
1.1082197363154407	13.52323185753454	0.0	0.0	
0.5264122929913491	13.65083648963153	0.0	0.0	
12.477664743882745	19.673929840417845	0.0	0.0	
17.848185886890903	8.132069150441847	0.0	0.0	
3.128988842514964	6.098015108058842	0.0	0.0	
28.670575838623	14.320914278456144	0.0	0.0	
2.9207707799826608	17.057152509003306	0.0	0.0	
8.381729571556335	4.9515012833974446	0.0	0.0	
9.195779103441836	13.263074429463575	0.0	0.0	
12.67978308828313	6.265818720788218	0.0	0.0	
7.255603911674594	29.91604474935169	0.0	0.0	
28.045454313547264	1.6406255307840176	0.0	0.0	
25.03134501948724	14.355371309437054	0.0	0.0	
8.871872823543086	24.028811035108216	0.0	0.0	
4.078478893083144	24.733457857279344	0.0	0.0	
14.923662566630728	24.95201806809561	0.0	0.0	
30.61057635298726	2.119701136660783	0.0	0.0	
27.980766760075493	12.582243003463937	0.0	0.0	
31.305530632126867	14.45511063202568	0.0	0.0	
20.1926351608137	6.865246076069173	0.0	0.0	
26.350086703792737	2.951304655728638	0.0	0.0	
5.7542319766557775	8.472571402458307	0.0	0.0	
25.104928342757297	28.96553887985922	0.0	0.0	
8.761758535833984	4.309007816543545	0.0	0.0	
20.664600310117475	30.194230467655913	0.0	0.0	
27.66488852576358	5.927137753529806	0.0	0.0	
9.035695576376039	19.036306285563885	0.0	0.0	
6.606277855605047	9.877657858291471	0.0	0.0	
30.59835391454723	24.38175048100589	0.0	0.0	
27.601259503359362	26.890095754152558	0.0	0.0	
8.296478572229976	27.974181183295766	0.0	0.0	
17.226060250918753	30.154579112977263	0.0	0.0	
20.825418234764108	8.567673416732152	0.0	0.0	
19.562458539081447	10.157762745472766	0.0	0.0	
3.008536937476279	16.093897234714078	0.0	0.0	
3.7796531643422	6.355279929000858	0.0	0.0	
12.489717932837458	10.922401405888639	0.0	0.0	
29.627036054241668	17.58916703707861	0.0	0.0	
30.27339985469877	31.30052414204616	0.0	0.0	
10.159046637219731	18.434002088275697	0.0	0.0	
7.869421652336932	21.513054055678275	0.0	0.0	
16.86963579836166	17.915126750002305	0.0	0.0	
19.92091460655894	28.26282579582246	0.0	0.0	
10.526970143694374	10.956583334404552	0.0	0.0	
30.37291502318169	28.37134010771008	0.0	0.0	
23.310447306408797	27.035418706549766	0.0	0.0	
6.747266534423247	12.247662762234157	0.0	0.0	
19.150474480381032	22.813783216560704	0.0	0.0	
24.50004365757822	12.386889910666813	0.0	0.0	
26.418863155853945	30.589064934266577	0.0	0.0	
5.546375413412079	1.0585013304991335	0.0	0.0	
31.658788149317214	11.764611452426742	0.0	0.0	
10.56989826560897	11.825452916871722	0.0	0.0	
9.657221486803092	21.68818157195168	0.0	0.0	
26.229744789737534	5.765505929964235	0.0	0.0	
13.578958381605478	28.714470463119934	0.0	0.0	
2.5389749778214252	24.39431655231524	0.0	0.0	
25.38077428884794	1.658992652929932	0.0	0.0	
12.136050288085222	17.61661194585056	0.0	0.0	
2.2101688855587582	23.562564176784583	0.0	0.0	
30.958446926170417	23.566085546805425	0.0	0.0	
27.469922799377443	12.365740192326886	0.0	0.0	
17.81154537709449	26.10104821434149	0.0	0.0	
28.50781017975263	6.222444872889923	0.0	0.0	
21.561507405314934	27.282026703392777	0.0	0.0	
25.920117518474367	11.845085079036338	0.0	0.0	
20.078367719162305	8.652096555065363	0.0	0.0	
5.480829992255487	6.211461399524289	0.0	0.0	
7.199819100725339	16.179386911278634	0.0	0.0	
0.5089297952434251	29.353114768635965	0.0	0.0	
27.125965298268383	12.969000093895147	0.0	0.0	
16.06665412532521	27.65706997541046	0.0	0.0	
8.609847183860829	6.237631921160673	0.0	0.0	
4.547965134536369	16.502821596372893	0.0	0.0	
20.848665725723198	21.176554908509715	0.0	0.0	
4.4086325527639865	12.159410012161231	0.0	0.0	
15.924765195423774	11.476233298825452	0.0	0.0	
27.80150687567458	0.11497393958891422	0.0	0.0	
24.361425614035443	6.70351356994302	0.0	0.0	
0.7640588682831222	13.077174134887535	0.0	0.0	
22.691424527699258	25.651765887786595	0.0	0.0	
7.961384521821579	27.88788952341375	0.0	0.0	
31.069764772371634	30.54138887552572	0.0	0.0	
25.621924097440786	7.3656858782318935	0.0	0.0	
18.220660378370763	15.764244448418125	0.0	0.0	
11.312292330886368	15.697515154651406	0.0	0.0	
4.054033003321642	21.07264759029949	0.0	0.0	
11.030889573811738	30.282540434317703	0.0	0.0	
11.525799460281537	11.85708413002795	0.0	0.0	
8.396974646233208	0.28755724987955844	0.0	0.0	
30.98588062661032	13.624657318658947	0.0	0.0	
24.160128616234424	29.61531715971111	0.0	0.0	
23.856004872979643	27.80020062238777	0.0	0.0	
13.495198749157161	7.947134257071635	0.0	0.0	
24.163498199921627	1.3958578282559024	0.0	0.0	
8.618086882700627	4.009083902614957	0.0	0.0	
7.109346537644161	24.748086289132335	0.0	0.0	
30.58304206174265	17.189148793276154	0.0	0.0	
31.560814070696715	5.5412337423684015	0.0	0.0	
21.63573219055343	0.34801069871040724	0.0	0.0	
4.767617474895662	3.4710360748543927	0.0	0.0	
19.41184922231077	24.037869927965048	0.0	0.0	
20.153969685530676	7.974954627400461	0.0	0.0	
9.815786510111938	9.51001804790532	0.0	0.0	
26.542483095379325	19.187211774199145	0.0	0.0	
26.881713253003493	8.727710745866045	0.0	0.0	
8.759764484893427	19.19278526397414	0.0	0.0	
22.759992189343155	7.39084845124491	0.0	0.0	
28.346260788875185	16.25102347825587	0.0	0.0	
14.810829146747913	27.524145055507102	0.0	0.0	
27.718290418992698	17.106581082034236	0.0	0.0	
27.603384982446773	22.21465895150261	0.0	0.0	
22.195651432368713	23.513731354188838	0.0	0.0	
11.730044602869754	22.095366798141292	0.0	0.0	
21.407076073739397	14.226791166169065	0.0	0.0	
16.685657381960635	26.253769999546183	0.0	0.0	
27.461622247182675	24.88955918001884	0.0	0.0	
21.63771013944324	28.922145970669103	0.0	0.0	
12.680420813935378	16.877401221744076	0.0	0.0	
21.90833859193948	31.89571264569636	0.0	0.0	
8.844425367666297	28.962627177056277	0.0	0.0	
29.456981682631167	8.3765960524903	0.0	0.0	
13.990267026820817	16.5594262453615	0.0	0.0	
22.641665419432933	9.839231616651833	0.0	0.0	
3.456816342701618	31.036969851157835	0.0	0.0	
8.234230194596527	14.090201586508844	0.0	0.0	
24.470209755067714	12.821152752764057	0.0	0.0	
18.469064382265802	25.355271280548493	0.0	0.0	
29.687649246115605	20.205747158202957	0.0	0.0	
31.370693081964372	21.505567804551156	0.0	0.0	
24.138751936837153	8.409733635215375	0.0	0.0	
1.3357622851402908	8.819268922749071	0.0	0.0	
5.339304542625989	17.71411212831954	0.0	0.0	
28.94906864449549	26.695699278508318	0.0	0.0	
4.024146400235939	25.164558830907477	0.0	0.0	
14.78937048997934	14.05093399748474	0.0	0.0	
19.694530648336148	9.4830152492048	0.0	0.0	
31.053425582159274	6.262261554416828	0.0	0.0	
1.8941143726861078	29.210696006786815	0.0	0.0	
26.9524052393796	29.816968952138605	0.0	0.0	
29.638820177562316	12.322757147505765	0.0	0.0	
9.016028320148912	10.425359078066506	0.0	0.0	
17.764476028351872	21.508411939760464	0.0	0.0	
3.0407553808424694	3.4626478882051686	0.0	0.0	
20.86567291164453	4.0094380015934945	0.0	0.0	
11.692991467364738	16.667157969609093	0.0	0.0	
28.079174671354128	20.217639689473586	0.0	0.0	
27.663385941018056	23.423410049378134	0.0	0.0	
2.4725480267558133	8.6419575098578	0.0	0.0	
26.958402485940216	18.535380050210062	0.0	0.0	
7.446142714110465	5.421884226191153	0.0	0.0	
28.593155582103698	20.365706230406907	0.0	0.0	
3.0947228838301015	19.373302806560687	0.0	0.0	
24.370126769716954	9.131761629017696	0.0	0.0	
26.7559716670398	20.85619615426641	0.0	0.0	
12.09310710706302	11.665498202237245	0.0	0.0	
14.329985717908023	4.5412849274755125	0.0	0.0	
27.743781718716384	15.76654214828179	0.0	0.0	
5.250795510305355	8.849046406350404	0.0	0.0	
25.668190779909224	18.89018406518897	0.0	0.0	
18.64288525984043	19.688053101093615	0.0	0.0	
18.190367507735232	3.759867401017104	0.0	0.0	
2.9105765636778536	15.352444631858834	0.0	0.0	
13.53568567489178	26.88577230884467	0.0	0.0	
21.277696769924574	10.774117259267527	0.0	0.0	
20.099568510048805	29.922283195944253	0.0	0.0	
14.234485472947608	15.929729719252958	0.0	0.0	
26.660337347336966	8.389566518628587	0.0	0.0	
12.870570179986771	14.608499884743093	0.0	0.0	
0.9594547779381166	8.105728698929877	0.0	0.0	
30.61387442836954	24.19628290360025	0.0	0.0	
13.100793267981267	17.992441620899207	0.0	0.0	
7.086199759510684	7.95160315449402	0.0	0.0	
26.81799717791028	15.569363735146673	0.0	0.0	
5.357577766342896	18.97075617663066	0.0	0.0	
0.7832929546686209	24.98920396318104	0.0	0.0	
11.460523864438493	15.288027396310714	0.0	0.0	
23.104567627152544	25.70340725129292	0.0	0.0	
27.4043826285502	14.4655750744433	0.0	0.0	
22.66291544331997	10.930043892456474	0.0	0.0	
21.6205583132443	24.475039163107112	0.0	0.0	
22.629661330844108	27.85399349045407	0.0	0.0	
5.897834793349624	23.825629271444853	0.0	0.0	
27.054680714511882	5.545473887875943	0.0	0.0	
3.3120959505943333	6.643971797661216	0.0	0.0	
10.46232969432662	0.10418723237813765	0.0	0.0	
16.585378386902647	29.470904979559148	0.0	0.0	
9.211952685646828	12.124010360966906	0.0	0.0	
1.902219645668442	28.37615091581863	0.0	0.0	
11.578774952200348	0.662200380315344	0.0	0.0	
9.178216868908383	22.915605418033813	0.0	0.0	
7.106136785480583	31.957901784209678	0.0	0.0	
5.691389790762273	2.70708481621271	0.0	0.0	
16.412657682294338	0.4387549869083287	0.0	0.0	
29.953680223829423	0.1608853443762861	0.0	0.0	
30.437151623744974	23.656596130352458	0.0	0.0	
2.389179498597258	7.78755362120927	0.0	0.0	
29.10567242763479	5.501327733646178	0.0	0.0	
5.698852149827218	22.964560674836942	0.0	0.0	
3.1561177686286968	29.29427182192583	0.0	0.0	
31.455275422477765	14.447884884143967	0.0	0.0	
2.882686697872998	11.928021901768759	0.0	0.0	
4.488393591734862	0.07970240783669169	0.0	0.0	
9.828536585230655	28.96910173738058	0.0	0.0	
2.9427638186225735	6.355252196107159	0.0	0.0	
3.9194080886239036	2.802092150461359	0.0	0.0	
9.139842416331312	21.678968947484194	0.0	0.0	
24.31482583917192	16.628927233511664	0.0	0.0	
14.48774268514757	7.43301623231358	0.0	0.0	
21.726146304493298	20.84538019558611	0.0	0.0	
9.841628003079105	29.562137982151512	0.0	0.0	
30.31058227158613	2.310634067045232	0.0	0.0	
27.469345394821175	21.212425417723974	0.0	0.0	
10.648902859984446	26.785232154558955	0.0	0.0	
15.209709246380768	1.2262663029622622	0.0	0.0	
7.759479035834875	6.510921560236195	0.0	0.0	
0.6834314961318526	24.18104093921157	0.0	0.0	
22.062271547063073	14.131183572320381	0.0	0.0	
11.173305686396905	28.548646221488184	0.0	0.0	
5.351493682320729	28.020925956716894	0.0	0.0	
19.391399784600654	26.43571535481493	0.0	0.0	
26.368347838699083	15.000693094726365	0.0	0.0	
29.313662043048893	5.36222428955508	0.0	0.0	
9.120640934533963	26.550456388060667	0.0	0.0	
19.896552625473728	27.032348948392624	0.0	0.0	
8.606673663180494	2.8228103625766003	0.0	0.0	
7.991432901933745	17.93318784668074	0.0	0.0	
14.009936052351996	30.794423439735603	0.0	0.0	
19.93275172480358	19.052039537104324	0.0	0.0	
11.226085920985419	1.5423784244584908	0.0	0.0	
26.602448928862355	5.778878021648989	0.0	0.0	
24.735322362063	8.743103830362369	0.0	0.0	
3.1715574566220575	3.2756596683980987	0.0	0.0	
15.217740144290058	21.687161387248658	0.0	0.0	
22.440988515442307	12.577613744292343	0.0	0.0	
12.620429000809914	29.33459281537487	0.0	0.0	
10.275466888055426	26.932485676112638	0.0	0.0	
25.692988331305315	25.79138087789123	0.0	0.0	
23.375558977158715	10.764563240699943	0.0	0.0	
10.69955553512877	30.755599184297804	0.0	0.0	
21.563115793037408	14.810733931709027	0.0	0.0	
6.103466984564115	7.84826016990942	0.0	0.0	
15.653779439776628	10.42146894791166	0.0	0.0	
0.37514609285851463	0.6413576843486339	0.0	0.0	
27.016989207837998	5.577648563353222	0.0	0.0	
26.11402865929177	9.348033328966373	0.0	0.0	
30.17905589723812	30.050403281848524	0.0	0.0	
24.615643652839506	30.780604621668576	0.0	0.0	
29.348063144754004	7.814033569698438	0.0	0.0	
30.94457414713112	2.9621556737267554	0.0	0.0	
25.394884730912242	4.635650121246272	0.0	0.0	
21.467866175164048	9.106646775428228	0.0	0.0	
17.663374480351077	25.269333538362872	0.0	0.0	
20.42352930558775	8.310475983490605	0.0	0.0	
4.352173898355257	30.372148184341285	0.0	0.0	
10.830489998393688	23.817619897613497	0.0	0.0	
25.5178031228568	1.0420858629923941	0.0	0.0	
3.6647062003530095	29.771875890753357	0.0	0.0	
2.219019168995299	6.235515272894514	0.0	0.0	
20.771062066807545	3.8924104670172923	0.0	0.0	
18.123362301663533	2.079535116874972	0.0	0.0	
20.292034682504738	14.542293484879625	0.0	0.0	
27.173892635445917	10.220602056774993	0.0	0.0	
22.726189394091936	17.223813769918053	0.0	0.0	
6.037497989228928	25.661585408927607	0.0	0.0	
11.500870413019197	12.324894908374262	0.0	0.0	
2.3856161929508595	13.958545778253775	0.0	0.0	
11.323106745051337	29.77047218536321	0.0	0.0	
24.063165542425203	4.746012045147992	0.0	0.0	
27.373680938705007	14.348250290439616	0.0	0.0	
4.705406626331161	7.963771644948821	0.0	0.0	
12.041698125177724	11.550731665863712	0.0	0.0	
26.804584189559595	10.100251243021848	0.0	0.0	
31.30345539102981	27.831528238850925	0.0	0.0	
16.1433729553848	6.787993703460007	0.0	0.0	
2.876432922693258	13.91173107577518	0.0	0.0	
29.397592541727807	2.5526730122120824	0.0	0.0	
0.7601235154113617	3.5666692090870704	0.0	0.0	
9.032820521629183	4.479773690710715	0.0	0.0	
3.7066022345406964	22.689088953853553	0.0	0.0	
29.55564037130389	4.491615197596669	0.0	0.0	
17.75274107007733	4.02121611673461	0.0	0.0	
5.379921391597964	22.907622189723185	0.0	0.0	
24.260790007523976	28.919000041696506	0.0	0.0	
19.397372741450525	31.17871502448679	0.0	0.0	
18.42576733620044	6.232180844277405	0.0	0.0	
23.674274230854422	19.577041432730063	0.0	0.0	
6.815836417818115	16.092166140424705	0.0	0.0	
3.1942439295856495	19.397808965323257	0.0	0.0	
23.60996189037807	19.70471650712422	0.0	0.0	
18.894021364893575	31.288804902583834	0.0	0.0	
6.865569449448749	3.7188483072853096	0.0	0.0	
18.188182788614235	17.189290489813676	0.0	0.0	
25.974440979752604	8.040325505173296	0.0	0.0	
21.563684565945987	23.32409344929004	0.0	0.0	
16.590799465428784	22.177225605473485	0.0	0.0	
5.02389844559821	24.43056912481402	0.0	0.0	
11.01442403728986	0.5432433355163653	0.0	0.0	
6.283301893396061	30.31496090974179	0.0	0.0	
12.797555641427103	17.01229926994699	0.0	0.0	
28.70750880672867	7.398139166167265	0.0	0.0	
9.529406167867595	22.80438115133962	0.0	0.0	
12.271219536073954	23.993072920129663	0.0	0.0	
1.0142756166001838	12.213798042864557	0.0	0.0	
16.005669442934305	30.64988196034805	0.0	0.0	
14.343822244721235	21.023543735357954	0.0	0.0	
21.70054688030126	0.5581121947810459	0.0	0.0	
27.05975769618164	13.758779427175728	0.0	0.0	
26.31784420130116	20.175339881130462	0.0	0.0	
30.24293597303833	26.205062412630685	0.0	0.0	
18.039572348562405	3.32370114443631	0.0	0.0	
10.366872928431949	24.71006051219136	0.0	0.0	
5.166360909876737	26.818275571520644	0.0	0.0	
10.165979804593146	25.718257382327067	0.0	0.0	
15.538579738432507	26.94498781572924	0.0	0.0	
29.33478245997788	21.461727179460755	0.0	0.0	
12.715495584786925	23.343214541735755	0.0	0.0	
8.383218778071473	12.504968615422957	0.0	0.0	
4.539087013553978	29.155968287183132	0.0	0.0	
9.627334823700469	2.17287089195122	0.0	0.0	
3.2629761632318797	20.63868827412006	0.0	0.0	
23.099376388726547	1.7980504748729658	0.0	0.0	
15.662359342001757	29.917113654348817	0.0	0.0	
2.6930607827322	25.057798272596145	0.0	0.0	
12.639211224676703	26.718690763830026	0.0	0.0	
2.1400050772090147	14.549165913775504	0.0	0.0	
3.087597389715963	20.95540987106987	0.0	0.0	
16.002479371722735	1.3382554497895924	0.0	0.0	
9.864378122991777	24.648165085458025	0.0	0.0	
23.605337951950503	14.849123761842996	0.0	0.0	
26.56767327645433	31.14876280900532	0.0	0.0	
4.937347691851723	14.40129764234441	0.0	0.0	
26.32856515372812	31.836337966964216	0.0	0.0	
13.171162645054213	26.170237081472553	0.0	0.0	
31.808248174756386	2.6090461003320193	0.0	0.0	
14.862115313581405	24.531975514642504	0.0	0.0	
0.5506404879661169	11.887152806109071	0.0	0.0	
5.849860683287339	17.584106217932842	0.0	0.0	
16.21498075919265	17.185533294973997	0.0	0.0	
6.498949239847789	1.5753807993805786	0.0	0.0	
22.392147044505126	31.83127903641883	0.0	0.0	
28.601719328938582	25.025759948825602	0.0	0.0	
1.6015379151720097	15.256047444628692	0.0	0.0	
16.50783925970806	31.85329875246129	0.0	0.0	
1.8267000592333353	5.091416750273886	0.0	0.0	
13.20552101352855	23.90350890814953	0.0	0.0	
26.861519761679293	12.273091444783788	0.0	0.0	
14.450496175834921	31.957926684569813	0.0	0.0	
0.26203239593297667	24.52262902007234	0.0	0.0	
2.0722533654345803	21.72716197875425	0.0	0.0	
12.75758386559475	0.5150114457002459	0.0	0.0	
12.302559504165501	30.45462451736429	0.0	0.0	
16.130521463150366	13.331510902592726	0.0	0.0	
31.874111114862128	19.147225339152083	0.0	0.0	
16.721363071447595	5.112986602827103	0.0	0.0	
17.08477714866279	6.587076659158065	0.0	0.0	
19.16953811872213	19.722789915481233	0.0	0.0	
14.924031516706762	17.15030282653891	0.0	0.0	
12.980646940117133	13.650850503946021	0.0	0.0	
1.6355655356425594	12.969268698643525	0.0	0.0	
15.266761351399495	9.950957136928515	0.0	0.0	
10.01893859896705	18.689444430392673	0.0	0.0	
0.1866877976729313	19.132764859593202	0.0	0.0	
3.1572502799674176	29.739598687715084	0.0	0.0	
27.646771836771364	31.295307399291396	0.0	0.0	
21.504189158418466	29.132537725779446	0.0	0.0	
17.525615624857654	24.699985577400557	0.0	0.0	
11.198174373612265	6.623411999206848	0.0	0.0	
18.08669076528304	29.10429559841278	0.0	0.0	
26.358793943596915	27.889093878750437	0.0	0.0	
22.97577587186084	11.622317616206697	0.0	0.0	
27.217216068267636	21.875614352397704	0.0	0.0	
7.56250989418783	13.202894774950689	0.0	0.0	
0.4077957854196974	15.641640026647305	0.0	0.0	
17.574199631327957	10.375785444242702	0.0	0.0	
11.930004510676586	0.6119260402344189	0.0	0.0	
23.028241190965453	24.397893829066227	0.0	0.0	
13.002563855418249	28.85522184558058	0.0	0.0	
10.542245376316274	24.5059865443213	0.0	0.0	
5.305655562819293	24.929497155894662	0.0	0.0	
4.419602615377759	9.279969191498314	0.0	0.0	
28.115185945230326	3.0408123280691974	0.0	0.0	
27.136990673559527	4.485031998890221	0.0	0.0	
2.1256442106368283	17.80942515979213	0.0	0.0	
15.100819188953881	25.07055734898925	0.0	0.0	
22.465654234381457	9.893175620796562	0.0	0.0	
0.21137354679458653	2.928165004580542	0.0	0.0	
11.105980742391996	2.119362667575249	0.0	0.0	
8.098805675475447	21.999809583553855	0.0	0.0	
15.641335490895269	4.04515124559758	0.0	0.0	
18.56107631592376	3.361740442359636	0.0	0.0	
0.5199336854311518	12.986390704954367	0.0	0.0	
7.240177362645646	1.136582644845884	0.0	0.0	
19.948380125684658	7.331255541130595	0.0	0.0	
1.5635956129737423	6.432273238418855	0.0	0.0	
20.81137601280514	3.4555250420898496	0.0	0.0	
9.23508380920181	26.480465153195542	0.0	0.0	
31.13618872162441	16.767938017635885	0.0	0.0	
9.339891135867404	14.880030112576943	0.0	0.0	
6.064035376278593	1.2260580473840115	0.0	0.0	
11.905374717208822	8.115235216903134	0.0	0.0	
28.791471883400263	18.17516372387571	0.0	0.0	
21.322721404014604	1.223978646897784	0.0	0.0	
28.208417505342346	10.135387428491764	0.0	0.0	
29.891752565377832	13.099062569479027	0.0	0.0	
0.8802764957661076	31.509169695528527	0.0	0.0	
6.1995343049065	28.448019558850067	0.0	0.0	
18.391658156909614	28.9728079433	0.0	0.0	
5.732702017906586	20.562843594705598	0.0	0.0	
31.057925704986722	31.565756601094872	0.0	0.0	
14.924634393107219	8.826139259788853	0.0	0.0	
0.7620628151129445	30.559483501866392	0.0	0.0	
23.025365066063703	7.10448990247632	0.0	0.0	
10.460446162669545	21.265831766768546	0.0	0.0	
10.548977049292176	25.21142504536121	0.0	0.0	
23.61802394709361	28.331952391510914	0.0	0.0	
4.72641267758846	21.150862471581483	0.0	0.0	
8.247114593282422	21.494226717076195	0.0	0.0	
31.600107036405365	9.06928886545731	0.0	0.0	
3.285287617539222	11.442916082364402	0.0	0.0	
27.31748880418953	15.79939870983349	0.0	0.0	
31.212895945014527	29.51069481085906	0.0	0.0	
26.832174871551857	4.649103673181294	0.0	0.0	
25.42762261846919	31.60602242450353	0.0	0.0	
30.841606995536896	26.254601160967187	0.0	0.0	
17.739698600360978	11.640629324250618	0.0	0.0	
29.722904225804296	10.466158557521467	0.0	0.0	
6.422204285088981	7.350117850292666	0.0	0.0	
12.34645845090522	5.888307408264506	0.0	0.0	
18.275093597387354	13.026927677742673	0.0	0.0	
11.792325234437087	10.99036545850942	0.0	0.0	
21.130554130712174	26.19761000864946	0.0	0.0	
24.41464088720406	23.35290671585054	0.0	0.0	
28.2366843376973	18.52792590641767	0.0	0.0	
26.686642599126188	26.59674050386146	0.0	0.0	
10.263594580857141	12.446775566881904	0.0	0.0	
12.058220818523338	30.203244859623744	0.0	0.0	
17.25524608689949	4.6404886442254565	0.0	0.0	
8.06370673020188	28.964208906170317	0.0	0.0	
31.823586915226823	27.15956106169406	0.0	0.0	
14.85540750135041	5.752899287772497	0.0	0.0	
15.303220455745318	4.072332380583038	0.0	0.0	
22.020374300379586	14.4606855187801	0.0	0.0	
17.587089126857695	16.5277983673089	0.0	0.0	
17.039931885089985	18.58483693499166	0.0	0.0	
20.805796586640827	12.653730104689778	0.0	0.0	
12.425601918249807	27.222350877454044	0.0	0.0	
28.20807395220287	20.768972078880726	0.0	0.0	
31.754237832956466	20.682448748463546	0.0	0.0	
1.252233916675241	18.741497611425654	0.0	0.0	
1.3173037733710764	30.324369993671237	0.0	0.0	
6.2227077975024265	17.449873590273178	0.0	0.0	
13.67677895469804	16.119930902109292	0.0	0.0	
9.965902421810771	28.28218296979828	0.0	0.0	
0.3950493622176694	14.20149436088018	0.0	0.0	
18.95343315138176	22.2527468303815	0.0	0.0	
14.547710688429088	24.48050855984633	0.0	0.0	
2.289012957092968	4.822388652879422	0.0	0.0	
27.848818540834234	16.85675174850117	0.0	0.0	
7.049002567829476	11.727602152968299	0.0	0.0	
20.64458489476924	1.0844441422237523	0.0	0.0	
22.76003264210279	6.492075749324293	0.0	0.0	
24.46574490946824	15.934095359081365	0.0	0.0	
21.45996192531706	2.2697271719452203	0.0	0.0	
7.471599628929926	9.935160028397352	0.0	0.0	
28.58588985610274	24.663343376805365	0.0	0.0	
30.06434319654661	22.387703439350393	0.0	0.0	
14.338279679234333	5.098814576046955	0.0	0.0	
7.432253373217932	2.8232014099094194	0.0	0.0	
30.61147596645114	11.299541775512488	0.0	0.0	
2.669472600522063	8.235093003977259	0.0	0.0	
27.98318671402658	17.627230816334535	0.0	0.0	
22.913387017538394	20.331362029412045	0.0	0.0	
13.325930020158218	7.768032783548957	0.0	0.0	
18.761625758551894	10.14019551189245	0.0	0.0	
7.54445627238211	12.59773543130255	0.0	0.0	
29.179156837407533	26.20695158525743	0.0	0.0	
9.138409783298098	3.96861693537965	0.0	0.0	
18.86966199072717	10.42162483484963	0.0	0.0	
9.646231134383164	30.436797627947062	0.0	0.0	
20.786301067646864	22.364791783194875	0.0	0.0	
21.316160036090608	10.257537524829665	0.0	0.0	
6.346735664291835	3.577867005372152	0.0	0.0	
31.305535705758956	6.525108779531546	0.0	0.0	
22.979394143020013	27.936905175289574	0.0	0.0	
20.332782063033516	8.453984700857632	0.0	0.0	
17.46235470699538	12.954046267935286	0.0	0.0	
19.875653347957147	1.0277344359959706	0.0	0.0	
9.127265039981054	21.597332121490386	0.0	0.0	
4.1283212588719	21.199736717683166	0.0	0.0	
14.104897988725803	24.53188315125394	0.0	0.0	
16.994675308695346	18.52247174114229	0.0	0.0	
19.962493207445885	20.555538313221973	0.0	0.0	
25.419415870481593	31.35696527537894	0.0	0.0	
15.035660811436909	10.598353060391045	0.0	0.0	
11.038002255057275	31.546553738922704	0.0	0.0	
16.431578387156176	21.555426556786013	0.0	0.0	
26.65852137818015	24.215307638889847	0.0	0.0	
27.472082973054363	17.563325858646433	0.0	0.0	
21.12201319085889	24.246080242283835	0.0	0.0	
22.326573206814853	23.636919602732043	0.0	0.0	
2.122554723395538	4.379506600026666	0.0	0.0	
7.0668340369501195	10.396483191988796	0.0	0.0	
7.154095731527796	24.648396961312436	0.0	0.0	
31.78539604178659	26.67281046117981	0.0	0.0	
6.846576869958341	23.276620554042154	0.0	0.0	
12.641838423305671	17.9847979472911	0.0	0.0	
1.667165614145194	28.383113743898562	0.0	0.0	
13.994466765658238	17.44747723339264	0.0	0.0	
30.00585437128897	23.153933980516378	0.0	0.0	
9.511978997397954	19.40175241572231	0.0	0.0	
4.700268570815204	19.23887899560146	0.0	0.0	
27.03867307974396	0.8911331511082707	0.0	0.0	
17.22203336061482	17.803266993530496	0.0	0.0	
23.780390979838682	26.21390493904474	0.0	0.0	
20.26226059014891	21.869072911996174	0.0	0.0	
0.43851945880264154	14.959840289873998	0.0	0.0	
27.25273714517906	7.7377524447374775	0.0	0.0	
0.12855034635689933	21.38896307334276	0.0	0.0	
8.363365208042541	5.900667297847505	0.0	0.0	
29.44733863138472	26.80498342817031	0.0	0.0	
19.67765948344841	17.29602483826562	0.0	0.0	
3.3291214713175705	25.814693880424056	0.0	0.0	
20.44625120713792	13.342018261991598	0.0	0.0	
4.673921611831972	26.841658324502802	0.0	0.0	
2.3212297650693117	17.220414911037587	0.0	0.0	
29.930191708757054	3.768030722444042	0.0	0.0	
1.2926157251942918	21.654691223777302	0.0	0.0	
20.03677335567693	13.834081465378944	0.0	0.0	
2.9217634700834907	1.9011785723463959	0.0	0.0	
1.7889203506693079	17.151056085237368	0.0	0.0	
26.352557537049186	28.90206165683818	0.0	0.0	
19.850969056964832	28.90489571439888	0.0	0.0	
25.809633553974795	13.140166339638174	0.0	0.0	
6.751029391354397	4.879260643304228	0.0	0.0	
31.11973796379257	1.2632807286139887	0.0	0.0	
12.685189645591176	25.6794558720521	0.0	0.0	
14.69254190125001	7.509361012707629	0.0	0.0	
5.603451593168266	16.303069022712812	0.0	0.0	
21.495402999075772	10.586405099935703	0.0	0.0	
1.3015229483750588	7.122271337663392	0.0	0.0	
17.58557709709813	27.358072071013225	0.0	0.0	
27.362639778240613	13.019236028291235	0.0	0.0	
8.253694989583117	1.4771408618601853	0.0	0.0	
0.1929447106727018	3.7175714557206696	0.0	0.0	
15.914217055202531	8.237915313833419	0.0	0.0	
17.54880674131948	18.78079501199365	0.0	0.0	
11.80835657217482	10.450963999100402	0.0	0.0	
25.133160826706604	9.756114177986035	0.0	0.0	
11.735162830271598	26.410904985403995	0.0	0.0	
11.310418059740755	19.469371891211253	0.0	0.0	
11.247175320618421	11.11191289440773	0.0	0.0	
14.36597667696146	28.95074108642276	0.0	0.0	
3.4454965494488654	20.45450067686167	0.0	0.0	
5.533566105648482	15.985928552448133	0.0	0.0	
24.012561077145325	16.267853222361627	0.0	0.0	
8.668156445121237	17.16782639593461	0.0	0.0	
17.485523716327954	16.182243915298034	0.0	0.0	
11.237454974398467	8.466195944560535	0.0	0.0	
5.415152584178415	5.0979367609783885	0.0	0.0	
3.871654132796106	28.994453705649676	0.0	0.0	
16.61514010969156	0.6979562642327757	0.0	0.0	
1.0571002848338082	13.21416323039325	0.0	0.0	
4.239085314816798	17.25466304989224	0.0	0.0	
19.208610851487183	2.3884680892926156	0.0	0.0	
8.173262473377868	4.177061613282746	0.0	0.0	
11.045519037717128	24.066736288232228	0.0	0.0	
24.20078480264558	23.685889668304775	0.0	0.0	
10.374869324503688	28.548409109544163	0.0	0.0	
6.166619218707364	1.7020583168194783	0.0	0.0	
10.506195492991964	17.30070531674099	0.0	0.0	
26.295776550469565	31.411436518505706	0.0	0.0	
6.851908492422993	13.10390720253617	0.0	0.0	
1.006960047578282	0.8186991829587242	0.0	0.0	
28.167357786185185	25.014586453698264	0.0	0.0	
8.678281940626281	26.50267637628831	0.0	0.0	
6.616154877000074	15.002127240601915	0.0	0.0	
23.583655702955873	4.452352951845544	0.0	0.0	
8.890076112569606	22.740287594571328	0.0	0.0	
7.5687267323216005	19.74419782709622	0.0	0.0	
26.73996002563173	6.497570439650307	0.0	0.0	
6.690811308915972	0.9035130954244508	0.0	0.0	
20.220280732822207	27.957447193979714	0.0	0.0	
7.864998263880327	12.36810833136283	0.0	0.0	
31.871492133439016	3.8609138991450997	0.0	0.0	
20.265458540779992	18.17572039979832	0.0	0.0	
2.948604154648816	25.512947966531677	0.0	0.0	
17.102800852811338	22.471221354894755	0.0	0.0	
15.346279563513232	1.3716795655617275	0.0	0.0	
29.498737173094508	28.872986451746254	0.0	0.0	
11.519420323023198	4.158075164149711	0.0	0.0	
7.20934842747242	8.690558947496662	0.0	0.0	
11.681650371880103	13.53822625372769	0.0	0.0	
26.141506117001253	4.246043590252114	0.0	0.0	
10.22771265089364	15.268472663489955	0.0	0.0	
9.396586873133181	14.114579822145238	0.0	0.0	
2.746937653510667	15.69603736112239	0.0	0.0	
13.46472609419132	9.108526031826234	0.0	0.0	
17.122285101858683	11.657143085353475	0.0	0.0	
0.2545854070532627	6.210026193538088	0.0	0.0	
3.1396510639147124	0.0856603989385647	0.0	0.0	
5.951716291152458	26.807688309386226	0.0	0.0	
0.6436683947265429	0.01413998220582613	0.0	0.0	
0.5680625928256013	28.43345479209805	0.0	0.0	
22.551865172944616	4.308106059523627	0.0	0.0	
11.399455668904803	19.959811583002335	0.0	0.0	
23.8991918668102	17.00992476452214	0.0	0.0	
11.87552912227125	28.990979742320626	0.0	0.0	
21.24681626771802	31.553516451075403	0.0	0.0	
6.177999227745676	17.588800241539737	0.0	0.0	
26.952574735325616	18.075761631356887	0.0	0.0	
11.376473174149886	6.892460520866035	0.0	0.0	
6.972912490195611	24.77277441507094	0.0	0.0	
9.65142188507805	10.987508003296679	0.0	0.0	
3.2520519627102438	27.2346722691538	0.0	0.0	
19.752156856484845	1.0343543568535623	0.0	0.0	
20.417111977135438	10.777992904762367	0.0	0.0	
10.586706890565427	24.769555411271977	0.0	0.0	
14.97632102729521	2.0469247437650147	0.0	0.0	
16.83932822849083	27.468243684236683	0.0	0.0	
27.227448002926185	12.743838074475782	0.0	0.0	
30.215814144242792	25.275693933028574	0.0	0.0	
30.51933822326002	16.007283175793923	0.0	0.0	
9.558711291880996	26.95291105972064	0.0	0.0	
13.71204294107207	15.346218035485691	0.0	0.0	
11.47420503496507	26.315897415526344	0.0	0.0	
7.21095957789181	7.3108682063143995	0.0	0.0	
14.627339267759698	4.448252656061502	0.0	0.0	
16.742045845413312	31.594427458036204	0.0	0.0	
2.523897248872835	4.404190968266128	0.0	0.0	
10.150299245466954	17.723939525466	0.0	0.0	
6.679768428471117	29.201789382026657	0.0	0.0	
19.73858322359403	20.936006941219865	0.0	0.0	
4.268562495516395	14.275107813471912	0.0	0.0	
19.150445048361785	14.85301081862896	0.0	0.0	
11.482021584310033	16.82872764094743	0.0	0.0	
19.456684899982367	31.064985958356566	0.0	0.0	
5.9414512095866385	21.916271388364965	0.0	0.0	
15.326901113230914	5.7664714574637586	0.0	0.0	
26.57645374714027	25.63453829187684	0.0	0.0	
5.375579893688045	5.459936863278845	0.0	0.0	
7.438178806144304	15.38282440961284	0.0	0.0	
18.068553833490448	15.05684046099256	0.0	0.0	
30.74246681393471	3.944027520553547	0.0	0.0	
21.928406367285607	28.14596548113038	0.0	0.0	
7.142040588285063	27.374325705696172	0.0	0.0	
14.028460543961142	17.329001835311534	0.0	0.0	
12.549206365808296	20.740292019606443	0.0	0.0	
7.542647030219744	28.0593615027038	0.0	0.0	
2.5536809050274485	6.062069672813351	0.0	0.0	
8.777521623812593	5.3935272761826205	0.0	0.0	
26.473762782710867	5.413951111540364	0.0	0.0	
13.69056366567846	16.26002874905936	0.0	0.0	
18.493148302879188	12.590515734970193	0.0	0.0	
31.017734876698572	24.180341811149784	0.0	0.0	
29.58417193233635	24.525334095156367	0.0	0.0	
15.180633365376814	24.34367521987151	0.0	0.0	
21.6254165446551	21.902631374753593	0.0	0.0	
19.40769860954338	26.747318622343876	0.0	0.0	
9.125471540964359	2.432115738402576	0.0	0.0	
5.148394331045296	4.501164105723458	0.0	0.0	
6.924219613998908	0.8365109204002472	0.0	0.0	
13.146796616656982	25.824954161791194	0.0	0.0	
22.494267981949026	10.832878388510917	0.0	0.0	
19.558779607233813	0.41794465392681346	0.0	0.0	
14.668468776477297	24.16144233790227	0.0	0.0	
2.3009945692385223	27.450535793113623	0.0	0.0	
3.521942655911708	18.97746679871915	0.0	0.0	
1.3782450599140823	3.9176621393100426	0.0	0.0	
21.399483927922578	17.81030376618262	0.0	0.0	
20.6395395354916	24.544046298737356	0.0	0.0	
27.962875479225552	30.44089920737794	0.0	0.0	
27.76905201514112	11.902622212694396	0.0	0.0	
2.3728745461352183	5.952491132660885	0.0	0.0	
24.073132378298734	21.931163757911133	0.0	0.0	
6.722080444344698	26.350671799169433	0.0	0.0	
12.027172870262788	26.71324345631901	0.0	0.0	
29.55803264558077	13.892340398509226	0.0	0.0	
