2
32.0	0.0	0.0	0.0	
0.0	32.0	0.0	0.0	
10.589815481369758	16.11099714099243	0.0	0.0	
0.4676575208695404	7.911405431165047	0.0	0.0	
19.927291306601546	8.138572776055888	0.0	0.0	
18.256579509836335	15.310061586238678	0.0	0.0	
22.599403670877138	9.737239385169502	0.0	0.0	
22.054902348527357	6.126886043472975	0.0	0.0	
24.579450120095913	0.6242981677485027	0.0	0.0	
18.085011227271142	20.18582284181628	0.0	0.0	
24.01308596940025	10.321003871806475	0.0	0.0	
17.978269847114262	26.668470351884707	0.0	0.0	
29.415940128696192	22.245328353523956	0.0	0.0	
16.976628477228488	10.780371456464898	0.0	0.0	
20.551154564945524	7.828296145886199	0.0	0.0	
13.483072273103001	5.685467726246934	0.0	0.0	
3.0937545733986305	7.386999224979892	0.0	0.0	
22.09870958760667	9.37107354139701	0.0	0.0	
6.217515641153188	21.381273792349123	0.0	0.0	
1.6232703849711818	18.1732677887937	0.0	0.0	
14.564319699065134	12.067605731869175	0.0	0.0	
4.389879154535624	17.085618294442508	0.0	0.0	
11.91542778136186	21.943329847513365	0.0	0.0	
10.72725401032029	8.792268673298178	0.0	0.0	
28.80726524598595	21.977673206626406	0.0	0.0	
8.13106067744874	10.428402411057451	0.0	0.0	
7.556734710990959	19.975872575626408	0.0	0.0	
31.99163642908109	14.525136084604611	0.0	0.0	
25.54497705905953	1.7483384709190695	0.0	0.0	
19.614635377845048	16.34406148120384	0.0	0.0	
10.545648795525583	21.50466026331327	0.0	0.0	
25.285349826550476	26.62596949632361	0.0	0.0	
25.056800027626874	12.433881796615367	0.0	0.0	
25.87089926820698	12.600737286200587	0.0	0.0	
15.624000201795724	21.35728338545909	0.0	0.0	
26.92131917512112	19.49008297358065	0.0	0.0	
10.15995303052582	3.2210633197674383	0.0	0.0	
28.60826789051414	12.490209946163677	0.0	0.0	
12.00335639606072	6.988541246972897	0.0	0.0	
20.679878170335993	9.759546416879992	0.0	0.0	
12.964823792283426	31.00452446981264	0.0	0.0	
2.9072450046135856	1.8398766064573913	0.0	0.0	
1.854114420208738	1.4562767524098668	0.0	0.0	
5.154625712813726	11.800715955718125	0.0	0.0	
20.63307729264124	29.40977234327426	0.0	0.0	
5.07149591628631	23.212320773286674	0.0	0.0	
27.162861623546934	26.984531463313125	0.0	0.0	
19.814498066604695	19.965143958327378	0.0	0.0	
31.96504922721918	31.999349748641237	0.0	0.0	
4.50698591227712	9.242786821573226	0.0	0.0	
20.740068825760726	25.981737931049256	0.0	0.0	
4.30253775082986	12.958437281383077	0.0	0.0	
1.6909272522415542	5.630112172849746	0.0	0.0	
25.28229114881458	27.408677649641888	0.0	0.0	
16.158499499401486	13.479263291537261	0.0	0.0	
11.057574054184624	18.73856280267701	0.0	0.0	
14.134284879046035	1.5942372364997404	0.0	0.0	
15.114159827394985	8.368690225608077	0.0	0.0	
3.7434757406613883	16.594029632713323	0.0	0.0	
28.73898031422168	29.252792279977292	0.0	0.0	
1.2264844710114247	27.163252849351878	0.0	0.0	
3.817890253804123	5.351450820497	0.0	0.0	
28.52979664120233	5.7877445673375085	0.0	0.0	
3.7615043016838605	2.350977875057641	0.0	0.0	
2.11348675553446	2.1990941860392432	0.0	0.0	
15.065466141838368	11.770959537574196	0.0	0.0	
14.189470992100333	26.844077422898124	0.0	0.0	
25.48932873423159	26.70961164228343	0.0	0.0	
10.375219879852818	5.576309459238072	0.0	0.0	
6.658083848739139	9.511384720135705	0.0	0.0	
2.5476108640938513	26.651975540574757	0.0	0.0	
4.850237784820578	4.075254519530308	0.0	0.0	
21.840933052034284	29.639347394570137	0.0	0.0	
28.718386555958762	3.324440477187988	0.0	0.0	
29.659347541066865	6.49888030196734	0.0	0.0	
4.277288379913966	25.66491523726959	0.0	0.0	
18.02371058674016	26.159180684092462	0.0	0.0	
8.704325909928698	2.826921955125723	0.0	0.0	
19.834003808276815	15.442653675408398	0.0	0.0	
15.844579805777855	0.8815836931016996	0.0	0.0	
6.406267911582283	30.7542551855013	0.0	0.0	
1.479908080986597	18.93545803305663	0.0	0.0	
0.8499731539822264	5.23791424132704	0.0	0.0	
16.807748236262352	28.778156473348233	0.0	0.0	
28.028841033723868	25.20250442767604	0.0	0.0	
15.413293283081646	1.643907562614416	0.0	0.0	
20.97322044034054	19.663284325373102	0.0	0.0	
2.6353391315247983	13.683402152402422	0.0	0.0	
18.808435083090938	4.5758770494983985	0.0	0.0	
18.80587873000271	7.062280644343776	0.0	0.0	
14.862385289444386	1.2404434960532278	0.0	0.0	
7.554873952289462	31.480197836368287	0.0	0.0	
21.431699096128792	19.73978073046329	0.0	0.0	
7.554741398211494	13.869210649062154	0.0	0.0	
29.730279654461583	27.399102140816765	0.0	0.0	
16.416278889069456	23.515202552870466	0.0	0.0	
20.44598163986608	23.706726496288653	0.0	0.0	
29.94272540025416	5.6200647367719405	0.0	0.0	
18.991898667287586	24.152339533224986	0.0	0.0	
10.99169031541178	14.67278459467855	0.0	0.0	
1.3988691313808879	24.68728057711686	0.0	0.0	
13.567863186599151	22.760895983384398	0.0	0.0	
29.51768338259921	10.417668762249413	0.0	0.0	
23.432321551162715	8.736041043159052	0.0	0.0	
4.095984871671401	0.6175480196315313	0.0	0.0	
7.339460274330957	19.956028285747326	0.0	0.0	
12.94666272046766	9.568874423124367	0.0	0.0	
17.6945729768404	15.546879703035444	0.0	0.0	
21.353182890890483	9.983298429934692	0.0	0.0	
18.0934014844048	0.932280691108371	0.0	0.0	
17.61122134125623	16.875950458569143	0.0	0.0	
27.55013640579347	24.341558787660038	0.0	0.0	
9.145855681933753	26.75167304595334	0.0	0.0	
11.122224785733696	18.09817590099183	0.0	0.0	
5.908437174362785	12.116944207758774	0.0	0.0	
28.316830861387857	1.0052121228619946	0.0	0.0	
12.491313786024186	26.628373326960016	0.0	0.0	
9.769941995696868	30.62743431265092	0.0	0.0	
5.341619032713229	29.005305304227964	0.0	0.0	
10.571393417880493	31.825610385528126	0.0	0.0	
16.211212261203876	21.960763431617288	0.0	0.0	
10.385036590322535	24.90629120280561	0.0	0.0	
22.809066119071414	12.9585831894581	0.0	0.0	
26.331160539290618	0.1828022302320953	0.0	0.0	
13.47345030550187	12.0344119655288	0.0	0.0	
29.508101292615365	10.711400479201863	0.0	0.0	
12.25550555568562	8.615089783552115	0.0	0.0	
2.464567752609849	25.178846107105944	0.0	0.0	
12.527944026880796	0.7800275599608639	0.0	0.0	
6.104323568974461	1.9668455337066781	0.0	0.0	
9.820008852096564	15.560008622631635	0.0	0.0	
16.650764649385764	1.5213163137788435	0.0	0.0	
2.036246497907964	7.612524198617212	0.0	0.0	
11.217540918806709	1.7382974203457096	0.0	0.0	
26.564682723934133	25.603888681745765	0.0	0.0	
2.752911023308741	18.30481528195209	0.0	0.0	
23.18103514519743	24.94215940735309	0.0	0.0	
11.920034026415	23.852006929136465	0.0	0.0	
14.086411309188637	17.901383623144	0.0	0.0	
15.477672970810382	0.28918127727467535	0.0	0.0	
19.69509406218166	0.7209265719938927	0.0	0.0	
17.919032761606946	8.885201099955395	0.0	0.0	
8.235609167373713	15.2903289448791	0.0	0.0	
22.630478364398012	21.424466306552375	0.0	0.0	
13.22529451147636	11.285306712099388	0.0	0.0	
25.979220785957942	31.516377297414614	0.0	0.0	
1.309689489501121	10.812699994935954	0.0	0.0	
10.639785368925828	30.64472958427368	0.0	0.0	
5.32577051722788	7.83074486718014	0.0	0.0	
21.75546996813994	13.266445691059364	0.0	0.0	
22.382743935529337	4.129428865472029	0.0	0.0	
21.313107817612355	15.367634795284449	0.0	0.0	
25.655778507603266	13.697349895438538	0.0	0.0	
24.091739586619706	1.682795878414975	0.0	0.0	
5.60146739085048	17.097104327063477	0.0	0.0	
19.698190437427503	10.052293848689079	0.0	0.0	
27.4944478061411	23.7157154544312	0.0	0.0	
22.366742515783635	9.391854795321404	0.0	0.0	
14.226264942331191	15.040843136301614	0.0	0.0	
3.7656639877442615	17.79198875634116	0.0	0.0	
4.9675546882526405	2.759886709774534	0.0	0.0	
21.34028268980343	6.134067084820831	0.0	0.0	
16.08527430106141	31.052789881906335	0.0	0.0	
1.6490414892974172	0.2558430208180802	0.0	0.0	
2.9279615400848584	22.999555917759626	0.0	0.0	
26.288326469601685	23.345740961362182	0.0	0.0	
10.984569530333804	25.749625483726668	0.0	0.0	
2.49009644554026	17.043195058832847	0.0	0.0	
22.98809343033049	23.355005991969612	0.0	0.0	
29.752203623711416	27.910180049821268	0.0	0.0	
6.517156151618465	5.6102096109605135	0.0	0.0	
26.375195610579937	18.48872996721968	0.0	0.0	
18.494073228293765	30.00477495124785	0.0	0.0	
20.169354920265945	17.63544688307448	0.0	0.0	
8.004918263589008	31.016206050328947	0.0	0.0	
0.12921687286606698	1.159686264554324	0.0	0.0	
1.9839867846574357	16.120030986277666	0.0	0.0	
2.501014858316079	9.21538680235918	0.0	0.0	
13.081162196713404	25.205222328579016	0.0	0.0	
9.712092693371272	6.692794933130969	0.0	0.0	
14.186895869566563	10.89884363061693	0.0	0.0	
15.357448477119704	17.249503994998815	0.0	0.0	
18.603292297823657	23.54217677465543	0.0	0.0	
24.506405971054658	23.47318341489205	0.0	0.0	
1.7692297905184091	17.388417481242318	0.0	0.0	
2.7769497854591023	6.915218016759347	0.0	0.0	
7.834178362125474	30.510009985653284	0.0	0.0	
11.116137232717797	19.596509782989067	0.0	0.0	
4.872868338684523	15.243823743878	0.0	0.0	
6.995867077528583	1.5592077477580943	0.0	0.0	
16.461279260935218	27.155069502389633	0.0	0.0	
18.38525614335929	11.531497826645925	0.0	0.0	
22.823001307547827	13.148958280031703	0.0	0.0	
30.24664890312837	30.146796417212336	0.0	0.0	
5.201176816358185	24.653808822142153	0.0	0.0	
12.13731216981608	10.691551841014405	0.0	0.0	
12.906018817638337	16.254834342178317	0.0	0.0	
18.26960953296443	20.88212076387344	0.0	0.0	
6.8905601030855586	31.679769016402147	0.0	0.0	
4.192318880793366	23.17748990143858	0.0	0.0	
11.338629669778335	28.420583859666454	0.0	0.0	
23.051171435936375	23.05180025619992	0.0	0.0	
13.605771564129228	20.437801609242054	0.0	0.0	
29.878182405186845	17.18630493836006	0.0	0.0	
17.07624066065929	24.640354663769195	0.0	0.0	
27.386600621346375	26.62486372055334	0.0	0.0	
14.00610375385871	8.6792938045771	0.0	0.0	
23.36152950846567	7.684741045245914	0.0	0.0	
5.855639122112461	19.446013077211894	0.0	0.0	
20.447202568224164	21.044024461400035	0.0	0.0	
8.226872076484952	13.877459548459527	0.0	0.0	
24.642473286419925	9.360486466357827	0.0	0.0	
22.952037947708092	24.572075299454628	0.0	0.0	
30.191986048473577	10.521176841480138	0.0	0.0	
12.966359760486569	29.038802264370002	0.0	0.0	
25.57911022839072	2.1198064776990897	0.0	0.0	
10.816362182218246	1.7260848535453306	0.0	0.0	
15.943191116102483	4.760903131677889	0.0	0.0	
25.168289352285495	17.94933993495385	0.0	0.0	
8.482538053402106	27.745303039386688	0.0	0.0	
29.433500440386556	4.835211089302518	0.0	0.0	
21.26889630016728	12.28784538763301	0.0	0.0	
1.2577200008652483	1.9286465287485939	0.0	0.0	
0.6178654509239649	24.702318529457134	0.0	0.0	
7.459301216535245	16.29039855415838	0.0	0.0	
6.524079611906412	26.56851931630641	0.0	0.0	
6.208962023395582	4.314971032444561	0.0	0.0	
20.082015130574593	17.606597646603767	0.0	0.0	
29.027917653947593	30.65836811058168	0.0	0.0	
22.21116130374474	11.507877754253318	0.0	0.0	
4.903677990003061	11.916203441982343	0.0	0.0	
30.786986227530047	4.7492556333732985	0.0	0.0	
17.200411645327254	6.764888422788431	0.0	0.0	
14.118514282075058	9.968892483890915	0.0	0.0	
21.12069378419352	27.799369181306	0.0	0.0	
24.77345154518541	18.50715203364192	0.0	0.0	
8.46163085751278	17.45798120858565	0.0	0.0	
23.2114109373789	26.71925997485144	0.0	0.0	
27.678089971363544	18.25848560815568	0.0	0.0	
1.7908963596311125	11.893320046859689	0.0	0.0	
29.570147272546823	28.095444787324567	0.0	0.0	
11.360124898572888	29.514917951380323	0.0	0.0	
3.5537760417324655	27.725409629164115	0.0	0.0	
18.969519900106057	10.263172946836647	0.0	0.0	
7.739457637544525	6.258811605187571	0.0	0.0	
12.994586127411576	6.955877348030892	0.0	0.0	
22.250179940547454	22.54268009933962	0.0	0.0	
2.114734106259153	6.22328929089776	0.0	0.0	
7.521700174931322	24.704953052286253	0.0	0.0	
24.911103761075896	4.61529848775033	0.0	0.0	
14.800383229576738	19.33512379764479	0.0	0.0	
22.942191800102904	18.506847698254116	0.0	0.0	
9.385875750877052	30.76537910711794	0.0	0.0	
29.311306518871657	25.57850812562097	0.0	0.0	
23.479196346678492	5.226007825922498	0.0	0.0	
23.472975202175334	7.114359538323814	0.0	0.0	
13.722917629017129	9.977349476780454	0.0	0.0	
4.8418698882116225	11.701653228734372	0.0	0.0	
9.529057363802472	26.98107374676452	0.0	0.0	
31.148375676380333	23.957343907929886	0.0	0.0	
15.074922185977215	13.028646841941882	0.0	0.0	
4.330608578958241	19.310138052079726	0.0	0.0	
16.452868656845993	12.33280783217614	0.0	0.0	
21.333641412978388	22.138326757210415	0.0	0.0	
29.079827922085347	18.223453267063952	0.0	0.0	
1.3282685668164866	8.792209101904426	0.0	0.0	
15.338958039438431	11.804055476495993	0.0	0.0	
29.488685204976377	29.557938354647657	0.0	0.0	
4.371121853855261	27.695881727402085	0.0	0.0	
16.033713845474267	1.802418583937559	0.0	0.0	
28.79090958856054	14.180273042092065	0.0	0.0	
5.827713558566156	5.437547681928422	0.0	0.0	
17.436145565444438	19.293985432251905	0.0	0.0	
23.73169595208751	19.794671676032532	0.0	0.0	
26.578795907794536	3.4226314713632426	0.0	0.0	
7.589271047284861	16.593047199663825	0.0	0.0	
25.424135648034824	25.756328613866355	0.0	0.0	
30.067722184220706	18.50882257209438	0.0	0.0	
0.7253048837443679	28.39465377034261	0.0	0.0	
16.185996370249942	6.990100808054059	0.0	0.0	
15.551819440791505	24.506979277696622	0.0	0.0	
3.2159983067525815	24.893115951559505	0.0	0.0	
10.5746975462468	27.53056373225634	0.0	0.0	
0.7805671920873358	29.65715251198744	0.0	0.0	
16.08701425248382	0.008329304500239942	0.0	0.0	
24.04375147144813	8.276716143065869	0.0	0.0	
9.532975025914304	4.48858299093515	0.0	0.0	
4.853595129240926	20.52323385213425	0.0	0.0	
25.732612302841215	8.52685161670625	0.0	0.0	
18.57413423587083	30.98713365380106	0.0	0.0	
19.029096498553816	9.277707329159878	0.0	0.0	
11.84044112741325	9.578104448851818	0.0	0.0	
28.97459098811664	9.317300635496295	0.0	0.0	
4.773513548131874	15.501670279872755	0.0	0.0	
25.32787682047514	4.936545796421125	0.0	0.0	
13.038358588802765	5.859442405100399	0.0	0.0	
0.59164901870707	16.56132132293152	0.0	0.0	
16.329861182597764	9.392889860702972	0.0	0.0	
10.857930735751488	10.131685062457006	0.0	0.0	
2.7750378383571004	21.218201815145317	0.0	0.0	
30.601691374227933	6.360692362807143	0.0	0.0	
29.761402922352833	2.2855423333824234	0.0	0.0	
30.80965300292946	10.426993761897446	0.0	0.0	
21.799112845571425	14.89217640704316	0.0	0.0	
17.725610788485614	21.879501609572646	0.0	0.0	
15.103881931581292	10.258409116030638	0.0	0.0	
24.987068589048228	21.406259453079034	0.0	0.0	
13.817009943966074	9.987024621247421	0.0	0.0	
3.44755697161467	25.120845014524814	0.0	0.0	
20.61130996686081	15.573551804281728	0.0	0.0	
25.486379341563257	16.840332426600945	0.0	0.0	
16.303970823951705	9.467598322693139	0.0	0.0	
8.170912694913905	15.670350116870452	0.0	0.0	
7.3967428027281095	26.912028394782094	0.0	0.0	
19.349660563245074	23.594682992014523	0.0	0.0	
8.083388358968133	19.731388451036757	0.0	0.0	
27.340639139606928	15.973738151853201	0.0	0.0	
6.935150865864134	31.642620519347545	0.0	0.0	
18.373071457581275	21.272596107317487	0.0	0.0	
27.38493383137405	28.397477341549084	0.0	0.0	
11.340612632465607	17.472855406316608	0.0	0.0	
0.9339467952050633	20.626357181991974	0.0	0.0	
17.85321603183887	25.14678347549756	0.0	0.0	
22.678923358123658	2.3296383855699716	0.0	0.0	
1.4469233906323566	21.822774464393962	0.0	0.0	
14.061164110296811	2.5969239256076477	0.0	0.0	
19.43413989234002	9.943372051250527	0.0	0.0	
28.38283132209029	27.14766804021888	0.0	0.0	
25.575195515911513	27.212942540211703	0.0	0.0	
2.071239240265772	28.149907815955434	0.0	0.0	
5.980424955221952	12.98066641243431	0.0	0.0	
11.773399640010542	4.603337090836607	0.0	0.0	
10.041072587492202	22.45938184590762	0.0	0.0	
7.732685732332751	31.11848592093997	0.0	0.0	
11.50545020648224	19.708118338551373	0.0	0.0	
12.895488019914474	5.825848965199032	0.0	0.0	
3.19827129367485	17.06316769758478	0.0	0.0	
29.36503447024924	11.414755714700878	0.0	0.0	
21.923141027057397	14.580305351763396	0.0	0.0	
22.38919626221056	1.4842058596990384	0.0	0.0	
25.684994031702256	15.039517138904017	0.0	0.0	
23.74974373727667	29.606629604948303	0.0	0.0	
6.202762167716681	17.737005579753898	0.0	0.0	
2.332056763196796	28.291657761145714	0.0	0.0	
4.133924468617984	1.6021195977972837	0.0	0.0	
4.002282000963941	14.0564820389415	0.0	0.0	
18.64386951278001	14.619877480318461	0.0	0.0	
20.186793229360976	14.004579136634884	0.0	0.0	
7.147993523962771	24.425390148531047	0.0	0.0	
27.661422502485934	10.438656350855688	0.0	0.0	
18.844018881065402	1.521763895446398	0.0	0.0	
0.3601310848618162	27.539942922921846	0.0	0.0	
6.254325392722414	11.587939018925368	0.0	0.0	
4.794981314920193	6.062033009341928	0.0	0.0	
19.80894985575611	11.633514089186676	0.0	0.0	
20.95846009891682	16.127307832389896	0.0	0.0	
30.517327688386555	21.469659758902434	0.0	0.0	
6.207311577016121	18.905009699638324	0.0	0.0	
31.14217464370948	2.636343426001609	0.0	0.0	
19.808956161319674	8.570422013888056	0.0	0.0	
21.028826927041965	27.390911315163873	0.0	0.0	
4.34574023232814	19.21861546595185	0.0	0.0	
26.04921008540802	21.646902436037198	0.0	0.0	
29.766545312358176	24.882123146675834	0.0	0.0	
7.327377285609831	16.939513662988862	0.0	0.0	
0.5684926242649269	4.489845134042337	0.0	0.0	
18.470388240505372	1.0155115735869913	0.0	0.0	
17.09409793889353	15.535068449255206	0.0	0.0	
7.7349575110746684	28.222910155749826	0.0	0.0	
20.90565794814726	23.313645285963194	0.0	0.0	
16.2097406229906	23.262618239953404	0.0	0.0	
31.579700333454756	5.059638118854156	0.0	0.0	
13.288583118029859	6.982508318544998	0.0	0.0	
23.900568968087022	18.40239907519355	0.0	0.0	
4.418169629006293	17.57460208759214	0.0	0.0	
21.997719937774452	3.0822965785731355	0.0	0.0	
9.573936129343615	9.91624587703523	0.0	0.0	
11.225586590382601	2.1163474245118827	0.0	0.0	
30.76601406804701	8.400532790149825	0.0	0.0	
28.18460720720941	30.362817110627628	0.0	0.0	
2.360817457553992	12.178979647471277	0.0	0.0	
23.781239396798565	5.016181420303063	0.0	0.0	
9.70281002559009	19.522350743814965	0.0	0.0	
16.00287989230768	30.43802029933688	0.0	0.0	
12.969817471542083	19.288475068305996	0.0	0.0	
10.307907198041253	17.505922016118152	0.0	0.0	
28.774369404612127	12.99697550398578	0.0	0.0	
26.441078988837326	17.539654179689837	0.0	0.0	
26.10729555254707	21.433173663587077	0.0	0.0	
5.317195660276205	27.88275499077634	0.0	0.0	
4.33043955290038	29.255795022188067	0.0	0.0	
21.815578633812226	8.354588677841097	0.0	0.0	
8.108944808480434	0.6047340281926026	0.0	0.0	
31.996567481338626	3.4375532418244568	0.0	0.0	
1.9284488451743727	24.78415645035311	0.0	0.0	
9.35123401819109	16.689001990219733	0.0	0.0	
15.868832091866622	10.584629291227095	0.0	0.0	
15.90872396155681	5.418732595935968	0.0	0.0	
31.766541793159348	24.73084278640601	0.0	0.0	
21.34190019304846	24.901397952110084	0.0	0.0	
11.095585088565489	16.843390625024103	0.0	0.0	
0.9328972139079532	18.16966832240849	0.0	0.0	
20.993953432615985	19.51442155499767	0.0	0.0	
16.965181854976866	15.563589549796433	0.0	0.0	
4.066120788629441	2.124576148470041	0.0	0.0	
12.324413569618283	22.05645564617591	0.0	0.0	
14.965335969474715	1.7534403821245483	0.0	0.0	
29.56242183934506	17.301753542463395	0.0	0.0	
2.909305717245065	22.81518691814211	0.0	0.0	
21.104948557116398	17.093996403424764	0.0	0.0	
7.766380261124759	17.513489046710728	0.0	0.0	
29.60227672931099	14.139613046538539	0.0	0.0	
31.559191676790906	7.992420092236198	0.0	0.0	
18.8076969430812	26.146982902039564	0.0	0.0	
18.92360304919919	9.222517050266955	0.0	0.0	
16.585203655709314	13.32126322771084	0.0	0.0	
15.742198560062448	6.391355795896896	0.0	0.0	
13.169610406347495	2.9425200552725848	0.0	0.0	
19.11069431779151	24.734720693255532	0.0	0.0	
25.90175747565753	19.547003845013215	0.0	0.0	
17.130701524173496	5.00607015809927	0.0	0.0	
23.860379082304352	12.080071823781413	0.0	0.0	
3.8382177822060477	31.609026742172627	0.0	0.0	
10.782405789119956	25.56941557925058	0.0	0.0	
7.379015732178825	27.70195260261551	0.0	0.0	
22.8910354150308	5.202908955593195	0.0	0.0	
9.737095608452108	12.864475941526905	0.0	0.0	
14.361011248637773	21.77637763169675	0.0	0.0	
12.119833517956717	9.383143743058685	0.0	0.0	
20.092218771936928	5.066030830658043	0.0	0.0	
9.184086385077489	18.805550932422875	0.0	0.0	
15.825613181890024	25.453478309618607	0.0	0.0	
30.67647209483961	18.2414358397959	0.0	0.0	
4.098016348381446	6.794283230385481	0.0	0.0	
0.7676387143921275	31.975521518634093	0.0	0.0	
15.790014209449794	10.52936385550628	0.0	0.0	
7.931496967462582	20.76516197153812	0.0	0.0	
28.329732826128545	4.745616844732723	0.0	0.0	
28.815144344044217	23.878985649529877	0.0	0.0	
31.228485426089843	24.966840702985664	0.0	0.0	
31.84544710627086	24.379223923439405	0.0	0.0	
1.0629239736127332	8.67940314087922	0.0	0.0	
29.377272745508403	26.30660827808972	0.0	0.0	
8.185204208464317	19.403829430479114	0.0	0.0	
26.547403889765434	13.283624448593532	0.0	0.0	
18.04387433291928	3.281636166708253	0.0	0.0	
3.1838540326627616	13.777313151418145	0.0	0.0	
14.301185090764736	23.95092364069589	0.0	0.0	
31.02226198130304	18.09818925599412	0.0	0.0	
28.823394408623482	20.915773659667643	0.0	0.0	
31.156771198755916	11.059875558468345	0.0	0.0	
24.973067480223044	1.0372570568718338	0.0	0.0	
2.7825430699680496	12.026079611570516	0.0	0.0	
13.979395915509194	4.2088660999757295	0.0	0.0	
6.417023209688562	12.186784373368535	0.0	0.0	
6.187058662349511	15.634889888958515	0.0	0.0	
17.223618928227708	31.449583723431868	0.0	0.0	
31.5872203880323	31.45883704208381	0.0	0.0	
27.648725185499373	7.930616191133467	0.0	0.0	
27.482231319572662	27.584299844800245	0.0	0.0	
26.710776943854633	10.079091459825083	0.0	0.0	
13.04888642056298	30.99051859298252	0.0	0.0	
17.281684931224444	16.75733788984924	0.0	0.0	
28.978436828592557	20.73950828919361	0.0	0.0	
25.25958505172485	5.586506645711587	0.0	0.0	
15.120319208128187	16.539728148538696	0.0	0.0	
19.41483433191957	11.812704144834402	0.0	0.0	
7.067174021440792	31.763976277204772	0.0	0.0	
2.2451776891652777	22.499709444998103	0.0	0.0	
12.442575175273355	10.400034201662613	0.0	0.0	
22.898036612593625	29.93285039828863	0.0	0.0	
26.871983684610733	28.222054983474127	0.0	0.0	
24.149807197336976	7.3355671294846125	0.0	0.0	
27.714565297064592	5.150426874536397	0.0	0.0	
12.851026195404813	11.918340636884206	0.0	0.0	
13.807584890387695	22.223185260249988	0.0	0.0	
14.892273414172625	24.09237669426526	0.0	0.0	
12.592245096363005	25.21643509186039	0.0	0.0	
4.84873560806016	31.249552724917105	0.0	0.0	
19.228282644637975	17.552850174306734	0.0	0.0	
24.124264413963733	26.707892588619718	0.0	0.0	
7.862452655595341	9.183297622917443	0.0	0.0	
6.242708299650122	9.597733475861205	0.0	0.0	
29.897287543243355	13.810813131439605	0.0	0.0	
15.175091235394781	7.014396203382837	0.0	0.0	
14.942841798481986	2.8692698794119025	0.0	0.0	
27.85332324398445	31.21738033291509	0.0	0.0	
16.122726729803347	20.88787734609385	0.0	0.0	
6.20963384977162	11.403669740765881	0.0	0.0	
14.150546747747256	23.631747491974487	0.0	0.0	
9.323091428918726	29.445161787171326	0.0	0.0	
6.4836263880212215	15.881241299715093	0.0	0.0	
22.655207644666568	9.853492348497852	0.0	0.0	
12.319837972994634	24.614230649075985	0.0	0.0	
3.174245777213063	2.7983886122936923	0.0	0.0	
5.1087046446906506	17.777440369005234	0.0	0.0	
27.096071486825615	9.761477714503279	0.0	0.0	
17.89603484222186	23.632248826728095	0.0	0.0	
0.625178207741591	27.14066079018424	0.0	0.0	
19.27113191042116	8.78698180019132	0.0	0.0	
15.91911426469958	3.110899625843391	0.0	0.0	
26.473995106880665	2.0623259138360304	0.0	0.0	
7.995085095825566	30.74498302743204	0.0	0.0	
19.70351811437762	29.58393632681265	0.0	0.0	
4.314055667674317	3.5712825891892237	0.0	0.0	
1.6832615676324387	21.826984910165116	0.0	0.0	
0.8056201187555345	21.8810636521711	0.0	0.0	
14.10437605718272	17.290276849872424	0.0	0.0	
22.41236455883912	13.081690667060347	0.0	0.0	
30.011537956180337	20.512875577259614	0.0	0.0	
8.421157360314584	25.592054165981175	0.0	0.0	
14.03114517747106	30.85462917675676	0.0	0.0	
9.993359947894795	26.51320266610309	0.0	0.0	
20.664000434172056	1.4027004883503054	0.0	0.0	
24.332351377212127	10.707493530875809	0.0	0.0	
7.05169919077818	9.110549975588444	0.0	0.0	
8.503405786562979	1.8499394844987336	0.0	0.0	
15.859792646768017	6.779671426770225	0.0	0.0	
16.711100444255198	27.353539656132753	0.0	0.0	
31.198608583891055	21.445500625412492	0.0	0.0	
31.71919778591668	20.419013081741735	0.0	0.0	
3.4818616554218487	5.543326621213907	0.0	0.0	
21.082642800668033	29.609061543137976	0.0	0.0	
12.262923188486692	10.94323586717379	0.0	0.0	
29.357925778565715	15.535549680817063	0.0	0.0	
20.87196155617721	11.695078871800348	0.0	0.0	
9.819445419229861	5.5002771414055545	0.0	0.0	
3.9326043302611	25.179778227465068	0.0	0.0	
23.757710052530953	24.63625432546837	0.0	0.0	
16.83607744752796	29.779573251926198	0.0	0.0	
31.555555833700446	24.878976604581513	0.0	0.0	
16.68809766505815	19.90104948085942	0.0	0.0	
16.593321070513092	25.56965638540113	0.0	0.0	
10.756522771357723	30.574873814190923	0.0	0.0	
14.542895368458183	31.391149417729096	0.0	0.0	
11.543210833673655	24.4337031784532	0.0	0.0	
1.353063457697857	20.156094600657312	0.0	0.0	
8.054963108876812	17.651076017703044	0.0	0.0	
30.18277687287642	12.811552669545584	0.0	0.0	
28.84407789242829	23.104325641508183	0.0	0.0	
27.225622353874474	0.995248278224544	0.0	0.0	
18.58570880302455	8.562866879774536	0.0	0.0	
21.93678827612149	5.164245484094959	0.0	0.0	
5.6049376258523935	25.74265795348803	0.0	0.0	
12.89633500101759	5.251071286190612	0.0	0.0	
18.54681643728203	28.539162740041046	0.0	0.0	
9.808747873986988	31.499815593139072	0.0	0.0	
22.120357589976752	29.918419309378347	0.0	0.0	
17.43964095279998	2.372248297830687	0.0	0.0	
23.521401435142344	27.965883738557075	0.0	0.0	
11.347256761681109	26.802575484624438	0.0	0.0	
26.37298187466358	19.006382495206342	0.0	0.0	
10.785525902145608	27.8591402990813	0.0	0.0	
2.5228783150285743	0.5282232731824443	0.0	0.0	
29.97759979849751	28.086584335311148	0.0	0.0	
9.44862962640195	23.339795181648707	0.0	0.0	
9.555941795973368	29.656169700041836	0.0	0.0	
19.771913714107114	9.974549740139217	0.0	0.0	
13.858451764847032	7.475265935905103	0.0	0.0	
17.183061653469586	9.208901680983125	0.0	0.0	
30.5324645667902	9.995324405083924	0.0	0.0	
4.794329576297631	24.126869868125404	0.0	0.0	
24.73709192199344	26.126213013184294	0.0	0.0	
30.309869056582098	7.769521717780787	0.0	0.0	
6.523752390780878	9.773122358398872	0.0	0.0	
0.9923871380577758	3.6599787109757997	0.0	0.0	
26.42306900209216	6.703110421455953	0.0	0.0	
4.812038054507603	0.015854343370470758	0.0	0.0	
2.967394144403162	30.425966232372282	0.0	0.0	
28.86697713964979	31.06396614138868	0.0	0.0	
7.577174338442298	1.771677946392824	0.0	0.0	
14.594580020194378	11.116422765178871	0.0	0.0	
24.933558455954458	25.818538471414236	0.0	0.0	
19.75365362629017	14.86660702550573	0.0	0.0	
17.75401807850625	16.22604926564024	0.0	0.0	
5.597842760865131	6.422890327570261	0.0	0.0	
17.654027691966835	1.504997551012984	0.0	0.0	
24.740272846883894	22.820774353547158	0.0	0.0	
18.345668990812722	20.218114184076217	0.0	0.0	
14.694268566442563	14.461905363667391	0.0	0.0	
22.028321396303053	10.916299629983687	0.0	0.0	
1.0277987863112443	13.824044897910543	0.0	0.0	
22.25670442684381	11.053326877474504	0.0	0.0	
26.941018679792908	5.404687949467771	0.0	0.0	
27.466252036865747	10.29932115683211	0.0	0.0	
31.602822003485237	10.793817508372694	0.0	0.0	
11.283605886754685	15.594698784066978	0.0	0.0	
23.12271174906636	13.367470577788016	0.0	0.0	
28.079643938148585	10.586714842406572	0.0	0.0	
15.387042850849483	5.091003571413886	0.0	0.0	
30.208005010368222	7.034840210346221	0.0	0.0	
30.96214231683968	8.651801717017332	0.0	0.0	
6.9401699982941025	4.349936823704965	0.0	0.0	
0.34319053719482184	29.522583574557085	0.0	0.0	
11.292417134828735	9.89073669783264	0.0	0.0	
29.489712670851144	6.574834843533733	0.0	0.0	
8.809647544953162	31.329598305901875	0.0	0.0	
10.939399694316265	20.93641168844807	0.0	0.0	
2.1196677362833896	4.633651681350692	0.0	0.0	
29.86720510438742	8.109738843232691	0.0	0.0	
25.638079598052588	5.4747747244240195	0.0	0.0	
13.920443529690573	26.351238475422264	0.0	0.0	
16.204832024824544	24.91905478944164	0.0	0.0	
17.72138790847034	12.477328647582713	0.0	0.0	
20.49554433224004	19.013593358301616	0.0	0.0	
14.36511813883953	3.3041594692323493	0.0	0.0	
21.726094561354447	30.936054172739066	0.0	0.0	
7.440927679966212	6.605178940929999	0.0	0.0	
3.636076706471684	15.843052366556503	0.0	0.0	
18.521729783427237	24.46826387493209	0.0	0.0	
19.653705963706535	31.752223555065864	0.0	0.0	
31.232244906942107	5.940587147760418	0.0	0.0	
11.07476659116222	0.5804110187662204	0.0	0.0	
29.039643027455146	12.18212969203071	0.0	0.0	
13.897748770929613	9.004006449823809	0.0	0.0	
11.311990107377337	20.015921604793654	0.0	0.0	
27.529974560908368	29.655268436342887	0.0	0.0	
20.681122050890046	23.541463503342417	0.0	0.0	
28.01397016333243	9.675183376246753	0.0	0.0	
21.591887561942784	24.77876208349709	0.0	0.0	
19.30125337088904	7.463230665438196	0.0	0.0	
7.241065388310723	0.40719482641089044	0.0	0.0	
31.704431410084638	27.475508846064205	0.0	0.0	
4.838436423096475	21.09869772514248	0.0	0.0	
17.48945124030956	14.908648793766734	0.0	0.0	
7.459620723058311	14.129222931790672	0.0	0.0	
1.1665560036005687	26.485587295638478	0.0	0.0	
22.849555992157125	25.359010877087087	0.0	0.0	
7.42283662940957	8.485444822977826	0.0	0.0	
8.271106826378109	19.793636011023956	0.0	0.0	
7.886192433706274	27.566965729459977	0.0	0.0	
30.070290470404256	6.323148242181809	0.0	0.0	
13.544880767848412	5.902954958558816	0.0	0.0	
19.78336615281764	1.8949286409264658	0.0	0.0	
25.672261127674023	4.055924524300028	0.0	0.0	
23.373682326545467	8.385937487364671	0.0	0.0	
12.526832196857601	14.819184879351194	0.0	0.0	
10.676544993700716	21.306926923123605	0.0	0.0	
6.076687757137538	21.2151254056971	0.0	0.0	
16.462519519199578	8.747304726022175	0.0	0.0	
24.776819565150657	28.22302190686623	0.0	0.0	
15.880517318914336	30.907046640704426	0.0	0.0	
4.990436047291919	20.357147651620117	0.0	0.0	
19.10065569751185	7.402067227576026	0.0	0.0	
31.016119588070445	21.813489319351728	0.0	0.0	
7.678271842641479	6.416863001830489	0.0	0.0	
18.93492177155513	3.31477374752491	0.0	0.0	
4.92303596424415	30.623113673375546	0.0	0.0	
10.367891164260556	29.22459287661449	0.0	0.0	
15.017882499144072	16.371615205517628	0.0	0.0	
30.286111282027726	1.843180953933981	0.0	0.0	
24.380510112225593	21.065551001735162	0.0	0.0	
19.508911888058563	4.527466540705326	0.0	0.0	
8.543705667937495	19.386367857692246	0.0	0.0	
11.190110822938987	7.02374510476108	0.0	0.0	
18.368863692687228	26.3242349693303	0.0	0.0	
4.022743834727148	17.76691565835088	0.0	0.0	
4.824284216292501	30.48728862561942	0.0	0.0	
1.167250481112088	30.4692593855853	0.0	0.0	
30.549529519665807	9.25627548575899	0.0	0.0	
27.680961312326613	26.779809188224032	0.0	0.0	
15.624901130415466	30.824383634729532	0.0	0.0	
28.808003667341335	8.26026259534266	0.0	0.0	
11.417476548863323	18.815888433040943	0.0	0.0	
25.712229551610935	28.346242486884726	0.0	0.0	
18.70794356058041	24.053749674645132	0.0	0.0	
24.957451981619236	17.78581640994362	0.0	0.0	
17.66396188198765	5.398262971677138	0.0	0.0	
7.514198764177152	29.252010696641094	0.0	0.0	
16.317222187926358	17.094698756638522	0.0	0.0	
10.068665494782561	8.234323426990013	0.0	0.0	
1.6728384759076889	16.075433565479447	0.0	0.0	
21.843876284782763	4.513241364054295	0.0	0.0	
0.4142850347679179	31.558639762646138	0.0	0.0	
1.4239936973835512	0.43927425936932707	0.0	0.0	
1.368215857463774	30.999068827426903	0.0	0.0	
31.399004953514833	17.79774743910687	0.0	0.0	
16.506618530273958	17.72146454695759	0.0	0.0	
29.56437440873097	18.982783837279666	0.0	0.0	
5.106598876525695	0.5860776632667708	0.0	0.0	
9.274182142740553	7.544879025019334	0.0	0.0	
22.460972960812725	13.069828681515826	0.0	0.0	
31.9559892811518	8.102360630396124	0.0	0.0	
0.7396082535456472	14.015053995944722	0.0	0.0	
18.55374344781572	23.000424511356574	0.0	0.0	
19.58049955106316	23.515092497597184	0.0	0.0	
1.5052507874745622	31.992302298110598	0.0	0.0	
27.421037934911595	20.40452212537909	0.0	0.0	
5.054814054289249	19.67693957251124	0.0	0.0	
21.152935926085693	19.424861119738527	0.0	0.0	
4.608743486585389	3.2389611175701916	0.0	0.0	
13.07622673468438	1.5766471920434313	0.0	0.0	
10.798944724744189	10.606995975341516	0.0	0.0	
3.28099867470803	21.500411892461862	0.0	0.0	
1.8914588498497693	15.779949221070734	0.0	0.0	
20.310800660220625	2.259774184140934	0.0	0.0	
13.36670036616842	13.9186662082375	0.0	0.0	
10.22476273772817	31.25687398670299	0.0	0.0	
8.857004146361152	5.384490747706103	0.0	0.0	
17.28505820375198	27.06849863232529	0.0	0.0	
26.769203298852492	11.59990275035761	0.0	0.0	
18.328280444741953	14.576806590020322	0.0	0.0	
30.926326249257567	28.371878214899116	0.0	0.0	
3.635596378627586	11.405560946879408	0.0	0.0	
0.5447327561973232	19.855111741388775	0.0	0.0	
3.672927816165526	17.2319454092074	0.0	0.0	
22.109574945557725	15.563881516236375	0.0	0.0	
4.9999608960591715	8.275901107615265	0.0	0.0	
11.39817346341231	17.277572638633625	0.0	0.0	
5.748719802139355	12.412403603911539	0.0	0.0	
10.028718272974409	15.581163927238457	0.0	0.0	
18.2623695645027	6.607250049320275	0.0	0.0	
9.707265478111271	4.679456694218086	0.0	0.0	
0.18821485075062583	2.727547100646106	0.0	0.0	
4.16598741727455	15.953000572350994	0.0	0.0	
27.037245600956652	0.41762219987912275	0.0	0.0	
4.061057577275797	13.981126567184965	0.0	0.0	
24.56498445805527	26.66358884700284	0.0	0.0	
19.980126975054116	18.483276846769666	0.0	0.0	
18.528439327219825	12.968747184373168	0.0	0.0	
10.656549938336045	22.02238466201388	0.0	0.0	
6.234298468551479	19.5369314236713	0.0	0.0	
20.61270567086218	31.316465390872914	0.0	0.0	
24.81845786084315	5.016965903737308	0.0	0.0	
25.33795033023994	14.443362493769342	0.0	0.0	
1.8028800577980064	19.467318781791626	0.0	0.0	
21.430158242932766	28.819539774945415	0.0	0.0	
18.50188792072959	28.422685138925413	0.0	0.0	
16.909082125976397	16.483063505052755	0.0	0.0	
25.967219258212836	9.81244406597052	0.0	0.0	
21.95159085268657	17.911045359158454	0.0	0.0	
24.22423127789203	12.948298316052135	0.0	0.0	
22.084456767102132	27.191387493489238	0.0	0.0	
2.9579657802234465	11.99155440806642	0.0	0.0	
19.39197695187696	31.350276824393447	0.0	0.0	
18.752687929747083	22.569282932629992	0.0	0.0	
9.395757286021563	1.744016823988627	0.0	0.0	
13.525594671622464	19.4607210489823	0.0	0.0	
30.591610181197805	10.07948421680372	0.0	0.0	
13.756590250516872	11.360871035042017	0.0	0.0	
12.940537291871514	5.709175677212695	0.0	0.0	
0.18334332205747117	24.94751381948283	0.0	0.0	
25.12178677812728	29.114834170263038	0.0	0.0	
17.965188625073846	31.84462092701794	0.0	0.0	
12.356710339127655	20.388800088620425	0.0	0.0	
2.9223123378522615	6.770000074255414	0.0	0.0	
31.47600440868098	22.601537458607304	0.0	0.0	
16.96504343336268	10.939967252639867	0.0	0.0	
7.733067786800401	17.20607412314077	0.0	0.0	
28.472461803603704	14.176015022348555	0.0	0.0	
20.38467494567055	16.57204683181449	0.0	0.0	
23.04114062963391	25.60472026736445	0.0	0.0	
18.28343069528533	0.026093275610445943	0.0	0.0	
23.47476998156573	28.313887052606045	0.0	0.0	
1.0405984065225446	8.027630688920397	0.0	0.0	
13.043830406299662	16.72308223546713	0.0	0.0	
8.610047940602726	9.782452378334266	0.0	0.0	
21.122426882883737	8.07120932692439	0.0	0.0	
0.4599950744910579	26.79974043466949	0.0	0.0	
22.62994017053601	31.965754126212058	0.0	0.0	
21.02117361374003	26.78934507371661	0.0	0.0	
9.867548503179297	5.945762415177175	0.0	0.0	
28.24585197418367	28.092948632160326	0.0	0.0	
31.00420593180339	1.9311429488308924	0.0	0.0	
3.923146857851382	10.761522509598809	0.0	0.0	
23.510040487219673	1.0390455879038036	0.0	0.0	
26.5055347906124	18.627068778912353	0.0	0.0	
28.90117541712489	15.484495198166499	0.0	0.0	
31.5005661706429	17.028978017163052	0.0	0.0	
29.55736876080861	24.255162756132044	0.0	0.0	
2.130229312424369	10.890424076979592	0.0	0.0	
3.420651417270882	5.837596399723925	0.0	0.0	
5.2655141029805215	14.681931710514423	0.0	0.0	
13.24715523653379	1.7603844897030427	0.0	0.0	
20.101713172141466	4.103377796151751	0.0	0.0	
10.957803157810662	3.956211203178288	0.0	0.0	
6.066831555204185	12.885343569519922	0.0	0.0	
28.645957777808974	26.67521321453313	0.0	0.0	
30.492105323388806	10.35745906373987	0.0	0.0	
18.258007708838424	12.047822342812154	0.0	0.0	
9.040347114805503	7.446388702373547	0.0	0.0	
27.282232093364833	29.969080572276013	0.0	0.0	
16.442287300788408	17.622228089528175	0.0	0.0	
13.981430470061834	13.67103561570612	0.0	0.0	
18.06729683117632	8.308443123370452	0.0	0.0	
0.8912587027591634	5.432627333710457	0.0	0.0	
23.053739808447364	25.492785882408818	0.0	0.0	
7.141229325631848	10.04994621059327	0.0	0.0	
7.014133432800058	5.615929502226422	0.0	0.0	
2.3528621141261716	22.009584582338057	0.0	0.0	
12.082131492687694	21.340316885602725	0.0	0.0	
27.424252251620086	20.79409650394849	0.0	0.0	
1.3043212089297853	4.621376831954624	0.0	0.0	
30.09066776468933	18.49876744016373	0.0	0.0	
3.7157663082930235	13.321819597239362	0.0	0.0	
9.545374522806235	12.77077968126537	0.0	0.0	
10.646180385599958	17.694679474308668	0.0	0.0	
25.82991154412836	0.2069691198506547	0.0	0.0	
30.42876041031279	31.111235972379664	0.0	0.0	
31.45922353007319	7.513845103761366	0.0	0.0	
20.912357813760593	11.163518964637486	0.0	0.0	
9.258010377087643	3.0141564564072176	0.0	0.0	
20.345050364494288	1.7659958087919847	0.0	0.0	
6.94217918017268	17.18015824145484	0.0	0.0	
15.768222692988608	7.224528776068389	0.0	0.0	
8.803629202691067	19.41624257161504	0.0	0.0	
19.74076255903104	30.275004302699777	0.0	0.0	
8.790847206438123	16.232154133496827	0.0	0.0	
19.936313659465977	27.129666877990473	0.0	0.0	
8.457139087905965	6.182167210525876	0.0	0.0	
10.036944306845044	14.626139269437573	0.0	0.0	
0.0119800201262521	24.970973142857314	0.0	0.0	
31.853062248315496	3.707040219647009	0.0	0.0	
9.976500007600691	8.68059865211903	0.0	0.0	
8.453931723266539	23.479455488015002	0.0	0.0	
25.058234916230933	7.4609348624787515	0.0	0.0	
31.877631728741093	24.411314381749154	0.0	0.0	
26.023606706138615	10.729565996831688	0.0	0.0	
0.41719042447407517	12.721609807277641	0.0	0.0	
12.738011325958588	18.668231810664953	0.0	0.0	
3.7274595094339347	16.81819881974605	0.0	0.0	
22.00544921096853	7.393075898655095	0.0	0.0	
15.731514265819065	18.949651459775044	0.0	0.0	
23.37596950101963	10.99723901988688	0.0	0.0	
28.898575323452793	11.634931109364228	0.0	0.0	
0.9154224076378448	22.920128164412567	0.0	0.0	
15.462035841016487	7.017482740817716	0.0	0.0	
15.97038641870046	25.24068440453942	0.0	0.0	
3.649322312064374	31.38757298206818	0.0	0.0	
23.85539792788334	14.917852542144487	0.0	0.0	
27.667830027256052	24.27648497306714	0.0	0.0	
6.7926708496507295	1.4431360433711617	0.0	0.0	
28.563242963774492	14.202976370871617	0.0	0.0	
0.7095270043711253	15.693650430197597	0.0	0.0	
11.661321053206912	30.83459250763509	0.0	0.0	
28.087182828945533	13.536967054734777	0.0	0.0	
21.66877434010175	9.968945761969977	0.0	0.0	
9.6926545449872	8.643768064379138	0.0	0.0	
9.719563633504197	28.732599859754025	0.0	0.0	
8.067486629090599	21.646509346988633	0.0	0.0	
14.470010046617311	30.694492574656604	0.0	0.0	
31.97450153706352	31.62836430406717	0.0	0.0	
15.09577840004318	23.432871613168775	0.0	0.0	
28.28714959094867	27.0581383456383	0.0	0.0	
17.08126435688805	6.175331635049016	0.0	0.0	
1.7304065041967682	8.665494289908626	0.0	0.0	
23.74777479225979	1.5112915488927356	0.0	0.0	
8.367674994110178	16.79461180999686	0.0	0.0	
29.748527013046818	3.182176818465056	0.0	0.0	
25.479567456972173	3.9152074154798377	0.0	0.0	
10.886825213706214	8.370259202597857	0.0	0.0	
5.5870755286599945	17.755525629623456	0.0	0.0	
28.567860382398298	12.514574646762089	0.0	0.0	
4.152434688851173	3.616507560787934	0.0	0.0	
18.143445509943614	9.249536332630115	0.0	0.0	
31.147435173299925	28.713415024840877	0.0	0.0	
6.959743177484931	22.54788945860505	0.0	0.0	
17.780152568098956	13.896532975363176	0.0	0.0	
21.307819473556155	24.013195507510094	0.0	0.0	
26.186137100275253	24.216195911769066	0.0	0.0	
22.817087382613483	23.290202561470192	0.0	0.0	
28.111786882358324	17.541821602244376	0.0	0.0	
26.669739756913952	14.298985442724462	0.0	0.0	
13.117552747480044	21.426020646789155	0.0	0.0	
5.100251190504665	22.6602420352558	0.0	0.0	
11.274845318345228	2.8863677821517584	0.0	0.0	
4.0538007709515185	18.93295411807146	0.0	0.0	
1.3153650561933148	17.52429033809619	0.0	0.0	
23.479992758904256	26.316587343492927	0.0	0.0	
5.277603844738351	12.745819924942996	0.0	0.0	
10.127149626484183	12.583440730853017	0.0	0.0	
12.167222044720173	25.850926947541303	0.0	0.0	
2.7095436297935613	2.69656434787127	0.0	0.0	
28.70883039675307	28.186765601908405	0.0	0.0	
28.091978543187544	6.309627619888268	0.0	0.0	
23.505698826297625	19.79097792238505	0.0	0.0	
24.339481691774267	13.741790164150725	0.0	0.0	
1.7123143281383655	14.575252580502834	0.0	0.0	
6.945283360355742	27.926896837413505	0.0	0.0	
29.688025452552765	13.27767886376899	0.0	0.0	
19.422189051200938	9.623809424654961	0.0	0.0	
12.428046831196657	14.987853925062051	0.0	0.0	
4.287935376421569	4.305029977305669	0.0	0.0	
8.847642742003298	25.156074329123143	0.0	0.0	
5.7550654799005585	19.213645747781218	0.0	0.0	
16.196135707435463	16.801757759321294	0.0	0.0	
2.7442261620869246	13.547355629123562	0.0	0.0	
23.582220700448847	8.826518045289657	0.0	0.0	
22.93242771034273	30.223746905095034	0.0	0.0	
18.459384257848924	5.357787566046138	0.0	0.0	
4.569586908147979	24.57047046468343	0.0	0.0	
21.20922341923006	18.684340245566887	0.0	0.0	
25.047774615328432	10.028260170001005	0.0	0.0	
29.020583206247064	1.5185805316756493	0.0	0.0	
9.045399087695522	30.18267275155069	0.0	0.0	
6.719067686103553	16.18992038062521	0.0	0.0	
8.910010760611126	21.773182545577615	0.0	0.0	
2.8813174029731385	11.745986177745348	0.0	0.0	
9.837705466360077	10.984190556187382	0.0	0.0	
22.419070915046124	1.3985532052911722	0.0	0.0	
25.868065256948267	24.081033201487383	0.0	0.0	
14.388332367491355	1.0216459731781846	0.0	0.0	
6.235812215490046	15.072745739172436	0.0	0.0	
19.455596408826096	0.2735078068223764	0.0	0.0	
0.12142795801419126	0.8574404944744529	0.0	0.0	
18.410555766827034	19.596629717453396	0.0	0.0	
8.354622865000053	13.495470299195055	0.0	0.0	
1.1986525544829405	20.596479325264706	0.0	0.0	
18.41427745768284	23.02635023959672	0.0	0.0	
8.945758159140894	30.658327363015896	0.0	0.0	
4.220335416142671	24.397336396263228	0.0	0.0	
26.72473525878607	14.833998123406314	0.0	0.0	
17.825569557438147	20.907430330527216	0.0	0.0	
20.831865900982663	12.661104602893836	0.0	0.0	
26.62197859288161	5.341003735735693	0.0	0.0	
28.009244611322732	26.13454210638111	0.0	0.0	
1.0326761655014138	0.20185087083446973	0.0	0.0	
6.5667509568658815	21.932068504147264	0.0	0.0	
14.705743342401316	0.2310870846137476	0.0	0.0	
15.536650752675026	9.723543385179791	0.0	0.0	
18.92800579892125	30.742903257663414	0.0	0.0	
23.490082658177165	11.9170444466085	0.0	0.0	
18.875951320774195	11.06692366509752	0.0	0.0	
15.950702676283978	19.76102643407278	0.0	0.0	
25.029434454212865	17.856882648330377	0.0	0.0	
10.715299657924831	15.939876458089703	0.0	0.0	
27.22079791998527	8.452708362904232	0.0	0.0	
7.463322264565971	22.78762744690624	0.0	0.0	
9.50557735203148	29.798171547615997	0.0	0.0	
22.424543500338572	22.221482180205424	0.0	0.0	
13.916654134739908	16.054608313174665	0.0	0.0	
5.115968602117391	26.434423192738024	0.0	0.0	
16.668620115359552	15.299072433929659	0.0	0.0	
1.78540733545816	0.07281798818766916	0.0	0.0	
2.9229156882694944	14.82728434863467	0.0	0.0	
14.892014490457697	12.222243459390427	0.0	0.0	
18.913997208989112	14.522026745014532	0.0	0.0	
27.88784056626157	4.699924860389576	0.0	0.0	
31.965393315503626	31.461440297662197	0.0	0.0	
19.58553386053833	23.44001616125434	0.0	0.0	
10.103332399491755	20.92975883974009	0.0	0.0	
11.77129556741465	20.40116527722784	0.0	0.0	
0.33400288882266693	4.291410012688338	0.0	0.0	
15.52803724936571	6.976758715127303	0.0	0.0	
22.909383286425033	17.39324315692161	0.0	0.0	
24.026879894308085	12.566811266591838	0.0	0.0	
30.146725718933173	9.129928034628918	0.0	0.0	
27.17535728619373	7.2590366828542585	0.0	0.0	
8.570645274479734	4.961319100595031	0.0	0.0	
17.805752747547242	18.309056971861636	0.0	0.0	
12.600258424959254	20.76130707707271	0.0	0.0	
26.95633455487009	11.532740716016942	0.0	0.0	
1.2120941678543886	17.347326575221594	0.0	0.0	
1.1080386912211715	3.5970990242339447	0.0	0.0	
6.602727982934557	25.500644607088233	0.0	0.0	
18.286237799715646	5.135946737826849	0.0	0.0	
26.650433546394957	14.367255906004281	0.0	0.0	
8.793753841205472	9.28379830814269	0.0	0.0	
19.305694554366134	31.70494465547757	0.0	0.0	
11.702090363155378	1.2129214983166996	0.0	0.0	
17.86289003888154	2.503928175717551	0.0	0.0	
23.36415575884441	6.464330008730098	0.0	0.0	
27.683241463898728	4.663725727291315	0.0	0.0	
28.903042932708036	0.4004993671207586	0.0	0.0	
20.31419055058217	5.058300325038072	0.0	0.0	
28.429723678642098	21.34003373362897	0.0	0.0	
14.284657807560802	0.04210657008858121	0.0	0.0	
16.155266418511466	9.625883527123861	0.0	0.0	
9.88863868018051	7.320712455900416	0.0	0.0	
23.8104120236178	7.464093197681311	0.0	0.0	
17.116471952794665	17.02165621905815	0.0	0.0	
16.624427162225118	1.9178190709413023	0.0	0.0	
15.144978696069504	18.052749714563387	0.0	0.0	
1.1049210298836307	16.148597863414604	0.0	0.0	
22.475397742545667	12.844723721046716	0.0	0.0	
7.16699129829815	23.393205384725142	0.0	0.0	
29.000093041674525	24.804147045138205	0.0	0.0	
22.933204073175858	9.083575770742286	0.0	0.0	
31.00901159121993	28.73617399724062	0.0	0.0	
15.383048537665594	16.805096059054367	0.0	0.0	
19.37178905925888	12.648531479202067	0.0	0.0	
29.211967841603084	14.71903508474675	0.0	0.0	
8.079037837493654	21.402273270001785	0.0	0.0	
7.489458305487787	20.211820553893226	0.0	0.0	
4.541003388965809	21.783976387491233	0.0	0.0	
2.047416378353713	3.3880202858371398	0.0	0.0	
0.9007299018929729	16.20993251390678	0.0	0.0	
3.5086029219565695	6.423203166783985	0.0	0.0	
11.958714382296321	28.824344363363146	0.0	0.0	
13.821495716810272	16.673798458697657	0.0	0.0	
4.3578403976429065	6.633194734063682	0.0	0.0	
28.96443356952184	3.293466649852565	0.0	0.0	
0.4721783717481074	6.487019100878307	0.0	0.0	
19.47258642648698	23.99683251949631	0.0	0.0	
18.847557334660102	15.103328439126255	0.0	0.0	
18.214638314114826	10.659282088681937	0.0	0.0	
26.66255487064542	28.84446774785618	0.0	0.0	
18.449866917440456	11.987011330227332	0.0	0.0	
11.30233714897772	11.457312611544136	0.0	0.0	
23.878983685954076	5.4683324480573745	0.0	0.0	
16.385635192436617	10.690361454680534	0.0	0.0	
7.160643609770492	9.072427421185125	0.0	0.0	
5.84097193605643	17.67912883090583	0.0	0.0	
1.872455741109686	22.62728495371814	0.0	0.0	
1.7256477935361119	31.892936282107918	0.0	0.0	
8.799096321153733	1.7380500833897763	0.0	0.0	
30.239918664313098	31.104547004891362	0.0	0.0	
0.873930234612267	22.01249680654108	0.0	0.0	
27.82562108332849	12.491070612577598	0.0	0.0	
29.469356062077026	31.577655745999532	0.0	0.0	
2.3501394937021765	17.618376403241243	0.0	0.0	
6.710735733050704	11.526527933027442	0.0	0.0	
19.91125560671066	19.300315894297743	0.0	0.0	
16.762512127668412	11.895495836214632	0.0	0.0	
21.927422373840646	26.65239870024081	0.0	0.0	
21.720348456994774	21.571159368346326	0.0	0.0	
17.436302059590062	19.566344458863465	0.0	0.0	
3.335897161335865	16.973773235980445	0.0	0.0	
29.027638180621796	4.480262136966299	0.0	0.0	
11.882358281604635	23.470804749074492	0.0	0.0	
23.197554644780638	16.67075365996814	0.0	0.0	
13.735044048534423	8.484315585212002	0.0	0.0	
5.125027749183907	20.796195517107922	0.0	0.0	
31.379720210789213	0.5009639651969415	0.0	0.0	
14.573600999137458	29.744529240347706	0.0	0.0	
28.958235416288627	29.595647783869126	0.0	0.0	
