2
32.0	0.0	0.0	0.0	
0.0	32.0	0.0	0.0	
0.9396062951483444	3.9377800563547893	0.0	0.0	
14.800324435997329	12.21705005622347	0.0	0.0	
13.249658723252317	27.486749287864424	0.0	0.0	
0.45679144115679193	22.357583028915464	0.0	0.0	
11.286809084884268	17.572086457514605	0.0	0.0	
10.663126772615048	21.265979934473087	0.0	0.0	
28.134243385469848	25.2872377312823	0.0	0.0	
20.39808411009863	8.524110711984832	0.0	0.0	
30.87508372143935	29.792173372662635	0.0	0.0	
8.405053893321206	13.19544005353907	0.0	0.0	
15.796813382363155	5.56129521227999	0.0	0.0	
14.931535121470745	3.1867993095420637	0.0	0.0	
26.29866608105503	6.594437721994289	0.0	0.0	
3.420218800581395	4.858056809643461	0.0	0.0	
25.50332828034461	27.9601963873364	0.0	0.0	
12.823716481364308	3.686302099190602	0.0	0.0	
0.36841717989344147	7.29086678226	0.0	0.0	
21.502963230401775	3.511429805150648	0.0	0.0	
28.87429953096055	4.878922011097533	0.0	0.0	
18.046705136426706	29.894740060131344	0.0	0.0	
21.935475386052165	30.493763382655924	0.0	0.0	
20.79017645239842	25.548393459983675	0.0	0.0	
27.61614949844658	2.3715573287823055	0.0	0.0	
10.606534785099427	4.3222141521214255	0.0	0.0	
17.117313462607093	1.8957415275728131	0.0	0.0	
23.258433162282973	28.497104528377868	0.0	0.0	
1.6015064009974687	15.859248158484068	0.0	0.0	
0.6386182556148547	10.896117104694031	0.0	0.0	
2.827319342328927	16.27942032314197	0.0	0.0	
10.550712947465648	22.7290625312651	0.0	0.0	
19.248866881768187	3.9015608459301596	0.0	0.0	
23.660871720425792	2.8148353325440354	0.0	0.0	
23.90492767737168	8.094289507996663	0.0	0.0	
22.053676296080496	11.144446946696327	0.0	0.0	
2.0295263017771212	29.90031954519532	0.0	0.0	
24.71396679920878	25.91777487539106	0.0	0.0	
31.995241566786916	21.23852568737694	0.0	0.0	
1.6928702006505567	15.700939610027856	0.0	0.0	
18.898571330012576	19.039903418836662	0.0	0.0	
7.221976572592837	11.022397135584747	0.0	0.0	
0.3730341491964033	28.622268619546787	0.0	0.0	
13.318288500765494	6.804885908347391	0.0	0.0	
25.207960881605693	0.8669298206809017	0.0	0.0	
0.21647627637384304	30.85401539447641	0.0	0.0	
10.173482957642904	21.254760419571223	0.0	0.0	
27.737447554128202	5.755816958913815	0.0	0.0	
2.201749838817154	24.27364800338135	0.0	0.0	
0.9675729088944784	1.4578693778032843	0.0	0.0	
7.076212267798422	20.015366667714407	0.0	0.0	
24.944157165623402	27.825605959407827	0.0	0.0	
16.106597260028952	24.303222508527973	0.0	0.0	
3.0791089737207855	19.865236220240792	0.0	0.0	
15.839529741694282	26.66974657317795	0.0	0.0	
4.967706041580691	31.832319311725982	0.0	0.0	
21.51673919009811	7.493692807842805	0.0	0.0	
13.950427745601825	8.464725355963072	0.0	0.0	
30.487618567644052	9.184737462531842	0.0	0.0	
0.9510558982232098	0.5679329303341554	0.0	0.0	
18.238905257009325	0.5305386004436237	0.0	0.0	
5.483907440027821	5.421603570589543	0.0	0.0	
9.965616724995748	8.371674301829998	0.0	0.0	
17.451921024149524	29.295412500028696	0.0	0.0	
20.568469146787418	7.097716316091315	0.0	0.0	
7.32943341936258	17.98865500116204	0.0	0.0	
2.527511234925658	1.9544564805775977	0.0	0.0	
27.5920874353327	5.454075559058925	0.0	0.0	
29.873337588056206	17.685417546654364	0.0	0.0	
31.50880928251468	29.47720287970552	0.0	0.0	
24.44336967277586	28.440609752864003	0.0	0.0	
2.309237664877905	18.803025402231153	0.0	0.0	
14.313358680769099	21.65384209924536	0.0	0.0	
20.508262138604472	16.656655291048608	0.0	0.0	
15.257465179169639	3.5283046829600657	0.0	0.0	
15.757174235473812	19.382313578800268	0.0	0.0	
30.60586789623199	28.88807091549119	0.0	0.0	
18.13500223152952	2.574834001565133	0.0	0.0	
13.161084283173949	12.801631448629934	0.0	0.0	
18.133301417726845	5.690856868024259	0.0	0.0	
15.455654598392204	11.422243534304634	0.0	0.0	
0.8334051774855702	21.16292263212687	0.0	0.0	
15.411634097484868	3.8689159058171043	0.0	0.0	
11.859381622125987	2.5765749968509546	0.0	0.0	
31.784964643026065	13.538834946040062	0.0	0.0	
16.975439944520204	23.57383380979369	0.0	0.0	
18.867178526920313	3.917137535916158	0.0	0.0	
4.5022392292378015	15.440008200726162	0.0	0.0	
29.141744918970886	4.4629824924085675	0.0	0.0	
20.90924451125729	13.024511463012171	0.0	0.0	
7.559510822035669	18.306600891332774	0.0	0.0	
24.776631254875046	5.620645488829496	0.0	0.0	
13.32893600830771	25.48107259116071	0.0	0.0	
0.6890550500248267	4.323981830037933	0.0	0.0	
15.030199426673185	5.264435864541561	0.0	0.0	
30.559503768848458	14.958355270738831	0.0	0.0	
21.340083967539922	19.14485283659736	0.0	0.0	
14.673956619588097	9.007171037787742	0.0	0.0	
3.1243978997917594	29.44053262613504	0.0	0.0	
4.70647969068121	0.9057032316312892	0.0	0.0	
16.239177991079675	23.02356889548956	0.0	0.0	
24.09159094975066	23.232363899245037	0.0	0.0	
11.900792536305318	9.367769766443477	0.0	0.0	
10.108579828529859	9.814278076709492	0.0	0.0	
6.474245663971974	8.062112932148171	0.0	0.0	
21.518282222027437	21.715707091912584	0.0	0.0	
25.099181848540987	12.991199184619038	0.0	0.0	
22.96505274494748	30.79924846369214	0.0	0.0	
8.110463079333528	31.265326020686818	0.0	0.0	
4.369385517914974	27.089611227707604	0.0	0.0	
8.88835353438153	11.847662117931165	0.0	0.0	
13.181179072892643	9.560498904470528	0.0	0.0	
25.480864147515707	19.020478978316817	0.0	0.0	
15.058871421141607	21.988366668495363	0.0	0.0	
25.064228305037343	29.43722133976038	0.0	0.0	
7.286065952372763	13.213686312167479	0.0	0.0	
17.128024056181268	7.1534775408643085	0.0	0.0	
11.0351053307338	11.219715727788714	0.0	0.0	
12.500894250723427	1.112877268759732	0.0	0.0	
28.13663455812664	27.606977652107343	0.0	0.0	
22.80671789781238	19.67904140410641	0.0	0.0	
17.222402706276526	25.123389620912732	0.0	0.0	
7.485463236885849	5.066468899714945	0.0	0.0	
15.4166616211776	28.11311838668242	0.0	0.0	
24.23156284518026	4.294940776721656	0.0	0.0	
20.433673675026412	12.977676560992773	0.0	0.0	
31.810788715049803	24.633675380165414	0.0	0.0	
23.407562049066097	24.421735099438315	0.0	0.0	
22.573830355005516	21.73790174396557	0.0	0.0	
9.230486048011493	29.138878730865656	0.0	0.0	
6.140755435856072	11.4137979929198	0.0	0.0	
16.166554694436574	6.448565256556634	0.0	0.0	
21.830718636504745	16.730178408299192	0.0	0.0	
19.842622199555265	1.0001656126854925	0.0	0.0	
30.738138306466986	15.472199734884274	0.0	0.0	
24.885896086292885	8.5854944664761	0.0	0.0	
19.847252364897976	17.077369635058005	0.0	0.0	
11.443797771662673	30.98007524294732	0.0	0.0	
9.120010629997697	24.49220820139673	0.0	0.0	
22.47198874740805	0.5912861599862929	0.0	0.0	
3.774664117089987	31.83346648158041	0.0	0.0	
18.216674349542934	10.209721407202814	0.0	0.0	
3.193442553837123	30.362559654125878	0.0	0.0	
25.31805890936587	26.7091679774374	0.0	0.0	
24.27285731848456	20.098284171731812	0.0	0.0	
19.54713292002806	11.835626479109546	0.0	0.0	
31.338285641296206	10.276164702574228	0.0	0.0	
19.697987990988654	21.66120771797591	0.0	0.0	
27.595276158307644	30.345419146698024	0.0	0.0	
29.42840284566534	15.81462677637634	0.0	0.0	
21.026488093614685	26.111062453562525	0.0	0.0	
13.776049215934115	8.43827001638055	0.0	0.0	
4.375330502603784	18.528483071005752	0.0	0.0	
18.021024734814297	27.28426033731383	0.0	0.0	
24.777022375340927	1.4259635601817848	0.0	0.0	
28.69396495958984	24.01208809244071	0.0	0.0	
26.897798965306404	29.19753852045758	0.0	0.0	
7.00069358080259	16.61553469603287	0.0	0.0	
8.686259730693653	26.376806805739886	0.0	0.0	
24.51145514959445	25.99879943152866	0.0	0.0	
30.250488320623006	19.011138405953744	0.0	0.0	
26.47690297514076	28.192305341147502	0.0	0.0	
5.89847616927948	17.16188479816978	0.0	0.0	
31.69785317521858	24.00525161814579	0.0	0.0	
9.665364476312114	18.25277758086539	0.0	0.0	
23.534567471079388	19.21184917678233	0.0	0.0	
9.00398819760861	16.46873762943633	0.0	0.0	
11.214292665644287	23.163801333830527	0.0	0.0	
16.580674969589865	29.47303172366935	0.0	0.0	
29.163448479064847	13.729534636255085	0.0	0.0	
28.708356451871776	4.513818089647572	0.0	0.0	
17.224546417431362	6.085879742963982	0.0	0.0	
9.287214451710998	28.43279760633592	0.0	0.0	
10.375850805344339	28.68919585924723	0.0	0.0	
2.053415729215608	12.178665735503891	0.0	0.0	
22.649676938341738	7.054011908640025	0.0	0.0	
3.9994634941187392	15.528419444571224	0.0	0.0	
21.908634620996647	18.957531449235525	0.0	0.0	
30.50854098418916	7.761653084694451	0.0	0.0	
24.6326827317928	14.423837422154673	0.0	0.0	
13.672358670582518	1.9183019295875532	0.0	0.0	
27.14550075408067	28.85924245933684	0.0	0.0	
19.156318387715793	5.674835500148951	0.0	0.0	
0.39168708295797217	9.746731753820576	0.0	0.0	
4.562711123750695	31.494054620401663	0.0	0.0	
20.5159726478717	18.67078914244929	0.0	0.0	
30.86786948432005	30.10751193867743	0.0	0.0	
20.413570907998192	13.02852301083	0.0	0.0	
19.68091328751832	26.332322362680046	0.0	0.0	
4.42071679383794	2.6090198240440046	0.0	0.0	
29.303946400530986	14.725498957890096	0.0	0.0	
27.469541619787577	17.43978842746032	0.0	0.0	
4.1127754431227785	2.4215210262383486	0.0	0.0	
3.2608341621087327	6.501653061949657	0.0	0.0	
11.646767510623686	0.23269175034263512	0.0	0.0	
30.534725031391975	10.642638536999808	0.0	0.0	
27.902697925281295	8.507537582192597	0.0	0.0	
29.658655010116885	4.531872485851675	0.0	0.0	
0.049645362813059535	6.916855802952082	0.0	0.0	
31.397659283320994	6.476297820360937	0.0	0.0	
21.899183228188047	15.338766599572008	0.0	0.0	
15.745476254317548	13.112174654421231	0.0	0.0	
9.781346291823592	18.627789297084746	0.0	0.0	
10.779684738973877	17.05469412688203	0.0	0.0	
21.194773263709116	4.987708390422846	0.0	0.0	
24.039075087144727	21.15885625101109	0.0	0.0	
31.35968019253092	9.125502402649072	0.0	0.0	
19.52337288317389	19.841798680540084	0.0	0.0	
25.031082201790095	9.605351128113966	0.0	0.0	
15.98959420282393	1.2951571687941765	0.0	0.0	
5.536207840372207	7.832450886323048	0.0	0.0	
18.930335923483856	18.5374924461781	0.0	0.0	
22.197841418720973	30.871429018860713	0.0	0.0	
23.064014315336003	29.484753109165435	0.0	0.0	
20.349966140660563	23.059399296454234	0.0	0.0	
3.9760071132535018	16.48275957785739	0.0	0.0	
11.197563180106417	17.8803461691843	0.0	0.0	
21.521250564288177	21.736259794100324	0.0	0.0	
29.38655913113482	14.772605270649354	0.0	0.0	
23.35353811458998	19.966997211045673	0.0	0.0	
2.524971097654703	3.709217144574257	0.0	0.0	
4.274720402762071	31.246709764862675	0.0	0.0	
11.67870100260642	8.724870444657686	0.0	0.0	
12.063553248425947	22.843328906051678	0.0	0.0	
10.901442711332479	1.7936616011767086	0.0	0.0	
21.12968909195182	27.006842864106773	0.0	0.0	
18.063236733593758	28.036453293933793	0.0	0.0	
18.05116305549275	18.67278062227768	0.0	0.0	
29.814797926466063	17.567245331885257	0.0	0.0	
16.553437958189342	1.7265605126468664	0.0	0.0	
21.28868891787841	19.085034664709575	0.0	0.0	
21.280272148238097	4.818043581116044	0.0	0.0	
11.879360748943824	8.248521520013284	0.0	0.0	
24.424317700326945	11.879916121477422	0.0	0.0	
26.7637130577421	18.63268745697135	0.0	0.0	
15.92853351545449	24.26705344254114	0.0	0.0	
15.358185856686482	23.18666076743771	0.0	0.0	
11.598771700182208	1.6328965875087889	0.0	0.0	
13.955527709505429	30.26239634264418	0.0	0.0	
12.206139925484372	1.25635024667681	0.0	0.0	
22.311035842446312	4.6284871976583375	0.0	0.0	
12.052433433139203	9.259285523569119	0.0	0.0	
22.99499687440216	18.367538808188673	0.0	0.0	
12.987466813934645	9.124682572206048	0.0	0.0	
27.77505065531905	0.47531893322107877	0.0	0.0	
7.996420930502758	5.467582476783857	0.0	0.0	
18.374332350885204	23.533925539233913	0.0	0.0	
4.790028796181524	12.84415837060084	0.0	0.0	
31.064739058383353	27.880985573165695	0.0	0.0	
31.718109270023596	10.101042970063048	0.0	0.0	
5.206914518459971	5.2219320740097075	0.0	0.0	
12.206086887860462	6.110875581193152	0.0	0.0	
24.14761650622804	9.19032219106403	0.0	0.0	
0.7043215402866316	1.8865244182041607	0.0	0.0	
4.437597939609677	21.984462247621963	0.0	0.0	
6.956912574441251	9.855750327189178	0.0	0.0	
29.32158758234984	6.105329032342436	0.0	0.0	
27.225157356153485	5.949081439155318	0.0	0.0	
25.300723154223874	5.2934601274156385	0.0	0.0	
6.950602662302714	30.848838210709413	0.0	0.0	
30.384792343548988	24.232315162776356	0.0	0.0	
18.426097349454462	4.205479620349067	0.0	0.0	
26.108381370174566	14.154376690186467	0.0	0.0	
26.72550893128971	1.8098476366756557	0.0	0.0	
17.02715564176424	20.096461732227823	0.0	0.0	
1.5126741352907374	20.796091064166617	0.0	0.0	
28.41845502776971	13.869035843929659	0.0	0.0	
2.0030581539707555	16.24086905600517	0.0	0.0	
25.31956784405253	22.459487335904946	0.0	0.0	
29.20833293707312	3.15948142154199	0.0	0.0	
2.204484222988029	19.133941542399274	0.0	0.0	
29.360424241123383	15.68536276092117	0.0	0.0	
1.707151303561453	3.7541370004154047	0.0	0.0	
18.06368912951436	7.55517954559399	0.0	0.0	
8.90967093605823	31.24777322180328	0.0	0.0	
3.5408381794739086	19.896649556228848	0.0	0.0	
18.067896668468602	24.157643146395255	0.0	0.0	
31.50940522040144	22.681242747532462	0.0	0.0	
10.46850746267409	24.390963986816395	0.0	0.0	
9.525904583902275	23.76669071501351	0.0	0.0	
9.287296570151952	3.3310020650596606	0.0	0.0	
27.554984389421456	10.678242801179234	0.0	0.0	
18.796121894805655	0.32829886285437837	0.0	0.0	
24.523284875192477	16.741105580891347	0.0	0.0	
24.492655658219256	9.229515262792471	0.0	0.0	
5.143467150266403	15.279569494031193	0.0	0.0	
29.19394961559721	19.113279386942306	0.0	0.0	
31.67776703245246	25.125669137551764	0.0	0.0	
12.858487477339647	20.183235636196656	0.0	0.0	
31.496101605058783	3.1957830509555514	0.0	0.0	
10.985746381250163	0.011682867817039977	0.0	0.0	
7.39846155299216	18.220672764261096	0.0	0.0	
29.89798106543619	0.7257391381187297	0.0	0.0	
7.590758001970823	9.849227183060204	0.0	0.0	
25.44973544835818	14.889597716080214	0.0	0.0	
20.23918043773866	2.8873546726265964	0.0	0.0	
28.923584307147436	14.554391076531221	0.0	0.0	
15.289041033244516	2.3572858917388757	0.0	0.0	
3.8376878388550004	23.93534382735837	0.0	0.0	
17.47780872808286	21.84643511760189	0.0	0.0	
28.157198836905813	9.753609409285833	0.0	0.0	
3.1674112508462677	26.689797081950847	0.0	0.0	
2.2391742663524035	31.288039874131197	0.0	0.0	
2.9792044767298584	4.006512699343425	0.0	0.0	
8.13653288154483	10.336203531456785	0.0	0.0	
14.46112372910165	5.641278321513344	0.0	0.0	
21.32666103270936	26.356805221881036	0.0	0.0	
24.955444427567308	0.3080610508396191	0.0	0.0	
22.140222564957284	11.413962937809817	0.0	0.0	
27.843599542294903	19.401644886147622	0.0	0.0	
26.483303342938296	9.466473825449185	0.0	0.0	
26.15848670059191	21.79935366636168	0.0	0.0	
3.3074536588956107	31.97617241940158	0.0	0.0	
23.232545457795247	12.766300119541665	0.0	0.0	
1.2307931893482085	5.866940580394022	0.0	0.0	
11.915195588296598	31.354893641463885	0.0	0.0	
13.777437607570693	7.351519105281209	0.0	0.0	
13.191504191099238	22.80675797518011	0.0	0.0	
6.334196978856713	23.672729916205007	0.0	0.0	
28.140710621398956	1.2948708314402957	0.0	0.0	
29.490699140807397	22.034453730561243	0.0	0.0	
22.554483534881353	6.718297957584316	0.0	0.0	
30.29503455589284	20.464563142214217	0.0	0.0	
25.47401388898739	10.989192583040243	0.0	0.0	
27.450981975292272	11.841554134240063	0.0	0.0	
12.218786469472779	8.149505359970142	0.0	0.0	
20.09873465468259	5.439615238774405	0.0	0.0	
21.624447385369255	3.2126103378303057	0.0	0.0	
10.986006371238247	26.08303748673553	0.0	0.0	
29.189588616435298	26.847298015598646	0.0	0.0	
2.052224047172597	26.708131558561142	0.0	0.0	
14.17036856442186	17.205820846606645	0.0	0.0	
12.321557570752063	9.105984149698077	0.0	0.0	
14.480241894918358	22.579075350567148	0.0	0.0	
14.267033166306863	4.879480146022818	0.0	0.0	
30.799339017915564	18.69970027964687	0.0	0.0	
10.860189505551212	29.620747458602292	0.0	0.0	
12.517801725492927	26.686681104962776	0.0	0.0	
7.025016122793218	0.4551538465030589	0.0	0.0	
26.016615860675238	7.512267179660007	0.0	0.0	
16.273724846200228	22.114238919782043	0.0	0.0	
22.89310921703608	27.741787215747426	0.0	0.0	
22.201888848383312	0.8775327367500338	0.0	0.0	
24.4407241273868	23.42765928806331	0.0	0.0	
3.5686148606829846	6.27966471629091	0.0	0.0	
19.853767462300567	15.087866613294036	0.0	0.0	
24.696904365251246	9.439350575945795	0.0	0.0	
24.654112788524724	26.698748112072526	0.0	0.0	
14.402803829181785	13.643991715532266	0.0	0.0	
14.270098938502901	14.336208354263974	0.0	0.0	
31.33320754512916	17.630155756637897	0.0	0.0	
15.457032381782867	9.798932138868917	0.0	0.0	
31.51883525629456	16.180978211387234	0.0	0.0	
11.92941366308661	23.378500081941624	0.0	0.0	
25.268570042612097	16.686882356531793	0.0	0.0	
13.377246814017358	13.909467228687934	0.0	0.0	
12.71476584979984	6.457321674806622	0.0	0.0	
9.050706840011394	9.528401877991925	0.0	0.0	
21.565905684034465	2.898028742705172	0.0	0.0	
17.93853228415322	5.4541222310992055	0.0	0.0	
31.502518176337976	25.96907182668452	0.0	0.0	
15.027704072436777	14.239461115568332	0.0	0.0	
4.256788210140641	29.97669812676577	0.0	0.0	
1.2164321528317288	30.087999549515615	0.0	0.0	
25.78625859036895	22.005819832367983	0.0	0.0	
23.433825748828042	0.09054735662166635	0.0	0.0	
2.3108785403615038	28.588109591679345	0.0	0.0	
12.405999133645775	4.946603896215333	0.0	0.0	
8.76613397375505	12.601609818493642	0.0	0.0	
5.029171682791226	8.667173161092425	0.0	0.0	
22.138972076105805	17.520491036152183	0.0	0.0	
13.827136576235102	7.159095586426144	0.0	0.0	
23.512582254304956	8.34609222279322	0.0	0.0	
0.8365814802906932	26.63925410600093	0.0	0.0	
8.387391178618202	17.061337678297534	0.0	0.0	
13.021874963178533	19.385584772524247	0.0	0.0	
10.28259016505153	5.829276013477536	0.0	0.0	
0.7403305594742484	16.816681897074996	0.0	0.0	
16.578804601096785	2.2820105653412597	0.0	0.0	
24.237108033233834	9.85338858474626	0.0	0.0	
28.424462729314524	9.767974377807999	0.0	0.0	
25.846720053875547	5.518068216166583	0.0	0.0	
21.722558766023745	6.854160403616248	0.0	0.0	
17.409720217493	4.124115874579385	0.0	0.0	
11.050386548957551	20.86161015527854	0.0	0.0	
10.193683942170157	0.7821999752187168	0.0	0.0	
31.5373304022813	2.258984348659329	0.0	0.0	
8.347627120664697	25.787394174681094	0.0	0.0	
27.642840074658857	19.98356475048087	0.0	0.0	
29.484903146225854	0.1382305236536574	0.0	0.0	
7.491385849293337	16.506518433294477	0.0	0.0	
6.7656925685936855	29.48214396990835	0.0	0.0	
9.93135808724432	25.435694996452582	0.0	0.0	
17.199463673987342	31.054950061992965	0.0	0.0	
14.216463926585174	8.521465391411127	0.0	0.0	
30.425806588540837	14.632316600981365	0.0	0.0	
15.159534276743024	11.265568435529566	0.0	0.0	
10.856045197715382	7.626439807409984	0.0	0.0	
24.88120077187921	23.279839850098266	0.0	0.0	
5.020167967118635	15.543340261429542	0.0	0.0	
6.240520398748611	28.894292371350907	0.0	0.0	
24.174237667847066	2.5669548696510134	0.0	0.0	
7.083999190926292	16.17697059443146	0.0	0.0	
18.07558243488232	5.439408253091607	0.0	0.0	
5.5832449567079045	18.064516759568253	0.0	0.0	
6.231549146880226	6.881985935840767	0.0	0.0	
15.71077334111676	31.92483392919772	0.0	0.0	
2.5371657820397537	11.208471536682051	0.0	0.0	
21.53744900058321	1.958734962560424	0.0	0.0	
22.445571302604126	10.156389726409099	0.0	0.0	
5.786577473746565	22.564036494436838	0.0	0.0	
6.354431083832722	26.908570746116624	0.0	0.0	
28.228187733036947	24.955556823714975	0.0	0.0	
26.345967932767213	18.125745665272472	0.0	0.0	
27.970617338425512	27.528670746044646	0.0	0.0	
27.276783842596878	8.806940284484671	0.0	0.0	
29.911250545358868	31.5275963633323	0.0	0.0	
22.619772602549503	29.09567492403954	0.0	0.0	
27.72966773493611	25.025769327904566	0.0	0.0	
30.724904572096445	0.4276800321533969	0.0	0.0	
2.817069718205005	2.915409884954734	0.0	0.0	
13.615254149253591	30.60675765453604	0.0	0.0	
24.38703623814805	13.972462443086123	0.0	0.0	
1.8871196466386522	14.291067135043225	0.0	0.0	
5.9366274846894065	25.188677860975776	0.0	0.0	
10.319280252647456	13.248831828728893	0.0	0.0	
15.821910535397336	5.376360113035567	0.0	0.0	
29.366311939597235	4.537557942503415	0.0	0.0	
3.680271327074479	27.44633977217523	0.0	0.0	
24.67882607349223	24.04548322554527	0.0	0.0	
31.472298967068618	8.130536755936625	0.0	0.0	
28.700892934070485	15.37873864448266	0.0	0.0	
28.49814992308892	5.809727977043934	0.0	0.0	
18.099225486866086	28.382036051072944	0.0	0.0	
4.87054754256927	0.6828318050901352	0.0	0.0	
26.866380434315843	23.879755560706567	0.0	0.0	
6.143588967219301	0.34947859855953567	0.0	0.0	
6.978941394671725	23.460737269891414	0.0	0.0	
2.91229837282156	15.707826894482121	0.0	0.0	
6.664318394330401	18.201390837525977	0.0	0.0	
8.973566084034875	21.75882860258138	0.0	0.0	
3.9386989685002938	19.47311353573818	0.0	0.0	
13.1030081349938	2.7179619448563734	0.0	0.0	
7.250370145070072	30.102101967649208	0.0	0.0	
8.457013701957756	20.65147779132354	0.0	0.0	
0.4491791555658864	14.910970174870297	0.0	0.0	
18.664757848940372	26.50812033678556	0.0	0.0	
7.119298694474843	18.148316406583795	0.0	0.0	
26.145890702682152	30.563565183301154	0.0	0.0	
14.862120460075449	9.463548327362535	0.0	0.0	
4.349591144350608	10.497476292067422	0.0	0.0	
12.416186680327932	31.326121538519008	0.0	0.0	
27.33445613716027	6.052650675237928	0.0	0.0	
13.749734388049127	5.031704930737604	0.0	0.0	
9.31685323694169	24.454977052887905	0.0	0.0	
9.078182486687496	15.392423449083715	0.0	0.0	
23.54849075796319	19.71239876824869	0.0	0.0	
13.242136403734893	28.37564092267623	0.0	0.0	
4.6342765643038994	21.666784310663807	0.0	0.0	
16.66553403905262	16.24658237379492	0.0	0.0	
29.591005915578577	12.224722229871468	0.0	0.0	
13.666248104506543	5.8412968997386585	0.0	0.0	
6.432111333637536	23.50286471602357	0.0	0.0	
21.194120935085323	7.965779102650242	0.0	0.0	
10.149619204183658	9.927013891382877	0.0	0.0	
19.019296734941562	10.559902415536488	0.0	0.0	
28.575921576502438	24.11377680929466	0.0	0.0	
3.2974421386036994	7.052007324232434	0.0	0.0	
14.300649622689097	28.800133622522466	0.0	0.0	
11.630361115524558	14.947404026756374	0.0	0.0	
21.32386211929587	14.43292041079076	0.0	0.0	
16.616297713273042	7.061194610385705	0.0	0.0	
12.022341757186688	17.47458077885506	0.0	0.0	
27.700731146260463	21.71813149176228	0.0	0.0	
18.05485220560634	0.1043152803734344	0.0	0.0	
28.553423693030282	13.169967634609428	0.0	0.0	
5.620493996531021	19.257457299039636	0.0	0.0	
6.858341641669256	2.0125586294720144	0.0	0.0	
4.897575326565846	11.854325162128248	0.0	0.0	
14.42308294541186	0.23106795875993313	0.0	0.0	
2.926472597412186	3.2599116308428187	0.0	0.0	
29.57556303113303	19.515643893168647	0.0	0.0	
29.02355559331566	2.5332104647875333	0.0	0.0	
1.4368330022367317	29.61112437605488	0.0	0.0	
27.921692977809542	7.650790727895799	0.0	0.0	
1.2779592162190916	28.59438310609274	0.0	0.0	
20.997704509869106	30.583874112242903	0.0	0.0	
0.6420706095748976	28.698316610145348	0.0	0.0	
16.49951570286023	0.25642209086687373	0.0	0.0	
25.07128297426662	7.7699660501438	0.0	0.0	
29.524201906335154	13.085972499893462	0.0	0.0	
30.398468259120097	1.4888882118920144	0.0	0.0	
27.99235327654143	19.682590336298443	0.0	0.0	
21.242136574416197	17.27433778476916	0.0	0.0	
24.84435352072218	5.939646335430755	0.0	0.0	
13.492086066889506	22.300839181428778	0.0	0.0	
27.729134569481865	8.317303090967162	0.0	0.0	
0.9802714657279203	15.402188931051832	0.0	0.0	
9.984976274538806	30.906241698428538	0.0	0.0	
20.102697206336224	16.398836155219847	0.0	0.0	
27.692354609146967	10.634652165063663	0.0	0.0	
24.77821536760648	22.26884496738119	0.0	0.0	
27.766337605679475	18.96383136882091	0.0	0.0	
26.389065693874283	18.334391987094904	0.0	0.0	
4.938831397191336	7.293314278574083	0.0	0.0	
20.213090271749856	8.265880138552635	0.0	0.0	
25.400746808670725	14.574185892747533	0.0	0.0	
24.222346594900205	2.7138229214947778	0.0	0.0	
16.833052682689075	14.982572266781656	0.0	0.0	
12.244354590336638	31.460889834060577	0.0	0.0	
9.346857592067142	24.969761998043982	0.0	0.0	
5.401360146818025	2.1536303405418558	0.0	0.0	
7.36563126812279	5.718577028076538	0.0	0.0	
10.889274009563717	10.755013341540707	0.0	0.0	
12.957651537195204	22.68991781389261	0.0	0.0	
5.13489240152051	27.746511906931755	0.0	0.0	
4.198461794713623	19.51905995433449	0.0	0.0	
22.329848179229987	5.555340630412367	0.0	0.0	
6.297402367618272	6.354509067603722	0.0	0.0	
26.846677814682003	8.780424587335531	0.0	0.0	
17.506446324308413	0.04108432008843721	0.0	0.0	
22.931936750211193	5.499267908044928	0.0	0.0	
8.753704179776992	15.005953159157535	0.0	0.0	
13.358368761602737	22.378421228062624	0.0	0.0	
8.496455996981577	6.644685481294129	0.0	0.0	
25.004216442539605	20.907693879817224	0.0	0.0	
9.066126795240208	1.0119793554095082	0.0	0.0	
16.94257965079314	18.69881962484461	0.0	0.0	
11.259341014238405	7.255553353739472	0.0	0.0	
17.355355416455453	25.84341873857317	0.0	0.0	
27.92409590399722	22.14673109910582	0.0	0.0	
9.490537696547179	21.416646736583186	0.0	0.0	
13.885944258854224	25.881466428612118	0.0	0.0	
21.44131172601425	23.98333464757514	0.0	0.0	
30.45013064249123	7.386361967655002	0.0	0.0	
0.2510371752558136	6.60917484119291	0.0	0.0	
25.47055756452566	18.649583286797125	0.0	0.0	
24.962120843768624	5.9810943044188996	0.0	0.0	
30.335229681098106	18.501581548706685	0.0	0.0	
18.413979426700035	13.942854195677974	0.0	0.0	
4.198085084983568	27.894861093620037	0.0	0.0	
10.753210310930726	30.758572380438427	0.0	0.0	
27.371727983646686	7.345690501350699	0.0	0.0	
11.950731138795042	15.382243000907415	0.0	0.0	
2.3635162066786037	27.111903650939194	0.0	0.0	
0.1702656424555471	9.299683034084385	0.0	0.0	
5.325896514399627	23.20843348197595	0.0	0.0	
27.217584417617946	17.634108273616786	0.0	0.0	
8.661073460248588	12.516908033590397	0.0	0.0	
1.4271730097063404	1.3764045466668087	0.0	0.0	
8.164425712412246	10.350129505664214	0.0	0.0	
8.107032454555892	4.338964879373648	0.0	0.0	
24.64173779100089	16.161949901447453	0.0	0.0	
29.578695310309453	17.313525438044444	0.0	0.0	
26.881171125627386	22.376265475566885	0.0	0.0	
18.52620278415958	11.186354125974567	0.0	0.0	
23.361700855531573	16.237338086319088	0.0	0.0	
5.507843803081162	3.5439977991355995	0.0	0.0	
15.289921889452287	19.82722045661285	0.0	0.0	
19.895251586935657	25.101940855928227	0.0	0.0	
31.783654144890576	6.591034376191317	0.0	0.0	
21.921745867283477	2.8748940896900095	0.0	0.0	
21.709010972526798	25.579830828314478	0.0	0.0	
1.6724161291494717	21.758708686390907	0.0	0.0	
15.6109344151509	25.516957705694374	0.0	0.0	
1.5435334429317749	0.5638478799707407	0.0	0.0	
20.87166549133881	4.590005399670694	0.0	0.0	
2.589850498615178	14.469404847846835	0.0	0.0	
9.67787020933061	22.464327806036895	0.0	0.0	
21.43636506280143	0.8110742175273025	0.0	0.0	
21.238374570028135	23.74507247630382	0.0	0.0	
16.791389862534782	21.149834818589653	0.0	0.0	
10.281404079490475	25.24215859587345	0.0	0.0	
14.891005822415881	31.671025394094062	0.0	0.0	
8.920240576124247	24.8983847870081	0.0	0.0	
27.34174231440373	21.13034474756823	0.0	0.0	
23.870913446741067	15.269552165561407	0.0	0.0	
13.142561605892688	10.958426648002092	0.0	0.0	
21.24321955023336	21.240727224935544	0.0	0.0	
0.7157638926025527	30.494600705011138	0.0	0.0	
10.995304999092046	28.578205410670073	0.0	0.0	
24.274830416092318	3.999649838824162	0.0	0.0	
27.481556742783077	14.813440294231732	0.0	0.0	
5.5623380142058565	15.962987250562222	0.0	0.0	
3.457803245215853	0.03822033356727772	0.0	0.0	
2.680669006612124	20.31586326231123	0.0	0.0	
24.318700476138208	23.088594656747404	0.0	0.0	
0.7412174694674043	26.608543585008444	0.0	0.0	
18.477865491287844	24.40243919963621	0.0	0.0	
26.10410628781828	16.063612029216948	0.0	0.0	
25.92697863283776	15.237858050028809	0.0	0.0	
9.46871734697363	17.258060555131625	0.0	0.0	
17.294161874320817	6.781789412660853	0.0	0.0	
4.696882012286217	2.160837317309312	0.0	0.0	
14.76677254840747	19.38438041639796	0.0	0.0	
21.162351524918954	2.125725347966778	0.0	0.0	
31.68114473024841	9.411529934088723	0.0	0.0	
3.463675917320618	3.4443946911170826	0.0	0.0	
11.702718598495757	7.692680477342293	0.0	0.0	
8.129743996656206	17.761731233866414	0.0	0.0	
18.87383347839264	14.884129811914871	0.0	0.0	
25.65883247270317	13.970499230568787	0.0	0.0	
3.9021391673077055	31.38166608389842	0.0	0.0	
2.759897360038927	24.945940185944973	0.0	0.0	
7.792413915154363	16.53330306930749	0.0	0.0	
16.136502163215766	27.25940592175231	0.0	0.0	
27.784359193751044	11.14057865736983	0.0	0.0	
19.276246400231365	12.558817087773612	0.0	0.0	
7.1086018015264045	26.42435437756109	0.0	0.0	
0.8790637177197453	11.57361097251998	0.0	0.0	
22.794369386841513	10.430785467872706	0.0	0.0	
9.59884596471391	4.0173451863659935	0.0	0.0	
11.735501785345512	3.3613880475991564	0.0	0.0	
11.049354205385988	10.654418713935307	0.0	0.0	
31.091350819562006	10.546351855165035	0.0	0.0	
2.259108711021252	9.913032941488947	0.0	0.0	
28.967413910124634	21.56082926532372	0.0	0.0	
16.102473363363977	9.626217546262282	0.0	0.0	
24.707601138089533	17.1423888961241	0.0	0.0	
28.894046418510246	9.990384216015528	0.0	0.0	
14.123207252698172	31.009251201633276	0.0	0.0	
30.11994651354111	9.883951030368795	0.0	0.0	
9.570080460555225	16.05499927832394	0.0	0.0	
24.360801229973642	15.814276867749065	0.0	0.0	
5.50398914090453	5.5628383843116005	0.0	0.0	
2.7539828556010804	18.30482651743063	0.0	0.0	
26.17019913741123	14.436707984492326	0.0	0.0	
18.216233830170594	14.858190676198493	0.0	0.0	
14.073344270337145	14.89930397756562	0.0	0.0	
12.187085144655853	7.793568141402471	0.0	0.0	
19.276826379609755	24.465507929147442	0.0	0.0	
5.590789242794042	10.124997164194575	0.0	0.0	
4.241185446096001	11.657469653113754	0.0	0.0	
11.309815039232074	4.922659925625187	0.0	0.0	
16.081834112340346	16.916821937711045	0.0	0.0	
21.041807717222603	28.20537347971137	0.0	0.0	
24.493374570032564	0.512444257720702	0.0	0.0	
24.490126077092956	11.716753733354182	0.0	0.0	
22.558429212482963	16.315479653834192	0.0	0.0	
7.636239916617338	22.49929726580306	0.0	0.0	
17.805622609730264	0.8408653279076539	0.0	0.0	
20.572949139870808	7.242208861313415	0.0	0.0	
3.1010078478084893	29.219917228486022	0.0	0.0	
20.39803784660294	27.336257216674838	0.0	0.0	
12.816644947719876	20.660770002136655	0.0	0.0	
2.38417201281732	13.88102600917566	0.0	0.0	
29.654390461082734	28.237194205891633	0.0	0.0	
26.773189601698462	7.516754104099551	0.0	0.0	
6.232949630281926	27.926106271402983	0.0	0.0	
30.791573760201427	12.507084530388163	0.0	0.0	
6.588857659027731	11.64149969838294	0.0	0.0	
13.256123069088883	0.7349237704283453	0.0	0.0	
2.539512108656144	7.145749272310738	0.0	0.0	
21.909820196426224	19.08862931270047	0.0	0.0	
28.18122536260498	1.3204182710570649	0.0	0.0	
16.172327130144097	14.615410341134098	0.0	0.0	
16.724072682214	13.496047617686035	0.0	0.0	
13.664867527808997	2.4117180584179145	0.0	0.0	
27.19510911323376	24.791731895151873	0.0	0.0	
9.662763669547349	20.96258701185643	0.0	0.0	
26.47491811932681	14.559190489111106	0.0	0.0	
24.699395129676272	13.347483196047907	0.0	0.0	
10.284968856535905	3.777385305942879	0.0	0.0	
4.7000607887955255	30.568324045182692	0.0	0.0	
24.188154760143455	7.62726033710134	0.0	0.0	
9.47981006018248	3.436400140479666	0.0	0.0	
22.719010543684092	25.56094064411754	0.0	0.0	
11.19718717772276	26.274711728922714	0.0	0.0	
6.461094380154556	13.192481030229128	0.0	0.0	
14.72259798817214	23.22752216606602	0.0	0.0	
16.00688708570783	9.605240639525366	0.0	0.0	
31.738505779375217	13.265893589345872	0.0	0.0	
22.66078560303579	7.356755305755186	0.0	0.0	
27.392105797849617	7.620214900723468	0.0	0.0	
24.391173109614552	30.79950189808372	0.0	0.0	
1.243555050923586	22.916282959771237	0.0	0.0	
11.341793755406421	27.571029931164055	0.0	0.0	
2.068678700279552	10.980503296942082	0.0	0.0	
0.13200095832058878	3.929669995085103	0.0	0.0	
24.874317174455772	24.42110737525892	0.0	0.0	
11.322297814742221	13.700292260894415	0.0	0.0	
10.002969050023964	20.456069946994408	0.0	0.0	
28.69852430201378	26.495377094380935	0.0	0.0	
21.15395164188985	2.3632517571792917	0.0	0.0	
14.564557588232205	17.441663979661108	0.0	0.0	
4.127765191809033	7.980636981323077	0.0	0.0	
28.920046279196658	2.7325178182550616	0.0	0.0	
1.289693799869422	2.168116218104686	0.0	0.0	
10.5238270787778	1.1645964337333758	0.0	0.0	
11.677478227563434	15.904465886437823	0.0	0.0	
20.257872446833073	4.963187557851938	0.0	0.0	
20.89138446779786	31.078153123163144	0.0	0.0	
25.86434460580817	16.99576098332548	0.0	0.0	
27.417708295990366	5.103401668221743	0.0	0.0	
2.107955440800893	25.9137455570325	0.0	0.0	
25.189430187728235	1.4498669799130859	0.0	0.0	
25.062567586401542	20.75253753430494	0.0	0.0	
31.873014559247107	20.17500687386194	0.0	0.0	
21.355690700552284	21.111861921919495	0.0	0.0	
27.871512248183336	28.648094669117093	0.0	0.0	
9.732943371786995	24.96592991273131	0.0	0.0	
31.487068158517612	26.062953120133606	0.0	0.0	
14.589747068146814	21.25901600831349	0.0	0.0	
17.23781326158243	10.793232985331262	0.0	0.0	
18.073373009353837	6.516035285629631	0.0	0.0	
5.190081677592229	30.200269332219918	0.0	0.0	
7.056608415164895	2.395087192703972	0.0	0.0	
25.05415938869409	25.721858457009464	0.0	0.0	
9.232639688896384	8.62286188994263	0.0	0.0	
17.565141362555995	13.650821825987833	0.0	0.0	
7.604154163650033	10.764693484870143	0.0	0.0	
31.092661038360127	27.34960011792238	0.0	0.0	
7.481026068937432	8.547157523762646	0.0	0.0	
22.443386643856005	18.645686942426543	0.0	0.0	
8.337125939578836	27.741033902023787	0.0	0.0	
14.381467732936201	1.9265656337724586	0.0	0.0	
20.542309230310405	8.628792916141126	0.0	0.0	
28.501031226309454	2.420744906537845	0.0	0.0	
12.215722552840322	15.43866274141632	0.0	0.0	
11.17143430942086	3.121724865421786	0.0	0.0	
19.71619930473093	11.381753199673938	0.0	0.0	
25.657001520145183	0.44903182539848885	0.0	0.0	
12.327952177550777	30.043337722758196	0.0	0.0	
3.7812400485199795	10.518379262098659	0.0	0.0	
6.823268673314825	17.8781723482151	0.0	0.0	
15.070546086190014	1.909653695613045	0.0	0.0	
25.24151596954351	6.729080913050435	0.0	0.0	
26.758493390500956	21.458378469595196	0.0	0.0	
17.713112141086985	23.401904863530234	0.0	0.0	
25.213604559946813	7.835783124317533	0.0	0.0	
11.85356366165992	25.575510864064896	0.0	0.0	
3.3942254178910396	18.038425112387806	0.0	0.0	
21.460568077180454	1.2571781478052237	0.0	0.0	
5.98225267527215	27.255010496017686	0.0	0.0	
18.87392345712328	8.854812744208886	0.0	0.0	
20.57492861527559	23.070523899172915	0.0	0.0	
20.15499021304665	9.106674731511355	0.0	0.0	
2.282959146720053	20.08545911642373	0.0	0.0	
6.5519177155497665	6.248474699769773	0.0	0.0	
15.591851660512141	21.522755960481497	0.0	0.0	
9.126434591616722	19.049684803058465	0.0	0.0	
17.22018952089812	26.95890815196222	0.0	0.0	
21.75067810370613	28.98575163979574	0.0	0.0	
24.854561729282413	18.526932635571733	0.0	0.0	
9.21857907379911	16.376980628025816	0.0	0.0	
18.959617840596643	31.094932026090333	0.0	0.0	
9.970087783461242	19.680296930160942	0.0	0.0	
30.24368560523025	9.81346130421268	0.0	0.0	
2.7808516319993473	24.262534524413113	0.0	0.0	
21.675861554080097	15.023340868411744	0.0	0.0	
28.521553758956134	7.907008275247719	0.0	0.0	
0.45712796041030757	12.72971918790003	0.0	0.0	
24.211334756531944	15.311678273755057	0.0	0.0	
25.722768029776468	20.76184521408579	0.0	0.0	
6.9812307574878005	26.297273652344835	0.0	0.0	
14.809117083322906	22.840827413891517	0.0	0.0	
1.7745490126496222	4.320012497063011	0.0	0.0	
25.40959120109311	25.966447257080432	0.0	0.0	
3.1648512307736283	6.566087245525743	0.0	0.0	
14.264623356000499	0.5184143162609764	0.0	0.0	
11.672330813366578	13.927585577044084	0.0	0.0	
24.43442887566916	11.164278203698256	0.0	0.0	
0.637660569800051	18.08504732127759	0.0	0.0	
14.796258291029307	27.876301637087348	0.0	0.0	
29.603065406591792	22.30317215834322	0.0	0.0	
23.28238617258063	18.586856695042506	0.0	0.0	
13.959641108800145	25.173014566803356	0.0	0.0	
1.096858979301949	3.685331320112301	0.0	0.0	
19.934686178176644	19.5806181985639	0.0	0.0	
8.683383598019333	22.995262678528604	0.0	0.0	
7.382139170603509	17.289700960836264	0.0	0.0	
17.52491558651379	29.34099473697101	0.0	0.0	
17.17101076660241	18.05401846711555	0.0	0.0	
13.355800657782371	4.119860181058172	0.0	0.0	
11.665455355608454	31.435660398996642	0.0	0.0	
12.67763460605736	11.60405209893063	0.0	0.0	
13.17061703849756	4.76163163851761	0.0	0.0	
18.536905397265425	9.611055376863742	0.0	0.0	
30.305924289480497	15.061512549009105	0.0	0.0	
24.63400650269994	29.76947326720539	0.0	0.0	
9.250301122520206	15.5872511828045	0.0	0.0	
17.572763856422746	2.411502103577458	0.0	0.0	
1.4204320853313455	30.97121698966994	0.0	0.0	
24.05610053821224	21.31723652143693	0.0	0.0	
11.822572245213767	16.731388776806952	0.0	0.0	
17.870382672321174	23.86928836427246	0.0	0.0	
16.601555314002557	10.675873641728131	0.0	0.0	
25.865359134017336	2.514551788817375	0.0	0.0	
12.672420992237203	6.480458722936056	0.0	0.0	
24.525020185681026	5.584945869255815	0.0	0.0	
28.819747783075737	19.236265764511142	0.0	0.0	
2.369755368697888	9.277380006222277	0.0	0.0	
4.654662501866035	20.44391726051239	0.0	0.0	
25.520378524323387	11.271148749527026	0.0	0.0	
13.091392331127668	20.6301322317024	0.0	0.0	
21.75045100548632	20.406082568051442	0.0	0.0	
28.29745973948007	17.198766322832405	0.0	0.0	
0.07307290518903997	6.327951339874453	0.0	0.0	
31.63301620650753	28.893392188703167	0.0	0.0	
2.10195455871494	13.460768043919096	0.0	0.0	
29.194712731224463	26.927776000319955	0.0	0.0	
30.085456082957233	11.4484439912931	0.0	0.0	
23.408548048484285	5.263285871553826	0.0	0.0	
9.242725682270983	15.844822203241076	0.0	0.0	
1.5682078045355254	9.287630048885458	0.0	0.0	
28.57725152947494	8.015310721025159	0.0	0.0	
17.325615171775056	21.689634131153888	0.0	0.0	
24.60483355736458	11.832425136931501	0.0	0.0	
17.64365446608858	29.644429778060378	0.0	0.0	
0.9036807246088507	17.83343930654982	0.0	0.0	
30.855881315640705	3.331308515383739	0.0	0.0	
21.416789537600284	12.798447595763175	0.0	0.0	
25.19028906244636	18.271302036428885	0.0	0.0	
29.284874152814478	16.02107007189412	0.0	0.0	
22.930910364790368	5.472911428881773	0.0	0.0	
23.827207586322746	19.91471664496524	0.0	0.0	
27.175818884197316	20.662606899301384	0.0	0.0	
27.613451307907972	13.973415635471913	0.0	0.0	
14.790758813746947	4.810803198201803	0.0	0.0	
13.343816211515747	6.844344097220901	0.0	0.0	
16.197648884713473	5.9160361585973895	0.0	0.0	
5.961582758808557	28.568050209382925	0.0	0.0	
27.209323267870957	15.729102797750304	0.0	0.0	
25.54024553777304	18.96328834698451	0.0	0.0	
8.516706821403542	10.566869657631432	0.0	0.0	
6.354888299707845	11.943071407503673	0.0	0.0	
16.512118797279175	0.51521065435605	0.0	0.0	
18.910980597079753	26.375539943984762	0.0	0.0	
11.615777655926948	8.323249282978946	0.0	0.0	
12.570117971491008	29.215426078278572	0.0	0.0	
10.856495862818718	9.342060098881745	0.0	0.0	
21.09745562780537	30.747501719942925	0.0	0.0	
25.959854600343565	16.967821472315748	0.0	0.0	
2.150973881846806	15.339988677968794	0.0	0.0	
6.0986924967514184	5.807630066804805	0.0	0.0	
27.337024875488513	9.068980481328758	0.0	0.0	
19.87151124850176	1.4827065325070414	0.0	0.0	
13.721932656172935	23.800486527629122	0.0	0.0	
6.481910177496811	11.882903116033795	0.0	0.0	
12.040146719275768	16.155273489207527	0.0	0.0	
1.9051120595920281	16.10747652137864	0.0	0.0	
5.237648036208832	4.735226554954899	0.0	0.0	
29.662085108229522	9.885706709187065	0.0	0.0	
20.56824660588134	8.383306054236247	0.0	0.0	
4.284606349945438	11.061259237509521	0.0	0.0	
27.76954926417363	3.2491059590419873	0.0	0.0	
7.215323278521414	7.339551808626393	0.0	0.0	
20.860087929173172	31.537691678421282	0.0	0.0	
28.83741979538709	24.638762352476615	0.0	0.0	
1.5687632587251699	31.652970046268347	0.0	0.0	
17.703046607897694	15.246430531523476	0.0	0.0	
30.42978511222693	23.128813898469883	0.0	0.0	
11.002579757956077	18.05164356028025	0.0	0.0	
27.919529871684354	19.942900409035598	0.0	0.0	
0.95947444001105	28.794874548627742	0.0	0.0	
8.061318976264193	5.410091435690976	0.0	0.0	
1.3847531346172417	24.452084079914368	0.0	0.0	
17.051436032573115	8.118239718536127	0.0	0.0	
8.873927814520897	26.097642844145785	0.0	0.0	
10.34310852022162	16.17084877801582	0.0	0.0	
25.195083191576167	12.010173033670203	0.0	0.0	
2.7308755160258933	8.983334222358344	0.0	0.0	
13.300461462606911	7.830011082925473	0.0	0.0	
16.142659569964792	17.996075357988122	0.0	0.0	
7.519760174891772	6.389625579408911	0.0	0.0	
3.6728102176609276	2.307291897222239	0.0	0.0	
8.073068885766446	9.641324571019034	0.0	0.0	
11.81582850250227	6.438782763062953	0.0	0.0	
30.35953576575004	5.35315065335233	0.0	0.0	
25.03422079311892	14.509265995541117	0.0	0.0	
30.440946092744593	22.85526007481167	0.0	0.0	
10.907506257744302	11.218976647454433	0.0	0.0	
19.346157708685798	12.221816280171723	0.0	0.0	
17.073944596390607	30.12663689550291	0.0	0.0	
3.0355211866662337	12.560676125922054	0.0	0.0	
31.39181797341037	2.1595249737543156	0.0	0.0	
1.2745119353783103	1.9070589703892686	0.0	0.0	
15.50410116876282	20.124295906753893	0.0	0.0	
21.769477182625565	28.575010800617687	0.0	0.0	
18.348220764348724	1.896122125782945	0.0	0.0	
31.35483769244136	8.345767361327017	0.0	0.0	
30.69372205489262	15.31571220665834	0.0	0.0	
0.24137163436702025	19.596821803876104	0.0	0.0	
4.333172945325167	16.77830954108565	0.0	0.0	
24.818344980564934	20.04547421021401	0.0	0.0	
0.3886704475655698	6.518044521106244	0.0	0.0	
17.2126808749733	19.242890866269015	0.0	0.0	
27.49265231639019	14.571509757039411	0.0	0.0	
28.555287121558887	24.61904902991621	0.0	0.0	
21.17019331889166	5.023029347146053	0.0	0.0	
25.463344088160643	0.8506235268796907	0.0	0.0	
27.136674281494077	16.511144196912724	0.0	0.0	
15.891439573783583	13.799302418065253	0.0	0.0	
10.592688450221235	2.511973995258664	0.0	0.0	
2.6641054937129773	4.998084123176124	0.0	0.0	
6.074261197867077	22.756271258169047	0.0	0.0	
3.8217249213714233	2.936663135516021	0.0	0.0	
23.80816126968307	26.050765496329483	0.0	0.0	
1.5777820685510022	2.486917590317425	0.0	0.0	
20.130638166170844	6.9693301203217	0.0	0.0	
6.53669395636846	28.41448439446038	0.0	0.0	
17.25251628710312	12.691287645636208	0.0	0.0	
10.161216820970875	10.572141828266098	0.0	0.0	
9.757456110532022	23.398846396067057	0.0	0.0	
21.155800886398684	26.67560677936394	0.0	0.0	
6.847191817096736	15.593247989451939	0.0	0.0	
5.260547343067728	31.01216416224271	0.0	0.0	
24.180006811168184	23.689419283143952	0.0	0.0	
24.942586532352262	11.273176412130073	0.0	0.0	
5.26978071943909	11.44730106578255	0.0	0.0	
1.1250027932470559	6.746018190853121	0.0	0.0	
15.6736642253499	1.7937632768368523	0.0	0.0	
16.84220269069451	20.43615526621887	0.0	0.0	
9.764893215153176	13.069458046516601	0.0	0.0	
31.068592246654404	15.966402727524308	0.0	0.0	
5.826293837695989	3.6216508090670025	0.0	0.0	
30.939146736644524	28.049845670836845	0.0	0.0	
5.52171005727126	26.21681370895437	0.0	0.0	
29.61586292911421	22.14026101515121	0.0	0.0	
2.8001984087674217	17.125998487589506	0.0	0.0	
4.623137603703615	6.682667360702634	0.0	0.0	
10.60836748902522	20.75147144497118	0.0	0.0	
23.177416837348446	4.028175228211651	0.0	0.0	
5.418187879815413	31.256031855684466	0.0	0.0	
15.55095465412138	17.195856312538226	0.0	0.0	
28.47271580578355	0.11527611606429033	0.0	0.0	
21.32244646005085	18.86990297234612	0.0	0.0	
21.55555614708733	24.771161238231304	0.0	0.0	
21.279807058907124	10.422997323997492	0.0	0.0	
31.118082779199987	27.79948627395645	0.0	0.0	
12.05385677786115	27.868700257943853	0.0	0.0	
1.9916076488955028	29.43144655744569	0.0	0.0	
14.676375941394443	21.35882649492176	0.0	0.0	
9.011578703746245	23.145608482107107	0.0	0.0	
12.236069774613682	16.34562118067825	0.0	0.0	
28.233106197954818	18.80342725219381	0.0	0.0	
1.1943662908320398	5.9516950343495125	0.0	0.0	
4.759476453764972	3.293475703599526	0.0	0.0	
28.263794586829743	11.641922895392025	0.0	0.0	
7.307186888170023	13.620081886203078	0.0	0.0	
6.48450473132964	0.7335278498891711	0.0	0.0	
9.439182915034156	5.598353413896376	0.0	0.0	
17.506674257391758	8.072219915132688	0.0	0.0	
4.098247575873685	4.179427003090712	0.0	0.0	
29.763045650749458	17.676700211193253	0.0	0.0	
16.53130142260262	3.1604599256033765	0.0	0.0	
6.278812357590692	30.21064301848842	0.0	0.0	
25.784208876494528	5.557181688052669	0.0	0.0	
20.769252650577045	7.355222575417486	0.0	0.0	
0.7919902228948672	11.31829188277607	0.0	0.0	
26.360196712199027	8.395148260770252	0.0	0.0	
2.938919939940849	5.239276809778868	0.0	0.0	
6.442746563982837	5.339832731023172	0.0	0.0	
16.021856594835604	21.386339637968845	0.0	0.0	
4.615811166672604	10.469235134669898	0.0	0.0	
3.3053045439505517	21.092398118039927	0.0	0.0	
7.132273550774283	21.639961171807748	0.0	0.0	
14.04798500924014	19.784393368564277	0.0	0.0	
18.920514382043102	2.950287300596486	0.0	0.0	
0.08906816838939235	11.644380734822104	0.0	0.0	
5.544078948003065	23.364692324711687	0.0	0.0	
31.2623781614363	17.605815768993278	0.0	0.0	
19.267498197036407	10.0851674910128	0.0	0.0	
10.848590350840581	27.98168167441416	0.0	0.0	
3.4689594216483925	14.177033168846997	0.0	0.0	
1.1922953738126871	10.694951802268196	0.0	0.0	
11.575873760291351	13.577948303709963	0.0	0.0	
9.41694834172375	13.044262677454785	0.0	0.0	
28.927786323499074	22.726253782600782	0.0	0.0	
19.53463929846723	5.590506212953091	0.0	0.0	
24.79614831158083	18.995897822236138	0.0	0.0	
9.79294678417428	9.921952879116233	0.0	0.0	
7.906515864648153	8.748872920341672	0.0	0.0	
17.918368105883527	5.3814877831724175	0.0	0.0	
0.13551398115991375	11.886552633497477	0.0	0.0	
8.034299627525183	27.89219490268907	0.0	0.0	
31.902622738577627	24.943974454199004	0.0	0.0	
2.501559080103636	24.238004869795425	0.0	0.0	
14.198405109126284	24.05526549751782	0.0	0.0	
19.03772947318913	22.47245126521599	0.0	0.0	
10.346423259326382	9.263260308356418	0.0	0.0	
12.900396198960607	27.789568082758812	0.0	0.0	
24.990778336781677	19.156019342266088	0.0	0.0	
11.906157505968785	4.202721694877862	0.0	0.0	
14.367083733785417	2.380006008386882	0.0	0.0	
21.74220061249609	22.764615202895403	0.0	0.0	
0.37493328297938433	25.215121320025386	0.0	0.0	
24.525105192064622	23.768982756874387	0.0	0.0	
10.122085206296386	9.313688278980251	0.0	0.0	
0.8914408486836329	16.895400243927966	0.0	0.0	
31.922803480728774	19.895105146152858	0.0	0.0	
13.303930156121908	17.928315472434036	0.0	0.0	
5.46419412370803	30.56465558650208	0.0	0.0	
7.965148726786289	9.50288566393046	0.0	0.0	
17.41611356478053	2.684385362900752	0.0	0.0	
14.341285682979883	30.20054897035168	0.0	0.0	
4.99699369790968	31.240170053850335	0.0	0.0	
22.632293566202513	8.890537923544876	0.0	0.0	
25.95468002767895	25.81385403895524	0.0	0.0	
6.1154393188976925	27.983619532603107	0.0	0.0	
6.380164161860225	14.440102414670868	0.0	0.0	
8.944523281018881	5.152363502594284	0.0	0.0	
18.73630453792102	18.8244555747201	0.0	0.0	
14.2246840156287	28.023302293352085	0.0	0.0	
8.304354024935115	0.7548071313354399	0.0	0.0	
15.400911457477811	20.885890261068898	0.0	0.0	
22.229655772653253	0.5877583610863404	0.0	0.0	
25.349814707631545	15.095639997989295	0.0	0.0	
25.24705831214659	10.912200683347333	0.0	0.0	
26.357848108060548	11.7250620420016	0.0	0.0	
4.955701540114315	22.082234218493905	0.0	0.0	
24.900503958510445	27.35775627097249	0.0	0.0	
27.69789069676724	27.067235263726108	0.0	0.0	
4.688519511222616	13.378307256765574	0.0	0.0	
26.580948789812748	27.237494311969304	0.0	0.0	
0.580770527455396	10.632432127127117	0.0	0.0	
22.756420781739468	2.752957141587114	0.0	0.0	
19.735598905315737	29.6305621429634	0.0	0.0	
18.861167805036402	29.120752818674326	0.0	0.0	
12.693819674276973	20.84569178871104	0.0	0.0	
11.539896666615704	6.013972284785844	0.0	0.0	
0.22443574362300822	5.366092560960691	0.0	0.0	
22.45056226615474	8.408394707857163	0.0	0.0	
31.185442700193168	13.92999062442253	0.0	0.0	
9.520751297604779	21.090111115664723	0.0	0.0	
4.3009919037452065	0.8706024645808661	0.0	0.0	
