2
32.0	0.0	0.0	0.0	
0.0	32.0	0.0	0.0	
23.68433956439266	0.48389315005780276	0.0	0.0	
27.375406574283552	12.392503031360068	0.0	0.0	
31.784809423633334	11.462499336862429	0.0	0.0	
0.4594778412266187	4.10399789547624	0.0	0.0	
23.614440173326315	10.573272893581503	0.0	0.0	
7.3350228892288705	0.665809496295001	0.0	0.0	
11.103970002205056	11.401092745548482	0.0	0.0	
12.784545472622419	4.6831159057964555	0.0	0.0	
6.815312301826555	5.285577923726887	0.0	0.0	
26.474807578720938	22.342314481564546	0.0	0.0	
30.759598022312296	1.1143627489130878	0.0	0.0	
19.198005805663545	14.16568135990999	0.0	0.0	
30.288536827538458	21.41576295757124	0.0	0.0	
29.371513144999547	6.810905766823403	0.0	0.0	
22.281133230956517	7.812402188318384	0.0	0.0	
31.645476949240813	17.41803807682688	0.0	0.0	
25.869905336933947	31.738297338148016	0.0	0.0	
28.957353161951975	23.335528536551426	0.0	0.0	
31.072049822223544	10.356653857194946	0.0	0.0	
1.4668692869159123	7.215450811286754	0.0	0.0	
8.67763513228033	7.367509929776499	0.0	0.0	
24.982841142011175	28.14311783859755	0.0	0.0	
26.733377470318917	1.3714255712078902	0.0	0.0	
23.792997076459358	18.17301354742196	0.0	0.0	
5.09704628339232	30.50803488468703	0.0	0.0	
30.908662546479242	14.865025167801196	0.0	0.0	
6.265447616555967	15.532589898905858	0.0	0.0	
3.310087422177009	12.17389450587719	0.0	0.0	
14.996131802210769	21.687727161437376	0.0	0.0	
19.775370075431155	18.808835746897582	0.0	0.0	
9.967710922933502	5.224221621574731	0.0	0.0	
15.447884604737183	2.5967767968179203	0.0	0.0	
2.5781088472069236	11.232830521856858	0.0	0.0	
9.697811465847106	29.18711475949435	0.0	0.0	
19.73151371996694	2.574782319569678	0.0	0.0	
19.078837943700975	9.859177856765179	0.0	0.0	
1.366423099027564	3.2510127853311452	0.0	0.0	
6.246729509762247	18.960453542177408	0.0	0.0	
29.46065795563587	24.321901176953975	0.0	0.0	
25.686280398301538	5.947419946280878	0.0	0.0	
30.067850754544782	10.948283551744272	0.0	0.0	
13.576456573165473	2.412681430057706	0.0	0.0	
20.213444399103288	17.236005316117012	0.0	0.0	
17.49174504353712	25.107454334203492	0.0	0.0	
31.776013658534268	9.928163464862774	0.0	0.0	
6.516808829130266	19.145669042419225	0.0	0.0	
13.632793913422773	14.917229836773028	0.0	0.0	
19.772497970604174	0.596442933096192	0.0	0.0	
3.7554763973689482	27.829718345054733	0.0	0.0	
31.865157418746637	7.917055870542455	0.0	0.0	
24.85771181133932	27.36196115567901	0.0	0.0	
18.33242656986687	23.299776909820896	0.0	0.0	
29.597782347530583	5.343076127859067	0.0	0.0	
10.24342740126049	26.207286100050204	0.0	0.0	
29.135487310042635	1.508516366299343	0.0	0.0	
11.428681771766247	17.35079261549368	0.0	0.0	
18.15568241259734	4.436517865338857	0.0	0.0	
16.978787512345022	7.449129376685132	0.0	0.0	
12.720011864725684	22.905162646906724	0.0	0.0	
19.68017107170718	4.357691594546946	0.0	0.0	
14.207978471671765	8.237497035527412	0.0	0.0	
1.943002489304721	25.37435601577156	0.0	0.0	
7.738974475304843	11.024651881781509	0.0	0.0	
22.706325335887836	17.74555769191099	0.0	0.0	
24.633894338408037	5.227987082190236	0.0	0.0	
1.1377247531891292	9.470011725854857	0.0	0.0	
29.26950368396767	21.850843174865858	0.0	0.0	
11.335467258643003	22.01979124552036	0.0	0.0	
11.502769142923245	10.471586491770118	0.0	0.0	
16.00741830821991	2.0088832978850206	0.0	0.0	
6.667942718019326	0.4433555803973874	0.0	0.0	
15.931672963654314	6.063892482669996	0.0	0.0	
3.7135359290228998	28.68866315228869	0.0	0.0	
7.143708539791419	15.279944190160741	0.0	0.0	
12.220815325667125	25.21121391612404	0.0	0.0	
15.598292812047802	28.804252485648913	0.0	0.0	
19.68505320156667	12.503939910713466	0.0	0.0	
6.901212951437262	23.8868061152571	0.0	0.0	
3.9235025192097197	17.00339337487405	0.0	0.0	
21.300664867983496	22.307480866711057	0.0	0.0	
8.905523084485417	27.845701174319288	0.0	0.0	
21.265924070517276	20.960458026946984	0.0	0.0	
21.783345785722325	20.981194189010388	0.0	0.0	
4.652795653232431	11.985847572506596	0.0	0.0	
15.438607819246183	1.698359856337678	0.0	0.0	
23.65270510444653	30.148350996689356	0.0	0.0	
22.245057040823852	2.218854298425949	0.0	0.0	
7.532848425205639	0.44766123901694854	0.0	0.0	
10.883915653141187	8.254554540082179	0.0	0.0	
26.35895648850165	10.792979042950446	0.0	0.0	
15.870465815438909	18.23673393946002	0.0	0.0	
28.864877855370935	26.34824857454058	0.0	0.0	
4.2751887987688555	30.09301708975696	0.0	0.0	
28.377621525469795	7.482825954168749	0.0	0.0	
31.126698005277724	4.007817529510728	0.0	0.0	
24.83289697148624	26.01215400970091	0.0	0.0	
0.7062121030368651	23.947218926857552	0.0	0.0	
17.40558466918471	17.588683190353144	0.0	0.0	
7.735976733398061	24.66248010869428	0.0	0.0	
19.935320307215925	7.0874786503437655	0.0	0.0	
25.047374331146916	17.95288072339231	0.0	0.0	
20.71923270558559	17.508705228286306	0.0	0.0	
5.310190585035585	1.455195120423884	0.0	0.0	
26.509114609888872	22.927910897989644	0.0	0.0	
17.558691093117613	27.58008948123172	0.0	0.0	
9.69422578855447	20.44058262795534	0.0	0.0	
14.823841712183054	16.218918841171096	0.0	0.0	
0.343145696785605	10.041635270170275	0.0	0.0	
8.692556727638056	13.040659025049028	0.0	0.0	
6.3863206600626015	26.808149238806966	0.0	0.0	
4.599449095965529	13.146574008827681	0.0	0.0	
20.43656014539387	15.300761217788924	0.0	0.0	
16.791598581022363	13.480850449728493	0.0	0.0	
3.24427988887755	0.18602535154139233	0.0	0.0	
11.660790252722574	13.580910337899653	0.0	0.0	
17.990342944067717	17.925717240509567	0.0	0.0	
23.64304576836963	17.436636182198498	0.0	0.0	
30.33758225982885	25.92192504294915	0.0	0.0	
15.245747690915504	20.28358634243577	0.0	0.0	
3.722401581691976	9.659224592055658	0.0	0.0	
10.864596857996101	13.301096548074526	0.0	0.0	
20.600014448075374	5.646133783983817	0.0	0.0	
1.5192208020795768	31.962927469186116	0.0	0.0	
3.9756908307100467	10.405533580683915	0.0	0.0	
25.058602852381203	28.617653746190005	0.0	0.0	
16.35888482024721	25.191399381656556	0.0	0.0	
25.718357960468076	6.973709518773024	0.0	0.0	
1.4576126729331236	15.792512331306622	0.0	0.0	
21.796219822760158	18.31565960499827	0.0	0.0	
0.13416694744015345	5.812287119356814	0.0	0.0	
20.11083266756184	20.77487922433686	0.0	0.0	
29.640856810275945	8.611467837960301	0.0	0.0	
8.816788911406924	2.922547871820946	0.0	0.0	
6.229733618144483	12.99326253885851	0.0	0.0	
11.849439580971442	6.366066100908856	0.0	0.0	
20.85501571444113	10.274502078715134	0.0	0.0	
7.722676486002346	9.416839334746673	0.0	0.0	
19.45019858423295	25.0134343602274	0.0	0.0	
4.930161089865113	20.05308408737605	0.0	0.0	
27.10001937995063	31.199441825575832	0.0	0.0	
4.327523549826957	2.033936309246922	0.0	0.0	
29.51538676872483	21.29286467341493	0.0	0.0	
29.894401118585407	7.956725803362538	0.0	0.0	
0.10725489229687923	16.103492006083584	0.0	0.0	
17.96219830851004	14.48492695735748	0.0	0.0	
13.61587547871573	12.084315971093442	0.0	0.0	
24.6784748658953	30.933897670874273	0.0	0.0	
23.88162738427304	19.64619568741878	0.0	0.0	
8.64004236038788	22.404431394286014	0.0	0.0	
24.57209157724921	30.76997682726737	0.0	0.0	
18.202881738651833	31.76837950952604	0.0	0.0	
26.5903181931019	30.608381002530734	0.0	0.0	
15.871209899896215	18.581892103976788	0.0	0.0	
24.485339317034292	22.413862824028374	0.0	0.0	
30.70664597333885	0.07653799565598618	0.0	0.0	
26.906904537710826	4.114331858150003	0.0	0.0	
5.525414490740459	19.397267168115086	0.0	0.0	
27.57002737392513	13.565909599922612	0.0	0.0	
19.102746881825652	1.9606402261591498	0.0	0.0	
6.402524781891472	4.563457949320782	0.0	0.0	
30.431936326832705	21.04665630343852	0.0	0.0	
4.920756249299146	8.780825121155761	0.0	0.0	
23.037106202806214	5.868570014611063	0.0	0.0	
6.6751707258986634	13.459665907756094	0.0	0.0	
30.040200162200374	31.85174460278434	0.0	0.0	
12.690726463819939	16.46460515387754	0.0	0.0	
16.95714042693157	11.286499759093573	0.0	0.0	
8.969480382938485	18.190976325034622	0.0	0.0	
16.266048187891897	28.12778566364021	0.0	0.0	
2.92995038229407	20.512469965272384	0.0	0.0	
23.221289879764328	19.86311129436118	0.0	0.0	
21.06967832590267	30.14477470905791	0.0	0.0	
9.108009031087459	14.184117813893629	0.0	0.0	
3.665802406994761	16.456482981987605	0.0	0.0	
27.052135743421648	30.8493900137648	0.0	0.0	
15.244416544561648	22.495606639308363	0.0	0.0	
16.63880473108367	4.131985721614335	0.0	0.0	
26.18742375850287	15.992866101919223	0.0	0.0	
1.202583818191716	6.179656599743431	0.0	0.0	
22.709894758536894	30.730367672696307	0.0	0.0	
19.866736641004827	8.230943458085918	0.0	0.0	
2.322061767854141	9.643225576154109	0.0	0.0	
10.57634913253435	0.020176135636681636	0.0	0.0	
6.122861635937554	10.193381578731444	0.0	0.0	
1.3831058606593274	18.562665665586348	0.0	0.0	
6.691733015148191	31.1858320441129	0.0	0.0	
19.10206413103575	11.844432656778054	0.0	0.0	
30.332871905889935	24.555385014451122	0.0	0.0	
20.744853763524585	23.68925292167564	0.0	0.0	
10.845338946088805	24.711508099039712	0.0	0.0	
19.142661232943222	9.689452224321176	0.0	0.0	
23.206517424099655	2.371243924431898	0.0	0.0	
7.218139388125195	27.438192783807935	0.0	0.0	
2.2805042924792644	15.688845203473477	0.0	0.0	
27.930607133134156	24.922987134746812	0.0	0.0	
25.40104478335361	19.14766808705024	0.0	0.0	
13.36902609337809	3.1982665936653376	0.0	0.0	
7.28703233057821	8.90103471774546	0.0	0.0	
2.580821383989715	29.206973235552763	0.0	0.0	
3.830871972109893	0.3509893988249182	0.0	0.0	
0.9777585142407226	13.42439603626168	0.0	0.0	
24.069104910871392	2.6100227607453377	0.0	0.0	
15.121522608228428	2.5515224068273312	0.0	0.0	
25.05627214377189	8.904212492648533	0.0	0.0	
19.868157377946115	14.080794106353515	0.0	0.0	
6.701625074924586	3.9116290360674775	0.0	0.0	
9.703280451532223	18.587060384949016	0.0	0.0	
18.711178094624543	3.881406141924103	0.0	0.0	
19.77407935063988	25.97269295843114	0.0	0.0	
26.592882981278226	25.8175410886531	0.0	0.0	
28.524172738753833	8.25499585199854	0.0	0.0	
19.442767418508033	4.022498792194366	0.0	0.0	
11.626701893607567	19.200862380893415	0.0	0.0	
22.0436933433236	4.2192086902514205	0.0	0.0	
26.12871257818949	18.805872451954965	0.0	0.0	
0.5099624847952171	10.155053661559194	0.0	0.0	
22.00131109854584	2.510928623984217	0.0	0.0	
9.129806405558408	20.003047534434835	0.0	0.0	
16.053028491583888	0.5467165104075704	0.0	0.0	
29.386724979860976	29.59677686952113	0.0	0.0	
15.556183664156517	13.477660876523451	0.0	0.0	
21.276646223194753	31.28245172300055	0.0	0.0	
21.82582416473263	28.41016312039879	0.0	0.0	
11.352127976230364	17.38289194704172	0.0	0.0	
21.854322014323714	3.10328833635889	0.0	0.0	
29.531063899656644	19.028259431376224	0.0	0.0	
18.78194501329775	24.37716669679344	0.0	0.0	
15.52808128281697	30.44926688870948	0.0	0.0	
9.18793844690856	22.729852583859838	0.0	0.0	
29.149813198306763	19.7404611948997	0.0	0.0	
5.888234681440533	27.802981567455372	0.0	0.0	
1.2666358183151267	9.959492677574488	0.0	0.0	
21.99622563930095	11.503863802446713	0.0	0.0	
0.6639292261304881	2.4181534751635816	0.0	0.0	
25.988350400727818	2.4854548854022696	0.0	0.0	
10.435701850510576	27.554956266049235	0.0	0.0	
13.89004690531739	18.39011366091444	0.0	0.0	
4.275398265668404	22.8258965874055	0.0	0.0	
1.3037685374086152	15.377489132186348	0.0	0.0	
6.4299559631786884	20.672131331835473	0.0	0.0	
4.946779609614417	29.255285223603696	0.0	0.0	
0.37969829358299734	2.1970921314919707	0.0	0.0	
27.986197519019917	8.309891547891802	0.0	0.0	
6.027425341328119	23.43685669204267	0.0	0.0	
13.20926621033015	20.2716716167631	0.0	0.0	
2.970180901059692	7.921697235523212	0.0	0.0	
6.686121207463671	8.24960248231432	0.0	0.0	
22.7970987662905	24.651184854494947	0.0	0.0	
7.349586436594521	12.926014902113963	0.0	0.0	
16.240475090545598	4.897865844821869	0.0	0.0	
27.874091630328714	22.583569663212746	0.0	0.0	
18.90037989345059	30.746138008643243	0.0	0.0	
12.68780026099732	25.25771119042755	0.0	0.0	
19.975878658321744	0.7432920218283421	0.0	0.0	
14.322828422033098	28.77832636245015	0.0	0.0	
15.38605671605659	21.709612576878495	0.0	0.0	
28.215413053998077	31.700418917804477	0.0	0.0	
21.64636005751408	2.5354292651633585	0.0	0.0	
13.576287465922636	22.595833265121115	0.0	0.0	
19.222722511621946	21.09836075439644	0.0	0.0	
23.505727596126835	29.25767559842749	0.0	0.0	
10.793514347418729	16.58696859630801	0.0	0.0	
10.575741282733063	21.086001433793815	0.0	0.0	
6.425292282550899	13.222133676271369	0.0	0.0	
1.9327888381275535	9.232010297588381	0.0	0.0	
21.364414316529846	23.72967917194178	0.0	0.0	
19.341863008654162	29.51138625449338	0.0	0.0	
11.127264991342614	16.449418833707433	0.0	0.0	
24.938098656044623	26.797847573081306	0.0	0.0	
26.43831223130788	1.5960891278237952	0.0	0.0	
26.15207837583301	10.148471628286394	0.0	0.0	
8.396562978038908	9.858915214081538	0.0	0.0	
8.981748931258522	5.812416662624891	0.0	0.0	
8.537027217737936	9.32739343455443	0.0	0.0	
4.5904508911027335	14.878002434600464	0.0	0.0	
23.78474142080242	27.30402316303102	0.0	0.0	
27.052679780142896	26.564327526491297	0.0	0.0	
22.34568596594489	26.976122028550588	0.0	0.0	
30.77908160598403	3.949806899933975	0.0	0.0	
17.47738489835935	19.371829212016813	0.0	0.0	
2.3342740934631827	0.11359580925171286	0.0	0.0	
8.50999547839719	3.0206684872004317	0.0	0.0	
7.113850926444648	20.774131691148856	0.0	0.0	
9.533152986471698	28.056649153832275	0.0	0.0	
25.090512198730917	9.131544787191917	0.0	0.0	
8.379655113333815	31.150375485342913	0.0	0.0	
28.860909240400385	9.486527480599229	0.0	0.0	
29.741886072794617	31.464197245663026	0.0	0.0	
14.223614469953642	30.725183575623422	0.0	0.0	
27.276441630154068	8.226812331803181	0.0	0.0	
2.0098302957314154	2.411164229645234	0.0	0.0	
19.43104442727014	1.7594741312100588	0.0	0.0	
18.376382343932836	28.184413674631475	0.0	0.0	
29.672598441085057	26.645856092466236	0.0	0.0	
22.243181259639204	20.96215809300905	0.0	0.0	
16.960751347629362	24.544234683584072	0.0	0.0	
9.46141095176272	24.803233061815902	0.0	0.0	
16.992773819156707	18.713936933991317	0.0	0.0	
17.953271778401703	9.221206175758223	0.0	0.0	
30.10253947027037	27.324309019312615	0.0	0.0	
10.53817240885271	21.661616091902278	0.0	0.0	
13.365128718962517	8.930444711595602	0.0	0.0	
1.0079764227411694	24.83552880375903	0.0	0.0	
2.8867885840658225	23.55896841841003	0.0	0.0	
11.96988045370189	23.528516609020066	0.0	0.0	
5.708413647309342	18.213933647201774	0.0	0.0	
14.764034406211703	24.51529093612457	0.0	0.0	
17.760748494033283	18.65946748490293	0.0	0.0	
0.9547749764906079	26.171630936245002	0.0	0.0	
5.685726458335612	1.839320889719822	0.0	0.0	
24.975664244671645	28.387067028385054	0.0	0.0	
3.9889191302214826	16.54579260307217	0.0	0.0	
17.439195513145165	11.471738596327224	0.0	0.0	
13.819153543121402	17.602687292679768	0.0	0.0	
9.271568106612449	13.82310614581045	0.0	0.0	
3.882658515256704	24.3075114438754	0.0	0.0	
15.731115689097582	12.181918587701215	0.0	0.0	
30.54668362879969	20.44387667725836	0.0	0.0	
9.249623242513895	6.675475780605883	0.0	0.0	
11.215861548905721	3.18111531444816	0.0	0.0	
23.42038095533942	18.37157490635197	0.0	0.0	
24.456522174084498	22.39011014510316	0.0	0.0	
15.813668001155111	6.167210140080108	0.0	0.0	
26.500426481132433	14.925672156934986	0.0	0.0	
22.995257387571893	4.0471509388821225	0.0	0.0	
17.439982018564876	16.926239881898873	0.0	0.0	
7.1150469840705455	2.8931393133594767	0.0	0.0	
11.83746456386762	0.25441515492258304	0.0	0.0	
0.03350634479779302	30.428684701917536	0.0	0.0	
3.3876316466544196	11.490217245036959	0.0	0.0	
7.520861448979055	30.399406889976238	0.0	0.0	
0.9023887451898389	24.15783107186588	0.0	0.0	
20.97521149795751	13.28090815724584	0.0	0.0	
23.572982103026106	19.248680964557707	0.0	0.0	
10.974781141589588	0.6677946342148715	0.0	0.0	
24.669043864196546	26.403661875487522	0.0	0.0	
23.813617911703034	22.623153649208106	0.0	0.0	
23.51883505857843	25.36035383445087	0.0	0.0	
1.9440854700808714	7.229588731224368	0.0	0.0	
20.55841357941924	30.58799223226675	0.0	0.0	
24.837121950268127	28.614890598085214	0.0	0.0	
2.9815530383357434	21.928773450300525	0.0	0.0	
1.3861653598451689	19.422390309711	0.0	0.0	
19.003362059519624	0.7105525577350669	0.0	0.0	
28.279250001321753	23.945188449283478	0.0	0.0	
0.23710515563536205	28.174486437675704	0.0	0.0	
18.623347369349105	30.61048478265097	0.0	0.0	
24.605824380560346	14.483330781928021	0.0	0.0	
10.50047509393482	17.871812474158908	0.0	0.0	
18.081813503624456	20.82615811036599	0.0	0.0	
5.812543425241596	9.642165073618244	0.0	0.0	
31.965186627142586	19.617486262814054	0.0	0.0	
27.02230998793216	25.322784654004785	0.0	0.0	
11.602615410358432	24.30307850369802	0.0	0.0	
31.65858463979896	5.322170253605787	0.0	0.0	
6.416961831066974	14.439613734921522	0.0	0.0	
28.84054979050021	20.191085600072324	0.0	0.0	
29.76082022265726	21.24722098839811	0.0	0.0	
16.246786852235527	11.243611183953	0.0	0.0	
0.07011567594556922	20.554950439357963	0.0	0.0	
17.804201972594413	23.319831610730702	0.0	0.0	
13.605392960055529	24.482518553747568	0.0	0.0	
15.090198503110216	3.715276296497912	0.0	0.0	
25.093879199174488	18.336534137924055	0.0	0.0	
11.55023276045737	30.935684717661832	0.0	0.0	
15.097907904124213	31.72153225992743	0.0	0.0	
6.074413982251794	17.360692566406136	0.0	0.0	
2.8696565755597696	27.40815489032048	0.0	0.0	
1.7467167752117554	31.461243671887168	0.0	0.0	
19.51071315897046	15.635584402111764	0.0	0.0	
0.372653571060372	24.27870134982357	0.0	0.0	
2.07701714367931	28.398519202959935	0.0	0.0	
22.533450900857996	20.136205257433275	0.0	0.0	
20.309449627642167	13.837062256225689	0.0	0.0	
9.548230232095086	29.245751672230366	0.0	0.0	
10.638064048386976	15.720584361861007	0.0	0.0	
15.298770088017424	27.246480888990728	0.0	0.0	
15.736096329875139	1.3970934853251507	0.0	0.0	
23.362379894550198	18.727098719685955	0.0	0.0	
20.5465362968532	2.594078185788483	0.0	0.0	
17.733957006842534	5.6917646257675685	0.0	0.0	
9.880665000791176	0.23118137835609787	0.0	0.0	
23.416511074572885	5.035815072620029	0.0	0.0	
19.296552389410223	18.652670402247225	0.0	0.0	
14.111372772348712	11.990198028476367	0.0	0.0	
18.557568802492824	6.693005578442865	0.0	0.0	
2.8023281855548525	13.365511280662936	0.0	0.0	
3.9097985870428076	4.962944561807706	0.0	0.0	
15.235552098882774	22.287726538043763	0.0	0.0	
2.78676412498492	7.784327155793772	0.0	0.0	
5.150944277148383	7.333485297501586	0.0	0.0	
23.907675933444214	15.98926550563958	0.0	0.0	
17.259122809214666	25.937879378802972	0.0	0.0	
10.343204916118278	24.7481129104217	0.0	0.0	
22.624790301135487	31.527575554602862	0.0	0.0	
26.57725091840283	18.486106892828673	0.0	0.0	
27.975820798522363	6.038749944094906	0.0	0.0	
3.9046927788725974	9.319130384418283	0.0	0.0	
16.400903950315417	14.117704154355547	0.0	0.0	
28.297146106311054	5.59294507373172	0.0	0.0	
17.86488731472552	28.3117146208322	0.0	0.0	
9.23199352901769	1.334378071373596	0.0	0.0	
30.62758227995944	14.902378698576744	0.0	0.0	
9.548269257054027	19.559784118569578	0.0	0.0	
24.573712077833115	18.700700795435054	0.0	0.0	
15.97426999002171	26.95097359433745	0.0	0.0	
27.105193486432906	12.477375811527992	0.0	0.0	
29.212572075019313	27.703622452762485	0.0	0.0	
10.719237964692415	2.1253963443530424	0.0	0.0	
5.7264479968139455	29.269941535469084	0.0	0.0	
23.296212414758138	22.96828882556063	0.0	0.0	
21.653019337546258	1.0822196540232056	0.0	0.0	
7.032129268429674	26.0162319533196	0.0	0.0	
4.129869936503567	1.7040772188390747	0.0	0.0	
0.8711008099424333	30.62137442355571	0.0	0.0	
30.75475660036733	24.64073816526488	0.0	0.0	
5.214857393135702	18.0252382163192	0.0	0.0	
5.532957734890928	29.156232448313787	0.0	0.0	
21.525339576365973	30.86819804057637	0.0	0.0	
4.435917932748485	10.27412362177488	0.0	0.0	
28.582687281367757	16.385924497772418	0.0	0.0	
20.674004555942002	29.299293148908006	0.0	0.0	
23.009889719945928	30.779901364234306	0.0	0.0	
29.987167561578296	6.476010667533874	0.0	0.0	
24.15687226878104	2.858162346349996	0.0	0.0	
14.906160431847571	8.650282397809868	0.0	0.0	
29.868553308941713	27.847713130858967	0.0	0.0	
10.570105996761864	10.02080118769744	0.0	0.0	
31.275931846181887	15.030618211380926	0.0	0.0	
0.687217259606836	9.272349341681114	0.0	0.0	
13.32221403254107	3.253854239391643	0.0	0.0	
22.706452026917855	21.79186807042306	0.0	0.0	
1.8303932696388792	14.418668707444947	0.0	0.0	
3.2067473427795647	27.133858296760597	0.0	0.0	
18.850199524597087	10.81289814391613	0.0	0.0	
23.084984034873735	17.891264502342654	0.0	0.0	
17.181580764598102	15.167885367504933	0.0	0.0	
24.03760428425207	31.131128642274557	0.0	0.0	
9.235358582177035	3.0164316324295974	0.0	0.0	
11.72560613295185	1.2921901131121025	0.0	0.0	
23.07692839197426	1.2485481859918366	0.0	0.0	
17.992108639846315	28.556066205193044	0.0	0.0	
2.8682436499924897	21.049795340631217	0.0	0.0	
6.921373647388762	31.553947530073284	0.0	0.0	
6.606981517756676	27.655098708409124	0.0	0.0	
8.492593449743666	5.561136622606913	0.0	0.0	
8.982273950786176	21.59690085473967	0.0	0.0	
8.316373362994405	7.161872531001595	0.0	0.0	
20.2795042616798	28.51327752664734	0.0	0.0	
20.996710741749997	21.432936364634585	0.0	0.0	
10.241307669751777	30.562479722494757	0.0	0.0	
17.27934928961998	24.74169169672082	0.0	0.0	
20.00533877487788	10.457517174315942	0.0	0.0	
19.639183051131287	26.924692356425464	0.0	0.0	
12.202121907487289	7.051886118581926	0.0	0.0	
24.758957363459093	4.375672486161818	0.0	0.0	
0.3165989506491371	1.3249779289604255	0.0	0.0	
0.7326712155849826	11.784665620821926	0.0	0.0	
5.858473519257572	22.55554434635278	0.0	0.0	
31.842308390859362	18.696530172843396	0.0	0.0	
19.25213066654448	2.635695979729654	0.0	0.0	
19.311298718122302	25.19866973376568	0.0	0.0	
24.91589697280268	23.368389380576897	0.0	0.0	
9.18466365281133	28.06822757318065	0.0	0.0	
2.8900661205221496	21.717089729373996	0.0	0.0	
22.588854726823623	28.73566734514389	0.0	0.0	
25.292195421954375	18.329018534704513	0.0	0.0	
28.54657410090066	22.767363184364054	0.0	0.0	
1.781127379742557	2.8576098704496005	0.0	0.0	
24.697926469838585	1.50564446931552	0.0	0.0	
5.93466105269642	11.81946571605624	0.0	0.0	
26.1177797605936	24.113945609650134	0.0	0.0	
8.855979586806605	8.233602616750861	0.0	0.0	
11.84654520811971	0.9601319217804267	0.0	0.0	
1.4014923306293738	18.54347568285672	0.0	0.0	
18.01964507705029	26.60621155555212	0.0	0.0	
14.197210199531167	28.255323429754377	0.0	0.0	
2.6867440723210407	12.054907919889509	0.0	0.0	
10.231471120703596	27.41405734941449	0.0	0.0	
3.330708227783944	6.587084183809033	0.0	0.0	
16.456314836601837	29.05215484291065	0.0	0.0	
18.773211809954205	15.22120797572131	0.0	0.0	
19.808509889084153	18.52788015331641	0.0	0.0	
15.625679530306648	13.62668814852059	0.0	0.0	
0.4225988907655207	4.915051264338988	0.0	0.0	
19.601355527797214	7.7963244645139405	0.0	0.0	
3.995558499013274	8.143105302267667	0.0	0.0	
12.27847641428983	11.022973721728704	0.0	0.0	
29.189462661138812	12.55865530206507	0.0	0.0	
0.9724569215795071	19.922108662747938	0.0	0.0	
9.92407792866096	10.648413301547297	0.0	0.0	
28.43809193309809	16.24616528612157	0.0	0.0	
4.446455740560712	24.608397633764184	0.0	0.0	
8.800864531732486	18.876440276878466	0.0	0.0	
29.005746575339938	16.09377721682604	0.0	0.0	
19.709618845145403	19.935388864121055	0.0	0.0	
16.06028060410942	2.2778918495066627	0.0	0.0	
14.820278602708644	31.294894160969292	0.0	0.0	
21.813721856232004	26.265875783866942	0.0	0.0	
8.922756485618816	6.840155500044421	0.0	0.0	
27.999767309290455	31.454078073243412	0.0	0.0	
23.39558892605656	8.7643559531077	0.0	0.0	
21.18305909979328	26.52883401193168	0.0	0.0	
16.249607420346102	0.7804328940526339	0.0	0.0	
31.767489453008185	7.846731395657585	0.0	0.0	
12.6741633903194	23.276026271873366	0.0	0.0	
11.938103205881294	31.72474620868693	0.0	0.0	
29.991689045232324	18.720548809190117	0.0	0.0	
4.5953598078582125	30.257343818333887	0.0	0.0	
3.384842697532651	13.51586025866337	0.0	0.0	
13.099823951566535	31.384780903041094	0.0	0.0	
14.387048056398747	29.88091627874916	0.0	0.0	
29.650854494777626	11.264199102556262	0.0	0.0	
15.51221220969185	22.923525249772165	0.0	0.0	
16.294081800870252	0.4434880759113078	0.0	0.0	
22.359023483563366	20.689546467679207	0.0	0.0	
9.961605651331961	21.45256441390753	0.0	0.0	
9.837902564002974	30.216186267216095	0.0	0.0	
27.37952389088328	31.018253005682553	0.0	0.0	
3.3759670922993124	29.635618327315772	0.0	0.0	
24.711198473898754	18.532260772769114	0.0	0.0	
13.988622670625112	16.196249779280418	0.0	0.0	
16.957620209941645	4.12388204542977	0.0	0.0	
7.417067956320913	19.74532952793623	0.0	0.0	
20.19934291349598	21.20539031212718	0.0	0.0	
5.68557634480171	7.662715623832948	0.0	0.0	
13.586222257362188	0.3609323974720624	0.0	0.0	
24.853343705742706	10.128482355609933	0.0	0.0	
23.40747262972628	1.5920007516065304	0.0	0.0	
17.375842657743174	17.763578009997953	0.0	0.0	
5.709170315388956	18.783728074780516	0.0	0.0	
17.032168019926065	13.581828828087733	0.0	0.0	
28.866023453399567	10.812580165225825	0.0	0.0	
18.786758752910035	3.241670879226813	0.0	0.0	
31.121021154672032	3.9969061882657115	0.0	0.0	
20.186976391382185	9.56849032056439	0.0	0.0	
6.882913415294425	21.746260669053683	0.0	0.0	
16.860718517499432	29.322286137614544	0.0	0.0	
5.240622224187778	28.850118236228496	0.0	0.0	
29.088842781320732	7.437293942537583	0.0	0.0	
15.46380118588003	13.585158043856975	0.0	0.0	
2.766292891904442	12.950014381975514	0.0	0.0	
26.37630357022865	26.901739750697825	0.0	0.0	
22.026442197444634	21.224127119923303	0.0	0.0	
17.31747762306905	16.42646111288524	0.0	0.0	
16.162321126056288	24.357111610024653	0.0	0.0	
20.9526647284359	4.027457620140481	0.0	0.0	
18.48550314104618	25.2690785920656	0.0	0.0	
5.789777301518267	12.050867561571529	0.0	0.0	
18.601320221436367	22.11205986490548	0.0	0.0	
0.5622641021805102	5.536157824503643	0.0	0.0	
0.48538034172536726	0.6907274305980948	0.0	0.0	
21.530831343319946	25.4884118875809	0.0	0.0	
12.831790715659057	23.026794494300887	0.0	0.0	
13.371801602529537	30.895790652080127	0.0	0.0	
18.516937121797614	9.26248246470919	0.0	0.0	
9.21646846966786	24.874706975267124	0.0	0.0	
3.7309397584732586	18.953357448188264	0.0	0.0	
5.338036610464815	21.84092826407213	0.0	0.0	
31.343459719571573	22.222611284391935	0.0	0.0	
1.0758530420067132	15.882898148277324	0.0	0.0	
11.577980248342921	9.986105382404123	0.0	0.0	
20.22264558008239	17.01867571022849	0.0	0.0	
5.72170909095184	9.145170839133698	0.0	0.0	
17.18835901472518	5.649181151971142	0.0	0.0	
31.9622686668982	26.775385774769127	0.0	0.0	
27.361708516783604	2.211716292951131	0.0	0.0	
25.659303372721688	25.307874033178617	0.0	0.0	
10.678625936159289	27.34336244064434	0.0	0.0	
0.5682959421033544	2.4794474041271393	0.0	0.0	
25.751294060605712	5.125496159032153	0.0	0.0	
0.9594291130070047	9.596726468647443	0.0	0.0	
25.056248087432433	4.3609289751546605	0.0	0.0	
23.906724308882506	1.580187366144429	0.0	0.0	
22.506132863467585	8.697432286604535	0.0	0.0	
8.198216594917614	2.665505425016981	0.0	0.0	
9.136007046905476	2.433656189037009	0.0	0.0	
4.105399418203774	15.704630063970896	0.0	0.0	
19.550460002902458	10.638662488943531	0.0	0.0	
17.605824896546086	14.659214351738314	0.0	0.0	
7.3541554913942875	28.74256752362432	0.0	0.0	
9.619263977069	10.205632356954997	0.0	0.0	
8.75878036686888	6.874388890553693	0.0	0.0	
1.9537901679715581	28.800023761160976	0.0	0.0	
13.040115654247963	28.166174560569914	0.0	0.0	
3.539214914427461	21.134104028462854	0.0	0.0	
20.68800005422959	26.49125086338452	0.0	0.0	
19.21106641956315	5.483978787074861	0.0	0.0	
6.635182831923238	9.128158896919388	0.0	0.0	
1.8460381578633687	10.90776838953374	0.0	0.0	
22.06283754354769	12.214515723437056	0.0	0.0	
16.796735126798655	24.665673130479405	0.0	0.0	
16.1017075074951	26.542298522709164	0.0	0.0	
22.978009566764353	8.351926015850957	0.0	0.0	
16.45325387294785	22.06884513598033	0.0	0.0	
5.431785285630269	28.616830543810817	0.0	0.0	
5.1741893828884145	4.353809443227409	0.0	0.0	
3.27688409995854	24.559451157538973	0.0	0.0	
2.3991712734748383	18.363948195611705	0.0	0.0	
23.973193933282545	6.511889927844479	0.0	0.0	
24.555879675777074	6.608925740578222	0.0	0.0	
10.120557535287364	30.44693564342451	0.0	0.0	
4.170865783476348	27.014326828033127	0.0	0.0	
17.113731240683943	27.41077266461678	0.0	0.0	
1.3510036526367024	26.18672528780416	0.0	0.0	
27.193392374155682	19.47992777593296	0.0	0.0	
23.388512070201557	23.904851541239516	0.0	0.0	
22.599158013956178	21.487535089086343	0.0	0.0	
10.522316463943575	30.183359863872962	0.0	0.0	
25.963466810366572	3.2208336603596344	0.0	0.0	
3.2992356499769286	29.955233014520182	0.0	0.0	
11.602560032759666	22.94667208717194	0.0	0.0	
20.025589550872535	29.86292782403556	0.0	0.0	
21.535021433964484	19.574137225154086	0.0	0.0	
15.458416946154603	1.62685458037123	0.0	0.0	
20.255124368208737	1.589865472033221	0.0	0.0	
12.00216712019719	6.268143066840473	0.0	0.0	
16.49657809351859	5.742226372562264	0.0	0.0	
1.8760269851567735	21.686933109081927	0.0	0.0	
31.809653247153786	0.9146431897793583	0.0	0.0	
1.6119394816701806	3.8697707186298693	0.0	0.0	
1.7636715590670988	16.162953700880223	0.0	0.0	
7.08240225583415	19.14873056449835	0.0	0.0	
17.754093856461857	4.70062792247856	0.0	0.0	
10.734561242490205	5.388234745609914	0.0	0.0	
27.985735851342735	18.70724291227373	0.0	0.0	
17.14837119693864	23.589383995182537	0.0	0.0	
28.976500080594143	8.973092978822887	0.0	0.0	
0.49643986435591714	8.377622461277028	0.0	0.0	
12.74708586345588	11.103450889467371	0.0	0.0	
20.932889160148587	22.396474786277203	0.0	0.0	
0.025623739724032646	6.642706621056288	0.0	0.0	
12.696607537166688	25.017547646316885	0.0	0.0	
0.09081331336911447	17.60878160858394	0.0	0.0	
25.12539557332147	23.68832901852179	0.0	0.0	
1.2782950728004607	2.555696172753219	0.0	0.0	
7.243453130164649	1.4142665320050334	0.0	0.0	
19.039356908919014	0.5695862216090681	0.0	0.0	
9.378838220034059	8.422774616494838	0.0	0.0	
15.159894447056928	7.156198004520956	0.0	0.0	
25.377539617630788	17.641645976615997	0.0	0.0	
25.18208876717515	8.736224937856267	0.0	0.0	
22.16937978334343	17.035639842570557	0.0	0.0	
24.11476733979882	4.381427751859171	0.0	0.0	
13.343811532655408	3.681541214350709	0.0	0.0	
9.33377574003378	21.529805392508084	0.0	0.0	
21.465548790223515	23.961331291113037	0.0	0.0	
23.04722423688147	0.09016798459159858	0.0	0.0	
23.75333081482516	27.13795912141498	0.0	0.0	
31.804193931904127	29.922749155037295	0.0	0.0	
9.843853197753798	20.992385230810246	0.0	0.0	
11.955539472622952	28.617420582122595	0.0	0.0	
5.787306524821524	13.292371812458189	0.0	0.0	
6.402400398299502	4.548558985349608	0.0	0.0	
22.53092757046095	1.0264446880581204	0.0	0.0	
3.594970074140466	11.864106127207613	0.0	0.0	
17.607395044436483	17.51834954732638	0.0	0.0	
10.929276271511828	10.94660472181192	0.0	0.0	
30.077735566613754	21.8836752788361	0.0	0.0	
22.20381831197491	11.210215784951764	0.0	0.0	
13.222654525071942	14.679596352523937	0.0	0.0	
13.403568723550155	8.633625816040137	0.0	0.0	
26.752959739886542	21.613980793901217	0.0	0.0	
4.6425572221203915	26.091729050876232	0.0	0.0	
27.804057181164538	3.429698879009287	0.0	0.0	
24.01847754226934	24.588405135112417	0.0	0.0	
29.16743724621263	27.73756966044872	0.0	0.0	
3.2091095257808746	20.465391524985797	0.0	0.0	
25.159211032538543	27.594473084236174	0.0	0.0	
14.852841655391913	16.43979560713404	0.0	0.0	
20.54447316787505	6.080200836836877	0.0	0.0	
22.275172789091	18.489454059350212	0.0	0.0	
15.847203643442143	31.39517134492779	0.0	0.0	
15.47705578077909	5.553041376999225	0.0	0.0	
28.265951573899716	5.899868634803191	0.0	0.0	
20.44615848978075	20.566671875755997	0.0	0.0	
19.24495678214195	20.771759212823937	0.0	0.0	
24.989420689714365	26.36244992240678	0.0	0.0	
15.09252000878016	6.161274951007712	0.0	0.0	
0.4036608518709244	12.544767238938476	0.0	0.0	
17.731372701543354	3.381513258727793	0.0	0.0	
0.43017893983645905	11.90540554680944	0.0	0.0	
10.944818683906433	13.541335988786624	0.0	0.0	
10.817585010383649	25.5768327979927	0.0	0.0	
15.258736159151447	21.970055546425478	0.0	0.0	
16.221386917070955	28.50456635039586	0.0	0.0	
25.39223184860148	7.018046809586018	0.0	0.0	
1.2488323221105233	31.017790219736877	0.0	0.0	
13.332744446207844	31.555265346322354	0.0	0.0	
21.98732873909809	24.353592684974593	0.0	0.0	
21.193412459043902	13.118224625082913	0.0	0.0	
4.074435769580216	23.163511515975035	0.0	0.0	
25.165770612603005	22.882610691037367	0.0	0.0	
5.71462296725921	22.68232784961467	0.0	0.0	
17.52923387728632	0.22573245639218698	0.0	0.0	
31.14020831973046	22.413709614942267	0.0	0.0	
0.4789301405246462	9.178586934194708	0.0	0.0	
24.32234593433936	17.030564590972062	0.0	0.0	
9.435188029778523	22.068303055008283	0.0	0.0	
18.716737433475625	13.581737613696284	0.0	0.0	
19.143573392014204	4.644160093919144	0.0	0.0	
20.196169840560884	11.201697228132065	0.0	0.0	
21.358715169621448	24.28563675769604	0.0	0.0	
6.825605195832438	11.421874037815513	0.0	0.0	
0.7762159093514498	27.17657450978961	0.0	0.0	
17.192285409202352	18.89448398414704	0.0	0.0	
15.966597339222613	11.59855214025933	0.0	0.0	
24.93221705058984	31.49389671839979	0.0	0.0	
22.244706772429684	7.416944939543637	0.0	0.0	
19.30492201274428	6.966281413300102	0.0	0.0	
9.182553374145428	30.93584242415029	0.0	0.0	
30.14660953123097	13.800676670793202	0.0	0.0	
14.341873048534048	27.532861417134196	0.0	0.0	
3.815540212175925	21.87132300452577	0.0	0.0	
21.21857747624712	16.932116854993232	0.0	0.0	
2.2166324724501116	0.4968516195803012	0.0	0.0	
21.86870424695415	21.508851869182397	0.0	0.0	
22.17182937973049	7.330080561777756	0.0	0.0	
10.562949343198444	28.45607527018018	0.0	0.0	
7.855736430249191	10.723334548639265	0.0	0.0	
30.906376224665735	27.26873811945965	0.0	0.0	
3.1493964829905217	7.818851444506976	0.0	0.0	
18.429351617222537	2.3535517343465138	0.0	0.0	
15.0980448396223	19.808733988042174	0.0	0.0	
31.79921949578624	25.986385209066434	0.0	0.0	
13.391505221703142	11.288004833118308	0.0	0.0	
16.95628907747661	28.723424882214214	0.0	0.0	
9.245596718650223	22.84948229938904	0.0	0.0	
28.165832246896656	31.26984374926824	0.0	0.0	
17.548463221073003	16.35276344670037	0.0	0.0	
13.468935105445347	2.078935029910525	0.0	0.0	
6.14751396475188	25.497394963193553	0.0	0.0	
24.71014124424046	7.037631516901243	0.0	0.0	
21.852370897936904	13.307888545790806	0.0	0.0	
6.6507585861340175	0.015270978523709289	0.0	0.0	
4.699705110288562	31.891419028126595	0.0	0.0	
17.435744482870753	1.1035978533381332	0.0	0.0	
31.034753296524	24.764749912534615	0.0	0.0	
16.083241912721554	24.432946723013522	0.0	0.0	
22.270772882919324	0.0784684377224707	0.0	0.0	
4.774825473713374	3.8218805350044143	0.0	0.0	
4.282772143111924	31.888389930462743	0.0	0.0	
6.694523014945123	11.106875986570373	0.0	0.0	
20.85318693717077	29.207732015677283	0.0	0.0	
31.80101687869063	12.854236376631128	0.0	0.0	
24.55101316653207	29.972089842393835	0.0	0.0	
1.7359317755448167	11.289618277324116	0.0	0.0	
20.456346599425448	27.640859267792884	0.0	0.0	
3.2431205389466697	3.045271389216598	0.0	0.0	
5.4217259374484925	9.761514278070585	0.0	0.0	
25.918332024619357	26.725515777727516	0.0	0.0	
23.15525674332595	10.019770699150179	0.0	0.0	
6.3648870280011955	15.580381218343483	0.0	0.0	
24.27867401562485	22.636347168064034	0.0	0.0	
17.292955833369085	29.54909472354147	0.0	0.0	
24.962101557291913	0.376969286724524	0.0	0.0	
23.241359578028213	11.3862894457836	0.0	0.0	
31.535820312222192	21.72064523162853	0.0	0.0	
28.760443096757815	8.123525403431703	0.0	0.0	
7.631962036724026	19.97027820455989	0.0	0.0	
8.745805805645745	16.945304330631885	0.0	0.0	
10.860999346972292	8.713352807579511	0.0	0.0	
0.13476904333492712	27.687953780983403	0.0	0.0	
27.503525362787272	0.875761972555992	0.0	0.0	
22.43237679515371	14.150344651254219	0.0	0.0	
3.906823503784672	10.224367248950355	0.0	0.0	
24.93232983632625	31.00315107004902	0.0	0.0	
25.15908916971797	24.82513165396253	0.0	0.0	
7.34061331981842	2.054845802849634	0.0	0.0	
11.254816766316559	25.926510399423975	0.0	0.0	
11.449149333507687	4.3585086631803165	0.0	0.0	
6.214450373503251	2.715094032873594	0.0	0.0	
18.531577772948875	31.477553736859498	0.0	0.0	
22.808602200015805	16.9796799986306	0.0	0.0	
21.20320286463564	7.901549364244598	0.0	0.0	
6.210233799851878	17.279892788547425	0.0	0.0	
26.767369237765905	5.859992895910537	0.0	0.0	
21.561520620298285	11.54838233781728	0.0	0.0	
14.925483469189842	23.22305995283385	0.0	0.0	
22.081120686917693	24.379643206811565	0.0	0.0	
30.280809354480212	18.01534325656978	0.0	0.0	
22.604968758395717	5.669745111246691	0.0	0.0	
3.6722759681170096	9.406872072058977	0.0	0.0	
29.998737912860403	2.683446798808223	0.0	0.0	
13.945714118945883	12.182776609901172	0.0	0.0	
16.78660144563153	17.2531253501417	0.0	0.0	
23.518700729104488	23.58710288239425	0.0	0.0	
10.827775395429665	9.303304310397642	0.0	0.0	
24.546364134023356	12.092802326261616	0.0	0.0	
18.729282983288048	2.7090356866668692	0.0	0.0	
17.84227882737381	7.196107950599121	0.0	0.0	
13.017420382086641	30.148270886537283	0.0	0.0	
1.6786853530013275	1.609786668784409	0.0	0.0	
29.854143094487355	17.619135940486668	0.0	0.0	
7.001115790831449	26.829100411108758	0.0	0.0	
12.248190968687688	22.53176394735514	0.0	0.0	
6.327103148176889	27.057125787576087	0.0	0.0	
17.283281843854052	0.0018548257209083374	0.0	0.0	
20.58653627981973	25.846431651595033	0.0	0.0	
7.417817565700076	26.378462888415257	0.0	0.0	
7.8430795809447	25.63504895788499	0.0	0.0	
15.006987044262232	13.427178308352197	0.0	0.0	
0.9064902309473801	22.56666448268438	0.0	0.0	
0.636283733267355	22.21917615052858	0.0	0.0	
3.997164782479519	16.827517560736556	0.0	0.0	
11.381358130991067	13.844457721395319	0.0	0.0	
9.776798110656667	23.091793066083625	0.0	0.0	
20.153970722984624	12.398276926611956	0.0	0.0	
27.962351757892794	15.535096707033528	0.0	0.0	
17.32843127998683	23.199276447115867	0.0	0.0	
26.18001915648662	25.09608480707964	0.0	0.0	
2.541388122175558	18.23832418804359	0.0	0.0	
27.427997497828482	19.37042450784996	0.0	0.0	
6.586781520035007	1.3523123278261693	0.0	0.0	
25.01213888593571	24.152255045331742	0.0	0.0	
23.36799601779785	8.561470129795818	0.0	0.0	
23.113102720400164	19.47927866780116	0.0	0.0	
14.635729776664949	16.794580696366513	0.0	0.0	
1.1205921582048006	21.493131339720986	0.0	0.0	
19.763729539673886	15.470346537431514	0.0	0.0	
30.394847036496557	29.474592978597002	0.0	0.0	
7.94135772699045	29.591389701242846	0.0	0.0	
21.913724345596407	5.861540876408085	0.0	0.0	
30.788585281426734	8.604719327049484	0.0	0.0	
26.054743131745056	17.781899736381785	0.0	0.0	
0.47265869083380707	13.237125540202367	0.0	0.0	
30.231852462262616	8.253405605596534	0.0	0.0	
9.440488357481705	2.584597415862323	0.0	0.0	
20.329023516688547	29.221207328522187	0.0	0.0	
0.11691158209914931	26.376874193713117	0.0	0.0	
29.893791251668503	19.922371306032012	0.0	0.0	
29.665284948252477	11.900573279108443	0.0	0.0	
4.4711536995414605	0.07175264830106087	0.0	0.0	
20.267302595429594	14.897042075387354	0.0	0.0	
24.519686011968894	22.774829577487093	0.0	0.0	
16.842651266355663	20.311675211291497	0.0	0.0	
28.70426675360853	20.87800644368714	0.0	0.0	
25.25465095693176	28.9296589725365	0.0	0.0	
14.963864890156355	29.33355035986325	0.0	0.0	
14.40455954585319	1.0686986867709578	0.0	0.0	
17.56190905257082	22.500697126722727	0.0	0.0	
30.798244395451796	11.307212272183932	0.0	0.0	
12.545224661118244	8.374151020877907	0.0	0.0	
9.997392185221063	11.463193852238575	0.0	0.0	
17.009084199460638	0.656538580041218	0.0	0.0	
6.236040605214118	13.114059326700914	0.0	0.0	
26.52995968648388	2.8215124619361305	0.0	0.0	
21.994262046965556	14.522739958667938	0.0	0.0	
11.524681960905244	21.381079445231318	0.0	0.0	
26.253730997523895	11.174628089225376	0.0	0.0	
4.998522615413499	14.519405004097813	0.0	0.0	
12.297553481156733	20.604618928629264	0.0	0.0	
29.73436597405463	29.93275880898279	0.0	0.0	
29.630700760980833	8.21857870949998	0.0	0.0	
17.389760308356486	28.43749027348262	0.0	0.0	
3.674009149303064	22.8189793920316	0.0	0.0	
31.08769585015295	31.98624463784307	0.0	0.0	
4.619647856163446	9.322161095616359	0.0	0.0	
2.131199097714706	12.62796358011628	0.0	0.0	
12.47970679327733	8.90671224954454	0.0	0.0	
19.944590995963736	2.4569239182922864	0.0	0.0	
26.659996332222537	10.395068897429223	0.0	0.0	
15.925274930827932	21.856600648618066	0.0	0.0	
3.900143019865844	11.784595014946369	0.0	0.0	
2.957380485339577	19.27150836479546	0.0	0.0	
5.066911450763829	9.286158690053124	0.0	0.0	
25.212038043762657	20.00832517029177	0.0	0.0	
31.21047689761621	26.769528198606427	0.0	0.0	
8.742908231666988	17.160040123615016	0.0	0.0	
13.061921662084092	0.6918686262365377	0.0	0.0	
17.03429358508994	23.993921105359505	0.0	0.0	
13.70257684310366	24.70308348674754	0.0	0.0	
1.713862679234694	16.83633692854976	0.0	0.0	
30.404578393743748	12.705119532159824	0.0	0.0	
5.843385399139962	11.941781229601524	0.0	0.0	
4.843505723124167	7.064149715289055	0.0	0.0	
21.1032921859743	4.067255448675983	0.0	0.0	
18.912032786821324	5.881755979170649	0.0	0.0	
29.721274192940278	8.371678199508235	0.0	0.0	
8.990915737120634	9.846549173992699	0.0	0.0	
20.791119216149788	5.923966713241018	0.0	0.0	
25.552732266184073	20.550434603689595	0.0	0.0	
31.88935966747856	21.70986705608026	0.0	0.0	
0.2938276971283287	23.24412433564568	0.0	0.0	
18.84539109706904	21.149989222870474	0.0	0.0	
31.163028526027187	17.53504818557055	0.0	0.0	
20.3481711803475	13.70314216623969	0.0	0.0	
31.437772021026024	8.54354719275943	0.0	0.0	
25.759346765690136	9.364988285138665	0.0	0.0	
16.66510170860893	9.310987208229644	0.0	0.0	
10.463215968052602	3.544279220745164	0.0	0.0	
23.63729434619496	8.511306779256206	0.0	0.0	
14.141741419305973	20.12898793092213	0.0	0.0	
6.657421393727258	3.0191688649310215	0.0	0.0	
13.696750777292085	14.337335068508484	0.0	0.0	
2.9839796070614817	14.924835815127235	0.0	0.0	
9.710991497549877	6.128420676946298	0.0	0.0	
8.439121040696534	11.175788133534471	0.0	0.0	
25.548176169923405	14.000986519418792	0.0	0.0	
2.254789406190916	16.503481104087697	0.0	0.0	
25.464186803542766	8.383749663221234	0.0	0.0	
2.6831857811165847	28.099859233058936	0.0	0.0	
30.62767026569173	7.254936859150838	0.0	0.0	
12.00113735128204	26.51887846315622	0.0	0.0	
21.963325435060664	12.204371702820783	0.0	0.0	
13.949654793275652	29.094255366723768	0.0	0.0	
13.669296730955224	20.74480647432689	0.0	0.0	
2.1228601237412015	4.737772360984504	0.0	0.0	
24.841345460853844	27.129390942939672	0.0	0.0	
30.319813196307692	7.312881205438245	0.0	0.0	
10.6436034583968	12.830353367086222	0.0	0.0	
27.18858783019373	8.07513295998097	0.0	0.0	
2.783575209854803	18.755326909781868	0.0	0.0	
8.294798300198462	0.04423447402115954	0.0	0.0	
6.912059969445107	6.230698215098421	0.0	0.0	
2.764192198732978	29.416942480005336	0.0	0.0	
9.09325293236099	1.6171241295493815	0.0	0.0	
13.338894380511096	13.411400106874439	0.0	0.0	
12.147931271139601	18.11191654690605	0.0	0.0	
12.349197805649304	27.763653521546388	0.0	0.0	
29.926160324246997	19.69427360735675	0.0	0.0	
23.165431924344976	26.194616345734804	0.0	0.0	
31.27763542980401	28.08943754514376	0.0	0.0	
4.822024767961903	27.372428921868167	0.0	0.0	
4.627261458885748	4.332232060809201	0.0	0.0	
29.857407182465725	4.674004671259556	0.0	0.0	
27.182623123003154	31.666516562618582	0.0	0.0	
0.7092831109577382	10.118882194377388	0.0	0.0	
16.100727192357162	28.643808952222326	0.0	0.0	
7.382906962152344	19.613104892018846	0.0	0.0	
30.46482715167503	13.217713682451244	0.0	0.0	
2.0905743855265477	22.11195451386852	0.0	0.0	
1.2768786257832865	17.402414929965914	0.0	0.0	
22.04498268167558	18.55619189624664	0.0	0.0	
12.811265892100923	15.375687506642581	0.0	0.0	
16.009410502356836	26.56022835403949	0.0	0.0	
15.66816947218809	7.811094498914599	0.0	0.0	
13.191983548824126	30.778524893543977	0.0	0.0	
6.19494541891218	31.847913258529566	0.0	0.0	
16.681347559957032	28.421014081638948	0.0	0.0	
6.989725694739491	11.044615310153915	0.0	0.0	
1.153059130708943	12.229399076125496	0.0	0.0	
30.5842161208539	16.33389562513609	0.0	0.0	
7.360793262801142	18.395192510919276	0.0	0.0	
16.277947266143666	30.237526837977896	0.0	0.0	
21.305954648915822	25.399528815345267	0.0	0.0	
17.008286964197985	6.298185948559269	0.0	0.0	
23.35755770844237	7.599764928368632	0.0	0.0	
23.76953277729813	7.346752552120215	0.0	0.0	
3.6324855167666144	6.504896377876953	0.0	0.0	
19.810205938987114	29.780031478049544	0.0	0.0	
21.722923813891267	20.84160907242688	0.0	0.0	
29.08377818545168	22.38480844580966	0.0	0.0	
16.42013607605185	16.468080053789365	0.0	0.0	
10.31713079132032	30.50663751168941	0.0	0.0	
31.70928251212812	21.91734347111892	0.0	0.0	
10.839445373556458	15.667414961990492	0.0	0.0	
29.48692455855199	12.152566992244996	0.0	0.0	
18.22767674711852	22.998152461816705	0.0	0.0	
25.615358004838242	17.679928066138448	0.0	0.0	
10.358907771169282	24.03019123462583	0.0	0.0	
17.78883819887348	18.64227697970754	0.0	0.0	
12.84551642010743	20.066579706982537	0.0	0.0	
26.647351979099174	10.850316410393642	0.0	0.0	
18.7943865480719	7.662451086586099	0.0	0.0	
23.52368234964544	23.285494441391585	0.0	0.0	
23.009816565868775	0.20179637164005015	0.0	0.0	
16.36726333728571	25.357237768425602	0.0	0.0	
7.344447809242865	27.205266069488776	0.0	0.0	
25.638515900513248	22.023568524699837	0.0	0.0	
0.16339108510834066	21.55695112432453	0.0	0.0	
28.551572084218847	1.0232456142920832	0.0	0.0	
13.297204520017814	4.474990347400958	0.0	0.0	
13.34294758364382	17.81716608974213	0.0	0.0	
12.289367501917656	6.843503255701286	0.0	0.0	
4.569040200654001	9.28239427914406	0.0	0.0	
29.574000561993056	3.211706283769015	0.0	0.0	
14.64942542370369	24.431118238451347	0.0	0.0	
12.914461184726875	8.437059684725064	0.0	0.0	
9.23076521384025	14.798044846978794	0.0	0.0	
29.39554761684259	20.61141287756316	0.0	0.0	
23.530070119531498	11.35456943725153	0.0	0.0	
29.88648253283935	15.706504108071147	0.0	0.0	
0.9402748172417432	27.481670025248146	0.0	0.0	
6.5764936779194585	14.430262959939352	0.0	0.0	
22.689001827829532	23.094953982136005	0.0	0.0	
31.199040697099484	13.650894181214124	0.0	0.0	
26.343195694895197	19.95205261499803	0.0	0.0	
20.10136724759772	27.19240619749004	0.0	0.0	
12.308220097423202	6.05954880855359	0.0	0.0	
21.06411459722716	16.204908809269433	0.0	0.0	
5.937477833340861	6.963220553836813	0.0	0.0	
19.908339202938635	31.171667448122573	0.0	0.0	
1.1733159034984055	24.08618847386844	0.0	0.0	
19.713555054298467	1.7684456992243405	0.0	0.0	
23.656035706434658	0.1996537656439017	0.0	0.0	
18.86566332007239	17.19099105731082	0.0	0.0	
26.588479825453945	9.24888340248991	0.0	0.0	
18.19752521664475	30.930451290905708	0.0	0.0	
4.751160280561702	31.705937948741845	0.0	0.0	
8.532165223917367	3.513425041924787	0.0	0.0	
8.461873331910514	22.388735126973906	0.0	0.0	
29.711425891381996	11.155891830553543	0.0	0.0	
25.067739628285487	2.447845465218638	0.0	0.0	
27.740433226692765	23.252930278351588	0.0	0.0	
30.35026524312213	3.024132592104788	0.0	0.0	
30.597271766138388	13.938421608941074	0.0	0.0	
8.379930522805246	20.034243434461928	0.0	0.0	
14.562467199422638	20.280908839230783	0.0	0.0	
30.094515940566737	15.403354219650687	0.0	0.0	
19.052130414564235	16.476499872776618	0.0	0.0	
11.546283636402592	26.826001117660418	0.0	0.0	
15.551287137641115	17.2047434339455	0.0	0.0	
13.85343640633938	27.61306718460134	0.0	0.0	
31.393414672244365	29.461367272210094	0.0	0.0	
13.398479028896027	26.46010172790221	0.0	0.0	
14.931600274114949	5.357659044510903	0.0	0.0	
2.850219176361268	4.5745536247510685	0.0	0.0	
18.27221866297029	17.69877778128533	0.0	0.0	
17.307713086585803	9.148188761633417	0.0	0.0	
21.65192683579616	8.306781685869321	0.0	0.0	
13.85075720345803	4.963752312781278	0.0	0.0	
9.763753889249127	25.17931534921697	0.0	0.0	
21.446341866213352	9.2840774720293	0.0	0.0	
