2
32.0	0.0	0.0	0.0	
0.0	32.0	0.0	0.0	
12.498806436507468	16.91646251178748	0.0	0.0	
1.2924994983635507	3.447174400604556	0.0	0.0	
2.5059405646108637	11.480749561792294	0.0	0.0	
17.51139644355999	16.55138931566448	0.0	0.0	
24.736650031389406	8.367154389668556	0.0	0.0	
14.399146518017098	3.541648314326441	0.0	0.0	
20.93372140798857	19.546998272774037	0.0	0.0	
8.470585182862049	2.8675988026128145	0.0	0.0	
19.89012365257087	28.860616187670033	0.0	0.0	
22.93401302602958	3.7200893959426864	0.0	0.0	
12.507697093054361	8.439491242241893	0.0	0.0	
3.1150338594049494	13.21127659114845	0.0	0.0	
2.919493831102809	10.057963463446416	0.0	0.0	
31.94375684295985	15.539776655293842	0.0	0.0	
15.065855944431327	11.421354018118677	0.0	0.0	
24.042061185766823	21.37259948266186	0.0	0.0	
18.695686410470614	9.925828552968095	0.0	0.0	
23.65057035310866	15.774681644651618	0.0	0.0	
14.548815688900465	21.496686179291505	0.0	0.0	
8.449711962231405	18.00051489725048	0.0	0.0	
25.643787199979563	27.459317607609343	0.0	0.0	
2.739381852324481	5.6417907803427845	0.0	0.0	
18.87764336922348	24.25291435247637	0.0	0.0	
30.468968797958176	21.175879155244765	0.0	0.0	
31.412500475064906	28.501376017661563	0.0	0.0	
6.36532186367792	25.84390223859311	0.0	0.0	
5.263194174003491	3.7486340319413323	0.0	0.0	
23.323091127256454	20.244397058000676	0.0	0.0	
26.56883786197419	7.178820570546016	0.0	0.0	
21.316979219441404	13.590113700675072	0.0	0.0	
14.434156955348481	28.32872862604341	0.0	0.0	
2.3376416911107682	5.539898889939721	0.0	0.0	
3.4717602005520796	23.936801795421896	0.0	0.0	
4.204282566690264	0.02653132100336464	0.0	0.0	
14.013117681617715	3.096580260165254	0.0	0.0	
25.979169362033172	27.52084241690427	0.0	0.0	
21.412217990690717	0.45861074603514496	0.0	0.0	
24.449239398570842	24.600571942026868	0.0	0.0	
12.877496458003257	15.225631708590232	0.0	0.0	
4.131509592248449	26.680319991249927	0.0	0.0	
23.7663857703457	19.648940345084203	0.0	0.0	
28.2058410530973	30.362539107845492	0.0	0.0	
16.141167859997243	27.87855611971343	0.0	0.0	
26.998391217989642	9.899455938952162	0.0	0.0	
15.658892893876278	1.3994034957757577	0.0	0.0	
11.403553947305593	7.73083945830135	0.0	0.0	
10.202607987203617	22.351795721362056	0.0	0.0	
24.953835186431363	8.146548927101751	0.0	0.0	
30.00367676088736	0.8286530719902281	0.0	0.0	
6.833907779163983	2.949496374728607	0.0	0.0	
8.910768280259934	6.9077164587054405	0.0	0.0	
27.808451907996965	7.236826268842492	0.0	0.0	
3.513671140230926	27.493966136705627	0.0	0.0	
25.45904451499402	14.216792509635017	0.0	0.0	
30.407055226680743	24.528055506428167	0.0	0.0	
22.625151990711217	31.94461734408107	0.0	0.0	
30.489867158307113	6.841081514267916	0.0	0.0	
17.0731668081782	1.6472325243876185	0.0	0.0	
17.870391462565994	28.988674053393886	0.0	0.0	
23.90468185485508	9.204372071877472	0.0	0.0	
26.02235275111772	19.76665846163006	0.0	0.0	
22.807620042533525	13.07771682116719	0.0	0.0	
21.98350494678566	5.320794419067568	0.0	0.0	
5.2369884939023095	24.425281742135894	0.0	0.0	
15.1075634713538	19.193846694203696	0.0	0.0	
11.529468530280138	18.414320933214363	0.0	0.0	
4.735641132705627	3.577920968177878	0.0	0.0	
29.28613909993348	14.157048144120786	0.0	0.0	
5.069103032389702	29.00488849123756	0.0	0.0	
17.310311356238806	12.467403507648484	0.0	0.0	
1.1096520612728646	24.5608166070317	0.0	0.0	
16.91882699456193	28.473027141566078	0.0	0.0	
15.873819818233194	17.169529220563568	0.0	0.0	
20.767248290672917	9.911370240669012	0.0	0.0	
27.49154103008411	3.9369511783649678	0.0	0.0	
3.5382979552363487	12.951898767383202	0.0	0.0	
23.839638454086657	19.05773986358053	0.0	0.0	
7.1984302851296	5.348510774915802	0.0	0.0	
30.49769631263865	2.3518570174421782	0.0	0.0	
18.301781633311013	6.947024991993921	0.0	0.0	
11.563247982592017	0.7061760813387963	0.0	0.0	
31.12447229886364	25.684285653281037	0.0	0.0	
19.644509779882096	27.54244195568627	0.0	0.0	
7.107698347487627	15.306663737549517	0.0	0.0	
20.09093106896796	21.29816326515738	0.0	0.0	
19.35256408970455	31.06749653188567	0.0	0.0	
2.4962407112472427	31.52576137753536	0.0	0.0	
0.08736837855589741	19.06259368121914	0.0	0.0	
11.202253022496663	11.799264220811743	0.0	0.0	
26.521886423041344	3.6264375074202135	0.0	0.0	
28.4772627433476	21.84758509735027	0.0	0.0	
14.325468906689995	17.004696652952653	0.0	0.0	
13.276957153547635	17.745392512518503	0.0	0.0	
27.89664094237331	23.739943340767255	0.0	0.0	
31.9107311105253	17.373059741775215	0.0	0.0	
13.534277716662213	15.780542583761363	0.0	0.0	
3.102646218006022	13.390798732322342	0.0	0.0	
9.13702988627481	26.06923959110885	0.0	0.0	
3.940300774040008	1.3281166774889606	0.0	0.0	
2.5069757822576264	16.252552870717235	0.0	0.0	
17.650572924803157	8.503122380560672	0.0	0.0	
5.45835270211737	6.915185311823144	0.0	0.0	
0.8620523922310319	21.800066231521242	0.0	0.0	
11.114928678231966	30.569249649717992	0.0	0.0	
14.411964073435009	8.74041708874423	0.0	0.0	
3.02863033642333	14.663389032910558	0.0	0.0	
8.845946300824558	20.374344972847755	0.0	0.0	
19.936998354795488	13.36961359643135	0.0	0.0	
23.90455266442958	17.982371566657193	0.0	0.0	
14.17348272937243	20.007174735426688	0.0	0.0	
17.99305940743088	8.223333824770098	0.0	0.0	
16.697471450071113	4.186496323940506	0.0	0.0	
0.03250754073829398	6.348338760872636	0.0	0.0	
9.319530723296431	6.1771716112390145	0.0	0.0	
9.865909050173094	26.110493916846234	0.0	0.0	
22.219670411699507	4.6292262239825845	0.0	0.0	
23.396672427059574	17.903633239970738	0.0	0.0	
0.0763973463213432	16.60006737225365	0.0	0.0	
6.394919908409012	22.73571600168586	0.0	0.0	
26.023463254632063	17.366841576381965	0.0	0.0	
4.3360701628336	21.48596501183302	0.0	0.0	
19.930121110147724	17.903510531375233	0.0	0.0	
14.401717735543027	17.088798529207136	0.0	0.0	
20.41926760725297	20.64663640447728	0.0	0.0	
11.273723260447031	16.143396335273277	0.0	0.0	
30.724640897295945	24.59929067238057	0.0	0.0	
13.908472901343995	15.969378100265128	0.0	0.0	
30.601503482503553	9.970310662659834	0.0	0.0	
13.433423829425106	28.62897026658157	0.0	0.0	
22.644726563011947	14.742810419153077	0.0	0.0	
0.7651414519516138	29.586337056596093	0.0	0.0	
8.999979892524706	7.761178683947001	0.0	0.0	
23.56697971432925	30.41134486128066	0.0	0.0	
17.41578961349006	19.14721434358257	0.0	0.0	
1.2323171711959446	6.25391018493702	0.0	0.0	
29.160823204977586	3.840177403257691	0.0	0.0	
14.636567850917661	10.953169775456587	0.0	0.0	
16.69368223863414	21.905046163932518	0.0	0.0	
21.190153466328418	13.08567114970866	0.0	0.0	
6.735384002979512	0.5973738266842368	0.0	0.0	
7.707310655806388	10.550254568665434	0.0	0.0	
16.320357436036815	26.115512309982837	0.0	0.0	
27.698410851401434	22.726374533764655	0.0	0.0	
18.365264944125038	12.940671059346954	0.0	0.0	
14.129083065636863	28.761452438962714	0.0	0.0	
9.937557633882609	18.32822695546699	0.0	0.0	
25.681960337106396	9.65659596905763	0.0	0.0	
13.582967785999603	28.655964862015637	0.0	0.0	
16.627444036631896	26.728145362300694	0.0	0.0	
4.507241834639441	27.257481123416532	0.0	0.0	
6.903966302239159	31.46538017070925	0.0	0.0	
17.58852664035885	8.356947781119416	0.0	0.0	
19.972751345720006	21.30937890210706	0.0	0.0	
3.1834752412199308	2.45464841993061	0.0	0.0	
9.759544648061524	10.8621249261864	0.0	0.0	
4.806382466597174	0.29082377853897157	0.0	0.0	
7.721425428269548	0.6703303541081311	0.0	0.0	
7.2782020520726505	30.76436034157839	0.0	0.0	
18.107973107269597	11.154107419056626	0.0	0.0	
25.99080162841175	26.47910544702792	0.0	0.0	
4.221925645387074	16.840378347200442	0.0	0.0	
3.4999484747610943	31.868425404281272	0.0	0.0	
5.742126935700391	13.201581478004496	0.0	0.0	
20.409435704499746	29.928820455896567	0.0	0.0	
11.498169932040991	3.7392715973918236	0.0	0.0	
23.862271239624114	7.6955045815861745	0.0	0.0	
16.465846273851266	31.851434363114947	0.0	0.0	
31.14252333484806	8.424852095296533	0.0	0.0	
3.3789297568878176	20.314980787241435	0.0	0.0	
23.083509247733886	30.16713486796171	0.0	0.0	
5.46789874249426	9.051902828848586	0.0	0.0	
17.288344121947564	9.658690109113216	0.0	0.0	
13.896152684873144	10.197597664944503	0.0	0.0	
11.272726343174881	10.186856570432955	0.0	0.0	
7.7257340675835415	28.337632215740687	0.0	0.0	
23.076726542173102	31.74566130926993	0.0	0.0	
8.7527944629867	21.283061301122387	0.0	0.0	
18.55154399105387	3.25151663389876	0.0	0.0	
21.574868421791358	23.93105446831922	0.0	0.0	
20.21917728454982	29.699781759600487	0.0	0.0	
13.74297321544893	16.108147571664304	0.0	0.0	
0.8941254882096246	9.111164514088138	0.0	0.0	
12.72712952108781	10.199325623916618	0.0	0.0	
26.584587349421604	5.2647009615798765	0.0	0.0	
31.97731647723515	6.992763604582446	0.0	0.0	
7.663879694738387	19.80336209593709	0.0	0.0	
18.942045480257338	5.221764783964094	0.0	0.0	
29.845409946350173	25.807255433378405	0.0	0.0	
23.890049212901523	23.42536332031837	0.0	0.0	
29.342367494531967	31.321669567730563	0.0	0.0	
21.615147093648797	9.82593460146835	0.0	0.0	
8.053786497001745	25.477120475325687	0.0	0.0	
18.61759640169489	11.29010138406904	0.0	0.0	
7.03885257092147	3.109859839323377	0.0	0.0	
12.334618915050584	15.731721218128957	0.0	0.0	
8.427718419715422	1.1734638955224241	0.0	0.0	
6.506207550162582	4.984878467840332	0.0	0.0	
25.613894557190942	6.878301575997003	0.0	0.0	
29.78549964796324	24.145532499392914	0.0	0.0	
16.06839480118508	4.195655761678115	0.0	0.0	
7.319980106892995	22.28289892080055	0.0	0.0	
3.3305222131411334	12.317003706347414	0.0	0.0	
15.312086301740095	11.225981465608918	0.0	0.0	
21.567098241488864	26.308061937064313	0.0	0.0	
30.479207466762823	27.42522156164749	0.0	0.0	
24.963223197226633	5.579633265202336	0.0	0.0	
29.1012863066697	30.294971038115584	0.0	0.0	
13.812912072058296	18.79300921288607	0.0	0.0	
26.148558007404038	22.98578002330571	0.0	0.0	
29.46766804458878	17.789433463306253	0.0	0.0	
15.604290749092847	25.121724649715556	0.0	0.0	
19.591199200446983	8.179511372918359	0.0	0.0	
1.6096227633952438	14.455669620891161	0.0	0.0	
25.807328506345144	24.582914192401883	0.0	0.0	
8.937674774337339	14.802455050581965	0.0	0.0	
12.659535178189568	18.210840443154567	0.0	0.0	
27.643569446012023	5.462548193607876	0.0	0.0	
10.449050429389672	29.628117824744137	0.0	0.0	
13.632524441040164	1.4979070276946658	0.0	0.0	
27.452790062362617	4.407011059508125	0.0	0.0	
27.920137069661614	19.10745334583206	0.0	0.0	
5.809119821136576	27.487956007084954	0.0	0.0	
17.15068399089322	25.3685372871934	0.0	0.0	
17.57725421295089	2.180490295364738	0.0	0.0	
22.345946041983314	12.3390848681337	0.0	0.0	
1.6259525390207301	5.079029380739993	0.0	0.0	
15.38955676232898	21.259031153748072	0.0	0.0	
6.0721241527460315	7.423011256373314	0.0	0.0	
1.361361821401438	17.154518654413057	0.0	0.0	
23.47394954138209	15.09941758993476	0.0	0.0	
12.70317170047771	19.61672854094385	0.0	0.0	
5.525943197801787	17.446469290045204	0.0	0.0	
6.909132669253825	16.555822047301195	0.0	0.0	
24.528279445100083	1.4092640806525054	0.0	0.0	
1.411996697700193	2.0540360489563376	0.0	0.0	
1.5958979984422292	23.139445285077613	0.0	0.0	
28.598545307977602	16.522440429222755	0.0	0.0	
14.375153638962264	4.854033443293357	0.0	0.0	
4.96854180733866	25.831963769805366	0.0	0.0	
21.37492068212993	3.6683787067700884	0.0	0.0	
30.17100690134525	19.64940580894837	0.0	0.0	
4.667649441723405	9.914766955244133	0.0	0.0	
15.539765737107814	12.51483912133715	0.0	0.0	
18.474215035149964	17.973579908416514	0.0	0.0	
29.04655396182184	1.3086872001509633	0.0	0.0	
20.085342993463048	3.0536229975724325	0.0	0.0	
19.202583844404643	13.346554834050057	0.0	0.0	
1.448249587718088	5.439193072506068	0.0	0.0	
9.743906922965436	31.08391162388816	0.0	0.0	
31.37579571543929	26.39765626734218	0.0	0.0	
28.729833059948092	3.506181722555432	0.0	0.0	
21.53470454808544	20.04075060254431	0.0	0.0	
5.70619587159598	13.029499099257734	0.0	0.0	
26.249513268741214	29.78444940405891	0.0	0.0	
4.195445014783697	25.709134876766203	0.0	0.0	
11.28465726444318	0.737759944949449	0.0	0.0	
19.003022813276953	1.2026038501831664	0.0	0.0	
10.700392244052168	22.07310072614395	0.0	0.0	
1.1959466900568465	25.292225570130157	0.0	0.0	
14.339421212005753	12.440260210812433	0.0	0.0	
29.294176255075776	31.64931353345996	0.0	0.0	
0.7025757461008446	1.6382691398120954	0.0	0.0	
11.65075771268084	9.326080268057051	0.0	0.0	
20.187011505127717	21.404885465796635	0.0	0.0	
7.461869034752787	19.88544554069554	0.0	0.0	
18.701445677073977	6.8100021445392365	0.0	0.0	
23.106331750964955	28.754883468828794	0.0	0.0	
28.80917331980159	0.39414373028577643	0.0	0.0	
25.585511095703765	12.848749728009999	0.0	0.0	
24.690506690041147	29.232533074245552	0.0	0.0	
6.095272888807251	23.398419384363326	0.0	0.0	
18.99890894020711	24.89701513002626	0.0	0.0	
7.9407224805911305	22.11693608572711	0.0	0.0	
21.47813494406486	27.82501875815629	0.0	0.0	
3.1193848646042	2.520282686378014	0.0	0.0	
24.432963011658778	8.43918020189011	0.0	0.0	
15.577438692462298	24.99814022300461	0.0	0.0	
9.420867986599177	10.707251257801286	0.0	0.0	
31.94723236614143	5.826502845310397	0.0	0.0	
21.249503161863196	5.488690544290325	0.0	0.0	
28.631728706178194	22.52756519689809	0.0	0.0	
23.394242831179916	5.9762179839405825	0.0	0.0	
2.164461848000794	20.96883266633052	0.0	0.0	
22.301544169224286	7.207887553385394	0.0	0.0	
9.703374818510675	15.575209046675997	0.0	0.0	
7.992839864678441	10.623950606566563	0.0	0.0	
9.111294949154217	18.71687402819204	0.0	0.0	
26.77463166723466	12.944001616040094	0.0	0.0	
30.20495270669153	19.63530803031767	0.0	0.0	
3.066319761845442	11.810617545774107	0.0	0.0	
5.066713148476868	8.442568434210138	0.0	0.0	
3.984943327525425	13.755455806479581	0.0	0.0	
27.86931384064016	18.772023409815052	0.0	0.0	
28.44789266873592	3.5770355820146627	0.0	0.0	
11.369655308805985	15.31024966249447	0.0	0.0	
25.091825392560793	25.05532596990128	0.0	0.0	
4.960365269975313	27.076402271469362	0.0	0.0	
17.98079487059609	13.037599155304182	0.0	0.0	
15.453707112038462	10.416349943142727	0.0	0.0	
13.769142301757672	11.03805140147644	0.0	0.0	
17.84438005898765	27.36736012916267	0.0	0.0	
24.806374605095264	10.062332438095478	0.0	0.0	
5.945497421051126	21.461610071353956	0.0	0.0	
9.768471943848986	1.0080243922539474	0.0	0.0	
29.01382333764169	18.643472267287272	0.0	0.0	
2.865347304219913	26.843826197158407	0.0	0.0	
7.072370972333882	10.836435029333401	0.0	0.0	
11.569421725920247	16.34805565019666	0.0	0.0	
5.884245920566421	30.702600342567752	0.0	0.0	
6.000151082141755	16.27011436191715	0.0	0.0	
19.83770849023616	15.428396440730765	0.0	0.0	
16.85240974445058	9.96738867508678	0.0	0.0	
8.893442912398122	0.4550744332022596	0.0	0.0	
14.967589246367282	23.189314110134145	0.0	0.0	
25.026771493108082	23.34820513078303	0.0	0.0	
2.771227074327019	4.0367895736065265	0.0	0.0	
20.043237109346514	7.684987680576434	0.0	0.0	
5.046896267051061	28.236312820654398	0.0	0.0	
5.61225576543703	29.614760231519746	0.0	0.0	
31.11137771473225	14.164915030403584	0.0	0.0	
22.938911972888057	0.49179550961441976	0.0	0.0	
26.26549557316341	11.684054085344645	0.0	0.0	
16.363491465965044	14.835505714343032	0.0	0.0	
1.3954202942330696	9.74599058021645	0.0	0.0	
19.276212359293506	8.170913041818995	0.0	0.0	
8.059070051415098	27.729145922346593	0.0	0.0	
3.996250377014391	9.276414534295633	0.0	0.0	
9.18927274011827	21.415801061110706	0.0	0.0	
24.77029003233319	15.505847430116965	0.0	0.0	
15.453304027286688	24.42600729070162	0.0	0.0	
7.829981321774628	5.334448905690206	0.0	0.0	
25.361541226058574	30.390441542191653	0.0	0.0	
11.743220896714693	16.76701193177825	0.0	0.0	
18.358360472877933	16.157949222007165	0.0	0.0	
1.2482284733278775	6.087300156274829	0.0	0.0	
2.4089133332388037	18.41449478183937	0.0	0.0	
19.110098517369966	25.085187488385607	0.0	0.0	
8.655213286533996	21.470813713806926	0.0	0.0	
14.311630553625918	19.468500054979543	0.0	0.0	
14.51704798151561	21.216808735507737	0.0	0.0	
4.840952748122739	16.392462693543585	0.0	0.0	
6.156682952873123	27.476756563758975	0.0	0.0	
26.946623739237978	22.120471305421614	0.0	0.0	
17.421443105383855	5.5923149778599885	0.0	0.0	
22.359489480909506	0.8675270174707741	0.0	0.0	
22.330952051641695	18.357515239908853	0.0	0.0	
21.501098279950934	4.260553631014286	0.0	0.0	
21.08055520519053	10.834031476155214	0.0	0.0	
10.39276668310849	9.469062048793518	0.0	0.0	
24.81858112423753	5.066229469011823	0.0	0.0	
24.02621872043083	17.73726907247589	0.0	0.0	
5.490249473658817	13.62019588070666	0.0	0.0	
20.35525036837123	14.009323625775504	0.0	0.0	
28.99569265726468	8.43325659418311	0.0	0.0	
25.717602092227825	26.03970507114426	0.0	0.0	
11.949933882346564	28.37477427570091	0.0	0.0	
0.8523118533024672	14.564218417453993	0.0	0.0	
28.048584721810553	29.026845730991766	0.0	0.0	
13.348955542679562	23.056039767040236	0.0	0.0	
2.588635132725436	22.25944339741282	0.0	0.0	
5.984824395146319	3.6435536144610445	0.0	0.0	
21.595786447458874	11.414846661544125	0.0	0.0	
13.543282475068775	21.658009604608953	0.0	0.0	
29.440185109556666	3.1015206880824095	0.0	0.0	
4.702151905774674	3.9697088698894625	0.0	0.0	
20.458157895308243	28.59783513821532	0.0	0.0	
3.3709667810714095	5.763143961032071	0.0	0.0	
1.2768709054464473	23.136097721020917	0.0	0.0	
1.7147386908707034	16.70014268161367	0.0	0.0	
20.771434073294373	2.575262375607121	0.0	0.0	
20.401823054297022	21.526231885090866	0.0	0.0	
16.57741427581905	15.650980630992564	0.0	0.0	
21.2177539369004	7.246449734771073	0.0	0.0	
18.99418445850192	3.9531316278633284	0.0	0.0	
13.33355081863542	6.847524513569482	0.0	0.0	
17.09259967027333	28.26424567988689	0.0	0.0	
8.781341472115443	27.176117542619988	0.0	0.0	
25.556700684549195	6.776039800902993	0.0	0.0	
23.447774626686414	19.387503967288374	0.0	0.0	
18.360588265161738	10.545074721698047	0.0	0.0	
30.743561279538834	16.541281942076196	0.0	0.0	
23.317559594972654	5.6631821484859195	0.0	0.0	
29.242386499927534	27.965618087827153	0.0	0.0	
30.513230207957065	30.776006399311736	0.0	0.0	
21.09381300314059	18.879088207632236	0.0	0.0	
15.492517770328739	19.223434047522108	0.0	0.0	
5.917218175356485	31.452820173244202	0.0	0.0	
7.737110890254989	14.275748920705535	0.0	0.0	
7.23389029857541	21.525623584764634	0.0	0.0	
17.238235827233712	1.0333490149052444	0.0	0.0	
8.185148326327226	30.6425039464258	0.0	0.0	
23.31980032316374	4.426714170593247	0.0	0.0	
29.091075781918345	30.495750899802967	0.0	0.0	
29.472250145344	18.129257902799193	0.0	0.0	
26.570926593837175	10.256452726738274	0.0	0.0	
30.329899758185643	10.188250529572887	0.0	0.0	
2.79097546721885	1.1016349892328137	0.0	0.0	
9.337706507302578	17.847157910309175	0.0	0.0	
16.557505469948545	31.015440517597973	0.0	0.0	
13.583752281127992	12.544640834447797	0.0	0.0	
21.892093593782352	29.3470609703198	0.0	0.0	
27.60608668183304	1.2516310430091089	0.0	0.0	
6.076429195007368	31.465126943081135	0.0	0.0	
6.314583359132101	18.878941859002804	0.0	0.0	
27.805759558601572	22.512745600605047	0.0	0.0	
20.862065945427172	28.671174138439753	0.0	0.0	
29.49442879480171	25.764093351379877	0.0	0.0	
7.551978581650847	12.897262397158165	0.0	0.0	
3.235334934376091	20.412077068700412	0.0	0.0	
26.95335709901532	28.303836646683553	0.0	0.0	
9.527533700943764	21.43440656760121	0.0	0.0	
11.422298281437708	21.09843324869033	0.0	0.0	
27.537608644201494	4.6596878823273435	0.0	0.0	
21.7930199302098	22.497076702664312	0.0	0.0	
15.985622779145398	26.57306575557532	0.0	0.0	
5.936038020422362	3.3167828765984986	0.0	0.0	
17.823231241387532	17.004397600525337	0.0	0.0	
9.772110425495281	9.51533342307388	0.0	0.0	
30.383629619340095	4.194252857132984	0.0	0.0	
21.08169495175421	27.657466714075127	0.0	0.0	
15.317818894003537	20.003842649073448	0.0	0.0	
3.506767701037809	13.790413385677194	0.0	0.0	
9.035899435351961	29.324069805741182	0.0	0.0	
1.5495231978224666	10.3349278037416	0.0	0.0	
12.11158783506712	30.93074612727411	0.0	0.0	
25.239117955232203	2.957084155289653	0.0	0.0	
24.815831699543196	27.96400257771466	0.0	0.0	
30.360481031503497	4.431627495411522	0.0	0.0	
10.479790833809453	11.840687156780888	0.0	0.0	
27.66617465947786	30.39416312258096	0.0	0.0	
28.293391989926075	23.648162108424398	0.0	0.0	
12.194582893393846	31.636014601530928	0.0	0.0	
18.238793242676937	14.773859273777099	0.0	0.0	
30.077054159146154	14.418186416395962	0.0	0.0	
19.089472315848802	4.550158064014944	0.0	0.0	
19.58232426817554	5.087602456960248	0.0	0.0	
6.707584324066492	5.51543629864538	0.0	0.0	
7.7493064979674955	14.149018600824721	0.0	0.0	
2.67543316270849	18.159491006000486	0.0	0.0	
21.49541580552452	28.169111216462394	0.0	0.0	
19.394490489424495	13.388530208743038	0.0	0.0	
6.04206529926763	7.560151279083367	0.0	0.0	
3.3728293071537045	9.205405083677658	0.0	0.0	
10.51537506779508	12.476468989496293	0.0	0.0	
20.26873115836738	11.110452066696642	0.0	0.0	
11.193595043094401	20.533482504766997	0.0	0.0	
28.76407688550132	31.19722972345793	0.0	0.0	
10.531930457818202	16.74719451617624	0.0	0.0	
8.822021846121942	10.896128473464842	0.0	0.0	
15.463706120085241	1.0910713066947757	0.0	0.0	
23.13659573557689	22.128098334403045	0.0	0.0	
4.546672361685985	26.28489841248666	0.0	0.0	
31.777517364988164	25.683408405730813	0.0	0.0	
5.5609382880705525	1.067433530343596	0.0	0.0	
28.40049225854031	24.673255672794305	0.0	0.0	
8.41874746178673	28.818575359414297	0.0	0.0	
18.345688823833576	29.30727030462043	0.0	0.0	
24.174779025205638	1.1961564283047927	0.0	0.0	
5.188739119207451	6.77648976510007	0.0	0.0	
25.358101607267496	1.5076982831309103	0.0	0.0	
19.785351561889943	18.861719645217452	0.0	0.0	
17.211144805082533	10.996037142081885	0.0	0.0	
7.838722318652426	26.98874373596491	0.0	0.0	
31.48636133036784	20.702138244472966	0.0	0.0	
6.40680526963331	2.1670916534405933	0.0	0.0	
28.269333064636935	12.679851769560536	0.0	0.0	
5.0979638383409025	14.038722910088232	0.0	0.0	
7.443592657125105	15.192749026598417	0.0	0.0	
28.618773383624333	14.276408626102093	0.0	0.0	
30.844405037115816	22.372163376850843	0.0	0.0	
11.2485029376693	28.859995481660253	0.0	0.0	
19.884956964732478	23.11763756629576	0.0	0.0	
21.60222233505231	3.00312058599091	0.0	0.0	
5.980354477332547	7.682157757364678	0.0	0.0	
5.681445219455384	22.125010212491183	0.0	0.0	
31.37763373434063	19.8994641687298	0.0	0.0	
25.050704436383104	5.465776262433522	0.0	0.0	
27.231568696553953	28.999090066649174	0.0	0.0	
4.301905590576638	28.77954083495782	0.0	0.0	
31.12182626541669	25.382942667737808	0.0	0.0	
10.483629968899752	4.998592562090959	0.0	0.0	
19.16381000500337	31.830538924034	0.0	0.0	
15.922526536887815	20.5958490261572	0.0	0.0	
8.746341652368116	7.43166394952511	0.0	0.0	
7.933427193336229	31.42294671418458	0.0	0.0	
11.795549079792462	21.148276864632802	0.0	0.0	
14.336661131652107	15.076235983014037	0.0	0.0	
3.38320968418315	12.43355779545682	0.0	0.0	
14.168363223158188	4.444551394401419	0.0	0.0	
11.520196821459475	19.06752249431426	0.0	0.0	
15.011539353475424	10.289609418200747	0.0	0.0	
11.498552472257046	31.00314211452297	0.0	0.0	
7.3863239286713736	15.320830741252276	0.0	0.0	
18.6834754833661	29.153953601352864	0.0	0.0	
0.3732302408982484	14.607610363059706	0.0	0.0	
9.418402072319772	30.19890152224156	0.0	0.0	
1.8324695088237775	30.801347648107985	0.0	0.0	
14.104360541784317	6.198297311376258	0.0	0.0	
21.03760295369624	8.10190912062724	0.0	0.0	
23.067876705732846	30.54367690050526	0.0	0.0	
31.023377048928722	6.861973751688282	0.0	0.0	
22.362895239260364	5.379703266221405	0.0	0.0	
7.508363717719348	5.062529765958114	0.0	0.0	
24.655823423590657	20.075269729391128	0.0	0.0	
9.186635476455336	26.73929733959392	0.0	0.0	
17.63781073769481	24.089286656168326	0.0	0.0	
24.112532566761164	25.160793460123585	0.0	0.0	
17.290489955018277	25.35420049124514	0.0	0.0	
11.626529845230703	21.468499877097447	0.0	0.0	
8.873249132616579	9.124321974389492	0.0	0.0	
18.097441007905594	26.878890265615226	0.0	0.0	
8.938202511437282	5.3700579985714825	0.0	0.0	
7.143430924155101	17.318736025713857	0.0	0.0	
5.935976960193379	4.81907286851801	0.0	0.0	
8.187014582755477	11.454075706166694	0.0	0.0	
16.962809257523297	10.408954057430595	0.0	0.0	
13.773857795379175	15.139132074653748	0.0	0.0	
2.524026908728235	30.32237451355311	0.0	0.0	
14.393619444485186	31.879718606060813	0.0	0.0	
28.337899307454137	9.11787206248811	0.0	0.0	
0.7436843040535557	27.838691368272904	0.0	0.0	
11.212493345221702	16.803830133812497	0.0	0.0	
28.938173589184718	9.887445453234168	0.0	0.0	
14.491597037922592	25.30992391806661	0.0	0.0	
29.472247115047903	21.017522243561334	0.0	0.0	
19.39438073426645	4.995357168429102	0.0	0.0	
29.36618413871485	19.460079766629637	0.0	0.0	
11.098674252752929	20.685652772447757	0.0	0.0	
24.536115199190544	10.27245428457919	0.0	0.0	
31.01523106774311	30.403300073970208	0.0	0.0	
0.5548543763594012	4.4786702514814785	0.0	0.0	
12.213787980430439	24.68513350621153	0.0	0.0	
16.456247477273973	6.801943897371313	0.0	0.0	
13.819004391344869	10.97990958470547	0.0	0.0	
14.459521643611268	22.94885117318887	0.0	0.0	
19.544939378589596	23.963201839001638	0.0	0.0	
29.094824015843017	16.53961982046328	0.0	0.0	
12.261768445458681	12.903892202068047	0.0	0.0	
15.789563214023968	7.40490082341616	0.0	0.0	
4.653246898318201	1.0725797178266205	0.0	0.0	
20.03833412809098	31.517325546902967	0.0	0.0	
28.519261323492312	9.27917944197975	0.0	0.0	
28.642882907101132	11.051987683153836	0.0	0.0	
25.792689478618065	8.679618680500305	0.0	0.0	
10.106623287267208	0.5002359089566006	0.0	0.0	
7.276943845639561	2.0804806447797866	0.0	0.0	
17.266009580476677	27.959239848520205	0.0	0.0	
3.4192026391771755	24.81023910291769	0.0	0.0	
13.822650413840446	12.73570207417935	0.0	0.0	
22.322794028472696	29.286836447665934	0.0	0.0	
2.1456240984573114	10.21261879799335	0.0	0.0	
5.41004198713561	5.3751809967592195	0.0	0.0	
29.730624931099264	18.025648257853245	0.0	0.0	
21.78372387446785	5.2018190699372795	0.0	0.0	
28.41876079700297	21.362338591074487	0.0	0.0	
14.13123969881979	6.794321740098255	0.0	0.0	
12.718715276592828	4.3637926042225175	0.0	0.0	
28.54858429832411	16.335443449416502	0.0	0.0	
9.388554823406086	31.62784381397051	0.0	0.0	
1.3164052379050837	19.287439177476262	0.0	0.0	
19.95681276970425	23.17637421367295	0.0	0.0	
16.4040534548081	2.8181776093923396	0.0	0.0	
19.405173319231395	28.88883572831538	0.0	0.0	
16.74884384372031	6.293359891528073	0.0	0.0	
5.632513853447936	11.140640716854602	0.0	0.0	
3.1793202155646547	6.117421847366032	0.0	0.0	
1.7003155181357172	9.967004321521074	0.0	0.0	
27.179347940526096	10.825476126803682	0.0	0.0	
14.394548348430792	19.407221413079945	0.0	0.0	
9.974827941341907	23.61947088791146	0.0	0.0	
27.779701535483362	19.18842799571057	0.0	0.0	
6.3856634494804645	4.190314430032927	0.0	0.0	
24.22452906742277	16.843798500489758	0.0	0.0	
30.74312078301482	26.51052606710853	0.0	0.0	
2.8615778768402826	28.852173855787242	0.0	0.0	
31.29152798635717	23.438579565941396	0.0	0.0	
6.159951373837785	13.379655299325272	0.0	0.0	
29.980120046807325	14.338659552663	0.0	0.0	
21.99976298802862	6.714816279623946	0.0	0.0	
3.9579014255994345	0.12364550552431197	0.0	0.0	
20.83747714942896	30.686281262595376	0.0	0.0	
7.153352897286332	29.43588142130203	0.0	0.0	
5.5291382768148125	16.45995914101782	0.0	0.0	
8.669573719248472	1.0211553355270624	0.0	0.0	
2.326640472033276	4.340126668724981	0.0	0.0	
11.30682380867258	23.9504146795551	0.0	0.0	
19.28681978451138	0.3650998888176886	0.0	0.0	
23.148542845700025	8.214539456219303	0.0	0.0	
21.29590392391234	11.38277555862172	0.0	0.0	
31.965700596802016	15.37085127044135	0.0	0.0	
0.9037199834008831	24.624832834254338	0.0	0.0	
23.98344174632659	4.9053541721705365	0.0	0.0	
28.98737605460569	5.142781079583301	0.0	0.0	
22.747589842872387	0.406031535096556	0.0	0.0	
0.05327389729708898	20.816060607196487	0.0	0.0	
12.470418711593261	1.3808046716835278	0.0	0.0	
30.405294392380714	9.607461728794611	0.0	0.0	
30.95574052326829	22.36102982212075	0.0	0.0	
4.280671352826737	9.419343633156188	0.0	0.0	
22.626094118598534	13.338802157270486	0.0	0.0	
29.18424185589937	17.96694299345177	0.0	0.0	
30.296808452393666	17.060204464916342	0.0	0.0	
4.612129053903033	4.42044140969357	0.0	0.0	
11.998866822445855	8.12925333983091	0.0	0.0	
8.946205416809846	9.939385463608591	0.0	0.0	
20.541906992648258	15.681737858640421	0.0	0.0	
28.262784642241392	3.0516171923849598	0.0	0.0	
31.184842633344857	17.998987344467857	0.0	0.0	
12.778870725953613	5.716475069312509	0.0	0.0	
13.999864047897848	24.957311496066815	0.0	0.0	
27.821091310703764	29.745290514506188	0.0	0.0	
24.414977158194816	21.84766179819731	0.0	0.0	
29.17847969876804	17.734532087139414	0.0	0.0	
11.862533371051398	26.01828717337549	0.0	0.0	
5.471613573909554	15.874939032436224	0.0	0.0	
3.772807847676763	13.766108508715202	0.0	0.0	
24.200945857144326	17.98984320564223	0.0	0.0	
18.43480513531427	7.927240521160403	0.0	0.0	
23.730281165529444	18.894743395625667	0.0	0.0	
10.69804384891118	7.1455993698790365	0.0	0.0	
25.28954039275049	1.6778777820084585	0.0	0.0	
11.761608963389513	25.01972866213971	0.0	0.0	
4.075969210329667	2.6405518924588733	0.0	0.0	
18.72174759311357	16.253145225379736	0.0	0.0	
20.722779821939096	21.39362409101054	0.0	0.0	
9.32926008127476	24.623723922077644	0.0	0.0	
17.618792746655934	24.348520742524666	0.0	0.0	
20.777471726243935	11.937101706954472	0.0	0.0	
14.80118699261308	26.00330324954709	0.0	0.0	
7.412341419038302	24.935914678095394	0.0	0.0	
15.473751030909757	17.415407126677724	0.0	0.0	
7.073598762039747	31.538568116388724	0.0	0.0	
25.755451307802858	17.736159574249776	0.0	0.0	
8.612240331007953	29.427226003062852	0.0	0.0	
14.341575168726912	31.5909356373691	0.0	0.0	
1.0391330558634557	10.257548798306576	0.0	0.0	
25.212692796688334	24.021617930502742	0.0	0.0	
17.10248152144479	9.944377972605142	0.0	0.0	
24.77938619406288	12.433315886020548	0.0	0.0	
0.37793801713327113	13.908568640075938	0.0	0.0	
12.361427313943274	28.28743705911217	0.0	0.0	
19.17756694474439	12.493145707138265	0.0	0.0	
13.56424831937716	28.43903120778189	0.0	0.0	
29.588058951839148	20.09186945772579	0.0	0.0	
3.8638821942706123	7.724121016802638	0.0	0.0	
0.7479727426629275	13.340106974980397	0.0	0.0	
20.37205833367311	10.137844863966443	0.0	0.0	
22.293221050531812	7.604795733013827	0.0	0.0	
0.8236342146449225	21.98179726730743	0.0	0.0	
24.290754747929807	21.62153561822124	0.0	0.0	
2.7440437172909924	24.08586158580601	0.0	0.0	
20.609677493987956	1.7102229470988348	0.0	0.0	
29.103513824455145	8.938457835022646	0.0	0.0	
6.737132604659344	11.917975812390768	0.0	0.0	
20.413366313624493	23.1331485696525	0.0	0.0	
16.651559712054702	23.116255442819483	0.0	0.0	
14.009431649420574	30.66579729365816	0.0	0.0	
16.205387878489358	22.924548123885902	0.0	0.0	
3.5207910135973783	25.83577719162243	0.0	0.0	
24.002318462831266	19.48904871815661	0.0	0.0	
10.695838620679183	3.574955043989423	0.0	0.0	
20.786973186881315	1.0740536669344571	0.0	0.0	
13.906017154693167	30.548519607532654	0.0	0.0	
22.6289788993478	7.09816302077401	0.0	0.0	
5.98031611433316	1.1540898638755017	0.0	0.0	
14.38429735950869	6.803754893550433	0.0	0.0	
3.6596282027689746	19.36597900085207	0.0	0.0	
17.30204361675599	12.494162374999753	0.0	0.0	
1.9160762520881605	22.077399877868054	0.0	0.0	
10.303691134601113	29.86920353017077	0.0	0.0	
24.61760573357145	25.703002604219492	0.0	0.0	
18.076656953376073	14.322130981260067	0.0	0.0	
29.392294543832147	30.033865448356412	0.0	0.0	
2.12188828414029	9.431299690357896	0.0	0.0	
5.231659238729264	16.48748124169523	0.0	0.0	
8.27148827253459	1.706159161030488	0.0	0.0	
15.554226541272541	7.559108594380831	0.0	0.0	
15.370981358180092	28.79318597209474	0.0	0.0	
10.422557672490061	14.023920723167588	0.0	0.0	
26.86484148695586	18.534765772849205	0.0	0.0	
11.746221147337742	8.234380978028504	0.0	0.0	
27.768279658721507	10.042089244947249	0.0	0.0	
11.669143291290737	30.478013278341898	0.0	0.0	
7.876621576590061	18.16706514695411	0.0	0.0	
18.101353089382467	27.595034860262846	0.0	0.0	
19.26047848825584	14.16963975176725	0.0	0.0	
2.262593167307621	28.85266795612829	0.0	0.0	
2.0811440285739238	2.6906761096104006	0.0	0.0	
5.2390312733121505	28.849616431089064	0.0	0.0	
18.488839870037424	9.585253039105332	0.0	0.0	
9.766335212172756	12.568091250557991	0.0	0.0	
0.3204498344184934	30.44744967154711	0.0	0.0	
12.764082275972793	27.45224173584323	0.0	0.0	
5.524876052039954	15.043246084336502	0.0	0.0	
19.439082405637294	21.55281314272381	0.0	0.0	
4.071341987223089	6.587519635481339	0.0	0.0	
30.676960687308693	18.45684371721625	0.0	0.0	
11.84383327771668	26.11391686344322	0.0	0.0	
12.832557578803932	22.808322858247543	0.0	0.0	
31.864314774172165	2.345979711790026	0.0	0.0	
27.803590437502162	6.427931147724518	0.0	0.0	
5.95954972429595	23.417661958187843	0.0	0.0	
25.171628343411165	17.24043821977288	0.0	0.0	
26.415666615788226	23.62049833838362	0.0	0.0	
6.601449734188613	19.488309115993683	0.0	0.0	
29.06564350930101	6.4071118019043105	0.0	0.0	
23.798004620421125	4.505265032893522	0.0	0.0	
11.224201197681396	5.497276233263147	0.0	0.0	
11.826729253048576	10.64663786936072	0.0	0.0	
13.77246257086114	9.516124383163667	0.0	0.0	
17.428962409636664	27.691628829024634	0.0	0.0	
4.3838310869179935	21.028385879218238	0.0	0.0	
1.5850329018588063	10.532518033193096	0.0	0.0	
6.648371297051401	29.92939990767522	0.0	0.0	
12.63722375657294	31.72717910505188	0.0	0.0	
23.729394638819805	11.44868485515919	0.0	0.0	
28.37762874942208	2.090256525934045	0.0	0.0	
23.770569798027857	1.9179330202202038	0.0	0.0	
0.05938866251840125	30.16030378837137	0.0	0.0	
6.072269825316734	8.482399645983012	0.0	0.0	
6.6719054226380585	20.785460319993575	0.0	0.0	
1.3459799221358928	27.929601266772167	0.0	0.0	
22.216081125426896	5.82277964661564	0.0	0.0	
9.991001461097742	9.044516635554245	0.0	0.0	
4.857127167082407	26.256010784765106	0.0	0.0	
19.76553583738584	27.244126956578935	0.0	0.0	
23.896836238571776	11.355330406571362	0.0	0.0	
14.70897744886743	10.386319867755521	0.0	0.0	
19.996594916397413	5.299669783742164	0.0	0.0	
8.744457278694863	24.7859948582465	0.0	0.0	
15.603131515713823	9.904832495306952	0.0	0.0	
18.323380414008977	23.677962107402724	0.0	0.0	
11.520355033964417	18.353208806731793	0.0	0.0	
24.053042158690346	15.636811674011739	0.0	0.0	
16.203405739518967	7.47793878168234	0.0	0.0	
24.26554705404899	10.23751787260099	0.0	0.0	
25.93685984293874	4.833110197429814	0.0	0.0	
1.7430440348509926	4.176275077724235	0.0	0.0	
24.54635500932735	16.17451566310045	0.0	0.0	
1.4324634793416493	6.440443744867196	0.0	0.0	
1.46257987441032	15.898278034862031	0.0	0.0	
27.54932002856907	3.4554314001038904	0.0	0.0	
13.132660053357029	2.9851306317044752	0.0	0.0	
30.362413668633113	12.92026110205222	0.0	0.0	
5.679450292277352	21.928820211656287	0.0	0.0	
24.298919680870046	13.788996150959541	0.0	0.0	
0.3604661605559727	21.36856391887284	0.0	0.0	
16.172064234938816	8.943520477541533	0.0	0.0	
15.89109331190204	15.536554757891736	0.0	0.0	
0.7341034627510936	1.0403941640487524	0.0	0.0	
6.489665238908241	6.884971702607359	0.0	0.0	
22.004366690053885	21.332174820879942	0.0	0.0	
8.220826334478357	3.9692928863729584	0.0	0.0	
6.470162077113745	28.006534959612843	0.0	0.0	
8.238875518694527	26.930488324506417	0.0	0.0	
10.440351492369235	24.736070742953626	0.0	0.0	
3.7649450533578595	30.79749414608767	0.0	0.0	
31.851701965115296	30.39133948564322	0.0	0.0	
5.4000773810112115	12.590509418650587	0.0	0.0	
26.069455463556658	21.036066675136354	0.0	0.0	
14.872329331532153	4.207572424190907	0.0	0.0	
0.205283893448577	23.16800205015372	0.0	0.0	
31.534618716007536	4.443429663130544	0.0	0.0	
25.983022987962084	20.204212427171225	0.0	0.0	
25.98119576384134	17.987887767928214	0.0	0.0	
10.38518098660155	18.117658868163854	0.0	0.0	
20.444926328459967	5.244896516625651	0.0	0.0	
7.298358623075838	1.9369318831058493	0.0	0.0	
16.057680790132245	24.57642962863549	0.0	0.0	
15.204733281542772	28.484401725033678	0.0	0.0	
7.684684142044695	4.0018394751412565	0.0	0.0	
18.7368222336335	21.31868691770624	0.0	0.0	
9.875826973674556	3.743576601432178	0.0	0.0	
23.00044116333269	0.5536676415431323	0.0	0.0	
15.687351776915957	8.446831469191672	0.0	0.0	
31.268253365569098	6.952151875962954	0.0	0.0	
15.900487432706967	21.78333724335387	0.0	0.0	
24.580419867002025	3.235628884370076	0.0	0.0	
3.4270474011212357	23.807593121333095	0.0	0.0	
2.339182124377256	31.432023611796847	0.0	0.0	
21.26067428940556	19.652648657979594	0.0	0.0	
30.679290877514394	16.488087530592182	0.0	0.0	
12.267288022051329	17.918615489795513	0.0	0.0	
25.567544114099118	20.860369166530404	0.0	0.0	
17.811121906885585	9.667425478402972	0.0	0.0	
9.154241347904986	18.781770165318814	0.0	0.0	
21.503966458378233	25.337326876209755	0.0	0.0	
2.940473683754089	28.03157878217652	0.0	0.0	
25.453840303280792	20.319287500712427	0.0	0.0	
28.563123270136874	27.80907295491046	0.0	0.0	
19.67755404931569	29.81461769431389	0.0	0.0	
3.427509230590786	11.977264447312646	0.0	0.0	
28.097188511780754	3.952927776222513	0.0	0.0	
1.3511897314182875	18.046614584696375	0.0	0.0	
23.757036637029657	21.56766559319601	0.0	0.0	
0.984940020578069	0.2766521490765719	0.0	0.0	
9.901855641816276	25.51609352803816	0.0	0.0	
10.364586309065842	16.30837884147598	0.0	0.0	
2.8817366559261792	20.44521381311351	0.0	0.0	
1.388334098900362	23.213895629580076	0.0	0.0	
7.904376659752774	31.464368737653295	0.0	0.0	
18.488835446524657	11.666326891584887	0.0	0.0	
4.803660053079099	31.009734303743702	0.0	0.0	
28.92309060289069	19.701708333104893	0.0	0.0	
31.659932353171083	26.617810628784138	0.0	0.0	
25.99814403490184	29.382024459840498	0.0	0.0	
11.31377245056727	0.2886056979620193	0.0	0.0	
14.732799102028373	3.1726810678862094	0.0	0.0	
9.669457896834459	12.515960016282268	0.0	0.0	
28.8032627319621	20.55895144329895	0.0	0.0	
10.674935293809305	2.2991927527206535	0.0	0.0	
24.871095601495007	1.175242220220138	0.0	0.0	
7.374570372821221	11.290135837535072	0.0	0.0	
23.625766938032854	14.070156190222622	0.0	0.0	
25.252974890916676	13.564768189922372	0.0	0.0	
1.938180415769022	19.727967302469775	0.0	0.0	
16.853723460497896	25.86500646188219	0.0	0.0	
29.152341901875108	9.649081579193375	0.0	0.0	
4.180129869513532	31.190560925138087	0.0	0.0	
31.076621617037237	4.480084595318271	0.0	0.0	
12.355148440062152	25.78384932431134	0.0	0.0	
28.612770479131562	15.650667762192125	0.0	0.0	
6.5962992628223525	26.43612484497426	0.0	0.0	
5.186960276401432	8.236381807855757	0.0	0.0	
27.660692307792072	12.578218396648683	0.0	0.0	
26.390606119216912	25.829988990138215	0.0	0.0	
6.722137373402845	0.6420803261592098	0.0	0.0	
6.358220712545894	30.706724407638145	0.0	0.0	
28.572946912061735	8.035253928666872	0.0	0.0	
14.890240143959122	5.335871058461702	0.0	0.0	
4.532300052957687	1.3265804164458288	0.0	0.0	
10.741291696123671	15.564660551042163	0.0	0.0	
15.38482210377527	26.321032239438097	0.0	0.0	
25.503719226906306	1.4722173780853218	0.0	0.0	
24.09561721426656	18.29944332282473	0.0	0.0	
29.316527324047044	10.613516993991052	0.0	0.0	
19.236725834283696	28.749565986218958	0.0	0.0	
31.301561645125272	7.401013436181607	0.0	0.0	
29.602720685656767	2.9110825476357647	0.0	0.0	
17.694896298847272	25.2533208980228	0.0	0.0	
8.172420452419729	7.035259353404225	0.0	0.0	
19.776919233839653	22.548997036166025	0.0	0.0	
12.031321265684632	3.4011287811733553	0.0	0.0	
7.682153412670374	22.72440820492434	0.0	0.0	
18.13670878194696	24.113185065801257	0.0	0.0	
13.111521903824258	19.93325975107443	0.0	0.0	
20.17702967039687	30.76999107078279	0.0	0.0	
0.449347809093382	17.658506078772664	0.0	0.0	
15.467192422706244	30.021858027157112	0.0	0.0	
25.408584439998137	6.546028809036301	0.0	0.0	
9.878847636015482	7.298889430363303	0.0	0.0	
9.229218134281446	21.276649391612388	0.0	0.0	
22.99715824687508	15.615335816856078	0.0	0.0	
3.343372452807042	18.1557720521811	0.0	0.0	
30.90539877030016	3.942113515575226	0.0	0.0	
11.985598433057632	2.810742077003308	0.0	0.0	
8.532857792886432	5.000526054067862	0.0	0.0	
9.58032301927971	5.7554828347368705	0.0	0.0	
15.672354864274002	15.435419921722588	0.0	0.0	
7.922420871856726	12.089902109083603	0.0	0.0	
10.795910066131995	28.796492719599367	0.0	0.0	
29.36534680883416	22.415926833624816	0.0	0.0	
9.303729948066547	11.322416576846688	0.0	0.0	
8.965284530064388	19.771966253141912	0.0	0.0	
2.2288010673517746	23.40790923300106	0.0	0.0	
23.591959334763512	20.559630425566482	0.0	0.0	
28.803534536895558	9.443766441285288	0.0	0.0	
7.2683037411641145	9.506602197008839	0.0	0.0	
26.596400428571215	3.6746299777512483	0.0	0.0	
23.839047360483512	16.193740732180743	0.0	0.0	
11.897342557752992	8.112962623252045	0.0	0.0	
13.123018138132789	12.068226467509259	0.0	0.0	
14.163957879116047	25.404698038185945	0.0	0.0	
3.6436010225092694	18.980160073249017	0.0	0.0	
16.602854340195464	28.380206522884336	0.0	0.0	
22.402287597205177	25.136956837807404	0.0	0.0	
5.858258237066892	10.627965567773796	0.0	0.0	
8.653232980116382	19.358761923567208	0.0	0.0	
7.923584828931077	21.456035132897327	0.0	0.0	
1.3169921298497371	8.653939684080058	0.0	0.0	
22.50687103280399	24.555628140292644	0.0	0.0	
1.7730390099419004	19.115731125053863	0.0	0.0	
6.7491549240209565	15.08896504405952	0.0	0.0	
18.952213132716306	4.989885270593927	0.0	0.0	
17.417809008904523	19.003406180842564	0.0	0.0	
5.787939322014598	2.946663410933901	0.0	0.0	
9.864643258417765	6.3975189508811425	0.0	0.0	
25.034929595367057	27.454195936367334	0.0	0.0	
30.894045875936946	25.150953614025084	0.0	0.0	
10.238271141548488	12.165805359546873	0.0	0.0	
14.985846750991506	24.645410885913236	0.0	0.0	
24.17150176052098	6.7502816698187615	0.0	0.0	
31.53872489154169	5.447965041021398	0.0	0.0	
3.0325968972404063	10.216811851339571	0.0	0.0	
24.1156703192755	25.41548824628983	0.0	0.0	
2.705771811304114	10.127467490677368	0.0	0.0	
6.998318306732511	11.098108570246573	0.0	0.0	
13.241274362895954	30.86666367600209	0.0	0.0	
20.801820598393366	1.2980876027310657	0.0	0.0	
22.534553780402845	21.14030429516465	0.0	0.0	
26.891079332716814	0.9825128177977049	0.0	0.0	
14.07235672376834	19.194605557210455	0.0	0.0	
17.66910549668883	7.834199120596711	0.0	0.0	
18.898645808783943	5.353454274482569	0.0	0.0	
11.889872321870012	16.256081897025872	0.0	0.0	
1.9931867501568625	20.673885584576738	0.0	0.0	
26.901825775755263	5.967872127358916	0.0	0.0	
8.215798905860453	27.36911021369239	0.0	0.0	
31.018848922861817	3.2398099158938827	0.0	0.0	
23.69787427797341	13.890952023390344	0.0	0.0	
16.511382657307585	13.054660486675584	0.0	0.0	
6.584409127361532	15.313128968085898	0.0	0.0	
15.11727523298875	29.29931702814292	0.0	0.0	
2.5060979247634663	13.036306423722472	0.0	0.0	
30.164677189242507	1.4484573656878332	0.0	0.0	
11.403502715002766	1.6370236011775532	0.0	0.0	
24.57837868972587	2.0238795349604146	0.0	0.0	
13.360343096267439	31.622560313150384	0.0	0.0	
10.54241923665833	23.206342720562986	0.0	0.0	
21.990287245038196	17.792827961189147	0.0	0.0	
15.298100239620481	10.203443812855525	0.0	0.0	
7.2194169928530165	23.296672941813668	0.0	0.0	
12.36822745735801	19.231771349028442	0.0	0.0	
16.940980799718137	15.862173617392145	0.0	0.0	
31.02471115619207	9.083438078925507	0.0	0.0	
23.98537515069163	24.632855977108935	0.0	0.0	
6.405071665423296	17.298422931710135	0.0	0.0	
25.23569728090204	24.729677072583502	0.0	0.0	
19.163119626044402	8.273663260908656	0.0	0.0	
23.098511168224636	9.978488944891282	0.0	0.0	
20.367680050133988	1.7604479262401433	0.0	0.0	
4.305801146076192	10.45289012272216	0.0	0.0	
21.725871221886234	24.523215282156194	0.0	0.0	
25.659303052406234	9.962101869509816	0.0	0.0	
6.181446517535221	14.081808759822266	0.0	0.0	
20.147786825152135	16.466069313061702	0.0	0.0	
22.69307865550235	6.42465739369398	0.0	0.0	
26.76792506949267	30.77344678551219	0.0	0.0	
11.807645308473738	21.874508614688434	0.0	0.0	
20.121235406459455	11.849754185653904	0.0	0.0	
12.250506095744182	31.47827896090388	0.0	0.0	
1.4657098837084455	2.304217786883253	0.0	0.0	
28.34971516113969	25.249698253374447	0.0	0.0	
9.78998514846295	9.295029526268603	0.0	0.0	
10.907816314876676	24.973104978456966	0.0	0.0	
8.250872478232434	22.196325734182086	0.0	0.0	
9.417295265476454	17.692762801396945	0.0	0.0	
2.107330645100383	13.482675306039106	0.0	0.0	
11.526475630224411	11.317616193937745	0.0	0.0	
22.082436609770586	19.893579609451283	0.0	0.0	
0.2243301540181939	26.807163570520252	0.0	0.0	
12.415998802075865	4.74384592759268	0.0	0.0	
3.5494782219661722	14.384706777102572	0.0	0.0	
2.6289107140376338	31.691052267138986	0.0	0.0	
9.967717865205792	8.760781058937727	0.0	0.0	
9.756297478777174	21.148476747876558	0.0	0.0	
14.072335746240288	17.06153071184326	0.0	0.0	
23.84777610867744	23.731338573845992	0.0	0.0	
10.491329130341363	30.282808168134256	0.0	0.0	
0.06182580859516307	28.256432483248545	0.0	0.0	
11.548416553800543	24.058947332861944	0.0	0.0	
20.537106125159863	17.951934716115087	0.0	0.0	
7.320937979844626	26.31319689869026	0.0	0.0	
30.46647271310297	2.6156340390230675	0.0	0.0	
1.5047667747183873	28.093463542398556	0.0	0.0	
17.73343409392112	27.03922449790954	0.0	0.0	
20.037592839757316	0.6454856840209295	0.0	0.0	
1.2025786696387968	15.919625772896556	0.0	0.0	
22.125456857493475	7.928896012743397	0.0	0.0	
20.14773974036518	27.70020457431042	0.0	0.0	
3.971664625678585	14.04549736393409	0.0	0.0	
17.084914867972387	9.14557127843079	0.0	0.0	
25.401084800738968	20.079608905150256	0.0	0.0	
6.151967645693894	8.522313112877164	0.0	0.0	
27.008527112958195	14.299203749320775	0.0	0.0	
19.092821952447164	17.38588004246509	0.0	0.0	
31.4805930126155	6.146558603640575	0.0	0.0	
30.3469139719563	30.247362509004272	0.0	0.0	
11.67452353360068	29.0596321015251	0.0	0.0	
16.23694678665688	5.3386644052138195	0.0	0.0	
12.914003193659035	8.358650117317481	0.0	0.0	
20.84957746733227	1.9177117287192331	0.0	0.0	
4.045444033281157	27.717979006663416	0.0	0.0	
23.663414095647358	8.925794437647443	0.0	0.0	
8.700614058337113	25.41451259469584	0.0	0.0	
20.002009858333455	27.349464059831423	0.0	0.0	
9.7471341398135	8.151509770467026	0.0	0.0	
11.503480095584152	11.026780319599666	0.0	0.0	
22.74788657971141	8.209544153729805	0.0	0.0	
0.10511963260927004	31.087072497351613	0.0	0.0	
26.109019049926765	17.940168623671315	0.0	0.0	
10.944003467148118	30.717012340966594	0.0	0.0	
18.885815908530855	23.051535988347165	0.0	0.0	
2.398606372250647	11.882997198531442	0.0	0.0	
29.217332662512742	3.1696270232260098	0.0	0.0	
26.81144406831749	12.774495868828513	0.0	0.0	
21.916935121078893	23.1899032515456	0.0	0.0	
10.072897104330956	1.7964787961553128	0.0	0.0	
3.4975733451950894	2.389246013277102	0.0	0.0	
10.33762364145096	31.69666326731788	0.0	0.0	
14.462942220457794	18.670954374638097	0.0	0.0	
26.385632963800845	4.344422681876793	0.0	0.0	
12.231348940652584	21.274562189374052	0.0	0.0	
7.74976644308077	14.153174414361192	0.0	0.0	
20.73757428700031	21.69617422643996	0.0	0.0	
7.6727999238720415	20.513463225867646	0.0	0.0	
13.176583244676323	24.144895927886484	0.0	0.0	
13.323419118387225	31.77218689593324	0.0	0.0	
19.82155477726187	27.325848409491112	0.0	0.0	
21.107405264866273	16.06295323825523	0.0	0.0	
23.359177517578516	2.0669611418762095	0.0	0.0	
28.81363868065998	8.881061271412243	0.0	0.0	
13.165616159352442	21.663341997784688	0.0	0.0	
30.55714059640034	15.008180122588275	0.0	0.0	
18.106696465712123	17.0221007768405	0.0	0.0	
21.265364006347557	22.12179534362137	0.0	0.0	
11.879617041822751	23.50804008312059	0.0	0.0	
29.3357025098636	20.075707488415123	0.0	0.0	
9.87716376152477	19.186998988603776	0.0	0.0	
28.51027836507467	26.23042930779579	0.0	0.0	
22.51771654848172	21.35158134354372	0.0	0.0	
7.275640908340083	30.873856146136372	0.0	0.0	
8.982417851925629	31.348225355775934	0.0	0.0	
4.251773456119643	20.747732889142537	0.0	0.0	
