2
32.0	0.0	0.0	0.0	
0.0	32.0	0.0	0.0	
28.957278053949366	23.785826015667492	0.0	0.0	
27.90690902950722	28.9327256863365	0.0	0.0	
27.789640014974687	22.2654651575972	0.0	0.0	
5.914555097597827	3.32633631541918	0.0	0.0	
4.351450121798781	14.217609523148425	0.0	0.0	
9.751112506874932	23.624349252930678	0.0	0.0	
10.812060336682254	16.166382272045336	0.0	0.0	
2.2174162112688762	2.1670388104341534	0.0	0.0	
19.639732699321286	3.941074052425215	0.0	0.0	
3.60092039934349	18.28707181193294	0.0	0.0	
4.80552595003131	14.054816625976336	0.0	0.0	
12.09161352874915	4.987434115330597	0.0	0.0	
23.42626617644067	27.77817263692571	0.0	0.0	
7.69095539750257	24.969157181371543	0.0	0.0	
1.6441735420510568	8.37627932441568	0.0	0.0	
22.94933391983187	6.913340753835694	0.0	0.0	
15.243403608661065	10.669137542404073	0.0	0.0	
23.944590236619682	2.201206526386809	0.0	0.0	
24.87599271997493	23.248708963167584	0.0	0.0	
16.05579356639154	9.714222243372333	0.0	0.0	
7.037101762300413	30.781234503596657	0.0	0.0	
12.866763229403478	4.2527833622424716	0.0	0.0	
10.352886600170702	5.966184597662995	0.0	0.0	
18.692755230603726	0.5047657561155106	0.0	0.0	
20.095314631938347	30.66347821734986	0.0	0.0	
11.395901617977064	22.103181299923488	0.0	0.0	
14.25346631963896	27.533134988972787	0.0	0.0	
16.863206297267514	0.04139578036951619	0.0	0.0	
26.52019011008965	14.133432018307666	0.0	0.0	
6.27944734770724	5.491232808246561	0.0	0.0	
19.617370218444623	19.60868111047853	0.0	0.0	
9.6876691576024	24.54834516648155	0.0	0.0	
0.21472569910945793	24.97233790837545	0.0	0.0	
11.600892417829883	29.26586220181591	0.0	0.0	
12.875033967856638	3.5004324960742856	0.0	0.0	
26.738461337931575	5.362132262066712	0.0	0.0	
24.710805192023432	27.209530923942694	0.0	0.0	
27.659891180356276	29.884393671599053	0.0	0.0	
29.254229708317677	22.47742189524403	0.0	0.0	
0.3519751003987892	8.156563630374471	0.0	0.0	
30.22264219742662	28.917229147841987	0.0	0.0	
7.745409456524175	6.217638139554538	0.0	0.0	
18.245618599745352	10.804319502575357	0.0	0.0	
24.234266710440703	20.73591423331938	0.0	0.0	
21.923016158223355	18.150927421226275	0.0	0.0	
20.48928542789149	21.291065118746317	0.0	0.0	
18.23901525724842	2.803624053499881	0.0	0.0	
24.25872664804647	17.541766850937577	0.0	0.0	
4.403215105432384	6.638567119828551	0.0	0.0	
1.6400787926446867	19.10097461170413	0.0	0.0	
3.3175306928410997	13.443723558640599	0.0	0.0	
20.60781229353815	26.640207175092424	0.0	0.0	
26.132265725824237	19.00825848388318	0.0	0.0	
28.831177962910612	3.3019529474365363	0.0	0.0	
6.888931213690398	20.747617628794433	0.0	0.0	
12.087477789229968	16.2412563884144	0.0	0.0	
18.7837549810997	14.174666656008842	0.0	0.0	
12.124831961272704	14.101841756443143	0.0	0.0	
14.461027927946006	3.4186835440311043	0.0	0.0	
2.2042812926220314	18.521516727809285	0.0	0.0	
29.12167850554772	8.126504109138427	0.0	0.0	
28.338806027996057	17.17249660771459	0.0	0.0	
23.210271996833274	28.54238044026484	0.0	0.0	
4.365464998676778	26.54920914555775	0.0	0.0	
8.888587632345104	15.817742326665794	0.0	0.0	
12.964539833367372	13.106583279528305	0.0	0.0	
2.9403446014413426	13.717876289012828	0.0	0.0	
3.7359464124109856	7.740291127080603	0.0	0.0	
23.612731381251884	13.066169587691352	0.0	0.0	
8.241269643577347	28.055023041735783	0.0	0.0	
0.7907317650000714	19.44254682644574	0.0	0.0	
2.3321377135295194	15.01561252052949	0.0	0.0	
9.600313508990702	19.145443983789008	0.0	0.0	
14.836444277096508	15.632050251513306	0.0	0.0	
7.63727326681968	13.104667523906233	0.0	0.0	
4.84111878591921	2.759418015136447	0.0	0.0	
26.550984011705157	20.007962147974887	0.0	0.0	
7.416130626582955	18.148710513158388	0.0	0.0	
18.137929447747737	10.38141611942535	0.0	0.0	
12.487595936515259	12.626414933910972	0.0	0.0	
30.02077298622533	10.114533237912074	0.0	0.0	
22.635224187526426	21.205030025308794	0.0	0.0	
5.612947686101428	5.057842641904607	0.0	0.0	
0.5365030041043468	21.739405817934536	0.0	0.0	
18.901889476623857	4.569936222651773	0.0	0.0	
11.21506834815403	25.524552856205545	0.0	0.0	
17.952784651763487	4.413251824474944	0.0	0.0	
6.2805962129112025	7.028601182754866	0.0	0.0	
3.6592164753381624	26.1306603499108	0.0	0.0	
24.44912594470137	15.506117094938187	0.0	0.0	
27.273643026394662	10.824804435716008	0.0	0.0	
6.155521520151769	7.871820999353044	0.0	0.0	
4.941000697211486	3.1932846341289185	0.0	0.0	
3.3588390685704645	28.723871540369206	0.0	0.0	
9.618936985981296	18.498129559179706	0.0	0.0	
3.5323197792636094	29.14262507812685	0.0	0.0	
29.979279351127566	4.292493068979837	0.0	0.0	
16.46564448139554	31.927724394475796	0.0	0.0	
30.315796350948485	1.3281857983608667	0.0	0.0	
20.81791768888865	28.163276517410356	0.0	0.0	
22.79026118627857	27.206108042271314	0.0	0.0	
11.7790760346501	17.090367454503404	0.0	0.0	
26.602965550482022	31.310545766756526	0.0	0.0	
31.162505245874677	7.508435805282716	0.0	0.0	
4.986058541057233	23.282632060917052	0.0	0.0	
16.005918504855664	26.720092376855682	0.0	0.0	
31.887645114284716	5.505854699501175	0.0	0.0	
11.230672824817947	23.640515977435673	0.0	0.0	
18.737702289407764	13.442636994282744	0.0	0.0	
0.7233776972876385	29.68328583200943	0.0	0.0	
8.76090052913387	15.556146065696435	0.0	0.0	
6.198477843547863	6.330989138233374	0.0	0.0	
15.625229459791282	13.376407077560202	0.0	0.0	
11.555109495062752	8.623187525904768	0.0	0.0	
5.890031514390024	6.685029287181372	0.0	0.0	
24.180572142265813	16.069858329864516	0.0	0.0	
10.1167078717382	25.904259639287588	0.0	0.0	
20.626598986938934	15.954320751429364	0.0	0.0	
18.307746360547984	22.841399495303843	0.0	0.0	
12.392631474825418	0.056762460136130954	0.0	0.0	
22.022337044103047	17.58372525286091	0.0	0.0	
30.184479508686717	9.4386340373023	0.0	0.0	
5.408352577377702	6.223351295418116	0.0	0.0	
21.534404118260895	14.57754725374679	0.0	0.0	
24.521186958993603	26.206089058996916	0.0	0.0	
6.6037748530697264	6.487773033024013	0.0	0.0	
29.016618789171673	8.28536262174773	0.0	0.0	
6.713855107675677	23.32285741360089	0.0	0.0	
8.008796046685802	30.764296939047835	0.0	0.0	
15.48506011310769	6.663566903281762	0.0	0.0	
16.525823531986866	3.101130479521295	0.0	0.0	
18.28344375647155	21.254479726157935	0.0	0.0	
27.70770889416854	29.161671577635303	0.0	0.0	
19.77635168881256	26.124775153652134	0.0	0.0	
11.017216005138934	8.537489823097001	0.0	0.0	
8.091279657070952	23.873568943820178	0.0	0.0	
0.8509586143327184	26.335026219224655	0.0	0.0	
23.059589896049996	0.4816611417943051	0.0	0.0	
30.632264155003842	2.914605136238137	0.0	0.0	
20.162226154119796	18.065837311964074	0.0	0.0	
6.1660400074247015	7.170963201447133	0.0	0.0	
5.068833211620063	21.30884958175535	0.0	0.0	
27.07926197429505	1.2163126880236312	0.0	0.0	
27.345246562442128	31.093964617420745	0.0	0.0	
13.344887712362954	14.615210502687397	0.0	0.0	
7.895906227775608	26.636592452024008	0.0	0.0	
12.788201196387877	15.714589442539634	0.0	0.0	
5.038194169236508	21.064799084092993	0.0	0.0	
18.84327115919604	1.7816261482138351	0.0	0.0	
21.29175076403614	19.13984507054882	0.0	0.0	
9.574124514502763	8.9984845849967	0.0	0.0	
28.229357647223324	18.395876969733106	0.0	0.0	
11.624060261912163	8.198977323205266	0.0	0.0	
19.8047186190916	26.172629207729063	0.0	0.0	
21.578020701162522	25.23516407048629	0.0	0.0	
24.168224099643037	19.011780373328815	0.0	0.0	
24.942372893022622	23.827878386837796	0.0	0.0	
30.916575762714842	30.595748377139675	0.0	0.0	
18.118534916040844	9.602816664463887	0.0	0.0	
31.15494678917754	14.506701738092143	0.0	0.0	
12.43887931284052	18.835650373106965	0.0	0.0	
18.708806881615175	19.84565106553983	0.0	0.0	
29.449194150281844	23.374448001105534	0.0	0.0	
15.654571939419334	2.518418428284736	0.0	0.0	
6.1203636266633055	31.584863554855914	0.0	0.0	
23.27749162559264	27.671105012389614	0.0	0.0	
28.165801316252114	19.801256848975456	0.0	0.0	
23.269865410257285	24.59855191631521	0.0	0.0	
24.82424390185514	15.729608837468525	0.0	0.0	
6.720143217300691	4.145239911732471	0.0	0.0	
18.221973041589944	22.619072324329615	0.0	0.0	
20.642822275845436	31.581974817820612	0.0	0.0	
31.364703638747002	3.347159643651768	0.0	0.0	
25.265745926863886	7.010287816843913	0.0	0.0	
20.529304034140914	6.604484048835388	0.0	0.0	
16.939676273494555	11.135969745580152	0.0	0.0	
19.3866663936423	28.270463611800178	0.0	0.0	
5.153739889604225	18.231416029911596	0.0	0.0	
13.017202721669591	16.5210705394755	0.0	0.0	
10.28739943061705	17.731023813984333	0.0	0.0	
25.129633637608098	4.226820390163013	0.0	0.0	
4.826060101354905	8.62997622293776	0.0	0.0	
20.676857168966173	25.346801109286783	0.0	0.0	
15.539194778119732	25.059463987063243	0.0	0.0	
26.563399857093827	9.25953632368994	0.0	0.0	
10.160505536125576	15.397578858219422	0.0	0.0	
24.82229947890675	12.06462300715317	0.0	0.0	
10.160003096375164	23.9767606161929	0.0	0.0	
24.55101612053722	25.556832464268886	0.0	0.0	
27.20066247870633	21.97349147025662	0.0	0.0	
5.212135732081865	12.64420607293555	0.0	0.0	
22.16164227164535	0.2543177865239663	0.0	0.0	
2.1100397080857896	22.695775056383816	0.0	0.0	
0.6216401442798514	17.978953279871444	0.0	0.0	
31.51713005063089	0.6237236456635991	0.0	0.0	
29.26359258545724	27.670427922304583	0.0	0.0	
18.647240435032735	24.171612548945454	0.0	0.0	
31.490766225740828	31.57340578527614	0.0	0.0	
30.709039673601886	7.055725007237161	0.0	0.0	
29.3020145821331	13.380076875726001	0.0	0.0	
17.761979667486845	22.6795058702644	0.0	0.0	
18.502495267527667	20.18747657844832	0.0	0.0	
6.407350452985032	11.132313824305061	0.0	0.0	
22.359148743901876	23.78575082693748	0.0	0.0	
26.08242775799085	1.284923396700286	0.0	0.0	
0.19363785744318562	11.359163304441243	0.0	0.0	
26.555886231795075	14.646643189939784	0.0	0.0	
27.47656229124622	24.691929580095728	0.0	0.0	
19.998925759144427	5.795379835568067	0.0	0.0	
15.128687117049935	17.005214042729893	0.0	0.0	
5.602378389476829	3.982680946336682	0.0	0.0	
22.467563186698733	11.951915209436983	0.0	0.0	
12.859306936751388	15.96989710951063	0.0	0.0	
26.647774432184775	13.170981338147342	0.0	0.0	
9.572007488395059	4.812012372895495	0.0	0.0	
0.526013779137088	28.782898832699107	0.0	0.0	
11.929203915103912	28.516550395290096	0.0	0.0	
11.789098719581148	0.15529116918826702	0.0	0.0	
11.84763496218407	31.742895775172343	0.0	0.0	
7.821564144267665	20.939644686701385	0.0	0.0	
21.63252022366484	4.8119355344073895	0.0	0.0	
19.472591047429074	0.5694632433831224	0.0	0.0	
30.292153071341694	20.381762833676863	0.0	0.0	
19.26173079659518	8.960918301599172	0.0	0.0	
19.92780255304956	1.61048785089627	0.0	0.0	
12.832788495557502	6.645319360885811	0.0	0.0	
2.9283465940578495	27.9546289393466	0.0	0.0	
9.942125381464326	2.3194210452964192	0.0	0.0	
20.858763647949022	19.79697179649	0.0	0.0	
14.118560764954598	17.816219598603922	0.0	0.0	
26.818307771640672	20.381490099374275	0.0	0.0	
10.436628605113913	15.15650707732945	0.0	0.0	
10.443366146463205	10.945633719245699	0.0	0.0	
12.269350601167151	28.914828445391507	0.0	0.0	
17.68449859285097	15.775065246170087	0.0	0.0	
29.813492722746062	16.180996771186887	0.0	0.0	
19.011537731256652	6.694449807876005	0.0	0.0	
23.650181542185972	16.324164881333207	0.0	0.0	
26.280276630197456	7.42782801146954	0.0	0.0	
9.171751126941384	13.26791251056813	0.0	0.0	
2.229356852421013	18.604068476843832	0.0	0.0	
30.96472335670068	16.353281908217326	0.0	0.0	
5.751521213322491	17.95350702903614	0.0	0.0	
20.219168860851983	5.84062777734097	0.0	0.0	
5.035519935037318	0.7071190352113099	0.0	0.0	
29.1025522838359	15.022411000466423	0.0	0.0	
4.156663859194676	15.114757535579702	0.0	0.0	
3.624920864328388	2.084532558123847	0.0	0.0	
14.899455739425868	22.400819981054266	0.0	0.0	
28.203069557894676	13.110157361461027	0.0	0.0	
22.87479784857526	7.86267517248249	0.0	0.0	
19.678957315407363	11.090451768597415	0.0	0.0	
20.060845638598884	29.863067760215795	0.0	0.0	
29.52782263889059	8.274926886834631	0.0	0.0	
10.734860401669202	12.220408878295931	0.0	0.0	
31.622577136301302	7.254918167108759	0.0	0.0	
6.330248242858396	13.9618229433954	0.0	0.0	
20.97928313734188	9.85852412132331	0.0	0.0	
15.298334862388185	8.719336213716897	0.0	0.0	
23.520652989089335	8.537073615899445	0.0	0.0	
5.031132182181466	17.860333500184584	0.0	0.0	
14.164067590271443	3.14972963338575	0.0	0.0	
30.393754960075913	27.783090925689553	0.0	0.0	
17.299252631542895	30.203862249727045	0.0	0.0	
2.185142331149091	5.973175170386895	0.0	0.0	
10.980625169823856	11.503188339707776	0.0	0.0	
26.27049184869816	13.163243093674183	0.0	0.0	
14.75445712473076	6.1195951580660655	0.0	0.0	
24.539687011596392	2.0390573650339157	0.0	0.0	
4.505787982413672	19.610890760870117	0.0	0.0	
31.66000223388646	29.128763182769482	0.0	0.0	
5.961599332389795	10.715675994734909	0.0	0.0	
16.629776333548815	27.76861835730303	0.0	0.0	
11.94293543318527	17.07165538695065	0.0	0.0	
28.856375904914856	28.931642606013106	0.0	0.0	
20.662329708356797	30.703253149458664	0.0	0.0	
18.36586950217428	9.139435503669965	0.0	0.0	
27.891010018677264	21.229321323600434	0.0	0.0	
31.285760799324812	28.320752546683753	0.0	0.0	
1.875326741877231	8.509636808299877	0.0	0.0	
24.649007782084727	8.44443767381939	0.0	0.0	
18.849197517282718	10.579353634919883	0.0	0.0	
22.224287197897862	28.29368097582023	0.0	0.0	
20.209514649677427	31.300797316870593	0.0	0.0	
12.584265062619561	9.158804993204804	0.0	0.0	
27.298246890240563	28.892807870862384	0.0	0.0	
23.49626571210866	25.218425442799976	0.0	0.0	
30.32968400816686	8.604572910292823	0.0	0.0	
3.910052754886845	10.555056094585325	0.0	0.0	
13.7364578556931	12.857229970985284	0.0	0.0	
29.63125033219251	10.496980766505878	0.0	0.0	
31.356387557272974	27.301576688822028	0.0	0.0	
27.722595099382787	24.01399246807159	0.0	0.0	
16.47242445269624	24.14921496642126	0.0	0.0	
12.998482207128188	2.9201595841684984	0.0	0.0	
22.01003381910339	0.7604488902751996	0.0	0.0	
7.3892957911817625	3.6541287742005935	0.0	0.0	
15.402003657012699	6.302222610887458	0.0	0.0	
0.7923407084855327	3.17460999190115	0.0	0.0	
10.614820505682342	27.35025031410558	0.0	0.0	
4.496015093720221	0.18712198078123166	0.0	0.0	
25.762257223479974	26.067053794207492	0.0	0.0	
3.3031868087535585	6.492126408109947	0.0	0.0	
27.450641215626796	23.093769065268727	0.0	0.0	
3.6475058808444096	5.362720072369775	0.0	0.0	
7.531223948740809	13.748089099163494	0.0	0.0	
17.558443467001798	28.38441241592155	0.0	0.0	
23.014657731215795	27.73092670834507	0.0	0.0	
4.4690515071798025	23.315799845822664	0.0	0.0	
16.951053089458533	20.48421474085234	0.0	0.0	
13.736548898753721	3.8030044691001734	0.0	0.0	
25.858250467123195	0.687174280037592	0.0	0.0	
9.719991664701343	2.7128815213398774	0.0	0.0	
1.6691409042025107	0.25436124977533225	0.0	0.0	
3.2344482111540565	17.550298087388057	0.0	0.0	
3.0644755643299675	30.19924642952721	0.0	0.0	
27.57269502313077	21.64123983720308	0.0	0.0	
28.375247095861774	3.0728334608308536	0.0	0.0	
21.81994949484623	31.293456878544205	0.0	0.0	
22.064416148024794	8.07290789645695	0.0	0.0	
20.922945544058585	6.681971263786544	0.0	0.0	
30.738245878311695	14.867839042929745	0.0	0.0	
27.96879034015756	7.900385441924911	0.0	0.0	
23.16500039532051	1.062629154595399	0.0	0.0	
2.0372031694720896	12.504020277030921	0.0	0.0	
1.4660235871374923	2.5581281743225155	0.0	0.0	
23.381492535814836	10.496344872410692	0.0	0.0	
24.496178372712844	14.00814532059448	0.0	0.0	
4.717781254026157	15.576851818395415	0.0	0.0	
22.6921002260197	1.5046644577738881	0.0	0.0	
27.38019149489954	29.04418633485788	0.0	0.0	
16.74475298858056	6.359999130456078	0.0	0.0	
25.50737347783305	0.6062163984299573	0.0	0.0	
0.8740082650631216	11.252032275773413	0.0	0.0	
3.4002592361219044	24.18500848247436	0.0	0.0	
9.543768589321747	31.185482175135675	0.0	0.0	
5.890680929963924	9.826814745975362	0.0	0.0	
12.884487713623201	0.5670386612856433	0.0	0.0	
6.277803479243367	19.762480557868333	0.0	0.0	
4.580761249978863	4.445232163157254	0.0	0.0	
6.318571699835875	28.678029955115147	0.0	0.0	
4.418805811414835	9.692303011113992	0.0	0.0	
31.632467415158256	6.526541640592221	0.0	0.0	
13.427954537356076	25.87213124687333	0.0	0.0	
16.788255594206273	10.635499107999607	0.0	0.0	
18.016425149231896	6.732817609039785	0.0	0.0	
20.872423557256102	15.31005764607136	0.0	0.0	
6.129926758145682	28.19171273400748	0.0	0.0	
10.724760993059117	22.60795137727125	0.0	0.0	
21.070671163469562	0.8096375940371487	0.0	0.0	
6.33721013337227	31.993250027499286	0.0	0.0	
14.514110721606976	30.08407101896573	0.0	0.0	
22.611256265042346	18.933951344973682	0.0	0.0	
30.116570322153382	7.12850731730132	0.0	0.0	
23.31747115279607	8.823499721027126	0.0	0.0	
17.21205457686953	26.55053569131595	0.0	0.0	
11.112642196233363	12.40244824130507	0.0	0.0	
4.087571879723274	6.278496818784664	0.0	0.0	
0.20512765763450247	2.3486377967909107	0.0	0.0	
21.203437745110822	19.444762426911986	0.0	0.0	
23.02956062353552	23.812412246172407	0.0	0.0	
8.287552558670455	9.33587282408029	0.0	0.0	
25.121851391552806	15.493360157975442	0.0	0.0	
19.20335079758795	27.522196673437815	0.0	0.0	
30.81194155630451	4.237767087928976	0.0	0.0	
23.765149125890286	8.022005717422221	0.0	0.0	
8.210784798263312	11.991216337784955	0.0	0.0	
27.73727708944115	10.160027388698765	0.0	0.0	
27.005069894914364	25.035518826660873	0.0	0.0	
9.668928237891684	8.09364401967597	0.0	0.0	
20.366648852923383	14.948686778807478	0.0	0.0	
6.30386453331144	18.84514733269996	0.0	0.0	
4.315254427657173	21.013987652154412	0.0	0.0	
9.726992834300297	6.978997126475868	0.0	0.0	
15.994205747929431	27.34039730120805	0.0	0.0	
20.26911030821581	26.710227903374655	0.0	0.0	
24.313470031722765	17.42081820589468	0.0	0.0	
13.320020057494418	28.465310238763124	0.0	0.0	
9.41630617785708	24.231799536559222	0.0	0.0	
4.984796284315273	15.535343251613472	0.0	0.0	
1.7920952499307852	1.5908979646260093	0.0	0.0	
22.645455074027954	31.100885964263394	0.0	0.0	
22.25526440728571	16.100340692966643	0.0	0.0	
20.534770114271918	14.431060161497737	0.0	0.0	
14.482278179598431	4.015269911874352	0.0	0.0	
24.737801011455748	22.608181449078167	0.0	0.0	
7.669445703573977	26.297443431576543	0.0	0.0	
2.629626890630462	13.36263519823163	0.0	0.0	
18.441912027495807	26.328103169804066	0.0	0.0	
25.13681724698949	19.70215479512408	0.0	0.0	
6.455472246224673	17.762936856200923	0.0	0.0	
30.997316974599897	16.250776195177934	0.0	0.0	
3.9727230587665048	7.761165532765482	0.0	0.0	
15.093652678323362	10.942386771592165	0.0	0.0	
7.676379019456583	11.416235533279576	0.0	0.0	
9.42957052148519	10.40770230061759	0.0	0.0	
8.31618365981737	19.242799390983762	0.0	0.0	
10.853635198058864	1.2581114287857247	0.0	0.0	
30.257243241955553	12.96082857058519	0.0	0.0	
22.640563534949703	22.156508334776984	0.0	0.0	
18.208944477568025	24.45607842439358	0.0	0.0	
26.503538361338776	15.7987167451282	0.0	0.0	
28.7471628417294	10.334187482057533	0.0	0.0	
12.144431387746884	7.7293438995447055	0.0	0.0	
24.83903066336029	13.309028886500084	0.0	0.0	
3.964159985614465	23.750343112624265	0.0	0.0	
8.46792779636641	9.26511647410754	0.0	0.0	
18.363176291635842	21.94921867128373	0.0	0.0	
26.585353415563166	3.6297789618855703	0.0	0.0	
26.53143471989052	17.38198257762729	0.0	0.0	
28.06448424196832	7.782504488268017	0.0	0.0	
7.923091857030382	15.685056935166159	0.0	0.0	
24.885613966235322	14.765806401879576	0.0	0.0	
11.065019261870777	2.702216664599561	0.0	0.0	
24.284530568915923	26.073107332342055	0.0	0.0	
19.90968267720299	27.38794450190219	0.0	0.0	
27.252236550996685	17.400243870420496	0.0	0.0	
22.826002987600912	1.3709285044070647	0.0	0.0	
7.140323108767372	8.41315620620707	0.0	0.0	
1.6786945028784217	18.709860212611073	0.0	0.0	
27.773988629153852	18.597801112775116	0.0	0.0	
13.922140683428122	7.165790827477569	0.0	0.0	
15.057550538626653	11.963210906547026	0.0	0.0	
7.979309970933276	3.1337281512189925	0.0	0.0	
12.239851597786881	20.989508431943058	0.0	0.0	
15.632468084682124	31.414962970421726	0.0	0.0	
24.627759968753633	8.704482850534504	0.0	0.0	
13.981634868907737	20.404345758044045	0.0	0.0	
6.058397915178741	0.14687828747211285	0.0	0.0	
22.612686405100312	0.32949512345667387	0.0	0.0	
21.19899827708254	26.593679417045625	0.0	0.0	
22.56628589462735	20.267209192535965	0.0	0.0	
12.285645596018693	14.265258562708905	0.0	0.0	
15.225830985058675	21.05316286183457	0.0	0.0	
16.03528583594974	0.529700915358724	0.0	0.0	
26.4270083311752	12.09296070066257	0.0	0.0	
0.5313346100997371	18.915942039639468	0.0	0.0	
24.926028372978287	28.04128349954786	0.0	0.0	
18.240971435389856	17.584942437251335	0.0	0.0	
19.356391671152057	6.1993204533913655	0.0	0.0	
10.832917822705976	0.7517494384144072	0.0	0.0	
14.692527124871997	6.164258312878438	0.0	0.0	
6.285480205146449	26.116574877865503	0.0	0.0	
0.9587648564494593	16.307829063918128	0.0	0.0	
23.788563065685743	5.2971562260080525	0.0	0.0	
18.76957093101798	23.422765812407814	0.0	0.0	
22.449607422463522	23.630092522310317	0.0	0.0	
14.741395117230496	27.842230080643308	0.0	0.0	
30.935732156031637	30.276139038596092	0.0	0.0	
7.399757162906553	27.321087480363207	0.0	0.0	
27.509250516535477	21.104412732814296	0.0	0.0	
15.746433963430352	4.457462364611441	0.0	0.0	
16.983810659112176	14.18420654354335	0.0	0.0	
0.5127589530145436	26.583157225785598	0.0	0.0	
1.4006141132159158	6.495832025457837	0.0	0.0	
20.814889209044004	9.062199808057489	0.0	0.0	
23.499065910086046	24.518660726782834	0.0	0.0	
0.051553040709631404	5.428824989015315	0.0	0.0	
23.496805436401054	19.288185952060612	0.0	0.0	
13.824455816516966	28.10675798645329	0.0	0.0	
26.89633221087422	7.219238201417351	0.0	0.0	
26.60041513388015	12.971181937684097	0.0	0.0	
12.477305671225658	26.664210370292917	0.0	0.0	
19.234471096540723	28.55792451659579	0.0	0.0	
28.34623789611101	24.52613252571303	0.0	0.0	
21.07302368419823	15.663956634468555	0.0	0.0	
22.14929374038994	27.511382022827828	0.0	0.0	
23.17863200813078	0.5134212318855589	0.0	0.0	
9.258689314127054	23.78418399377275	0.0	0.0	
24.796827334710166	30.41876352684695	0.0	0.0	
2.898591396707168	29.999996258586606	0.0	0.0	
9.182324892821224	16.228675510700157	0.0	0.0	
22.537564029452792	18.606837203250763	0.0	0.0	
12.024691756837633	16.479676299099374	0.0	0.0	
4.025281454417218	24.700757708401458	0.0	0.0	
20.370745507718187	23.893647283999833	0.0	0.0	
12.824846429405643	15.77861169367251	0.0	0.0	
30.509604855149238	18.895738243355865	0.0	0.0	
25.04550568487081	8.758095289450896	0.0	0.0	
5.342112605468021	1.9966613165451506	0.0	0.0	
31.778554495620146	25.19804893780468	0.0	0.0	
23.98527095325352	22.46257254863449	0.0	0.0	
16.547987359892563	28.747170176463722	0.0	0.0	
22.59854954854142	27.769949177370247	0.0	0.0	
29.116781934385525	20.367176632200955	0.0	0.0	
12.384348051819089	4.653670545226614	0.0	0.0	
28.49905789435451	6.3302756365308746	0.0	0.0	
9.551112177068692	2.113296386526251	0.0	0.0	
29.65688629593985	4.3111244096825665	0.0	0.0	
17.21142115064347	21.140970111362837	0.0	0.0	
1.967022468411649	5.252604530489446	0.0	0.0	
8.104526466383774	21.65425859304865	0.0	0.0	
13.026608651318018	28.571426363615025	0.0	0.0	
29.266039927709777	4.108498468720395	0.0	0.0	
26.375014835060295	15.362099646344394	0.0	0.0	
2.510742442968578	13.358897479890008	0.0	0.0	
2.1782942844660518	24.787613654651476	0.0	0.0	
31.154657694965177	25.844298338598325	0.0	0.0	
3.155273447837935	2.0846513540528946	0.0	0.0	
12.691377129937944	20.656465259908767	0.0	0.0	
21.60923580121805	29.557352182981926	0.0	0.0	
13.088152455802003	14.104800826642482	0.0	0.0	
31.246691031344756	31.226301963460685	0.0	0.0	
24.381310743366214	9.93470480324439	0.0	0.0	
19.562894651656617	16.887966013819188	0.0	0.0	
31.21627419231204	27.967437642333927	0.0	0.0	
28.941650315729003	19.72512355209245	0.0	0.0	
26.67381745067063	16.478611404014217	0.0	0.0	
15.326484878407161	10.272631908648627	0.0	0.0	
9.225303639028198	9.520412917688923	0.0	0.0	
16.198125325779923	6.659811694909692	0.0	0.0	
12.1858417550938	26.47128074328599	0.0	0.0	
6.137082108499058	8.073573738651831	0.0	0.0	
15.830857504282498	21.332827700338992	0.0	0.0	
25.57565183757779	26.24414315563394	0.0	0.0	
16.909867442384833	1.1789327994081695	0.0	0.0	
16.47189592789174	23.468668192722657	0.0	0.0	
16.752294213394283	6.289641631370834	0.0	0.0	
18.277609868139468	26.739138609610567	0.0	0.0	
6.574140582305706	19.438292020329584	0.0	0.0	
3.7365914638510525	2.9049568556626326	0.0	0.0	
4.642577579178528	3.625883772383066	0.0	0.0	
22.50847473707981	22.601734346528293	0.0	0.0	
4.137858646530059	2.714250868163653	0.0	0.0	
13.434326362665104	2.669443883555065	0.0	0.0	
8.399996344698202	31.44126086387748	0.0	0.0	
29.566467628377982	23.707301663549604	0.0	0.0	
16.766412604524135	19.78940349808348	0.0	0.0	
8.849922983916983	17.69009012253335	0.0	0.0	
30.411268779753566	2.1021824536587985	0.0	0.0	
10.587773627722221	8.940303339267253	0.0	0.0	
2.666962220440986	26.026865221645117	0.0	0.0	
30.293427447927602	30.46383623858571	0.0	0.0	
31.011520883813724	4.619881352129251	0.0	0.0	
7.209118216536272	20.948319790681467	0.0	0.0	
14.800743899671644	30.406933251927978	0.0	0.0	
11.294866552657851	25.94347073653537	0.0	0.0	
28.577216565651504	20.454837640712597	0.0	0.0	
0.755965257789466	25.222005144383466	0.0	0.0	
5.323848000433454	5.799548001297133	0.0	0.0	
20.631921624314174	16.197593755332942	0.0	0.0	
27.678565147308333	13.88119418192193	0.0	0.0	
25.09760744415739	2.897315894346722	0.0	0.0	
10.43172355976115	19.136729411400502	0.0	0.0	
23.424282830295407	15.959142437135867	0.0	0.0	
0.07653459717715094	6.662352191852829	0.0	0.0	
3.6075313996013847	25.322939639943165	0.0	0.0	
9.05367936648799	11.312303913084367	0.0	0.0	
1.9155441371319135	15.37786480572564	0.0	0.0	
17.583323309641113	20.375400587466565	0.0	0.0	
29.02565466435214	15.980034174950656	0.0	0.0	
17.714683755164682	22.55110700201344	0.0	0.0	
12.24443132132144	13.767196482063422	0.0	0.0	
12.27443456975151	19.615350845601935	0.0	0.0	
27.028935501339927	1.1947789675396336	0.0	0.0	
5.950232157369381	14.371628324030219	0.0	0.0	
30.17882587774292	1.7985140015692274	0.0	0.0	
29.448740104421802	15.202714429848001	0.0	0.0	
30.11168644243108	23.09113619359975	0.0	0.0	
15.298703156451388	13.636467456836254	0.0	0.0	
12.597121036932315	24.950385005381623	0.0	0.0	
26.3704003879427	21.168509317536145	0.0	0.0	
29.71581415052302	31.448678949195244	0.0	0.0	
29.195325818844	3.5674927811724686	0.0	0.0	
16.997417986737922	25.378847994699054	0.0	0.0	
14.708329126870158	2.245988492251872	0.0	0.0	
6.4598430957567174	5.249998764981729	0.0	0.0	
19.304616557048227	2.2329927985594153	0.0	0.0	
22.27257828007426	28.85514254438799	0.0	0.0	
28.161799411705672	7.876029641566056	0.0	0.0	
1.0720649539428777	23.470038457942945	0.0	0.0	
16.7945242527624	19.6261518836399	0.0	0.0	
3.3510411870228083	30.186658623950812	0.0	0.0	
28.13663014331322	29.704418784864366	0.0	0.0	
31.911577690293903	21.810482109803775	0.0	0.0	
18.79402880633932	10.618332634963675	0.0	0.0	
24.22021847904172	17.815060637436847	0.0	0.0	
10.061154147728814	5.232812939639132	0.0	0.0	
6.303671777247413	4.133240582384214	0.0	0.0	
27.327644325915337	25.987472793711095	0.0	0.0	
6.548742247311274	15.153961834417299	0.0	0.0	
28.341448548676333	9.195052542337471	0.0	0.0	
15.745884147279256	6.000000601237883	0.0	0.0	
29.44152892983311	18.431171029012678	0.0	0.0	
9.484062392984782	6.503281640222426	0.0	0.0	
28.63667798165337	19.157731814457776	0.0	0.0	
25.353073089419752	21.212502404332483	0.0	0.0	
25.962490337992318	27.037220170209654	0.0	0.0	
31.460017216340844	31.281462468055842	0.0	0.0	
15.77374618185273	10.660092481716863	0.0	0.0	
20.0712143985445	17.803600013531465	0.0	0.0	
24.051525901344785	23.697259479021458	0.0	0.0	
3.2500210732639587	18.64405200963532	0.0	0.0	
30.14570082918269	24.72704641809748	0.0	0.0	
3.2245648752616063	4.270016467477621	0.0	0.0	
21.72878240804434	8.293339252884799	0.0	0.0	
27.6627135238397	19.621805706980947	0.0	0.0	
12.079916946169483	5.35745931483077	0.0	0.0	
7.374077512598351	30.8349629241369	0.0	0.0	
4.558924345699872	19.61616230692308	0.0	0.0	
16.473730957277834	4.679176910541727	0.0	0.0	
9.92306645401895	28.208931413374607	0.0	0.0	
0.12392971684092657	6.49543831993131	0.0	0.0	
12.030006495642105	23.669544678112125	0.0	0.0	
14.374101804934526	8.57347160132921	0.0	0.0	
1.5735565421741988	12.320725873757414	0.0	0.0	
11.396832096448641	28.986766297506367	0.0	0.0	
31.755783158131344	31.189596772224764	0.0	0.0	
20.43655924083724	11.030699039570933	0.0	0.0	
14.247031934979965	4.191440760462449	0.0	0.0	
19.4825125243891	22.032459385320678	0.0	0.0	
30.981383905805828	16.124282127253444	0.0	0.0	
16.31930285392799	29.732108761846717	0.0	0.0	
6.547026301297464	25.356713522087595	0.0	0.0	
23.038005651465536	14.454435790052838	0.0	0.0	
31.90493980057635	29.59114871589964	0.0	0.0	
9.28927122190941	10.72748039904937	0.0	0.0	
8.700092102149679	4.654550945149467	0.0	0.0	
16.771860762782165	12.258451708443712	0.0	0.0	
17.15050682754899	26.0293005465082	0.0	0.0	
4.610625515319946	13.556139931887365	0.0	0.0	
29.883675440926623	22.18630579089082	0.0	0.0	
1.0308506928823036	1.085866508325708	0.0	0.0	
31.662176248496518	7.5007911778941505	0.0	0.0	
2.7540209678460137	9.765757917452696	0.0	0.0	
8.796958572309876	21.957672315457373	0.0	0.0	
21.193015408434523	22.637183770581366	0.0	0.0	
25.02852904476172	3.2310605166236606	0.0	0.0	
14.581860044355661	11.469192651369433	0.0	0.0	
31.251139156612577	12.4163924453356	0.0	0.0	
9.975634390074692	12.431702280261401	0.0	0.0	
31.678756089606033	8.131206191550604	0.0	0.0	
15.629541456265152	23.824630576684623	0.0	0.0	
23.166030058948376	27.92305329910425	0.0	0.0	
24.288121827976312	21.64522718058313	0.0	0.0	
26.341167696204394	26.401660588655055	0.0	0.0	
8.66171258453193	6.092670241284296	0.0	0.0	
21.600922875649744	5.407970169596638	0.0	0.0	
20.154665062874205	15.299664677965097	0.0	0.0	
1.4358825502770287	24.862400147523978	0.0	0.0	
28.188732481834677	25.210227500566017	0.0	0.0	
28.05349157963394	25.461650213284184	0.0	0.0	
15.218490721296433	13.045886424743628	0.0	0.0	
27.22814811578167	22.24804089542405	0.0	0.0	
19.93500671411049	20.83954427945711	0.0	0.0	
0.12363296074267538	4.232417561175726	0.0	0.0	
24.045206738405827	5.812423186148482	0.0	0.0	
31.86805609491039	24.06906401882444	0.0	0.0	
9.44140649977587	9.970677093733858	0.0	0.0	
25.825063486129398	31.03499954093122	0.0	0.0	
30.965998397794984	9.687414419409262	0.0	0.0	
15.266165100979755	11.007166923108649	0.0	0.0	
18.081947501366017	16.873985816000395	0.0	0.0	
26.998281179679847	11.344892171631535	0.0	0.0	
21.369710027626446	5.714402117736377	0.0	0.0	
16.762950937029636	10.542855890221446	0.0	0.0	
6.470369537370605	28.604327714259774	0.0	0.0	
0.5554317194469327	22.626607526375608	0.0	0.0	
30.629326456758037	16.257242137627024	0.0	0.0	
8.668877960448953	5.3382343544824415	0.0	0.0	
9.847213992509264	12.037843624810968	0.0	0.0	
3.5875286909533344	23.566291789814315	0.0	0.0	
22.958573266228594	21.573253375131586	0.0	0.0	
12.54196522803931	19.579926283904264	0.0	0.0	
9.681115777319327	28.36747831235701	0.0	0.0	
14.795567043159462	1.056788490543486	0.0	0.0	
1.32935487727638	10.138342833372988	0.0	0.0	
7.876621671646262	13.935968695545476	0.0	0.0	
26.302640574182558	28.446716460594384	0.0	0.0	
15.01261743692831	11.733173085195272	0.0	0.0	
5.580626987112947	15.037598806652497	0.0	0.0	
13.759554261886336	25.22547791985889	0.0	0.0	
21.066339515084422	4.65551940118273	0.0	0.0	
14.42520166298701	26.298920364769657	0.0	0.0	
28.380702225056577	12.716290285824819	0.0	0.0	
19.405649931199186	15.709576128666328	0.0	0.0	
19.34697335170051	6.652527800653289	0.0	0.0	
8.461856172027844	9.361543992553635	0.0	0.0	
1.9535420549287679	24.95872365041717	0.0	0.0	
23.675936135570165	19.899614865179434	0.0	0.0	
24.847038893723692	18.290717910458557	0.0	0.0	
20.82614656082945	16.936280384861483	0.0	0.0	
30.1614795532033	15.991028502241374	0.0	0.0	
8.40435856166821	5.5183964274021555	0.0	0.0	
24.72183696807583	2.4040343903113985	0.0	0.0	
12.363772757511086	7.092483450454566	0.0	0.0	
0.8874262670469832	13.85920496915909	0.0	0.0	
6.056591653429546	6.2476275815471	0.0	0.0	
4.382618773153549	20.425642432570847	0.0	0.0	
5.261453431123659	0.15799587548854177	0.0	0.0	
29.62574609431217	3.310575112898036	0.0	0.0	
14.148840256951644	24.818529483132348	0.0	0.0	
13.538684492493942	13.00063017102045	0.0	0.0	
9.74575875895141	15.757305109197699	0.0	0.0	
29.385603660601614	9.451851153510631	0.0	0.0	
15.278102394393823	10.574822978673229	0.0	0.0	
15.500405085587744	13.724554538652317	0.0	0.0	
11.792370087041533	24.63362633264299	0.0	0.0	
11.7804887160068	21.58173936527639	0.0	0.0	
26.898281773539825	16.362090245254425	0.0	0.0	
7.43499922023199	24.970299562492666	0.0	0.0	
13.719128861872893	25.624478005648125	0.0	0.0	
1.378228406106114	23.426000599851335	0.0	0.0	
8.56710187300079	25.082452249546098	0.0	0.0	
9.685098342350841	17.833961547531842	0.0	0.0	
15.467052485112376	27.745709062718063	0.0	0.0	
6.59580938365356	12.053214702860753	0.0	0.0	
10.059268172218612	13.45533672266442	0.0	0.0	
14.316122337041119	18.25393472169507	0.0	0.0	
22.26384159319415	11.386802241544444	0.0	0.0	
22.17079514790078	25.176485219788596	0.0	0.0	
13.412574314496613	29.93200703497228	0.0	0.0	
31.889919766997757	22.58755691089522	0.0	0.0	
28.549808011597058	11.221446436442019	0.0	0.0	
29.71191408556587	19.275976430537554	0.0	0.0	
2.1388937724690713	27.71089936728216	0.0	0.0	
23.810529157760506	3.360234355919413	0.0	0.0	
24.792485940454373	21.937791992856425	0.0	0.0	
28.78962077378858	19.883997769632785	0.0	0.0	
26.162637837157494	28.794020051802825	0.0	0.0	
31.196204336559877	4.591881901754171	0.0	0.0	
15.270957708233105	29.77859589273558	0.0	0.0	
9.28339953431026	17.186460914233418	0.0	0.0	
19.488668703693964	25.16923952550884	0.0	0.0	
11.350964545771085	16.294972014625134	0.0	0.0	
20.2134015616944	3.86873116377609	0.0	0.0	
14.033480289728008	31.342374804245633	0.0	0.0	
6.17410463830231	31.92576309227022	0.0	0.0	
27.77655414841426	23.579168921575384	0.0	0.0	
20.87500445949455	15.864081242632668	0.0	0.0	
29.675834648866406	16.619294691498204	0.0	0.0	
3.9761937559724885	3.2003993773134916	0.0	0.0	
2.8898014062467112	3.6305910025178108	0.0	0.0	
15.387749244915689	18.246856912556726	0.0	0.0	
23.074162061794674	18.49802113248034	0.0	0.0	
15.470007975510143	0.40144393057927985	0.0	0.0	
12.160602918246948	3.6403837594138295	0.0	0.0	
21.917993799920175	13.124422634026395	0.0	0.0	
22.826929113069383	18.106121432653634	0.0	0.0	
10.189275336319028	18.584438448682175	0.0	0.0	
25.62615670071543	24.808109016456452	0.0	0.0	
22.521935479194912	12.309141767059092	0.0	0.0	
6.682394548984316	26.144868587100984	0.0	0.0	
30.112523337545092	20.238620064840944	0.0	0.0	
6.925126743712941	9.403450816338285	0.0	0.0	
28.011828052179037	10.400287920665736	0.0	0.0	
7.433011177055803	13.170667144261046	0.0	0.0	
2.132089462969123	11.38459397204377	0.0	0.0	
16.139311846315398	3.303059002263229	0.0	0.0	
5.918835443898729	13.168360453387926	0.0	0.0	
24.950442211270854	30.746011005379117	0.0	0.0	
20.00130354234788	12.090259369205402	0.0	0.0	
24.825925208771224	30.152365543837245	0.0	0.0	
1.068853007776358	11.78164513185748	0.0	0.0	
8.476866926486512	9.930558764576151	0.0	0.0	
0.4253421039930032	14.840496787790542	0.0	0.0	
15.703515701609817	21.72873836597012	0.0	0.0	
23.339604119759226	20.22756083139308	0.0	0.0	
20.521823490845023	19.198767754333257	0.0	0.0	
27.626183183497968	15.355680328364112	0.0	0.0	
29.565571040535072	26.76202809785934	0.0	0.0	
16.487440544473234	16.81035239846049	0.0	0.0	
21.98423251810304	18.528216515731867	0.0	0.0	
23.606627496612827	20.075039051754395	0.0	0.0	
22.58761085278556	15.502459478292334	0.0	0.0	
18.837917937759705	26.830972196258415	0.0	0.0	
10.130792614287092	5.3540919945802266	0.0	0.0	
30.61802145093933	17.6773126140574	0.0	0.0	
25.789759753022917	2.436531982036758	0.0	0.0	
12.257747461069158	23.47265065770898	0.0	0.0	
23.145976109540722	30.723499993358736	0.0	0.0	
15.44500489233242	17.54584187667625	0.0	0.0	
19.242043921421367	14.778749132518719	0.0	0.0	
30.435369784748243	21.011778003628706	0.0	0.0	
6.767976168028341	3.1800706475034417	0.0	0.0	
16.115183769622746	0.1971459967889544	0.0	0.0	
29.22921298374645	4.457944357642997	0.0	0.0	
22.161747794439904	19.928334617290954	0.0	0.0	
13.163791440825797	21.153857425912726	0.0	0.0	
17.008417866842443	31.943643851040495	0.0	0.0	
10.206936424239526	7.224971612170478	0.0	0.0	
22.827808547662503	23.382851823244113	0.0	0.0	
2.5978397142216814	10.391888719837048	0.0	0.0	
16.109706737365666	10.304317561264831	0.0	0.0	
14.420962388737525	16.996029845743593	0.0	0.0	
10.867896405942929	16.204320193268973	0.0	0.0	
28.10699660259963	4.761128148486364	0.0	0.0	
25.047691308163177	24.604096349629547	0.0	0.0	
4.890763419636702	19.5859256008294	0.0	0.0	
1.7417747230809795	3.177822900867568	0.0	0.0	
6.186063133993937	24.038034914557134	0.0	0.0	
13.0977739892835	23.19699313379942	0.0	0.0	
15.373627137357694	24.613963323317126	0.0	0.0	
4.86759555579496	10.63260714911658	0.0	0.0	
8.163491237329588	29.745381309685595	0.0	0.0	
30.824665584462767	4.3390012015231	0.0	0.0	
5.040189017011354	24.615747093356056	0.0	0.0	
3.4968535615519016	30.087652179112958	0.0	0.0	
11.3533423727694	0.6259443346518516	0.0	0.0	
19.711449299802904	3.527178857652526	0.0	0.0	
29.56889177225928	18.98435741272531	0.0	0.0	
28.772196574456185	9.899915470555477	0.0	0.0	
0.7581922455649099	16.269811649170787	0.0	0.0	
21.912001244037825	20.94487343606135	0.0	0.0	
28.4809462425545	18.006479192423324	0.0	0.0	
1.8334664822292304	14.30976841105155	0.0	0.0	
17.60511303065155	3.274223633705006	0.0	0.0	
22.194363331800226	15.822802296535134	0.0	0.0	
18.02029618118981	0.8385821478033861	0.0	0.0	
13.191249531809952	19.73472462820162	0.0	0.0	
11.412209288060247	28.74501037538589	0.0	0.0	
12.315356342687064	24.651682530008685	0.0	0.0	
27.62204502988776	12.164387871899258	0.0	0.0	
5.70851329541739	21.427911586857533	0.0	0.0	
5.3008157719687325	14.41644752684065	0.0	0.0	
31.495106621985787	26.182151168157485	0.0	0.0	
2.4831497633983126	31.753119631253078	0.0	0.0	
9.111147952121481	27.410384400378913	0.0	0.0	
7.017609114789053	3.228215800745879	0.0	0.0	
22.663323470637184	28.107034350249215	0.0	0.0	
4.037951785830813	19.145267495115213	0.0	0.0	
8.873992748836404	15.542634992865537	0.0	0.0	
26.903103003031624	8.970127904467475	0.0	0.0	
25.202205007093397	31.16583833026913	0.0	0.0	
0.7792658108827553	7.289205259875921	0.0	0.0	
13.909224814797756	29.780268114487573	0.0	0.0	
17.926425161343754	27.249444150078723	0.0	0.0	
1.6580056620762988	18.819343905656204	0.0	0.0	
21.349246841029327	10.648442333811733	0.0	0.0	
13.292638439168204	24.879677495561754	0.0	0.0	
13.956853722594055	18.271085637078635	0.0	0.0	
25.941718991132596	23.098059240612805	0.0	0.0	
24.594933484686898	4.027993863165577	0.0	0.0	
13.269348679759922	26.40174810890555	0.0	0.0	
11.028184895208252	6.43785404290778	0.0	0.0	
6.986987554962862	31.133243919325206	0.0	0.0	
16.361460118701242	22.185565642086594	0.0	0.0	
16.87227033241969	19.446114642517966	0.0	0.0	
3.9170381037346367	23.829937140873252	0.0	0.0	
21.12338100546817	25.275810611226838	0.0	0.0	
24.725285789051135	24.30907528604746	0.0	0.0	
14.654841125280594	5.352168483826013	0.0	0.0	
5.646812561328055	2.8016946332720103	0.0	0.0	
3.565518217767572	24.830017222231557	0.0	0.0	
14.172407147175026	21.742522982350078	0.0	0.0	
22.20150031451207	22.492062507277033	0.0	0.0	
17.555473016192604	15.084803296536371	0.0	0.0	
30.38002470986173	22.615290430456298	0.0	0.0	
14.432553489502805	12.491343440532201	0.0	0.0	
19.810790734856223	4.238243790726344	0.0	0.0	
29.951301386293036	23.64566257966266	0.0	0.0	
23.220788765237785	16.43766950137413	0.0	0.0	
25.582867245591117	30.44064457549995	0.0	0.0	
27.381487275909176	9.708389109233323	0.0	0.0	
9.578371872708896	5.197544876086027	0.0	0.0	
16.167711321102857	10.112648655142102	0.0	0.0	
2.1803072341479535	30.784724683726996	0.0	0.0	
27.471550080754422	30.222171144410243	0.0	0.0	
5.702936844182357	11.94014542151399	0.0	0.0	
3.6741622292756944	7.554979046343966	0.0	0.0	
29.178640129054024	6.926969412821887	0.0	0.0	
2.514580237363603	10.267991746469672	0.0	0.0	
23.17130912240704	8.724093882143421	0.0	0.0	
19.485975747570272	13.4481351067884	0.0	0.0	
21.915426423565837	28.513389081437182	0.0	0.0	
24.577331785516666	20.214683842307576	0.0	0.0	
18.82808526242049	27.092628415058424	0.0	0.0	
2.5940489492529437	5.215470766197111	0.0	0.0	
2.8148744696772567	9.018940778568457	0.0	0.0	
29.075412539914346	2.565392794478697	0.0	0.0	
4.8898351032566865	30.570665295232388	0.0	0.0	
25.621002463531475	22.61966068130073	0.0	0.0	
21.105727706694005	1.9902053427810813	0.0	0.0	
6.557368752136021	17.039657844730613	0.0	0.0	
29.963060298634712	12.465411756969434	0.0	0.0	
8.898880818005527	0.9590838956820242	0.0	0.0	
29.882433521036464	25.267398611771323	0.0	0.0	
19.19117184906911	22.628794225514696	0.0	0.0	
13.168172090153789	10.790079491537849	0.0	0.0	
0.8357669711671036	30.370433991497382	0.0	0.0	
23.085363263568222	29.467525081068285	0.0	0.0	
4.783611189825432	0.3653018637630083	0.0	0.0	
27.980029307774224	29.013622542687543	0.0	0.0	
5.332054118922436	2.2812491650078535	0.0	0.0	
21.970432933244425	30.861221434738518	0.0	0.0	
12.263055167671105	18.8827389891691	0.0	0.0	
28.207115183424587	31.080265659429028	0.0	0.0	
25.60754809580964	20.30011008563031	0.0	0.0	
3.950340727917098	24.147798580940872	0.0	0.0	
18.709984658259213	4.138989051150954	0.0	0.0	
28.356619436451034	0.24139998082126723	0.0	0.0	
25.58457288093442	12.085747832330458	0.0	0.0	
21.85039623255185	28.202004926705957	0.0	0.0	
24.249763271043456	29.86099118526046	0.0	0.0	
25.419111644339043	13.400462308065066	0.0	0.0	
23.354388957488773	13.994819573810481	0.0	0.0	
9.067460006414077	18.323987003209503	0.0	0.0	
14.596552277158892	1.816734849442316	0.0	0.0	
24.675590774308	13.29925573330775	0.0	0.0	
28.739496010694715	3.4299563158275177	0.0	0.0	
30.75263736100092	24.23963580688458	0.0	0.0	
29.84441833210325	12.652412441836173	0.0	0.0	
23.59466405125003	24.211732848493714	0.0	0.0	
13.088436128224188	22.667956508832194	0.0	0.0	
16.473588479797744	0.6586502027260472	0.0	0.0	
21.889582166352298	16.944815600042688	0.0	0.0	
1.254589418689072	18.06788269774822	0.0	0.0	
26.40722737218065	24.942360021217144	0.0	0.0	
21.85645202977617	16.64419011239401	0.0	0.0	
8.471562455118129	5.3356301258439345	0.0	0.0	
12.555267521530535	29.642749313613127	0.0	0.0	
0.9214143223817999	15.399388220013385	0.0	0.0	
31.32945800730227	30.257719728609665	0.0	0.0	
23.334782338459622	26.17988072057091	0.0	0.0	
12.99204777197956	23.15917129285705	0.0	0.0	
12.63343540454429	23.654782098893158	0.0	0.0	
9.386945092783016	5.6293188079299945	0.0	0.0	
15.723891349607847	30.790896357241518	0.0	0.0	
28.02376745081285	15.683756407233474	0.0	0.0	
5.246428292382259	2.0086525316830226	0.0	0.0	
21.43132362173001	20.106797201519893	0.0	0.0	
31.741534058001417	11.243963561135338	0.0	0.0	
16.315933222798954	16.675357399290146	0.0	0.0	
26.07214826038863	3.9855026737711796	0.0	0.0	
2.3494560473748543	15.517578149630548	0.0	0.0	
23.049833971579698	29.609901703208994	0.0	0.0	
4.179226900742911	20.926635025818804	0.0	0.0	
19.589541467903143	25.754253040843608	0.0	0.0	
25.61677641193807	19.77502512944123	0.0	0.0	
13.979793355722457	26.041321243407786	0.0	0.0	
12.772393782591791	7.882059629912106	0.0	0.0	
17.2554342532615	18.146610488376204	0.0	0.0	
3.613775141558694	15.958981213613104	0.0	0.0	
25.39894967883553	2.97275154233467	0.0	0.0	
6.9834123102077434	29.383939922797136	0.0	0.0	
19.32938802828978	6.140347901821425	0.0	0.0	
18.646561629406776	13.49424208641053	0.0	0.0	
16.620465983106765	8.609740380593095	0.0	0.0	
17.625520076935825	30.029880274669278	0.0	0.0	
29.092113486740406	11.055433714789746	0.0	0.0	
13.995159726005557	29.823306547670686	0.0	0.0	
8.702937003701031	21.08313170422225	0.0	0.0	
13.83630458692241	5.8798176458755975	0.0	0.0	
3.3404720072480174	25.82301792531549	0.0	0.0	
27.878422880070687	13.72951647344177	0.0	0.0	
23.15908994044999	8.81558424269863	0.0	0.0	
6.4077608227851	1.8002116093623677	0.0	0.0	
24.043783276514137	9.133885861572328	0.0	0.0	
31.257057568040686	6.3395584724014675	0.0	0.0	
27.835487110260917	14.404200828626774	0.0	0.0	
9.619543524129558	5.25312927087117	0.0	0.0	
6.0156309095323515	23.531892601935418	0.0	0.0	
17.469411328578623	12.044405277800443	0.0	0.0	
15.437369170233644	1.6106313017334344	0.0	0.0	
0.03880605276755844	25.64387676299305	0.0	0.0	
20.71750182396063	19.30138710717458	0.0	0.0	
19.53451080058875	6.4528553371748885	0.0	0.0	
16.32511937358457	22.23706652907626	0.0	0.0	
7.127196932589964	30.41202689097901	0.0	0.0	
19.229585444736536	3.166468308873185	0.0	0.0	
16.246170039686234	21.227266577825834	0.0	0.0	
5.768856429184339	17.965435494531743	0.0	0.0	
2.6893282300398766	7.585369441212901	0.0	0.0	
7.291395835278539	29.760979782518877	0.0	0.0	
13.257367490619906	28.811006581020475	0.0	0.0	
13.54133757846322	28.281586196841452	0.0	0.0	
20.668303248972286	17.86200293321011	0.0	0.0	
0.5284206951843622	7.387507588301805	0.0	0.0	
5.611195734958038	1.3653007992281623	0.0	0.0	
7.875722869990103	22.85942425503282	0.0	0.0	
4.803246310698093	10.868472323384196	0.0	0.0	
13.972055564935623	8.022004435670748	0.0	0.0	
22.909511610382197	15.082641183814008	0.0	0.0	
20.749665960570276	21.076072421159445	0.0	0.0	
11.07968553771758	3.79260141144859	0.0	0.0	
4.142074703650895	6.47095610737626	0.0	0.0	
15.297280220945506	18.06875329157765	0.0	0.0	
23.49676534083484	30.766562665507035	0.0	0.0	
4.449601182331019	22.861421626504047	0.0	0.0	
5.123044494006987	3.953958345941743	0.0	0.0	
6.074177931570059	30.791998261526462	0.0	0.0	
11.513142692536697	3.9391172557089966	0.0	0.0	
14.349125402776764	30.937013403896373	0.0	0.0	
15.321326478661113	27.169788972265266	0.0	0.0	
13.028280171984143	4.107423648557219	0.0	0.0	
11.268673771497994	10.586802139168526	0.0	0.0	
12.584384777876977	0.7595760857676694	0.0	0.0	
1.5366761068381045	17.919987912474244	0.0	0.0	
3.67147452789839	28.586012004325184	0.0	0.0	
21.93326327927196	11.148300900427994	0.0	0.0	
20.389867766211133	8.662710046557681	0.0	0.0	
12.99142039729129	22.85005643730642	0.0	0.0	
5.663743979821685	23.632321359620622	0.0	0.0	
19.187767939257164	8.568999675554068	0.0	0.0	
16.624055883534307	24.94395418816141	0.0	0.0	
3.207805417624762	31.20062001047206	0.0	0.0	
11.711672998131053	3.3863598910746973	0.0	0.0	
14.770456612953932	7.062641812151195	0.0	0.0	
18.85887975607295	1.293734850757268	0.0	0.0	
31.35999782688518	9.941631819751592	0.0	0.0	
22.611861434259218	0.6672138489365693	0.0	0.0	
18.068002395058418	13.803181170904413	0.0	0.0	
17.075673485123477	6.249929602930898	0.0	0.0	
14.280025303152879	28.923232784299984	0.0	0.0	
0.22699613340763136	14.216222706155172	0.0	0.0	
22.226987644712434	0.03894047824436342	0.0	0.0	
26.98019718859695	7.633304314818144	0.0	0.0	
9.437607239941624	14.7470883788422	0.0	0.0	
16.41683580845869	30.63031762270614	0.0	0.0	
9.779098985310288	5.7071111959082295	0.0	0.0	
22.06727286925819	30.848106487187117	0.0	0.0	
2.2611569081416043	10.577560600977389	0.0	0.0	
16.51076441594222	25.36010819013741	0.0	0.0	
10.845550675022938	31.33840878864856	0.0	0.0	
16.560332502164606	9.097974928885613	0.0	0.0	
24.155264372588544	24.86904870199884	0.0	0.0	
0.10397370524637495	24.326187011631607	0.0	0.0	
26.951873386162706	16.529638144159435	0.0	0.0	
8.383694705380073	13.728732138233976	0.0	0.0	
22.85694712238713	15.823484537386637	0.0	0.0	
2.19406106480125	24.371869265670508	0.0	0.0	
15.617681449082273	24.734195974955615	0.0	0.0	
21.337198506898574	6.012573190217957	0.0	0.0	
22.25769843468815	18.12957786241193	0.0	0.0	
