2
32.0	0.0	0.0	0.0	
0.0	32.0	0.0	0.0	
31.659995396397214	9.788637897011697	0.0	0.0	
25.37296546490567	22.07195910924939	0.0	0.0	
17.628175094373717	6.630503403022587	0.0	0.0	
14.04283026127732	8.854077369197874	0.0	0.0	
2.3638711711706755	17.353518146852085	0.0	0.0	
24.6612538206938	19.2986340879526	0.0	0.0	
13.799759051678976	14.563915633927632	0.0	0.0	
1.5500247083930105	15.705995860106519	0.0	0.0	
16.695475081479927	24.789426399907274	0.0	0.0	
30.665869798807687	11.544289810556986	0.0	0.0	
18.083859955184025	19.760562550375944	0.0	0.0	
4.689448637930777	21.7641418078409	0.0	0.0	
31.658040122710755	4.141177399228702	0.0	0.0	
4.072771477548468	18.264026509149076	0.0	0.0	
20.92052885804222	4.225171157280414	0.0	0.0	
5.857881621825495	11.949378398648598	0.0	0.0	
25.69411796066115	16.22730399206169	0.0	0.0	
5.583411920255422	20.858434724753835	0.0	0.0	
25.72737295513639	12.879769718924724	0.0	0.0	
10.869166928007182	10.174784833831069	0.0	0.0	
0.2861926407549724	26.533318838660183	0.0	0.0	
12.185502737558757	15.549909934523885	0.0	0.0	
19.655438505568238	14.583758740388138	0.0	0.0	
11.724438484093383	21.55856449481299	0.0	0.0	
25.315771693315234	7.978551499429297	0.0	0.0	
13.685909569416395	9.680177090539626	0.0	0.0	
6.151393763242918	4.650685285427517	0.0	0.0	
16.80127873561918	5.40406320221426	0.0	0.0	
9.495768925925017	2.817246100582004	0.0	0.0	
15.460900416985961	9.16352958099596	0.0	0.0	
3.1669765518629234	20.776529950023903	0.0	0.0	
23.439611401214325	6.003702350996576	0.0	0.0	
28.549620275226815	25.008790655728184	0.0	0.0	
30.580014908786346	2.2067237741941454	0.0	0.0	
1.217680992285377	14.815587069033558	0.0	0.0	
15.13953760140777	27.858135518811157	0.0	0.0	
0.6189608548230474	3.704987475470059	0.0	0.0	
28.80534338286723	15.029396421595155	0.0	0.0	
26.01673846780249	13.973290689408014	0.0	0.0	
0.6052976211420571	10.631980049525833	0.0	0.0	
17.847693824892723	19.63592560799044	0.0	0.0	
28.30787073421671	31.82894544255681	0.0	0.0	
22.820266241222335	8.034288606580635	0.0	0.0	
22.188322141519116	1.3932637026845427	0.0	0.0	
6.522679702652777	0.9416550553268799	0.0	0.0	
16.151704732230492	13.23145038503106	0.0	0.0	
11.93456064772409	21.795011848791088	0.0	0.0	
6.169019473761484	18.557343849324603	0.0	0.0	
6.729485867012233	1.383157660414149	0.0	0.0	
10.597359714995765	22.99766720337329	0.0	0.0	
1.7187689006001854	21.28891645682976	0.0	0.0	
23.398326337577092	0.17460002837739808	0.0	0.0	
9.304273341205853	18.064331674462306	0.0	0.0	
28.498664074369746	7.166190166445411	0.0	0.0	
7.725490375520504	12.304648161919875	0.0	0.0	
18.50086618480988	12.157983458764456	0.0	0.0	
9.648606053867272	0.6979774267519261	0.0	0.0	
9.291100668064285	4.758478780040107	0.0	0.0	
20.934558831835066	27.5957662058487	0.0	0.0	
16.77915348533565	1.516167315600537	0.0	0.0	
28.086378735235744	11.325873398983642	0.0	0.0	
28.891584005705976	17.519785672561856	0.0	0.0	
7.583790713981809	18.709683938828388	0.0	0.0	
11.77465358263796	8.118436832113588	0.0	0.0	
14.582653439058824	10.137306793127689	0.0	0.0	
8.995440526970619	19.201068102341576	0.0	0.0	
11.137973836934076	12.517241304580477	0.0	0.0	
29.432116747283498	18.014176693385267	0.0	0.0	
8.974827003308292	5.560079254269468	0.0	0.0	
4.699595864053176	2.7623869372836793	0.0	0.0	
4.030011183804085	10.557180336890937	0.0	0.0	
11.917585981952378	0.41890959619591683	0.0	0.0	
7.1320124881664135	18.450067655017936	0.0	0.0	
7.562102405800999	22.949602015168733	0.0	0.0	
13.217958361349918	30.496477055603005	0.0	0.0	
14.064087327101948	30.107967099076163	0.0	0.0	
16.61191275129336	10.615529396348066	0.0	0.0	
27.35422519259153	21.526968163338758	0.0	0.0	
12.97158998764925	9.955655663349813	0.0	0.0	
24.847629271682493	30.56313650479605	0.0	0.0	
17.199289697292762	10.362677924931738	0.0	0.0	
22.514695206829245	20.684016296320532	0.0	0.0	
6.615878383669614	0.9078234214186054	0.0	0.0	
2.5013431892540403	18.063154586945878	0.0	0.0	
1.7635319614787583	21.056004425742845	0.0	0.0	
3.5179344355094315	7.7982467080773255	0.0	0.0	
24.416702219558356	9.454528722690178	0.0	0.0	
7.41798566046894	11.648160605495317	0.0	0.0	
30.45949327905881	24.372129677730488	0.0	0.0	
10.997436776974844	19.352688033578843	0.0	0.0	
8.941053244128469	6.392097085894253	0.0	0.0	
2.488322006306248	9.845012086351996	0.0	0.0	
7.968569879720494	24.52206446621355	0.0	0.0	
1.5153990530457726	28.765358812287566	0.0	0.0	
24.916908786854748	13.184809332212563	0.0	0.0	
15.582877352978326	13.978381593454536	0.0	0.0	
17.27182572731547	21.511702781597144	0.0	0.0	
11.435594059621582	15.12391023508141	0.0	0.0	
26.10561820407381	13.414350156566872	0.0	0.0	
11.8130586918138	6.025387967750071	0.0	0.0	
10.414634949569873	22.888774239368527	0.0	0.0	
25.393690296316738	5.833732205913741	0.0	0.0	
0.46448172832897683	0.7052937231259229	0.0	0.0	
15.63830360839211	27.915061464282584	0.0	0.0	
21.246787063933137	9.613966023413973	0.0	0.0	
28.487073431004013	14.498266698724048	0.0	0.0	
8.669740400925406	19.850471646204173	0.0	0.0	
13.799984903829628	1.1209850858736559	0.0	0.0	
20.55733040428574	30.546453084379426	0.0	0.0	
19.04491102454142	0.10064887365567543	0.0	0.0	
5.871426789227687	16.17754779080999	0.0	0.0	
17.36896056843431	0.611399445761446	0.0	0.0	
16.431263509540607	10.013568409090524	0.0	0.0	
1.7656577340174238	26.038139246332573	0.0	0.0	
12.148696451258896	28.08058656065135	0.0	0.0	
29.297910160140987	6.868498661630227	0.0	0.0	
0.5193367348722191	24.99056114305422	0.0	0.0	
8.86612307752927	26.44911941601406	0.0	0.0	
9.864521151407708	7.459376848446617	0.0	0.0	
11.369744610317301	28.02522988562346	0.0	0.0	
6.8032657957421385	14.231118984789774	0.0	0.0	
28.51040724661109	24.60240805944881	0.0	0.0	
15.507888982111393	0.7821424029472617	0.0	0.0	
13.731582677589028	21.889041278774165	0.0	0.0	
5.434138813073183	18.255929681424956	0.0	0.0	
25.94999240069872	29.937743291892723	0.0	0.0	
24.823778488745226	28.804199259524296	0.0	0.0	
10.720219620300124	12.408293639468368	0.0	0.0	
25.456357851917534	6.319928961482727	0.0	0.0	
5.257214946819538	18.563976942102336	0.0	0.0	
3.8154486498183466	28.70427429343519	0.0	0.0	
17.726450558626546	21.313891414393435	0.0	0.0	
31.287547272444627	6.745440478629668	0.0	0.0	
31.088012499203927	21.872422858728918	0.0	0.0	
20.66708531336809	13.195030625642396	0.0	0.0	
6.576788779590171	17.018580082356152	0.0	0.0	
30.561828531642924	10.660519841030052	0.0	0.0	
19.031134845505377	4.006624340615051	0.0	0.0	
20.032417706777878	23.633152638585695	0.0	0.0	
12.43979231367792	25.93170054923537	0.0	0.0	
10.715975222244754	3.3318223840677064	0.0	0.0	
22.366784240411395	11.01577007583806	0.0	0.0	
9.483805085879137	22.062013171921702	0.0	0.0	
0.2616751455719175	29.759651927177057	0.0	0.0	
20.24741922551917	21.29844733447179	0.0	0.0	
28.303149263584576	13.67279293629932	0.0	0.0	
22.451636485074626	26.525914190951475	0.0	0.0	
3.464404740189689	18.222433530548773	0.0	0.0	
14.91634155927504	28.187649430825598	0.0	0.0	
15.233143795300442	6.295744922944046	0.0	0.0	
8.919140557152723	13.315354372346945	0.0	0.0	
10.06896877256775	5.197432681726951	0.0	0.0	
28.005250235755586	14.876923137873504	0.0	0.0	
19.87927057395241	30.58748144385641	0.0	0.0	
8.243317718729728	31.458254133672813	0.0	0.0	
9.579707252970756	2.037874599427905	0.0	0.0	
29.127578816028322	5.112290026272934	0.0	0.0	
7.805913956861357	31.21092027695973	0.0	0.0	
0.47757897519449344	31.133353223776822	0.0	0.0	
11.031748913998406	0.41874442421314484	0.0	0.0	
23.89826654646246	18.829282196342632	0.0	0.0	
25.290616215288747	8.500958523093718	0.0	0.0	
1.4262409089981034	24.871415085088476	0.0	0.0	
19.949234768927067	5.0830984096476755	0.0	0.0	
17.420278292360706	13.910075526326136	0.0	0.0	
8.630542807186995	30.027460978700912	0.0	0.0	
23.335987446997432	18.327795266990297	0.0	0.0	
13.759264761940855	6.3753212439399505	0.0	0.0	
30.300952464110015	10.529764963074687	0.0	0.0	
4.180168159892176	2.3644809648098573	0.0	0.0	
29.345523358128506	4.051197274853013	0.0	0.0	
2.3851561103409225	21.25854007009581	0.0	0.0	
12.098559914445367	9.930042950148966	0.0	0.0	
22.676990773661792	14.215360515553233	0.0	0.0	
7.5742600825196185	2.7722602508635035	0.0	0.0	
25.291248355156522	30.026373341391132	0.0	0.0	
3.4799095235894377	17.23789236469768	0.0	0.0	
2.3654870771956453	29.489498387272803	0.0	0.0	
20.862034160205972	23.177266760051285	0.0	0.0	
22.759729360144075	7.967937482141629	0.0	0.0	
31.07574355948794	30.02135656283286	0.0	0.0	
22.127568933218715	13.69570895580246	0.0	0.0	
28.319225878402623	1.4125073430578716	0.0	0.0	
14.600670043515986	2.1538198927707413	0.0	0.0	
23.149552018255417	6.679694560631479	0.0	0.0	
15.724117700906884	19.464379095138877	0.0	0.0	
13.17671495813644	24.06855014598451	0.0	0.0	
9.107128588551767	2.190740189572807	0.0	0.0	
1.3068375235262906	30.63029626454771	0.0	0.0	
29.672614865493163	25.811864570167614	0.0	0.0	
19.92526367538023	2.1145040363725123	0.0	0.0	
1.3922129378418227	19.741683006967996	0.0	0.0	
9.00131844567564	13.928296865026141	0.0	0.0	
21.986077459535345	3.1260640228710592	0.0	0.0	
27.997240065511452	3.759142441784565	0.0	0.0	
5.030220651277432	20.01040804618341	0.0	0.0	
23.72540551948151	12.683629403494091	0.0	0.0	
19.35728086810276	24.53062158384924	0.0	0.0	
18.191204364436846	1.6039124666358546	0.0	0.0	
22.21052840942205	0.39877457466169375	0.0	0.0	
9.406612597969083	5.654651949324837	0.0	0.0	
0.42325655896207337	21.153960741966603	0.0	0.0	
0.7829492683517785	31.859660653692874	0.0	0.0	
23.811963423300742	23.553375886115624	0.0	0.0	
16.03557899864975	20.861672617332637	0.0	0.0	
2.5088125349991515	21.19566309393665	0.0	0.0	
0.7899084608027103	31.56233827433181	0.0	0.0	
30.345899022326556	0.08304700640873364	0.0	0.0	
9.60400725218371	6.200365888791588	0.0	0.0	
16.18361891949307	3.0451986406930587	0.0	0.0	
16.22214175626651	9.836617596480817	0.0	0.0	
4.801574098254555	22.266937222755043	0.0	0.0	
21.647706510143482	1.7763205388490775	0.0	0.0	
19.429562792751167	2.2919612092727775	0.0	0.0	
11.246264166041716	1.8372988287639878	0.0	0.0	
6.822886306209661	12.634356222578234	0.0	0.0	
10.202160259491407	29.93950688171051	0.0	0.0	
19.7359892917994	26.32265109397217	0.0	0.0	
9.867818872171942	7.094917715731391	0.0	0.0	
29.36104301911974	1.4263833605256835	0.0	0.0	
18.47378384010648	30.67751098216895	0.0	0.0	
22.160084550517528	18.59680333700748	0.0	0.0	
23.31600931260875	25.25363727834307	0.0	0.0	
23.668171946599113	3.329511998984138	0.0	0.0	
26.953019870242578	17.887014588712063	0.0	0.0	
26.12421620992586	1.661309425277672	0.0	0.0	
31.13922981470143	19.52551739323448	0.0	0.0	
30.077873918306718	14.151287847096835	0.0	0.0	
3.426447126112837	16.76929319701098	0.0	0.0	
19.903096217699982	0.9203851675473231	0.0	0.0	
21.929996543242712	9.033309120796563	0.0	0.0	
14.772824637335685	5.229049221457398	0.0	0.0	
13.116312259120715	8.522280478237498	0.0	0.0	
8.635309779509157	2.33792329064865	0.0	0.0	
15.462021681857312	5.380772602902731	0.0	0.0	
8.223480295486503	23.374120921203424	0.0	0.0	
0.40341113799300743	31.775445975361485	0.0	0.0	
14.031980825694191	13.947207027135992	0.0	0.0	
18.236939153350995	4.432927109265123	0.0	0.0	
16.492686517139617	17.72648742178951	0.0	0.0	
14.507947179658363	18.77157575003492	0.0	0.0	
23.309103366458103	6.286727183618911	0.0	0.0	
18.312067814666914	16.78528740639426	0.0	0.0	
30.365590868734092	23.548724471845734	0.0	0.0	
29.42457106973604	7.102025237870407	0.0	0.0	
2.5850013797970206	0.7979844207524174	0.0	0.0	
25.649337819302374	25.992589244780007	0.0	0.0	
15.378909317737076	10.03589280512729	0.0	0.0	
22.544592584454886	21.416152981918493	0.0	0.0	
16.948797955203496	22.177248369462458	0.0	0.0	
16.38228910761483	21.073640284039747	0.0	0.0	
5.768524235600957	1.810368090432469	0.0	0.0	
24.837251613231224	6.075386278096065	0.0	0.0	
18.060007087723285	17.638612339427056	0.0	0.0	
7.089538007458298	29.58169678506065	0.0	0.0	
16.1125229902826	12.644739891524338	0.0	0.0	
31.908634047196525	3.9866660967814163	0.0	0.0	
8.251138764637076	11.83443028484708	0.0	0.0	
14.651883065902453	25.220977783609253	0.0	0.0	
22.60395157480726	15.396848930799248	0.0	0.0	
30.488278286636337	8.615734799605285	0.0	0.0	
24.2113361108818	17.53885730834241	0.0	0.0	
28.16554370215145	23.737554658251728	0.0	0.0	
15.201018484450376	2.2432757104732772	0.0	0.0	
23.4820167619436	2.7874459121950927	0.0	0.0	
16.050415446317345	17.104223508358285	0.0	0.0	
4.631795057148221	27.494191099901663	0.0	0.0	
3.679749106117889	29.133602771439524	0.0	0.0	
28.219049999632233	7.725843615442191	0.0	0.0	
28.47958284778269	18.45085802807601	0.0	0.0	
12.836577951149444	30.280517884408514	0.0	0.0	
7.754916327185274	1.383451542314802	0.0	0.0	
17.828640274865542	19.462614779634155	0.0	0.0	
0.1072189269270325	11.97846147472827	0.0	0.0	
4.235219306255068	20.229229752229585	0.0	0.0	
12.79859805162451	3.662916355869161	0.0	0.0	
8.829519901143392	24.390912159583618	0.0	0.0	
9.58761583518394	19.781549004653623	0.0	0.0	
29.988372536425196	27.870298293584742	0.0	0.0	
13.486267196414317	11.837240727834157	0.0	0.0	
11.341807752530745	27.190672942411155	0.0	0.0	
5.926316230566123	13.670144899773724	0.0	0.0	
5.010079363434787	7.559356094142416	0.0	0.0	
24.53038656798239	12.52246394379139	0.0	0.0	
4.94941200797512	22.810513460805506	0.0	0.0	
4.7925278988234545	5.862364381451837	0.0	0.0	
19.611070671098403	19.75046614017036	0.0	0.0	
4.959766414248904	30.899072725272784	0.0	0.0	
23.721733254246846	10.093845047861862	0.0	0.0	
10.935302300264237	17.744832025216912	0.0	0.0	
11.53727971638596	8.723038732044177	0.0	0.0	
18.221084191007947	24.95503986247095	0.0	0.0	
10.7947755950192	26.12676104270019	0.0	0.0	
17.584901284443635	4.599836670053939	0.0	0.0	
24.894355138199053	30.043229652908106	0.0	0.0	
24.30215467483354	6.559725630784818	0.0	0.0	
9.320678916123416	1.7305659593216092	0.0	0.0	
17.766323784810893	13.693707618946494	0.0	0.0	
12.426484510140934	25.259830779808023	0.0	0.0	
25.78320499116244	9.344312461626952	0.0	0.0	
7.47345962508026	28.444760039435682	0.0	0.0	
10.93957388197644	24.165614054797267	0.0	0.0	
6.387969065441016	21.439350275045772	0.0	0.0	
5.873290113145838	25.22878151744281	0.0	0.0	
23.978955989813834	6.024865383479259	0.0	0.0	
29.539584984538106	3.831465207838601	0.0	0.0	
11.391985520586545	10.814949109332684	0.0	0.0	
3.075900576261759	18.84005273963901	0.0	0.0	
18.19248154222879	30.635542052921164	0.0	0.0	
23.26572549812708	10.153376117949513	0.0	0.0	
27.012601910923305	18.320046312240414	0.0	0.0	
28.78945759730129	3.7850498896760634	0.0	0.0	
27.27413005634097	25.796557998937786	0.0	0.0	
5.683834398625798	0.07756988211511029	0.0	0.0	
27.847781468109552	13.382280471662565	0.0	0.0	
14.912946004760002	11.633023764546778	0.0	0.0	
24.526260086287195	15.666794712231756	0.0	0.0	
29.875809803334157	24.18188010801664	0.0	0.0	
22.213676340356123	4.607565122341718	0.0	0.0	
2.482736356785292	13.769246736642618	0.0	0.0	
7.589216811272692	19.129041758694083	0.0	0.0	
13.351655430254553	23.999428209709116	0.0	0.0	
20.575205583752272	31.27782179867994	0.0	0.0	
8.2752222655845	19.95436745768021	0.0	0.0	
19.90783749331653	10.96169478804969	0.0	0.0	
26.2083964203293	26.76970459764731	0.0	0.0	
5.116304338484081	9.231023777571743	0.0	0.0	
13.203713344921475	28.408085992936922	0.0	0.0	
2.8934053833487567	2.2358295261522585	0.0	0.0	
4.643006375317043	25.406511060364046	0.0	0.0	
10.44166445258212	1.7080742912135598	0.0	0.0	
23.660398113865767	7.773821311974597	0.0	0.0	
3.0232797217646663	7.930750486729561	0.0	0.0	
19.5155291384601	21.87297849330433	0.0	0.0	
23.845797704328408	20.609814156630442	0.0	0.0	
12.88336132169573	2.749997448808589	0.0	0.0	
22.097528996806513	6.465192864960372	0.0	0.0	
27.846056006488176	3.7916036564246838	0.0	0.0	
23.251829239143827	1.7059825280602787	0.0	0.0	
30.253341552596424	19.917908487596932	0.0	0.0	
24.61212342206338	13.842650526728782	0.0	0.0	
22.774954117207	27.956576075566232	0.0	0.0	
4.742776837156335	15.301823425120539	0.0	0.0	
21.484372510602718	21.301672253267345	0.0	0.0	
9.976527663080486	6.792031116077723	0.0	0.0	
25.452967892412108	5.2857732862886735	0.0	0.0	
15.673091540093779	1.7909836194332165	0.0	0.0	
27.554316382129034	28.940782099169102	0.0	0.0	
16.463184759580436	21.64478854666043	0.0	0.0	
16.905131968167435	18.014041433862793	0.0	0.0	
6.950284484369661	21.29320430785932	0.0	0.0	
29.63415720380651	2.6786552769154426	0.0	0.0	
30.40422908954922	3.2641663599249995	0.0	0.0	
22.054397142295095	31.196333461239117	0.0	0.0	
11.901390505502075	0.7631928980070448	0.0	0.0	
14.866307032179392	4.42454342347439	0.0	0.0	
20.098747068271194	17.16716543675573	0.0	0.0	
29.401409056660484	30.933217536604293	0.0	0.0	
21.47559000599591	8.570934698089143	0.0	0.0	
29.996581928710533	1.6320841475509162	0.0	0.0	
28.533680636473925	2.1802085901676342	0.0	0.0	
18.97714127849358	24.462427450202377	0.0	0.0	
12.024304046189638	5.545626612695941	0.0	0.0	
8.632005817479577	24.39265055214493	0.0	0.0	
13.245243487766995	19.046269090342104	0.0	0.0	
22.32695205254848	22.922991749271677	0.0	0.0	
17.586149621700873	22.63295874335369	0.0	0.0	
19.843901836300798	7.510649488843164	0.0	0.0	
3.4555367840368483	11.588767871855119	0.0	0.0	
20.796771489811544	30.476000578954242	0.0	0.0	
21.751368863433395	28.609745273995554	0.0	0.0	
2.3394382794012216	28.5798544467344	0.0	0.0	
4.402656044560178	17.226610447836606	0.0	0.0	
6.872956358208381	29.140761112565073	0.0	0.0	
1.6997203026281689	22.570586740989345	0.0	0.0	
4.995002010736368	11.135093011674357	0.0	0.0	
14.086166142733372	31.607628544089255	0.0	0.0	
21.53743948811458	8.208972069031262	0.0	0.0	
13.489249401666225	22.61750071854348	0.0	0.0	
27.68211771916295	17.889434120018127	0.0	0.0	
20.99220090261306	16.117417494256987	0.0	0.0	
6.334426088199699	27.65967046406642	0.0	0.0	
31.330163558613613	21.037828197452875	0.0	0.0	
29.95481058947273	27.482901602411655	0.0	0.0	
13.206717485402251	18.410971102822156	0.0	0.0	
1.4902227448105876	26.016745890141163	0.0	0.0	
5.241283417063823	26.47479284318494	0.0	0.0	
19.468794641448444	8.08410613955186	0.0	0.0	
20.011148062542215	20.25255978106752	0.0	0.0	
25.77759468230407	11.003282366680452	0.0	0.0	
17.947686408472105	6.083625503920302	0.0	0.0	
11.946872204064672	6.728555793704949	0.0	0.0	
26.892416765683755	23.560425545251743	0.0	0.0	
8.169817618548084	31.5203481551653	0.0	0.0	
11.787850257615009	5.767548908612689	0.0	0.0	
1.1021337528491948	18.879615110467636	0.0	0.0	
30.94999280490027	5.380950758373899	0.0	0.0	
11.988646040068424	29.629642697197575	0.0	0.0	
29.989557625761176	12.897499077431423	0.0	0.0	
15.968919576251256	2.5826865828547234	0.0	0.0	
17.210757416988162	7.837395665767772	0.0	0.0	
15.096745857189564	13.675659087651152	0.0	0.0	
22.85467334659018	29.06926683893866	0.0	0.0	
13.654900502900265	17.258697919658513	0.0	0.0	
12.596436655198556	10.861451886427787	0.0	0.0	
16.13754826743607	7.835143323135426	0.0	0.0	
18.226948450859876	4.236188247609512	0.0	0.0	
1.8639441821209104	9.421829665229506	0.0	0.0	
0.19389971149188057	20.126475906489322	0.0	0.0	
13.198200822598448	20.22131257135462	0.0	0.0	
5.523075671080278	8.27679266664613	0.0	0.0	
11.295587912296117	14.067490169044873	0.0	0.0	
31.391305605437978	4.18390938169868	0.0	0.0	
25.34293456064547	19.781636309719218	0.0	0.0	
29.732082967345594	30.85357535140845	0.0	0.0	
12.326474797269782	5.588774324187877	0.0	0.0	
7.410469689066872	15.960585308976086	0.0	0.0	
29.063018174546162	21.136619948096122	0.0	0.0	
28.291084119058336	28.793504314248807	0.0	0.0	
4.369843685787522	17.432561731397726	0.0	0.0	
31.0031347117403	24.143286977228115	0.0	0.0	
23.726183177859088	19.361978475059473	0.0	0.0	
26.370678264369065	7.723823540920485	0.0	0.0	
10.307299006025843	4.73748908433021	0.0	0.0	
6.766553168764979	30.406132558464126	0.0	0.0	
11.955109778168772	30.842428817746455	0.0	0.0	
18.602338119196876	11.787813256826425	0.0	0.0	
9.840768527480105	16.166942557618675	0.0	0.0	
20.07565493865787	5.7769928637466705	0.0	0.0	
4.094974247121112	11.162983443201576	0.0	0.0	
8.4031982353114	19.54928646999104	0.0	0.0	
21.669219692981745	0.09382944356341838	0.0	0.0	
22.7261564204645	28.828396483834634	0.0	0.0	
1.7871700488783695	13.456243049024629	0.0	0.0	
12.105873156820802	7.832234546825443	0.0	0.0	
15.692902729570822	14.703945257353308	0.0	0.0	
7.40077567957977	21.692368106424954	0.0	0.0	
22.547259082682782	1.2855117643249763	0.0	0.0	
19.82271164551278	23.900320925425945	0.0	0.0	
15.348259435412611	8.197065105012076	0.0	0.0	
22.682149349848256	29.555390245578074	0.0	0.0	
8.361639274061393	7.979336560734001	0.0	0.0	
31.3795593832268	13.935321095594986	0.0	0.0	
5.906130808311108	8.22921330592979	0.0	0.0	
5.979128612151772	10.382479250164394	0.0	0.0	
13.989367726844524	7.700666826224406	0.0	0.0	
17.922501798221923	11.158193709969773	0.0	0.0	
0.8134337601456529	30.707798374496893	0.0	0.0	
29.92116422500261	14.123744203388867	0.0	0.0	
19.62388727353723	17.893400648729582	0.0	0.0	
4.1950734270136785	30.253220287599188	0.0	0.0	
13.42133158446461	8.497080222949482	0.0	0.0	
15.522562030815124	3.0689566413728926	0.0	0.0	
25.6052878092305	16.020752234672017	0.0	0.0	
16.136986705374344	24.948094791147064	0.0	0.0	
2.641865388808654	17.889268513656727	0.0	0.0	
10.648421806047324	11.814150570260665	0.0	0.0	
13.216563240012956	2.038726162773777	0.0	0.0	
17.39623927742454	5.419699926335191	0.0	0.0	
29.521388240665086	13.945843776600949	0.0	0.0	
28.47855189127042	19.543421844260507	0.0	0.0	
27.89603343459787	19.851237878947213	0.0	0.0	
6.882217734162435	1.0988988903663497	0.0	0.0	
13.920042335975221	17.734089150133233	0.0	0.0	
3.3180825038660835	9.69914487307237	0.0	0.0	
0.05918662089020543	1.2724564063476898	0.0	0.0	
7.708371198036321	8.112196140459687	0.0	0.0	
13.77971136528684	15.287993832172493	0.0	0.0	
31.436661920723758	18.029049884139027	0.0	0.0	
17.81585844531609	11.41936470574558	0.0	0.0	
8.056018880438273	9.168274553575678	0.0	0.0	
9.101536916053508	9.139699763471032	0.0	0.0	
15.751221097231824	25.61840579372094	0.0	0.0	
2.076045071844966	19.77722292075247	0.0	0.0	
6.77636653924878	15.444024100217977	0.0	0.0	
29.53041950107902	4.931714650581892	0.0	0.0	
1.8974823820230533	8.144319849468285	0.0	0.0	
22.917077920904305	23.547915675735712	0.0	0.0	
17.70011412144231	26.91185168041727	0.0	0.0	
3.7083101461427397	17.58358481944592	0.0	0.0	
13.736351233828174	25.526975214011756	0.0	0.0	
19.774624963914505	16.458122499738426	0.0	0.0	
14.961616068266391	6.01214422454656	0.0	0.0	
20.930908720105517	15.623833005357085	0.0	0.0	
2.6258927348000896	3.076740879852842	0.0	0.0	
4.278561607687543	10.863465553664252	0.0	0.0	
13.229505385953917	16.812466878877135	0.0	0.0	
23.576924507668274	15.448305003555728	0.0	0.0	
14.711772423524376	8.403509843177378	0.0	0.0	
17.738334581834145	27.53932225670338	0.0	0.0	
25.031808411148287	19.59124556121773	0.0	0.0	
31.393354534412115	13.179931437230263	0.0	0.0	
29.874082889562544	12.41740868759835	0.0	0.0	
8.044442954353809	9.727322969730057	0.0	0.0	
20.55716191673214	27.569885209661024	0.0	0.0	
23.645302888553775	5.544701530046385	0.0	0.0	
11.074127673100094	2.4223092312543564	0.0	0.0	
0.879161981923783	18.754277642082396	0.0	0.0	
22.303078597464527	28.30511030255118	0.0	0.0	
0.44153141661049133	23.610475310485157	0.0	0.0	
31.613294496753884	13.870758808108764	0.0	0.0	
15.607703660824317	22.729205737556484	0.0	0.0	
16.052296488221668	1.169864298161528	0.0	0.0	
23.283049776356435	28.42857863592698	0.0	0.0	
10.356595606432123	15.740447678517064	0.0	0.0	
1.8315796585579243	21.966027457725538	0.0	0.0	
3.789691448703479	12.9292893383173	0.0	0.0	
16.17365014203409	31.665678472130093	0.0	0.0	
28.631959212122474	21.015578415885052	0.0	0.0	
21.231336602807524	13.145298755222473	0.0	0.0	
1.6607758620984718	23.479139414201143	0.0	0.0	
28.10619202146972	13.609538952572063	0.0	0.0	
17.911635772605262	10.233007541761044	0.0	0.0	
19.830795366220688	13.909441711571784	0.0	0.0	
26.465883666291095	12.908619935384433	0.0	0.0	
24.082332786864843	10.338670244592702	0.0	0.0	
24.270251722974354	12.066238860699983	0.0	0.0	
20.170005427432613	3.9193900694295323	0.0	0.0	
22.993660580323045	20.5829755189478	0.0	0.0	
12.390165137935405	9.394879860537493	0.0	0.0	
2.11912917608705	1.8468105252913851	0.0	0.0	
19.183801665683262	18.361750384233122	0.0	0.0	
21.29508657041265	0.41777569649061164	0.0	0.0	
13.630717692987517	2.578201335617255	0.0	0.0	
26.41712059858102	28.690946725384403	0.0	0.0	
31.930043560054965	12.463776054059192	0.0	0.0	
28.21251714212894	24.774816813284485	0.0	0.0	
20.01796537200722	14.740464213006707	0.0	0.0	
3.4836283323685713	14.82217031160971	0.0	0.0	
26.254667880163456	3.7716748357842924	0.0	0.0	
25.527915853277737	21.760273412989815	0.0	0.0	
2.866680770063617	15.596212138654707	0.0	0.0	
7.452276756166491	21.091129710660237	0.0	0.0	
25.32382804289632	9.102070903225751	0.0	0.0	
18.48580715897976	15.414229202867102	0.0	0.0	
31.49166800640033	29.257692799857463	0.0	0.0	
11.960380292642707	29.72337435216022	0.0	0.0	
21.576907041258472	28.386275011011513	0.0	0.0	
3.640837141198787	25.980180832717537	0.0	0.0	
15.528693268112129	11.22150513524888	0.0	0.0	
3.023009025819814	26.079955097547366	0.0	0.0	
17.304372462333596	10.395496513507847	0.0	0.0	
14.93920967018975	28.998194885710568	0.0	0.0	
30.6745110571694	9.369447845609997	0.0	0.0	
7.035994291049288	24.549199975121738	0.0	0.0	
5.810299998283089	21.30039059650563	0.0	0.0	
4.949522773394836	22.45281145444337	0.0	0.0	
27.712824370085997	1.1905731520440348	0.0	0.0	
13.808571118598795	31.243012705750605	0.0	0.0	
4.734188842988541	12.925552010934624	0.0	0.0	
1.7112852085195662	7.931259403466921	0.0	0.0	
28.452854802458297	31.11200834309883	0.0	0.0	
15.433799284371577	8.898380214732988	0.0	0.0	
29.97944408826282	24.82691163842955	0.0	0.0	
2.6787405291624466	17.704467317333794	0.0	0.0	
31.878252819950454	25.602276381872155	0.0	0.0	
0.7619304048334605	16.612251233706278	0.0	0.0	
6.4001155056201	24.567667192062597	0.0	0.0	
8.679142327524307	12.132564330218472	0.0	0.0	
6.131609796360749	30.95960934799547	0.0	0.0	
14.163773870178375	20.85026239842887	0.0	0.0	
15.787698879505204	26.580140300289216	0.0	0.0	
5.358188513940508	8.1531474222278	0.0	0.0	
6.686886924638912	4.864494297651152	0.0	0.0	
26.277889712387285	0.8792047420947711	0.0	0.0	
10.730590597512592	7.183433168388881	0.0	0.0	
26.55091808336398	18.71014759861055	0.0	0.0	
28.289081995478547	11.046434176444691	0.0	0.0	
24.089416088722903	3.588139816071024	0.0	0.0	
27.014668299168793	0.014121652161204423	0.0	0.0	
0.6211537519643748	25.579732554348457	0.0	0.0	
11.516421653691037	26.768485084448848	0.0	0.0	
10.848529736282725	14.35294197734894	0.0	0.0	
4.033038286927152	11.69844333382743	0.0	0.0	
23.82888255165708	7.306330367554313	0.0	0.0	
18.82462664875785	21.04845001830316	0.0	0.0	
14.999230330385867	27.12249319074766	0.0	0.0	
27.822458328671466	20.596038353818873	0.0	0.0	
22.891587514149393	24.29558170641486	0.0	0.0	
11.186065411496251	3.04676126316183	0.0	0.0	
12.839827275826838	27.60042152769084	0.0	0.0	
2.233431669354001	10.242412063769567	0.0	0.0	
17.72917417459265	23.870433798625964	0.0	0.0	
31.13498936953124	22.589606945783075	0.0	0.0	
24.0519169564556	7.397476232815933	0.0	0.0	
13.433414192440775	5.746686729766193	0.0	0.0	
28.242409103067587	7.088781376389061	0.0	0.0	
20.73534911181809	25.801471331461048	0.0	0.0	
7.767455511581797	4.567495908998183	0.0	0.0	
25.051839888687223	18.375607066341743	0.0	0.0	
31.66430417714686	6.269038578135458	0.0	0.0	
16.560597209398956	15.652809814567462	0.0	0.0	
17.168939605072755	7.685676687591254	0.0	0.0	
20.581002311205896	25.77702336827125	0.0	0.0	
14.153885614898826	2.752322474006494	0.0	0.0	
26.95127266236061	28.031427445578213	0.0	0.0	
24.59986215121787	17.93571738597118	0.0	0.0	
4.884795928911636	30.03255945634379	0.0	0.0	
14.32923721650565	30.314293682985127	0.0	0.0	
20.218432849910673	26.55684279342231	0.0	0.0	
5.145435810796016	3.6071596391579135	0.0	0.0	
13.716006233628118	25.99074311050081	0.0	0.0	
11.629449874576295	16.82223183425115	0.0	0.0	
6.922135911602563	14.508874677163039	0.0	0.0	
2.9072749731880947	24.093723291115143	0.0	0.0	
19.563407930969294	18.12582413249146	0.0	0.0	
29.22843324126445	19.363174273201565	0.0	0.0	
30.181381270708762	28.371082207491266	0.0	0.0	
24.902515200642057	4.37310810007213	0.0	0.0	
9.427320669240004	6.775645767512039	0.0	0.0	
29.321903455016272	9.234013611469479	0.0	0.0	
27.04656429676721	21.673835070627707	0.0	0.0	
25.51280781314978	29.402807284718236	0.0	0.0	
1.1572958216864428	26.96969590596306	0.0	0.0	
6.961260654607141	30.759711625203085	0.0	0.0	
24.83780819282213	14.559002306556458	0.0	0.0	
3.7565271080209293	24.288514639600024	0.0	0.0	
26.78764100617346	25.16199516468932	0.0	0.0	
12.650250205544285	24.342354270180238	0.0	0.0	
28.349839549763992	9.247114998932897	0.0	0.0	
1.6610661561583342	9.754541496715031	0.0	0.0	
3.8985400858469426	26.034152203752516	0.0	0.0	
26.125943774503835	19.2094577384782	0.0	0.0	
21.32998900248726	0.52809742527376	0.0	0.0	
4.924424485192823	13.902620080668889	0.0	0.0	
23.707201161572602	4.074173359239406	0.0	0.0	
31.63606536762112	10.708231685071862	0.0	0.0	
8.902158920033187	19.533596555183667	0.0	0.0	
18.88953667731201	19.797209703904382	0.0	0.0	
21.316226365457005	5.988223279722973	0.0	0.0	
29.658980195916794	6.009111725540585	0.0	0.0	
1.7514122936923506	23.857132302124707	0.0	0.0	
21.54107705047366	23.031078246917723	0.0	0.0	
21.013664897222764	2.188794678472675	0.0	0.0	
23.702785590399664	6.12861305092564	0.0	0.0	
16.330194042979347	12.944779474821107	0.0	0.0	
8.403996234709464	23.94222190825043	0.0	0.0	
29.4041777277842	29.62170647460781	0.0	0.0	
27.947925505015153	25.914033068739585	0.0	0.0	
12.31905741824778	14.109108910365634	0.0	0.0	
12.998348237371612	20.546360901937085	0.0	0.0	
8.740263647012739	5.247734636753606	0.0	0.0	
3.675179294046501	5.159172300216007	0.0	0.0	
9.967785289912168	6.725681293646627	0.0	0.0	
31.053027217542756	13.479773929300794	0.0	0.0	
7.983847572478766	29.190144746278353	0.0	0.0	
20.916317999196018	1.3320731605168525	0.0	0.0	
15.327703651733895	0.9959535561436361	0.0	0.0	
26.858895572445686	1.645588599388006	0.0	0.0	
8.070406268675278	27.54212317112382	0.0	0.0	
20.151753319460536	25.79771307245899	0.0	0.0	
27.143140201757646	0.373169381757684	0.0	0.0	
6.328121708806346	16.62255800378061	0.0	0.0	
30.38904828164421	25.228365406511983	0.0	0.0	
10.68592707633302	22.661710033422878	0.0	0.0	
12.887218149183113	29.104906195702455	0.0	0.0	
0.8670635579558414	14.690005920135146	0.0	0.0	
4.867303922834008	19.539826756835033	0.0	0.0	
18.61606983890175	22.237432948159302	0.0	0.0	
23.03003050536709	29.07861534606643	0.0	0.0	
30.162709398209692	26.533413654868426	0.0	0.0	
24.88676644976764	3.788418745831301	0.0	0.0	
26.311099498307	5.617300536937886	0.0	0.0	
16.376397882407787	29.363245520850015	0.0	0.0	
7.233866433367574	0.5351833001873203	0.0	0.0	
31.406237439597426	2.3340731799941885	0.0	0.0	
10.50524273410075	25.066867058389	0.0	0.0	
11.494570814402383	23.079046298415857	0.0	0.0	
21.234819044223947	14.413012114255878	0.0	0.0	
1.8139728079996225	8.31272957286895	0.0	0.0	
22.988104270305797	0.8132697086301697	0.0	0.0	
8.37807551673134	9.781868476090228	0.0	0.0	
0.050627364614001635	11.635512668020397	0.0	0.0	
9.52978112662722	12.121849390095669	0.0	0.0	
16.436646889335606	29.283935862117588	0.0	0.0	
18.2355620456347	10.57291784362969	0.0	0.0	
0.41430928522729005	28.77270100700328	0.0	0.0	
29.33548509085242	4.2924557036417355	0.0	0.0	
18.197867038005484	22.6964480977832	0.0	0.0	
3.4539145828653233	4.00235450400012	0.0	0.0	
26.89151202722161	21.9528444671447	0.0	0.0	
22.185426850470304	16.14447486072473	0.0	0.0	
16.384931671958636	10.437608140697296	0.0	0.0	
3.7627240675066673	21.99940036870385	0.0	0.0	
16.559126321755652	17.902334101783406	0.0	0.0	
12.764153837856675	15.953054862711891	0.0	0.0	
5.993394321314607	12.776764472669036	0.0	0.0	
11.920795826032254	30.397987140940515	0.0	0.0	
1.860854365124748	19.776475603677248	0.0	0.0	
31.2542789815492	18.568938762028534	0.0	0.0	
5.350388854108477	16.78374240690123	0.0	0.0	
25.4369111221897	6.78021221848519	0.0	0.0	
17.90665281902289	19.97255136378071	0.0	0.0	
7.606350554573986	1.1226512896071945	0.0	0.0	
10.989558658449738	28.179414659775038	0.0	0.0	
0.3212218224835546	2.951275405966779	0.0	0.0	
7.872267140985208	31.7440775929244	0.0	0.0	
0.9000211814708017	25.582809022148535	0.0	0.0	
12.510798836128625	13.024746788458696	0.0	0.0	
17.358328484628395	22.938734677122905	0.0	0.0	
16.980434573012037	0.035953643558467974	0.0	0.0	
20.164555394335814	17.89559376879145	0.0	0.0	
15.954910688412955	30.277212757087216	0.0	0.0	
19.269131231006412	18.628101041972272	0.0	0.0	
25.17464620690781	23.42572401606831	0.0	0.0	
28.401834709089112	20.531753345775446	0.0	0.0	
18.968662890950235	16.538772565842528	0.0	0.0	
30.242095794466117	18.613615883111965	0.0	0.0	
25.740226802036815	4.061102247139527	0.0	0.0	
19.441491270742695	11.976110709420421	0.0	0.0	
29.065825784425993	22.708437917272622	0.0	0.0	
18.76607525105565	10.40965453705769	0.0	0.0	
24.806164375205054	10.031367511384616	0.0	0.0	
8.538792753742221	2.1441039188179154	0.0	0.0	
28.086009208252968	23.923117317296402	0.0	0.0	
17.018265342092707	29.480515462335052	0.0	0.0	
0.6693412572604558	5.121676267392154	0.0	0.0	
13.262767264107168	20.89629105601027	0.0	0.0	
10.313948469888235	20.76197572785162	0.0	0.0	
6.54731136472115	10.397540676568916	0.0	0.0	
22.21998944710444	13.508042549580392	0.0	0.0	
25.261701930676747	7.540490220456448	0.0	0.0	
28.388774542655057	14.666364230548698	0.0	0.0	
11.917031308427458	9.924155249555493	0.0	0.0	
2.6242234185156015	6.642450038554006	0.0	0.0	
4.869758322867565	12.842335663710987	0.0	0.0	
19.771565201221755	13.66641306824964	0.0	0.0	
24.138450850472413	10.362331304079124	0.0	0.0	
9.47805529388119	9.993141705050459	0.0	0.0	
30.328129844385035	11.684957732340859	0.0	0.0	
8.148957493861609	11.814206634200634	0.0	0.0	
5.287968474936221	25.934723832862296	0.0	0.0	
1.2674708992249748	1.3977279487393695	0.0	0.0	
9.649960991057092	14.618179988173008	0.0	0.0	
25.99506213784435	11.696380470421836	0.0	0.0	
24.2938099034194	7.643413381388051	0.0	0.0	
28.12917703893703	16.45304552683462	0.0	0.0	
24.843867942702435	26.116427416489028	0.0	0.0	
0.3955628240375475	4.4529192308945404	0.0	0.0	
27.65695467152143	16.135402353879176	0.0	0.0	
3.785878977094807	24.521506860276435	0.0	0.0	
10.888092746871674	3.8942871389147804	0.0	0.0	
9.253894429801854	14.410644348249082	0.0	0.0	
5.344088264800213	15.623738160745749	0.0	0.0	
29.854929181438237	11.453360711059155	0.0	0.0	
22.087014310317905	28.182537379017106	0.0	0.0	
30.43282978625972	12.650681819482113	0.0	0.0	
4.4155430251234264	5.490141006799121	0.0	0.0	
6.525038784245027	1.7257912737275305	0.0	0.0	
25.274113516300822	31.099204054159134	0.0	0.0	
17.326177970973692	11.864231198479764	0.0	0.0	
6.989174782568405	24.133584307667032	0.0	0.0	
22.050018419133018	20.98518870253372	0.0	0.0	
25.202840034179598	13.90199949918491	0.0	0.0	
19.839992902134913	15.24116554037683	0.0	0.0	
4.17592945879867	31.935533986426346	0.0	0.0	
27.375497284630164	21.191383499895977	0.0	0.0	
4.775692841930486	4.341659421335702	0.0	0.0	
5.821990930876641	8.141482252099028	0.0	0.0	
20.5947494484425	29.9666659444383	0.0	0.0	
21.388043853490746	14.50416940290285	0.0	0.0	
20.420856945937572	1.6661522490911338	0.0	0.0	
5.511752830892512	31.15558442524151	0.0	0.0	
21.44732329632869	4.018655466826008	0.0	0.0	
6.2906871330866885	11.79710299605437	0.0	0.0	
26.776298628480703	24.166951214336482	0.0	0.0	
23.05255094408028	10.277860560680654	0.0	0.0	
15.746093846129451	27.17628305248373	0.0	0.0	
7.998554817484781	16.87830332155132	0.0	0.0	
7.697503156338382	12.438109688554668	0.0	0.0	
18.230578842624197	7.4334934217394455	0.0	0.0	
23.94157162879361	5.4436223267139	0.0	0.0	
3.9339853458243645	13.795286578951735	0.0	0.0	
30.982304919737054	30.22793625967728	0.0	0.0	
12.332384721467314	28.709638629741377	0.0	0.0	
6.965681782203159	28.58836012774231	0.0	0.0	
3.5103131677293007	27.386861373039913	0.0	0.0	
10.79171772206664	1.847818050130229	0.0	0.0	
29.650275333710436	20.64906545430031	0.0	0.0	
15.382719169085558	23.958901348007757	0.0	0.0	
23.07980230128878	21.67075952468209	0.0	0.0	
11.835886591904892	15.037339533279397	0.0	0.0	
23.99615106869829	8.29552158307013	0.0	0.0	
24.114546649863847	7.302814780064114	0.0	0.0	
13.027996043087338	28.907727242346667	0.0	0.0	
25.440851066694094	12.748060675014774	0.0	0.0	
2.400933225042632	5.6453278887922345	0.0	0.0	
9.039969548625592	30.822544864988117	0.0	0.0	
4.574841694150102	31.18793379547726	0.0	0.0	
11.9325185156201	20.88603189813848	0.0	0.0	
6.081690676951695	9.378449016694919	0.0	0.0	
29.67371317431455	24.444656808594985	0.0	0.0	
24.97771225640263	29.911225583378084	0.0	0.0	
7.712555224018683	0.9613891388562159	0.0	0.0	
8.186955535437892	15.87011993629071	0.0	0.0	
23.831668708145422	16.805900220422142	0.0	0.0	
7.650338586919901	30.65305064498264	0.0	0.0	
1.1361061712647	14.859436266145938	0.0	0.0	
8.00336105903379	18.453448431757604	0.0	0.0	
29.19469740410221	4.76006400392939	0.0	0.0	
13.225001169552431	29.56062499800702	0.0	0.0	
21.83945378527361	28.841533168128027	0.0	0.0	
15.556351653240153	22.273421414460113	0.0	0.0	
3.112834286258135	4.862216107230349	0.0	0.0	
22.43233067532722	24.8327704616786	0.0	0.0	
25.57997235027202	30.454874574078797	0.0	0.0	
13.363014183617882	31.335225933390273	0.0	0.0	
17.226152351334296	19.072052854760518	0.0	0.0	
1.2449550409220045	22.10650531008799	0.0	0.0	
26.383860468574046	0.3067895519097412	0.0	0.0	
6.669437385995092	24.8998396221104	0.0	0.0	
7.731929389443589	16.532832521316813	0.0	0.0	
21.895145212305717	29.053817039603082	0.0	0.0	
21.50393976154122	14.196686894625302	0.0	0.0	
8.598653352179571	16.8472480393152	0.0	0.0	
13.371793954073244	6.717752359187973	0.0	0.0	
16.331035175866393	24.184565746842214	0.0	0.0	
4.467853991913881	7.362331515869144	0.0	0.0	
8.454486303030432	6.280384411316174	0.0	0.0	
6.184567497857682	30.25602027661881	0.0	0.0	
31.893077573972818	11.7535554371794	0.0	0.0	
0.6368378637434873	19.991812468429398	0.0	0.0	
10.945165281219744	13.698410403432284	0.0	0.0	
21.950292890456527	31.06423187515847	0.0	0.0	
13.478452721859071	12.299576746831214	0.0	0.0	
12.468444679066916	8.7930594530362	0.0	0.0	
11.972173833649094	1.3878276424799338	0.0	0.0	
20.94484076505989	8.091978064604344	0.0	0.0	
23.65024492404197	29.68298029963427	0.0	0.0	
23.35789238555166	13.342708959412054	0.0	0.0	
11.39747871085681	9.363152185948405	0.0	0.0	
19.420990413840396	4.17680312997463	0.0	0.0	
25.0179864053683	25.168600576108535	0.0	0.0	
19.187103856938357	31.11614669050077	0.0	0.0	
1.5898789880393167	10.920025531771465	0.0	0.0	
8.89438758426762	20.728211088342245	0.0	0.0	
23.101580108243738	29.380497390805342	0.0	0.0	
31.59129195704917	3.823338681208817	0.0	0.0	
31.4209844633859	18.21911724799779	0.0	0.0	
4.235730249497717	12.905062529291062	0.0	0.0	
13.89619272092558	20.35482075508308	0.0	0.0	
18.129756649323063	22.797590195869027	0.0	0.0	
24.058738174756556	4.89406406512451	0.0	0.0	
7.6772956840302236	3.41545454058625	0.0	0.0	
21.09128786843877	1.6473935838706453	0.0	0.0	
6.705195507265731	15.162717373739035	0.0	0.0	
15.636019616574362	21.458288928539506	0.0	0.0	
23.199728834363192	28.91286546297977	0.0	0.0	
29.25661132064394	30.718893061715853	0.0	0.0	
16.22625109298856	3.6172565114062287	0.0	0.0	
12.327380274161854	19.12611446955571	0.0	0.0	
5.773627092915255	5.825987461876288	0.0	0.0	
4.357630611640776	10.482950329664138	0.0	0.0	
13.066817946167092	19.451242819655413	0.0	0.0	
11.564038282323942	26.7539803874622	0.0	0.0	
8.637433927015689	17.242793364660532	0.0	0.0	
4.768231098320541	15.479357693502472	0.0	0.0	
27.1432248830026	21.59621205779429	0.0	0.0	
17.868464559479484	27.991946540147676	0.0	0.0	
0.9031941441499782	2.579210514275225	0.0	0.0	
4.250925865625973	21.869804159398473	0.0	0.0	
5.855668621047439	12.216183979204935	0.0	0.0	
1.8251720246765295	1.065234500052913	0.0	0.0	
22.956890029791992	5.3619219723642	0.0	0.0	
4.10926585633711	26.448534322358782	0.0	0.0	
5.741601010600856	9.789067459092962	0.0	0.0	
17.640510728367417	21.879189825394416	0.0	0.0	
2.2563585996637805	21.742435045151026	0.0	0.0	
0.34317415258406214	4.090216291287753	0.0	0.0	
2.5378393361031897	28.46384714467925	0.0	0.0	
14.943753386358033	22.519439665206736	0.0	0.0	
18.09865433707404	2.452587649699268	0.0	0.0	
6.399560429159457	27.48882993704577	0.0	0.0	
5.185350286109806	0.08712162138844448	0.0	0.0	
27.572196604309717	18.3790384333584	0.0	0.0	
23.578474949090523	25.026838542925482	0.0	0.0	
18.594541569211028	6.750120645797857	0.0	0.0	
30.27599603255537	12.389578123112539	0.0	0.0	
11.000948480799497	18.36698484486565	0.0	0.0	
17.46983179990604	28.886234202966712	0.0	0.0	
1.9243030281137372	6.831198976340392	0.0	0.0	
2.9504687356147983	20.719927467467226	0.0	0.0	
19.217211083276418	21.23253559852947	0.0	0.0	
16.365717566036544	9.630728870315991	0.0	0.0	
29.408813747352404	21.196622976544088	0.0	0.0	
1.7514797327533884	31.225844675586803	0.0	0.0	
9.500957500833461	6.227825120203583	0.0	0.0	
6.062841138568828	19.065554413914192	0.0	0.0	
27.903179464679113	16.071829418189584	0.0	0.0	
10.345543516756777	21.472450165114832	0.0	0.0	
17.931291746299465	5.110544966611659	0.0	0.0	
25.126150228396863	3.941344012657204	0.0	0.0	
9.518311842157814	13.442190231504927	0.0	0.0	
26.368654353504784	19.989098363286416	0.0	0.0	
30.450099030525	10.426235279965297	0.0	0.0	
27.417106274224	2.8973161441679878	0.0	0.0	
23.93520013412669	30.525856995903005	0.0	0.0	
17.16765971834011	13.756117697252066	0.0	0.0	
3.2567548490350653	2.256484399191912	0.0	0.0	
20.0409937545852	22.990888146536054	0.0	0.0	
22.069601713036885	31.702144948631428	0.0	0.0	
0.5396232536624375	17.636177592676162	0.0	0.0	
25.997329544617443	0.5969647469832431	0.0	0.0	
31.431625422417145	20.30153533854033	0.0	0.0	
11.999154434846918	8.784817392875532	0.0	0.0	
13.961675836425613	19.135300930477143	0.0	0.0	
27.750390897059706	9.400664853831415	0.0	0.0	
23.54189316258833	20.514372595890393	0.0	0.0	
20.031325930572255	29.96631140349841	0.0	0.0	
6.178048965356123	22.934458922313514	0.0	0.0	
31.918015692644822	21.26820440087496	0.0	0.0	
0.5949407301056056	23.971655026148063	0.0	0.0	
18.31382298991151	20.038531351782524	0.0	0.0	
31.67280184079535	12.232182236588617	0.0	0.0	
2.296993739562666	29.31677422176818	0.0	0.0	
15.94618970361483	0.7675298226864413	0.0	0.0	
31.527613746597005	6.170876486150679	0.0	0.0	
17.602314642158582	6.522899352412779	0.0	0.0	
8.424234400566757	11.418455609571424	0.0	0.0	
13.92813019513525	23.661510404751333	0.0	0.0	
12.517087146756026	17.412058319931383	0.0	0.0	
24.795608422633475	26.36783842070355	0.0	0.0	
5.910270592985253	24.012049070033203	0.0	0.0	
6.364928195655317	19.662205358269595	0.0	0.0	
9.092531371454182	26.892375953300057	0.0	0.0	
27.118423114530277	9.247578813046431	0.0	0.0	
11.21539668763847	14.186055809988027	0.0	0.0	
15.649639483814159	12.630982624277848	0.0	0.0	
5.9297722399951915	15.041467287013642	0.0	0.0	
8.212817757833037	19.73955134412451	0.0	0.0	
22.557347512275925	4.907217408589457	0.0	0.0	
7.676440758349109	11.63878358665863	0.0	0.0	
9.051105136742091	21.27160943277444	0.0	0.0	
27.71319636878089	25.09956705282147	0.0	0.0	
8.967862337211692	22.80404533289939	0.0	0.0	
10.8419914571464	0.9339319661238186	0.0	0.0	
29.270048959748088	10.652135997198638	0.0	0.0	
9.57436629168086	3.724092982553408	0.0	0.0	
7.7179166719433425	2.405975235837097	0.0	0.0	
1.0324050118913988	19.313367450224415	0.0	0.0	
27.02736567136406	23.09617493826914	0.0	0.0	
12.317241965488922	3.89815487424314	0.0	0.0	
31.615901477415324	14.220530301979032	0.0	0.0	
11.503578428427485	29.27941530605554	0.0	0.0	
1.4162980156780023	23.50684350364813	0.0	0.0	
26.771753521990902	7.977613440047055	0.0	0.0	
7.407899773151733	30.27069690063398	0.0	0.0	
13.900550346329911	22.770983816332603	0.0	0.0	
31.01342318243153	23.784024754983914	0.0	0.0	
28.007657391912065	7.6228814947339565	0.0	0.0	
30.0455112677969	31.849975289324785	0.0	0.0	
12.46324225587507	25.44511135999128	0.0	0.0	
5.11525797130043	2.25358703350469	0.0	0.0	
25.00958367894185	24.63806038063199	0.0	0.0	
26.6739789340045	29.196359113149715	0.0	0.0	
9.984678803023968	8.562542208554603	0.0	0.0	
3.0030061792851335	14.000706698559792	0.0	0.0	
28.899046567513796	21.864630731179652	0.0	0.0	
10.072756919018143	20.714504626559734	0.0	0.0	
18.08629815024573	31.182943935516665	0.0	0.0	
16.856945105222227	25.323787465854416	0.0	0.0	
31.67981028421186	1.9666849382616824	0.0	0.0	
30.92585858458397	3.3715752002514137	0.0	0.0	
21.99621981137364	20.706264541383383	0.0	0.0	
0.6714312286783581	27.564761513263193	0.0	0.0	
4.32970559616583	10.321204408428859	0.0	0.0	
13.431032201677887	21.685283249911997	0.0	0.0	
19.832655629522005	0.3691712704632302	0.0	0.0	
14.996630329472374	12.67206677699048	0.0	0.0	
6.831626431349349	0.6148464159825267	0.0	0.0	
28.749894562125732	1.6509179842656287	0.0	0.0	
22.954469584264196	26.3521941953741	0.0	0.0	
1.002425757979939	11.207218824942583	0.0	0.0	
22.93919863211705	18.89209703929849	0.0	0.0	
4.7164163692578995	23.326270986435077	0.0	0.0	
29.921464772392774	23.910588055548704	0.0	0.0	
13.894086585300446	8.263859823089753	0.0	0.0	
8.730807189245429	20.96513598760461	0.0	0.0	
12.387238645588567	0.6967233102401948	0.0	0.0	
17.25051385931031	8.418882368885335	0.0	0.0	
30.460653698202027	20.850171612785026	0.0	0.0	
15.914785405207233	21.995902538706886	0.0	0.0	
20.13897409220457	9.558912793825485	0.0	0.0	
20.53122218699745	8.673777519917135	0.0	0.0	
7.590368360569919	12.89502252233287	0.0	0.0	
20.679302382143955	28.94600710303825	0.0	0.0	
22.56782895170725	25.795238484800677	0.0	0.0	
22.652719358754776	8.143452758481764	0.0	0.0	
22.682776109242536	14.411173626350998	0.0	0.0	
24.820698276597373	2.313416732865292	0.0	0.0	
17.60940031855476	28.13372105618154	0.0	0.0	
11.97870587917943	2.014649461285039	0.0	0.0	
0.13584278836079022	30.423032474352496	0.0	0.0	
13.084605742238082	1.971529579029415	0.0	0.0	
5.010412986074751	27.954417696048083	0.0	0.0	
4.091527035178089	30.457316993956958	0.0	0.0	
25.655424351794203	7.616549042451528	0.0	0.0	
23.727883770971374	13.292353635890976	0.0	0.0	
3.320147432965854	15.801861429987454	0.0	0.0	
22.09429368573	25.17607671251847	0.0	0.0	
27.766963427557684	31.51827007289252	0.0	0.0	
24.745508744008674	8.355946439867736	0.0	0.0	
20.290549257853375	15.231732119855021	0.0	0.0	
14.505877062525187	28.752387885450755	0.0	0.0	
10.697046531170884	12.409329314498684	0.0	0.0	
22.21250526878851	6.2160111222003	0.0	0.0	
17.61982457151173	21.969680636807965	0.0	0.0	
14.670047356556797	29.79591596402963	0.0	0.0	
24.014722811591376	12.645510622419732	0.0	0.0	
29.057195402380568	17.59832593331324	0.0	0.0	
12.867020606838562	3.5576285352786137	0.0	0.0	
6.688458799858125	22.82800691003459	0.0	0.0	
5.354968948949743	12.924831149423017	0.0	0.0	
28.39188783668342	22.414427996033304	0.0	0.0	
30.602315860684744	22.701790183069477	0.0	0.0	
27.843694898519647	22.25166376795807	0.0	0.0	
3.003032366080138	2.3710910584714284	0.0	0.0	
17.785419031800792	4.609740218887495	0.0	0.0	
15.546201647610957	4.430519124282139	0.0	0.0	
13.468539755442954	2.652980716919931	0.0	0.0	
28.310899911180275	14.052568301005842	0.0	0.0	
28.390500081663014	11.566621579529638	0.0	0.0	
23.736773097774886	31.586540646342236	0.0	0.0	
27.330886675302814	27.244154059470333	0.0	0.0	
