2
32.0	0.0	0.0	0.0	
0.0	32.0	0.0	0.0	
2.8710471727283178	14.62160430899128	0.0	0.0	
3.1071039209562876	19.658260227254374	0.0	0.0	
0.25997566891483004	21.237553188701927	0.0	0.0	
10.973102496831423	14.699116650725184	0.0	0.0	
2.4536590077188087	9.422981720880223	0.0	0.0	
26.927638834543966	1.3439687670669578	0.0	0.0	
8.27317122124439	14.299458941533754	0.0	0.0	
24.85743373642883	28.114895899973945	0.0	0.0	
1.3146535271136806	2.518662024106739	0.0	0.0	
20.80387536172429	7.946075011961824	0.0	0.0	
19.065376552347807	6.040749856716971	0.0	0.0	
6.145719446589297	29.78590646191755	0.0	0.0	
14.163555062500432	5.947219713031256	0.0	0.0	
8.65710396757255	30.973380694479857	0.0	0.0	
8.84994918347136	20.997250322552162	0.0	0.0	
23.97812357150019	17.748313971981	0.0	0.0	
15.405579933067667	23.247946933536	0.0	0.0	
16.32545621636624	25.610208680228688	0.0	0.0	
26.93746398619069	25.124280723105414	0.0	0.0	
11.09651004201093	11.364064117918044	0.0	0.0	
2.1018674089186646	5.841367831730388	0.0	0.0	
27.094392927494912	31.015722814662734	0.0	0.0	
24.49468768256021	5.64902129829812	0.0	0.0	
8.163073987070888	26.184304046855278	0.0	0.0	
10.101602842587795	22.65014634858364	0.0	0.0	
23.2052846037488	16.781344543896505	0.0	0.0	
26.701179414832524	20.65548761803731	0.0	0.0	
26.666809873445292	1.326194060853723	0.0	0.0	
0.6905986186404043	26.272522147730076	0.0	0.0	
8.898961829520182	17.70476364461373	0.0	0.0	
1.229288874232239	12.792958539269868	0.0	0.0	
27.138181068294937	4.434452872764819	0.0	0.0	
29.77296796543783	30.704752418177723	0.0	0.0	
1.0503022039495313	6.6984821329022886	0.0	0.0	
11.981981224105226	29.178462113714836	0.0	0.0	
16.42658014025407	3.848463840460507	0.0	0.0	
7.390410477874568	14.075811613111775	0.0	0.0	
0.10425917890400171	23.428321140441355	0.0	0.0	
20.744886033802725	15.771934101186389	0.0	0.0	
29.036223246107486	5.307032214694825	0.0	0.0	
26.82651878841627	26.65859944840506	0.0	0.0	
26.36867622246712	2.9104510867931666	0.0	0.0	
24.632734013856613	25.348012956436868	0.0	0.0	
7.627208316955219	27.359803786543615	0.0	0.0	
0.0809076545227363	0.718635367018635	0.0	0.0	
9.647787210655313	15.526990910488017	0.0	0.0	
5.571139268047272	18.489305611756112	0.0	0.0	
21.787745962698644	22.409033591462066	0.0	0.0	
26.395329297804807	16.97970946497777	0.0	0.0	
8.354021525187193	25.006046660517015	0.0	0.0	
13.522344306823133	28.929606793534226	0.0	0.0	
17.67603051314343	21.913038370285093	0.0	0.0	
20.190671381530834	16.520309963867323	0.0	0.0	
30.33648854306544	29.895591916146845	0.0	0.0	
15.575398888729993	5.974964371980818	0.0	0.0	
11.63980615138436	27.606487376578485	0.0	0.0	
11.707933224403664	11.739988163489315	0.0	0.0	
29.091602543334638	5.35057455222902	0.0	0.0	
31.381959412566587	24.486881316872406	0.0	0.0	
10.792673424217679	30.40977135549437	0.0	0.0	
8.589352358933962	7.729975077171591	0.0	0.0	
0.6291832249010376	22.78238992314285	0.0	0.0	
8.307055608808302	21.55189670594386	0.0	0.0	
5.000060761153975	27.088097841619756	0.0	0.0	
12.261945652785084	27.019794009759753	0.0	0.0	
15.791612255331575	6.924487260761865	0.0	0.0	
4.9732746279971	13.306637368489614	0.0	0.0	
13.188999438241172	11.201540610145631	0.0	0.0	
11.851197564568007	30.870595218277785	0.0	0.0	
15.094046681204055	20.816619005340556	0.0	0.0	
27.435029514028546	15.071995921908297	0.0	0.0	
14.599136126535218	27.974842429689264	0.0	0.0	
10.969929319578522	12.48932229328587	0.0	0.0	
19.397048997888486	26.165391185496734	0.0	0.0	
2.5958099845475537	31.652358136659977	0.0	0.0	
16.888525278766934	5.257287194184876	0.0	0.0	
13.570943885226406	27.10110180019908	0.0	0.0	
23.991269805057343	6.396779952877413	0.0	0.0	
27.81038265056704	17.330396731927973	0.0	0.0	
19.19745333456938	26.84291906643308	0.0	0.0	
15.474793713810538	22.148265931774567	0.0	0.0	
7.257595721549734	18.348017193064	0.0	0.0	
26.850048767828593	1.1214015917422415	0.0	0.0	
25.341890285405757	10.672953565625416	0.0	0.0	
11.390794171575106	5.839519744450001	0.0	0.0	
7.9866610063322625	24.3925247750677	0.0	0.0	
7.413124237641409	25.37933578865352	0.0	0.0	
19.168457731238306	15.549634681742834	0.0	0.0	
9.881258023375334	21.462371575651822	0.0	0.0	
20.688469112481563	20.84323629889168	0.0	0.0	
26.288030597502576	6.501311774747425	0.0	0.0	
24.495834149319865	26.743552746817358	0.0	0.0	
7.764302710721015	27.11466103545401	0.0	0.0	
24.60602249961237	29.13964436869835	0.0	0.0	
17.20634244090634	3.261237321864474	0.0	0.0	
13.564767559470578	20.468327241875915	0.0	0.0	
1.2825182343012322	8.685715753618766	0.0	0.0	
14.798509238610134	15.822914594498531	0.0	0.0	
7.592726167424143	6.827043999936986	0.0	0.0	
5.499406022435906	10.965307744353517	0.0	0.0	
4.483677195471309	6.833997038381561	0.0	0.0	
3.8228797250035456	23.27965088792155	0.0	0.0	
25.05291647727941	9.170421884634525	0.0	0.0	
20.768326039101453	14.648498806441399	0.0	0.0	
28.45825587887303	21.709623247592983	0.0	0.0	
11.467633312857888	6.618091977395743	0.0	0.0	
8.449765077572941	22.84189771961451	0.0	0.0	
16.583331906134497	10.789898577761313	0.0	0.0	
24.44314263070416	18.36328417697945	0.0	0.0	
16.966261793174716	30.720981329236732	0.0	0.0	
8.79388865041554	21.50568614306919	0.0	0.0	
2.3933336469089106	19.56341899536475	0.0	0.0	
24.455149563935706	6.814563335394357	0.0	0.0	
22.30450327515971	3.7038274440048937	0.0	0.0	
20.86901026701316	26.05695819714477	0.0	0.0	
19.311547071653976	27.444627168818823	0.0	0.0	
22.639081768587157	31.72128705210853	0.0	0.0	
27.10996775168017	2.7204030761989344	0.0	0.0	
10.025614251922804	22.89988779736649	0.0	0.0	
10.947479192250267	17.222412597561565	0.0	0.0	
29.72039589493039	27.11019342132579	0.0	0.0	
23.3947860995693	19.35732305507529	0.0	0.0	
16.878246555734034	11.153020974575377	0.0	0.0	
12.687887017933832	15.169039636741733	0.0	0.0	
2.9059148934952184	26.426034933352618	0.0	0.0	
29.805495084274693	29.670406843699585	0.0	0.0	
2.9662710755682973	7.550392339615222	0.0	0.0	
19.957526045914545	7.384020196945119	0.0	0.0	
12.809876116596925	24.29748107359513	0.0	0.0	
29.18669027978922	15.549823681329613	0.0	0.0	
6.175429497025892	13.207197331052576	0.0	0.0	
25.854346178687834	23.128374573454582	0.0	0.0	
4.378379739282067	11.444703153558866	0.0	0.0	
18.59704853379367	20.11572634210961	0.0	0.0	
10.287593969182694	4.877066236295459	0.0	0.0	
27.64367974732558	13.908340485753381	0.0	0.0	
24.230653743916186	27.702550603920173	0.0	0.0	
26.313606216839926	8.596215174624309	0.0	0.0	
27.135879420957366	25.799504634358193	0.0	0.0	
31.64169324843548	10.87342080180311	0.0	0.0	
11.0950403265686	30.67628899887785	0.0	0.0	
25.407846784167056	12.181124531436708	0.0	0.0	
15.492739578704729	15.81725840255788	0.0	0.0	
21.7043315355201	31.919948066253294	0.0	0.0	
29.06867619959188	28.623839804960618	0.0	0.0	
4.527490075092619	23.793806581363114	0.0	0.0	
11.867768673229559	1.3816740133588858	0.0	0.0	
29.763444171694566	21.49379237494305	0.0	0.0	
25.824668645995548	24.115268802265852	0.0	0.0	
19.931825971498522	23.6899763747714	0.0	0.0	
26.14223906678566	30.536884697128297	0.0	0.0	
29.423496293947828	10.717783542596901	0.0	0.0	
21.079561036594534	30.611128764608086	0.0	0.0	
24.359486859969856	15.844102903170409	0.0	0.0	
12.942243925766139	8.548548973950403	0.0	0.0	
3.113807982564861	23.098426440865317	0.0	0.0	
16.91977717656024	11.500122670230855	0.0	0.0	
9.72721845717382	29.265686079392854	0.0	0.0	
13.65242330766668	0.29104666202006513	0.0	0.0	
13.629487868312331	23.688037046916346	0.0	0.0	
18.045613598428595	14.731747332893043	0.0	0.0	
20.209761704375005	12.298855423298221	0.0	0.0	
20.07890458386968	17.70649273000674	0.0	0.0	
30.120492551411754	1.9434731393661728	0.0	0.0	
31.221399544366975	29.365329166674567	0.0	0.0	
27.78623985107379	18.518776800279756	0.0	0.0	
3.837111428208548	22.787364502647648	0.0	0.0	
24.59747293169268	31.31031487587637	0.0	0.0	
2.056464750952742	6.369514973145986	0.0	0.0	
18.212805618424028	19.37726914423406	0.0	0.0	
15.386696053184714	20.937295103436544	0.0	0.0	
30.763773946216734	31.846236026231963	0.0	0.0	
30.88769238044564	7.9209977513283505	0.0	0.0	
19.46171928526702	7.360809581379865	0.0	0.0	
31.745485195598558	28.61189836858792	0.0	0.0	
6.148729363048805	7.129767643037983	0.0	0.0	
2.984522511229393	27.077811915793045	0.0	0.0	
27.81657605001626	7.169537005316371	0.0	0.0	
8.079481741034549	1.2023698484443024	0.0	0.0	
15.32808898648642	27.339271838502913	0.0	0.0	
14.291393246448148	21.639777333005064	0.0	0.0	
20.2486862003051	13.54746535521371	0.0	0.0	
6.563409555478813	21.50387250435471	0.0	0.0	
26.531610809726036	26.75874139187555	0.0	0.0	
27.671335880561973	19.812866415961988	0.0	0.0	
0.019653637379128952	5.996684876157207	0.0	0.0	
31.449132002575457	26.889184432497686	0.0	0.0	
21.608523863838194	30.158808711472325	0.0	0.0	
3.054904800707561	2.43464277475298	0.0	0.0	
10.618683828029646	8.295895031125777	0.0	0.0	
0.47285302052151934	30.279285244658073	0.0	0.0	
23.615626114141033	21.97867877853434	0.0	0.0	
10.352565142848231	21.811786372611703	0.0	0.0	
3.992908649517993	21.949092767176754	0.0	0.0	
5.357115310527551	19.853831849912567	0.0	0.0	
27.923632120799024	3.255940116721881	0.0	0.0	
12.429695753189645	28.969858961848416	0.0	0.0	
17.785158038732508	23.914831400942624	0.0	0.0	
27.274700187725365	3.1429825931746116	0.0	0.0	
28.81401584049397	0.736216841023861	0.0	0.0	
3.226966790967598	3.44227988890594	0.0	0.0	
24.202515766897587	13.796259869135906	0.0	0.0	
6.20689122262775	22.752927910414762	0.0	0.0	
15.429719795157201	2.3822155383115238	0.0	0.0	
7.9688588798317745	7.3951799365209965	0.0	0.0	
30.61543853415742	16.643492758629847	0.0	0.0	
13.506199666811046	17.408458245964084	0.0	0.0	
31.675710323679905	21.882281610610107	0.0	0.0	
12.528932168477233	9.868407283384279	0.0	0.0	
17.254001730888994	24.42527643739474	0.0	0.0	
19.319550327918392	16.693588761133064	0.0	0.0	
16.34345810032709	23.78734443983323	0.0	0.0	
13.270273286895364	4.572187072967118	0.0	0.0	
19.814528362020265	8.369704030554889	0.0	0.0	
25.741681389642753	24.611159825463357	0.0	0.0	
10.744831274097269	23.893040532217952	0.0	0.0	
17.154284679599083	15.930399867006862	0.0	0.0	
24.18412318721814	3.974958213634064	0.0	0.0	
7.662656309957448	27.834643112736202	0.0	0.0	
28.348695845910104	24.807976624654977	0.0	0.0	
8.417960427508941	16.15446411627148	0.0	0.0	
24.27794473651277	3.9855321127510948	0.0	0.0	
30.308780565218587	2.455215301503671	0.0	0.0	
17.223542847654702	7.530284814200879	0.0	0.0	
30.72722139341722	22.27007276590522	0.0	0.0	
30.716182636016327	1.16507083078152	0.0	0.0	
18.992522819819037	19.360721278348805	0.0	0.0	
11.593534955188204	10.71524306900655	0.0	0.0	
18.053997291475905	14.522721028833214	0.0	0.0	
16.3232910397879	28.493288836758556	0.0	0.0	
8.92710612111513	26.20728829594065	0.0	0.0	
13.26076386504926	18.13807605014874	0.0	0.0	
11.376440289114793	21.170752034995544	0.0	0.0	
25.481983361678274	24.861712678417508	0.0	0.0	
28.122776317889674	4.655115815571566	0.0	0.0	
7.1733566521646885	19.786781436192484	0.0	0.0	
29.850806936712086	30.75481862604207	0.0	0.0	
10.987827721478673	5.519404993230324	0.0	0.0	
2.0926673187887985	25.60473552727895	0.0	0.0	
18.81601777314738	7.744975713184495	0.0	0.0	
11.871056584113589	28.587226701995366	0.0	0.0	
12.370346656553068	27.396245462494665	0.0	0.0	
5.220515214546268	30.748339430085863	0.0	0.0	
6.719860447736526	21.29697645271244	0.0	0.0	
9.377114074698273	7.55618394353257	0.0	0.0	
10.761203042035344	25.07087309492348	0.0	0.0	
29.677410719084452	12.661304529030016	0.0	0.0	
3.277930560600552	17.35754337040336	0.0	0.0	
30.17888072505759	26.127434203298876	0.0	0.0	
5.193451940940719	30.46393572856598	0.0	0.0	
18.574771764096873	28.014281054029286	0.0	0.0	
11.705803426400365	21.974793073892457	0.0	0.0	
31.468292765605423	20.295322189159283	0.0	0.0	
24.385686104336756	28.87352674172937	0.0	0.0	
25.16387012882602	14.371722228261106	0.0	0.0	
15.922804890784935	2.9457849917407515	0.0	0.0	
22.73574870861696	31.34244512697357	0.0	0.0	
5.3841146535520785	19.75335962301522	0.0	0.0	
16.71207375885615	5.974322106442479	0.0	0.0	
4.439781384573362	29.703039669633384	0.0	0.0	
9.870158509496157	16.15500809947836	0.0	0.0	
26.212490147418997	8.16979348622089	0.0	0.0	
17.676160679582924	9.6358690760492	0.0	0.0	
11.775562041438345	13.733010831725586	0.0	0.0	
23.635889734500072	4.673807236581176	0.0	0.0	
18.92683231884766	21.8654114884618	0.0	0.0	
24.31787870370281	8.583331599157216	0.0	0.0	
15.491631455346894	3.8823530292183577	0.0	0.0	
10.13724211329598	1.6079807088315334	0.0	0.0	
14.819583971163365	20.250974740152717	0.0	0.0	
26.157552592221176	7.606691125048393	0.0	0.0	
1.9606773691186135	31.77243312704207	0.0	0.0	
6.08531194436366	12.076428252914507	0.0	0.0	
23.56020242274368	0.981143610972051	0.0	0.0	
3.773548218932813	20.738538316694594	0.0	0.0	
3.799503868411289	13.571205339674776	0.0	0.0	
24.576203135908354	2.578507657126295	0.0	0.0	
25.566079931808755	23.763079875349536	0.0	0.0	
18.21637766962671	12.933527438125385	0.0	0.0	
2.260717846499851	9.955878341734177	0.0	0.0	
2.778106642279024	11.329452983458392	0.0	0.0	
30.22821470362019	6.461071808708031	0.0	0.0	
7.571339233715914	2.58186435001997	0.0	0.0	
29.114922259580343	21.656135605234972	0.0	0.0	
11.883570126511739	10.156577159447586	0.0	0.0	
25.866699037270752	13.17667302310717	0.0	0.0	
24.850170511461137	11.498799785143671	0.0	0.0	
3.1620468640223045	0.7806144307099139	0.0	0.0	
26.828816503437512	22.997816460951157	0.0	0.0	
26.124200557153248	15.664506554998479	0.0	0.0	
17.171616263701573	12.732586431635706	0.0	0.0	
22.18005971605799	5.562108826500175	0.0	0.0	
26.896391724089447	3.9786667712837662	0.0	0.0	
1.1001397216792625	11.297945694853397	0.0	0.0	
11.235638241619842	25.4081557995655	0.0	0.0	
15.933808904529197	22.313250230826462	0.0	0.0	
27.513633120864224	13.325849224059784	0.0	0.0	
6.750845259242052	10.168739685699343	0.0	0.0	
24.889447572648713	21.33557727064138	0.0	0.0	
6.323602353693296	12.722550337850752	0.0	0.0	
24.563732006383393	26.832834538454826	0.0	0.0	
5.80316696811084	14.279503469585379	0.0	0.0	
4.98901152777864	31.502279331689305	0.0	0.0	
15.39345563400532	19.155413841899023	0.0	0.0	
2.716771056606561	7.702380270658622	0.0	0.0	
13.25584349372421	9.163616575378533	0.0	0.0	
13.227898488670672	3.097161009283461	0.0	0.0	
2.234624435924985	27.920235402413574	0.0	0.0	
27.260862227359734	28.10917617171499	0.0	0.0	
15.90140338347081	2.238718128538231	0.0	0.0	
24.044500923426654	11.443183739124215	0.0	0.0	
12.503544917389192	26.671959774904934	0.0	0.0	
14.976228410648556	5.8420398860851	0.0	0.0	
15.072803284577315	14.491108012308228	0.0	0.0	
7.743975837823353	27.70519162063113	0.0	0.0	
7.344030416712219	30.62952309951627	0.0	0.0	
3.792034116824702	25.54301146902315	0.0	0.0	
21.701502507529455	24.930233446560827	0.0	0.0	
9.790832414386344	0.9863800730553933	0.0	0.0	
5.004857349214955	8.449648664392601	0.0	0.0	
24.62355806322958	31.43178183988411	0.0	0.0	
4.7662110125321355	31.017828192151	0.0	0.0	
27.927145752736507	13.983919051127085	0.0	0.0	
5.099062078972253	12.441741425785285	0.0	0.0	
13.130726482149242	8.29076834834811	0.0	0.0	
16.144488855724212	13.898402681620016	0.0	0.0	
29.27997469331454	6.359390658412167	0.0	0.0	
27.87900363849582	12.11679335050544	0.0	0.0	
23.60119748711269	5.147618309594847	0.0	0.0	
28.15076890913692	6.5529409601558655	0.0	0.0	
6.740002535831916	29.816255648866953	0.0	0.0	
18.9012342872415	2.51190960935282	0.0	0.0	
18.125858577405058	16.375698238119778	0.0	0.0	
5.62053957560941	26.899585203640072	0.0	0.0	
3.726753552000922	29.595104987410405	0.0	0.0	
20.5419375933296	22.435866412481936	0.0	0.0	
17.333238039189055	29.73087469000673	0.0	0.0	
17.437121057165992	24.57743310185158	0.0	0.0	
30.931551600161967	10.514031288282098	0.0	0.0	
6.812521700007725	27.97189426158692	0.0	0.0	
20.463030920030082	15.792901768689966	0.0	0.0	
8.779317049262346	29.634610199420255	0.0	0.0	
19.110286382230623	10.637834782362702	0.0	0.0	
11.617566933540804	24.436686542439645	0.0	0.0	
23.127983285900108	22.89632406286756	0.0	0.0	
23.055308447222103	16.42131843603047	0.0	0.0	
11.579622683076678	14.912865261106912	0.0	0.0	
27.383261308424842	14.940416596219954	0.0	0.0	
3.8541095088635693	14.027443667069416	0.0	0.0	
21.19683195459409	18.159117014168423	0.0	0.0	
4.260255946954164	30.7292476807064	0.0	0.0	
16.56977484745308	0.36985402101926823	0.0	0.0	
13.124366495122814	3.242926141164453	0.0	0.0	
17.388751852782917	12.267382383888197	0.0	0.0	
28.294482887689075	26.518166154453468	0.0	0.0	
8.058736873882903	11.812855528424837	0.0	0.0	
28.65343191803546	17.54349371635934	0.0	0.0	
22.989984005286615	28.348910775631552	0.0	0.0	
11.134331425333023	6.1719682909294775	0.0	0.0	
31.973069519576825	24.684022928773683	0.0	0.0	
16.736878088003017	18.787238497574908	0.0	0.0	
23.58776848884951	4.33977233755239	0.0	0.0	
17.95350427466816	10.513326785886875	0.0	0.0	
14.428221446659528	24.096909948724438	0.0	0.0	
12.650469885861494	25.546051993449552	0.0	0.0	
9.682920768312382	1.3515178512356059	0.0	0.0	
15.7477182470085	21.75009408626462	0.0	0.0	
3.9433982537947188	24.88424798521081	0.0	0.0	
31.924431220065774	24.473007954308994	0.0	0.0	
31.57651199515855	1.8143225586134442	0.0	0.0	
8.162578614933764	11.244827739295886	0.0	0.0	
20.47019830064837	19.55248149191198	0.0	0.0	
6.501891596490353	18.422849565803176	0.0	0.0	
26.836454622924613	5.4843328151016415	0.0	0.0	
0.5666964492145077	24.926128720930667	0.0	0.0	
26.336352634792902	26.863055545700963	0.0	0.0	
5.680239168651799	20.558826288978896	0.0	0.0	
14.466646463439101	10.636106121395027	0.0	0.0	
25.547204431513855	4.82350134574839	0.0	0.0	
26.119695384015223	31.637695583403914	0.0	0.0	
12.384658903198616	30.079158489937317	0.0	0.0	
15.554845857905587	0.8867857111061852	0.0	0.0	
17.72466570856309	8.561780264667739	0.0	0.0	
10.580707978502197	8.079972497190244	0.0	0.0	
26.901115011026626	27.84599150821394	0.0	0.0	
7.596668389316488	12.819422437802526	0.0	0.0	
25.962856477799516	24.438079834501522	0.0	0.0	
20.347485121660903	2.357406405196155	0.0	0.0	
6.611562430928423	27.085993811747915	0.0	0.0	
6.680168429641359	1.710091972102667	0.0	0.0	
25.32154570919499	28.421754115588772	0.0	0.0	
23.30754181977654	22.940771376870753	0.0	0.0	
8.144156475459962	3.824397214603021	0.0	0.0	
20.123858172918986	21.205079524090078	0.0	0.0	
24.3517743493771	29.28157776857563	0.0	0.0	
30.55953002222117	2.236717651155974	0.0	0.0	
6.118249549322751	15.26076383086679	0.0	0.0	
15.825110894281504	14.182054423401144	0.0	0.0	
22.687705888939515	23.021193308401067	0.0	0.0	
10.36069145408613	22.847347081188193	0.0	0.0	
28.937051468446963	31.76226462023765	0.0	0.0	
7.588150997186517	15.339441097441767	0.0	0.0	
11.168019450009368	14.02815348115547	0.0	0.0	
29.9042698183802	13.286019388042547	0.0	0.0	
9.909737709097005	18.63420215680818	0.0	0.0	
20.96189604349037	24.956014331177578	0.0	0.0	
5.476689148278986	30.641620647202725	0.0	0.0	
17.573302373100038	16.855891740820734	0.0	0.0	
6.8892935062129474	24.230837899512224	0.0	0.0	
11.724084813268025	13.772069059390866	0.0	0.0	
6.980052705222885	2.8112842076113544	0.0	0.0	
10.028428325987736	13.197758319542572	0.0	0.0	
20.93962536693483	7.17279480874803	0.0	0.0	
13.580774140349035	9.467161902272181	0.0	0.0	
22.097743710553882	22.643907755724477	0.0	0.0	
31.53118035805223	1.7193899847618752	0.0	0.0	
15.758440139322648	14.656102688920278	0.0	0.0	
26.544180798735464	27.879079107470027	0.0	0.0	
10.82685133002246	4.902600825950046	0.0	0.0	
7.27086413798553	18.656823882586213	0.0	0.0	
9.785257003042815	11.88312337033944	0.0	0.0	
11.627991674832106	29.043849060265856	0.0	0.0	
20.00179070306437	11.166832190049767	0.0	0.0	
24.642560892220047	15.128439655791759	0.0	0.0	
11.558950995125077	18.403131775296654	0.0	0.0	
17.729096937565064	2.0454970972680293	0.0	0.0	
7.278708874617241	11.202194549873408	0.0	0.0	
3.887296300038475	4.654479693604284	0.0	0.0	
9.41766050142843	15.521168310401574	0.0	0.0	
2.646424319395919	7.561044957564125	0.0	0.0	
22.713213068353383	13.886887555085856	0.0	0.0	
21.173181650974183	18.039632521564616	0.0	0.0	
29.13709891421016	23.249226488696518	0.0	0.0	
12.452428667848842	17.065059292956505	0.0	0.0	
7.822015758055549	16.97764452238983	0.0	0.0	
20.922394984105278	28.60707284940841	0.0	0.0	
19.45231883630396	27.914654513007605	0.0	0.0	
30.947814984320466	21.721754563030473	0.0	0.0	
6.5967677039936135	15.917368946075772	0.0	0.0	
19.29140898191263	29.29749206290084	0.0	0.0	
8.125534109342592	8.161503428317285	0.0	0.0	
0.5753830244321563	20.553978985270067	0.0	0.0	
6.882750971770758	9.394706113163728	0.0	0.0	
11.302673015969507	8.30709225064005	0.0	0.0	
15.708685406164253	4.701768033114426	0.0	0.0	
15.638885058341842	17.995091449013373	0.0	0.0	
0.4495861854877852	10.251231245072898	0.0	0.0	
20.8789177371974	23.899096814388738	0.0	0.0	
3.392605340176143	9.34622432507075	0.0	0.0	
10.542994124432305	15.190945475089372	0.0	0.0	
4.8127200690188765	7.882205888617872	0.0	0.0	
16.967241878213603	20.1718300927779	0.0	0.0	
22.689103896898327	17.96152926812648	0.0	0.0	
22.409358152915193	20.707052885039694	0.0	0.0	
14.029518439234426	8.736876802434889	0.0	0.0	
19.51630924100025	11.665093934294035	0.0	0.0	
6.703594338682169	30.202592155412447	0.0	0.0	
12.192896718850179	31.29934782445133	0.0	0.0	
28.84831703415457	16.55768825425548	0.0	0.0	
21.838160843159574	10.826146749191462	0.0	0.0	
19.812005296335176	12.06909251039324	0.0	0.0	
16.30584414641871	2.0987089412874127	0.0	0.0	
27.983030131036788	26.76392081704828	0.0	0.0	
22.345236003514735	8.579679526396145	0.0	0.0	
27.404938600452944	6.960142271429362	0.0	0.0	
11.54542926797129	0.9314419559299942	0.0	0.0	
29.243643800035784	21.415132732344674	0.0	0.0	
12.994983361117622	15.913114023671216	0.0	0.0	
30.392184436270735	11.454974210496076	0.0	0.0	
22.380405214452317	25.435874627720093	0.0	0.0	
22.066430038417177	30.18634969826628	0.0	0.0	
17.284945113755107	7.851831338419299	0.0	0.0	
6.946921252620143	9.937062046901435	0.0	0.0	
28.851142418976732	31.802013379349464	0.0	0.0	
24.392431596390825	28.385172021177024	0.0	0.0	
14.652024312576906	19.057886337026034	0.0	0.0	
11.24476080817853	17.773710782339222	0.0	0.0	
25.449897243833163	20.976729194998573	0.0	0.0	
20.419776953979536	12.752296243205908	0.0	0.0	
16.835519027839883	0.11130393185077736	0.0	0.0	
4.145087315328574	14.292961774790498	0.0	0.0	
8.65451396986294	24.64588262595422	0.0	0.0	
8.588833167512753	11.660423924510038	0.0	0.0	
8.673573824243018	10.764530354885064	0.0	0.0	
3.877748727119773	18.335372899364902	0.0	0.0	
26.750777186229985	28.295417071318543	0.0	0.0	
30.197246401254073	3.0915527467047035	0.0	0.0	
30.97789337766956	18.109703315715247	0.0	0.0	
16.56526741593718	20.961951961288314	0.0	0.0	
29.03496802589664	17.213372715249672	0.0	0.0	
13.834400857864281	6.890878888351718	0.0	0.0	
25.23797872338384	24.641521917372476	0.0	0.0	
7.5242114250422	14.879428505441592	0.0	0.0	
3.5008515585013136	1.1963661727350008	0.0	0.0	
27.33063515760935	18.72562353837964	0.0	0.0	
1.5949948689466673	23.45393985610737	0.0	0.0	
8.200537858439183	6.080694492697528	0.0	0.0	
1.8319164428890105	18.693904580035557	0.0	0.0	
16.461552843376694	11.85423204602176	0.0	0.0	
10.181118501415952	4.672252363892618	0.0	0.0	
19.66660711101219	26.70970705164452	0.0	0.0	
9.940715122885571	6.190171519319982	0.0	0.0	
20.811011175179708	2.4551238888708298	0.0	0.0	
15.666025323623575	1.2751416180594646	0.0	0.0	
26.782174047728418	23.932187345830304	0.0	0.0	
16.73049440871706	29.065930438151987	0.0	0.0	
10.956143243032585	27.502951995667736	0.0	0.0	
11.56626954546498	0.8964061558000651	0.0	0.0	
11.638835049545428	29.304197830693553	0.0	0.0	
22.389339208276493	23.703927207708052	0.0	0.0	
18.939613138325484	4.839138939823041	0.0	0.0	
17.879077641955952	31.40283515150101	0.0	0.0	
29.22390681545465	5.09254741305962	0.0	0.0	
31.802852038159706	20.846162391424997	0.0	0.0	
9.316582424311576	26.937087532399737	0.0	0.0	
1.179960928044597	7.629762017471386	0.0	0.0	
17.65322872132237	17.834909054850574	0.0	0.0	
26.90030757095998	5.805547714067799	0.0	0.0	
12.07605661595331	23.605745292897446	0.0	0.0	
0.47919819016775733	30.446022669770016	0.0	0.0	
31.72830424169489	28.256836330911277	0.0	0.0	
6.419606391051026	13.178480023833586	0.0	0.0	
11.976025092922654	2.0571929992792803	0.0	0.0	
15.277324629634343	3.402474595923575	0.0	0.0	
8.583730906403122	30.04396041653612	0.0	0.0	
16.71946754244362	3.342426219993765	0.0	0.0	
21.62852732054709	17.161436281858975	0.0	0.0	
2.4297213073329758	11.639837844387298	0.0	0.0	
10.898844848011155	8.036713775433501	0.0	0.0	
17.2194016109949	23.318929678746635	0.0	0.0	
19.923982452649895	14.45769365347406	0.0	0.0	
5.069514888848381	17.08334683026245	0.0	0.0	
3.173609331612827	13.766831178174254	0.0	0.0	
12.648331019938116	26.492101001690315	0.0	0.0	
16.206802423261465	7.988946432782086	0.0	0.0	
9.083247781338635	15.145279285235617	0.0	0.0	
19.988826741073165	13.569659912315714	0.0	0.0	
3.6773971689245926	22.283266611126063	0.0	0.0	
17.015932149052816	0.8327517154867579	0.0	0.0	
28.404846726765147	27.69741905150375	0.0	0.0	
16.54044108482292	19.729248122824426	0.0	0.0	
12.532530418604154	13.698214866063974	0.0	0.0	
7.8174805293695115	10.622160893134264	0.0	0.0	
25.557274748073322	10.637199786964196	0.0	0.0	
29.32886785971192	1.6438276712641127	0.0	0.0	
14.309072626381496	9.785884920168904	0.0	0.0	
20.89959341419608	14.974784517769265	0.0	0.0	
15.42469037390812	20.951424034317537	0.0	0.0	
14.49189808609625	22.316566487960287	0.0	0.0	
13.696432638801149	12.972658404250467	0.0	0.0	
15.389571605515098	24.681760159195886	0.0	0.0	
28.065480251852115	3.542970736564591	0.0	0.0	
17.095958829424692	22.211606904577987	0.0	0.0	
5.117080477161025	17.657111032720618	0.0	0.0	
10.997157760521635	28.069113997622058	0.0	0.0	
28.718545201434274	14.365266416704856	0.0	0.0	
10.42668225945049	15.23959009820178	0.0	0.0	
8.123728112962102	11.495337624838694	0.0	0.0	
27.293264524842158	29.71209609184355	0.0	0.0	
23.086393866669656	20.299168905854707	0.0	0.0	
29.196071840099787	14.203075106020783	0.0	0.0	
12.554892619399897	12.679967579904176	0.0	0.0	
28.237490701356336	27.507191109066593	0.0	0.0	
21.617625152526724	8.953070777741335	0.0	0.0	
31.046548208017192	23.381726632023362	0.0	0.0	
9.667566821147282	25.258175503456183	0.0	0.0	
7.533961778208894	1.925834273389519	0.0	0.0	
19.66537418070594	12.033852865664901	0.0	0.0	
3.236349137222888	7.962494076359221	0.0	0.0	
7.012758801674281	14.206398022788505	0.0	0.0	
17.77940027695035	0.513013396789308	0.0	0.0	
7.733564662220719	9.34360463410394	0.0	0.0	
14.602709108048519	9.029395540477967	0.0	0.0	
29.77045182783501	20.317927698386363	0.0	0.0	
1.1403021510881324	1.1315376145165885	0.0	0.0	
25.016160984594414	22.33808306991695	0.0	0.0	
27.525225234169632	9.074650648378068	0.0	0.0	
11.080876692586457	5.920350431303088	0.0	0.0	
22.672056297945286	0.9513998308806464	0.0	0.0	
30.483273517758448	7.390532736101388	0.0	0.0	
6.676653291303243	4.331204201747788	0.0	0.0	
28.06642694804349	9.197975615393435	0.0	0.0	
8.828577046670166	23.81030892126067	0.0	0.0	
13.532075380103755	12.420950149540687	0.0	0.0	
14.173551116464282	29.32619202485766	0.0	0.0	
19.263755269765547	10.666052256656105	0.0	0.0	
17.037135911987487	30.54694719117661	0.0	0.0	
5.121118954310042	2.021758349747934	0.0	0.0	
31.298572500766113	13.375009138690292	0.0	0.0	
0.5151545227137575	2.0227053046180785	0.0	0.0	
0.07098348901059381	15.93469021012551	0.0	0.0	
29.77326321184975	14.246399125368008	0.0	0.0	
3.071224580750485	7.833147730772847	0.0	0.0	
10.383161624330931	14.994331660985505	0.0	0.0	
28.837984319658943	23.71277437041161	0.0	0.0	
9.159560531198036	21.12705208351938	0.0	0.0	
18.914849394791197	3.8881152396113734	0.0	0.0	
5.697963029566786	17.750901014971518	0.0	0.0	
5.262708792235184	19.073950941705842	0.0	0.0	
4.649352326467685	0.5460333413654048	0.0	0.0	
25.084857654284573	6.1037783877491805	0.0	0.0	
25.584284036852683	6.9733260662962415	0.0	0.0	
30.565820746278796	18.70956170187847	0.0	0.0	
14.606605655990979	16.357721174390818	0.0	0.0	
4.470001621679245	13.64408916773517	0.0	0.0	
12.772792532628142	16.75151717684113	0.0	0.0	
19.901524047023166	11.229822222181234	0.0	0.0	
23.53660507709342	6.931489126742012	0.0	0.0	
23.53761468446781	23.667397725336972	0.0	0.0	
14.510856610873194	17.690792193829914	0.0	0.0	
25.595922562851907	8.085885114328239	0.0	0.0	
18.686116376469176	23.34955178532353	0.0	0.0	
4.443751924895366	1.0464308204966208	0.0	0.0	
14.41434591956888	7.610236168550582	0.0	0.0	
16.528134828496405	21.20117271075603	0.0	0.0	
17.51017551688623	17.470490500309474	0.0	0.0	
23.580772786707897	12.965639180141675	0.0	0.0	
26.677765461417746	12.338321501264456	0.0	0.0	
22.083360881878168	23.800516919420975	0.0	0.0	
15.131286211351348	11.02965159349797	0.0	0.0	
22.363149246844248	26.503545312885123	0.0	0.0	
28.707404038664535	10.422140538816432	0.0	0.0	
26.322281786099037	25.22949762992827	0.0	0.0	
13.33147166748179	15.209679552675158	0.0	0.0	
14.413707744305327	24.71026603477301	0.0	0.0	
8.807175202434248	0.5048150668077405	0.0	0.0	
28.490175912227183	3.2764713969092547	0.0	0.0	
24.072009003993113	23.735431169988352	0.0	0.0	
19.97082512746313	3.9226775406563057	0.0	0.0	
31.8045108650382	3.760309979760862	0.0	0.0	
31.491652974410563	16.21948031332566	0.0	0.0	
0.6138688366287077	28.590567658258376	0.0	0.0	
0.23260793017761827	12.943314844180698	0.0	0.0	
21.586576223412745	8.688032983152887	0.0	0.0	
18.93230942511397	0.1420690195824328	0.0	0.0	
12.236894699995648	26.191750388579866	0.0	0.0	
16.91570427147969	5.212288176877475	0.0	0.0	
2.5558510070172638	16.02886248332778	0.0	0.0	
25.744162937008852	15.494561035106077	0.0	0.0	
10.148864343452733	12.396154590899403	0.0	0.0	
5.794988544872293	31.21451885453525	0.0	0.0	
29.053509567605893	7.561096367019946	0.0	0.0	
10.761025702723384	16.354830826238512	0.0	0.0	
14.904703931598213	13.39553399748376	0.0	0.0	
19.34370506848287	30.49184214765407	0.0	0.0	
8.617215675845152	2.089276813044126	0.0	0.0	
1.0565731708701023	13.099083902938546	0.0	0.0	
17.392173307109253	26.28724737831962	0.0	0.0	
6.256585785359359	15.112896156660021	0.0	0.0	
1.9752189411860002	2.0530335134173683	0.0	0.0	
23.785731975340497	6.881873072442421	0.0	0.0	
4.516754006619834	16.315983082454736	0.0	0.0	
10.373960976826751	16.12007064834493	0.0	0.0	
14.399932933892966	25.50278389113677	0.0	0.0	
21.81116317131946	4.131093015529554	0.0	0.0	
3.561712122492658	29.88286699985494	0.0	0.0	
10.845385061025077	2.102160013799697	0.0	0.0	
11.2189109103422	18.915327303151855	0.0	0.0	
14.725430639088742	2.680960162455932	0.0	0.0	
4.721698176658236	18.481210383568186	0.0	0.0	
21.051873722573287	14.234677078127717	0.0	0.0	
17.391191608838444	16.140410080363313	0.0	0.0	
20.930079112982103	7.077850023331848	0.0	0.0	
9.962085923404995	30.77723201638574	0.0	0.0	
0.9027764220169772	29.35831925281705	0.0	0.0	
10.904047220772402	14.630201966287881	0.0	0.0	
18.24356976136312	28.39903458138827	0.0	0.0	
20.262273400443576	6.722151820581377	0.0	0.0	
5.151834425980283	3.9332006684852985	0.0	0.0	
29.004428254695945	24.944211813375652	0.0	0.0	
21.31177257656858	11.025292801578193	0.0	0.0	
9.258696103565672	29.61853331749125	0.0	0.0	
11.493278576421059	27.72377729919042	0.0	0.0	
6.368755849256527	27.79674290974952	0.0	0.0	
19.192397977803303	8.491861487973111	0.0	0.0	
7.470219011663129	6.320801814127083	0.0	0.0	
28.446353324013387	24.679376749357672	0.0	0.0	
29.148398195130493	14.107251286095284	0.0	0.0	
16.33008562511335	0.34508219448402855	0.0	0.0	
16.380647383947498	26.95650867463937	0.0	0.0	
27.45475228962397	10.624951267587754	0.0	0.0	
11.545720742747356	13.84918395777769	0.0	0.0	
10.833968772090959	7.4705814321334	0.0	0.0	
8.11713185038699	27.367090770006595	0.0	0.0	
23.032668193087932	13.119507355851464	0.0	0.0	
27.33079517702842	4.5081337388287075	0.0	0.0	
27.715299433773456	9.051363525542296	0.0	0.0	
0.1307641780640516	6.2745488881761595	0.0	0.0	
8.283030501639853	30.034136246860378	0.0	0.0	
10.27794016510627	9.777682977798758	0.0	0.0	
12.99367345403535	7.787671009343946	0.0	0.0	
0.8875704888168272	9.187744984277664	0.0	0.0	
6.301590869014067	7.226702217204554	0.0	0.0	
25.296108512901288	28.41086034758494	0.0	0.0	
30.564140522985653	13.965291397512399	0.0	0.0	
10.069470004081559	9.779638437638166	0.0	0.0	
21.196500634301803	7.882936120748056	0.0	0.0	
8.267881938702796	0.4233620980247572	0.0	0.0	
24.940190964658438	5.128760596007435	0.0	0.0	
14.749366141853685	4.691761919055875	0.0	0.0	
18.36554685704427	6.138615393817798	0.0	0.0	
16.51937339916821	10.133868166317235	0.0	0.0	
2.4080359780414717	24.849750177083298	0.0	0.0	
14.530831111663584	2.9319425427474712	0.0	0.0	
21.789240176456843	31.696172789980736	0.0	0.0	
3.134349353059239	2.0070181979618837	0.0	0.0	
5.592379360175148	13.636992416981847	0.0	0.0	
4.165693007122059	31.639398157106175	0.0	0.0	
4.466394943084218	10.193086080316139	0.0	0.0	
7.0752906116968965	28.471822626209246	0.0	0.0	
7.395162224781323	3.0409290946527	0.0	0.0	
31.915575148018622	22.999341450701824	0.0	0.0	
15.173634410226128	17.810792713384448	0.0	0.0	
25.184760476354562	23.032986010127424	0.0	0.0	
14.861795956350921	4.113552827975727	0.0	0.0	
2.6857300185697603	7.8105040033451125	0.0	0.0	
27.352665179525438	21.277996541448584	0.0	0.0	
24.887151026008574	27.471750087455554	0.0	0.0	
31.978954423384177	16.585611043700638	0.0	0.0	
21.1974913332792	22.104514876784375	0.0	0.0	
23.45149600376014	15.91368407343813	0.0	0.0	
3.1850328259509553	26.6739887048051	0.0	0.0	
25.011225609335746	21.43958319895514	0.0	0.0	
27.8876836278155	10.44475801654795	0.0	0.0	
17.594956905940773	0.7707715408447378	0.0	0.0	
5.585151161826047	29.788692024065078	0.0	0.0	
29.913268193622876	19.340009509846357	0.0	0.0	
25.382792735022417	29.841366576717853	0.0	0.0	
20.51049358892215	21.61743899950167	0.0	0.0	
21.72514477770367	20.776575272943955	0.0	0.0	
17.573839541191642	18.592032211650196	0.0	0.0	
21.644785102637037	20.51781132363598	0.0	0.0	
14.748610204916368	7.256521366121476	0.0	0.0	
3.2706314422851257	0.29051099957271376	0.0	0.0	
16.283180919033377	23.711133397635233	0.0	0.0	
19.60961637337868	28.607041676177676	0.0	0.0	
24.33310825867374	21.929061538546073	0.0	0.0	
18.528705742106496	15.85996665038763	0.0	0.0	
20.209038735364008	18.790033148847268	0.0	0.0	
19.07904109113713	21.165994076482946	0.0	0.0	
17.47427193042232	1.673911254447276	0.0	0.0	
0.8823601356861097	30.036433755074558	0.0	0.0	
13.214550453294756	8.361757578438674	0.0	0.0	
28.830058170162108	0.7852265424812934	0.0	0.0	
30.62350559781914	27.990590444874865	0.0	0.0	
2.2176793284651133	22.472471900143233	0.0	0.0	
26.017091624086778	31.02189557447339	0.0	0.0	
28.809927782824158	8.670031220625475	0.0	0.0	
19.918511244170986	2.26242564607535	0.0	0.0	
23.00274957120919	28.30375049677716	0.0	0.0	
13.565176444769392	12.233457010167932	0.0	0.0	
7.244373611648943	28.472332614248653	0.0	0.0	
10.98834963393325	10.29607790096561	0.0	0.0	
6.074210679934236	6.930940951555531	0.0	0.0	
11.49766461511085	13.739416331775054	0.0	0.0	
18.282433241661224	12.270403017894555	0.0	0.0	
11.984144345590398	4.896055940778886	0.0	0.0	
5.6103012636904275	7.508395755030936	0.0	0.0	
0.8972363776656529	14.551671731496878	0.0	0.0	
23.52562661517013	27.60432096556044	0.0	0.0	
31.95607512226564	1.2988773315803535	0.0	0.0	
4.450514751372296	4.950437114767855	0.0	0.0	
8.30360613996423	28.60189757034572	0.0	0.0	
28.886511208515884	27.87448057071245	0.0	0.0	
12.049603863545371	10.573150048094433	0.0	0.0	
20.55600798101769	26.473348113213348	0.0	0.0	
7.393615114322202	10.761605350273403	0.0	0.0	
26.371768273898397	6.418219356492198	0.0	0.0	
17.00459807534838	11.397937746860805	0.0	0.0	
26.2277858814803	21.455443553836936	0.0	0.0	
16.5143013888608	18.111356003646588	0.0	0.0	
10.586971632894329	16.907797579393243	0.0	0.0	
25.124895900211705	31.08712764010562	0.0	0.0	
29.677793540095003	17.411810040360407	0.0	0.0	
12.882423483790955	3.6031863333491714	0.0	0.0	
31.456697022912167	7.944311066597962	0.0	0.0	
1.2098200278486289	28.251676337938466	0.0	0.0	
26.995676279256333	22.016924229029332	0.0	0.0	
26.85316365536156	19.992647729080133	0.0	0.0	
22.980240450056026	4.953214822382002	0.0	0.0	
24.622125247288302	7.823628546523338	0.0	0.0	
25.68661486384017	25.427020804284385	0.0	0.0	
22.726921757766195	26.712397941629764	0.0	0.0	
6.760685849234893	23.047402576437808	0.0	0.0	
12.347320164057322	17.472399971115053	0.0	0.0	
5.833062405469292	19.65367357597369	0.0	0.0	
29.854443835941808	25.914712795464702	0.0	0.0	
25.072680142788677	0.15280940470940862	0.0	0.0	
12.191025225297274	25.942481464553246	0.0	0.0	
18.991033583416833	20.7830054019671	0.0	0.0	
14.825849183777084	25.20543253156527	0.0	0.0	
1.1151206673714	10.951979766907026	0.0	0.0	
9.081210773338064	4.925869673132468	0.0	0.0	
6.204538898014377	3.2045928930316023	0.0	0.0	
26.60679431572266	20.93802575510647	0.0	0.0	
2.027620984365903	9.023563684951714	0.0	0.0	
25.923141666578324	1.013233941847556	0.0	0.0	
24.80032525686655	19.885513257850754	0.0	0.0	
26.381717152506848	2.833212473360156	0.0	0.0	
25.09773543288117	19.854874693515708	0.0	0.0	
10.875597464384583	10.323089718522251	0.0	0.0	
19.877365619791828	12.570492923343817	0.0	0.0	
24.16651603219668	25.09731291342513	0.0	0.0	
15.889704880254044	5.6243646367761215	0.0	0.0	
31.180301220770065	0.24379654131755757	0.0	0.0	
31.022654869258133	8.424514535551822	0.0	0.0	
29.511797584673854	7.140474787132511	0.0	0.0	
30.231226160868587	19.98116324805946	0.0	0.0	
24.447666802902837	25.541639752938043	0.0	0.0	
9.620687031065195	11.76295781004399	0.0	0.0	
17.10211443427247	1.0772317397802773	0.0	0.0	
23.255033785630157	16.130737977445047	0.0	0.0	
22.545835171614414	28.354719115378817	0.0	0.0	
18.54530354086356	30.451907267180367	0.0	0.0	
26.18446059573638	1.2877343620396964	0.0	0.0	
9.70857313110453	19.606040156203594	0.0	0.0	
29.63274197961789	30.59241063059314	0.0	0.0	
18.050145542585597	18.896006128678163	0.0	0.0	
3.686024750017282	8.100625644524008	0.0	0.0	
9.340063832948797	2.51644286740866	0.0	0.0	
21.536378443034497	7.935344286328817	0.0	0.0	
5.988970784824485	18.758113150066947	0.0	0.0	
7.517958669434069	20.658989704409247	0.0	0.0	
25.443508178829873	17.995544065197155	0.0	0.0	
20.106209897384968	17.193615020451546	0.0	0.0	
19.02761706415316	29.178408242573052	0.0	0.0	
6.080902338243789	12.599930811309719	0.0	0.0	
11.389902351709246	18.096499807590003	0.0	0.0	
29.090216088414547	29.255491933233532	0.0	0.0	
24.64058228762628	28.418312108622747	0.0	0.0	
6.28032986593924	30.49481714587611	0.0	0.0	
7.028850490467974	17.909337496109103	0.0	0.0	
18.140267043263478	10.230257801049113	0.0	0.0	
19.46601130339155	27.54189385024987	0.0	0.0	
1.56332207681492	8.195326718023157	0.0	0.0	
2.115707129396629	18.457148916541275	0.0	0.0	
3.328081504403528	2.9577001424390836	0.0	0.0	
5.025402075611012	15.732081522113461	0.0	0.0	
26.9894408489002	13.657533530504065	0.0	0.0	
19.265697529134137	5.70899388489493	0.0	0.0	
18.16176504192656	21.112769377688224	0.0	0.0	
22.493665510709782	15.773357007870832	0.0	0.0	
7.067241776376509	14.17857141651913	0.0	0.0	
8.466628846048767	11.671739291794367	0.0	0.0	
22.787431800226404	13.906050918908761	0.0	0.0	
0.39562509464841966	6.700814526416149	0.0	0.0	
7.6641062731154435	11.787612394796515	0.0	0.0	
21.056748291048553	19.030102864657366	0.0	0.0	
5.3316462223375645	10.483214134799194	0.0	0.0	
24.48578925752417	4.629605340269677	0.0	0.0	
24.029738342192815	8.831118198394204	0.0	0.0	
21.907110727703454	11.681308271646056	0.0	0.0	
1.2873111611441068	11.717744333365143	0.0	0.0	
8.981878233051294	3.5091478100599964	0.0	0.0	
12.96808897820344	2.533747811795866	0.0	0.0	
11.546758989841365	2.7437025346041715	0.0	0.0	
10.209241478442525	15.03194395932628	0.0	0.0	
7.353345729644342	8.991869605746405	0.0	0.0	
15.851566909039455	0.5524649946826017	0.0	0.0	
16.696645169259316	16.321420601900986	0.0	0.0	
17.65066170886527	10.626998790632765	0.0	0.0	
22.86283852310572	24.31195757737005	0.0	0.0	
5.831133315586946	19.6487471662021	0.0	0.0	
18.163460285087563	0.37037965086841496	0.0	0.0	
25.743356037804467	4.4815976795524755	0.0	0.0	
24.942216864315245	20.312755111094177	0.0	0.0	
2.3624952454093844	29.106157729647343	0.0	0.0	
10.380512577987812	12.17384274331059	0.0	0.0	
23.264178881909547	17.087384301013223	0.0	0.0	
15.842939887456836	9.996905034376166	0.0	0.0	
30.667794586225224	21.49567108653625	0.0	0.0	
26.870667421799745	24.070602720260602	0.0	0.0	
9.516325284190298	19.67589397396687	0.0	0.0	
24.765427640921775	8.454444663463203	0.0	0.0	
20.873960566951215	3.68300643860913	0.0	0.0	
14.619289879336378	7.8459734409903135	0.0	0.0	
8.522540923291963	27.344015322237237	0.0	0.0	
2.4710179057991084	12.136051307925907	0.0	0.0	
23.424155360730285	29.89407497717956	0.0	0.0	
5.380186639287231	5.7992247252953	0.0	0.0	
2.282105876129414	21.403287825544197	0.0	0.0	
25.354152537413174	10.245410127865469	0.0	0.0	
13.876974829165206	23.9974874475332	0.0	0.0	
17.468930748271383	4.798800895369023	0.0	0.0	
8.82983165649135	1.2751425810885841	0.0	0.0	
25.991798581962524	16.70633876748373	0.0	0.0	
24.460928865298463	21.269421013859276	0.0	0.0	
30.037210907754584	24.866079059948675	0.0	0.0	
9.087757637016963	27.865300841263487	0.0	0.0	
4.507696718441817	14.460881169493451	0.0	0.0	
30.129729053399778	16.238191794880755	0.0	0.0	
20.39967904288682	3.715730199554031	0.0	0.0	
18.07663782590416	1.1081018602927806	0.0	0.0	
27.60230993711328	28.96308849333656	0.0	0.0	
4.950559648954815	18.79164535510979	0.0	0.0	
0.17780181876317513	21.167722861743723	0.0	0.0	
28.78413982968707	12.888030063867745	0.0	0.0	
3.629367760683941	30.610903819919947	0.0	0.0	
5.139282791504918	25.324336315008477	0.0	0.0	
14.64585888696066	2.2605517011638483	0.0	0.0	
30.63433222566262	13.446614254136556	0.0	0.0	
30.20065662503459	14.193676708799117	0.0	0.0	
1.821203921726486	14.96529322324066	0.0	0.0	
22.243869159025454	29.616355786768974	0.0	0.0	
19.338814446866493	21.062656230258813	0.0	0.0	
25.556531732608864	26.535344281176762	0.0	0.0	
2.041666418843434	24.31319978929289	0.0	0.0	
13.93469728572148	15.835283072091073	0.0	0.0	
13.857085914945376	15.774179647080185	0.0	0.0	
15.039181306782261	16.047008902273863	0.0	0.0	
4.585458788309754	2.685318877369813	0.0	0.0	
18.878958758702737	23.03022676069	0.0	0.0	
1.2086486015769253	7.41071722498117	0.0	0.0	
16.871705815410095	21.972598745834123	0.0	0.0	
20.24675447172529	5.6871285703447505	0.0	0.0	
13.456759071644093	18.87791690700113	0.0	0.0	
4.366536022520108	29.674855263145535	0.0	0.0	
24.146177110351342	7.887684548507668	0.0	0.0	
5.000102809916669	27.711333438958132	0.0	0.0	
20.18442385153965	29.163676653272027	0.0	0.0	
18.171871502158485	19.545552640133263	0.0	0.0	
6.2881875584354034	22.41922156868858	0.0	0.0	
17.935007994753512	31.87098614042573	0.0	0.0	
30.273445327036498	13.288202128510523	0.0	0.0	
13.430894184915992	23.746686955738962	0.0	0.0	
1.8309485994221433	20.571232555613555	0.0	0.0	
4.538699080361706	19.038905199227695	0.0	0.0	
8.326580326762478	24.67791018911638	0.0	0.0	
12.97273005963121	20.570730905788423	0.0	0.0	
2.3526448918635303	2.507572237774557	0.0	0.0	
24.132717971697524	24.27822827678628	0.0	0.0	
21.836048364477104	19.111199031381194	0.0	0.0	
25.57209793558262	13.000034593887769	0.0	0.0	
23.432339404191424	31.22464965125281	0.0	0.0	
15.821187079302447	10.178893993717967	0.0	0.0	
8.891591889617278	11.263484637780326	0.0	0.0	
28.48764276049451	10.977165326799337	0.0	0.0	
1.40346263923459	18.972628629098203	0.0	0.0	
17.74039418919067	25.902258314698887	0.0	0.0	
29.24227575927725	25.758444984583996	0.0	0.0	
1.3259754102538928	2.681370746307479	0.0	0.0	
7.214989350016616	18.655632651838232	0.0	0.0	
27.476149988383852	10.85488243476701	0.0	0.0	
0.6771369048419125	5.334027475018004	0.0	0.0	
19.99554296036649	24.383617866400957	0.0	0.0	
17.473421137840702	18.106229221030777	0.0	0.0	
17.4430372993707	6.087549274160267	0.0	0.0	
18.36568166667621	25.61282130152579	0.0	0.0	
1.0936976938917589	21.842945921175897	0.0	0.0	
26.083727949912475	15.29426148478709	0.0	0.0	
5.471252513933283	1.0133832631446396	0.0	0.0	
31.036613619294798	11.11229514687479	0.0	0.0	
19.134091890886	4.875343549931223	0.0	0.0	
19.12250230273758	24.425408781460213	0.0	0.0	
30.463016574834775	29.917687198940172	0.0	0.0	
5.290070158681143	21.36165945265325	0.0	0.0	
1.4276745683284808	30.089258115832838	0.0	0.0	
29.511199230003992	24.303595594750888	0.0	0.0	
17.409926390586165	13.465426379683464	0.0	0.0	
7.953532691590915	26.231033495803985	0.0	0.0	
3.1685150469770136	10.460101305068257	0.0	0.0	
29.20057335982894	6.770382333735217	0.0	0.0	
25.634477778562925	7.678276155431778	0.0	0.0	
15.025092169990554	7.187617362161081	0.0	0.0	
17.805873951442514	0.7859587467053011	0.0	0.0	
17.119888703339413	4.799430425170264	0.0	0.0	
6.0920209846087445	5.584818049907572	0.0	0.0	
18.24357365306311	19.63233805135416	0.0	0.0	
16.72361791367387	2.349656858242952	0.0	0.0	
20.82044026720073	4.795109957148998	0.0	0.0	
15.57898704930216	11.565644761767462	0.0	0.0	
30.350743746797903	29.37949723897597	0.0	0.0	
22.730951503845457	8.230644302017499	0.0	0.0	
7.911054970323235	26.917959804440642	0.0	0.0	
5.454477889740307	18.641893726894544	0.0	0.0	
8.032223020444917	14.934955612401982	0.0	0.0	
16.623102459451886	6.548283463280196	0.0	0.0	
2.1289964669047663	14.11351076615151	0.0	0.0	
23.452142686596844	1.5509541789839076	0.0	0.0	
9.913011419334318	23.690902808793858	0.0	0.0	
15.9801288038921	6.669237789580059	0.0	0.0	
24.18752755396101	14.02581373047692	0.0	0.0	
20.219376500389696	15.106653503420034	0.0	0.0	
6.793717852968506	21.380472551929323	0.0	0.0	
5.543757453101485	29.148748585771745	0.0	0.0	
7.08587596537992	3.5666499294003877	0.0	0.0	
21.516839774249835	31.710965482877963	0.0	0.0	
7.7209311426400795	7.057859120797946	0.0	0.0	
19.260807997507932	30.50236267780787	0.0	0.0	
19.447197291362354	27.854023107096186	0.0	0.0	
12.545424764519417	4.410211496419091	0.0	0.0	
10.340251138084938	24.246315446823175	0.0	0.0	
0.6249048302982416	15.41071350422973	0.0	0.0	
3.528364909897533	7.039256911817159	0.0	0.0	
23.843794897114407	27.98057194689045	0.0	0.0	
6.805979590701522	24.72304411213503	0.0	0.0	
10.104617457794266	11.507630694085996	0.0	0.0	
1.5054043021964496	13.435186045525878	0.0	0.0	
12.59812638003693	16.557181976690778	0.0	0.0	
13.877878508280837	14.960437921216048	0.0	0.0	
23.374737659480854	7.136724022549874	0.0	0.0	
16.394049093576243	8.371581031494092	0.0	0.0	
11.46843816845648	27.19764614633551	0.0	0.0	
4.548236444750287	22.497930027117896	0.0	0.0	
3.3446840620906357	25.241613413730803	0.0	0.0	
1.9092020038941335	18.331166815716323	0.0	0.0	
16.524963728557196	15.53099533816972	0.0	0.0	
29.31937433735621	25.527228624270194	0.0	0.0	
21.38345022978129	0.30361743278470144	0.0	0.0	
18.023150143640517	0.28290564608091273	0.0	0.0	
16.006092496579047	16.379101244003547	0.0	0.0	
21.5196998893862	6.643307664691974	0.0	0.0	
14.058795365393511	4.210855008932903	0.0	0.0	
29.44415997756583	23.471027317101317	0.0	0.0	
7.733366892386005	4.238533326957594	0.0	0.0	
18.875188710076568	27.035974649031562	0.0	0.0	
22.581878761259002	17.20664860929748	0.0	0.0	
22.55619026948012	11.147490226573371	0.0	0.0	
11.930552578845397	28.497559083960496	0.0	0.0	
25.439760194610557	22.771707390588737	0.0	0.0	
13.477233179526472	25.97375033891575	0.0	0.0	
28.56959451730787	24.02402774152786	0.0	0.0	
2.1610063819710987	15.382804175485692	0.0	0.0	
21.17845909343221	28.8559963922008	0.0	0.0	
