2
32.0	0.0	0.0	0.0	
0.0	32.0	0.0	0.0	
12.50660222975008	23.662826345738164	0.0	0.0	
30.077811372815596	18.988944661454212	0.0	0.0	
19.798313798750332	29.155675391001562	0.0	0.0	
14.921165601418625	17.171505958447298	0.0	0.0	
14.234328664630358	19.936715511088966	0.0	0.0	
26.034101779952422	2.352686876073701	0.0	0.0	
22.611669754257424	11.798908431455839	0.0	0.0	
30.530445833671948	13.175491167924939	0.0	0.0	
0.015341724893684017	17.839857780100264	0.0	0.0	
3.893724008365993	13.279763430067092	0.0	0.0	
16.851861466724742	1.3264046817361184	0.0	0.0	
31.84639947432223	29.410113240205348	0.0	0.0	
23.346756785653643	11.404879126165248	0.0	0.0	
17.25431603295811	0.7495948216960784	0.0	0.0	
23.259327184238927	6.153244909828427	0.0	0.0	
28.14059509322496	7.82694658957541	0.0	0.0	
28.006022131442798	25.268981055487558	0.0	0.0	
13.733924289418947	21.81857153405109	0.0	0.0	
27.648202961437114	26.99817669835148	0.0	0.0	
25.445531863825206	31.030602317057795	0.0	0.0	
16.205869652714448	13.238274055083288	0.0	0.0	
26.101057556068657	23.164763479258024	0.0	0.0	
23.39087383253824	18.836655118262744	0.0	0.0	
30.735528137458125	2.7182304626613067	0.0	0.0	
10.028476048109894	23.603865354140144	0.0	0.0	
25.822684095758312	16.027644574934904	0.0	0.0	
13.144422221846582	9.237937025600687	0.0	0.0	
28.404278195221924	27.012517801423446	0.0	0.0	
28.717652878660385	8.211975641016092	0.0	0.0	
0.1693483282869792	26.181130303969766	0.0	0.0	
1.258131703223448	13.524633276232777	0.0	0.0	
24.1594669912183	15.497208985469026	0.0	0.0	
3.692830812323013	5.316407230123794	0.0	0.0	
15.950344148985245	19.920910370867038	0.0	0.0	
16.68342865554336	1.8271585291712853	0.0	0.0	
27.32345847448274	31.999207737411318	0.0	0.0	
5.080237825237912	28.503630848395048	0.0	0.0	
24.923986643251354	26.779388957767942	0.0	0.0	
21.581697696747717	23.214004813760898	0.0	0.0	
1.6690366259599614	18.63824867904939	0.0	0.0	
13.252579133069649	3.4319052417533698	0.0	0.0	
27.301114354379877	0.9684242108840095	0.0	0.0	
17.533970064401185	23.750139274041274	0.0	0.0	
23.820022241363787	14.678783789148657	0.0	0.0	
21.478380476956726	18.207574680156373	0.0	0.0	
14.32398227457579	11.031997860872458	0.0	0.0	
10.548177624466916	30.527246003079398	0.0	0.0	
31.72211950188454	7.915315990989733	0.0	0.0	
29.836057767853205	19.39471833633868	0.0	0.0	
30.055282246812595	12.311664253666912	0.0	0.0	
20.61159612147245	6.299526166783849	0.0	0.0	
17.172914477247083	10.155339472437358	0.0	0.0	
0.5800458007282323	29.86757496202984	0.0	0.0	
13.558166329718947	26.840933347262265	0.0	0.0	
0.054766933090320435	16.795829913875004	0.0	0.0	
8.3788652654667	21.069810987785274	0.0	0.0	
19.86749169414975	18.71799183179489	0.0	0.0	
8.305947478705132	8.490270611608153	0.0	0.0	
26.64799325971485	22.805276584456045	0.0	0.0	
13.492516108585253	10.0258281640327	0.0	0.0	
8.902241283969406	18.298992046912012	0.0	0.0	
1.9706521145328395	18.09829893611511	0.0	0.0	
8.921709240836755	16.12827934732248	0.0	0.0	
20.31599881727762	25.152525114102378	0.0	0.0	
30.38066943527787	18.485602008292048	0.0	0.0	
7.825590474744878	16.65640305984191	0.0	0.0	
0.9062019191728226	30.584621802138972	0.0	0.0	
26.974676343095943	30.820579395829313	0.0	0.0	
25.012741453726584	8.893695825729761	0.0	0.0	
28.726938950132297	3.2619995693357033	0.0	0.0	
28.88136749853829	10.359476748402798	0.0	0.0	
6.07468691736079	19.010392299571656	0.0	0.0	
25.189310803111567	6.722101570843748	0.0	0.0	
6.94747631951256	24.490802118968237	0.0	0.0	
16.48502282539708	20.16239436521038	0.0	0.0	
5.864757802303224	10.02338703503273	0.0	0.0	
31.21713836664217	27.60506791511285	0.0	0.0	
14.152766162784069	21.950431020747757	0.0	0.0	
7.140576001100708	5.951678911762851	0.0	0.0	
10.282825754255608	25.749911158629352	0.0	0.0	
24.304363200229453	15.816248708553719	0.0	0.0	
21.738187442010965	1.5359581337552761	0.0	0.0	
9.02386866232277	16.973114641058324	0.0	0.0	
19.768222767247973	12.312291942305485	0.0	0.0	
29.642509817606584	8.094484593732805	0.0	0.0	
28.87336633639737	0.5453881958511602	0.0	0.0	
3.283797411622352	6.340652745047812	0.0	0.0	
16.24194606734477	19.54193584846477	0.0	0.0	
31.29113103506295	9.078532014626667	0.0	0.0	
30.244035872121042	6.791350606508125	0.0	0.0	
21.347040588878553	19.06062247531176	0.0	0.0	
22.585152395643608	30.286162278397647	0.0	0.0	
26.108606319944702	24.110366043621006	0.0	0.0	
2.3997650313243177	21.57820006622615	0.0	0.0	
8.054248539836681	24.33129709789961	0.0	0.0	
8.274858703457017	6.348521735212035	0.0	0.0	
5.6637939282359895	0.8853850070188223	0.0	0.0	
26.34738930508795	12.694460350975394	0.0	0.0	
14.339636966493977	3.930654959101414	0.0	0.0	
18.09317351196212	27.25180106792729	0.0	0.0	
19.564157998155356	4.979637538515746	0.0	0.0	
20.69166133161469	5.035642667550224	0.0	0.0	
4.242594195832108	7.445287762540886	0.0	0.0	
16.627412951436327	6.617504801393071	0.0	0.0	
13.015537753572744	13.706250626719935	0.0	0.0	
24.284541148705554	15.612496950746472	0.0	0.0	
20.486905978877566	18.246712063399684	0.0	0.0	
10.997703229206586	1.2704497324992232	0.0	0.0	
9.532208312554356	10.694620589365723	0.0	0.0	
6.75887510890097	13.86360583653121	0.0	0.0	
22.529562748735863	18.86484976062285	0.0	0.0	
15.262911774916596	11.914643357039452	0.0	0.0	
24.48081127434969	1.8784255404113601	0.0	0.0	
1.1762837764592113	15.26272751557023	0.0	0.0	
5.734383878870158	26.995643386660305	0.0	0.0	
9.242656927874165	20.09053559339513	0.0	0.0	
5.452515272774239	0.7587966663107721	0.0	0.0	
13.528658932375773	5.734165014491978	0.0	0.0	
15.880026345201241	23.80037808601586	0.0	0.0	
14.599416411525198	26.453465259598463	0.0	0.0	
17.28500895229196	6.870862034369718	0.0	0.0	
18.3284755342644	29.10127447690866	0.0	0.0	
25.07891374870464	26.74176817306882	0.0	0.0	
19.354631164218738	1.672317938014153	0.0	0.0	
7.21719849318227	7.325493118598317	0.0	0.0	
6.629946412374377	27.88227701258011	0.0	0.0	
25.77027901184965	8.6198153790776	0.0	0.0	
16.116682996382295	9.667569842175055	0.0	0.0	
21.7790271986646	14.881354221612153	0.0	0.0	
13.858375090916788	25.440612157365788	0.0	0.0	
19.52079788608111	26.7680811832021	0.0	0.0	
0.13764303482621543	23.862305015690147	0.0	0.0	
26.91606057736873	21.18914166373534	0.0	0.0	
16.716555921123728	30.27134844043765	0.0	0.0	
20.133938951346273	7.929535446081463	0.0	0.0	
16.749436548078048	0.0710960419104758	0.0	0.0	
8.058593863833224	13.202750924677165	0.0	0.0	
21.86126826173043	0.7204990267081364	0.0	0.0	
2.4495869015080594	27.598805878525933	0.0	0.0	
5.429031046762347	17.48699067534027	0.0	0.0	
4.930125816817654	24.7083431217084	0.0	0.0	
23.478476578853535	21.713683219515097	0.0	0.0	
13.532110437061231	27.515352597784347	0.0	0.0	
24.159875270385438	26.734105428175617	0.0	0.0	
30.877744946306148	9.23328462278517	0.0	0.0	
1.4252540728035505	24.58462025915167	0.0	0.0	
24.302373893247758	14.050822416743777	0.0	0.0	
20.285453380319197	10.06031675184061	0.0	0.0	
6.811154973668252	4.038658715920679	0.0	0.0	
10.009830243792166	13.505386838536943	0.0	0.0	
2.627920515346382	4.417982191047134	0.0	0.0	
23.296144102424922	31.53625652512388	0.0	0.0	
25.56560473531152	16.257238628596074	0.0	0.0	
27.3747647395021	2.2172615769218567	0.0	0.0	
23.135046931286926	22.83251386419383	0.0	0.0	
19.24802604059214	1.127517839914887	0.0	0.0	
5.320401173150199	17.65918053544235	0.0	0.0	
16.877203616524113	29.137019914324995	0.0	0.0	
3.658446823124013	16.119462683142604	0.0	0.0	
16.988658974880323	26.107564377331595	0.0	0.0	
23.223240832144157	22.149533108646906	0.0	0.0	
27.701720334545435	0.862322620902706	0.0	0.0	
20.035278140516976	16.539794285467124	0.0	0.0	
1.8597696104318402	5.21084054904879	0.0	0.0	
26.063901270135766	14.996783247321495	0.0	0.0	
13.132627424754865	7.495545553814331	0.0	0.0	
27.59147759833433	23.381442813428748	0.0	0.0	
31.67050571996024	17.583628377890275	0.0	0.0	
6.747971581444471	15.655882199884125	0.0	0.0	
12.893453350116946	25.92169095250423	0.0	0.0	
23.95868800649919	26.2505095699047	0.0	0.0	
22.44856661757625	5.507370106174886	0.0	0.0	
13.400462799041573	10.049156172294111	0.0	0.0	
19.550813477191156	29.496882259636973	0.0	0.0	
1.4944215533695377	11.576690124325982	0.0	0.0	
20.11921142609063	25.276208538102484	0.0	0.0	
20.137757205628404	21.932607183045764	0.0	0.0	
25.720230087392586	14.398856801592817	0.0	0.0	
19.91944361452114	15.857089512265372	0.0	0.0	
16.557754312164	16.062797586408113	0.0	0.0	
20.509063828657688	27.977776682201714	0.0	0.0	
26.85594719585241	20.97892015759222	0.0	0.0	
7.195388791620399	18.777834522037562	0.0	0.0	
11.553675461271943	0.944336150716623	0.0	0.0	
28.57800051756955	26.831172655799996	0.0	0.0	
31.776544301160893	2.9173434074834503	0.0	0.0	
19.86626848739908	29.819240274704786	0.0	0.0	
31.6809814936139	7.858258871234799	0.0	0.0	
31.145771342747686	21.80891007597312	0.0	0.0	
17.05379431333442	1.0015987578143282	0.0	0.0	
26.457898059647793	7.274000740308228	0.0	0.0	
23.99118127371215	30.370302129124322	0.0	0.0	
17.910160592226827	8.380028319683213	0.0	0.0	
22.163282093506005	16.343462672730656	0.0	0.0	
4.131469003184957	31.645006684221933	0.0	0.0	
23.77090627516864	4.577073485193303	0.0	0.0	
6.8617090820228235	29.83897081637572	0.0	0.0	
10.617406201320414	26.350485808712587	0.0	0.0	
19.456292569882	28.406116762694325	0.0	0.0	
8.984853822891047	22.585582084913842	0.0	0.0	
0.22486091238168626	19.530596283792935	0.0	0.0	
14.63982211692936	2.428654314792986	0.0	0.0	
11.539169934054176	16.717043811286555	0.0	0.0	
3.7822215911377057	1.2379569373821226	0.0	0.0	
30.423061149979358	10.853797461506709	0.0	0.0	
19.842308159642567	25.13796738671596	0.0	0.0	
29.38024233253623	20.329785188680994	0.0	0.0	
11.477893268605278	29.77296474218933	0.0	0.0	
25.91730388180517	16.553719630729724	0.0	0.0	
8.650611413101608	21.233162713375524	0.0	0.0	
31.710561230806096	0.5945103247375947	0.0	0.0	
21.75845049280996	13.208209711609676	0.0	0.0	
14.407319589686587	20.545385326351383	0.0	0.0	
16.398293675984913	29.603060262153395	0.0	0.0	
20.379781138309582	12.16944828575597	0.0	0.0	
3.7135546553083785	21.10825264800693	0.0	0.0	
28.726818028262578	26.67717328331153	0.0	0.0	
11.312116048972825	3.2490959735511957	0.0	0.0	
9.935945184479955	3.058084269434204	0.0	0.0	
12.361138184362193	29.703372873977894	0.0	0.0	
6.060285197589359	13.69935743752766	0.0	0.0	
4.145061833623444	25.212147019240422	0.0	0.0	
31.465792838701756	21.612370250184135	0.0	0.0	
13.021879251022874	13.604928275141756	0.0	0.0	
10.981648319398936	23.973943459464625	0.0	0.0	
30.67255490362358	12.527235607187677	0.0	0.0	
10.809551055169294	16.313555560585254	0.0	0.0	
12.045146146463473	22.52078218617599	0.0	0.0	
9.626137249420783	24.30384728803085	0.0	0.0	
5.7263996511125335	21.39748656732583	0.0	0.0	
0.24001973188726566	0.9096646291560617	0.0	0.0	
27.98013058149995	3.6723769417397634	0.0	0.0	
9.401581925300452	1.9948725264581064	0.0	0.0	
19.831925063285638	0.1938337811000963	0.0	0.0	
16.788655423750594	28.67216450008842	0.0	0.0	
28.962948162812832	25.01976860292974	0.0	0.0	
1.9135557823296736	9.137135792228413	0.0	0.0	
5.389635959202838	30.274984798621375	0.0	0.0	
1.3108839003611124	17.037886407329914	0.0	0.0	
23.607554493158936	16.660068546242325	0.0	0.0	
31.04350962008005	1.0029648802446651	0.0	0.0	
4.520898393966593	13.660229909711493	0.0	0.0	
25.037412063492553	22.74596843671157	0.0	0.0	
18.03829110464101	21.344314974308457	0.0	0.0	
24.5156930451797	9.505841464222819	0.0	0.0	
1.465341610961275	31.007249471357586	0.0	0.0	
24.13469627081892	23.31671683511217	0.0	0.0	
6.957167835576701	3.2875942501532194	0.0	0.0	
21.825214799708256	13.220964507444869	0.0	0.0	
29.0106337361554	27.961733998790336	0.0	0.0	
7.412611719940401	19.600946682814072	0.0	0.0	
0.0164131987465872	27.752232411990033	0.0	0.0	
9.558920527117266	6.3927369023606175	0.0	0.0	
3.3727139865446354	17.84454052298338	0.0	0.0	
28.815503823461107	26.68381385730915	0.0	0.0	
6.610031765367456	26.020363849582925	0.0	0.0	
20.11115244043604	28.521752296554926	0.0	0.0	
17.918039653896088	15.81864245032714	0.0	0.0	
31.238998792740652	16.200184887166955	0.0	0.0	
7.299682514860216	14.552335988904304	0.0	0.0	
0.8366450961736334	30.139340965199843	0.0	0.0	
0.13151129644007398	6.798280153952266	0.0	0.0	
23.401552850514726	19.969245666299376	0.0	0.0	
5.492577883680767	4.882605644007704	0.0	0.0	
12.550101766596995	18.585866141312533	0.0	0.0	
16.966133029948658	22.273495648772553	0.0	0.0	
28.59977697103238	12.955422671527323	0.0	0.0	
6.569376741505284	24.455845125964213	0.0	0.0	
26.835642437384728	19.769001308740698	0.0	0.0	
30.923528947173033	2.837403599373406	0.0	0.0	
12.595802033078744	26.252468409590563	0.0	0.0	
4.335286608193233	20.2069902512597	0.0	0.0	
10.281773005920197	16.725709090078208	0.0	0.0	
22.340114834977182	24.916966414130783	0.0	0.0	
7.515245666789063	5.817959940347077	0.0	0.0	
12.915680206070594	12.959961534200104	0.0	0.0	
21.555337667465164	2.9278474639086163	0.0	0.0	
24.424078346346196	7.3923091915505665	0.0	0.0	
30.236400035066517	24.431310721214725	0.0	0.0	
0.08660976837195378	1.6398533053702948	0.0	0.0	
12.628239597733984	15.56086844536356	0.0	0.0	
20.8028397139636	15.189805646107576	0.0	0.0	
10.527785673855753	2.4909726340807374	0.0	0.0	
18.260164312349545	24.719066620628457	0.0	0.0	
12.81546685408389	22.729005994102167	0.0	0.0	
2.399196185993098	9.660610369069246	0.0	0.0	
31.003583238191972	29.53319937404912	0.0	0.0	
21.01608479892267	7.4895478754135425	0.0	0.0	
11.642366160287157	26.11439385279483	0.0	0.0	
24.914523313325677	9.10822104298867	0.0	0.0	
15.518737923585608	6.470478368620331	0.0	0.0	
24.58161694344647	1.7737160130489578	0.0	0.0	
5.749130553622528	20.39614396589357	0.0	0.0	
23.369321148964126	22.35414386615524	0.0	0.0	
13.78794678802483	22.150714904217878	0.0	0.0	
15.887004328216833	10.59298595489961	0.0	0.0	
11.102981256571127	11.42341576690648	0.0	0.0	
25.93798821241238	26.276466030805945	0.0	0.0	
4.855169732889959	24.571737005214757	0.0	0.0	
26.528020524632986	5.517293333543844	0.0	0.0	
6.001567947216831	2.8868206500925737	0.0	0.0	
27.484536048324824	7.582250814590534	0.0	0.0	
6.894431675621565	8.739937453094406	0.0	0.0	
17.29916831061907	9.700144734752321	0.0	0.0	
25.25104031568377	22.71379746049821	0.0	0.0	
4.642679460836877	3.54514907480921	0.0	0.0	
2.2583565963148367	23.14635849748352	0.0	0.0	
29.03517826307833	6.481866322699137	0.0	0.0	
6.9382895693260025	2.239402478082436	0.0	0.0	
23.362400376846942	2.3977898550717853	0.0	0.0	
19.714973610833162	27.555861707835902	0.0	0.0	
17.823694662776113	9.24627785735855	0.0	0.0	
10.924466413776635	17.81910473567859	0.0	0.0	
10.958724417612832	15.512032293267925	0.0	0.0	
31.59940259600255	2.600422964266329	0.0	0.0	
6.984597554903257	5.19034855605819	0.0	0.0	
24.806176941111463	12.433839970315386	0.0	0.0	
14.51286196663673	1.2420546378600328	0.0	0.0	
14.623823316274443	14.155011992623574	0.0	0.0	
4.4212254210563025	23.20491583292649	0.0	0.0	
27.32248389008575	18.922140533943367	0.0	0.0	
15.681762706163038	14.521595246188916	0.0	0.0	
28.990504751570633	13.33663281833515	0.0	0.0	
17.724572791393488	23.244824509359727	0.0	0.0	
30.458595517312887	3.6711971918192745	0.0	0.0	
8.070504204071703	21.67474181995781	0.0	0.0	
15.778658741412414	30.919586098313975	0.0	0.0	
11.566776248218254	30.66481370098007	0.0	0.0	
2.434755999667704	9.753918404041027	0.0	0.0	
24.733011869840844	31.564153058295872	0.0	0.0	
31.040287965360463	27.08975615740694	0.0	0.0	
14.107061560425812	23.697905196628966	0.0	0.0	
6.233783229917584	25.46497488130178	0.0	0.0	
1.3884976744013748	28.816500669519918	0.0	0.0	
11.683116255412255	4.295782232619853	0.0	0.0	
16.45936937446878	29.96833861386605	0.0	0.0	
30.98467839826552	1.4601446677527576	0.0	0.0	
27.227251264293397	30.627527476853842	0.0	0.0	
25.004859364347908	18.980864410055	0.0	0.0	
26.792775234222955	6.708396237447353	0.0	0.0	
23.466059477303627	14.02469102693524	0.0	0.0	
23.968379999235093	12.2140928042434	0.0	0.0	
7.582237617774055	18.93744109791193	0.0	0.0	
6.12557053267868	16.003587583627258	0.0	0.0	
3.7206497105871357	6.230572159383442	0.0	0.0	
17.11667620924782	14.115731625206298	0.0	0.0	
30.350220593345398	15.179180463364009	0.0	0.0	
1.2688600950658362	7.849013550637565	0.0	0.0	
26.201195517666125	30.884692163814783	0.0	0.0	
24.419309484151484	22.111266636634266	0.0	0.0	
9.349756809838912	29.9517828153521	0.0	0.0	
19.284178501355857	23.242101698965108	0.0	0.0	
25.313202952605653	6.424369267422652	0.0	0.0	
11.918553499034264	13.136855930418168	0.0	0.0	
1.2759126479760923	3.8594100260662714	0.0	0.0	
14.35997577233681	21.76241923149975	0.0	0.0	
29.61335023241172	16.918601017284434	0.0	0.0	
19.268109852797718	5.388618462725997	0.0	0.0	
20.128001795231068	8.102158110691235	0.0	0.0	
23.420033999916434	0.5022949414525755	0.0	0.0	
26.109207812930624	4.451076034136722	0.0	0.0	
24.4597367699267	17.65734648930246	0.0	0.0	
16.988476576876376	6.537667880861534	0.0	0.0	
0.09509296652149857	24.245996191615205	0.0	0.0	
16.04810371724489	15.563232745450296	0.0	0.0	
17.409561187645146	7.336983498727079	0.0	0.0	
1.478725180073802	11.38634816720382	0.0	0.0	
14.176665488725419	20.802663580962534	0.0	0.0	
8.68326738735885	11.780219647631043	0.0	0.0	
31.59101633275762	10.116357164539732	0.0	0.0	
6.432737317462607	5.533780624684553	0.0	0.0	
30.35340627413748	15.549430797146062	0.0	0.0	
7.536289844812714	23.628294537860345	0.0	0.0	
24.189830069285634	8.544583069627876	0.0	0.0	
1.9910009671945126	5.3923708899539875	0.0	0.0	
21.133320474990576	3.2838783444130293	0.0	0.0	
2.651132669169254	30.716685713602633	0.0	0.0	
15.854860940244489	16.83000313819085	0.0	0.0	
13.673524773983988	11.53858371849261	0.0	0.0	
26.48835387315055	14.500351579028308	0.0	0.0	
1.1856373725000147	8.917202490200413	0.0	0.0	
14.04874439106975	5.141727703882815	0.0	0.0	
29.37678120969326	5.704915991441812	0.0	0.0	
8.686648309237945	27.042575236712803	0.0	0.0	
30.466650753325666	15.910844000296056	0.0	0.0	
16.36043264781161	27.84334938860659	0.0	0.0	
15.407770049726828	11.227765366822002	0.0	0.0	
8.014148064970172	5.491487687080035	0.0	0.0	
30.636985239099445	4.881831908606863	0.0	0.0	
0.5263693476926008	5.942675178377698	0.0	0.0	
17.754038545265104	10.958717919244805	0.0	0.0	
4.999541437984778	19.118235651436674	0.0	0.0	
17.27891641668505	24.11665059204855	0.0	0.0	
11.104131102894904	3.840358858789987	0.0	0.0	
9.245272757553082	7.80884205138889	0.0	0.0	
0.5845075371817714	6.129292782867683	0.0	0.0	
24.066295498170028	17.21713328663601	0.0	0.0	
26.0528779334338	20.98834570481032	0.0	0.0	
18.438782822071254	26.696047371708424	0.0	0.0	
0.20132326861743977	9.122382941863954	0.0	0.0	
14.074580444837185	5.820886169790217	0.0	0.0	
17.059502195578926	31.057394436933475	0.0	0.0	
15.997992433223004	14.159347880964503	0.0	0.0	
3.8654456919520257	12.090693737383905	0.0	0.0	
4.313113346299971	24.08562794441047	0.0	0.0	
26.731641488044314	18.913864726965812	0.0	0.0	
27.949753837544876	20.079465108386067	0.0	0.0	
8.81524448363956	25.681277888438753	0.0	0.0	
23.642057649388843	7.964745345403475	0.0	0.0	
8.847128946608908	18.952723020944525	0.0	0.0	
22.718225354473265	30.57497882380988	0.0	0.0	
15.64118059929103	10.624734768027636	0.0	0.0	
9.341802471678825	2.611883319405216	0.0	0.0	
22.068675285457605	31.125071211559963	0.0	0.0	
31.761472256494763	30.029662619609255	0.0	0.0	
14.066172215569235	27.45732505094542	0.0	0.0	
5.6410948531380924	5.579447254685125	0.0	0.0	
5.188089294003088	8.23611014949648	0.0	0.0	
30.169980800904725	2.2206422325260533	0.0	0.0	
28.737789493275315	13.67572443969259	0.0	0.0	
14.759265039507053	9.837375634892556	0.0	0.0	
28.89772488033634	6.961173872546553	0.0	0.0	
26.706857581251263	15.447682417720657	0.0	0.0	
31.978892226045833	25.043331340680513	0.0	0.0	
19.79233563943078	30.56760177409862	0.0	0.0	
30.195720660180296	11.567061057742595	0.0	0.0	
31.28321084319417	18.594558851817773	0.0	0.0	
26.041281946735285	19.62425264391015	0.0	0.0	
17.199508892956608	21.17513828847961	0.0	0.0	
19.761007981505262	18.047148485924225	0.0	0.0	
21.49567705422442	4.818200225230619	0.0	0.0	
1.757348042227978	2.0586691036288656	0.0	0.0	
16.987156477587355	5.18986769379833	0.0	0.0	
9.248455177763692	26.032600364215835	0.0	0.0	
14.69159059061261	16.644526009364796	0.0	0.0	
11.307160678330984	15.67276166479466	0.0	0.0	
10.655167377959838	19.82346996024803	0.0	0.0	
21.17968919347856	9.17025701415109	0.0	0.0	
27.44540821578304	0.29020046035084945	0.0	0.0	
1.0017716179126488	24.371723548540842	0.0	0.0	
20.875989180510302	22.832550013496483	0.0	0.0	
8.874705489329976	2.1201602130006414	0.0	0.0	
24.63996238284259	27.797137587757277	0.0	0.0	
26.423819174236936	24.99187639290695	0.0	0.0	
26.669926607810748	19.78250828393805	0.0	0.0	
29.407818556294277	1.1243017859586324	0.0	0.0	
27.87713939459544	8.957289376708772	0.0	0.0	
21.62188032032503	24.438840691762366	0.0	0.0	
25.618113931264116	25.411986262344204	0.0	0.0	
11.258242228697995	10.332672624119162	0.0	0.0	
0.44614893971557024	7.454215760604715	0.0	0.0	
22.381336453954717	12.078455126388896	0.0	0.0	
21.490794749163374	15.729397906861323	0.0	0.0	
25.781289770424213	20.85698017800364	0.0	0.0	
19.315516191232238	2.083643594879053	0.0	0.0	
5.522690378095572	7.605605385320679	0.0	0.0	
25.25126680555587	11.305802401662024	0.0	0.0	
28.536065714484337	24.998056597146117	0.0	0.0	
4.375237176946509	18.397869834758065	0.0	0.0	
22.034601163783126	4.733139630231875	0.0	0.0	
20.830334514475098	12.12020714279262	0.0	0.0	
18.613742833769507	31.959072266608974	0.0	0.0	
22.754769091925038	2.92283761736131	0.0	0.0	
27.78605789982624	19.939666185439357	0.0	0.0	
27.683785332333382	8.869623453326344	0.0	0.0	
24.307348709304335	15.23143905448277	0.0	0.0	
18.39873777265205	0.9443521583214185	0.0	0.0	
14.73614358230941	11.44485258660995	0.0	0.0	
7.906264435609916	2.0003764498561623	0.0	0.0	
4.592867687195678	17.803652995897625	0.0	0.0	
7.453283465144928	14.570852463803377	0.0	0.0	
18.267220355900946	1.5989358676294039	0.0	0.0	
2.1943337263998544	29.040253533675465	0.0	0.0	
18.1724042203105	29.184999112595833	0.0	0.0	
16.091282912143953	27.73395614850198	0.0	0.0	
17.524217990063345	0.5335300511908123	0.0	0.0	
20.716705476707347	16.448047794353254	0.0	0.0	
3.4779445162735065	27.603904592030357	0.0	0.0	
11.634570988081066	22.56998046988105	0.0	0.0	
17.576194220329278	6.226955389827754	0.0	0.0	
4.389008304073013	5.647429159084098	0.0	0.0	
26.047185808717302	1.7612721096533903	0.0	0.0	
29.63540349403342	23.25663552327996	0.0	0.0	
25.30086859872813	19.308474742393383	0.0	0.0	
27.50483095377398	15.425041978163634	0.0	0.0	
18.56404160315813	6.905751058198987	0.0	0.0	
1.3188510165078107	16.82071911455546	0.0	0.0	
16.634161914330804	28.6628144759744	0.0	0.0	
18.094856898057444	9.358517760420774	0.0	0.0	
16.647565984745107	25.28133998224227	0.0	0.0	
9.323832288139343	23.215547430079937	0.0	0.0	
3.541878575327967	11.526518551718834	0.0	0.0	
23.756824305321047	7.512679832558824	0.0	0.0	
14.714254298323489	13.05468608965553	0.0	0.0	
1.7084808041362827	20.142370710460757	0.0	0.0	
0.6999865335645801	13.136107101924118	0.0	0.0	
26.763188271166538	5.107061086175754	0.0	0.0	
27.997861948508834	21.413888119382456	0.0	0.0	
0.021396816511479955	22.887818694193005	0.0	0.0	
5.928661556241295	25.400299849945554	0.0	0.0	
2.259314648583487	25.672147733981845	0.0	0.0	
6.30714603964946	1.6411475588814604	0.0	0.0	
10.325517426463314	7.355581997070782	0.0	0.0	
25.22726263964019	15.020362306078194	0.0	0.0	
26.735272832290136	26.04893422423785	0.0	0.0	
18.36495527552659	7.9277840795054715	0.0	0.0	
30.700240838833867	5.536590529051935	0.0	0.0	
18.42153245459314	5.644840126920311	0.0	0.0	
30.226805096519033	26.443923309278247	0.0	0.0	
4.99067040527488	21.046518282838058	0.0	0.0	
30.092041309983827	8.515773900204273	0.0	0.0	
21.679653395069966	3.5257206392169387	0.0	0.0	
8.620665455004765	7.935569225432005	0.0	0.0	
15.152248248522856	0.41730898245569037	0.0	0.0	
25.745231639933227	19.88337336104548	0.0	0.0	
19.43377277162131	16.248420887910413	0.0	0.0	
2.5050893364646676	5.551221938508181	0.0	0.0	
30.46624767337789	4.165716146572507	0.0	0.0	
1.9569902973131832	16.91469938777394	0.0	0.0	
13.457344375328574	3.826930885700513	0.0	0.0	
18.505359179103472	12.345751057627037	0.0	0.0	
25.537082304076197	25.9780006201655	0.0	0.0	
2.5044862118369373	13.161341647904607	0.0	0.0	
8.601087913235688	20.000597502304043	0.0	0.0	
8.57959546932451	22.49937514468307	0.0	0.0	
25.903835019341113	21.56400808749119	0.0	0.0	
19.93950987578804	2.192388282828418	0.0	0.0	
16.503920624813805	7.98813799728331	0.0	0.0	
21.90887169182746	6.818879026308263	0.0	0.0	
24.307889192537722	13.411255782364329	0.0	0.0	
4.89958984540273	25.351673751597925	0.0	0.0	
30.289579259327756	23.918476387904136	0.0	0.0	
4.561587221781213	18.915497717030416	0.0	0.0	
14.760926358791906	28.17296020229687	0.0	0.0	
21.59866514523372	4.812379663884254	0.0	0.0	
20.068810365558107	24.971629074939738	0.0	0.0	
9.594095391721876	0.24506214735675869	0.0	0.0	
28.354297257260903	13.947627544516727	0.0	0.0	
11.244387116051314	31.836333228418024	0.0	0.0	
9.588440165703773	11.726388868775388	0.0	0.0	
21.764142637937958	17.808331080711607	0.0	0.0	
10.65029147398728	21.900831586188207	0.0	0.0	
9.129719190289194	24.42651999252937	0.0	0.0	
24.656643392874976	0.6409967382012098	0.0	0.0	
23.41691003247487	13.26597942909683	0.0	0.0	
27.535603948746406	28.692700503939246	0.0	0.0	
28.7085458134598	31.812947873931044	0.0	0.0	
20.80069742975633	21.073436947851	0.0	0.0	
14.820184808737459	20.150279816726247	0.0	0.0	
11.839538337175572	5.111560304777633	0.0	0.0	
13.29599465553762	22.527719410809482	0.0	0.0	
24.17451972811261	1.7054505406494052	0.0	0.0	
0.10257188500604997	18.45611986468178	0.0	0.0	
25.040780647120737	8.62992289161389	0.0	0.0	
19.93869991384574	2.3269716397863043	0.0	0.0	
5.888919936243344	11.50330791822449	0.0	0.0	
28.057001829834412	24.19002227261817	0.0	0.0	
15.272150627035078	14.149345439716864	0.0	0.0	
10.14074761027917	21.028139824014694	0.0	0.0	
24.06631737156453	11.812289163072752	0.0	0.0	
23.94119287408303	22.50805275625132	0.0	0.0	
1.0432086687196644	13.208179451508549	0.0	0.0	
24.133302030798824	11.28021228537656	0.0	0.0	
22.406412383623284	6.650931611853991	0.0	0.0	
2.6132381168829113	18.4727748378895	0.0	0.0	
26.814904812434282	2.940719451445517	0.0	0.0	
28.86187775222062	10.049164768023864	0.0	0.0	
25.91124114111349	15.18084758818771	0.0	0.0	
21.56362350128995	2.9306076368586	0.0	0.0	
12.731396290162444	30.444123689215857	0.0	0.0	
14.08030241218302	12.977818227141931	0.0	0.0	
2.410887811894824	4.583193733392015	0.0	0.0	
23.754798852255327	6.782097662514403	0.0	0.0	
3.385870365952144	29.601231098298292	0.0	0.0	
20.107957044003555	17.87906463790902	0.0	0.0	
12.44124735991473	11.845271874067144	0.0	0.0	
30.037801286882686	3.657379594973385	0.0	0.0	
23.056001865814235	18.667083577545306	0.0	0.0	
13.91419591282613	15.870241152811786	0.0	0.0	
28.51887628882463	31.266880491242837	0.0	0.0	
26.76689868318229	26.38584776448338	0.0	0.0	
28.431259032723602	25.139768836532735	0.0	0.0	
30.473016004130788	13.6559148066451	0.0	0.0	
17.885152096330195	5.476363542221915	0.0	0.0	
6.21327958861659	2.7303753600970957	0.0	0.0	
0.1215277771624983	31.644308962911207	0.0	0.0	
23.035102208053395	23.850870345069374	0.0	0.0	
7.7102385964923315	0.7715371425711481	0.0	0.0	
20.250793967530516	3.2318472723809215	0.0	0.0	
13.006092738112386	11.010963276479156	0.0	0.0	
24.180442086537248	26.42636521223723	0.0	0.0	
7.639482003481444	7.783756738509329	0.0	0.0	
6.432145414848808	15.375315827191642	0.0	0.0	
16.785193091352152	14.308878320697076	0.0	0.0	
0.3092268870658472	20.735865127747562	0.0	0.0	
19.54468334182243	25.690977459906282	0.0	0.0	
17.71400613206434	26.3688313897165	0.0	0.0	
3.76466672909622	10.239644695724959	0.0	0.0	
10.828771864898542	23.896162467245393	0.0	0.0	
23.118484488250168	10.635114528458505	0.0	0.0	
19.298504212399592	6.212192365966558	0.0	0.0	
6.534263139396426	19.751836462742247	0.0	0.0	
4.398495812285457	16.297482552878478	0.0	0.0	
24.822546995453354	5.469790980095432	0.0	0.0	
31.484703999685628	2.324505751356977	0.0	0.0	
14.296319361604166	10.565406051794426	0.0	0.0	
31.131197900714728	4.859576828106796	0.0	0.0	
29.34412052250284	25.535707913671384	0.0	0.0	
17.774581858915152	6.858378670100013	0.0	0.0	
14.516812538014502	30.45403307877148	0.0	0.0	
23.11859066446133	21.390063108439264	0.0	0.0	
7.215825524671136	30.76487235565235	0.0	0.0	
28.9454627520643	22.431070777926752	0.0	0.0	
5.835683309014694	2.734725442797746	0.0	0.0	
10.742766251302449	19.88246360887497	0.0	0.0	
15.73935569901186	19.10108658606261	0.0	0.0	
17.971313043563026	8.057057540254046	0.0	0.0	
14.555875011857147	17.338508739704142	0.0	0.0	
6.729121263030194	7.538229885801215	0.0	0.0	
19.558525494718264	20.8041586349681	0.0	0.0	
26.37136654725908	17.093657725912404	0.0	0.0	
17.991316314207804	22.0613696235711	0.0	0.0	
20.847501462631644	17.46455174138126	0.0	0.0	
17.696433954130654	11.735223128358605	0.0	0.0	
18.30006415514203	2.9044481550976613	0.0	0.0	
23.81945051476581	7.75863661072265	0.0	0.0	
30.581722387840273	27.64219976079471	0.0	0.0	
31.578103772082123	15.041785580161633	0.0	0.0	
0.009638405967926644	20.15113054719001	0.0	0.0	
22.118621961602862	7.534337188666633	0.0	0.0	
4.583715489121591	27.74736722229917	0.0	0.0	
16.94258740009256	15.115068017722688	0.0	0.0	
9.531741985206413	18.09575157361194	0.0	0.0	
26.405254985893116	27.380149364412254	0.0	0.0	
10.030406009124007	3.250450803576893	0.0	0.0	
5.159940760221236	18.71705915726512	0.0	0.0	
29.031711949994307	26.519613751720204	0.0	0.0	
22.46460261717122	12.702869017968975	0.0	0.0	
0.7202344384279904	22.70519282037705	0.0	0.0	
24.475207397415197	18.855362666819335	0.0	0.0	
3.97735364137257	18.547754563063222	0.0	0.0	
17.638328817742362	13.372730712384566	0.0	0.0	
31.15018473981334	30.722091163222892	0.0	0.0	
30.799634856728023	19.71521563343896	0.0	0.0	
6.547020262350607	27.095276495966605	0.0	0.0	
25.178594140163412	1.255722226041648	0.0	0.0	
20.98938571700645	23.20612815717389	0.0	0.0	
5.83581980806402	13.447153206359168	0.0	0.0	
7.662654363332571	12.892999788724396	0.0	0.0	
19.832380577555202	22.776068197386905	0.0	0.0	
28.950018216684047	23.003491765346705	0.0	0.0	
29.893279016290627	19.06640517361134	0.0	0.0	
24.664249299874367	22.276528145195027	0.0	0.0	
25.153471265207482	31.80222617389533	0.0	0.0	
15.230824586617171	5.636356422222978	0.0	0.0	
31.588568465214905	10.22864232278398	0.0	0.0	
18.185670043016493	22.471020785192593	0.0	0.0	
5.0702309909031555	1.0983606348696178	0.0	0.0	
6.9733165850327445	19.02081237318628	0.0	0.0	
27.080105838981964	27.557900995888456	0.0	0.0	
11.604312093729895	10.913828532945107	0.0	0.0	
21.84977523061304	15.775095901851444	0.0	0.0	
26.051085549758575	0.9407681381413653	0.0	0.0	
12.219854256959671	10.87950700675147	0.0	0.0	
31.402720496106546	25.60728710676797	0.0	0.0	
25.247918974417257	26.153187389026794	0.0	0.0	
25.852288455668067	21.735259650429857	0.0	0.0	
31.288649181324583	25.54633938850551	0.0	0.0	
30.042409407659903	29.54120659513473	0.0	0.0	
29.886123049078474	2.1749755815323084	0.0	0.0	
25.435535456532605	27.87326295656614	0.0	0.0	
20.21656749244329	30.097171132818296	0.0	0.0	
5.047967141262774	27.746403273959995	0.0	0.0	
22.922183857185225	0.6026501683808689	0.0	0.0	
10.925908929930213	20.50329424638538	0.0	0.0	
20.699265364311568	23.72593626166678	0.0	0.0	
6.134221687881812	16.50360373812654	0.0	0.0	
15.867333211920194	7.024279692831733	0.0	0.0	
1.0897761162894568	9.301589505256427	0.0	0.0	
10.421005711860289	8.093999900510589	0.0	0.0	
29.903652541387352	23.795629437475213	0.0	0.0	
28.272643028578766	5.261535761027417	0.0	0.0	
14.906365544948496	2.488215521944145	0.0	0.0	
25.676310059100334	16.3276907331206	0.0	0.0	
4.768758267799942	12.129169642731725	0.0	0.0	
1.4173078550067437	13.756752205658248	0.0	0.0	
26.197574511404596	5.552155862445904	0.0	0.0	
9.37730649689658	13.537607550598036	0.0	0.0	
27.58831989022064	0.13625346148775463	0.0	0.0	
14.055172835943178	20.62374826561893	0.0	0.0	
23.283807785068465	0.3645450754559647	0.0	0.0	
18.31313283757754	10.863044421716506	0.0	0.0	
28.909387716721536	7.958074428252058	0.0	0.0	
9.306259771112536	22.902807566750344	0.0	0.0	
27.450843190180887	3.6437345045820244	0.0	0.0	
30.411812231521267	18.202452107002394	0.0	0.0	
25.864939287780878	10.329096745591286	0.0	0.0	
13.76726092186285	7.211803003812772	0.0	0.0	
26.667113814601034	8.511652959915903	0.0	0.0	
3.0449724015926556	20.004574687890504	0.0	0.0	
15.055572497015149	4.5283254586272825	0.0	0.0	
16.543511650354525	22.361180158298648	0.0	0.0	
19.93114667009446	7.448209830849947	0.0	0.0	
4.86090135307764	12.060424136867045	0.0	0.0	
4.313462993844041	7.153635694287743	0.0	0.0	
21.58414243603081	23.601297698822133	0.0	0.0	
14.422988546471537	31.590878397793855	0.0	0.0	
16.976202087631485	30.570980691893446	0.0	0.0	
8.597937772930859	9.30529210685021	0.0	0.0	
28.33447965347468	5.513068623897123	0.0	0.0	
23.4259031991666	8.813158258600648	0.0	0.0	
6.578365264156197	6.154482911768422	0.0	0.0	
29.24463809355502	4.1426483326231285	0.0	0.0	
23.278045398804203	28.878507057689372	0.0	0.0	
31.890014540549828	16.657120912307395	0.0	0.0	
31.24923980239907	10.160288143850714	0.0	0.0	
8.706227431360066	25.488299649946654	0.0	0.0	
18.619838291666593	18.71103391486056	0.0	0.0	
25.186314262463497	9.218986933327184	0.0	0.0	
8.114090323432858	11.011225597716209	0.0	0.0	
13.159726575493586	17.031455797466673	0.0	0.0	
22.421382551986916	27.734470880756813	0.0	0.0	
19.07393105695155	17.835216195529345	0.0	0.0	
16.501877919577616	15.139239895707746	0.0	0.0	
18.973687940216234	13.065642097766311	0.0	0.0	
16.988755663786044	25.39992988052737	0.0	0.0	
19.280243396302843	24.95373019739499	0.0	0.0	
14.533971281389537	3.3723641471896	0.0	0.0	
13.372708427943294	30.73976637359122	0.0	0.0	
7.062654363484697	17.289736348181993	0.0	0.0	
2.964418416984973	1.806319564619173	0.0	0.0	
31.235058886358917	31.43514430250896	0.0	0.0	
6.759399320609834	25.16071447525591	0.0	0.0	
16.369601416872975	3.9723360045145952	0.0	0.0	
30.182974174950417	13.137035914834161	0.0	0.0	
0.415128924545364	28.989065888551504	0.0	0.0	
4.592061195668208	13.752217098420559	0.0	0.0	
19.315072343921752	1.5220338738988382	0.0	0.0	
6.6852628772928	17.64519524820617	0.0	0.0	
5.136456134149167	18.537676980610414	0.0	0.0	
20.772713358765458	15.374482963774756	0.0	0.0	
17.795061842040933	27.81157740315369	0.0	0.0	
3.573009127680063	13.439021902933565	0.0	0.0	
26.168302020670122	10.035295192248366	0.0	0.0	
15.101336890967783	0.7255695405765117	0.0	0.0	
5.067995355852389	31.185871315209297	0.0	0.0	
8.113693886389736	21.843831200657355	0.0	0.0	
7.289711780310274	7.222480937507651	0.0	0.0	
0.7602034672976039	16.050026145595375	0.0	0.0	
0.17163654730722655	24.58641072788698	0.0	0.0	
15.354881520679019	9.130292247868635	0.0	0.0	
0.2913754565813669	11.095486133545645	0.0	0.0	
14.468663067537744	22.48618739723201	0.0	0.0	
23.409807637585967	7.951408389969863	0.0	0.0	
27.889237678152345	24.319447129193545	0.0	0.0	
29.654260796575034	5.557802571713786	0.0	0.0	
5.435956727769252	25.16084507725821	0.0	0.0	
26.265691136942245	4.455620501248333	0.0	0.0	
7.960283958687221	0.28273327077620536	0.0	0.0	
20.512688914722315	18.845770213333438	0.0	0.0	
21.425295723329977	14.873140957248694	0.0	0.0	
27.122540025409116	24.039108740476635	0.0	0.0	
6.948627273506137	2.6946696460904676	0.0	0.0	
23.26419962269805	7.417530673568329	0.0	0.0	
9.96751871241679	7.816297014599716	0.0	0.0	
22.489366162527844	29.958466526906445	0.0	0.0	
10.336988347600208	5.615307087351955	0.0	0.0	
4.319373501404783	5.587303048886778	0.0	0.0	
10.625630580203488	23.366756197720136	0.0	0.0	
5.068781874414356	30.66204125694207	0.0	0.0	
14.09508810209283	5.811470718950066	0.0	0.0	
9.400018238441746	15.548673133711237	0.0	0.0	
1.4834831036960665	31.472774927937788	0.0	0.0	
9.96932554179618	19.176123249970335	0.0	0.0	
0.016302591269962363	21.970077888529953	0.0	0.0	
25.056640750367357	11.712739584095399	0.0	0.0	
10.627328923726907	19.621528231334608	0.0	0.0	
17.283796507647775	26.70775147667282	0.0	0.0	
9.592044699374345	19.65640960023559	0.0	0.0	
29.61103307906816	17.570032180238726	0.0	0.0	
10.91703109712483	15.980843544859638	0.0	0.0	
22.428118243641816	14.408290923017208	0.0	0.0	
24.762048954437855	8.468958424632365	0.0	0.0	
12.974841569791504	8.443722348866896	0.0	0.0	
29.786237967145357	8.265010133366577	0.0	0.0	
4.417519774471412	16.88617296476532	0.0	0.0	
16.2242196480871	23.715216556680254	0.0	0.0	
11.125745223688149	1.5210945203356232	0.0	0.0	
18.163718461832428	17.177810586359755	0.0	0.0	
2.978602827945071	23.192492710951974	0.0	0.0	
22.63644792189045	16.454530266478113	0.0	0.0	
31.094828318215384	23.84400935057608	0.0	0.0	
21.935871247837856	29.615228616491084	0.0	0.0	
3.8681762066768	28.29671075118078	0.0	0.0	
7.781586282855265	1.1819929092650305	0.0	0.0	
3.0083010916941717	13.703029491305976	0.0	0.0	
9.177771764122554	9.51596037665053	0.0	0.0	
15.917273314559093	28.19206525080324	0.0	0.0	
1.872278199583711	8.392579289210968	0.0	0.0	
17.23349649766951	18.420726697328018	0.0	0.0	
11.803244924121689	13.894130881608653	0.0	0.0	
18.06050155108737	27.868600411822356	0.0	0.0	
29.963585915594315	3.580121341131253	0.0	0.0	
9.318019023905602	19.810468300070852	0.0	0.0	
21.519801194601865	29.30270125905257	0.0	0.0	
3.4554437067119643	9.542303246028734	0.0	0.0	
13.665443765478042	18.236668837476646	0.0	0.0	
17.962914579454306	13.872313904174309	0.0	0.0	
7.2924997778366425	24.269093778371822	0.0	0.0	
16.87518454727969	31.860969598848722	0.0	0.0	
26.293122189881714	4.532430165682772	0.0	0.0	
6.723997691079088	8.843149650510579	0.0	0.0	
9.236886778567058	19.272817200825994	0.0	0.0	
6.051591379733978	5.999479167082725	0.0	0.0	
29.088006812319485	28.80775303444405	0.0	0.0	
12.664898204063565	12.54722350176959	0.0	0.0	
23.433255792774588	9.468604898853883	0.0	0.0	
11.355694664913457	7.766544782094218	0.0	0.0	
4.370658068304053	17.329028291901388	0.0	0.0	
13.367526631666777	23.31624556927188	0.0	0.0	
29.12220651453335	26.76338996577212	0.0	0.0	
15.072996337116297	7.876572660963458	0.0	0.0	
22.066045608200383	27.28891462413184	0.0	0.0	
4.282586743970384	25.25692301955035	0.0	0.0	
23.598483865183184	3.4242353915800017	0.0	0.0	
11.64173592153536	5.951036611924685	0.0	0.0	
12.755481304706048	27.216992300014116	0.0	0.0	
10.88108455481483	22.023014290454224	0.0	0.0	
18.76084765455911	29.4730297902269	0.0	0.0	
27.75654553401013	9.701884686912809	0.0	0.0	
8.577362789346182	12.939082436849976	0.0	0.0	
22.19593036745248	10.67907789441455	0.0	0.0	
30.6473593708609	8.813039856124654	0.0	0.0	
23.86822921002863	12.355721011371543	0.0	0.0	
29.327740487781174	0.10364123944366099	0.0	0.0	
11.99829644832209	11.415194662256532	0.0	0.0	
19.373247977341233	13.872306522446493	0.0	0.0	
28.58683132217292	24.01673829959812	0.0	0.0	
22.184256932016556	10.535662184654043	0.0	0.0	
24.76487473649519	2.992360100647833	0.0	0.0	
20.433580045526966	3.32587911967558	0.0	0.0	
7.453284427123208	31.00060534508849	0.0	0.0	
17.356323626351568	6.144791574744655	0.0	0.0	
21.657327084428424	1.9839525531824336	0.0	0.0	
10.768909937900432	21.619446138932258	0.0	0.0	
16.842988481691606	15.718496544792266	0.0	0.0	
14.036586566884576	30.596209176909586	0.0	0.0	
13.45869999322614	30.685722368322118	0.0	0.0	
26.907182683499148	31.30697333014143	0.0	0.0	
16.59248102428418	10.993724650394025	0.0	0.0	
20.65712013565643	2.5087380740804903	0.0	0.0	
1.7862823354393988	20.907561634250865	0.0	0.0	
31.65713427076638	27.82702032562707	0.0	0.0	
0.6988502223860991	24.068456212846144	0.0	0.0	
6.677173075988268	10.812672289381762	0.0	0.0	
22.3946191069821	2.4612728852238774	0.0	0.0	
13.296498943119403	23.037624827949788	0.0	0.0	
9.251830870161562	31.353360062539934	0.0	0.0	
22.180359929736717	0.09898279502630558	0.0	0.0	
15.820220172640287	13.754738674704111	0.0	0.0	
30.40726049882558	24.163417544291715	0.0	0.0	
1.2181271201202613	28.579152398790633	0.0	0.0	
31.722908655229475	2.1356385893790275	0.0	0.0	
8.336643720953308	30.096029145444337	0.0	0.0	
9.803714066557983	28.7744905076536	0.0	0.0	
25.001419148074884	25.125568909236485	0.0	0.0	
18.830002153080912	7.448762407259061	0.0	0.0	
13.05999127540042	1.1930630878312911	0.0	0.0	
28.95443428780262	21.817731656966444	0.0	0.0	
24.961641433766687	7.947078834549064	0.0	0.0	
23.343310623430664	22.859670688967206	0.0	0.0	
20.958507867134237	10.938377158640026	0.0	0.0	
20.665627290348972	10.123716931290904	0.0	0.0	
28.02512841955095	14.617615255827733	0.0	0.0	
0.9977349940055333	3.3596573115130077	0.0	0.0	
20.78692607537245	8.216005165038975	0.0	0.0	
11.812097196342965	3.8867389773704986	0.0	0.0	
24.614298714317854	30.901019692732117	0.0	0.0	
17.517241841599255	8.48451342901473	0.0	0.0	
19.962501378204976	17.137223262710638	0.0	0.0	
25.98627894310494	27.891613618712704	0.0	0.0	
14.186870001757477	27.348824247628617	0.0	0.0	
10.564144827173845	10.665951185334126	0.0	0.0	
9.222632449607453	29.835033867500403	0.0	0.0	
27.22422852239175	22.412755247190123	0.0	0.0	
5.400011021211377	13.828717407512165	0.0	0.0	
18.606431731175288	22.9429926035008	0.0	0.0	
6.982181022772039	19.517593700275196	0.0	0.0	
10.11832046900808	14.390196464238546	0.0	0.0	
27.48036195186085	31.440275964036925	0.0	0.0	
5.159425234306351	11.9328119038531	0.0	0.0	
2.931095178696463	13.573716397075813	0.0	0.0	
1.193351313092215	18.734953950097132	0.0	0.0	
18.871087378751785	4.487749992637955	0.0	0.0	
1.5516472004611543	30.975647035968112	0.0	0.0	
19.473874844386593	1.2636634472957233	0.0	0.0	
6.268339475350739	9.373301635191325	0.0	0.0	
26.89874492101375	8.578960436747145	0.0	0.0	
10.803469575977648	27.40520362296498	0.0	0.0	
8.462306078469755	2.1237617865677265	0.0	0.0	
31.60480511871673	31.10333550830445	0.0	0.0	
0.1811263477328815	16.367178817508783	0.0	0.0	
23.705296956494664	13.606962097410687	0.0	0.0	
8.95365821710179	30.84495554943394	0.0	0.0	
3.6451117904483397	31.20892606088038	0.0	0.0	
8.596076887372696	2.5326171297312747	0.0	0.0	
27.746691823127996	7.789790696021829	0.0	0.0	
12.229620258859185	1.1901590317330708	0.0	0.0	
26.860257640243354	31.218449097614062	0.0	0.0	
31.22681930556833	0.061068229872365265	0.0	0.0	
17.763798481751266	19.081310894376845	0.0	0.0	
4.062645982399339	21.729177503277565	0.0	0.0	
6.119369716200126	23.816961939261045	0.0	0.0	
2.1220200040829305	13.888086191942847	0.0	0.0	
20.461066141217024	16.8104856034112	0.0	0.0	
7.15981317553301	13.773147218936682	0.0	0.0	
13.518988743528158	10.941371338072088	0.0	0.0	
0.26662122962300927	29.198196948276006	0.0	0.0	
16.096302824062178	27.336058596691903	0.0	0.0	
21.243796478994234	22.97578780517299	0.0	0.0	
10.322945870164101	5.283188164503851	0.0	0.0	
12.242712387741477	0.3711557661449838	0.0	0.0	
23.095177801778604	6.774318132966943	0.0	0.0	
26.41287389706944	30.42738620827809	0.0	0.0	
21.77061352333338	15.375571089537118	0.0	0.0	
3.111422543450214	28.80847285482631	0.0	0.0	
14.075244512143861	1.7380986390217608	0.0	0.0	
6.079656754882961	14.48503909624614	0.0	0.0	
20.103265491864157	22.580345017349725	0.0	0.0	
27.170338947975395	12.105310182746987	0.0	0.0	
18.27978880122041	30.29856925536812	0.0	0.0	
3.965094497845101	11.438059827301203	0.0	0.0	
25.658638614717553	11.029120497572407	0.0	0.0	
7.530247326865844	20.857853479187227	0.0	0.0	
15.206102867812703	8.007663380405745	0.0	0.0	
4.324878135397913	15.289579412556012	0.0	0.0	
17.787541537350048	28.124915107247833	0.0	0.0	
22.56728301102711	12.57818067579461	0.0	0.0	
12.544574736482605	8.923091028279757	0.0	0.0	
18.931847949790164	20.179070897175478	0.0	0.0	
24.730846487763326	1.4137489420086844	0.0	0.0	
2.1715266405985503	22.553312123883615	0.0	0.0	
24.200771053851817	8.858415390011924	0.0	0.0	
10.883849579816498	17.083285402079092	0.0	0.0	
14.110093480374669	27.28134591234023	0.0	0.0	
11.508045235592963	15.400826813962134	0.0	0.0	
4.91036902263987	8.338821429883513	0.0	0.0	
2.946410637068695	26.934214673351388	0.0	0.0	
22.198200557771674	11.284543117044059	0.0	0.0	
19.736761063979294	17.746772725466478	0.0	0.0	
31.208767144785753	0.4302380153687686	0.0	0.0	
9.556185488447088	18.434318323667583	0.0	0.0	
10.8040267870504	22.34016930083143	0.0	0.0	
16.128972016556133	17.80664615950079	0.0	0.0	
15.741000276257651	5.761798835689735	0.0	0.0	
24.63661851840365	31.364163100754443	0.0	0.0	
27.99668781017099	2.5445123993109604	0.0	0.0	
30.720295792024828	2.1331258509165885	0.0	0.0	
0.5593349990318153	13.99668143609097	0.0	0.0	
24.449810450924545	7.453603258587815	0.0	0.0	
1.4607143968950247	31.409905624604505	0.0	0.0	
13.570551933912437	20.138581964507928	0.0	0.0	
7.579599755498151	17.669383235245338	0.0	0.0	
3.844649549932619	21.22694474695203	0.0	0.0	
1.5264623451738828	18.540760251914072	0.0	0.0	
19.471321706610933	4.1916680986383135	0.0	0.0	
0.7628698539910559	29.232210029411263	0.0	0.0	
29.872766493939537	18.490310980981768	0.0	0.0	
2.4008400642305183	18.79603365116611	0.0	0.0	
15.132645609665339	11.053811973940231	0.0	0.0	
1.1770522062136735	0.24823025539418708	0.0	0.0	
21.851944599788983	28.136114043612796	0.0	0.0	
31.97894301998619	0.2985847998973483	0.0	0.0	
19.34318158199442	16.862498132523058	0.0	0.0	
26.426181812447826	19.834849715764715	0.0	0.0	
28.721820551539423	8.68972098647313	0.0	0.0	
26.760892325217952	14.42054642902323	0.0	0.0	
22.266893348925986	2.95008104954341	0.0	0.0	
26.40958008197332	19.0083904933173	0.0	0.0	
11.270000863502204	7.161775053836362	0.0	0.0	
4.542015234469371	28.654056301508785	0.0	0.0	
3.083964772315827	24.99062480747818	0.0	0.0	
13.487348647970869	25.30839359497432	0.0	0.0	
0.4967618432456078	6.6989366093616916	0.0	0.0	
11.421443564084	10.447027122842545	0.0	0.0	
12.273080393282648	17.596653410738313	0.0	0.0	
30.42555127580222	5.309223688760479	0.0	0.0	
20.51818269672552	17.883684876808363	0.0	0.0	
19.834592446635792	23.81985319903571	0.0	0.0	
27.466186316079753	21.0574696446409	0.0	0.0	
31.435093671190458	5.539142161312476	0.0	0.0	
0.21424436794755763	12.411507408206841	0.0	0.0	
18.900834964980287	28.120840987275802	0.0	0.0	
11.20573051606143	29.37426712859142	0.0	0.0	
23.661128541002117	21.396883538506575	0.0	0.0	
0.24561959004514122	25.006947284035068	0.0	0.0	
16.8665786464146	7.865144575761441	0.0	0.0	
19.7312351737879	17.737437380927975	0.0	0.0	
16.41938756274055	5.39849585979589	0.0	0.0	
7.541455518814502	12.025122359275354	0.0	0.0	
22.01806334499169	18.191926007282877	0.0	0.0	
27.72864796104967	14.67653230900246	0.0	0.0	
11.9262408425876	15.308093120821113	0.0	0.0	
15.225580299519354	18.726182313441143	0.0	0.0	
2.19697007245081	11.740828849789292	0.0	0.0	
7.800659795178046	11.61277173308353	0.0	0.0	
15.702922187544406	9.43275082689772	0.0	0.0	
9.900897970126874	21.923207190208302	0.0	0.0	
24.55444501224765	3.3729770575711377	0.0	0.0	
23.9075925441706	23.857483083380636	0.0	0.0	
20.021039650632332	28.014717869768287	0.0	0.0	
30.994035290037157	6.540710599992828	0.0	0.0	
17.693266268435192	29.772699148162562	0.0	0.0	
31.05965318848398	17.044581820288126	0.0	0.0	
2.947960996324987	6.397815781676474	0.0	0.0	
8.306869465043764	26.222437746806236	0.0	0.0	
28.231743813765405	11.267997478886304	0.0	0.0	
31.813588730008785	24.45720796203563	0.0	0.0	
23.48142665682217	9.915797972842942	0.0	0.0	
17.333588839211323	5.575022539749913	0.0	0.0	
19.24342719668318	11.747687993197655	0.0	0.0	
28.474695133750625	15.250590864409276	0.0	0.0	
25.400838802874155	10.415646768081064	0.0	0.0	
2.3912758628655837	3.5012154382544587	0.0	0.0	
