2
32.0	0.0	0.0	0.0	
0.0	32.0	0.0	0.0	
8.523342817770533	23.667881682476423	0.0	0.0	
6.051685840757877	19.560069758961728	0.0	0.0	
20.469649393455036	31.593181073685464	0.0	0.0	
9.35702160352287	9.262681991343996	0.0	0.0	
0.9850490040444484	13.546201181721216	0.0	0.0	
10.63620042352047	9.556004246915446	0.0	0.0	
3.997646137116458	1.2254946349234963	0.0	0.0	
25.03174528937508	7.895662610258817	0.0	0.0	
28.73727470222202	0.5895097582612863	0.0	0.0	
17.186827232871064	28.950705722933094	0.0	0.0	
25.579331986194298	28.92866321261997	0.0	0.0	
20.775990033235825	29.198040551796083	0.0	0.0	
21.37096663944227	27.361933065211478	0.0	0.0	
19.172455699258997	16.790152010329827	0.0	0.0	
12.175179581973925	3.2745475392783128	0.0	0.0	
29.513974964993764	27.156282576986005	0.0	0.0	
28.98106722795783	5.534410695442752	0.0	0.0	
2.465906003528012	11.68799885932744	0.0	0.0	
23.684639206084828	2.480177038574034	0.0	0.0	
4.771286859766544	2.931762007803396	0.0	0.0	
18.27094806573489	11.428132524668655	0.0	0.0	
18.52254434299872	25.219951902554715	0.0	0.0	
19.197659042165004	24.776470791374773	0.0	0.0	
28.623440027482673	30.96078736286463	0.0	0.0	
24.501679395007727	12.951638262558543	0.0	0.0	
26.145792131554728	14.531406655673873	0.0	0.0	
23.84835894404612	29.080730360683347	0.0	0.0	
5.523266463333201	24.549423413396426	0.0	0.0	
7.700738113650164	16.930103952661046	0.0	0.0	
5.465258765211658	17.46402201912286	0.0	0.0	
31.52193604017311	19.863872290074674	0.0	0.0	
14.548487511678168	10.239399981939076	0.0	0.0	
31.827426891129136	8.003222934301313	0.0	0.0	
21.857154187078645	4.239144046610708	0.0	0.0	
1.8447164680089116	3.729239019723252	0.0	0.0	
19.90910395918736	15.331211105450059	0.0	0.0	
13.413427369555102	3.2303674629553285	0.0	0.0	
17.28565005224978	3.365302312282033	0.0	0.0	
4.570793906222747	24.87300353165151	0.0	0.0	
28.88995498307345	7.170809903933936	0.0	0.0	
12.968232582989376	20.147670426908338	0.0	0.0	
29.773744923967495	21.21888942387486	0.0	0.0	
29.038753627191106	1.6433640042366413	0.0	0.0	
9.839480706122597	16.791707640190438	0.0	0.0	
22.438314491921254	23.532410591520946	0.0	0.0	
21.8824909325272	30.032381558826007	0.0	0.0	
2.9882580953961835	5.7710910004540565	0.0	0.0	
11.462092250636232	18.95865947763372	0.0	0.0	
28.350282084325627	8.469192785724644	0.0	0.0	
0.8560025855314635	0.663483032562926	0.0	0.0	
13.19167709261594	0.23107295664708616	0.0	0.0	
3.9886248623660485	3.2458243092163706	0.0	0.0	
14.599960237263481	30.359109622153497	0.0	0.0	
12.822527770306309	24.131548118455758	0.0	0.0	
9.42889232892826	13.97088755018638	0.0	0.0	
25.619854549539717	25.978591021523	0.0	0.0	
4.238085747010267	18.891350212687286	0.0	0.0	
16.410134006513072	31.465292879381156	0.0	0.0	
4.167876660235727	27.768195121259094	0.0	0.0	
30.53730696933016	16.310150476491817	0.0	0.0	
17.548125293407566	20.266017336119617	0.0	0.0	
14.193256540248736	10.193087802933434	0.0	0.0	
27.124755289289833	2.3722286402031614	0.0	0.0	
9.181807013006598	11.944956366726817	0.0	0.0	
18.70829114821385	16.518882289692844	0.0	0.0	
23.328162624878097	19.273015601364055	0.0	0.0	
7.6132657643233586	7.2047573551475494	0.0	0.0	
26.959033536268592	31.000293042671867	0.0	0.0	
14.740794123732062	25.51443903288439	0.0	0.0	
30.953646714244574	8.1357150791649	0.0	0.0	
10.625616806675886	3.880359897674534	0.0	0.0	
16.98104504135121	9.712606732226021	0.0	0.0	
2.4327340558371553	17.75986711840022	0.0	0.0	
21.959486778315696	14.680792609465623	0.0	0.0	
19.36960379223222	13.589892807956058	0.0	0.0	
19.76778620742067	4.244321253434865	0.0	0.0	
1.7047192909915978	9.762084178703422	0.0	0.0	
11.550949911478245	30.834372128650532	0.0	0.0	
5.234714428953598	19.540566524502673	0.0	0.0	
24.656760107636384	25.201551163017072	0.0	0.0	
30.285835035372106	29.149754357584605	0.0	0.0	
7.182689914827037	10.292163800390167	0.0	0.0	
28.30418884824729	12.147883708783866	0.0	0.0	
27.40864439395164	10.529219814399884	0.0	0.0	
24.19851550637488	29.3380400536765	0.0	0.0	
12.922668983502895	8.535068517717178	0.0	0.0	
3.3197476193815056	12.090892861333401	0.0	0.0	
3.7931204970930104	20.428570647805376	0.0	0.0	
26.187308109515822	17.18885822019945	0.0	0.0	
31.760963828001923	21.195652583964154	0.0	0.0	
8.21268241947553	25.764963074451344	0.0	0.0	
11.508275674456847	30.85647471872064	0.0	0.0	
6.095722287442605	26.323343129104916	0.0	0.0	
24.886925197322892	9.573715245681619	0.0	0.0	
22.91075409919622	0.4269837555468854	0.0	0.0	
1.6058918465269123	13.083134908147429	0.0	0.0	
15.866366451925526	18.461567505999525	0.0	0.0	
12.067519038516231	26.839737017796903	0.0	0.0	
18.707974051532563	23.958524230622007	0.0	0.0	
8.435790783127587	20.936910967874116	0.0	0.0	
23.01379854235335	0.518212050299109	0.0	0.0	
24.443687839900626	29.209547254626944	0.0	0.0	
22.081924196976523	13.11520999054935	0.0	0.0	
15.014143743539115	24.249491887812173	0.0	0.0	
23.816559832287073	21.595594434600756	0.0	0.0	
26.85626329613193	10.106423403098532	0.0	0.0	
28.918920114650813	30.64736284250454	0.0	0.0	
23.07632967794174	4.930203224705853	0.0	0.0	
0.5826636904207518	15.218397799984295	0.0	0.0	
18.05377658185952	27.609564030787507	0.0	0.0	
27.65733441816076	7.031912287306881	0.0	0.0	
30.154585478083302	26.11771396318093	0.0	0.0	
30.54692392282107	19.071986899937436	0.0	0.0	
30.611971688415228	0.16043455986681465	0.0	0.0	
26.897738185074488	7.934375671962304	0.0	0.0	
17.074851492161383	3.884231863179636	0.0	0.0	
12.097405312948911	19.18804649668645	0.0	0.0	
15.59011590681552	3.945232794536281	0.0	0.0	
19.87035125665944	24.26153651913888	0.0	0.0	
20.121510515845618	7.569666582751772	0.0	0.0	
26.75191661583074	10.452480517738959	0.0	0.0	
29.016141909964148	25.730319496006	0.0	0.0	
6.231144029272858	8.066708449446164	0.0	0.0	
31.046829452945886	31.876626794636437	0.0	0.0	
23.91444030583246	17.362186927367357	0.0	0.0	
4.445698810458307	27.923339637007114	0.0	0.0	
28.700624946923615	11.796622024498163	0.0	0.0	
0.24617721742194476	10.100830666422496	0.0	0.0	
2.8901594502312804	4.023127661750269	0.0	0.0	
3.014236474121219	14.049942710149733	0.0	0.0	
29.533785610642763	13.00007222532432	0.0	0.0	
13.083588966762946	3.6178772779513757	0.0	0.0	
13.544569845487501	26.2740478980672	0.0	0.0	
16.155292665031812	18.752851813845037	0.0	0.0	
7.216447854167058	23.806379675479686	0.0	0.0	
1.2877116963803346	17.26218578499709	0.0	0.0	
28.552706088567327	20.802119923037054	0.0	0.0	
19.396999027066304	7.845550510450455	0.0	0.0	
5.288271403309519	16.979162942970525	0.0	0.0	
2.5376518512665456	9.997747117228531	0.0	0.0	
5.680060248949669	6.616681174583107	0.0	0.0	
27.78828036956977	0.693326581882566	0.0	0.0	
22.042056081912698	26.971981136531284	0.0	0.0	
18.46223240850182	27.008930700005592	0.0	0.0	
30.570974624525412	10.923517120170747	0.0	0.0	
31.483132042306973	23.956165774738288	0.0	0.0	
10.824796136734868	7.992072282041931	0.0	0.0	
15.225914085763954	13.929958207702466	0.0	0.0	
17.720944570659043	9.188123007434868	0.0	0.0	
5.416581441184203	23.55229776562407	0.0	0.0	
1.903421856952022	15.63168149067413	0.0	0.0	
2.926265551636675	16.273382197614286	0.0	0.0	
20.71566237910342	27.662637150759128	0.0	0.0	
16.810773404345515	31.775423135034384	0.0	0.0	
25.833064990052023	22.367710435032354	0.0	0.0	
8.600850520048311	14.008646216944822	0.0	0.0	
13.088516432033089	2.415890437556488	0.0	0.0	
13.035270523898333	3.21109606289896	0.0	0.0	
24.721594250497503	24.75882246476413	0.0	0.0	
12.33150460956151	17.918000363070504	0.0	0.0	
1.3539810928232043	15.318866103395347	0.0	0.0	
7.586857321236447	9.15792178490953	0.0	0.0	
10.812754119113531	31.477071183515125	0.0	0.0	
27.381978181951812	25.798223276241124	0.0	0.0	
8.027686467456356	13.59327537216707	0.0	0.0	
26.439314595616683	18.830012168594433	0.0	0.0	
18.022532768685323	26.808937801943582	0.0	0.0	
5.690900443537505	5.562475755443522	0.0	0.0	
7.458427338761901	18.50996564119756	0.0	0.0	
29.337790760079653	7.3022665677277345	0.0	0.0	
22.339962848746826	30.239552061009135	0.0	0.0	
26.67702743737683	17.329837163601496	0.0	0.0	
0.7558872773696343	15.476186603789017	0.0	0.0	
26.99878344791327	22.290203243541725	0.0	0.0	
27.69127139383266	0.646087395158041	0.0	0.0	
9.233738684967008	24.110739538993137	0.0	0.0	
15.812686775643904	27.086537013422692	0.0	0.0	
23.262486998171156	25.788298077196153	0.0	0.0	
26.541167873328796	6.353056350531393	0.0	0.0	
31.949822109924966	4.627556942454149	0.0	0.0	
20.38137107986562	19.898618504775715	0.0	0.0	
15.360890765509556	0.7087190214159627	0.0	0.0	
18.39409901115158	20.439207449756776	0.0	0.0	
7.391761472348492	27.0789422156298	0.0	0.0	
29.595630486435052	25.551497397664438	0.0	0.0	
1.8315637042249975	29.136344798222808	0.0	0.0	
10.071688688374334	24.51179543275531	0.0	0.0	
9.751232241782034	5.22286876023044	0.0	0.0	
5.982011805642308	6.3987862417920915	0.0	0.0	
10.678733226120826	14.259008662449133	0.0	0.0	
9.68381079072903	14.929158696962961	0.0	0.0	
20.92657005135232	0.36021432808348663	0.0	0.0	
24.822516302239297	21.761450300755637	0.0	0.0	
24.001172798037878	9.945908301598056	0.0	0.0	
6.467039766188083	16.445704028240808	0.0	0.0	
1.852409694714197	10.921254531892263	0.0	0.0	
1.4472320725579202	31.91731084649851	0.0	0.0	
17.7563020519498	4.758971903145667	0.0	0.0	
16.4111024354843	9.641362369604682	0.0	0.0	
25.544208104672474	20.85969882104503	0.0	0.0	
7.125177762616005	16.3390111119583	0.0	0.0	
10.355356083596345	25.35069626872923	0.0	0.0	
27.746691782880077	11.756530308071842	0.0	0.0	
13.869678892105298	30.315423476934797	0.0	0.0	
6.32595971787314	16.398819583179858	0.0	0.0	
12.603340662562129	26.824609558651474	0.0	0.0	
13.531282589452687	5.44740387062793	0.0	0.0	
5.48199495356257	17.155265705439614	0.0	0.0	
9.716684148528522	17.63116080382245	0.0	0.0	
25.559093897965088	27.969852960435173	0.0	0.0	
5.304527899307104	19.87189823469408	0.0	0.0	
30.328541266520073	22.115408775994027	0.0	0.0	
8.695782558931981	29.28955734342267	0.0	0.0	
21.799488671657727	26.539103208722338	0.0	0.0	
30.942671194065568	18.60090662825033	0.0	0.0	
29.872111264484204	2.2313332362704514	0.0	0.0	
15.241944228735981	7.675530174427859	0.0	0.0	
29.809233889906928	17.725688128728027	0.0	0.0	
3.556255984898847	27.717209313937982	0.0	0.0	
30.027021862946125	28.70841464411706	0.0	0.0	
31.875142536732543	10.600402904660683	0.0	0.0	
30.940461796841664	15.229499481761366	0.0	0.0	
23.7346076169964	8.699915479293338	0.0	0.0	
3.6416196031178423	1.4703195807468106	0.0	0.0	
17.658981647209743	8.263575253715793	0.0	0.0	
1.2955103763813263	3.8114915870891153	0.0	0.0	
27.948855239334407	5.056387938287074	0.0	0.0	
31.56880695371818	19.002433168188773	0.0	0.0	
1.848107016003226	29.25679177967524	0.0	0.0	
25.189455991509053	8.537065463780223	0.0	0.0	
24.86836419989984	0.014019388438761382	0.0	0.0	
4.033674167890826	1.35085050804566	0.0	0.0	
8.72217871280543	3.316291388047979	0.0	0.0	
31.419580735245795	25.264580851084247	0.0	0.0	
4.1644012172130225	31.84431777428819	0.0	0.0	
6.545942641571369	4.900006494867586	0.0	0.0	
29.103513342218193	3.888848505666491	0.0	0.0	
24.781096077582024	10.00846667140084	0.0	0.0	
29.113291588278457	6.314541924802544	0.0	0.0	
19.42807554411948	4.993503643991193	0.0	0.0	
3.9696268248647755	8.223623885506303	0.0	0.0	
7.23808945523302	7.305390841206819	0.0	0.0	
7.998636082386486	11.769723861393949	0.0	0.0	
0.5810405429583838	11.553282882400442	0.0	0.0	
16.13146334600655	28.827502141421917	0.0	0.0	
10.839559637956832	22.03320684931897	0.0	0.0	
3.1504331875900284	20.125143054091513	0.0	0.0	
3.829717507066384	24.193388181346997	0.0	0.0	
28.167175027700313	14.547460900579804	0.0	0.0	
17.208203242842227	27.50574453978293	0.0	0.0	
5.710428554132378	11.16752602719476	0.0	0.0	
27.231752325208756	30.819211527929347	0.0	0.0	
9.711019498470623	5.265281025642796	0.0	0.0	
6.106131794200252	9.377153171683641	0.0	0.0	
7.920597633389203	2.325286439759381	0.0	0.0	
21.722998966987486	16.120008170435288	0.0	0.0	
1.3933477713241977	6.386447018799011	0.0	0.0	
2.8954828705043525	0.9699757502069524	0.0	0.0	
17.389942749924785	9.2396684066588	0.0	0.0	
20.395341808651402	18.564301121491468	0.0	0.0	
16.435444013742863	2.269771950337308	0.0	0.0	
11.315300717599747	8.638982042921793	0.0	0.0	
25.5149345522198	8.21120994574532	0.0	0.0	
8.468047114668945	22.844672640226737	0.0	0.0	
28.42309630329409	8.252420099303734	0.0	0.0	
23.74839940013561	20.694321501714736	0.0	0.0	
12.223036611803106	27.452170735502584	0.0	0.0	
20.268617971640708	26.405893798142912	0.0	0.0	
5.674128158502768	28.661553979147662	0.0	0.0	
25.830801355779617	6.757660843147896	0.0	0.0	
19.286689842650276	1.234421757651841	0.0	0.0	
0.661004005729982	15.752881440171969	0.0	0.0	
22.74650729951929	0.2574871866536519	0.0	0.0	
20.90737685395601	6.835658427411339	0.0	0.0	
12.067584858526452	28.026962476107045	0.0	0.0	
5.126778250860394	4.823249130578986	0.0	0.0	
13.740184392775042	26.445481271808916	0.0	0.0	
5.367558179170132	23.947509369763445	0.0	0.0	
27.468839369395468	31.787154023908634	0.0	0.0	
17.578873996228165	31.61162693619474	0.0	0.0	
19.012784810220488	2.5414611047278406	0.0	0.0	
11.515817185508247	7.381737249850733	0.0	0.0	
24.274093545625526	2.5700350495128	0.0	0.0	
17.275149014433307	31.904134920653956	0.0	0.0	
29.77041669598092	18.27829177660644	0.0	0.0	
2.273887958129702	17.693098039965072	0.0	0.0	
16.80498379279489	13.221457640032028	0.0	0.0	
2.495778246625754	6.085475475940946	0.0	0.0	
25.948659262768434	12.357903296134488	0.0	0.0	
21.314642340060974	30.62094423417967	0.0	0.0	
23.107255640274133	15.832392675768432	0.0	0.0	
26.835986108262	11.065827252218956	0.0	0.0	
27.5910025022433	29.951061916865104	0.0	0.0	
23.09519232974205	1.80792518251166	0.0	0.0	
24.16896341866629	19.17092153619944	0.0	0.0	
31.37845337691447	2.4797951103350755	0.0	0.0	
11.433968842359203	12.165609304477037	0.0	0.0	
21.69200132743319	24.342077703713674	0.0	0.0	
11.873541010164068	24.583137821444737	0.0	0.0	
24.015557435489132	11.031646108910799	0.0	0.0	
23.777473408757267	18.35892655176305	0.0	0.0	
10.25008392512197	28.513589901072827	0.0	0.0	
15.479678898828361	9.482373643809648	0.0	0.0	
6.56614809486193	25.161560268588964	0.0	0.0	
7.924082120830974	4.142269935816071	0.0	0.0	
0.3517761731076945	18.71639403130146	0.0	0.0	
17.583468698353716	22.119857950531316	0.0	0.0	
12.542252306209164	23.011903947610115	0.0	0.0	
4.121373352664786	11.207249318989149	0.0	0.0	
2.638545583422001	1.1208345692748303	0.0	0.0	
22.262515988316686	22.343554920948538	0.0	0.0	
15.341053134418857	10.84995179159796	0.0	0.0	
2.834347610922549	24.773762978595197	0.0	0.0	
24.472153070219566	25.635145471355745	0.0	0.0	
17.026363272948505	18.821891736929082	0.0	0.0	
9.147179246503473	2.814880250264846	0.0	0.0	
12.772557629772475	7.1538969092270435	0.0	0.0	
10.22653490824872	30.09064551839813	0.0	0.0	
14.278242094097198	0.8728816978096354	0.0	0.0	
6.739614970173072	22.90824898601045	0.0	0.0	
4.006847556457529	23.229077337684572	0.0	0.0	
15.161144087903189	10.491248312460502	0.0	0.0	
27.50951502440445	28.54664322923782	0.0	0.0	
0.4245731146803813	13.140530040302043	0.0	0.0	
2.8777221938291255	15.010368792598122	0.0	0.0	
22.47462077663133	6.939715851180509	0.0	0.0	
24.657514432940566	11.872600475389639	0.0	0.0	
19.271635436083162	26.748789346157924	0.0	0.0	
26.916331078388914	16.974766310403826	0.0	0.0	
31.976181500910215	13.12310625168373	0.0	0.0	
31.798611899874725	1.8938342091529634	0.0	0.0	
15.063268687790213	29.6041930872572	0.0	0.0	
13.169451174640628	8.374235979809008	0.0	0.0	
10.021437796780038	0.22742392299149827	0.0	0.0	
16.235965375124874	2.634930710898505	0.0	0.0	
25.219634854158134	7.534700566473074	0.0	0.0	
30.693568065030888	22.389829408789772	0.0	0.0	
25.902143591276573	3.246331351599423	0.0	0.0	
26.51755362372118	19.377532759136148	0.0	0.0	
2.3795005813529464	7.392088908762489	0.0	0.0	
10.737471893455599	7.289298237898542	0.0	0.0	
17.986047905701632	4.828866570888994	0.0	0.0	
10.232915029973299	20.379641634613556	0.0	0.0	
27.91630198352787	11.914255440827773	0.0	0.0	
23.08397576585869	22.22742565651461	0.0	0.0	
1.4636883654002624	4.5346336782664345	0.0	0.0	
20.41538176000375	3.696917236410286	0.0	0.0	
18.85831661273803	12.724867667248013	0.0	0.0	
8.091660794706137	11.970760592029023	0.0	0.0	
17.237709649776082	22.821819475558968	0.0	0.0	
9.07787969448798	19.512750047020603	0.0	0.0	
3.2316595924423908	23.211788370795038	0.0	0.0	
4.822210342346047	15.999968115892258	0.0	0.0	
27.357715864934985	22.767547057377342	0.0	0.0	
20.957883621701466	23.51766694043375	0.0	0.0	
19.310846876942815	21.908174546022853	0.0	0.0	
6.298407853098933	16.415905559183155	0.0	0.0	
3.653715799774986	22.48865158702121	0.0	0.0	
30.44359980416481	9.890986602348462	0.0	0.0	
7.322710071356031	27.56746480075793	0.0	0.0	
25.764709955854464	28.154038780976663	0.0	0.0	
6.991975300019025	3.232943329954555	0.0	0.0	
23.184740368310386	4.045252598293462	0.0	0.0	
9.208681686469316	25.994584529285877	0.0	0.0	
7.28521379355686	10.058324568542371	0.0	0.0	
14.850480386653103	22.581560911324438	0.0	0.0	
12.901509735214105	26.868600967405172	0.0	0.0	
11.225538089441862	16.900589259630046	0.0	0.0	
5.843974478129038	11.723698330288986	0.0	0.0	
3.49646389835992	12.661438446352232	0.0	0.0	
25.038838494208612	2.546831488284674	0.0	0.0	
7.342587604716211	7.635678804933331	0.0	0.0	
8.721641682269613	12.186145280347684	0.0	0.0	
2.9269384649859838	29.64626745426725	0.0	0.0	
21.367343269068417	2.8529812806621706	0.0	0.0	
10.653679864517557	21.76413834744386	0.0	0.0	
12.46310946658102	25.011705802853054	0.0	0.0	
2.705584503304454	10.4317705166353	0.0	0.0	
11.798435074442967	16.298312268297934	0.0	0.0	
13.59566580539876	24.1365399438944	0.0	0.0	
18.08495459201127	9.255269636129988	0.0	0.0	
14.280279911315272	11.582909421949847	0.0	0.0	
26.58177867613091	17.642062876909236	0.0	0.0	
9.012038401077596	29.584701376842183	0.0	0.0	
28.73156118416854	5.6576731178796855	0.0	0.0	
5.201732322282812	0.41947190689221614	0.0	0.0	
19.71996798677902	1.5097498838837424	0.0	0.0	
14.370431158153572	3.4614237126303316	0.0	0.0	
19.973757350988137	7.242135849403681	0.0	0.0	
21.05922674534519	18.95933058792082	0.0	0.0	
20.827167193333587	14.90630089445241	0.0	0.0	
19.57374117437396	0.048584731445519225	0.0	0.0	
9.656170061125952	9.166338036105078	0.0	0.0	
13.70490481647646	20.452039494418962	0.0	0.0	
28.553414990647894	26.059080496115875	0.0	0.0	
13.252512058919542	31.315541524060862	0.0	0.0	
14.715532012500422	2.2594372633982047	0.0	0.0	
7.21837816056636	16.479950980157692	0.0	0.0	
3.6332387350818856	20.528329728890142	0.0	0.0	
26.038631034404652	8.278362030337526	0.0	0.0	
2.027084477569435	2.861362314610851	0.0	0.0	
20.433352658134275	10.205086704941646	0.0	0.0	
30.760451012397784	14.494468968687475	0.0	0.0	
11.403837229409618	30.947611242621857	0.0	0.0	
24.259288794342943	8.337107697008673	0.0	0.0	
3.0078004131610285	6.200136015725246	0.0	0.0	
21.856828146155696	24.45303527233469	0.0	0.0	
5.663081177017887	8.798450772854657	0.0	0.0	
7.7458249604328415	11.605094659251066	0.0	0.0	
23.68997365257724	17.933274389763238	0.0	0.0	
9.930134202079127	4.887617700088697	0.0	0.0	
15.075255891134411	18.952975682721608	0.0	0.0	
18.192557994287718	7.735242373832502	0.0	0.0	
28.44237685716199	9.44386190144153	0.0	0.0	
5.445463968899361	17.283557271790688	0.0	0.0	
27.61384366152934	10.057337265193343	0.0	0.0	
21.648191061540665	3.92068268336887	0.0	0.0	
7.458611057111749	22.769655164351736	0.0	0.0	
17.83257402534088	1.0623642003166367	0.0	0.0	
18.003604598159683	6.232096741073484	0.0	0.0	
9.132970869132677	14.367189342552326	0.0	0.0	
2.2884625082436116	19.70468822223425	0.0	0.0	
9.951407306777874	17.32539761144332	0.0	0.0	
7.652423952090771	25.431242493267256	0.0	0.0	
15.865420411400134	28.0134453286475	0.0	0.0	
9.17181123591309	19.917810005047137	0.0	0.0	
21.071538823072803	14.20683782132993	0.0	0.0	
16.23922325996132	26.859252839384304	0.0	0.0	
13.503681998153414	30.408769665917596	0.0	0.0	
10.39840426504546	21.352930253920963	0.0	0.0	
30.938587039433155	31.45771736772909	0.0	0.0	
27.449474567111	19.007485453853402	0.0	0.0	
12.263326036966248	12.15427862091395	0.0	0.0	
11.730631414386085	13.553472559004252	0.0	0.0	
14.986637255870132	28.924567424584268	0.0	0.0	
31.084172683785482	2.6967420016664967	0.0	0.0	
4.2740917961489835	30.963513642086408	0.0	0.0	
8.458094257687108	26.352220450061804	0.0	0.0	
10.923938218979899	30.613169158779968	0.0	0.0	
6.08556191203439	12.269526526120245	0.0	0.0	
21.813792104039944	15.473510540557307	0.0	0.0	
11.310128880178084	19.36981554436225	0.0	0.0	
7.347529201657878	19.5446347344267	0.0	0.0	
27.227266712725438	26.14202872254306	0.0	0.0	
25.332247549284894	3.3612536580150874	0.0	0.0	
29.919347290263048	8.171774333584374	0.0	0.0	
14.063664848632445	2.0059610269421135	0.0	0.0	
30.60865861360572	23.880575421858545	0.0	0.0	
3.76166567151456	4.102981604997115	0.0	0.0	
28.22160733742551	14.668994977397354	0.0	0.0	
31.304131681760744	5.635449134009093	0.0	0.0	
20.579634658989665	15.859979204013456	0.0	0.0	
11.638654653515932	21.71501029329757	0.0	0.0	
19.53783015958736	24.308311066348324	0.0	0.0	
15.7798359059511	1.609847117743005	0.0	0.0	
14.255657428890853	31.823213244879323	0.0	0.0	
6.537787172035284	9.084073631611869	0.0	0.0	
24.98391747405908	30.243002428237123	0.0	0.0	
6.361479766791174	7.566530877886155	0.0	0.0	
19.366660272917905	8.575981271247247	0.0	0.0	
29.11800884138601	30.875301397034033	0.0	0.0	
23.707355504922557	14.400233363738131	0.0	0.0	
21.917969900320465	29.89704450920977	0.0	0.0	
23.423336905021838	20.261184330286326	0.0	0.0	
19.919472740854307	27.21582587194054	0.0	0.0	
10.96489216780034	11.281601119282087	0.0	0.0	
19.89785140267416	20.08053195599892	0.0	0.0	
22.304963248092523	5.3486688768871	0.0	0.0	
25.87530479904444	2.623989657676905	0.0	0.0	
2.010310657666828	30.206052133425224	0.0	0.0	
9.359957946812418	26.179690377808118	0.0	0.0	
21.966711197874627	13.185152656559882	0.0	0.0	
22.5700773032469	23.016795262933588	0.0	0.0	
31.694920999209998	5.51254717014379	0.0	0.0	
15.840340065389757	8.613312433140866	0.0	0.0	
19.02702558825699	23.670358126860595	0.0	0.0	
5.530369873390654	20.515611570859104	0.0	0.0	
24.267131772916922	19.676578489034725	0.0	0.0	
8.38407800033875	23.89747838660106	0.0	0.0	
28.58665588047838	27.043599980130747	0.0	0.0	
25.692475730035465	29.918690713849507	0.0	0.0	
12.517111011981424	15.138059741249258	0.0	0.0	
17.6677990129167	14.897804691353514	0.0	0.0	
1.726744354849064	31.242074984887395	0.0	0.0	
13.201250531088192	0.7503243094379712	0.0	0.0	
13.143237635855193	18.820181685159156	0.0	0.0	
30.367726269097368	18.20439855446421	0.0	0.0	
19.348579396840194	4.119366266006793	0.0	0.0	
21.110853031066807	9.577071694966854	0.0	0.0	
31.13462707502444	29.45842066338556	0.0	0.0	
28.496797988987367	28.685268919314893	0.0	0.0	
8.95510765097766	20.641495984970028	0.0	0.0	
26.87840976454386	5.280954760180158	0.0	0.0	
2.9002013380693263	30.97089695748184	0.0	0.0	
17.97996085418225	30.3161019703044	0.0	0.0	
10.54181763928542	2.231200935061274	0.0	0.0	
5.502130287974971	25.87122790659521	0.0	0.0	
25.60847169010186	25.751717385503284	0.0	0.0	
13.752634867123515	18.971171907369683	0.0	0.0	
24.661127055153088	8.034548340779903	0.0	0.0	
5.656872004353474	4.383757860154208	0.0	0.0	
24.294809786526624	9.425640231092494	0.0	0.0	
30.474603262134274	20.77962490745423	0.0	0.0	
26.75759922297361	3.131384801455958	0.0	0.0	
5.506513242874462	4.518751124674896	0.0	0.0	
15.620144780386141	14.19667129501308	0.0	0.0	
26.95504004499671	7.645883794887798	0.0	0.0	
11.737704574980722	22.819715135155946	0.0	0.0	
11.117418380527333	27.847269711268797	0.0	0.0	
18.644739294261907	16.701602795819014	0.0	0.0	
25.193726323119044	23.104816515013574	0.0	0.0	
31.559621869666255	11.145780365418123	0.0	0.0	
9.34703912721238	22.09907056762989	0.0	0.0	
12.809103602123983	5.317984865210981	0.0	0.0	
24.552819624862654	27.978936677560252	0.0	0.0	
30.307271697769682	3.104850469911284	0.0	0.0	
25.58336412251507	7.601548660021866	0.0	0.0	
26.698487887855364	14.002155362942073	0.0	0.0	
2.848695829658176	24.11174930219586	0.0	0.0	
8.467665766283044	28.382794999274314	0.0	0.0	
11.796901197214542	8.544759150224568	0.0	0.0	
17.339603662624356	8.790051195947697	0.0	0.0	
2.7355077571188353	17.65302522486244	0.0	0.0	
9.424904693698245	29.684802013945156	0.0	0.0	
17.389501631469308	15.582420678325818	0.0	0.0	
13.205989381050742	20.52623754363524	0.0	0.0	
15.923039210028183	13.488812365646385	0.0	0.0	
26.607931337684427	31.56780848969084	0.0	0.0	
24.360706149345003	18.460030991281837	0.0	0.0	
16.763853276719935	1.9592539660468162	0.0	0.0	
8.206261003470246	13.484007145502922	0.0	0.0	
26.09005144964623	20.20535808117513	0.0	0.0	
31.38427207779196	25.001464221595683	0.0	0.0	
17.104489407290608	25.720537186616557	0.0	0.0	
5.864926523712015	21.826291463898656	0.0	0.0	
15.020053053539595	4.609418175570639	0.0	0.0	
6.193574273252228	30.57973880825106	0.0	0.0	
11.947117748325013	1.6124111550151845	0.0	0.0	
7.557242460389432	29.455737575496876	0.0	0.0	
6.173675843860689	27.869381696232413	0.0	0.0	
23.89588259735762	16.500577686987633	0.0	0.0	
3.6773677939745006	26.41660108551908	0.0	0.0	
19.432043286595675	14.246362547985328	0.0	0.0	
20.15964930652706	30.380369176182544	0.0	0.0	
10.483111707560706	9.520844529146402	0.0	0.0	
4.311685396731296	9.606063109417825	0.0	0.0	
27.183980185394333	3.3973860063851546	0.0	0.0	
14.865250230961387	13.925575465212681	0.0	0.0	
13.030506504143823	26.920316659510313	0.0	0.0	
17.86430576893215	9.280682705572893	0.0	0.0	
9.83665985430964	16.298794394948523	0.0	0.0	
13.528324737466335	19.7165414129464	0.0	0.0	
20.48957393228456	7.740514142076684	0.0	0.0	
11.001575056413298	18.656327742607868	0.0	0.0	
24.35754772125108	15.67066797335923	0.0	0.0	
30.75106760308224	10.480216725797057	0.0	0.0	
22.53982140697523	18.27033554187127	0.0	0.0	
6.356435905701005	9.255274846165936	0.0	0.0	
23.0551225636556	29.51531145430638	0.0	0.0	
2.6705660872574946	12.135836998593973	0.0	0.0	
19.862324054395184	0.9797332752576509	0.0	0.0	
22.104883299142337	30.745545215202885	0.0	0.0	
24.01407099690235	21.33849184010899	0.0	0.0	
28.42323316003155	31.646010218237723	0.0	0.0	
9.913810348620434	10.523777478609844	0.0	0.0	
10.992430503159543	27.986821348115708	0.0	0.0	
17.432411414210048	10.928064715264668	0.0	0.0	
19.412497996062946	27.1550675359271	0.0	0.0	
29.088387797844273	10.469550592109819	0.0	0.0	
27.747231390934132	17.218494038372597	0.0	0.0	
31.03906062270393	12.709254807261363	0.0	0.0	
24.539311195451212	0.6934734043590076	0.0	0.0	
18.635359795179227	16.107237744224285	0.0	0.0	
24.531142636269166	3.1078982384632283	0.0	0.0	
1.2268654224295759	25.58277691594413	0.0	0.0	
5.545786587699222	4.997965784402972	0.0	0.0	
18.183148382199295	0.7567998962504419	0.0	0.0	
23.433391312755276	4.5720727740309	0.0	0.0	
10.896717843788348	23.196147659292084	0.0	0.0	
30.030681718738855	2.267391210919868	0.0	0.0	
8.414781914892199	4.307224047295978	0.0	0.0	
17.898706797395672	2.4807851132594685	0.0	0.0	
3.2367630599972124	3.004246839835009	0.0	0.0	
14.620461966278068	13.46182406805578	0.0	0.0	
30.483188549115543	11.785138303280949	0.0	0.0	
30.227700706826532	31.34661710436441	0.0	0.0	
28.474945797073143	27.577207273690842	0.0	0.0	
26.385177535371263	16.13665104997213	0.0	0.0	
30.11641491377405	14.231726328318757	0.0	0.0	
12.525771872904219	0.940422969309779	0.0	0.0	
20.579828896627028	3.6848470348105273	0.0	0.0	
18.923236016375338	14.058391620016568	0.0	0.0	
21.6465848907756	5.787517110504282	0.0	0.0	
22.216167961342503	10.665090768279427	0.0	0.0	
23.635489347074728	30.911151098208315	0.0	0.0	
11.550572003951736	7.83113241516995	0.0	0.0	
28.78499534183714	30.407888118888753	0.0	0.0	
14.450166367914875	31.837025913237444	0.0	0.0	
14.37012870883212	30.983124167760185	0.0	0.0	
18.936264586098037	22.28097941134319	0.0	0.0	
17.875803244546862	31.20027594389355	0.0	0.0	
24.703354590550084	4.12933339885927	0.0	0.0	
11.427480012991111	9.74732788526584	0.0	0.0	
19.535261259252504	21.268374821631493	0.0	0.0	
27.447526685816893	27.335726166833613	0.0	0.0	
18.14742674527834	24.475701040543502	0.0	0.0	
28.985534275161417	18.973334521742967	0.0	0.0	
4.287219831760773	11.05516717971339	0.0	0.0	
29.734941558349863	12.829935482437893	0.0	0.0	
27.95690237639606	9.500005360558234	0.0	0.0	
8.706141483491027	8.89452485092124	0.0	0.0	
24.405470364946165	8.879617832562435	0.0	0.0	
13.18438640697924	19.655998339932303	0.0	0.0	
9.924792730176957	27.557127490576818	0.0	0.0	
23.92220555670492	19.19702534118232	0.0	0.0	
31.971136111224887	5.130697214013484	0.0	0.0	
1.452678698194596	11.257880406999767	0.0	0.0	
5.725377354192627	0.945404811523467	0.0	0.0	
13.692716847404611	6.591414520897928	0.0	0.0	
14.423123355808585	4.452338850917904	0.0	0.0	
0.009164823521651044	16.46756703981256	0.0	0.0	
22.00649393495819	26.97968189374764	0.0	0.0	
20.110852331778393	30.62046765340036	0.0	0.0	
3.2375112443977407	13.847446634872039	0.0	0.0	
2.034868765098537	18.27050403324476	0.0	0.0	
15.14134588351796	11.157883166646009	0.0	0.0	
0.972928827116057	17.288688024374572	0.0	0.0	
21.283185737501128	6.390164879179576	0.0	0.0	
22.935088928070236	25.068192145950054	0.0	0.0	
31.56637699172626	19.649939767852054	0.0	0.0	
7.878941244190052	18.58422309697076	0.0	0.0	
30.945821922336666	12.69538921186367	0.0	0.0	
25.895161419573622	9.024096327742598	0.0	0.0	
3.838050056379341	29.64228775138425	0.0	0.0	
18.397173861873437	26.861290633486842	0.0	0.0	
2.125810807141672	22.861358984721452	0.0	0.0	
21.875337705280398	9.856759085331113	0.0	0.0	
3.8959549102868962	7.998391644251935	0.0	0.0	
22.701122490298914	17.03413698621457	0.0	0.0	
27.96047943693631	0.823161389438873	0.0	0.0	
2.7457318710075995	17.94678667769137	0.0	0.0	
6.253037739639272	29.835712089781456	0.0	0.0	
14.000839290489928	1.5565776245208909	0.0	0.0	
22.6887098669219	28.69950890080388	0.0	0.0	
8.315547922888943	5.506576256892728	0.0	0.0	
6.897032367142209	4.628233589894148	0.0	0.0	
18.83715794561421	25.930334347585738	0.0	0.0	
29.76196040421905	19.56208923343099	0.0	0.0	
27.286093244108407	1.958208026406389	0.0	0.0	
29.993754175454978	1.842213871391177	0.0	0.0	
11.711031878546557	21.49944195268803	0.0	0.0	
7.248551068194757	7.014725123829912	0.0	0.0	
28.069613196651886	3.213012401458986	0.0	0.0	
11.73471317138678	20.9061651888678	0.0	0.0	
21.156885042523115	26.854585670645108	0.0	0.0	
4.368064754025156	8.10538425229782	0.0	0.0	
7.760131457850015	14.333567185454449	0.0	0.0	
2.3235619414883644	18.239133655939604	0.0	0.0	
16.462290995036547	27.848435292634587	0.0	0.0	
8.499648177980667	28.859825766084757	0.0	0.0	
26.75910416465963	19.59245047526627	0.0	0.0	
2.299456105185314	15.511909982652838	0.0	0.0	
22.187041765986013	25.534670668494588	0.0	0.0	
23.236009898288756	5.647508468368606	0.0	0.0	
19.908839946036633	23.67181033055304	0.0	0.0	
3.862500873110747	28.232192303818085	0.0	0.0	
10.209851264315905	3.1779866447103657	0.0	0.0	
10.670961082804887	6.9284296886397385	0.0	0.0	
25.26491077262349	31.05752865663048	0.0	0.0	
0.5671902545632328	6.20653937919775	0.0	0.0	
18.54873010530441	7.041176138307371	0.0	0.0	
26.5125416419314	29.34264364444316	0.0	0.0	
19.30436332027661	11.824176639663822	0.0	0.0	
17.64248520558587	6.579438706479149	0.0	0.0	
20.584834621962077	3.687601099660089	0.0	0.0	
20.46549310312134	29.308241239601543	0.0	0.0	
8.486372687350922	4.898480746938681	0.0	0.0	
20.14653659904721	0.06940676605011475	0.0	0.0	
27.724090879851765	8.04424370236373	0.0	0.0	
12.529006661405987	4.811241659474032	0.0	0.0	
10.413419388381826	8.543708508637607	0.0	0.0	
21.032665454653674	17.38974243555987	0.0	0.0	
30.41222777158731	30.166691852195054	0.0	0.0	
30.41875777486154	26.530047126223717	0.0	0.0	
6.5566530942849255	20.36894851980055	0.0	0.0	
16.589102359023297	9.49222456390693	0.0	0.0	
17.75158638612586	11.987220728286765	0.0	0.0	
10.681940759881847	4.965726815203329	0.0	0.0	
0.40335217683637836	0.9099595880376121	0.0	0.0	
2.1507815836970643	9.395972472636132	0.0	0.0	
29.853139077006908	27.03610399901418	0.0	0.0	
4.993645929234457	4.100279281532792	0.0	0.0	
4.210650215752054	6.380802511517963	0.0	0.0	
6.5849524234563965	2.2338436757408395	0.0	0.0	
0.26148014557590216	10.360866183186126	0.0	0.0	
9.390608823419008	7.666936479042384	0.0	0.0	
8.226226989579605	5.901930531388334	0.0	0.0	
5.686335693722334	26.16555024376518	0.0	0.0	
19.0076705000982	16.972411971833147	0.0	0.0	
19.475287466776642	5.762739479031371	0.0	0.0	
14.807171288450107	1.9191751830544916	0.0	0.0	
27.891586961522847	18.511317266858875	0.0	0.0	
10.506107437171035	28.903068482144473	0.0	0.0	
28.068073493207482	13.357879822703712	0.0	0.0	
20.08376011733281	5.719761450628827	0.0	0.0	
4.08175235451202	4.578736410366314	0.0	0.0	
26.60779090795807	5.58851934057876	0.0	0.0	
20.737156717718587	9.484421871261322	0.0	0.0	
11.952335821846475	22.206907567059716	0.0	0.0	
10.108532832420106	14.911365178205546	0.0	0.0	
4.639037968354529	2.9627577883668756	0.0	0.0	
7.1339265328528505	9.835135818484542	0.0	0.0	
9.422043105750092	14.22165379482173	0.0	0.0	
21.125195944255953	15.578046276110229	0.0	0.0	
3.5940888718062	1.0930451410578748	0.0	0.0	
6.8735202213167845	19.34854337165875	0.0	0.0	
7.7952222539694205	14.84175590202178	0.0	0.0	
10.397923531684825	29.410396581862763	0.0	0.0	
2.961695099608125	10.58968784032701	0.0	0.0	
31.56247895211586	26.352943996291923	0.0	0.0	
26.297914904622804	8.714445095998215	0.0	0.0	
19.466920883133277	20.368789826313588	0.0	0.0	
22.05904566280182	9.39982622438708	0.0	0.0	
9.469311108690281	25.727191388107336	0.0	0.0	
11.179112689988791	16.144080984089765	0.0	0.0	
11.670619997671828	21.625440804310262	0.0	0.0	
21.05974014147667	16.44853543652065	0.0	0.0	
18.832738252009094	30.397211724375175	0.0	0.0	
30.62559774466729	2.922287412388947	0.0	0.0	
18.59864642951355	10.91028077788993	0.0	0.0	
30.03621306404564	13.8032791586315	0.0	0.0	
2.4104912033110537	25.002465891491294	0.0	0.0	
17.028599232411295	18.366023334418372	0.0	0.0	
11.052308986842778	1.658944464119326	0.0	0.0	
8.119994480942832	14.992495184707057	0.0	0.0	
25.115320952913315	20.496095886358198	0.0	0.0	
26.64331972625776	7.205106017453076	0.0	0.0	
0.8886312935625895	21.32872126026166	0.0	0.0	
23.53520491958149	9.226088664926834	0.0	0.0	
0.7602164956318518	3.724453224199376	0.0	0.0	
20.816631182525366	18.684846486118605	0.0	0.0	
14.130346271035165	27.77443779874665	0.0	0.0	
17.52782305170145	28.601811254343193	0.0	0.0	
13.544137984397956	23.947714732882538	0.0	0.0	
7.756311794223063	16.664446894929476	0.0	0.0	
27.170500776984944	23.11910268893807	0.0	0.0	
13.12634030720901	11.642117701804182	0.0	0.0	
30.621870146657315	7.319754587079988	0.0	0.0	
2.2779769963375607	18.968787198929764	0.0	0.0	
0.31551122286763444	18.274989245889778	0.0	0.0	
28.086422976000115	21.71583477416396	0.0	0.0	
27.13084735065971	1.5099607496672185	0.0	0.0	
29.902639698460636	24.293712818916358	0.0	0.0	
29.940255748964653	21.450073637473114	0.0	0.0	
31.65215405031219	2.1281395329077277	0.0	0.0	
9.740273270712883	14.14374936187868	0.0	0.0	
31.07170452674556	0.7005440962329814	0.0	0.0	
28.091125724394814	24.464355693210916	0.0	0.0	
3.584699050380305	21.831789244895727	0.0	0.0	
19.09774158692069	7.893153186850888	0.0	0.0	
30.823337971259473	28.51236115775258	0.0	0.0	
28.167545805459895	28.954382147240903	0.0	0.0	
30.379681385172653	22.979597223126834	0.0	0.0	
12.382868612376278	24.210411357252607	0.0	0.0	
29.06396648884312	16.066966717680327	0.0	0.0	
1.604689637936712	26.84195526895045	0.0	0.0	
11.386263456166674	16.90878500599167	0.0	0.0	
2.6014877648878247	1.513626073235308	0.0	0.0	
15.051308636729651	17.944941683557946	0.0	0.0	
4.988856515660451	23.90627373302411	0.0	0.0	
21.741624665624446	9.61492102823808	0.0	0.0	
18.3035997158857	8.631404057442339	0.0	0.0	
5.918619189652716	11.16844683463188	0.0	0.0	
24.484145806976695	27.106147495827514	0.0	0.0	
11.505598822273893	2.963825564660336	0.0	0.0	
29.565914329824523	2.9839575197843295	0.0	0.0	
8.715051764769381	30.27347027683309	0.0	0.0	
22.168016309563196	24.465680116690102	0.0	0.0	
26.355048922844247	13.103539474887096	0.0	0.0	
17.024806047626964	25.664195930083196	0.0	0.0	
27.06816803943863	14.65534053746465	0.0	0.0	
31.1631508708067	26.2227102677304	0.0	0.0	
28.190456063616985	27.984923135647342	0.0	0.0	
21.972226835205063	27.96031304332745	0.0	0.0	
10.184346890417036	23.0872200941752	0.0	0.0	
12.354698848082553	9.962395366457361	0.0	0.0	
7.666450847488559	19.221705050373092	0.0	0.0	
7.094122107040242	5.781628275953516	0.0	0.0	
24.063419922822643	0.43735697048245825	0.0	0.0	
19.213933381798128	23.180942342470928	0.0	0.0	
4.080991417108024	9.175900740789185	0.0	0.0	
10.179041619569684	12.415581461019112	0.0	0.0	
31.809412125173534	12.898281288993203	0.0	0.0	
0.7043503778557962	21.837252766317285	0.0	0.0	
5.4644280342204965	21.319578505624776	0.0	0.0	
5.694333819432252	21.329220551669355	0.0	0.0	
4.949436674132951	2.1564749625999298	0.0	0.0	
8.385878951803033	0.7367346274148616	0.0	0.0	
12.57521184566728	4.015120232155724	0.0	0.0	
31.187805960650852	13.367799975716967	0.0	0.0	
8.341990927923536	26.318390439488386	0.0	0.0	
10.20627429193205	8.78345669597245	0.0	0.0	
12.211209224219026	27.191641732438768	0.0	0.0	
5.885759426470795	17.49440125168662	0.0	0.0	
13.604259910617444	24.247132036074444	0.0	0.0	
24.74838539701882	14.455579309352444	0.0	0.0	
1.242046769054454	21.306372247259965	0.0	0.0	
29.50697004467715	21.34334237845525	0.0	0.0	
15.02980864042198	29.62394627948457	0.0	0.0	
15.01491368503909	6.430330480022459	0.0	0.0	
27.155945770926493	8.847520166709	0.0	0.0	
17.142910894178215	5.775544184068373	0.0	0.0	
26.373104028886544	25.582431769665096	0.0	0.0	
30.31897865484124	20.897494056598557	0.0	0.0	
13.470625651871856	19.738693040873336	0.0	0.0	
20.903808271394396	4.917987136674988	0.0	0.0	
18.360789744470488	6.618409585043413	0.0	0.0	
1.7995785280299934	17.73032824585677	0.0	0.0	
6.844677313085022	6.849784739520199	0.0	0.0	
19.565457739076077	2.966747261236396	0.0	0.0	
29.415346507355935	20.06981039437759	0.0	0.0	
3.428928831942425	2.3751241645779615	0.0	0.0	
21.96012134313857	19.40597751974749	0.0	0.0	
15.748301740688245	26.480560397700305	0.0	0.0	
10.565596115027137	27.692859775212977	0.0	0.0	
16.70568835563086	22.68698009036416	0.0	0.0	
23.05621919148364	7.91737051295128	0.0	0.0	
21.073999364721793	13.050904208287236	0.0	0.0	
2.980080243803471	4.48430948628268	0.0	0.0	
16.831089570278575	14.035784372842539	0.0	0.0	
23.038557848282846	21.932840044821734	0.0	0.0	
24.85975036278229	6.9812263434813815	0.0	0.0	
0.37016125473955697	5.326486164129719	0.0	0.0	
6.2134559454444585	20.268653617550108	0.0	0.0	
3.3496034757162896	1.6193512428199135	0.0	0.0	
22.27166669536758	20.93584102247987	0.0	0.0	
12.105100420199928	9.08988415411709	0.0	0.0	
0.9650987396611086	6.89492170637806	0.0	0.0	
6.702240690900652	17.651905162574653	0.0	0.0	
18.42593877369994	31.450866976158235	0.0	0.0	
30.889338098280096	16.913766672076058	0.0	0.0	
15.65559316118059	18.531810439228135	0.0	0.0	
22.01473954029954	3.902803246429283	0.0	0.0	
21.517958405331193	7.846872198241748	0.0	0.0	
22.04020973318436	14.98515589173087	0.0	0.0	
25.58063872449027	2.5399000351504313	0.0	0.0	
0.10410117317832857	8.599442938786787	0.0	0.0	
31.497772929283546	17.9478856310319	0.0	0.0	
9.40205473321127	20.107355491930104	0.0	0.0	
25.94201928068831	12.30891739159311	0.0	0.0	
19.014237285415597	13.181660592107242	0.0	0.0	
0.6985122100296195	23.760973219422983	0.0	0.0	
5.803499437427011	19.27042228538403	0.0	0.0	
28.82411875194943	20.798478487249874	0.0	0.0	
18.54833078116536	15.94229817269299	0.0	0.0	
17.19257834310042	9.697513842353676	0.0	0.0	
15.286056266188037	10.622409232105635	0.0	0.0	
11.826465831830514	11.750507735430094	0.0	0.0	
26.96236142171202	0.12220252132496512	0.0	0.0	
4.450656427517167	13.821380739220587	0.0	0.0	
31.615153711866764	27.22425755785071	0.0	0.0	
4.139394469596009	31.190904221905598	0.0	0.0	
24.895363244703137	17.460599086920084	0.0	0.0	
18.920035679392893	6.023151184155292	0.0	0.0	
2.2906951548563654	14.452930361355627	0.0	0.0	
3.120306467983742	18.64091641835381	0.0	0.0	
8.772344709587887	22.343975104077256	0.0	0.0	
5.370324979396148	15.236623811210812	0.0	0.0	
10.615487837122359	29.681908063219215	0.0	0.0	
31.555778758954695	22.85237984796201	0.0	0.0	
17.857302829213516	0.763701663811311	0.0	0.0	
31.322911241820712	28.607569564369424	0.0	0.0	
2.293576025819675	29.325943629055665	0.0	0.0	
23.18626722646343	27.459883480021688	0.0	0.0	
15.778273162376696	14.815272994974585	0.0	0.0	
24.853151630745018	2.474235278337826	0.0	0.0	
24.119268427436015	23.331737227726094	0.0	0.0	
7.445489425738629	7.567139900146984	0.0	0.0	
8.679388768570352	31.684797057153762	0.0	0.0	
2.4200628787544503	28.698677167329777	0.0	0.0	
2.570174292796615	29.68183627909984	0.0	0.0	
31.825563688895645	6.515693122831809	0.0	0.0	
20.01710174470333	8.928146118273336	0.0	0.0	
3.0198961270114815	11.585658386696085	0.0	0.0	
17.536043375306157	20.33202094252268	0.0	0.0	
6.679640923248478	30.08475247966706	0.0	0.0	
26.907683687648024	25.528631029658353	0.0	0.0	
1.0528247726908475	13.6161549169252	0.0	0.0	
22.029887021082818	2.940294817735097	0.0	0.0	
7.341489377835455	18.82768148652193	0.0	0.0	
11.624299902324957	28.548203647789958	0.0	0.0	
27.49184804985696	5.375277667496395	0.0	0.0	
24.666381689500536	10.506858803766193	0.0	0.0	
18.333072098344395	18.9994864686514	0.0	0.0	
13.880038136118596	9.060015899471082	0.0	0.0	
17.694444586936037	12.828059220844516	0.0	0.0	
3.3455102117380235	11.277189248114002	0.0	0.0	
29.480882022674567	18.422280933515875	0.0	0.0	
0.01649309721700476	9.273336359900135	0.0	0.0	
17.264597482682806	21.425293452049633	0.0	0.0	
19.838601194070833	11.466899325949335	0.0	0.0	
1.1314630305440012	11.209733645331522	0.0	0.0	
16.63830315946559	11.795848570779253	0.0	0.0	
4.1370872953640045	25.61678642784695	0.0	0.0	
0.5990444041102272	28.655844456189907	0.0	0.0	
27.640830232165715	25.66351413847556	0.0	0.0	
29.61185744532701	7.326151038631725	0.0	0.0	
11.78212734813226	1.7883526983749825	0.0	0.0	
4.112215534957336	18.453709779860556	0.0	0.0	
14.267721363248764	26.876353183547852	0.0	0.0	
13.922840361150772	17.75059312723733	0.0	0.0	
19.585896394989962	3.4219794698167547	0.0	0.0	
30.30191536069567	14.763924849829653	0.0	0.0	
29.314004450395597	24.482684375938348	0.0	0.0	
1.3866496289151868	16.72365864831153	0.0	0.0	
9.08116996056632	2.622875793074865	0.0	0.0	
2.3695744804345544	3.7748830654185497	0.0	0.0	
26.56496269168554	18.370466764334033	0.0	0.0	
16.342751364946825	13.841234804836624	0.0	0.0	
2.1745179170802516	25.353079987138667	0.0	0.0	
23.266417433279944	27.240717934541713	0.0	0.0	
23.858027177821207	30.209460910495082	0.0	0.0	
20.939671898010182	5.200083127770895	0.0	0.0	
1.4910239494405708	3.799756068666788	0.0	0.0	
17.65444989452938	31.037776930970516	0.0	0.0	
16.985126409821845	22.9741984783186	0.0	0.0	
9.187626716509136	1.7092541055884993	0.0	0.0	
9.438032452393099	1.1789690109537538	0.0	0.0	
16.465609820242697	0.9859604107199083	0.0	0.0	
17.145242151448862	2.9668664868775636	0.0	0.0	
11.588749599641762	15.120918688189594	0.0	0.0	
28.952497787151483	9.952039114248393	0.0	0.0	
0.14329673431810974	23.170297844275623	0.0	0.0	
21.408220694114174	17.70642004734952	0.0	0.0	
12.560539552573559	11.302840192102412	0.0	0.0	
0.8053956585668516	17.51736640466038	0.0	0.0	
19.591205511304494	31.347729373430486	0.0	0.0	
13.566939501871769	2.896198107345505	0.0	0.0	
16.811739819119264	2.496928564833773	0.0	0.0	
7.805709606316636	31.285507448124992	0.0	0.0	
13.122527707174939	13.909344114871988	0.0	0.0	
28.072960456084445	7.468718336186548	0.0	0.0	
25.03344327258275	24.571086066393566	0.0	0.0	
13.409919290611715	14.388967203041684	0.0	0.0	
2.130379006301819	6.443446310506825	0.0	0.0	
4.116393590769306	7.835591101547152	0.0	0.0	
14.20425622655631	9.33217526682201	0.0	0.0	
1.969021180622029	1.5556721413110566	0.0	0.0	
31.977515798375098	4.365996035909671	0.0	0.0	
26.39546758302247	4.676407255233936	0.0	0.0	
10.678329146702108	8.233278015039932	0.0	0.0	
26.079834695007538	28.077685228913985	0.0	0.0	
25.559622302955464	15.969477478014575	0.0	0.0	
31.345263735089013	8.564739666596921	0.0	0.0	
19.621997520799926	22.138722837980545	0.0	0.0	
31.48464716448915	11.843893744827984	0.0	0.0	
4.918318768076016	17.589508242665058	0.0	0.0	
3.5120211911096995	12.840683936131576	0.0	0.0	
7.057432532688782	7.921440353350697	0.0	0.0	
27.454368043965342	18.325012598246506	0.0	0.0	
19.698885561250492	30.997047079550217	0.0	0.0	
19.30563322220563	30.648074936262276	0.0	0.0	
0.28155073945600506	31.30619714448537	0.0	0.0	
17.807424974524643	10.671728748437317	0.0	0.0	
8.083521630547764	15.471985810450576	0.0	0.0	
11.269122826342265	20.674411283690365	0.0	0.0	
11.07860077899846	30.50568775530163	0.0	0.0	
24.581894297729498	6.338822907402925	0.0	0.0	
18.016693829025584	31.36366321463342	0.0	0.0	
17.55801022586259	9.643054084351782	0.0	0.0	
14.261386498747232	0.16284911797423973	0.0	0.0	
18.438011421116578	7.507289320175861	0.0	0.0	
30.262792564978025	17.56707391031222	0.0	0.0	
28.49782879924055	8.750936756366983	0.0	0.0	
4.889492683208438	12.456525038707351	0.0	0.0	
2.725236123503958	2.3482962174184863	0.0	0.0	
9.914598686444432	11.099274005683835	0.0	0.0	
7.390928621729962	11.611931369780638	0.0	0.0	
17.038949291490272	0.6129890898889059	0.0	0.0	
31.76797341137075	21.11894953317986	0.0	0.0	
18.513338459684196	30.004002480396565	0.0	0.0	
17.494061624933266	29.87366948381329	0.0	0.0	
30.838766305467555	7.8584769454737575	0.0	0.0	
0.7378983609534657	1.138869484046861	0.0	0.0	
13.131711475016893	10.332193446145805	0.0	0.0	
17.90549542083643	10.31324834236742	0.0	0.0	
7.218353363526475	29.847001404862507	0.0	0.0	
26.937782065712774	5.356892171395845	0.0	0.0	
17.631006336899464	11.403887890031168	0.0	0.0	
2.988361837198962	6.686208275453225	0.0	0.0	
26.701306982721928	29.08067250666722	0.0	0.0	
3.7449284347744793	5.560830428411268	0.0	0.0	
3.902803490170786	11.811352115871482	0.0	0.0	
3.1776732547731505	10.40071358588963	0.0	0.0	
25.534391530688797	2.4820657454521964	0.0	0.0	
25.602245175577277	15.991660668069844	0.0	0.0	
28.437070227816108	29.835843143273213	0.0	0.0	
1.0386376225642842	10.588360374291597	0.0	0.0	
27.16738242945169	12.64405785590835	0.0	0.0	
5.33010703687297	22.662815491104997	0.0	0.0	
23.496240749668715	17.23592088577296	0.0	0.0	
3.470833215505788	31.494831890773213	0.0	0.0	
9.358307229637841	1.0076690077917014	0.0	0.0	
1.5883488760844209	25.25511232479841	0.0	0.0	
5.801142048547238	31.888611714248924	0.0	0.0	
10.151576082122922	2.88400872257429	0.0	0.0	
6.474296327711947	15.712990632246843	0.0	0.0	
23.494263744582376	15.7209791535157	0.0	0.0	
1.0668651452917288	1.2599795088396242	0.0	0.0	
31.062709453958114	18.09095258969511	0.0	0.0	
7.13997867203101	15.29584147761404	0.0	0.0	
22.353397958909017	17.943236929095736	0.0	0.0	
18.495474994775286	25.890538578675663	0.0	0.0	
15.359730940586278	6.004847935987797	0.0	0.0	
16.025654005407517	8.223990938693532	0.0	0.0	
31.776039370723435	10.429287309777777	0.0	0.0	
31.631125143102008	27.996556397433384	0.0	0.0	
1.1841247530295504	11.480294943482736	0.0	0.0	
10.241130497980127	25.211827597510357	0.0	0.0	
8.963624474890935	21.91312734186169	0.0	0.0	
31.050514506146516	13.81622299232788	0.0	0.0	
24.020233020897326	9.66109300002477	0.0	0.0	
13.012030764927026	12.668366956364785	0.0	0.0	
21.263192366147933	20.4649959828587	0.0	0.0	
