2
32.0	0.0	0.0	0.0	
0.0	32.0	0.0	0.0	
28.581124328063623	30.802826433782254	0.0	0.0	
20.523004148862828	23.943162577371798	0.0	0.0	
16.434946020299478	18.97678801388188	0.0	0.0	
20.965791224453397	28.19386334917981	0.0	0.0	
0.030635349943842982	4.839834522943658	0.0	0.0	
16.850504488831483	31.21296547201541	0.0	0.0	
31.715599031790536	21.913857313338195	0.0	0.0	
3.2482481978686373	23.679809009148485	0.0	0.0	
11.945086952878928	20.426666090558577	0.0	0.0	
31.1315373511634	12.56950958828973	0.0	0.0	
30.421256102926026	10.746700969021695	0.0	0.0	
5.458026178311254	17.36292948439444	0.0	0.0	
18.937782046963363	18.671171573351113	0.0	0.0	
21.777424657415995	15.332839465919704	0.0	0.0	
19.472358308695934	23.259018240045148	0.0	0.0	
5.5371206471861285	23.316439865711573	0.0	0.0	
10.15567507295572	30.02481858104137	0.0	0.0	
23.235308743153702	19.467823241109855	0.0	0.0	
28.561268214841014	22.72142495149475	0.0	0.0	
16.005317135688532	13.442324859518802	0.0	0.0	
2.054533042098658	28.544267391124475	0.0	0.0	
17.45517322546799	26.827048148327844	0.0	0.0	
25.784636901090625	27.808508062489988	0.0	0.0	
27.68450728894707	30.844420329565146	0.0	0.0	
19.852577342302204	5.1128023749847955	0.0	0.0	
1.7974252669832822	31.868265000604286	0.0	0.0	
21.41181773641166	24.99298826932055	0.0	0.0	
4.6952912739113195	13.999824591152525	0.0	0.0	
11.662763104424837	13.639110096802668	0.0	0.0	
27.931300314913578	12.683930352990622	0.0	0.0	
15.469960968760248	23.676838344914536	0.0	0.0	
8.370346603063247	13.581457602933718	0.0	0.0	
2.411941151569735	15.804177555356972	0.0	0.0	
10.939737248261697	26.243319901720714	0.0	0.0	
27.8278818524477	4.707300542130568	0.0	0.0	
22.506003572737466	9.85658228034746	0.0	0.0	
0.06106033717018278	12.84133682301102	0.0	0.0	
3.6751598351855	14.236297969782353	0.0	0.0	
5.644286164801645	22.855293826875982	0.0	0.0	
11.762629933796	31.03917170161606	0.0	0.0	
10.56240578256298	2.6282229501933614	0.0	0.0	
30.059803368578887	16.578524508966282	0.0	0.0	
21.128838723252283	30.338960572517315	0.0	0.0	
25.4701104276496	17.48087110357614	0.0	0.0	
6.565037726870489	19.282252411006944	0.0	0.0	
23.72643913600588	22.873880858056737	0.0	0.0	
16.601405816817994	27.363840199264846	0.0	0.0	
21.39668332864027	24.019047844653134	0.0	0.0	
0.645041281801138	8.595241030694051	0.0	0.0	
8.86617470143483	24.19285305422483	0.0	0.0	
4.775045175862566	30.218344704788073	0.0	0.0	
31.62680794545058	7.235501923743552	0.0	0.0	
29.428876201134443	21.886112344293178	0.0	0.0	
18.878549191194967	21.725885361723677	0.0	0.0	
31.938586978793033	7.8695713561272775	0.0	0.0	
10.47804239921864	17.766884719009244	0.0	0.0	
26.611713544681564	1.5541055478921741	0.0	0.0	
20.18349284808308	11.399537368452638	0.0	0.0	
30.205499581846823	16.75923353545083	0.0	0.0	
2.860460100113581	24.634939053128733	0.0	0.0	
31.55762152772823	15.628638126553422	0.0	0.0	
5.076825333414998	16.938810625446767	0.0	0.0	
8.245608155194368	14.620858903847708	0.0	0.0	
27.63441554398994	19.414881910235803	0.0	0.0	
11.623411033155868	13.077205664553976	0.0	0.0	
14.284312442341108	25.8935655233842	0.0	0.0	
7.88399288389839	0.9680623879322994	0.0	0.0	
19.882955202821698	18.229037596342494	0.0	0.0	
21.219340373977207	30.935735170635155	0.0	0.0	
31.043353293301138	3.484065038528371	0.0	0.0	
4.081335324105101	17.465362800385037	0.0	0.0	
11.080130554724871	15.056293368092135	0.0	0.0	
1.3291035112338427	30.051566546317794	0.0	0.0	
15.83265251384476	21.062208709180354	0.0	0.0	
5.60985751539781	13.101611488855173	0.0	0.0	
30.63593042144132	31.076849774653933	0.0	0.0	
12.737147609820013	19.89231592208625	0.0	0.0	
24.189621068766215	23.837924725870174	0.0	0.0	
21.419939589286386	25.195729650178446	0.0	0.0	
0.4089218107450847	24.936711333347045	0.0	0.0	
16.730620443120614	1.098744449115351	0.0	0.0	
28.00384673238079	7.200144389298245	0.0	0.0	
30.52098450948884	26.22618268415337	0.0	0.0	
30.35872844345588	18.818826145872727	0.0	0.0	
27.078037226576427	17.493449422564282	0.0	0.0	
22.22680523567375	6.910891367236907	0.0	0.0	
19.2751577766445	2.8054623879159806	0.0	0.0	
10.167983319533981	15.513187519226253	0.0	0.0	
7.252828280114812	16.84735482881039	0.0	0.0	
5.551514882241602	26.23892556574544	0.0	0.0	
13.161290938149257	21.67343277809519	0.0	0.0	
13.566549535312081	31.378089472208245	0.0	0.0	
28.170098456927395	29.33636558879528	0.0	0.0	
21.279802946207624	17.068917370675614	0.0	0.0	
28.935023712683844	2.567590409653892	0.0	0.0	
18.265166829319476	31.827529835450807	0.0	0.0	
22.044274133159547	7.584376019463765	0.0	0.0	
21.542315566204916	17.746800668082418	0.0	0.0	
26.239451249210383	14.760399558711015	0.0	0.0	
16.69022796736722	9.307052950255688	0.0	0.0	
30.918126202194788	27.120797253906158	0.0	0.0	
23.29831129637509	12.823295136950446	0.0	0.0	
10.273417117690133	28.233423130903986	0.0	0.0	
19.444095893005677	22.829616497640494	0.0	0.0	
7.249143738216645	4.9645375145748005	0.0	0.0	
17.78092111197155	24.576985939683315	0.0	0.0	
21.846147954610203	29.456870520046294	0.0	0.0	
1.6493404794149598	21.22772799478193	0.0	0.0	
25.119724909357025	18.03579804468947	0.0	0.0	
14.134692716053816	28.090740925525203	0.0	0.0	
24.564693318983167	17.442419355890138	0.0	0.0	
16.69284200182459	1.0825010585628156	0.0	0.0	
7.70157136485394	0.20747199176015485	0.0	0.0	
9.690705650468455	29.466408097646653	0.0	0.0	
31.061662977525835	0.5676281433613433	0.0	0.0	
21.10893671949477	7.790068241705239	0.0	0.0	
19.742246512900138	12.446220141689285	0.0	0.0	
26.564783920057362	16.00607181816692	0.0	0.0	
27.70621881018191	13.416007788341751	0.0	0.0	
11.187158391032114	25.691965832712366	0.0	0.0	
18.91775967059562	27.922927291179157	0.0	0.0	
12.021528853974331	25.090920739660504	0.0	0.0	
6.944349873877588	30.532671024943205	0.0	0.0	
17.316427407182257	14.061779896781484	0.0	0.0	
20.498037378292555	13.696052948289768	0.0	0.0	
28.978246140509537	24.584531176468676	0.0	0.0	
17.805517088641217	29.556101182219994	0.0	0.0	
29.809056348871014	4.890653631580211	0.0	0.0	
27.24384500890574	15.366728768658874	0.0	0.0	
12.288182480930647	9.345726886866718	0.0	0.0	
19.612174808982445	24.428472508518865	0.0	0.0	
7.025756869415481	28.95026285205766	0.0	0.0	
12.661894192739599	31.944867707246722	0.0	0.0	
13.4910653454581	12.727754762078344	0.0	0.0	
21.941032213566203	28.238678596485524	0.0	0.0	
31.48242109183667	22.76873302653477	0.0	0.0	
11.251026500262704	22.8806881609548	0.0	0.0	
31.864548155362648	6.753021732800331	0.0	0.0	
26.378729424926057	3.5162091160133215	0.0	0.0	
0.29595470815014835	0.7600490199284451	0.0	0.0	
26.475152761090666	31.33870070408226	0.0	0.0	
28.6706730732582	12.2309405396349	0.0	0.0	
14.1522094518688	12.062360915247801	0.0	0.0	
24.85417891996272	6.485961440317613	0.0	0.0	
14.307472697459236	10.730030818207851	0.0	0.0	
31.828256917610066	2.321634076432325	0.0	0.0	
3.7823982120988155	29.462331015592955	0.0	0.0	
26.348376400235754	11.444817427867203	0.0	0.0	
13.5022716336582	21.29574600402904	0.0	0.0	
8.992426012330387	31.911988917414227	0.0	0.0	
10.234317722153207	7.02876160702834	0.0	0.0	
1.7764208993776087	0.24716630576775245	0.0	0.0	
22.09022268536951	12.057267069706402	0.0	0.0	
6.828472047040961	9.005996679573645	0.0	0.0	
18.778699608569717	14.197332364796704	0.0	0.0	
20.386973933359272	12.204689624155222	0.0	0.0	
20.20484617970358	10.372647897047518	0.0	0.0	
18.59113909333322	10.238987934751815	0.0	0.0	
21.47926227246537	25.551055553717244	0.0	0.0	
12.230768400319167	15.376162316473273	0.0	0.0	
21.46883801572338	26.568349800418947	0.0	0.0	
16.129567159331955	17.65230883950601	0.0	0.0	
23.72892289768791	26.19907419364414	0.0	0.0	
0.11792605850334681	7.968457956346665	0.0	0.0	
23.784774678770003	22.62240266240425	0.0	0.0	
1.7010259540961918	10.201758990552275	0.0	0.0	
13.107947216377084	29.85715043038366	0.0	0.0	
28.88486287296414	6.043014462019929	0.0	0.0	
4.302220739814967	11.601725378450187	0.0	0.0	
25.744964640869988	22.36722043498685	0.0	0.0	
18.97384719552846	22.456000836094578	0.0	0.0	
2.445325900396707	3.363371000740397	0.0	0.0	
2.822167194836485	30.04570908080271	0.0	0.0	
21.52254843616127	18.09558361159195	0.0	0.0	
6.53712081945725	21.431073005745056	0.0	0.0	
10.154543951584873	17.700252609710027	0.0	0.0	
24.02811662384178	12.475698754926249	0.0	0.0	
15.718525243621986	22.960537615222524	0.0	0.0	
23.711129671672634	26.820836567007973	0.0	0.0	
5.18341311723001	20.915967566966263	0.0	0.0	
9.748660305188281	18.505149309516327	0.0	0.0	
14.858310860959655	27.727034700851156	0.0	0.0	
8.688146067674218	24.85748083701721	0.0	0.0	
30.872283155369395	30.882450995727567	0.0	0.0	
22.1454011452169	19.796218799051793	0.0	0.0	
23.186654972102193	16.086397784002155	0.0	0.0	
4.686834772476235	26.176980571513262	0.0	0.0	
30.827335510235045	17.344815717685243	0.0	0.0	
0.03136606125146457	21.446787042243976	0.0	0.0	
25.248246753928644	19.932596285645023	0.0	0.0	
2.7103262549712106	2.0635069051923836	0.0	0.0	
30.334813666813396	29.582759330915852	0.0	0.0	
29.705270392557342	15.666362849856991	0.0	0.0	
6.902708219155862	28.220681530001727	0.0	0.0	
9.133818384639813	1.008291405976479	0.0	0.0	
15.440480027197673	13.707757151880028	0.0	0.0	
1.89639057990588	27.82013948351872	0.0	0.0	
23.83587010890953	25.773420525484152	0.0	0.0	
7.4893468421586	10.143237193633318	0.0	0.0	
19.827857509459168	13.07645333279768	0.0	0.0	
19.835509415521418	29.47385179289022	0.0	0.0	
10.11404877074619	4.4413983126197785	0.0	0.0	
22.853430065419797	21.068914818965474	0.0	0.0	
0.21873941087815396	21.217907055746963	0.0	0.0	
3.652635931057315	28.697261435600467	0.0	0.0	
14.385493098536692	30.24475582479301	0.0	0.0	
3.1801745849082685	21.414806597448266	0.0	0.0	
13.90751148352891	19.05027478381497	0.0	0.0	
7.038223314751043	16.042702847559678	0.0	0.0	
15.090628472442294	12.102866519367463	0.0	0.0	
21.063010411369927	7.077220869495161	0.0	0.0	
8.115185378871772	10.100621131813742	0.0	0.0	
26.82359704705951	9.612306453501414	0.0	0.0	
5.1373215624738044	22.296835089997792	0.0	0.0	
22.06178437045596	12.720453243372173	0.0	0.0	
30.258638081178088	15.106458922743492	0.0	0.0	
21.668750142493252	12.178656869264337	0.0	0.0	
1.4753382288208527	18.663970092007684	0.0	0.0	
18.447090231618066	29.61226793108626	0.0	0.0	
8.241053730323028	2.0598497269759015	0.0	0.0	
11.77556859324454	18.385543847869588	0.0	0.0	
15.534997121127638	28.7123511629657	0.0	0.0	
11.55932372554059	23.13975176156703	0.0	0.0	
9.586029117030897	23.906975239577392	0.0	0.0	
22.893242512790554	27.098523471548067	0.0	0.0	
12.951873096439666	1.8444694314075498	0.0	0.0	
0.14191416189981965	25.41823266079128	0.0	0.0	
16.89160226863216	10.320861847493717	0.0	0.0	
19.98230869859077	13.204036057281506	0.0	0.0	
14.89517761553476	31.780846107612046	0.0	0.0	
15.706693769271226	10.92326167518815	0.0	0.0	
7.028444031686735	8.143158696699288	0.0	0.0	
31.43896221707108	12.315955687971407	0.0	0.0	
3.720798077108782	21.618713793982348	0.0	0.0	
25.54448522735548	27.629394575971666	0.0	0.0	
3.262360603015722	0.3331315495515703	0.0	0.0	
28.797122553333786	12.383429393585509	0.0	0.0	
12.838601575131396	16.53325355155386	0.0	0.0	
24.89529381862785	20.21246865760116	0.0	0.0	
7.9445077121567	12.867792958542537	0.0	0.0	
21.4045649168716	18.910889196232755	0.0	0.0	
11.480081671105403	2.969236627959191	0.0	0.0	
14.767283879292101	5.217931779926673	0.0	0.0	
20.75698537447023	6.8572978521058126	0.0	0.0	
11.092879414232677	30.542016433754217	0.0	0.0	
12.597719136437103	25.346599240935152	0.0	0.0	
15.521276624346427	12.09617482494835	0.0	0.0	
15.817727365562494	27.10318871320749	0.0	0.0	
25.582530298728294	16.58018277619464	0.0	0.0	
20.07398595448818	5.45474971754361	0.0	0.0	
18.947333799599757	30.09843513301255	0.0	0.0	
4.665363109400406	26.02418947066786	0.0	0.0	
14.854679446460125	19.12139298936261	0.0	0.0	
12.691906719311085	23.71081663303011	0.0	0.0	
3.2148036037692513	6.864928153621918	0.0	0.0	
5.657129502175305	7.244869656078691	0.0	0.0	
23.090794460859467	16.912223387757336	0.0	0.0	
7.983860329070929	19.342335963760444	0.0	0.0	
10.379766369085388	0.5439318023812909	0.0	0.0	
26.519402275442104	21.45755384543971	0.0	0.0	
21.381869020267953	15.870685643484524	0.0	0.0	
9.67752110819281	13.93494356865249	0.0	0.0	
15.73206107086584	1.625937356159259	0.0	0.0	
13.416506666166029	4.493635456713605	0.0	0.0	
2.2043656874571838	23.634125026015347	0.0	0.0	
28.266650945085072	13.986615582701358	0.0	0.0	
4.581491070522752	20.24037169979361	0.0	0.0	
13.689224916716022	28.226455081982998	0.0	0.0	
19.12272313926635	23.5439286121048	0.0	0.0	
15.87943687500755	23.12325919366307	0.0	0.0	
20.487982921393495	30.510427770703526	0.0	0.0	
4.791430699738733	21.498839835873156	0.0	0.0	
2.875924346177438	16.05352152267705	0.0	0.0	
21.495230644175866	31.04845450469605	0.0	0.0	
5.895786294740688	20.358197767392095	0.0	0.0	
20.547089264664535	2.889745676994721	0.0	0.0	
16.572809130995832	28.43849778312592	0.0	0.0	
1.1535087001309918	20.051088617381858	0.0	0.0	
17.087102201951215	4.63098463020637	0.0	0.0	
9.272823178963783	24.425350391314865	0.0	0.0	
20.686772023992493	6.495366888911654	0.0	0.0	
27.686582682100955	27.61571075940721	0.0	0.0	
17.837131377578807	12.620628871662063	0.0	0.0	
28.918358023418275	7.935304283925227	0.0	0.0	
12.232663216414448	8.627383162467076	0.0	0.0	
19.771725715770287	17.6555922525753	0.0	0.0	
14.190063239955208	16.888253160133296	0.0	0.0	
8.641215371033113	18.92058439868033	0.0	0.0	
5.903437657042147	22.57053685268586	0.0	0.0	
18.02432110133354	14.553185954499806	0.0	0.0	
18.879027050685806	29.870176590838305	0.0	0.0	
17.153406000048154	22.68003699245401	0.0	0.0	
25.66300175151544	26.290473685165843	0.0	0.0	
22.85531569889724	14.39919257368119	0.0	0.0	
24.67186460209247	9.447653301300392	0.0	0.0	
1.7181735570302301	7.99507038376802	0.0	0.0	
18.05853072207616	26.974802772767834	0.0	0.0	
4.163203291003459	22.873782473400606	0.0	0.0	
12.283838604458712	27.744841017633163	0.0	0.0	
20.55091930332006	4.477823177313894	0.0	0.0	
21.284533540479888	3.6277424283868136	0.0	0.0	
17.77687049585997	11.963712301763454	0.0	0.0	
22.414410453179016	2.643003416824744	0.0	0.0	
1.4220498781772548	3.672984361498358	0.0	0.0	
6.10741351959728	6.654606275650487	0.0	0.0	
31.111629265344792	30.467220856079862	0.0	0.0	
5.089545074243809	10.839844613054808	0.0	0.0	
10.731151960234474	3.8312749963007455	0.0	0.0	
15.150785878802399	21.865613618575445	0.0	0.0	
12.95068593678294	9.578900660738054	0.0	0.0	
2.342367139044235	12.211982107989613	0.0	0.0	
26.05011225573591	29.277154313772044	0.0	0.0	
8.773841088884257	10.16862534480471	0.0	0.0	
6.387911611078774	16.639640034392386	0.0	0.0	
2.341592727717746	29.2668789330128	0.0	0.0	
13.285962559924492	20.477154920763688	0.0	0.0	
26.19022508703496	23.412548819461236	0.0	0.0	
6.6646720074748345	21.13196366660208	0.0	0.0	
26.563741816503057	9.708201536540841	0.0	0.0	
3.0866641775538604	25.388654010816012	0.0	0.0	
30.074949970210913	8.551916159037074	0.0	0.0	
14.724053421946543	13.858348089765819	0.0	0.0	
3.799125345951122	17.54953544419063	0.0	0.0	
5.4236492706915485	25.724684725304826	0.0	0.0	
15.089021617681965	30.527986414257338	0.0	0.0	
15.757779120283281	19.55357694627768	0.0	0.0	
9.654706995523913	3.1258044648345162	0.0	0.0	
28.91084097187906	11.444750614330836	0.0	0.0	
6.246395684082554	6.752925299995038	0.0	0.0	
19.498732606812116	5.988256929735535	0.0	0.0	
24.52857751912857	31.017771308526434	0.0	0.0	
11.472829998059474	19.457803825210664	0.0	0.0	
6.489209718322897	27.02739234886602	0.0	0.0	
30.13371474642527	5.9990891681554785	0.0	0.0	
14.293460330600325	26.900607135529334	0.0	0.0	
22.328729729939425	16.366004335636298	0.0	0.0	
11.62724479075867	7.310987989662177	0.0	0.0	
1.4816012404583923	18.936314146082196	0.0	0.0	
24.87231315067281	30.47518558665456	0.0	0.0	
19.027292478476664	27.117219346763797	0.0	0.0	
5.439359285799316	19.323047067124342	0.0	0.0	
31.341899877116493	16.436307695872802	0.0	0.0	
12.547888085389957	9.343521220062001	0.0	0.0	
28.50847349520668	10.604719998442452	0.0	0.0	
12.211173485649262	11.117909819083405	0.0	0.0	
17.73185470294429	15.378861895483254	0.0	0.0	
1.444185910809658	28.486252458215993	0.0	0.0	
12.689709393190089	30.31962380468258	0.0	0.0	
7.6847735058963025	21.94842189094366	0.0	0.0	
10.448220011243773	24.074505641165313	0.0	0.0	
23.19973050414915	16.41442767738008	0.0	0.0	
15.441976400761163	30.66378467860884	0.0	0.0	
3.7379930529014587	13.591805745488433	0.0	0.0	
31.64473550026962	27.520246549637225	0.0	0.0	
0.358111396226505	23.745930862948175	0.0	0.0	
28.226413822873273	27.302662934533917	0.0	0.0	
30.48972992150554	16.106629945121497	0.0	0.0	
16.95542938819847	31.683587797716843	0.0	0.0	
20.39039488545168	31.708421149409	0.0	0.0	
9.673553366392088	24.276828120983698	0.0	0.0	
11.94820358111372	26.155482857382275	0.0	0.0	
8.001029818264595	22.7821351595931	0.0	0.0	
25.18919012448932	16.984708822637373	0.0	0.0	
18.738993904939914	7.88978343080289	0.0	0.0	
14.24414719094366	25.929088073588094	0.0	0.0	
21.776600412187197	12.442341734859333	0.0	0.0	
12.263091295572494	0.20327527603533824	0.0	0.0	
1.020167513542475	18.532315384547896	0.0	0.0	
9.967529270557499	5.9947159108215615	0.0	0.0	
21.592922151292598	5.237651607472554	0.0	0.0	
11.59077222466695	22.861709559607803	0.0	0.0	
2.739857230837213	25.532180732343893	0.0	0.0	
20.038828456535555	31.771098374242758	0.0	0.0	
19.69197181187754	5.812734340629817	0.0	0.0	
18.014139096666618	14.484159330563934	0.0	0.0	
7.245057137370079	0.8965925584186003	0.0	0.0	
3.480413956847144	22.040495843785774	0.0	0.0	
25.458053572176635	17.172208391402354	0.0	0.0	
25.69715511892756	1.7294564098085559	0.0	0.0	
18.382907286411204	29.89076832124069	0.0	0.0	
3.0313302335784016	21.811924135906306	0.0	0.0	
28.109531678389803	12.543013327624617	0.0	0.0	
16.065407820981363	10.869296363575259	0.0	0.0	
25.835059149554795	14.394171072424069	0.0	0.0	
9.229794975183534	22.960767328209187	0.0	0.0	
7.297202344005406	5.672386469727218	0.0	0.0	
0.36824348066391366	1.0389507226732135	0.0	0.0	
28.067711434093663	6.816592333784371	0.0	0.0	
10.60375225078186	11.484014201181502	0.0	0.0	
18.56777995942752	3.2290831666491187	0.0	0.0	
7.308602239689893	23.79188208003225	0.0	0.0	
9.904706586583703	27.29501064492538	0.0	0.0	
21.668640573517308	10.127127250963166	0.0	0.0	
28.137192138811074	20.111303772760714	0.0	0.0	
13.143192448295874	25.694921241607588	0.0	0.0	
22.937017803566302	8.379990229199944	0.0	0.0	
24.855601611094034	4.114844888973341	0.0	0.0	
11.049664677509657	20.543039647071204	0.0	0.0	
19.055538756936205	8.793381198613677	0.0	0.0	
23.989615768347615	21.38092332206068	0.0	0.0	
27.453355131215748	22.55578493112659	0.0	0.0	
8.978849027760742	17.969137539345173	0.0	0.0	
2.7225637043197324	8.565538727906024	0.0	0.0	
11.77045800085206	21.628862292938155	0.0	0.0	
24.742641201661872	4.289185379752471	0.0	0.0	
26.229559018060677	1.7902053974836534	0.0	0.0	
16.620183088395926	11.36050930352775	0.0	0.0	
2.101549953195203	10.940671974201006	0.0	0.0	
20.025635180475344	5.830653915387355	0.0	0.0	
15.934680722354088	22.42177933404187	0.0	0.0	
5.37846425174893	2.7100190744587955	0.0	0.0	
26.31050511963188	11.45742186857284	0.0	0.0	
19.031207872117914	22.508024003196276	0.0	0.0	
18.42647951592564	26.32489007088708	0.0	0.0	
6.363205123284377	16.066872798116723	0.0	0.0	
11.563557805614195	5.608785063141692	0.0	0.0	
3.657241742573831	21.252286852193567	0.0	0.0	
21.12516828412448	24.72325687281797	0.0	0.0	
20.00132064490088	18.41730680508275	0.0	0.0	
18.799114968894497	23.383562421680317	0.0	0.0	
12.043590023299771	8.84744593187709	0.0	0.0	
19.461790386339842	10.01785191580094	0.0	0.0	
19.92605714551781	31.866720190706232	0.0	0.0	
10.023498716388815	19.27680527988971	0.0	0.0	
26.0242712035282	19.890524913092758	0.0	0.0	
10.575556252168816	31.586144189427856	0.0	0.0	
13.115445777973378	20.408007255043472	0.0	0.0	
10.819997862124431	26.918920597849066	0.0	0.0	
31.420628960211122	0.2462447702825301	0.0	0.0	
29.547183593526746	11.716126274353272	0.0	0.0	
22.62550504812075	19.97463842362205	0.0	0.0	
17.954017738910505	1.7151415860388504	0.0	0.0	
1.7362803787061516	30.04627273812404	0.0	0.0	
8.26945384036615	28.019401123332454	0.0	0.0	
31.488213758240278	28.585319863385717	0.0	0.0	
18.39009700417755	0.6453613683216339	0.0	0.0	
23.29018965265597	4.396233354884782	0.0	0.0	
6.606590058983798	14.73631053733823	0.0	0.0	
22.735210458471414	9.480607210320183	0.0	0.0	
11.075963438623251	13.901746609408594	0.0	0.0	
7.185418912985327	29.69212840665921	0.0	0.0	
8.275541000857622	1.142517390895886	0.0	0.0	
8.613330750976871	12.483131216895828	0.0	0.0	
5.23301509006523	19.29498804739082	0.0	0.0	
15.523927170949275	8.879264791893213	0.0	0.0	
12.28571365231829	2.9980403042652632	0.0	0.0	
6.370401885920494	17.352279684120056	0.0	0.0	
7.723122542991309	14.262374566486812	0.0	0.0	
9.12494054214092	15.580147705289892	0.0	0.0	
10.917926179689466	11.364966089023685	0.0	0.0	
30.92495176792323	6.565192380374626	0.0	0.0	
9.8285159989472	9.818999389051292	0.0	0.0	
1.9549185067988333	9.58591188121422	0.0	0.0	
8.513063044287112	0.8818243480111292	0.0	0.0	
17.111051858350514	25.822111209396784	0.0	0.0	
19.730380829265368	6.588929210535824	0.0	0.0	
6.568890163787806	12.880607986091135	0.0	0.0	
21.03450353007163	5.442452400423658	0.0	0.0	
11.93888119456053	9.445787249251971	0.0	0.0	
8.701790591331601	27.151690540618556	0.0	0.0	
15.896118445442308	8.30252972344222	0.0	0.0	
31.943846204379945	0.5814649004315342	0.0	0.0	
20.778391267533795	17.93877868807321	0.0	0.0	
16.041516195449052	12.697655479115209	0.0	0.0	
21.479701960508567	26.453700671944574	0.0	0.0	
8.210577839944499	23.438832711403933	0.0	0.0	
17.881685152632976	2.9724022152949168	0.0	0.0	
13.775522010263355	9.97989543864011	0.0	0.0	
26.4853488172648	31.622683625029868	0.0	0.0	
16.651860655381295	21.848282971747892	0.0	0.0	
11.568081957818048	28.573292406417288	0.0	0.0	
24.242495788636987	24.864885950268825	0.0	0.0	
9.804098453304707	24.608185174524078	0.0	0.0	
31.816067168163034	6.94876964012688	0.0	0.0	
12.400210058214743	7.310008188705073	0.0	0.0	
24.154302555954015	26.159777898535285	0.0	0.0	
29.438895021690254	1.3222425907928894	0.0	0.0	
31.436359882665833	12.109433462996936	0.0	0.0	
29.8582887835244	16.540621116140493	0.0	0.0	
31.58229349455651	30.365869491386107	0.0	0.0	
17.588083029753953	28.54508285261494	0.0	0.0	
7.927890448271018	17.80522726149095	0.0	0.0	
22.99347053533415	0.41332446883662755	0.0	0.0	
6.515608445528013	27.543401446230195	0.0	0.0	
7.084513827826989	13.17478122830908	0.0	0.0	
6.062441879255367	6.670767062320625	0.0	0.0	
24.346733837981176	23.502584910556465	0.0	0.0	
25.252349111359145	28.38794609362318	0.0	0.0	
13.290165844092428	26.545531683199805	0.0	0.0	
8.984089545692623	12.602894138810637	0.0	0.0	
20.352893369900645	2.69141994053572	0.0	0.0	
2.068097980838072	2.3506798255833097	0.0	0.0	
10.037996248121406	3.059512590050531	0.0	0.0	
16.541361814153085	19.909344861361365	0.0	0.0	
14.734709257956926	11.20954190640202	0.0	0.0	
24.09406199058402	27.12890854189137	0.0	0.0	
2.1558612093884335	7.700368207720718	0.0	0.0	
16.69046406921033	0.6019043561593875	0.0	0.0	
20.77060240217243	13.185382340187825	0.0	0.0	
21.1421560165119	3.554177040439402	0.0	0.0	
5.638605276208544	11.76152401286129	0.0	0.0	
16.281806509222445	24.823718399086893	0.0	0.0	
29.03082721915795	29.694303191509153	0.0	0.0	
19.875417185885397	29.693967122212506	0.0	0.0	
18.041824453444104	0.763619559758336	0.0	0.0	
0.48188964211524166	21.576900250814624	0.0	0.0	
26.502501906618463	11.6197510942912	0.0	0.0	
25.5482163838289	18.150070432965915	0.0	0.0	
14.807070601858403	2.913819631461383	0.0	0.0	
22.955997719595732	5.808662279637062	0.0	0.0	
21.573780965676693	14.259719046690364	0.0	0.0	
24.710704704629254	6.097209582647075	0.0	0.0	
15.359269159572317	19.037653816212764	0.0	0.0	
9.696856339225803	30.678616580167038	0.0	0.0	
12.585459759237043	24.077613259951796	0.0	0.0	
1.2121081579962834	3.8568082598189903	0.0	0.0	
29.018275482376705	4.8149072840755345	0.0	0.0	
15.509684418434166	18.280412670311154	0.0	0.0	
16.646892418933536	12.209293557448571	0.0	0.0	
13.855923437746391	7.510897865688623	0.0	0.0	
8.483199125907309	12.292007490027643	0.0	0.0	
16.35568405940677	11.560903483625776	0.0	0.0	
1.3592374300993306	3.2007169313313497	0.0	0.0	
11.471524303603854	16.69681177606304	0.0	0.0	
24.33260988443964	16.14818728366954	0.0	0.0	
25.35881037222249	8.480066192757022	0.0	0.0	
10.92314733407261	11.645336941344027	0.0	0.0	
4.9140163296647685	29.92204872351883	0.0	0.0	
16.338148768223444	30.186922965425886	0.0	0.0	
27.746239519233654	21.066827412564106	0.0	0.0	
3.812317519251657	5.726224046761843	0.0	0.0	
4.0836974631480665	16.829286409401206	0.0	0.0	
30.35576673788391	1.6757131531764422	0.0	0.0	
0.24893896435763452	27.301145394855926	0.0	0.0	
13.865852984806356	2.037402381958241	0.0	0.0	
14.010677285714216	13.853228133676271	0.0	0.0	
14.917408437273547	23.88311482624523	0.0	0.0	
6.897470782738026	23.58501845755872	0.0	0.0	
0.17446627729044906	18.402742100216223	0.0	0.0	
9.242727775572945	17.944325899666694	0.0	0.0	
23.377508318245667	23.911351359838434	0.0	0.0	
6.8508599452180015	29.42196123773245	0.0	0.0	
11.989012326893306	30.469839331822207	0.0	0.0	
2.445281439749351	10.217448583569158	0.0	0.0	
4.848253740438825	16.9825705656867	0.0	0.0	
22.965575937251515	21.769303542618804	0.0	0.0	
26.34258187900613	0.44229232073733016	0.0	0.0	
29.46455137399655	3.368064485226263	0.0	0.0	
0.9669514154140266	25.09309142519695	0.0	0.0	
12.283173484459969	27.793400925380976	0.0	0.0	
17.411425221621606	2.3174212178666522	0.0	0.0	
28.055326187160134	22.274429716987118	0.0	0.0	
18.237964429761586	25.588497803651723	0.0	0.0	
25.387852550930106	8.544793227771219	0.0	0.0	
0.5023603822387663	30.36615172045384	0.0	0.0	
7.794067463775072	7.651635731323218	0.0	0.0	
10.471061791099963	2.1366967049692462	0.0	0.0	
17.978305208620483	1.6293555997080205	0.0	0.0	
28.468600971896233	26.76523701461028	0.0	0.0	
18.33949163936093	24.356528023896832	0.0	0.0	
15.026031457909916	22.692719523270842	0.0	0.0	
31.057316141071887	15.432717234004226	0.0	0.0	
26.773290103655654	29.088361143940784	0.0	0.0	
20.807585253710116	6.492534083096629	0.0	0.0	
1.8389735759047383	5.638074382088348	0.0	0.0	
20.83354226341625	11.516885506696763	0.0	0.0	
22.648239798121498	5.246702830303565	0.0	0.0	
17.614764679366825	16.72277948281435	0.0	0.0	
20.41403752632119	12.72672204610873	0.0	0.0	
4.575781820153512	21.307525878939433	0.0	0.0	
31.463706506414013	24.373595309307536	0.0	0.0	
28.580494619400262	10.488793426574148	0.0	0.0	
29.189612571113088	24.07181088066631	0.0	0.0	
28.825984859395046	15.528370177055724	0.0	0.0	
14.156315340776967	29.075156111084652	0.0	0.0	
0.5774617713715884	31.67364464472862	0.0	0.0	
3.2496533878557905	29.16409052871285	0.0	0.0	
24.44092887580006	15.469788736513493	0.0	0.0	
31.439403100931454	29.940334697303037	0.0	0.0	
18.799707627364207	5.646991448447942	0.0	0.0	
28.937110873147397	10.883919332243607	0.0	0.0	
9.765795953041302	29.67867754288399	0.0	0.0	
15.73582034714687	22.41388291518433	0.0	0.0	
24.24080173093639	11.20437498945967	0.0	0.0	
17.346746925039312	22.757552563703328	0.0	0.0	
25.9390219366575	6.266717554853994	0.0	0.0	
0.9867356054238137	14.500954326904921	0.0	0.0	
27.284514672502983	1.7355638501179875	0.0	0.0	
5.75473897762318	13.004355197604728	0.0	0.0	
21.26663863425939	29.600961927444352	0.0	0.0	
29.928955842131277	30.391996753097935	0.0	0.0	
26.506088360673676	30.262889721142862	0.0	0.0	
20.25501228703511	7.486402381792878	0.0	0.0	
15.921282472964965	0.8142197893340821	0.0	0.0	
2.9554079327356817	3.2753476539193223	0.0	0.0	
10.042480928598593	20.254965160344288	0.0	0.0	
7.5105487308210925	28.777753352754548	0.0	0.0	
17.66667099730854	13.557282839986474	0.0	0.0	
14.808693335936582	14.858731264254239	0.0	0.0	
29.022595450009813	13.769716477384485	0.0	0.0	
21.79529255190236	9.609520105464988	0.0	0.0	
3.476615683482027	4.2696763873262	0.0	0.0	
31.102612437428487	26.18017730016595	0.0	0.0	
1.5304108912210417	20.06152787247899	0.0	0.0	
10.70994479113758	10.872858062758542	0.0	0.0	
10.399679343145205	27.011395321074936	0.0	0.0	
29.493159279037855	14.930499213225634	0.0	0.0	
30.86654510465913	20.819411074481426	0.0	0.0	
0.4358698727678174	15.224295522535197	0.0	0.0	
31.25946791942187	27.570331556481417	0.0	0.0	
1.7593175843596462	2.726909021533654	0.0	0.0	
24.38171006950744	20.59047721561171	0.0	0.0	
18.801347891142584	26.387639024511937	0.0	0.0	
23.64253738702692	2.483742132370537	0.0	0.0	
13.529277512223413	7.6835199097968925	0.0	0.0	
20.540013616086732	22.3576814577009	0.0	0.0	
7.042108166118592	21.96396429434467	0.0	0.0	
16.096595674677374	3.66982055275189	0.0	0.0	
31.09429258143474	28.477789995143265	0.0	0.0	
3.3749054486651886	22.983271822207133	0.0	0.0	
10.512311752170067	14.235111869154998	0.0	0.0	
19.845206437820604	27.38064396757028	0.0	0.0	
15.828664131086327	1.4042676742873113	0.0	0.0	
3.2401275912651286	17.841904920663534	0.0	0.0	
9.144760811283284	22.95167354678753	0.0	0.0	
13.824919069133113	7.651074794114628	0.0	0.0	
30.032045540354737	5.3475444464506126	0.0	0.0	
11.051736904982725	7.513617415219908	0.0	0.0	
27.46160454464052	24.38652199692048	0.0	0.0	
27.70535159977274	4.886058109230042	0.0	0.0	
5.713961293203862	31.898629200361604	0.0	0.0	
26.868257742201273	12.104452343004091	0.0	0.0	
12.970208421215066	23.694577365060308	0.0	0.0	
2.280233585570844	15.083081401249189	0.0	0.0	
10.12404265039839	28.456340615402972	0.0	0.0	
0.7348121248127022	14.165138421822817	0.0	0.0	
19.313680358098924	30.302835824280713	0.0	0.0	
10.435919252843892	15.248483344212044	0.0	0.0	
1.9486987963256048	5.93992699383649	0.0	0.0	
25.705269547349115	18.169948895513194	0.0	0.0	
16.677472378164385	13.43329952018231	0.0	0.0	
12.597103413753732	7.094860179619722	0.0	0.0	
31.914314399190868	13.342990666650422	0.0	0.0	
18.96740121009176	8.621384071046197	0.0	0.0	
13.115276728654138	16.041359735284193	0.0	0.0	
21.81627354637329	14.53709936509416	0.0	0.0	
11.36430500102444	15.305188390055875	0.0	0.0	
11.204096574094553	18.23234650110436	0.0	0.0	
8.979602280480147	31.585670380576055	0.0	0.0	
22.442212423118484	30.089432280598896	0.0	0.0	
18.494035445731505	6.974085048371212	0.0	0.0	
24.464248262064707	5.803084108754273	0.0	0.0	
27.569447534371534	13.203387652378424	0.0	0.0	
1.8925272814548322	30.175042240485006	0.0	0.0	
11.032216371819445	25.33149707584109	0.0	0.0	
28.514629877893736	29.559952702945402	0.0	0.0	
29.69992793616859	19.090815582003053	0.0	0.0	
23.9140996986823	31.109242948778615	0.0	0.0	
7.259934714020094	20.735250121158053	0.0	0.0	
25.624982980861216	25.82667525436995	0.0	0.0	
4.99700555697725	2.7233771371964046	0.0	0.0	
17.621029033824303	11.492337254359224	0.0	0.0	
25.90105310909889	25.553738097326907	0.0	0.0	
12.196435529654405	30.29324588157724	0.0	0.0	
15.238289876023536	0.6597576247396546	0.0	0.0	
15.334908664187974	15.760731231045035	0.0	0.0	
5.866531643959579	20.609367893094717	0.0	0.0	
25.84618565214491	3.9443206210181714	0.0	0.0	
8.177137227810036	11.136556624622457	0.0	0.0	
27.912741040246026	25.36120447380906	0.0	0.0	
14.380415360964655	3.199678361245951	0.0	0.0	
8.746882756068871	9.093949665545235	0.0	0.0	
23.598694909631256	23.78591857033467	0.0	0.0	
22.5379026393898	23.261702904734737	0.0	0.0	
9.352722842422406	25.575382107782207	0.0	0.0	
15.645464178405966	4.070465091985035	0.0	0.0	
15.556259931122124	29.184151264790984	0.0	0.0	
20.938455398968006	29.863995686721577	0.0	0.0	
10.705219615263257	20.406868454909414	0.0	0.0	
21.64841369838991	30.5354230464917	0.0	0.0	
7.099446071124753	11.07172994541391	0.0	0.0	
24.232624163350373	21.30544466677409	0.0	0.0	
27.451797785292424	30.888192814153626	0.0	0.0	
18.347893484951047	11.428912617698515	0.0	0.0	
20.879058976297625	13.477528356357904	0.0	0.0	
3.109380857360268	5.536258033764433	0.0	0.0	
26.847384915289624	26.066283685711955	0.0	0.0	
5.670412240069545	20.03354963805186	0.0	0.0	
13.818183484109916	21.50137987917562	0.0	0.0	
26.510851136728057	16.83098861244858	0.0	0.0	
27.763146797431205	10.595947029697165	0.0	0.0	
21.683873958107938	10.134653810000525	0.0	0.0	
11.60684245008806	18.77541802023821	0.0	0.0	
20.70495444184664	13.252438411304087	0.0	0.0	
12.447188953274662	28.104461692637955	0.0	0.0	
18.767791966611657	21.210437992880994	0.0	0.0	
18.118102158105824	27.51625235191438	0.0	0.0	
22.019351117309515	3.8597422449727077	0.0	0.0	
31.73332152966096	5.74771928689718	0.0	0.0	
13.75400529719088	24.81674599915905	0.0	0.0	
12.938941549788701	30.12467733340073	0.0	0.0	
25.021025124405313	15.711146339465206	0.0	0.0	
0.6877639113923912	31.379378189051014	0.0	0.0	
9.40734210190757	8.500591262946113	0.0	0.0	
1.5287714840644888	19.756154270991733	0.0	0.0	
31.742201854177637	0.49703022365659066	0.0	0.0	
31.427902319537786	10.69571627133951	0.0	0.0	
24.674043467701072	24.87515960887709	0.0	0.0	
26.921064163469808	6.343600620261576	0.0	0.0	
27.83336183312632	4.597355613006744	0.0	0.0	
2.6246405820177188	2.087771581335449	0.0	0.0	
25.03133776269952	26.671165953352126	0.0	0.0	
29.293629950435932	11.00551575284241	0.0	0.0	
6.275395604495589	20.396931249613626	0.0	0.0	
18.78999303310582	31.20191420960536	0.0	0.0	
19.881527047966877	13.86814668664087	0.0	0.0	
23.260533890955774	17.05552806970569	0.0	0.0	
19.424585130380628	1.6874809302842522	0.0	0.0	
4.915538864603079	18.508948920994296	0.0	0.0	
18.003303730379944	10.545231796136921	0.0	0.0	
2.4379704516042473	0.7910183829404147	0.0	0.0	
31.411068304754124	24.03716676157537	0.0	0.0	
0.984047634046366	24.938759897355936	0.0	0.0	
2.5360126286880664	12.350946165009752	0.0	0.0	
23.059134113936548	20.766339859883143	0.0	0.0	
2.4301163167525672	27.92727178264297	0.0	0.0	
0.5133918934499917	19.22064684532278	0.0	0.0	
21.48237659402945	6.6636623552262115	0.0	0.0	
11.582501335693358	26.503613362215816	0.0	0.0	
12.2949908138904	0.515420752285447	0.0	0.0	
29.805459748635524	23.89013173054093	0.0	0.0	
12.403534291311093	2.3157687040998844	0.0	0.0	
24.650340277964684	12.460900492915876	0.0	0.0	
9.265699446044469	3.4741538610660783	0.0	0.0	
4.807012734468291	22.80831939404651	0.0	0.0	
16.21215275208994	30.93374608792	0.0	0.0	
20.235074339859533	25.38248746385013	0.0	0.0	
2.9963572532998803	28.349877384687034	0.0	0.0	
12.127461493437988	16.490537749277273	0.0	0.0	
4.563120305047775	3.991149311746792	0.0	0.0	
19.437707224326065	25.24872340086916	0.0	0.0	
0.9746495990757467	25.882101221670407	0.0	0.0	
10.102508452426672	24.82297789099415	0.0	0.0	
6.323254083452358	11.281030729790096	0.0	0.0	
4.339833587865087	6.573342850134022	0.0	0.0	
26.113765796481275	21.86180264819289	0.0	0.0	
14.210676335645982	20.45209276706635	0.0	0.0	
18.305538578456947	29.904502080044615	0.0	0.0	
4.308050773047917	8.20066035930125	0.0	0.0	
27.076287190496124	14.239079657252933	0.0	0.0	
16.632158690473116	25.787411955579707	0.0	0.0	
19.829663992137284	5.533702312415485	0.0	0.0	
0.8044262755399245	19.250240032743946	0.0	0.0	
27.19038394712855	4.210829294700833	0.0	0.0	
19.658454709530137	28.15219700840259	0.0	0.0	
22.015451590587308	0.6861323830097952	0.0	0.0	
29.935169642484947	21.97838744767899	0.0	0.0	
31.828525988710897	5.7155579496318865	0.0	0.0	
9.394955902541575	15.588096547034723	0.0	0.0	
19.844151614196836	13.987997674670858	0.0	0.0	
20.68334909387767	22.87140163264404	0.0	0.0	
16.291805591514077	11.495590859123997	0.0	0.0	
15.727496821152343	10.570269637977393	0.0	0.0	
26.858848957700758	17.046989661253683	0.0	0.0	
24.781443979989596	15.063776536027245	0.0	0.0	
23.44283307766349	29.235936770456277	0.0	0.0	
6.22760452419184	17.381901045232564	0.0	0.0	
6.806652431819803	25.385538284778416	0.0	0.0	
30.204050475522084	25.493710249025487	0.0	0.0	
31.397760018687595	24.94069397093384	0.0	0.0	
1.6240138339167594	18.881720233182236	0.0	0.0	
12.51793499886481	11.096233187565922	0.0	0.0	
29.63731726697214	31.84523110365552	0.0	0.0	
21.97690559249081	23.25926167667393	0.0	0.0	
25.481388321143584	3.0622522123005993	0.0	0.0	
21.830846326922348	5.472736903638161	0.0	0.0	
23.097452996776763	29.942119807562857	0.0	0.0	
16.797844017898488	8.747177211403205	0.0	0.0	
25.01470057542275	21.587906710913565	0.0	0.0	
13.340967804716925	10.968032817905335	0.0	0.0	
21.21495302276856	25.804188854343664	0.0	0.0	
11.247187770071069	28.583369162145758	0.0	0.0	
8.94709502496178	19.6098126203537	0.0	0.0	
13.97549579817413	21.357061577519758	0.0	0.0	
14.92590376103136	10.331598215044124	0.0	0.0	
7.010248906190906	29.965944116814754	0.0	0.0	
11.48088043304993	2.1949107027589854	0.0	0.0	
16.001919242889862	6.275657131299077	0.0	0.0	
27.09245630862652	26.583125208629543	0.0	0.0	
13.121466929614073	12.434960253649038	0.0	0.0	
16.33429401662215	12.341546021803172	0.0	0.0	
29.852269027944942	12.488769812246527	0.0	0.0	
0.6036039180138779	13.91836215352173	0.0	0.0	
21.683859329376617	30.53658345337629	0.0	0.0	
10.441383751885333	19.450488995112032	0.0	0.0	
0.002695705045255181	20.85894409018241	0.0	0.0	
25.164766537079966	15.00182444814115	0.0	0.0	
2.754644614446793	19.685060172713726	0.0	0.0	
28.10490499535832	25.364898984171298	0.0	0.0	
0.003373822020662942	13.444236739701463	0.0	0.0	
31.120913502451497	15.418366659402285	0.0	0.0	
27.222332773016053	3.0116464689492304	0.0	0.0	
27.676055251710352	9.566045075287743	0.0	0.0	
12.797073458114596	8.66404125686909	0.0	0.0	
13.327327400219954	11.76517252882001	0.0	0.0	
21.456248746283737	22.260272470167454	0.0	0.0	
9.812729774762722	23.369038319151336	0.0	0.0	
22.40555516257245	3.4387366115868367	0.0	0.0	
8.56618949498382	9.074230186525885	0.0	0.0	
19.563628607743805	19.246877474663727	0.0	0.0	
8.162766689452091	10.403321721518186	0.0	0.0	
9.363965877482226	16.67097235283292	0.0	0.0	
5.57273648437161	21.147240372932057	0.0	0.0	
25.29519024414291	27.95842731789196	0.0	0.0	
10.8470612762287	5.971698203088366	0.0	0.0	
26.072790475766265	28.115612613260897	0.0	0.0	
3.5524582329345975	8.648567427154052	0.0	0.0	
10.508862397704831	10.081870715977928	0.0	0.0	
11.100067733355317	30.37646092072082	0.0	0.0	
23.925579800190363	26.710294212032956	0.0	0.0	
12.899265252103469	30.215862127430643	0.0	0.0	
19.507130051337167	7.278141019557449	0.0	0.0	
25.510088405719834	7.146835623782266	0.0	0.0	
30.326713886988497	31.9831589446681	0.0	0.0	
29.28145068607584	29.62862004102994	0.0	0.0	
25.06014675953192	21.847808184897968	0.0	0.0	
17.23682016541699	19.788287366529143	0.0	0.0	
21.623816804830295	13.481983633144875	0.0	0.0	
14.436801517254604	25.638045719052716	0.0	0.0	
18.891368789265186	24.817115579609517	0.0	0.0	
30.68423952899594	6.45866718394576	0.0	0.0	
5.704182835261996	25.082088503103865	0.0	0.0	
25.324707635192816	2.660033974719351	0.0	0.0	
0.6486157744058794	10.125623681780056	0.0	0.0	
16.462598558439943	4.589775104366545	0.0	0.0	
31.586690267316353	15.488917614221563	0.0	0.0	
29.80934679371513	28.803240782600003	0.0	0.0	
30.36711747421654	19.1864960085353	0.0	0.0	
26.03191523505832	4.751753010799199	0.0	0.0	
19.310579818685625	3.9739990505713827	0.0	0.0	
10.691970289184784	21.5398602003989	0.0	0.0	
5.708131329568012	19.5495255186486	0.0	0.0	
28.670392742536517	15.00901689236867	0.0	0.0	
11.928037496189834	17.281464801155696	0.0	0.0	
21.44804544194275	13.829119096446842	0.0	0.0	
12.923708601331175	23.91903643619964	0.0	0.0	
0.2658871746868492	8.770263843350168	0.0	0.0	
10.468926608577025	8.751094311564742	0.0	0.0	
19.83742824198142	19.3898738284257	0.0	0.0	
19.508545900748654	4.613173765243584	0.0	0.0	
4.790291906647688	14.13282114470864	0.0	0.0	
21.763867100427827	22.35912905650611	0.0	0.0	
6.057368260476476	16.14956083181533	0.0	0.0	
1.888325074546671	24.32334465370017	0.0	0.0	
30.59005549837391	22.34660427183221	0.0	0.0	
13.363352622543825	22.470852592394504	0.0	0.0	
27.237504479034094	2.9715855240342393	0.0	0.0	
2.7277525366447897	20.01559824003029	0.0	0.0	
25.406573118470092	15.08191336834139	0.0	0.0	
22.94741588172775	5.997646936863951	0.0	0.0	
15.94185068989885	31.418757399549396	0.0	0.0	
30.909965316874363	3.3446500929616327	0.0	0.0	
24.963506717035994	23.663799731392217	0.0	0.0	
5.612387730899606	12.115013291454648	0.0	0.0	
8.13315489133226	19.05159585120003	0.0	0.0	
4.059880140860088	7.337673432502513	0.0	0.0	
13.871426055858429	23.809063841979643	0.0	0.0	
19.394301658678334	13.148235312218517	0.0	0.0	
6.273498708582384	0.2641343605468478	0.0	0.0	
16.199049823625913	27.894822767541758	0.0	0.0	
18.814284508183675	1.25751405435987	0.0	0.0	
20.516854464809718	30.049656735871917	0.0	0.0	
6.979285871253786	25.8074049499829	0.0	0.0	
18.85096231232072	13.392201863066042	0.0	0.0	
31.529198621943074	27.077215088064648	0.0	0.0	
2.351827366357046	18.331806684237144	0.0	0.0	
10.545776574616198	26.3602951260417	0.0	0.0	
22.99672697774786	17.267090242386377	0.0	0.0	
8.7848263453753	9.130174988371806	0.0	0.0	
9.690109997954533	7.78910962162659	0.0	0.0	
15.935356004180111	2.4914946375510887	0.0	0.0	
29.515848330768197	4.434679523989008	0.0	0.0	
10.551471028275714	14.301281643568835	0.0	0.0	
29.961117277850708	4.606275746945784	0.0	0.0	
21.729670461299502	12.092905768610212	0.0	0.0	
9.804943669412964	23.22040270173563	0.0	0.0	
5.511728144359203	28.45777547919088	0.0	0.0	
1.7728971045567086	30.877439862986645	0.0	0.0	
19.828383963146795	0.586901881861678	0.0	0.0	
2.7877905818870197	5.592323003187214	0.0	0.0	
25.246585425505117	30.819992366625186	0.0	0.0	
24.350512103464517	19.438882693798323	0.0	0.0	
12.848353705577445	20.814763001448163	0.0	0.0	
16.689143703991235	9.02171162473136	0.0	0.0	
26.614645307236806	27.868205207643026	0.0	0.0	
12.30028465740337	23.990029147319994	0.0	0.0	
29.34173742341754	5.691178468136602	0.0	0.0	
27.721079915085106	28.237852405152875	0.0	0.0	
10.54060687109148	0.878811278314064	0.0	0.0	
14.519847598232474	2.2299378092991446	0.0	0.0	
6.058620896404829	22.478621303191648	0.0	0.0	
16.56621275491457	8.789708631061849	0.0	0.0	
12.200162947173368	29.072362430478446	0.0	0.0	
18.491782528052504	7.3594026068846965	0.0	0.0	
5.977879478942302	19.05082308564307	0.0	0.0	
31.166763520703785	26.733370619959928	0.0	0.0	
20.954647545837897	13.010576314814106	0.0	0.0	
31.861439617426118	17.598974122010993	0.0	0.0	
12.666638313861142	24.643633252801052	0.0	0.0	
6.080762422887112	7.614537008733187	0.0	0.0	
13.744553651659409	3.8470675216601506	0.0	0.0	
10.603945882779403	29.619083691045706	0.0	0.0	
29.891166290798775	14.422114859063349	0.0	0.0	
2.7032659107968193	7.113553323012614	0.0	0.0	
10.98706772992971	26.90445025781601	0.0	0.0	
16.108833273587102	20.539643650223773	0.0	0.0	
16.652769572390792	12.25225008785479	0.0	0.0	
14.127182138567125	28.368803341783416	0.0	0.0	
28.385795835881964	2.833111858489051	0.0	0.0	
19.55570753264945	13.640916541040724	0.0	0.0	
17.037152459854497	4.162561043875783	0.0	0.0	
1.2095130902956406	21.21530440225351	0.0	0.0	
29.88456902171493	9.469648857302566	0.0	0.0	
10.497884531729746	15.873413469239036	0.0	0.0	
11.536724083776264	17.6809831876393	0.0	0.0	
31.532276626334752	18.79635106465939	0.0	0.0	
28.94335380330632	19.84788514718148	0.0	0.0	
21.342958457831944	8.211698295138117	0.0	0.0	
19.16819043399209	16.72882328937264	0.0	0.0	
31.760002511846082	23.44767121726993	0.0	0.0	
20.91212953838215	22.636320545405024	0.0	0.0	
26.808067924397744	14.76132237383025	0.0	0.0	
19.503829886917362	29.270371878274947	0.0	0.0	
26.147258044099015	27.619765408947632	0.0	0.0	
12.154702308557596	21.644368143202794	0.0	0.0	
3.9986238171914685	24.56879597633453	0.0	0.0	
26.127819293702604	17.20045982899986	0.0	0.0	
18.0235889717774	24.598053951308373	0.0	0.0	
18.925181778523633	26.83438198311736	0.0	0.0	
29.507894012339186	24.306774872347518	0.0	0.0	
4.338243130919107	7.482102095537076	0.0	0.0	
13.4748044204023	18.080648547011958	0.0	0.0	
28.102394073835995	10.640958005325668	0.0	0.0	
24.029937230849153	9.981099617737328	0.0	0.0	
21.441597748013326	3.052754131621427	0.0	0.0	
6.705018960181295	19.323055871875564	0.0	0.0	
12.429942337201418	18.30605322209822	0.0	0.0	
4.276634025020108	18.12483967573803	0.0	0.0	
10.832180653597351	13.963503392417127	0.0	0.0	
8.315062391853804	8.257251541907227	0.0	0.0	
13.974660380159168	15.387268967023044	0.0	0.0	
17.212117099123166	8.082259876460917	0.0	0.0	
19.582847392086816	31.800406882735327	0.0	0.0	
5.04627452817153	5.049968937450288	0.0	0.0	
22.124950851730322	17.77183445250348	0.0	0.0	
18.808745258016817	15.609064452325505	0.0	0.0	
3.7122912051248917	25.6248923096374	0.0	0.0	
25.136745293589026	3.7608522332563368	0.0	0.0	
0.7074497376005695	12.519837816258285	0.0	0.0	
22.50637821921042	21.015218521644584	0.0	0.0	
11.984619207346242	27.285946488874433	0.0	0.0	
13.06943150020438	6.678769045694377	0.0	0.0	
29.551648286553878	0.11039724625593195	0.0	0.0	
19.34991056914888	24.465671585249762	0.0	0.0	
18.269903823155175	9.326373003600015	0.0	0.0	
30.126908536414895	2.4770767006048438	0.0	0.0	
4.93203970766524	30.561460030731876	0.0	0.0	
14.881585900756516	2.5858290538380793	0.0	0.0	
14.70448511025516	21.961964055588975	0.0	0.0	
21.381180523509	18.09983391507319	0.0	0.0	
25.87724817762641	9.095355196323432	0.0	0.0	
12.150307506497853	14.548557874483155	0.0	0.0	
18.852617620364875	14.164578843346629	0.0	0.0	
15.170031971323233	0.4015771386113052	0.0	0.0	
25.32254568907394	1.3291756726230446	0.0	0.0	
20.048252164506103	26.30056467821812	0.0	0.0	
9.487349111368793	18.989854733187432	0.0	0.0	
1.377262382907361	11.429701289477492	0.0	0.0	
25.324847744801733	9.98573745063937	0.0	0.0	
19.24602493308084	5.916536587272194	0.0	0.0	
2.4073182444675467	10.855101804007514	0.0	0.0	
22.63541595131495	6.846302134971584	0.0	0.0	
25.458737402819345	1.1745162030599339	0.0	0.0	
16.494441896048507	27.522423185344014	0.0	0.0	
0.8018187272422637	7.503685446831806	0.0	0.0	
4.95214540166058	1.0356733059727077	0.0	0.0	
16.3489151914688	24.796696428389378	0.0	0.0	
1.43577787893787	15.703439569181757	0.0	0.0	
2.931033662942138	26.09888397727302	0.0	0.0	
20.2010896153367	20.057222779519485	0.0	0.0	
23.862904788522986	16.22446110974623	0.0	0.0	
31.65021520978815	12.216264874162693	0.0	0.0	
2.8425217109121093	8.468653470483346	0.0	0.0	
18.717799479288168	9.1858454785827	0.0	0.0	
27.51741249055742	11.141640719424707	0.0	0.0	
14.37133297487853	15.911820152055359	0.0	0.0	
21.92897460559748	28.1481276366937	0.0	0.0	
25.478786976658615	16.156870824504562	0.0	0.0	
26.82073649219213	5.972346605541631	0.0	0.0	
14.204939286029578	21.66216996718628	0.0	0.0	
20.914870722340915	31.22607945104184	0.0	0.0	
27.342198833702735	22.54281209449655	0.0	0.0	
11.866199681302582	12.526614483479978	0.0	0.0	
23.886035326089875	20.709917452371606	0.0	0.0	
26.881636127139984	1.2813986764599328	0.0	0.0	
31.015607910079236	6.993708224323889	0.0	0.0	
21.942391183656618	20.31435742127887	0.0	0.0	
24.346741813802026	31.60799353524864	0.0	0.0	
22.645907595616503	24.258989461001057	0.0	0.0	
0.1018421025125349	1.1913750130521201	0.0	0.0	
18.86140027531383	31.587180051653053	0.0	0.0	
25.057353130892416	29.150995934104053	0.0	0.0	
29.553324968350495	1.6983533384119767	0.0	0.0	
16.375547513563912	24.572286895930166	0.0	0.0	
27.937031641020987	15.87498351837121	0.0	0.0	
11.89641872668145	1.2074222051066386	0.0	0.0	
25.258939322912603	31.409173190314558	0.0	0.0	
5.47582661924087	29.8460937872757	0.0	0.0	
3.5002807400588125	4.297231567241731	0.0	0.0	
16.51159193917201	14.816970279958351	0.0	0.0	
26.32711988586765	21.191797392161043	0.0	0.0	
25.20037972721662	6.789068379831409	0.0	0.0	
7.435909579001848	22.208297417079134	0.0	0.0	
28.26063637546488	23.725444249046568	0.0	0.0	
