2
32.0	0.0	0.0	0.0	
0.0	32.0	0.0	0.0	
20.77612469093781	22.4432946911435	0.0	0.0	
30.103898527061524	2.6137284740915447	0.0	0.0	
20.625575355537453	15.192577965226338	0.0	0.0	
0.20929860294989666	15.99157010492521	0.0	0.0	
25.144416148727416	0.2789658880112107	0.0	0.0	
8.906870711069892	26.091537461827823	0.0	0.0	
27.4846286625826	27.11332207927806	0.0	0.0	
1.492038809886477	14.581960213746129	0.0	0.0	
5.286979304717047	3.661851486907633	0.0	0.0	
23.94029021851933	8.604801903758691	0.0	0.0	
29.767602128576062	25.155726399847175	0.0	0.0	
7.834278243095955	5.148971801860238	0.0	0.0	
14.329766633618103	16.19104736660152	0.0	0.0	
0.26583873403284386	4.398873835941032	0.0	0.0	
22.929512336038346	31.626034754287147	0.0	0.0	
22.130721543292495	19.613245159876538	0.0	0.0	
22.128944601492318	1.1033087096562362	0.0	0.0	
12.917235334766566	21.107680439899177	0.0	0.0	
9.160146777826217	2.941180914177842	0.0	0.0	
13.209855355251953	28.824234164251912	0.0	0.0	
17.930478890960888	25.58749781127419	0.0	0.0	
4.607658382385111	15.636677974564762	0.0	0.0	
21.655107081170538	24.938067678270148	0.0	0.0	
24.350712606223635	20.13047009966484	0.0	0.0	
4.494579816916904	4.67786093429071	0.0	0.0	
3.7535553976042486	18.446106284341134	0.0	0.0	
11.584870085598052	21.526521329238346	0.0	0.0	
22.716970112353188	26.638448636581355	0.0	0.0	
17.015291619946264	23.638253052730565	0.0	0.0	
9.522383126303225	23.538328596866	0.0	0.0	
9.314496239585353	0.14914578802622103	0.0	0.0	
30.478872023919074	29.44875858018379	0.0	0.0	
8.464550047777216	17.33780785693154	0.0	0.0	
22.301280066496492	0.9140416252966972	0.0	0.0	
2.1134867512800284	11.279190656716931	0.0	0.0	
14.199906818593291	19.878232511812485	0.0	0.0	
1.1325848671635548	6.087955424989023	0.0	0.0	
24.472062311963303	12.464184379571876	0.0	0.0	
27.491106077015722	12.18118688097568	0.0	0.0	
17.548613277288226	19.72561387613415	0.0	0.0	
4.690259961178221	1.7929182698874229	0.0	0.0	
3.218431307995207	31.85644679556242	0.0	0.0	
7.862406195720435	4.987443757124819	0.0	0.0	
1.1270580266900332	7.522097635855179	0.0	0.0	
1.9133513985685937	8.243366166521504	0.0	0.0	
9.38396357254181	7.0205608140637175	0.0	0.0	
21.624592074312424	2.4944036269255143	0.0	0.0	
5.305065470422534	1.8743414912683392	0.0	0.0	
30.73964102127833	14.333485279329967	0.0	0.0	
16.006816798353686	14.397579474868138	0.0	0.0	
14.321747252206848	5.407607861931481	0.0	0.0	
26.161568941028268	0.6243818291244736	0.0	0.0	
27.66387396766493	4.0568187077288265	0.0	0.0	
21.989507688723553	14.107341573340786	0.0	0.0	
9.275294113620419	14.832263991638861	0.0	0.0	
22.263504657174376	8.57613757705128	0.0	0.0	
4.608569588415765	7.437882616330324	0.0	0.0	
11.715026229505295	26.272674403079424	0.0	0.0	
11.074244491789845	22.66431796511656	0.0	0.0	
4.968323707020911	21.361216010539838	0.0	0.0	
14.37791466813432	27.756118564362374	0.0	0.0	
4.3237333513030265	22.721293324752335	0.0	0.0	
27.59982012216318	18.642087512507658	0.0	0.0	
9.061712160207435	22.916999708963743	0.0	0.0	
10.812352959946992	27.246372195517452	0.0	0.0	
31.88881162966495	11.241034521906126	0.0	0.0	
10.518472700259228	6.057058679750167	0.0	0.0	
28.10831977219067	25.140457363394443	0.0	0.0	
30.193140597995004	31.41281310933662	0.0	0.0	
11.018543186413812	2.4191394769169428	0.0	0.0	
17.253718255051123	11.674982330556965	0.0	0.0	
7.482426882957004	10.56159007685606	0.0	0.0	
18.939138321412695	12.484904469961595	0.0	0.0	
31.42888882404554	14.41818545956863	0.0	0.0	
4.0544617415961675	4.839581673678058	0.0	0.0	
25.988368696324397	24.738490332665645	0.0	0.0	
23.776747912743964	7.547759157420035	0.0	0.0	
9.361618531696227	24.027538235704043	0.0	0.0	
7.36907799902486	18.022929579229697	0.0	0.0	
2.268848661660268	4.1828798176927435	0.0	0.0	
23.287070432847614	18.08278497195632	0.0	0.0	
14.102569379535623	15.081008360768895	0.0	0.0	
15.71418133120181	19.998794592107725	0.0	0.0	
13.539255127170051	25.689684537620806	0.0	0.0	
12.20754235028921	7.89083541814038	0.0	0.0	
2.1433494639365307	24.733815499665546	0.0	0.0	
11.283180293865719	16.524887423532956	0.0	0.0	
13.654510224894974	16.969133481893873	0.0	0.0	
20.74935320822497	19.34627192133195	0.0	0.0	
8.716135684096542	20.584055995162913	0.0	0.0	
2.175786509076815	4.748528227053576	0.0	0.0	
4.566786245761428	21.208213052436637	0.0	0.0	
7.340544887188525	20.499824627698604	0.0	0.0	
12.15051205702795	24.849411310684516	0.0	0.0	
0.17642181443660476	13.0777071591939	0.0	0.0	
21.730931472566137	11.252773702035086	0.0	0.0	
16.098563043464154	8.05622774467195	0.0	0.0	
9.60760493529046	3.137664148954922	0.0	0.0	
14.053368237077308	27.710780955685316	0.0	0.0	
30.784166070319444	30.183149420759644	0.0	0.0	
16.030987696527827	7.162266152482026	0.0	0.0	
24.63877922856011	31.392662112191648	0.0	0.0	
0.18994377605946156	27.006579310421948	0.0	0.0	
22.544060293710505	14.436050052479946	0.0	0.0	
20.949404333767333	24.366594125851588	0.0	0.0	
22.23005436856255	25.483041358035692	0.0	0.0	
10.498072328753572	18.904335286021027	0.0	0.0	
13.987548389002281	6.008889329110051	0.0	0.0	
21.07306158377307	4.877237558678338	0.0	0.0	
0.5679583295808257	12.325919302491126	0.0	0.0	
14.552830879418668	21.263707827672135	0.0	0.0	
22.822878918491448	12.170957398110083	0.0	0.0	
31.017670523854395	29.205004467881473	0.0	0.0	
7.337755101969883	5.949507471971039	0.0	0.0	
16.635331218651448	17.73739682838158	0.0	0.0	
16.691126501815337	10.47814018469997	0.0	0.0	
3.4832736766474284	30.001822897751403	0.0	0.0	
5.450208262015238	5.618623767020932	0.0	0.0	
4.735988796687025	25.646691402731125	0.0	0.0	
2.2333041678101075	8.38888455083529	0.0	0.0	
9.690321117511814	1.0960484987346248	0.0	0.0	
25.64980206289188	25.58566974808942	0.0	0.0	
13.331287718216089	6.186350272747244	0.0	0.0	
19.81849625382812	18.87057591072973	0.0	0.0	
29.557941568166953	6.750861690462177	0.0	0.0	
8.046415403828043	31.82209434480992	0.0	0.0	
12.715946713731324	9.749332265906133	0.0	0.0	
24.548154640696218	1.369666135037889	0.0	0.0	
19.541211730758743	28.464081496470087	0.0	0.0	
29.214261039179902	19.987749597707783	0.0	0.0	
8.571265886316322	24.15391967923108	0.0	0.0	
11.231476064525605	22.56452424559649	0.0	0.0	
12.573720290436224	14.218309531952503	0.0	0.0	
20.61183343737498	1.146588567876769	0.0	0.0	
29.216773978830084	4.1303657184311895	0.0	0.0	
31.32282619614783	24.571872902757374	0.0	0.0	
20.187763594918117	12.25201263830255	0.0	0.0	
1.3193769870645689	26.541346530011953	0.0	0.0	
18.892784724862395	11.790856580953093	0.0	0.0	
27.503263423210633	23.710075962025567	0.0	0.0	
0.6627261007758207	15.397750061918881	0.0	0.0	
22.669021154208234	31.813340127156316	0.0	0.0	
8.897237172267474	0.10605276146213427	0.0	0.0	
30.841875590097064	1.5650291654012953	0.0	0.0	
29.30558578491015	30.755530781861992	0.0	0.0	
2.2062619448144254	11.823850255410584	0.0	0.0	
16.640805921232165	29.043300906139496	0.0	0.0	
14.066974933952036	5.763473839409993	0.0	0.0	
15.092573597073066	16.1571502963782	0.0	0.0	
7.491011160862694	15.976574543750228	0.0	0.0	
9.768222028942873	8.659432135572452	0.0	0.0	
24.322942307468367	13.80185033261656	0.0	0.0	
3.5238265138270677	9.73547462777615	0.0	0.0	
27.336171158963825	5.578002421829499	0.0	0.0	
11.769114330554064	0.599142275469216	0.0	0.0	
2.3430100477367475	20.316656585676046	0.0	0.0	
25.90411200177953	1.1175016980371915	0.0	0.0	
26.263233229072355	2.1449912704792204	0.0	0.0	
27.68093261580338	0.9082099395723517	0.0	0.0	
9.911098827279119	23.433182130183564	0.0	0.0	
23.708815396131428	24.959357102466562	0.0	0.0	
13.416039768879617	28.71137631344878	0.0	0.0	
31.917928495629617	2.963798924422562	0.0	0.0	
14.7018377855076	2.15388964858721	0.0	0.0	
21.15956336215903	19.968419892421654	0.0	0.0	
22.017298153454597	4.563502751815577	0.0	0.0	
9.33694272457224	29.008281084464237	0.0	0.0	
7.077090314173429	9.638875580971732	0.0	0.0	
29.986067840279826	9.926902344465756	0.0	0.0	
19.005217038660522	18.816624113180655	0.0	0.0	
17.293261681428547	19.086058407790166	0.0	0.0	
12.822995728943791	18.866429054241365	0.0	0.0	
15.911250723221546	6.542185596771322	0.0	0.0	
1.2414949451390456	15.962543352284037	0.0	0.0	
25.21324762540812	15.136039164312376	0.0	0.0	
24.30266976058103	25.522874156301764	0.0	0.0	
18.001202525343665	18.152709676429126	0.0	0.0	
3.589281521338048	9.324603778907697	0.0	0.0	
0.6127950851397053	20.152310464427515	0.0	0.0	
12.233082374599128	5.635820589378206	0.0	0.0	
20.68159065239763	30.52643793665823	0.0	0.0	
19.532422042015757	13.736481829297176	0.0	0.0	
9.58001541335068	3.2873339867843576	0.0	0.0	
20.986704382259532	19.138247726428347	0.0	0.0	
17.588166286135458	3.857609230040655	0.0	0.0	
28.428642989717396	15.768892659561473	0.0	0.0	
6.439382047559999	0.9606054609227677	0.0	0.0	
5.645388019006855	4.993288273652521	0.0	0.0	
29.139280635758432	10.787213023209592	0.0	0.0	
8.77718594748061	10.442781704373633	0.0	0.0	
3.0432974546848293	15.293255609043968	0.0	0.0	
2.064870183777547	30.834529367534355	0.0	0.0	
10.795416077819564	7.589591385396126	0.0	0.0	
28.50887494516263	31.348378201170664	0.0	0.0	
2.6740720841881185	18.051581566890473	0.0	0.0	
29.60821907232036	3.53329508401535	0.0	0.0	
19.298320995094308	16.951784862426546	0.0	0.0	
28.541949321067566	12.449966039744837	0.0	0.0	
6.105510964959674	30.206119450759864	0.0	0.0	
20.722993400808992	25.251127063865198	0.0	0.0	
25.883979576462764	15.216180877590059	0.0	0.0	
27.439201041579278	25.10688136518622	0.0	0.0	
4.626840566554442	22.33171212003063	0.0	0.0	
12.804164136638203	3.594320468360827	0.0	0.0	
26.036430559698797	3.5747285689509916	0.0	0.0	
2.423305828783068	22.899195680801494	0.0	0.0	
3.9903239524498737	15.22879754940018	0.0	0.0	
6.468462348682749	20.238460540617396	0.0	0.0	
31.15527923625405	5.9072608426312065	0.0	0.0	
29.514247186543347	13.293835059910556	0.0	0.0	
10.241756437109725	24.134469842673017	0.0	0.0	
1.4245497252767798	4.136769251378674	0.0	0.0	
30.348841997321145	6.768030898697553	0.0	0.0	
30.501069931447393	8.241601511656562	0.0	0.0	
15.756292636783925	16.727089871970556	0.0	0.0	
1.0995463550920341	14.571080557649317	0.0	0.0	
18.439605371198567	18.809267035629677	0.0	0.0	
10.324201039528415	23.584988436365325	0.0	0.0	
22.223970643405128	29.855896756293664	0.0	0.0	
28.59676287543716	22.324989217858263	0.0	0.0	
25.085943004924406	7.6996731464390145	0.0	0.0	
15.618106797428059	8.540750492172908	0.0	0.0	
16.30404028584568	25.980439886242625	0.0	0.0	
26.88975143630964	0.4011731582630347	0.0	0.0	
0.8947269207783357	25.100512352019507	0.0	0.0	
2.325140815515905	1.4234796383745945	0.0	0.0	
15.39479504984574	31.78249733545249	0.0	0.0	
3.279182593984448	27.991251069672867	0.0	0.0	
15.912009861395493	27.59445244802768	0.0	0.0	
30.63876004906999	19.899565698385445	0.0	0.0	
11.773797318242927	2.100930042118904	0.0	0.0	
17.1922763622009	24.00050622301813	0.0	0.0	
3.0536859031886365	7.703239804780868	0.0	0.0	
11.84879526340589	7.004655286940757	0.0	0.0	
3.555399205157414	27.383499413188098	0.0	0.0	
11.378097866261939	20.998998614821293	0.0	0.0	
17.259573450960836	27.09913765255864	0.0	0.0	
27.512620240382404	10.260665553644873	0.0	0.0	
8.642738221774092	12.847761164159806	0.0	0.0	
13.244818166843277	4.295263375693178	0.0	0.0	
18.827356501199997	22.31440568250932	0.0	0.0	
5.559243515047715	8.075446707239664	0.0	0.0	
22.146071088113008	8.544663120931343	0.0	0.0	
13.514250972875555	11.427517981748682	0.0	0.0	
14.991186663489394	19.72233217734368	0.0	0.0	
25.105849526258876	8.779912278232167	0.0	0.0	
27.259855849776798	21.26960399303037	0.0	0.0	
8.479606327583209	7.964260092747729	0.0	0.0	
6.721037760723206	0.9021734403268589	0.0	0.0	
27.29348611004332	21.821080781585316	0.0	0.0	
18.71716108284012	26.703954217822467	0.0	0.0	
10.348146647623405	11.076096843513831	0.0	0.0	
10.895689803924483	5.771586330097467	0.0	0.0	
0.25771190399287747	29.302362757205078	0.0	0.0	
10.224198019199992	13.018055824888027	0.0	0.0	
20.903174048348042	8.737035458448862	0.0	0.0	
20.265289457724403	20.81685107109992	0.0	0.0	
28.03662196154758	11.064986599170116	0.0	0.0	
17.19596197976373	21.33488357811649	0.0	0.0	
10.604123469760935	3.0984360073277735	0.0	0.0	
28.925531215509718	9.928870684522632	0.0	0.0	
25.139790942174724	5.438069913730121	0.0	0.0	
30.70504926540946	5.007689319612158	0.0	0.0	
28.029335563654357	5.283847405385352	0.0	0.0	
15.397289834639757	22.383633760994947	0.0	0.0	
17.37464962142978	21.829970471827885	0.0	0.0	
0.573884672278627	3.8680076821895923	0.0	0.0	
18.758498681270986	24.178473233629063	0.0	0.0	
5.001316650962476	13.503039020798663	0.0	0.0	
21.284663744723282	23.38050066442909	0.0	0.0	
23.64616047265243	2.18910886886993	0.0	0.0	
15.66217284473548	4.648461661556389	0.0	0.0	
12.093222324589995	11.593317986346865	0.0	0.0	
23.88482917281754	22.17529125547288	0.0	0.0	
9.53778337416325	10.560969326158954	0.0	0.0	
6.396657578711022	7.855761670019135	0.0	0.0	
19.590350261195923	19.033254610164892	0.0	0.0	
3.989824510141272	1.509114028997974	0.0	0.0	
4.665994482380622	2.756920184200549	0.0	0.0	
14.643126876376868	14.192600467340132	0.0	0.0	
13.691203777789234	11.73021854533194	0.0	0.0	
18.685436424437633	4.409478942184613	0.0	0.0	
16.227645010735323	8.75534374183	0.0	0.0	
22.113196207356864	4.444797200560863	0.0	0.0	
3.093576237188703	31.757116095543704	0.0	0.0	
27.016590835207012	8.04871438025367	0.0	0.0	
22.88321493774459	29.998550493981174	0.0	0.0	
31.45389217309909	22.08969203645029	0.0	0.0	
24.91962291684432	7.931355556131013	0.0	0.0	
17.77182574718951	29.902079712431714	0.0	0.0	
4.289613458995259	24.212216027247134	0.0	0.0	
18.406150311092027	7.404630471402793	0.0	0.0	
2.139143910598584	5.48855612759424	0.0	0.0	
4.910829027233081	6.446462439277234	0.0	0.0	
23.136457080329603	31.320765950905184	0.0	0.0	
27.300197393955653	14.413756650974218	0.0	0.0	
23.10101967141063	1.040747389279268	0.0	0.0	
7.6397885601307	22.34400203364966	0.0	0.0	
10.801132826727674	4.966306821549519	0.0	0.0	
27.21707407505797	31.22530463604611	0.0	0.0	
0.32616478427329554	3.02973288304268	0.0	0.0	
10.096023424155462	13.175897148322708	0.0	0.0	
5.599745597365917	22.92029162298153	0.0	0.0	
2.319919517639619	3.252327238618676	0.0	0.0	
28.861635798021563	7.908214614464207	0.0	0.0	
1.341387426899903	27.26762340716463	0.0	0.0	
13.205794751421262	1.1586844172962394	0.0	0.0	
27.073324000103327	11.865455469678178	0.0	0.0	
3.9766921470970544	15.242025393726017	0.0	0.0	
11.942204626199974	24.108769182547736	0.0	0.0	
19.73315364428866	27.292210540265334	0.0	0.0	
21.980318194440606	27.837824003055594	0.0	0.0	
25.81499511889711	8.573231144280978	0.0	0.0	
13.613437864853712	1.4762136642279522	0.0	0.0	
14.89866686096573	10.81027737109962	0.0	0.0	
23.519223807315388	4.113020467794598	0.0	0.0	
4.80243795184575	14.409906258175823	0.0	0.0	
3.521695494025117	22.176757257075703	0.0	0.0	
27.621700598918984	26.001297014941837	0.0	0.0	
1.009780624900337	16.472490446838492	0.0	0.0	
30.61115034673899	22.80060516217689	0.0	0.0	
30.51779390798569	2.852396332717465	0.0	0.0	
8.554768677706214	0.5892281628483929	0.0	0.0	
12.8110384734982	12.920680561331928	0.0	0.0	
9.612847054873228	27.239026539490993	0.0	0.0	
16.67701112544687	16.13502363280788	0.0	0.0	
25.88015601110183	29.829155438789428	0.0	0.0	
17.962066322429788	13.540645213549958	0.0	0.0	
17.315178455125647	26.377414025241105	0.0	0.0	
1.6557564821462485	17.66477052934378	0.0	0.0	
2.3267691868174403	15.764580440170025	0.0	0.0	
22.663234257069554	8.250592971681044	0.0	0.0	
0.5233418374538488	8.64857869739214	0.0	0.0	
27.546574236064945	2.9989046531725307	0.0	0.0	
3.011416395283703	4.335766395515307	0.0	0.0	
22.005888165022395	17.690839299495828	0.0	0.0	
24.05991483761417	29.085059769855274	0.0	0.0	
25.640643818176112	8.522030554751538	0.0	0.0	
11.73033731419855	25.327451516588862	0.0	0.0	
29.475250472482227	26.58699451777657	0.0	0.0	
20.944748679213514	3.6866093415869656	0.0	0.0	
16.37504675477914	12.995164244756332	0.0	0.0	
30.008153895555434	15.166442877765213	0.0	0.0	
26.858908091650424	17.46374901841622	0.0	0.0	
18.207739593603165	16.457543145022306	0.0	0.0	
2.0542056010329794	24.804830118712438	0.0	0.0	
2.542732089150448	15.590990916693777	0.0	0.0	
20.7157400354148	15.211182590011934	0.0	0.0	
31.61276330086109	0.9003605000791772	0.0	0.0	
26.709276333950378	10.801892628461268	0.0	0.0	
6.051462735936731	28.98888451534216	0.0	0.0	
22.00849742621203	13.570272383387145	0.0	0.0	
28.111679969085685	10.050281501501676	0.0	0.0	
5.103226151931786	21.695902839298423	0.0	0.0	
14.852304941182222	7.074127412195839	0.0	0.0	
24.488496107973535	11.68489269717443	0.0	0.0	
17.50134328098039	7.295846736174298	0.0	0.0	
5.650054075368633	13.000918483154752	0.0	0.0	
12.293717783816462	21.460271636551354	0.0	0.0	
15.453195007748427	26.48306516399835	0.0	0.0	
8.036713515032336	13.818130252678351	0.0	0.0	
6.7286594861282225	16.994617042140668	0.0	0.0	
4.02308451386763	7.385378401746291	0.0	0.0	
5.557800090717716	3.9120900059325336	0.0	0.0	
12.28969046337561	4.3367316175136175	0.0	0.0	
26.96620782612174	10.585934059535553	0.0	0.0	
27.86844370041008	9.379132504219054	0.0	0.0	
18.421159314332673	5.335271166171363	0.0	0.0	
0.8756468828922941	18.525818160697515	0.0	0.0	
24.223762760151644	2.370914551789433	0.0	0.0	
0.805857762907749	11.237884978322207	0.0	0.0	
11.183827011048638	17.04891966576135	0.0	0.0	
30.36912942080973	31.32742236122191	0.0	0.0	
13.151661827083721	23.668533200788737	0.0	0.0	
23.705488386171734	16.92933754195886	0.0	0.0	
26.272130327298648	18.533593715062718	0.0	0.0	
13.064467685021896	30.101116443538363	0.0	0.0	
18.873548237739723	19.332868553684396	0.0	0.0	
26.601242579624444	30.055870912133432	0.0	0.0	
18.13609615991497	10.298211055779774	0.0	0.0	
5.7238508758851445	21.522971007026012	0.0	0.0	
20.156658906611963	19.23766763712431	0.0	0.0	
22.263119440343814	23.822574854385902	0.0	0.0	
27.22255789875226	7.5357219075974875	0.0	0.0	
15.992077030692023	18.78154322322815	0.0	0.0	
27.59150330776579	14.255987393531708	0.0	0.0	
25.08540717517421	25.94883251165519	0.0	0.0	
29.887286716152364	30.656349458908608	0.0	0.0	
6.735949809260571	4.739571039714253	0.0	0.0	
10.052533019288504	3.3807570709797936	0.0	0.0	
10.226574112728425	24.80919427139721	0.0	0.0	
3.129640322999993	4.894710232843096	0.0	0.0	
8.318500777512309	29.929683391416564	0.0	0.0	
14.982704583640842	26.96936795931164	0.0	0.0	
21.073338685026926	8.252304719734084	0.0	0.0	
15.481244971945117	6.657971822317002	0.0	0.0	
9.391601524313433	0.21892005625709032	0.0	0.0	
23.852646052320388	3.4050434187660095	0.0	0.0	
12.432540148304298	22.411346878387626	0.0	0.0	
28.51931308632241	1.0268661507325696	0.0	0.0	
23.742367834661195	30.34262270551879	0.0	0.0	
27.353392759702132	3.179368856709903	0.0	0.0	
14.368808392502395	7.106925297281684	0.0	0.0	
30.26534481167217	14.741079651650335	0.0	0.0	
22.59920999994882	21.80859887989867	0.0	0.0	
8.194969761462925	28.561283452791415	0.0	0.0	
5.27691048659819	8.541188237463555	0.0	0.0	
15.236281051456515	11.872754547645144	0.0	0.0	
23.54660202762588	23.315929122637094	0.0	0.0	
11.805033213393507	6.456794358288295	0.0	0.0	
10.803515744389646	25.05401157129128	0.0	0.0	
10.712244009861866	2.6413092865145025	0.0	0.0	
11.32261801803488	23.808506175774895	0.0	0.0	
26.644864413389577	28.976987044850055	0.0	0.0	
20.516624772067694	7.648402596673215	0.0	0.0	
18.080478987943007	28.00679377617416	0.0	0.0	
6.570710586290453	22.45083137940995	0.0	0.0	
26.8828921993296	25.795350535579797	0.0	0.0	
11.909356642843115	6.8739965755029395	0.0	0.0	
24.442782283227906	9.327903281896159	0.0	0.0	
3.6231839178620433	4.5481037609978685	0.0	0.0	
16.069270510971016	30.3682622385924	0.0	0.0	
22.15810935253596	27.88430754855576	0.0	0.0	
15.34165291326699	15.532629253043531	0.0	0.0	
9.957016967632377	7.54759210213664	0.0	0.0	
7.365039599076798	1.7695940901553726	0.0	0.0	
9.851071073076117	4.790582809460258	0.0	0.0	
16.859098602200238	7.954476261349317	0.0	0.0	
0.9718585154453656	12.627885157500405	0.0	0.0	
28.229723976253183	20.839018834158402	0.0	0.0	
19.246495581081433	4.244880902984434	0.0	0.0	
1.106247674870417	9.306483451287615	0.0	0.0	
22.080233120377343	2.846025555716384	0.0	0.0	
26.3285537203591	29.693320877181577	0.0	0.0	
1.8766636029932684	0.25700319625012114	0.0	0.0	
30.9839732304151	1.3744274485275803	0.0	0.0	
23.669617773235373	18.434412832692303	0.0	0.0	
16.257343693816164	21.138548560737934	0.0	0.0	
5.006636467602249	9.341217807802046	0.0	0.0	
9.706024210399484	23.3043253411159	0.0	0.0	
13.73409608190201	25.191023039965774	0.0	0.0	
29.993131103080064	6.525485513795406	0.0	0.0	
11.493294514496348	11.276685148400905	0.0	0.0	
13.272149241471727	5.96411731987385	0.0	0.0	
4.623921859754869	28.917783049474146	0.0	0.0	
26.988067641833265	3.440397402290376	0.0	0.0	
17.68474684760689	19.991031867356106	0.0	0.0	
31.28536854523453	2.6647060087316774	0.0	0.0	
27.58561057325552	21.199148109614256	0.0	0.0	
16.461259091917533	31.564781146341453	0.0	0.0	
10.728962925907933	2.495976952475008	0.0	0.0	
13.344383077169848	29.842932173071144	0.0	0.0	
2.714371285093293	7.406204521394979	0.0	0.0	
17.57411713960109	9.652610174311313	0.0	0.0	
19.59330468157394	0.5933770272094421	0.0	0.0	
0.5435985529508152	13.820991249425091	0.0	0.0	
20.734297407282842	1.9697200201937228	0.0	0.0	
19.46317792704845	6.801532631633048	0.0	0.0	
27.03439550518609	28.44847998744602	0.0	0.0	
3.6393208976717375	31.603766428920785	0.0	0.0	
8.035235160624211	20.517571210752592	0.0	0.0	
3.468780916545647	13.44043777880627	0.0	0.0	
12.577928349076718	2.8024890688764046	0.0	0.0	
22.685631593604466	17.21861458737495	0.0	0.0	
13.37066583193582	18.63728277641334	0.0	0.0	
9.20254263819719	11.96302031296306	0.0	0.0	
13.57430744580628	2.3033308878642273	0.0	0.0	
24.94802977257688	3.7659727242158176	0.0	0.0	
16.301029848408394	27.12129031535073	0.0	0.0	
12.36026990731671	11.236745777310166	0.0	0.0	
29.165782474853735	31.937025751733	0.0	0.0	
28.019171048905157	21.09265689296824	0.0	0.0	
26.296753128184616	18.004433496994956	0.0	0.0	
3.24539174455208	18.15205686228002	0.0	0.0	
14.714947555107308	7.920339316067359	0.0	0.0	
27.317114733731724	16.858075601702662	0.0	0.0	
24.55454743588949	21.406680867706243	0.0	0.0	
26.1635910636627	27.876896038256856	0.0	0.0	
1.1382103114033235	24.299528856992357	0.0	0.0	
20.3928549904748	20.807392095242125	0.0	0.0	
5.272682883914726	22.136466887099388	0.0	0.0	
7.5642022884190645	26.502700319710982	0.0	0.0	
22.075545673117883	11.803455396868369	0.0	0.0	
17.00433125306005	14.719192611272607	0.0	0.0	
20.595628660499123	19.290857583280747	0.0	0.0	
12.128465518055155	1.708591205186	0.0	0.0	
13.787390100685279	30.364030039113352	0.0	0.0	
24.929202252281762	31.69167005811555	0.0	0.0	
10.473171396334589	2.397973252014264	0.0	0.0	
26.627154252824234	5.284180565966608	0.0	0.0	
0.8409924083752962	5.8393177345863165	0.0	0.0	
18.453361888033	26.042550819414817	0.0	0.0	
26.61032909117583	26.560022180872277	0.0	0.0	
30.921162509564475	4.087432148652013	0.0	0.0	
5.578602205873956	6.355720747567791	0.0	0.0	
7.958012217420329	6.118585058943104	0.0	0.0	
7.902227190863787	1.264675476851231	0.0	0.0	
24.691972858870326	26.922534240073812	0.0	0.0	
19.712407719243654	0.836414165737235	0.0	0.0	
14.83936783293181	24.16256730204427	0.0	0.0	
29.94882063972255	31.791164675366623	0.0	0.0	
19.1834844592453	18.314555008027327	0.0	0.0	
13.67362219028594	31.62332574756692	0.0	0.0	
29.71298298734455	0.43705193399111053	0.0	0.0	
1.0422894250290895	19.072359010832383	0.0	0.0	
0.620494987715162	31.17184257699991	0.0	0.0	
1.269118173082063	30.007580035217032	0.0	0.0	
25.090228743314068	12.549911563805669	0.0	0.0	
0.28425417848613677	21.97380132728243	0.0	0.0	
19.36439652394464	24.83451193965074	0.0	0.0	
22.528033975152933	23.222190608321753	0.0	0.0	
21.51351792033017	25.209715733460037	0.0	0.0	
7.976430464116113	5.744207382644973	0.0	0.0	
19.671797552384657	31.613154651766827	0.0	0.0	
22.177084479731683	16.183765076376314	0.0	0.0	
4.7738573640505315	28.24843094672817	0.0	0.0	
21.747932612592432	7.069552273656303	0.0	0.0	
18.54492017363537	28.59773165289371	0.0	0.0	
19.000308796662043	8.292019268305967	0.0	0.0	
1.2453139602537782	28.387519821953855	0.0	0.0	
15.513926759352966	21.749290703935934	0.0	0.0	
5.225515664484291	25.055510795530076	0.0	0.0	
28.211799642938885	12.865556594771888	0.0	0.0	
20.821131840135166	28.435004302435146	0.0	0.0	
15.103428629974267	2.584789371396944	0.0	0.0	
3.404967987293638	28.278393490345035	0.0	0.0	
17.78980484746817	9.71407092733958	0.0	0.0	
28.647580821235614	23.321344326816174	0.0	0.0	
3.1476488761731574	19.075264303837216	0.0	0.0	
26.72935782862016	0.5070701081284419	0.0	0.0	
11.311813548077879	19.80761569408535	0.0	0.0	
26.07095563005026	25.031727826425907	0.0	0.0	
6.099379874260183	11.376365310318736	0.0	0.0	
29.179753380561912	28.17875984028729	0.0	0.0	
1.0597630957820705	21.87199009070858	0.0	0.0	
14.33775570180255	19.374774421896213	0.0	0.0	
14.600839903498652	23.76338238498573	0.0	0.0	
22.027462799585777	14.757622687021872	0.0	0.0	
24.71066570103601	24.295820874208292	0.0	0.0	
25.177858908626124	13.074997231970737	0.0	0.0	
7.172384528706356	6.4545037096949365	0.0	0.0	
4.0765782547975355	10.407947281950829	0.0	0.0	
22.37804531752969	7.613883766636665	0.0	0.0	
15.642029512963994	25.920278821043713	0.0	0.0	
13.839773384706927	2.658695494806743	0.0	0.0	
12.400287297703148	28.896401436757124	0.0	0.0	
22.734621475400186	14.439250262182693	0.0	0.0	
23.29666360067559	23.672436424805976	0.0	0.0	
31.842124070529078	29.377842909925004	0.0	0.0	
11.575405767734694	8.005888573503597	0.0	0.0	
23.386321984141695	21.127474249493414	0.0	0.0	
23.052128907485887	9.720492694587083	0.0	0.0	
0.6816386869526632	29.899948544489625	0.0	0.0	
26.07660813444192	10.546818340476374	0.0	0.0	
24.37144146484463	27.818572986306318	0.0	0.0	
20.057980013825684	11.002415803401131	0.0	0.0	
6.128601181441521	10.062246788397339	0.0	0.0	
2.349037491549801	5.0389707804135035	0.0	0.0	
24.597945141755748	5.228633037624579	0.0	0.0	
5.542175251290239	13.740522046037807	0.0	0.0	
15.158404724452751	0.21450888493207643	0.0	0.0	
25.212299781664843	31.705655003364804	0.0	0.0	
31.43663184848085	2.294943953095629	0.0	0.0	
11.97065513370869	6.370447892619225	0.0	0.0	
13.480525763214928	7.132438085888097	0.0	0.0	
8.713491601316584	16.44845458954876	0.0	0.0	
14.557620777854769	31.362278961316612	0.0	0.0	
16.382672405496976	19.31935149746634	0.0	0.0	
7.295451202447932	9.871833365430792	0.0	0.0	
13.279281490672442	27.56535062359654	0.0	0.0	
27.680525326339552	5.685140637470109	0.0	0.0	
30.658579621162747	11.07776340934365	0.0	0.0	
11.62683336093275	0.644328414165031	0.0	0.0	
8.811760185083603	0.02784762054702128	0.0	0.0	
6.093325550219987	16.002927737417895	0.0	0.0	
20.94138478246314	15.21430739447689	0.0	0.0	
30.88803284643039	27.784123739537176	0.0	0.0	
23.156619134253855	31.310366291926883	0.0	0.0	
20.58703909735504	29.29025093707922	0.0	0.0	
8.410249567318576	6.29423142335142	0.0	0.0	
14.435051240206871	12.113921319704541	0.0	0.0	
16.005894588982386	28.759297682486725	0.0	0.0	
25.90173257366552	5.828796292222847	0.0	0.0	
10.06252603291598	27.00617036349737	0.0	0.0	
13.570399442704858	8.029746131186325	0.0	0.0	
13.517272906450785	1.1103078204938157	0.0	0.0	
27.930504750309737	26.024372285411616	0.0	0.0	
5.4141652620247065	26.370606119293495	0.0	0.0	
24.413205192116656	22.995939606964654	0.0	0.0	
3.5074863257869247	25.84427191232253	0.0	0.0	
14.276056034907139	23.3142664899708	0.0	0.0	
22.767642969164175	7.954579845886922	0.0	0.0	
5.046435189257927	9.72926469795092	0.0	0.0	
26.39841198148498	10.275627065244318	0.0	0.0	
30.152483253561332	5.70281265188224	0.0	0.0	
18.99580132503882	24.837553296598013	0.0	0.0	
4.0952393704560315	5.877868436725876	0.0	0.0	
28.319685807000326	30.21357550891467	0.0	0.0	
28.934325286648733	10.373117247375497	0.0	0.0	
19.541252305430714	27.691747035192463	0.0	0.0	
23.68850464747114	12.066795735964625	0.0	0.0	
4.114226814860338	17.36408440275183	0.0	0.0	
31.887711338752183	6.94185281839604	0.0	0.0	
14.768752453303332	28.056777113758816	0.0	0.0	
27.30235692460415	27.236762449464624	0.0	0.0	
14.694136844716851	13.92505353305205	0.0	0.0	
12.362491261519423	29.66011599377027	0.0	0.0	
23.401580713413043	3.3391208233631744	0.0	0.0	
26.105691335630702	14.442190250794955	0.0	0.0	
12.781843820817997	26.53504595269295	0.0	0.0	
17.65688078438399	7.477865303173655	0.0	0.0	
7.708722536470713	30.835518174027783	0.0	0.0	
28.682950499775696	29.50573868070161	0.0	0.0	
11.87823148184777	31.179189648598108	0.0	0.0	
2.461310922703163	15.747396474302988	0.0	0.0	
14.849811015063636	21.899803220512965	0.0	0.0	
11.08067315841626	11.871140961632502	0.0	0.0	
12.197643120109422	20.633980626209542	0.0	0.0	
8.288804559667462	22.761583070353034	0.0	0.0	
17.542678596431116	9.05012562511936	0.0	0.0	
26.887804955091184	1.8542900726362852	0.0	0.0	
16.146214247496115	14.799300780863863	0.0	0.0	
3.4746808573943007	5.196072389901303	0.0	0.0	
8.69226539667898	1.3965246657616284	0.0	0.0	
23.32014503212962	7.893921084456412	0.0	0.0	
13.877815435244724	23.525152933385495	0.0	0.0	
27.508810240174082	30.22901792979019	0.0	0.0	
19.03046333341619	4.027506524831455	0.0	0.0	
29.355127914202047	20.96260576182924	0.0	0.0	
9.588296859355978	10.67963148742309	0.0	0.0	
4.8851451249289575	1.5383331661683144	0.0	0.0	
29.773840346748944	14.66083660620884	0.0	0.0	
26.453387807493616	22.086231930988447	0.0	0.0	
20.696221326083602	3.7782323829245	0.0	0.0	
10.673499322944984	16.05145836014089	0.0	0.0	
29.866380609679513	31.37915508214769	0.0	0.0	
29.290854343607382	11.538308652237685	0.0	0.0	
4.024355608659615	26.488798718517526	0.0	0.0	
4.998233903500889	9.374163161471191	0.0	0.0	
0.005129167703525894	14.580669212550113	0.0	0.0	
0.38054729361078543	13.964455614749532	0.0	0.0	
14.989493512786066	26.964003705693045	0.0	0.0	
9.127503499086778	23.153137721205784	0.0	0.0	
13.414623380511067	11.712841583269334	0.0	0.0	
23.180774352508266	24.369169766789163	0.0	0.0	
20.92105372500917	12.19239848965611	0.0	0.0	
3.2763269451028236	6.070616198942325	0.0	0.0	
27.765233782221962	14.549223785981173	0.0	0.0	
7.068931119291623	14.468208080055103	0.0	0.0	
3.8434625441831365	22.458043031670353	0.0	0.0	
22.079996097457965	16.534983428027427	0.0	0.0	
15.805095821549127	14.231191456138763	0.0	0.0	
13.801477533535024	26.30975149927863	0.0	0.0	
20.203123635523	15.499742964710546	0.0	0.0	
18.430428469818544	4.280643317708876	0.0	0.0	
19.261323210970186	30.40936380785293	0.0	0.0	
19.269800635320678	15.788053480203128	0.0	0.0	
19.451048591306094	23.575462618808135	0.0	0.0	
16.84186185895196	15.451168733054413	0.0	0.0	
8.171048970197955	1.523211986774637	0.0	0.0	
4.475789501876168	29.307334900105875	0.0	0.0	
13.391742161841048	25.412304765044173	0.0	0.0	
26.767756904080027	31.537234820179737	0.0	0.0	
20.87245502824753	26.593634410236657	0.0	0.0	
27.64427082772811	10.828958136006236	0.0	0.0	
11.525288823124939	20.690916611734597	0.0	0.0	
4.307431850670195	11.646526233222627	0.0	0.0	
4.872863551185549	3.9565207699707017	0.0	0.0	
26.114875123901985	23.33747675616072	0.0	0.0	
2.078283030223922	17.06721080445455	0.0	0.0	
27.793448627608207	7.7256079648685905	0.0	0.0	
24.229925895714842	23.089966469473506	0.0	0.0	
6.432265810844278	31.34601060765299	0.0	0.0	
11.172306853542715	23.15468217578665	0.0	0.0	
5.980843668404905	0.6352367114199033	0.0	0.0	
4.884594764719957	9.895181507113087	0.0	0.0	
18.595337073437722	3.9724273254044	0.0	0.0	
14.389173314124186	28.48683997534077	0.0	0.0	
9.298043623232235	0.05644064343534794	0.0	0.0	
29.02447034264444	3.1303999871676282	0.0	0.0	
27.01822211487342	6.734411890446001	0.0	0.0	
28.88362244614859	17.322980430893367	0.0	0.0	
27.842884353372792	14.834554350860834	0.0	0.0	
18.620032508489928	16.87100620694888	0.0	0.0	
4.608457426527021	31.04943443319524	0.0	0.0	
21.81369494820594	29.603698636882967	0.0	0.0	
0.8812292111430686	1.5196448106430438	0.0	0.0	
11.77034473182665	15.702016495001967	0.0	0.0	
0.7306328196408458	30.783519250786792	0.0	0.0	
4.128954675241992	13.957791373989938	0.0	0.0	
9.123435965480684	13.188046131472465	0.0	0.0	
15.479829562311853	12.925869405171241	0.0	0.0	
3.955229225278835	2.398930901903828	0.0	0.0	
4.352403129948641	7.980648122245292	0.0	0.0	
1.4295089219721007	27.931703525398795	0.0	0.0	
7.620451335188736	4.6195888248412835	0.0	0.0	
13.191371328258281	19.279289331173366	0.0	0.0	
16.78500356457534	0.9139452892173665	0.0	0.0	
6.336732852465747	2.5160515424729297	0.0	0.0	
25.014572958575524	0.3236369845439562	0.0	0.0	
8.20673404264404	16.990965731301667	0.0	0.0	
1.5335785754088533	21.686831870629558	0.0	0.0	
15.09657083707038	15.065492228705331	0.0	0.0	
20.3292340274764	4.1856999100909285	0.0	0.0	
11.012841957188684	28.808473492523987	0.0	0.0	
30.499922750425796	0.8399690645290576	0.0	0.0	
3.8517476876441705	28.81036155394633	0.0	0.0	
7.295579770064872	24.930783930548554	0.0	0.0	
3.390294263515564	4.642260909525177	0.0	0.0	
10.041273630668417	30.418842264202322	0.0	0.0	
19.58736331667179	16.80773981075552	0.0	0.0	
14.322528059501185	10.048512295919878	0.0	0.0	
10.267737636693031	26.018822367329413	0.0	0.0	
28.230666420344022	17.868564882795738	0.0	0.0	
31.533858190544933	12.968340267183489	0.0	0.0	
28.054445885039055	13.14391191011622	0.0	0.0	
27.503584111269742	26.460744658015155	0.0	0.0	
14.802884649865412	1.0133634219105438	0.0	0.0	
10.354773988394957	1.7083196837228911	0.0	0.0	
26.447485275487598	12.545763344764424	0.0	0.0	
19.575172365726537	4.190762337191337	0.0	0.0	
31.11685753990281	24.9369011124808	0.0	0.0	
15.843456003134417	18.986896118679073	0.0	0.0	
18.986577163279765	31.705072746701973	0.0	0.0	
10.326810991326717	0.22759486930216966	0.0	0.0	
25.425550228371343	23.54147688591043	0.0	0.0	
16.507289238871486	7.251772327146956	0.0	0.0	
14.94476605611904	0.22530354222531912	0.0	0.0	
11.360901383800563	31.872074166273517	0.0	0.0	
30.256192502155404	6.434276664804035	0.0	0.0	
31.736965286022198	30.38503515645697	0.0	0.0	
0.6333977498635761	14.797073244239463	0.0	0.0	
2.3454139290252023	25.467830960390117	0.0	0.0	
10.438092519295978	10.191980346041387	0.0	0.0	
23.83872828392633	19.59790896143549	0.0	0.0	
17.441877816916797	28.38424343547141	0.0	0.0	
11.05070748375119	18.478536155476434	0.0	0.0	
15.004516760938326	31.000857881030676	0.0	0.0	
17.779003079133645	23.132143198522414	0.0	0.0	
10.089166403067	23.84097838971894	0.0	0.0	
27.95149005476487	0.4971123621644189	0.0	0.0	
4.507130841395178	18.110097323755156	0.0	0.0	
8.17196847580879	24.050812259696258	0.0	0.0	
5.027010226041703	2.100469918011008	0.0	0.0	
6.388629654172902	27.468110115408066	0.0	0.0	
12.414839197881374	10.989329159273211	0.0	0.0	
28.529181260552797	26.193271667922534	0.0	0.0	
4.348730992438565	25.740183750776875	0.0	0.0	
27.195603690351376	12.435750941336739	0.0	0.0	
13.71670161363598	15.831370668333758	0.0	0.0	
23.957235201499387	8.36797322692155	0.0	0.0	
11.584314953799076	17.343301570447057	0.0	0.0	
23.523524130479576	7.473860061130047	0.0	0.0	
6.997028434584024	23.62192058353376	0.0	0.0	
18.532306438901678	21.703499412408416	0.0	0.0	
9.728432602165377	6.955590929572018	0.0	0.0	
2.74521789015753	25.85290493732172	0.0	0.0	
19.103748770218907	6.894306231910047	0.0	0.0	
5.987354178572961	21.10552438917822	0.0	0.0	
6.518244095414598	31.47833067946331	0.0	0.0	
25.304720148918854	3.5883185931173536	0.0	0.0	
15.579419685342593	16.181135021679154	0.0	0.0	
15.02310693178211	1.694448423633002	0.0	0.0	
22.482199274989696	26.756861090719994	0.0	0.0	
10.74617492544893	12.42221619269969	0.0	0.0	
12.34220430317869	3.6920947167502973	0.0	0.0	
29.910420643773566	24.181509287827964	0.0	0.0	
5.563229190492677	29.33798382404538	0.0	0.0	
8.43575073767666	16.22098910617774	0.0	0.0	
0.9672823593212243	25.25652411854954	0.0	0.0	
26.692777367293033	13.904808985002926	0.0	0.0	
29.127896388028713	6.135175468016435	0.0	0.0	
18.76413237683626	13.502713273772265	0.0	0.0	
2.7368308381490856	11.251022360833161	0.0	0.0	
6.55251216909971	7.180188191185529	0.0	0.0	
19.880028428266677	16.385884508193488	0.0	0.0	
2.2943746479511944	8.727813851616983	0.0	0.0	
26.229412407618586	2.4726696924478873	0.0	0.0	
23.323611875628863	27.762331884627113	0.0	0.0	
10.737290128466785	18.321906243337207	0.0	0.0	
15.33587502358246	18.08083660725185	0.0	0.0	
1.177540098968315	30.294632631551593	0.0	0.0	
27.141350685590172	27.07824353587285	0.0	0.0	
2.755945244404046	28.908337465764408	0.0	0.0	
7.660704574807344	26.512465099043464	0.0	0.0	
19.67081597986069	2.39395801482263	0.0	0.0	
4.615578697772474	24.452311521131104	0.0	0.0	
21.69580948473779	20.07900089209653	0.0	0.0	
15.654570442730446	1.1899077223787948	0.0	0.0	
6.727121083629417	6.578329358092521	0.0	0.0	
8.232580112034384	30.986834963594788	0.0	0.0	
6.6389538709630145	25.195679112292936	0.0	0.0	
13.212432500533566	24.40042555967601	0.0	0.0	
21.863821110043922	25.434908896263405	0.0	0.0	
10.957800950183547	11.190294585527845	0.0	0.0	
22.651384095591787	23.568741997315552	0.0	0.0	
13.199099167932356	8.00581309561914	0.0	0.0	
20.997807617958372	1.7950215778796696	0.0	0.0	
22.80106748552719	6.497238167926653	0.0	0.0	
28.483736953933267	20.93905504066107	0.0	0.0	
29.127815207105254	21.860600239379437	0.0	0.0	
13.519141637212176	2.7464798617925155	0.0	0.0	
20.325827278702747	24.347519187718145	0.0	0.0	
31.594933298497455	16.238678088553993	0.0	0.0	
28.634654394642446	20.514623955012908	0.0	0.0	
23.83256355335244	11.966165912973548	0.0	0.0	
3.7111716512434114	8.614976038961633	0.0	0.0	
25.44353238327752	0.30289160457408926	0.0	0.0	
21.51425466227014	8.850448751878613	0.0	0.0	
19.69268543653868	28.509947351485938	0.0	0.0	
0.2976889456706111	18.18600050109074	0.0	0.0	
26.722571108832618	2.754987952174897	0.0	0.0	
24.934927978460312	19.67025531938367	0.0	0.0	
22.7169988199072	1.144047754965431	0.0	0.0	
11.582746023958645	25.340440780105574	0.0	0.0	
23.75829083923283	16.789099904720956	0.0	0.0	
3.84921518553152	3.0756871153040457	0.0	0.0	
9.324676974166763	11.105136563275561	0.0	0.0	
25.32733996736386	15.862565668282365	0.0	0.0	
0.32974832148821065	10.067489431556051	0.0	0.0	
2.769732263385592	31.450310860456362	0.0	0.0	
17.74214682362731	15.720949012061602	0.0	0.0	
14.513829911100931	17.212557160556297	0.0	0.0	
23.411020367389437	13.893256670396504	0.0	0.0	
5.543194949975579	25.81689732858865	0.0	0.0	
9.926874215264043	17.1771452002335	0.0	0.0	
7.105707976580462	7.680030066319084	0.0	0.0	
26.827861460985112	17.69599916589943	0.0	0.0	
10.751320281509752	24.085787581791152	0.0	0.0	
28.61537060577728	14.935482124984098	0.0	0.0	
24.20829953194667	19.903900060536742	0.0	0.0	
10.805282373399937	22.93752343149506	0.0	0.0	
16.301019339129788	15.484193522761498	0.0	0.0	
21.957828647340293	7.641559897343463	0.0	0.0	
0.6551836431526183	30.410845231168402	0.0	0.0	
22.610091987576805	1.3645244992920667	0.0	0.0	
4.927474892402586	12.410369963669961	0.0	0.0	
5.323039127477525	7.005835632099	0.0	0.0	
4.355651300406752	22.23722649655103	0.0	0.0	
7.440710517911171	2.187756555233637	0.0	0.0	
14.08906240249144	15.292641937196883	0.0	0.0	
23.54297377038624	4.511386762994231	0.0	0.0	
5.338798175819825	3.3552271185246703	0.0	0.0	
6.650675945752038	0.5996409030613421	0.0	0.0	
28.55712310983833	3.7339856724459253	0.0	0.0	
0.11840565613389131	6.656720915565973	0.0	0.0	
29.474951737466284	14.603784354927825	0.0	0.0	
21.10394986872672	21.329864277909905	0.0	0.0	
9.540473176429632	0.09976848532110694	0.0	0.0	
29.574756288172033	4.842288343472806	0.0	0.0	
12.249190192971732	29.003153603193045	0.0	0.0	
15.807398495942895	24.86859879305328	0.0	0.0	
1.2612093192176097	6.223137546411309	0.0	0.0	
21.014163153958055	13.693777202484213	0.0	0.0	
7.637600475705948	16.214159669370115	0.0	0.0	
22.127458614406546	1.7874113129029858	0.0	0.0	
3.6854990839982875	1.5068988610442133	0.0	0.0	
26.323790781064588	21.525850901463734	0.0	0.0	
21.501757317254587	25.430927615302824	0.0	0.0	
11.923069513069102	15.073614746952835	0.0	0.0	
12.029087165074927	14.333928787791756	0.0	0.0	
26.79025872016469	28.555565435580366	0.0	0.0	
11.699805174015086	22.87024276060844	0.0	0.0	
13.02197960957649	16.43398532580332	0.0	0.0	
7.015262689721407	23.219586069051918	0.0	0.0	
25.825667581535683	2.5018072564781875	0.0	0.0	
28.964480123275557	23.87120750179627	0.0	0.0	
6.850073166513788	27.20953889149585	0.0	0.0	
23.626509006769382	25.702195393064247	0.0	0.0	
11.672802005561966	13.723757575768094	0.0	0.0	
8.980992180632136	13.925106790345744	0.0	0.0	
27.219131902381065	3.4161919830539276	0.0	0.0	
20.596249555459465	24.54993980303593	0.0	0.0	
23.906991955472556	27.833537200277277	0.0	0.0	
3.011945477951521	9.725226811042273	0.0	0.0	
8.616931238424822	6.268593794646861	0.0	0.0	
27.780566266881713	10.730213887544139	0.0	0.0	
8.798687476097168	5.4467351126534	0.0	0.0	
21.4108876941943	21.552273200001675	0.0	0.0	
31.734523995385533	19.27883119780347	0.0	0.0	
28.494632627171445	29.47724090315895	0.0	0.0	
8.742177203037485	13.350467035486684	0.0	0.0	
20.11832718173304	28.297838015695724	0.0	0.0	
22.603156035451278	29.63866418234752	0.0	0.0	
29.6228123542898	6.216472111300863	0.0	0.0	
22.870342663412774	12.850362126342056	0.0	0.0	
25.895156310820184	25.02117598103588	0.0	0.0	
14.708729956619514	21.318751025160402	0.0	0.0	
7.746407631435922	5.976850850437621	0.0	0.0	
19.840549362285465	8.643278030120992	0.0	0.0	
9.217299288319985	30.890144148528204	0.0	0.0	
26.497369933713273	30.13691912627087	0.0	0.0	
3.0184045746300114	9.837227475952524	0.0	0.0	
27.202202978093325	4.015573907701892	0.0	0.0	
1.4446538784246918	17.78134541080672	0.0	0.0	
12.135227285553462	31.586121270339774	0.0	0.0	
12.826384211677905	19.36280916418668	0.0	0.0	
3.665580653466172	26.358440619836845	0.0	0.0	
13.147601859147361	2.260357490682402	0.0	0.0	
30.691280615817828	7.528658374954389	0.0	0.0	
17.1704818878554	22.25163007164404	0.0	0.0	
22.21999234153846	12.918016397887143	0.0	0.0	
10.115040885022562	28.801571991585313	0.0	0.0	
5.454011239168331	5.339483895824593	0.0	0.0	
5.088663502459582	22.52734571505331	0.0	0.0	
17.886145904353864	28.96370094509476	0.0	0.0	
6.209086781765279	4.087498951997414	0.0	0.0	
20.226408639547792	6.681944410685915	0.0	0.0	
11.046023885649301	26.207126770107838	0.0	0.0	
16.89603339585016	16.74816254697814	0.0	0.0	
10.532047274973056	23.30104810450086	0.0	0.0	
4.0039607278319345	2.63900635649631	0.0	0.0	
18.507483850484526	23.41883550098334	0.0	0.0	
14.07823257065585	2.7814892923592005	0.0	0.0	
27.4047370592914	13.496690057737869	0.0	0.0	
19.779872074734897	10.556987744424472	0.0	0.0	
11.885493042638696	2.8935408175254125	0.0	0.0	
15.83291874064395	5.843335370241942	0.0	0.0	
7.874868838137431	28.803727429278524	0.0	0.0	
19.778316614962737	0.6569700466667641	0.0	0.0	
31.991319797399687	14.756423123110238	0.0	0.0	
20.582062638250417	8.064101567273624	0.0	0.0	
15.959239945364558	28.64577031196533	0.0	0.0	
9.25878172386307	27.62632849756405	0.0	0.0	
11.2492490548968	25.981532083118328	0.0	0.0	
0.3714895931674853	9.971996105891211	0.0	0.0	
13.736932495134663	22.646086160825583	0.0	0.0	
17.60698361078186	31.110524086160396	0.0	0.0	
22.335647196338826	15.099603801993538	0.0	0.0	
24.788634125462316	19.70708629550229	0.0	0.0	
25.147761173737777	21.37358682903162	0.0	0.0	
18.897869913403248	17.356872782366768	0.0	0.0	
14.135730821394723	24.970315586305297	0.0	0.0	
17.36680119232635	17.915300865924518	0.0	0.0	
1.003643388091156	26.789485671138493	0.0	0.0	
28.903266158856866	25.02371362450813	0.0	0.0	
22.683537444977844	17.013182104714996	0.0	0.0	
25.123622050371214	24.9552303608023	0.0	0.0	
16.428122640132106	30.352661417616297	0.0	0.0	
25.031012909004453	28.057172061541674	0.0	0.0	
18.84207243332356	4.562237107515848	0.0	0.0	
24.4120197572974	3.038846023898415	0.0	0.0	
18.767348215561718	16.685251614138217	0.0	0.0	
28.6900224399429	16.142287683047773	0.0	0.0	
29.78871242738962	30.319680704234774	0.0	0.0	
16.272561392831662	29.60797426895961	0.0	0.0	
15.508130095204763	16.970700026855404	0.0	0.0	
28.218993430631027	4.474458058184549	0.0	0.0	
29.966494849114465	31.44263744672939	0.0	0.0	
20.139392338411977	9.113263666091356	0.0	0.0	
1.742647130440897	1.8561498969239736	0.0	0.0	
3.1503452603465334	13.490527722258587	0.0	0.0	
13.536826303366087	15.99491995484324	0.0	0.0	
29.21323251930403	25.796931704170685	0.0	0.0	
11.116903263660802	16.13676477084536	0.0	0.0	
31.426540628285583	22.44786546757377	0.0	0.0	
21.009342565930982	15.261353581628445	0.0	0.0	
18.885740256921363	9.78392029294012	0.0	0.0	
27.18918311058649	20.202544146013818	0.0	0.0	
29.4555576690255	13.697880531596155	0.0	0.0	
4.737262330314163	13.32305880483879	0.0	0.0	
16.632137288978367	29.142301935133094	0.0	0.0	
24.313990293504602	2.6523856540736332	0.0	0.0	
10.429111720422469	19.296120022155133	0.0	0.0	
21.56721979131186	7.785638428294586	0.0	0.0	
8.579143753010115	16.95735546782404	0.0	0.0	
3.8179306919774305	21.699277349521022	0.0	0.0	
0.8037593544369983	26.395321334080826	0.0	0.0	
22.98934119822485	6.8488789290759975	0.0	0.0	
13.524844194444292	6.845193930953286	0.0	0.0	
27.056375916044246	20.08669525525715	0.0	0.0	
1.1860184215905853	11.55944238455508	0.0	0.0	
26.37292895337087	6.598019549433413	0.0	0.0	
18.06981116894966	10.133233446012369	0.0	0.0	
10.323842544777708	13.433565228327137	0.0	0.0	
9.61196260950053	17.445581875086283	0.0	0.0	
29.037552760001923	25.75613945890847	0.0	0.0	
2.599015216972699	9.944399942427296	0.0	0.0	
15.672625377109807	5.674902179136396	0.0	0.0	
1.9974679234363428	29.11490049730229	0.0	0.0	
16.57233069570509	21.289965159662014	0.0	0.0	
19.56922228923887	30.117520393914308	0.0	0.0	
14.420007303538704	5.14263096007824	0.0	0.0	
9.998912982115232	2.691446757485842	0.0	0.0	
3.3422594574439195	26.451644125184682	0.0	0.0	
28.3557589007079	25.441229276626316	0.0	0.0	
30.021350105189956	27.242396166584737	0.0	0.0	
8.794765248041283	18.19291117627943	0.0	0.0	
15.660388928453123	28.089284035699894	0.0	0.0	
8.63380990469781	24.738404832701512	0.0	0.0	
27.250487136048857	23.080468581807796	0.0	0.0	
0.4539416213919445	20.041211011462064	0.0	0.0	
16.862818854996746	8.30311143190383	0.0	0.0	
14.109589043377234	23.468777292234503	0.0	0.0	
14.43373542756969	24.800733291304176	0.0	0.0	
27.209626290129453	14.004964559693548	0.0	0.0	
9.72535923711068	25.52942797700169	0.0	0.0	
15.315085765541678	19.68672443990228	0.0	0.0	
11.922613496852765	22.26432780400554	0.0	0.0	
20.920553888790526	3.349936884792033	0.0	0.0	
2.7822290130058853	22.482229363197344	0.0	0.0	
23.43577619589832	0.9273857865987267	0.0	0.0	
31.329309350265124	26.23077186862267	0.0	0.0	
30.905397484038016	14.272221534644554	0.0	0.0	
2.748647323282235	17.947102831764514	0.0	0.0	
31.213326593169075	14.249047327267299	0.0	0.0	
0.39620035391050124	12.390053801802498	0.0	0.0	
4.034445792480991	26.300892463912156	0.0	0.0	
25.725516797633233	0.31133288050608243	0.0	0.0	
13.794791421877783	29.107862300287668	0.0	0.0	
11.223029348068437	19.181152965798624	0.0	0.0	
5.927147884808935	9.53468019618678	0.0	0.0	
11.742064887372184	30.35075344522244	0.0	0.0	
7.8038434294801355	5.1916177346868615	0.0	0.0	
25.828406234948478	26.65396266343639	0.0	0.0	
28.116069343595985	21.22798474998561	0.0	0.0	
1.7812887969349163	0.5162244196365506	0.0	0.0	
12.770416134735857	11.057272817975786	0.0	0.0	
3.666531038505944	30.10624397445639	0.0	0.0	
14.807622714776429	25.9020129809382	0.0	0.0	
28.72221364229595	20.735410663965506	0.0	0.0	
16.365260699579125	9.795762898488679	0.0	0.0	
16.78210358696877	9.578136887380712	0.0	0.0	
31.55086443287075	25.307131022882288	0.0	0.0	
