2
32.0	0.0	0.0	0.0	
0.0	32.0	0.0	0.0	
0.870270534325325	18.051688351242998	0.0	0.0	
4.932792871223782	0.1781885966412169	0.0	0.0	
13.386817699955373	16.84064274236086	0.0	0.0	
29.867168646132363	24.498350122303286	0.0	0.0	
3.856077803070619	0.7559389334881068	0.0	0.0	
17.162531733068246	5.404336948209803	0.0	0.0	
21.340726067103382	26.25683195212243	0.0	0.0	
12.844880140833236	14.453969910831418	0.0	0.0	
29.34342757774238	30.52390687574762	0.0	0.0	
5.760161192082222	31.055390117466082	0.0	0.0	
26.898837975810324	9.054369598409277	0.0	0.0	
16.450385866128762	21.503621356887574	0.0	0.0	
27.15311953998602	8.109767986083309	0.0	0.0	
11.673819596359301	13.713049376866035	0.0	0.0	
15.178104219537609	4.419182000348581	0.0	0.0	
23.624022033846337	19.430771302320764	0.0	0.0	
15.363871040072517	14.094617176786642	0.0	0.0	
27.338123900588634	0.4820421671359796	0.0	0.0	
13.597670055830697	25.91031459316321	0.0	0.0	
27.44182676721978	13.033265102930162	0.0	0.0	
8.008549063524335	24.36158398735744	0.0	0.0	
12.158496470713473	0.5786270786885375	0.0	0.0	
23.620799237952305	22.393379085416857	0.0	0.0	
15.972733814339225	12.96809014430972	0.0	0.0	
18.94603058053405	20.227265877259736	0.0	0.0	
1.0314091276300381	9.23450634403726	0.0	0.0	
30.99776922513434	15.972683776470024	0.0	0.0	
26.370040715345286	12.676779946596369	0.0	0.0	
21.6495545760909	12.859535301889988	0.0	0.0	
5.729891010242145	29.200133046161774	0.0	0.0	
26.76796465798982	8.201277540940755	0.0	0.0	
21.29399182280662	3.711134601852301	0.0	0.0	
11.012722177422479	22.818149170805995	0.0	0.0	
5.100702624341835	15.71446466513008	0.0	0.0	
7.561928180247772	22.633220087447828	0.0	0.0	
1.8303791426270521	30.5140911802336	0.0	0.0	
12.474776393064928	29.935787906801984	0.0	0.0	
14.814123769734806	14.499644785590341	0.0	0.0	
9.239882751929482	2.5658405372984845	0.0	0.0	
28.02031896835517	12.771418168260297	0.0	0.0	
27.391388565204657	12.8592794117511	0.0	0.0	
6.183328193592462	18.151235747949343	0.0	0.0	
4.53440784086488	6.4261776223108455	0.0	0.0	
2.4339914106193383	29.549263805555064	0.0	0.0	
9.849145889122614	4.416908377380459	0.0	0.0	
23.75797214348681	19.025145064387743	0.0	0.0	
24.666586469942718	10.324039884156416	0.0	0.0	
18.314061627162033	29.678245250567088	0.0	0.0	
3.0380942133917053	4.126513416465542	0.0	0.0	
9.880058972790469	7.777329198586894	0.0	0.0	
10.281278089008012	28.810135412028263	0.0	0.0	
20.262401186406866	31.8201689227655	0.0	0.0	
28.14477003810316	22.260349436418974	0.0	0.0	
12.051534144628516	30.121381570752416	0.0	0.0	
12.01288074656988	15.657851649444048	0.0	0.0	
30.855668057136864	31.945696860988672	0.0	0.0	
18.160581712941905	0.4800617386051158	0.0	0.0	
8.855726270629045	6.383387396337007	0.0	0.0	
17.746313911780586	1.2986901961987236	0.0	0.0	
1.867288255636403	6.020296623878039	0.0	0.0	
22.218258219414547	26.6040793441004	0.0	0.0	
8.54911944422826	30.880378411929186	0.0	0.0	
4.952892227901511	3.262323861879743	0.0	0.0	
26.477652077713067	11.255605249409601	0.0	0.0	
9.401964136179298	9.552332021200613	0.0	0.0	
22.044591298950067	6.290922961339653	0.0	0.0	
11.30359256615985	29.371279316026538	0.0	0.0	
29.075304936499872	1.0995019318986365	0.0	0.0	
31.93223395224478	23.04018495329707	0.0	0.0	
7.14442159892625	26.448351259645698	0.0	0.0	
17.516506169961037	21.130415553172444	0.0	0.0	
27.728830793933845	12.851239840674701	0.0	0.0	
16.529002034660454	22.98904096692668	0.0	0.0	
11.13482691407145	12.319781626068547	0.0	0.0	
1.2585014498500904	10.138295330442983	0.0	0.0	
20.3266669607955	14.654938963434475	0.0	0.0	
14.193681876039335	11.704074564021933	0.0	0.0	
6.9165857261343255	29.544083292303043	0.0	0.0	
25.848532044091677	9.216935466950702	0.0	0.0	
25.655249408312272	15.954749767897567	0.0	0.0	
12.509154656627711	18.1087951049127	0.0	0.0	
20.081025030730004	6.288572347738864	0.0	0.0	
14.482779928140278	17.50219466331374	0.0	0.0	
26.16874764183208	9.167662013467112	0.0	0.0	
15.36041233746997	27.05982779203317	0.0	0.0	
14.44136852652128	4.160560593964824	0.0	0.0	
23.576780251613304	19.86447036693532	0.0	0.0	
7.369102672920462	28.142079325109734	0.0	0.0	
22.954822628935272	20.665304126299688	0.0	0.0	
30.45926953410774	16.631999805886036	0.0	0.0	
14.553014918478329	28.538523685820916	0.0	0.0	
1.4806368684733862	8.180587232643965	0.0	0.0	
19.81172469075604	28.742277505428923	0.0	0.0	
9.531051878067533	4.045605335178504	0.0	0.0	
23.258762433490503	11.092063610610403	0.0	0.0	
30.77530681409832	9.60698350732315	0.0	0.0	
30.556869543940635	6.98183975668595	0.0	0.0	
17.037883812509268	3.3683619581514748	0.0	0.0	
29.099037712750217	9.558205093188018	0.0	0.0	
29.490095495747973	28.25807538941628	0.0	0.0	
4.845584032460611	5.942169614763841	0.0	0.0	
10.687874643117475	5.968017590572533	0.0	0.0	
11.132077238861818	16.576357703884277	0.0	0.0	
26.22161480789843	5.0401520031197755	0.0	0.0	
23.97282554484021	13.735989251234866	0.0	0.0	
7.400970834311117	18.09954029425403	0.0	0.0	
23.2850583612984	11.733183499208941	0.0	0.0	
3.4894042682301105	2.6712226013238975	0.0	0.0	
15.752911074715062	7.139971493123209	0.0	0.0	
9.914010828114936	13.858315990541715	0.0	0.0	
11.841837221320098	28.4516544081635	0.0	0.0	
16.29876293120588	5.4046500595878335	0.0	0.0	
18.250355398562863	19.857873565260338	0.0	0.0	
27.223128702781757	11.701371493313825	0.0	0.0	
16.12416009999683	28.62129521485175	0.0	0.0	
9.544384816009423	19.71152341280813	0.0	0.0	
18.847328879440187	8.089367826382215	0.0	0.0	
19.564877083991323	18.546427804013994	0.0	0.0	
6.049496128866821	28.21802307288249	0.0	0.0	
31.818760526422107	15.335018891906856	0.0	0.0	
5.282897761447106	18.96907396175531	0.0	0.0	
4.566360456239551	29.949791826978974	0.0	0.0	
31.32140744949917	24.81301505942183	0.0	0.0	
9.055399466367316	3.521977350070891	0.0	0.0	
9.446029600106272	10.774438680355132	0.0	0.0	
30.683834127341463	13.94062269080468	0.0	0.0	
5.771784073193562	8.405382244391014	0.0	0.0	
28.61577192310142	12.031070416691211	0.0	0.0	
30.3365783748653	3.3969362226732436	0.0	0.0	
27.12112063852434	7.144403602814695	0.0	0.0	
22.6813825784763	25.84363297910068	0.0	0.0	
7.3949513841457275	13.43765055641919	0.0	0.0	
22.48175846419798	27.413926154804855	0.0	0.0	
12.395130750404263	8.116814122658457	0.0	0.0	
16.548830627346515	28.698164208271166	0.0	0.0	
20.846052612684115	13.373565876442331	0.0	0.0	
20.958677420719305	0.1660453200535379	0.0	0.0	
0.12634602076382961	4.97433989548021	0.0	0.0	
12.748496733433726	1.8193800638356237	0.0	0.0	
9.314001479156332	30.005850918347615	0.0	0.0	
15.30508315388932	19.392668156306776	0.0	0.0	
27.78880441380232	15.511429124861131	0.0	0.0	
9.072865843235608	3.655557300577101	0.0	0.0	
12.769388595442248	10.271363232829867	0.0	0.0	
10.864692845250119	18.334486413588102	0.0	0.0	
1.3413056134109773	13.813465775777754	0.0	0.0	
25.704667488728923	31.337832007285456	0.0	0.0	
16.545803189965294	10.819748156709533	0.0	0.0	
27.770195655098163	28.452962779176396	0.0	0.0	
12.021326075980799	21.67814733536221	0.0	0.0	
28.957068479884693	11.70877976942548	0.0	0.0	
7.029211543819542	28.435142106420702	0.0	0.0	
20.916622170442782	9.711521635753705	0.0	0.0	
12.807197591954527	16.307046993980652	0.0	0.0	
9.659740624819403	29.476490068704464	0.0	0.0	
5.980521134778183	14.24768070294218	0.0	0.0	
5.301198586577428	23.277194394354208	0.0	0.0	
25.721800903807647	9.737325619304492	0.0	0.0	
27.14806794752374	21.324521872332056	0.0	0.0	
23.676752443661947	15.246367959114341	0.0	0.0	
3.047186947482558	18.966115489937756	0.0	0.0	
7.417295339786719	1.2423903218620076	0.0	0.0	
6.267367237646074	20.559729655489473	0.0	0.0	
28.91420994641277	4.715013918000803	0.0	0.0	
13.356073296568663	14.444215744574958	0.0	0.0	
5.521721074561903	28.943974618248276	0.0	0.0	
2.465666085480848	25.7480338652585	0.0	0.0	
31.776763457932894	21.597405736512222	0.0	0.0	
24.10563619012747	29.206689910645274	0.0	0.0	
26.111018528513394	20.191984966779135	0.0	0.0	
27.678433630032398	7.023062567631662	0.0	0.0	
12.263661779137404	19.870178194290652	0.0	0.0	
24.225640246881934	26.881623019229018	0.0	0.0	
26.14907810101891	0.6939971494867123	0.0	0.0	
20.014899282096895	8.133290214820082	0.0	0.0	
10.401265676458092	17.427703351171207	0.0	0.0	
13.495686313866742	17.977088450193314	0.0	0.0	
3.2254686775666563	21.89562080549684	0.0	0.0	
13.651134355918973	0.25841827286303953	0.0	0.0	
0.3145804386871056	30.612857126926873	0.0	0.0	
4.058862599051235	26.15218886565643	0.0	0.0	
2.3484251262930655	16.494449136202793	0.0	0.0	
7.088240851743361	0.7234354875906845	0.0	0.0	
3.5624718630685877	7.41668556957007	0.0	0.0	
20.549604627714565	22.617548268215945	0.0	0.0	
28.282596666224965	31.677935135103912	0.0	0.0	
2.4318294007649506	31.185500773537058	0.0	0.0	
0.2588740922404007	10.038374923136793	0.0	0.0	
29.168597944984032	26.645410561151724	0.0	0.0	
14.437868733754907	4.369960093758049	0.0	0.0	
15.198130043859027	2.8908331524774766	0.0	0.0	
23.74626752320453	3.488657837697996	0.0	0.0	
6.599838514745802	9.532226129005984	0.0	0.0	
9.120790455469006	0.8812983886856749	0.0	0.0	
4.75175391740456	11.728298488673968	0.0	0.0	
9.1602640231579	14.476670915562828	0.0	0.0	
11.32012517450509	3.7964209301734364	0.0	0.0	
14.09163033291646	31.52191702868975	0.0	0.0	
20.040327727131306	2.309545832109489	0.0	0.0	
20.937739913801817	5.811460378865942	0.0	0.0	
25.20268318623457	13.071222440928096	0.0	0.0	
3.557107541225875	3.7172160736317608	0.0	0.0	
18.31012490113511	22.503374570883743	0.0	0.0	
24.085308670715865	27.530816176106562	0.0	0.0	
7.185801536579682	3.0538384658643736	0.0	0.0	
6.007842087478753	18.266734635232876	0.0	0.0	
2.6862390164132783	4.432976377803694	0.0	0.0	
9.06266069097149	9.896284625831559	0.0	0.0	
3.273056847314905	25.18426038553649	0.0	0.0	
3.0886093292191603	11.906100193934545	0.0	0.0	
20.345326392563997	24.741219630936058	0.0	0.0	
4.498679283292049	9.392252270140155	0.0	0.0	
20.184473312091892	12.790375222319135	0.0	0.0	
29.78764817617979	20.68452073027952	0.0	0.0	
9.78974346923733	25.2412863755979	0.0	0.0	
31.776336644986355	6.561160021517992	0.0	0.0	
7.116296034473617	19.458804157623245	0.0	0.0	
26.222393786436577	21.567266746782423	0.0	0.0	
18.79610811249439	8.55760354235127	0.0	0.0	
22.9124435532799	4.154677577411281	0.0	0.0	
1.6077488975427414	6.823470787892177	0.0	0.0	
11.537063457678183	24.61003645110759	0.0	0.0	
2.0572558469251163	29.347984838019375	0.0	0.0	
5.863366547580998	23.959094633743142	0.0	0.0	
0.2974014958625766	22.919443764994536	0.0	0.0	
7.310328604718343	26.947404783431868	0.0	0.0	
30.735963677394707	12.371405109745407	0.0	0.0	
17.023364460892072	19.959474442374923	0.0	0.0	
2.813353555104033	23.342710812397087	0.0	0.0	
14.565773997911961	21.94844424548401	0.0	0.0	
19.087367179080413	20.54852983198141	0.0	0.0	
29.589454254052328	30.2219956031435	0.0	0.0	
26.2728975207109	22.725571467562418	0.0	0.0	
3.9226827893744236	28.75478645618566	0.0	0.0	
12.851947836672338	18.483873040752474	0.0	0.0	
11.144377328483369	10.472030718621575	0.0	0.0	
8.638213269270015	27.19774101581928	0.0	0.0	
8.067418167452683	13.45047560271118	0.0	0.0	
10.345176969293988	28.715930351253657	0.0	0.0	
22.031370446517474	23.294553543290146	0.0	0.0	
14.693695858765352	9.283486989539444	0.0	0.0	
19.83191774394253	22.17264914642561	0.0	0.0	
31.17121436112425	5.924509722508645	0.0	0.0	
20.548316328184782	28.65315801902114	0.0	0.0	
1.7058681030416842	10.00026963927812	0.0	0.0	
20.651284245875228	16.943294557856962	0.0	0.0	
8.765124863991762	10.570074647908758	0.0	0.0	
5.6744006791818045	30.847693196819527	0.0	0.0	
3.688143265226447	13.851682297306127	0.0	0.0	
28.56453970631525	14.987107652896523	0.0	0.0	
6.35459570381197	15.554222871374908	0.0	0.0	
1.6129227147598684	29.262420281715134	0.0	0.0	
0.5750182143959499	21.472019908366672	0.0	0.0	
19.34688008616486	20.828842813087316	0.0	0.0	
6.294372647072191	2.3120772767872815	0.0	0.0	
6.831077872419044	21.942050346978906	0.0	0.0	
17.596619361435476	1.431920692244109	0.0	0.0	
19.153852825816536	7.210874744309663	0.0	0.0	
28.478672808876482	29.097304588004448	0.0	0.0	
4.195936531022607	0.8948536964736675	0.0	0.0	
1.4273692271708782	26.896322534056253	0.0	0.0	
14.84823158138557	18.063401606035892	0.0	0.0	
6.0768570144666505	28.864503529953776	0.0	0.0	
27.50257548816425	6.803470284918177	0.0	0.0	
1.794481157560032	8.802200360817885	0.0	0.0	
28.985322314448318	26.703955084796117	0.0	0.0	
29.624434000169245	23.100836040731235	0.0	0.0	
16.801600904629723	8.122616894910365	0.0	0.0	
21.71378252886377	0.5613973025093806	0.0	0.0	
1.8725570859343996	9.570931929947438	0.0	0.0	
3.7643165040133546	12.466871192793977	0.0	0.0	
30.2010406390315	7.231801805311736	0.0	0.0	
15.041246444103923	10.988385139287747	0.0	0.0	
15.844918990945146	13.306485405406566	0.0	0.0	
15.51717579272551	6.812453519623041	0.0	0.0	
3.336167191675095	21.65449796843945	0.0	0.0	
7.009727652139791	16.15263376373159	0.0	0.0	
24.16156666213499	27.79822700275622	0.0	0.0	
3.7171008834652	3.1853511531535474	0.0	0.0	
19.858438206689215	0.18362201540372425	0.0	0.0	
30.704031350941346	23.804832619711696	0.0	0.0	
16.677067873725896	22.101799667470992	0.0	0.0	
24.37732291962353	15.083100076208602	0.0	0.0	
14.692680446179871	14.89502465009171	0.0	0.0	
12.410012497863036	3.3041851229448795	0.0	0.0	
21.460088379460505	1.3098649548857466	0.0	0.0	
21.616507696183625	29.310662025314482	0.0	0.0	
26.249907906377278	11.368274872506298	0.0	0.0	
3.0282561197472404	4.645753747163628	0.0	0.0	
28.869281880309014	1.953351447383156	0.0	0.0	
13.70977014482217	9.09935401633858	0.0	0.0	
28.063234126931434	26.726142993916973	0.0	0.0	
24.92053044169795	28.225685734072414	0.0	0.0	
24.712430254923042	10.229155703656907	0.0	0.0	
5.71100925790137	10.232362743121367	0.0	0.0	
15.759834520648287	24.23670358744768	0.0	0.0	
6.511057565681249	11.925123332506196	0.0	0.0	
23.178409942972706	26.804091599833615	0.0	0.0	
19.938944628172205	31.17089287782703	0.0	0.0	
19.164504478353287	16.818894733292243	0.0	0.0	
0.22823758707987807	30.13394559685162	0.0	0.0	
30.73933154934328	13.270604614943082	0.0	0.0	
21.858239989562247	19.86503024751658	0.0	0.0	
29.119406729018447	15.884257166515454	0.0	0.0	
9.701509177150804	31.640220468153952	0.0	0.0	
0.012365685443914032	17.96591440730081	0.0	0.0	
1.5830809170830022	15.604940430630965	0.0	0.0	
0.4433659962714138	13.526978027742405	0.0	0.0	
31.234254337620598	14.41923114427588	0.0	0.0	
18.738737246693336	3.78016466828403	0.0	0.0	
18.019610999404776	18.121282007821993	0.0	0.0	
12.512479808030129	20.309862893770852	0.0	0.0	
9.532392307803637	24.8360092884511	0.0	0.0	
5.618500719242995	15.861283666197231	0.0	0.0	
23.82059203047362	17.673552202062975	0.0	0.0	
27.201942515489403	20.496278051244996	0.0	0.0	
22.72565344465902	26.59672689549971	0.0	0.0	
21.625252034066328	2.2149481007812923	0.0	0.0	
18.85381814910596	12.582556158852302	0.0	0.0	
13.924469131861102	11.214666302497736	0.0	0.0	
7.089020820376994	8.984455919913621	0.0	0.0	
11.258063377474755	19.505237854935583	0.0	0.0	
20.78579586179461	15.461280347868541	0.0	0.0	
29.17495474640803	10.157287738420152	0.0	0.0	
16.942123114332272	27.831425246076886	0.0	0.0	
24.81379212086779	28.001703227387047	0.0	0.0	
18.429502239740618	10.51858384477346	0.0	0.0	
23.334076350099945	1.414032174022033	0.0	0.0	
13.978372734145701	2.7533107999822697	0.0	0.0	
17.25450167353116	15.806825441179917	0.0	0.0	
14.480493865521453	2.6263132077299893	0.0	0.0	
19.932669847710304	6.7310702429968075	0.0	0.0	
2.728765664410332	21.48451499077855	0.0	0.0	
10.574958316790358	2.6402561301873604	0.0	0.0	
31.466792511972553	18.083539261176142	0.0	0.0	
8.390161597522702	16.65319097507536	0.0	0.0	
18.24194198519731	6.623244370873447	0.0	0.0	
19.718942409142386	7.034449435245438	0.0	0.0	
29.510785902136707	13.280238869433152	0.0	0.0	
2.5656295157351074	14.153553610771436	0.0	0.0	
12.519362575995377	30.25190721471969	0.0	0.0	
5.639771070633561	28.864378851010205	0.0	0.0	
18.97171431999649	19.033331011646155	0.0	0.0	
12.038968111409606	13.030560519743297	0.0	0.0	
21.594767240629928	2.7123225992508253	0.0	0.0	
31.67307626330447	6.265091390453875	0.0	0.0	
12.871298379335396	12.822162761903506	0.0	0.0	
20.608107256205667	21.14850946506645	0.0	0.0	
23.448595785052095	7.601799675515455	0.0	0.0	
0.13519901000462298	17.58312960089059	0.0	0.0	
24.769590495216757	4.742494158202447	0.0	0.0	
30.201683034359895	8.803140342121544	0.0	0.0	
30.422750815391403	19.396564439442155	0.0	0.0	
24.25186788005979	7.054268574736998	0.0	0.0	
22.068525338143758	14.812071111387787	0.0	0.0	
24.390252464948365	4.44204540320332	0.0	0.0	
2.114025833760344	10.96765929496734	0.0	0.0	
21.36705053156035	17.59835193215464	0.0	0.0	
2.56501326511124	25.750986635601777	0.0	0.0	
15.125593729354705	17.239410904518625	0.0	0.0	
9.723395087307889	28.404950235013505	0.0	0.0	
25.06370228374975	4.68383830004861	0.0	0.0	
24.55971487223531	20.072620875660313	0.0	0.0	
15.112612379522336	20.551315274473655	0.0	0.0	
0.06396627215701045	8.63022185506103	0.0	0.0	
21.83093488173734	18.73965315774897	0.0	0.0	
6.688400295790874	24.24179540072069	0.0	0.0	
8.039997545844233	24.71604237985939	0.0	0.0	
1.1101960559442041	23.369636681253013	0.0	0.0	
31.716105755631936	29.799308039458698	0.0	0.0	
16.676569390960772	5.4938357215749605	0.0	0.0	
1.3530181329984572	21.150614330627107	0.0	0.0	
13.270495348850204	17.32891079823558	0.0	0.0	
23.314960209539297	4.019730523415365	0.0	0.0	
5.937184875439968	27.80873442200668	0.0	0.0	
12.881175364818922	8.527314537339713	0.0	0.0	
16.799976125573057	5.010088681117249	0.0	0.0	
20.82499792231408	2.1115482410019837	0.0	0.0	
8.561727732604862	7.350397037035879	0.0	0.0	
15.243112241309095	6.716788967024051	0.0	0.0	
8.455525932627538	21.33500717397249	0.0	0.0	
11.941408089989498	5.559335467433378	0.0	0.0	
11.760250085456931	25.576899052105997	0.0	0.0	
8.431153550039177	11.744417309364287	0.0	0.0	
28.054022615334105	7.988419789360361	0.0	0.0	
22.55944447021136	8.53438940721114	0.0	0.0	
30.95597910205795	29.8995898631283	0.0	0.0	
30.374413721865082	22.707002976735893	0.0	0.0	
9.023322532271987	10.992537604250398	0.0	0.0	
30.35520783550732	14.141137761497816	0.0	0.0	
9.016798343565132	15.979954418330884	0.0	0.0	
5.777459507843282	4.73191726154155	0.0	0.0	
5.885360555321743	2.26245269484318	0.0	0.0	
6.299164589516149	25.016929487181706	0.0	0.0	
4.719475967552512	9.259750955438491	0.0	0.0	
0.9331292291223576	18.6715490750233	0.0	0.0	
24.341138295508436	20.577314958336373	0.0	0.0	
7.48596096781079	12.280366367637264	0.0	0.0	
22.934595625060844	15.525806084640745	0.0	0.0	
19.548147584154407	9.527674922626538	0.0	0.0	
20.135754542918075	7.055232429991797	0.0	0.0	
18.3356152099454	16.414960041420855	0.0	0.0	
25.740750990778952	14.357896027723694	0.0	0.0	
7.000885819431314	0.7170743351240425	0.0	0.0	
1.3553255601054026	2.625424324619697	0.0	0.0	
9.50602621570945	18.398247210151794	0.0	0.0	
22.96010439519229	2.802124297125957	0.0	0.0	
22.790025013624973	9.36606771451628	0.0	0.0	
31.187358278099566	19.88378692599	0.0	0.0	
26.471230777216803	15.510256346513113	0.0	0.0	
29.156885014547026	25.511496397393138	0.0	0.0	
5.210113517000405	20.174574414605075	0.0	0.0	
18.515282082658924	7.711731077355893	0.0	0.0	
9.096127677557114	23.80200415192435	0.0	0.0	
23.703381421104744	13.358607239792754	0.0	0.0	
19.87493011382911	13.725587500009823	0.0	0.0	
5.586896591720379	30.323898093028575	0.0	0.0	
9.3584537782782	19.314772447591018	0.0	0.0	
19.858643151745362	11.365400344757003	0.0	0.0	
8.768305630195268	15.447802060060521	0.0	0.0	
26.184651851443924	11.120209725159977	0.0	0.0	
10.477249417175624	21.368777601417918	0.0	0.0	
1.572206366017344	3.529877040386097	0.0	0.0	
20.634558940973854	1.1054411155973156	0.0	0.0	
2.8700688453407146	24.29667469046727	0.0	0.0	
31.893954861478985	18.73080094289611	0.0	0.0	
13.577196284583408	9.995286364341357	0.0	0.0	
10.621920411740422	31.38758519286666	0.0	0.0	
2.074835225899733	13.806700296774249	0.0	0.0	
20.69711133620702	26.54514581809292	0.0	0.0	
0.480759455034768	22.097008491413998	0.0	0.0	
5.04073831950015	12.578704152009841	0.0	0.0	
17.07508886378738	18.067552261668055	0.0	0.0	
22.390403355745672	0.950088604792704	0.0	0.0	
23.258718333647565	13.046147698307394	0.0	0.0	
29.40778858105639	29.229145928852663	0.0	0.0	
8.488626880955	2.737029831626394	0.0	0.0	
13.15698093199499	30.742958125621456	0.0	0.0	
10.234208985440976	25.460799744069135	0.0	0.0	
10.902901851672365	2.592846064552038	0.0	0.0	
4.3004939791025905	22.79637918943843	0.0	0.0	
23.326858351770934	10.137048260614726	0.0	0.0	
26.302752666456918	7.027818659136631	0.0	0.0	
25.834389337019648	31.039959045626194	0.0	0.0	
12.60942421218395	13.364604418375926	0.0	0.0	
23.172995899996145	20.887056014506673	0.0	0.0	
30.67463389445205	11.245190421325152	0.0	0.0	
0.8813128905898076	5.475980643828791	0.0	0.0	
15.623969976756605	13.939908332876065	0.0	0.0	
28.673645442134408	5.474089433248466	0.0	0.0	
13.879860646792498	27.15965285454823	0.0	0.0	
22.377334938983513	25.84785398425985	0.0	0.0	
9.449191514383937	20.1942196915362	0.0	0.0	
11.030849165519928	10.442594218051301	0.0	0.0	
27.257970800570618	13.630435228912486	0.0	0.0	
22.19191155854721	2.848295294767187	0.0	0.0	
5.76975073755759	5.587102047434858	0.0	0.0	
6.603972684556382	10.918437058094398	0.0	0.0	
13.432594120128972	21.597578007273988	0.0	0.0	
15.44069128981667	9.006778336653475	0.0	0.0	
31.028352600358765	19.5749589787392	0.0	0.0	
0.8711748076387025	2.383426921514836	0.0	0.0	
22.908032797648907	1.042518800404931	0.0	0.0	
9.356968724132617	31.661279533887274	0.0	0.0	
1.314558146886288	15.296704047322411	0.0	0.0	
7.980044462919917	3.6798091755833866	0.0	0.0	
7.980326617645389	3.9744755335937114	0.0	0.0	
16.156407417021878	23.65842832338532	0.0	0.0	
19.32219355713271	28.231532712596792	0.0	0.0	
2.0341885521965253	20.957005257688326	0.0	0.0	
0.5044775559072683	24.441044848185353	0.0	0.0	
20.676194080131854	14.992107491332952	0.0	0.0	
19.095331394624996	2.7565305503479216	0.0	0.0	
13.85029186579673	5.026440735509848	0.0	0.0	
22.440343242892517	30.396965519868303	0.0	0.0	
19.90179715932578	8.113470640588162	0.0	0.0	
28.36099512364571	31.013084384441253	0.0	0.0	
15.098625494661622	11.980177503177629	0.0	0.0	
0.2827279524260504	4.771784045507417	0.0	0.0	
15.362290707224002	11.234158980438696	0.0	0.0	
8.591189263254758	29.833890097166343	0.0	0.0	
2.3636778533946696	1.360951884864459	0.0	0.0	
8.558212206992199	17.1741897172579	0.0	0.0	
2.3675869436243993	25.043471240761356	0.0	0.0	
2.864149531510634	11.430052164882937	0.0	0.0	
5.512954545783948	17.089210339636743	0.0	0.0	
13.24065326265341	31.507671567769176	0.0	0.0	
17.779635801670874	20.38534009414441	0.0	0.0	
4.429679202580221	24.625602952772585	0.0	0.0	
4.817977527140325	0.36805291261710593	0.0	0.0	
28.19092198100545	22.493679666556456	0.0	0.0	
15.630843761362637	16.71065730151821	0.0	0.0	
9.45468197467681	18.879850084099637	0.0	0.0	
13.366118418279928	5.049699943240352	0.0	0.0	
7.753220251379954	3.0159795309301494	0.0	0.0	
9.406997520626902	17.752314925627097	0.0	0.0	
1.4096380917850482	2.6325209766044573	0.0	0.0	
13.84439410047623	22.58165683579509	0.0	0.0	
28.894672141624454	21.585402140398006	0.0	0.0	
5.3892084075614015	27.77151076660534	0.0	0.0	
29.33922506332179	18.926331709732374	0.0	0.0	
0.27779864842130664	11.792550300938	0.0	0.0	
20.617439580393164	31.071241519046232	0.0	0.0	
19.24686105444444	18.490405957228315	0.0	0.0	
20.970307928904475	13.765216418817587	0.0	0.0	
29.565864869062885	6.83707836322116	0.0	0.0	
23.848555369266347	15.322456998441734	0.0	0.0	
29.890335099138067	15.743586063138888	0.0	0.0	
4.782829617416262	21.994564163282785	0.0	0.0	
11.074275035362376	15.374959891649869	0.0	0.0	
15.551790315436662	7.6036340135834735	0.0	0.0	
23.23400618691727	5.125453922715408	0.0	0.0	
26.633179262567516	4.933236360341411	0.0	0.0	
8.584477397999802	2.714230924341404	0.0	0.0	
20.029557617344025	16.26717079257943	0.0	0.0	
1.875727438586619	19.35909946109456	0.0	0.0	
10.605286081666069	9.404080208787246	0.0	0.0	
1.2971291660807225	23.13794492603932	0.0	0.0	
5.815184844872714	1.9133567743363962	0.0	0.0	
23.574933616722824	8.976161512493402	0.0	0.0	
9.71098773974876	13.299579225109262	0.0	0.0	
15.021664255625552	11.470375333579408	0.0	0.0	
22.69320376574064	10.028394183655045	0.0	0.0	
26.975327417258164	14.115412608093056	0.0	0.0	
14.918623365556119	8.393125904837856	0.0	0.0	
19.14376218873169	3.913207656576148	0.0	0.0	
26.054217071156963	24.723055123304796	0.0	0.0	
11.734336527130154	23.045213685768967	0.0	0.0	
24.943194171226022	1.070381012098352	0.0	0.0	
12.350328905299598	24.346690386299155	0.0	0.0	
7.257218900224235	1.1297475762900397	0.0	0.0	
3.526955015392222	21.055390750164346	0.0	0.0	
0.007135442045122176	28.11569639738735	0.0	0.0	
29.902904190761113	22.96226973962961	0.0	0.0	
0.9840124477799854	9.933428608285137	0.0	0.0	
29.846196102357823	1.700682282063518	0.0	0.0	
1.2072501947862015	27.29149599136027	0.0	0.0	
16.14807327520048	14.610685308515823	0.0	0.0	
22.816866528408188	26.66417783737898	0.0	0.0	
10.389552170115774	5.0723374729598625	0.0	0.0	
3.8323562167736824	2.1594594651158623	0.0	0.0	
16.32632730590088	22.826439079687024	0.0	0.0	
23.628626370424115	15.449853693795102	0.0	0.0	
0.48603880055921067	8.421867921712494	0.0	0.0	
16.71280720953497	30.34847213441717	0.0	0.0	
4.529833514706365	7.018126434448458	0.0	0.0	
27.43273759405565	4.226806846314023	0.0	0.0	
14.417922754916301	16.583652280611833	0.0	0.0	
10.815024738693793	11.58110924327891	0.0	0.0	
30.606303860684974	29.166606655052792	0.0	0.0	
14.87289215312202	23.695598874083316	0.0	0.0	
22.723879293549654	15.027742781650666	0.0	0.0	
11.788445483662521	2.9980544081218063	0.0	0.0	
3.0935273955428144	24.624135083804894	0.0	0.0	
4.800698762415333	12.949413727466439	0.0	0.0	
27.23217288608209	16.220571683723467	0.0	0.0	
14.859622451640053	26.769398319180617	0.0	0.0	
11.778974989600101	8.832840874485711	0.0	0.0	
12.680676504130624	21.95220401823658	0.0	0.0	
30.00702297238806	24.97370440828054	0.0	0.0	
17.705003954725765	29.788717832042284	0.0	0.0	
13.790602194465222	31.534715879376638	0.0	0.0	
29.093662966761666	22.223243170460204	0.0	0.0	
4.301215217770359	29.734570736225375	0.0	0.0	
2.9602922863285777	6.161732523442016	0.0	0.0	
9.805697948798159	17.427229091585854	0.0	0.0	
31.524558214478745	27.626503117412703	0.0	0.0	
10.979809085414125	19.496290635666725	0.0	0.0	
14.602542774411354	27.28042753869694	0.0	0.0	
21.67655705641726	7.430485478653676	0.0	0.0	
17.53283832571194	0.6921378405188996	0.0	0.0	
21.424061639833386	15.276446402597141	0.0	0.0	
4.21756567627985	0.24198351573819465	0.0	0.0	
28.02877264673775	6.37188813168752	0.0	0.0	
0.8534460333688081	24.70110933594019	0.0	0.0	
31.61965661346995	13.311309608913568	0.0	0.0	
15.654155757769107	21.283576718661084	0.0	0.0	
9.538332441129242	3.8409634569618056	0.0	0.0	
5.5321513363908	24.29809187409909	0.0	0.0	
0.5341598609207168	19.257269277528536	0.0	0.0	
29.662446386644884	11.839382605991617	0.0	0.0	
28.249740375358346	19.48112334626271	0.0	0.0	
29.948839642967954	16.181807377767736	0.0	0.0	
1.2696204267151359	15.863024866685784	0.0	0.0	
10.940880651430845	21.193134400213847	0.0	0.0	
6.9964369120893615	31.0886226039661	0.0	0.0	
8.729324938090492	5.222483110849037	0.0	0.0	
24.727580339124547	17.45587968786333	0.0	0.0	
11.462366188286008	7.68478502232707	0.0	0.0	
27.842718013036365	4.785410671269489	0.0	0.0	
22.578200940388157	29.881228349368076	0.0	0.0	
8.303430985058718	3.460147819161115	0.0	0.0	
20.716019713663105	11.445220983133407	0.0	0.0	
29.787562627822833	13.960314603812133	0.0	0.0	
27.965955623512556	4.63436669539016	0.0	0.0	
11.153804548119844	3.498665882539946	0.0	0.0	
30.930474393731135	10.443993323381719	0.0	0.0	
24.89412727797469	28.467216112126163	0.0	0.0	
12.838478050511224	10.235933356003017	0.0	0.0	
6.251468672226636	19.627108811991747	0.0	0.0	
28.314264819036993	25.8306488195761	0.0	0.0	
27.474594121332228	13.829768337923195	0.0	0.0	
18.178952445075538	21.063808800297853	0.0	0.0	
27.442855108412775	22.454509941348572	0.0	0.0	
9.698071661716064	27.564386101528356	0.0	0.0	
30.256174395097258	12.19355621153139	0.0	0.0	
7.869367824658934	17.80560948321058	0.0	0.0	
27.661154596824943	27.32378390686063	0.0	0.0	
7.750134674677447	6.316536073483402	0.0	0.0	
0.4142519549431256	31.269130252422958	0.0	0.0	
8.136968339816768	22.121708125354292	0.0	0.0	
18.67768174179895	4.989729402043352	0.0	0.0	
26.347523994707938	17.002996630970504	0.0	0.0	
16.050081969374272	23.346827154731233	0.0	0.0	
6.973484131798834	9.46622356559564	0.0	0.0	
3.8606372287088675	29.708005283415698	0.0	0.0	
22.90522130964899	1.8366114082252523	0.0	0.0	
5.463458401146706	15.338385150412613	0.0	0.0	
31.472613056635225	0.69842093590891	0.0	0.0	
27.338977382068187	16.895989089315197	0.0	0.0	
5.687761408766093	31.247940986937692	0.0	0.0	
3.558450711264772	24.536396538449964	0.0	0.0	
4.486391339159951	30.852799013713994	0.0	0.0	
2.2494021505053965	11.927767530157901	0.0	0.0	
24.22340543002134	20.682276898999056	0.0	0.0	
26.64817871585987	18.78658049121123	0.0	0.0	
6.947030893413746	13.389372899519309	0.0	0.0	
27.18509310915385	21.99268408542646	0.0	0.0	
30.943429095174857	8.016977807074817	0.0	0.0	
23.326977918868867	9.256369157559913	0.0	0.0	
11.672178395325066	19.402051139020582	0.0	0.0	
12.063649536006942	19.995861533771414	0.0	0.0	
28.05991442144415	10.754830764579783	0.0	0.0	
31.889240420196586	20.717474325970436	0.0	0.0	
0.8914697439613661	19.058561659061258	0.0	0.0	
27.612043890431224	3.9766964329693373	0.0	0.0	
11.31299314664502	9.447572102320336	0.0	0.0	
8.046511408462877	30.24367571365252	0.0	0.0	
5.092205332728188	2.222711716915935	0.0	0.0	
5.659590045726635	17.723107293338636	0.0	0.0	
1.4631891954433875	25.68267270839972	0.0	0.0	
28.97771712329103	7.737692540283689	0.0	0.0	
1.5290766060677043	14.734618065296988	0.0	0.0	
26.62431043773633	18.026981279754374	0.0	0.0	
4.33371131935813	19.680247615456427	0.0	0.0	
17.557191932744665	17.068523866041886	0.0	0.0	
24.955385637043825	7.358200787013921	0.0	0.0	
21.984888742531016	9.83546340404791	0.0	0.0	
13.382775750528278	17.032486216191256	0.0	0.0	
30.183085935305648	6.876894518737416	0.0	0.0	
0.29049881233943964	13.171744750740046	0.0	0.0	
2.0152030346336183	21.005416513524658	0.0	0.0	
6.797357265731453	13.374420339986944	0.0	0.0	
27.833890639696172	20.682306665159388	0.0	0.0	
22.176497536268872	22.538280373743913	0.0	0.0	
18.488520861752445	29.355438197481952	0.0	0.0	
26.376108864004866	0.31124869602267324	0.0	0.0	
21.4456389861627	21.805228937056675	0.0	0.0	
29.471843390034625	29.72776073559216	0.0	0.0	
18.76964293855812	29.36515141129691	0.0	0.0	
12.55350745388327	10.524698249950045	0.0	0.0	
20.109528212540525	13.931136436747924	0.0	0.0	
23.543213815801924	20.392423419563592	0.0	0.0	
17.273943421553437	2.0182473948852007	0.0	0.0	
13.28033875965437	30.392894299897943	0.0	0.0	
19.362906979020337	29.21753136434676	0.0	0.0	
10.395076606286441	6.111356655608528	0.0	0.0	
31.75827347014173	2.1104364919920826	0.0	0.0	
13.520417425816984	22.983893129158265	0.0	0.0	
23.23054743794584	6.695108402484514	0.0	0.0	
30.862140155520645	13.25603824587289	0.0	0.0	
23.21145781760348	8.530637255618387	0.0	0.0	
6.577992465049267	1.6389233146977809	0.0	0.0	
12.231303440559216	4.623522845451504	0.0	0.0	
0.049843410689579315	18.884340060773035	0.0	0.0	
10.582030648113985	25.322920353805305	0.0	0.0	
31.089386351556744	0.09281079755395893	0.0	0.0	
19.255166302170903	10.026133569303944	0.0	0.0	
20.460851481139386	19.32620077715827	0.0	0.0	
0.44972786671849363	18.302724907769925	0.0	0.0	
24.095634399255285	31.510824098243052	0.0	0.0	
3.111554671156913	29.020650554769844	0.0	0.0	
23.70850735022236	24.934156718367134	0.0	0.0	
24.355485663207823	15.264902033991891	0.0	0.0	
26.42328712213692	23.837511717836204	0.0	0.0	
17.720342553306107	13.929814512054925	0.0	0.0	
28.798902790977966	17.1805902663555	0.0	0.0	
21.720165518523224	30.213357512371626	0.0	0.0	
25.028182132834814	31.503640454713107	0.0	0.0	
23.201004746904967	7.187347108711883	0.0	0.0	
21.13971848767204	21.461930832943434	0.0	0.0	
20.93545079729528	15.037193218070321	0.0	0.0	
22.63705388390985	13.045280652121448	0.0	0.0	
25.508306821999433	2.499256589314605	0.0	0.0	
8.69218222339013	27.26618749053025	0.0	0.0	
20.76719844848684	27.83548287841406	0.0	0.0	
20.470989095237503	25.152456244454523	0.0	0.0	
14.247041900612974	1.5813420261758147	0.0	0.0	
25.526021460728366	24.578326860442484	0.0	0.0	
29.922165562498062	16.51158757725292	0.0	0.0	
21.189641967819043	24.5659363828087	0.0	0.0	
20.5499979091357	12.953221968980923	0.0	0.0	
13.397356094134881	20.8904748184	0.0	0.0	
11.944412343382762	11.616714885877695	0.0	0.0	
23.5164636522617	0.030410670821048313	0.0	0.0	
27.766953431547705	18.297707617735878	0.0	0.0	
25.239066051763498	27.642446389288555	0.0	0.0	
31.380171207607322	6.84927064329581	0.0	0.0	
24.51751213234119	0.6183651471933693	0.0	0.0	
27.8825416967103	16.84449258134404	0.0	0.0	
6.45222448148353	3.670376712571194	0.0	0.0	
2.6712784860641783	10.490179541702311	0.0	0.0	
2.497042126552156	23.38825667316644	0.0	0.0	
7.099019727203803	5.49765800269919	0.0	0.0	
23.076688030803847	27.854616999652603	0.0	0.0	
30.387351432046305	12.893668952513707	0.0	0.0	
18.93555151663734	13.129290011632197	0.0	0.0	
22.03329192616064	3.2371389854906454	0.0	0.0	
15.659721523247129	1.4601510829224154	0.0	0.0	
7.40381227403827	4.277870173415085	0.0	0.0	
1.461281579766677	29.410330789960565	0.0	0.0	
3.0633024052827516	4.047051884270697	0.0	0.0	
21.061210186891778	24.56250169162426	0.0	0.0	
8.132521326400997	26.453001033117562	0.0	0.0	
1.1363650771668077	7.617407942756238	0.0	0.0	
0.4642389771938795	18.414836765328786	0.0	0.0	
5.495776365452347	20.03905610785154	0.0	0.0	
28.172740401110275	12.260377466294656	0.0	0.0	
14.73011606393337	9.351493585111381	0.0	0.0	
1.1733160206868973	20.36720320772817	0.0	0.0	
12.818313044790287	10.988752946163228	0.0	0.0	
17.30097844667291	29.645362369041422	0.0	0.0	
7.474163237080582	16.333201421818675	0.0	0.0	
24.840784441960675	6.13655883807899	0.0	0.0	
5.087985898247226	29.754343393313114	0.0	0.0	
9.888480916422626	27.216181967126804	0.0	0.0	
0.40419543771011135	7.933693942650137	0.0	0.0	
24.075219277146868	14.29060410597182	0.0	0.0	
3.5059391927101125	1.3418722808380146	0.0	0.0	
22.828013374504042	14.654549722199611	0.0	0.0	
9.61238632394198	2.8223128146137846	0.0	0.0	
29.85475484522522	9.339955408180302	0.0	0.0	
16.13749546672957	30.44724696312872	0.0	0.0	
17.97800968042393	24.885648034812206	0.0	0.0	
31.712731385365775	14.527091528631797	0.0	0.0	
8.656250986620261	7.029006363108856	0.0	0.0	
8.510411136056451	13.127716553968838	0.0	0.0	
16.562829168042423	7.042027976708074	0.0	0.0	
6.329117382057536	16.03538053655983	0.0	0.0	
4.497660155889161	1.6612462029458186	0.0	0.0	
29.633395196016373	15.673978508066885	0.0	0.0	
6.387540734476051	14.664678529022986	0.0	0.0	
0.13922656374213815	24.67663245804313	0.0	0.0	
12.809758009920714	16.79988748020102	0.0	0.0	
7.50721565657523	13.689828931616454	0.0	0.0	
20.910283491545425	0.17056272632935787	0.0	0.0	
13.219175744052777	25.293475605039852	0.0	0.0	
23.417686971874442	17.016807448965256	0.0	0.0	
1.372564241305561	8.832028984386689	0.0	0.0	
29.279296333919596	4.028905103916415	0.0	0.0	
29.256972172906806	15.98169870301534	0.0	0.0	
1.856877387454361	23.118519631340575	0.0	0.0	
3.0492290978599783	16.568135024329624	0.0	0.0	
0.2973260111980238	0.8987036543293279	0.0	0.0	
25.42663113182564	19.660914305031508	0.0	0.0	
26.81238497923392	20.9690446681605	0.0	0.0	
23.019014103472063	18.053835239052894	0.0	0.0	
21.767258071572147	26.884725492051697	0.0	0.0	
13.334119310066146	19.57891657945998	0.0	0.0	
23.77407344207071	20.478582742076103	0.0	0.0	
20.381554860101204	5.609844013427775	0.0	0.0	
1.7744660923207611	8.174301642611386	0.0	0.0	
15.075623357440808	21.855075627027208	0.0	0.0	
11.28710450780616	28.541651432999984	0.0	0.0	
23.737521930868045	7.88389587986439	0.0	0.0	
24.10596029340104	18.752087862112063	0.0	0.0	
22.15431382172666	12.215538047480731	0.0	0.0	
2.161150699487191	19.062621136756473	0.0	0.0	
3.0089880214669726	4.229015822810023	0.0	0.0	
28.139896672463067	11.403873101948005	0.0	0.0	
10.526138230964872	3.3546327767011235	0.0	0.0	
0.6810433081610903	24.0751686641358	0.0	0.0	
25.236840923794862	23.22292895859482	0.0	0.0	
3.174772349957916	27.229932198717023	0.0	0.0	
2.558234637107063	27.335003954979303	0.0	0.0	
15.468348007161683	19.07247781355401	0.0	0.0	
22.418108057421563	27.051856301011345	0.0	0.0	
15.67855848001108	20.932940214166088	0.0	0.0	
7.1656413062883395	4.917116585078585	0.0	0.0	
30.5175996536701	17.902229167824597	0.0	0.0	
10.648017738341427	17.150854336364915	0.0	0.0	
19.771248490590885	2.7388013234518738	0.0	0.0	
22.043279880723244	16.52872912688614	0.0	0.0	
21.541813519862107	22.42459035284432	0.0	0.0	
20.178001828434677	10.106378846669518	0.0	0.0	
4.008019308920115	7.204146085509599	0.0	0.0	
6.869466366295658	9.104307629092073	0.0	0.0	
3.5113170852974562	20.35474941658265	0.0	0.0	
31.42681694385393	12.77456876851413	0.0	0.0	
8.370664564136277	12.9319926025501	0.0	0.0	
29.104054452677754	9.852668780945386	0.0	0.0	
25.25709794405479	31.98444288584283	0.0	0.0	
31.557953852983445	23.475969410803682	0.0	0.0	
26.474015933682946	31.514370286115263	0.0	0.0	
21.915712035106143	14.957400268212513	0.0	0.0	
7.873204072062691	30.41211173179147	0.0	0.0	
27.711383490101806	1.1801023992866995	0.0	0.0	
4.059603661147968	17.60903818439955	0.0	0.0	
12.698861616606145	31.786840286726854	0.0	0.0	
9.339086908709426	7.422950920137229	0.0	0.0	
28.39946090474349	3.9683744045265748	0.0	0.0	
24.605294398059097	7.31963112386763	0.0	0.0	
24.422357766854056	9.42291194294291	0.0	0.0	
1.5793727733569192	27.921186420524467	0.0	0.0	
6.295438626660385	26.862795983165697	0.0	0.0	
10.193078216326224	2.6764494158923107	0.0	0.0	
4.677631449106229	10.648085657418846	0.0	0.0	
4.004055751360102	17.514303479175897	0.0	0.0	
20.08516063196497	16.56821748199922	0.0	0.0	
11.132512442945213	25.327564794829378	0.0	0.0	
23.99721029015799	0.4486902403832076	0.0	0.0	
16.92969681315318	2.963827158299356	0.0	0.0	
11.827751348960199	20.33298413435953	0.0	0.0	
15.813139184606197	19.28307414773017	0.0	0.0	
2.1185070277110967	28.230782504058784	0.0	0.0	
26.969549467729358	4.534939031994359	0.0	0.0	
30.300639584663212	5.7050884025121285	0.0	0.0	
12.958338785122766	6.442552432409009	0.0	0.0	
6.8015678331006235	10.026370186106313	0.0	0.0	
9.600015139823704	10.974549774010786	0.0	0.0	
1.7227284397142313	17.269226456492742	0.0	0.0	
10.09311919674229	10.435719420524649	0.0	0.0	
27.24448165735241	23.47045375343634	0.0	0.0	
31.42609095565698	21.66170188152647	0.0	0.0	
22.071050605036948	30.308157110153527	0.0	0.0	
21.458239409829908	29.673379171523806	0.0	0.0	
26.395647846920653	5.357627973591633	0.0	0.0	
31.163073995584814	28.179645658577364	0.0	0.0	
24.097028093028996	6.779879628226652	0.0	0.0	
2.2231705314218786	18.928014014242265	0.0	0.0	
1.6068703776052793	0.7635257050812427	0.0	0.0	
27.48960894812411	5.7941330523966705	0.0	0.0	
30.75832997389053	12.937230218670255	0.0	0.0	
18.69190439767891	11.058887859777265	0.0	0.0	
11.065704944851355	30.29828653038905	0.0	0.0	
20.594256505334084	8.106372651032977	0.0	0.0	
31.63672010031637	19.231669719043612	0.0	0.0	
10.060934702754487	5.681461485252473	0.0	0.0	
2.3576365047863064	3.2744391866433773	0.0	0.0	
10.02426532465735	3.1224185257263315	0.0	0.0	
13.888650138134889	13.021540190749697	0.0	0.0	
10.862400519932212	24.40352963388321	0.0	0.0	
15.417122914689145	28.840457364429803	0.0	0.0	
31.17029064942208	7.109102389916561	0.0	0.0	
12.672178937939137	28.205137217438548	0.0	0.0	
13.15067044232093	26.820387504007194	0.0	0.0	
30.364289316402914	24.24494021221556	0.0	0.0	
3.044187884616818	15.713054673295147	0.0	0.0	
30.380237695749855	17.190721963571605	0.0	0.0	
20.644220269747237	4.155327530835461	0.0	0.0	
30.416729308874913	12.232367749883615	0.0	0.0	
26.042440633886287	25.770912323306693	0.0	0.0	
15.241694015460293	15.242201247416801	0.0	0.0	
21.482875127781874	25.05665449358335	0.0	0.0	
3.0312565450972855	16.294544306013584	0.0	0.0	
15.657021456600166	15.901620148339621	0.0	0.0	
21.52108512021703	23.75050113463792	0.0	0.0	
15.976899729376814	14.476437393477596	0.0	0.0	
1.894626269549562	12.069425168929317	0.0	0.0	
29.241260025400244	28.79991541828703	0.0	0.0	
23.32915130775845	20.32653527941846	0.0	0.0	
16.242411454658583	17.12334973996576	0.0	0.0	
15.017926422502004	10.353570158086903	0.0	0.0	
2.7815946144938657	22.457614685380584	0.0	0.0	
9.20573950056123	9.330216024432143	0.0	0.0	
7.081717434392438	23.73732125327571	0.0	0.0	
28.639780783307945	20.584387199474453	0.0	0.0	
8.104944285038332	23.400998258876818	0.0	0.0	
20.232844886673277	13.363689894799332	0.0	0.0	
27.715377852995278	1.700347769987257	0.0	0.0	
4.504359032048086	31.809061410476534	0.0	0.0	
30.20732901689153	16.403292616089036	0.0	0.0	
0.041987154521798686	10.243348585922185	0.0	0.0	
25.39046669369263	15.188911697703613	0.0	0.0	
1.8130116479628207	21.753208697837305	0.0	0.0	
1.7990789897516493	17.637450719153705	0.0	0.0	
24.956477250875864	20.976483629625143	0.0	0.0	
2.629805415076987	19.481013483076897	0.0	0.0	
3.6638528443328973	14.577206191516783	0.0	0.0	
9.372987246030387	19.790371144207764	0.0	0.0	
14.979094650877887	28.50479282711749	0.0	0.0	
2.295878862456995	3.5030596208004674	0.0	0.0	
24.77401334193369	12.100340029296074	0.0	0.0	
20.003090173741523	6.238704883210275	0.0	0.0	
7.436545320298055	16.947976136835702	0.0	0.0	
7.648485788329076	11.923464494118793	0.0	0.0	
26.313839314933936	7.280183053825009	0.0	0.0	
1.0480986997549486	19.849999122347565	0.0	0.0	
1.2267066592990012	12.269620693851966	0.0	0.0	
2.42930524478561	31.95958916783063	0.0	0.0	
20.568451620238523	0.3255900350481795	0.0	0.0	
31.77459155778318	9.033318638651561	0.0	0.0	
8.047726678098627	18.22306577931812	0.0	0.0	
30.475724231765692	10.341162362409186	0.0	0.0	
10.365094040273263	23.63946894417566	0.0	0.0	
16.400524801651702	16.54452759495311	0.0	0.0	
1.6371770330079514	26.5528691985607	0.0	0.0	
9.98253246530706	6.857590601326294	0.0	0.0	
28.37349514493737	21.625750185306664	0.0	0.0	
10.359600642846978	23.589481123938775	0.0	0.0	
6.62540414110908	11.219185790828732	0.0	0.0	
9.237045862690643	3.4785430894611373	0.0	0.0	
14.311045419405687	9.882266045687523	0.0	0.0	
26.396399215595217	21.023569105411408	0.0	0.0	
16.18412379273214	30.324652538297247	0.0	0.0	
19.918832780214967	25.263195088868972	0.0	0.0	
14.54142908587935	23.628281676738954	0.0	0.0	
23.31553104320645	22.874741947071996	0.0	0.0	
19.73223213742781	19.88511963846135	0.0	0.0	
24.569488957381278	31.069411744634372	0.0	0.0	
19.534633494422458	5.24121946220507	0.0	0.0	
8.98399811790717	30.546301622024284	0.0	0.0	
14.328626364724357	7.060319262134293	0.0	0.0	
18.469672470980598	12.118312275297189	0.0	0.0	
30.844893148097896	5.5950529736204935	0.0	0.0	
2.004654915819998	4.169428022770116	0.0	0.0	
24.854902837427083	15.694037585300517	0.0	0.0	
24.764855311813253	27.012827080991677	0.0	0.0	
6.06466311804645	7.224194673926256	0.0	0.0	
7.893736212941413	14.652907278435066	0.0	0.0	
1.9661194938285185	13.336339416639095	0.0	0.0	
24.517542488367127	1.2866849953816129	0.0	0.0	
22.19972130485876	7.955934433692413	0.0	0.0	
26.281449110586998	18.984287058581735	0.0	0.0	
1.0720297003340136	19.312935665851914	0.0	0.0	
4.649604961033166	14.64506230680447	0.0	0.0	
29.57916817104777	27.489831909516138	0.0	0.0	
25.63175766431595	22.03305020880756	0.0	0.0	
30.81453652916232	6.08362873118212	0.0	0.0	
17.674527196282185	21.782344856546548	0.0	0.0	
19.709972239663543	9.9858487808967	0.0	0.0	
16.392942766211803	16.923107887757176	0.0	0.0	
2.1818144303506095	29.561487389231345	0.0	0.0	
16.38020001414956	2.2046134316953854	0.0	0.0	
23.865149063116313	21.823488380364495	0.0	0.0	
21.181984583792033	7.026192302395415	0.0	0.0	
22.872603508402506	17.944644558019252	0.0	0.0	
21.548161806076788	17.645155012021807	0.0	0.0	
19.60081555361684	19.78817556467293	0.0	0.0	
10.11627315407178	23.817089341620434	0.0	0.0	
15.667192224589652	13.9932591292818	0.0	0.0	
19.308729236104515	20.581926480121528	0.0	0.0	
17.959391426668937	28.74535915102049	0.0	0.0	
6.546408417850731	3.33689733073275	0.0	0.0	
24.28589089956971	9.473258008605214	0.0	0.0	
22.06865987128533	26.000880700029278	0.0	0.0	
8.919784984476813	16.46890180405577	0.0	0.0	
25.919740470522196	11.36151792877562	0.0	0.0	
19.35034618189908	20.025174286202155	0.0	0.0	
17.33176544873979	9.506896855985215	0.0	0.0	
11.69701089326998	18.554087830169443	0.0	0.0	
20.47982189489251	10.227186104668153	0.0	0.0	
7.204213916993972	7.7553101532784545	0.0	0.0	
29.42213060205114	29.302811957382822	0.0	0.0	
9.916597871940578	9.39019660029835	0.0	0.0	
8.069735399519057	31.116325773270688	0.0	0.0	
1.4183046464642572	22.085751839177117	0.0	0.0	
11.021782623288917	6.391285018323412	0.0	0.0	
12.03536004542325	27.6471538160515	0.0	0.0	
29.683810853460923	0.21250264334418745	0.0	0.0	
9.451229065758767	6.390700003704826	0.0	0.0	
18.117190385685507	25.194017742092655	0.0	0.0	
21.56566949908775	10.24995237500827	0.0	0.0	
27.431912571476104	6.394012251058275	0.0	0.0	
31.009764935768093	1.112087419853946	0.0	0.0	
3.053090452743337	30.441340441192462	0.0	0.0	
7.782300746658631	19.32307479337955	0.0	0.0	
15.350128675782617	15.065111478960826	0.0	0.0	
20.60058512111321	21.93328433234373	0.0	0.0	
18.14817922641482	7.481265014656472	0.0	0.0	
7.919296682099848	27.39331213543596	0.0	0.0	
3.73612557782295	0.006278371507185909	0.0	0.0	
18.57558922802809	19.702794559435727	0.0	0.0	
20.376992992697957	13.22730080806565	0.0	0.0	
11.860340826387805	26.078868718510307	0.0	0.0	
11.219366068757154	29.989626157993644	0.0	0.0	
19.43846673645505	17.981402330578206	0.0	0.0	
13.446959928092248	0.17810491822360675	0.0	0.0	
15.865886293831874	29.756400275661658	0.0	0.0	
31.204791399751315	17.669496153322456	0.0	0.0	
21.040168219114502	14.4467172622238	0.0	0.0	
11.259360954492333	12.055947150594367	0.0	0.0	
13.445959567245751	30.64819832218665	0.0	0.0	
8.108442215711275	13.629703083976175	0.0	0.0	
18.990553821022267	4.129612879169013	0.0	0.0	
9.275830492998171	15.38195980742115	0.0	0.0	
7.373982844437524	21.591029293219112	0.0	0.0	
27.713913720524726	9.154219886778765	0.0	0.0	
23.693724054200725	20.882490194861504	0.0	0.0	
16.525073989921427	23.25975313636829	0.0	0.0	
11.866805081046799	12.447628233303423	0.0	0.0	
26.840082930288464	31.13655224374513	0.0	0.0	
6.319968931341382	11.70435429781336	0.0	0.0	
25.755849819485686	8.141648135873758	0.0	0.0	
28.664297388455463	31.50088048580974	0.0	0.0	
18.076273290365616	1.8914330814027913	0.0	0.0	
17.714887833987262	27.628567154130604	0.0	0.0	
10.453269967934997	10.603729824580167	0.0	0.0	
7.786796197730215	15.406958722036201	0.0	0.0	
20.039188462348275	16.719180725162918	0.0	0.0	
10.81829549258714	21.122342667797696	0.0	0.0	
1.019188460778281	15.114277260838406	0.0	0.0	
18.129183878236866	17.580242551546462	0.0	0.0	
11.572791518730853	30.481480320526384	0.0	0.0	
25.99661028789537	4.238474093510614	0.0	0.0	
14.276717794762586	29.549065036912985	0.0	0.0	
22.161262228334095	6.360623255398927	0.0	0.0	
22.132922733812862	7.539563230943038	0.0	0.0	
27.66518561507412	17.96259045381131	0.0	0.0	
5.633215388917119	17.730685377573153	0.0	0.0	
29.967061265064842	3.840180224592565	0.0	0.0	
10.791098499900155	21.586890069527392	0.0	0.0	
23.910751414474102	1.0294558921355161	0.0	0.0	
20.86265199920532	7.07660378677501	0.0	0.0	
