2
32.0	0.0	0.0	0.0	
0.0	32.0	0.0	0.0	
30.607963483014302	14.910930833933588	0.0	0.0	
3.1377872063045906	6.630725748983657	0.0	0.0	
27.971337473207715	12.307529021839553	0.0	0.0	
15.76707835213853	0.5602749013978716	0.0	0.0	
3.7086511503159514	8.81931518204646	0.0	0.0	
20.743654220814225	28.953269997119463	0.0	0.0	
7.04268937524904	16.89124586229301	0.0	0.0	
29.828738059759626	19.68944689362125	0.0	0.0	
15.73379819308531	19.813096468849082	0.0	0.0	
25.89759516721985	6.142754810978396	0.0	0.0	
3.4983337922175686	2.8014372209336535	0.0	0.0	
23.258806295807968	31.63130317266157	0.0	0.0	
6.2750348794373885	18.389754887388396	0.0	0.0	
24.084719181884818	14.714468249806231	0.0	0.0	
17.42811216622228	7.730131539529218	0.0	0.0	
18.517314822672766	24.50093250160466	0.0	0.0	
29.079513613047375	16.26666789560593	0.0	0.0	
6.321108631697307	27.769317099235185	0.0	0.0	
18.81822778349009	9.630240410597061	0.0	0.0	
29.86255084282924	17.69322861967445	0.0	0.0	
18.90744966253038	13.641066009718696	0.0	0.0	
15.15541955304791	29.281092824677426	0.0	0.0	
23.4549614528579	17.566496971213525	0.0	0.0	
16.303555703727362	19.719202861970537	0.0	0.0	
26.457908736406694	5.627173407373888	0.0	0.0	
8.369477278094923	1.860025794843537	0.0	0.0	
5.892818493469683	19.40634459359078	0.0	0.0	
30.24854216932907	14.414703039888582	0.0	0.0	
23.789385863821252	13.847502091307728	0.0	0.0	
11.839403424064056	10.635854570811244	0.0	0.0	
5.290944444445362	26.315047392528992	0.0	0.0	
6.209030052326099	11.656693085028454	0.0	0.0	
10.922622049967341	3.0006832547753852	0.0	0.0	
15.43071000439577	15.726093220178747	0.0	0.0	
28.56182966790407	4.023170954201316	0.0	0.0	
16.42136420824881	30.47212090999995	0.0	0.0	
3.986319447407478	25.58455193868022	0.0	0.0	
30.32640223247406	2.5498591594922395	0.0	0.0	
12.648572768463513	17.56303773372472	0.0	0.0	
7.730552767048266	25.812105463305002	0.0	0.0	
5.160204431241382	26.681321180476626	0.0	0.0	
30.51307044046724	31.98869701519514	0.0	0.0	
6.524844847491391	11.331848279447954	0.0	0.0	
24.706018526522293	2.717595991909498	0.0	0.0	
3.1280792361318888	28.17952497487968	0.0	0.0	
23.359372403385827	31.427055756545233	0.0	0.0	
1.8459160329453397	25.072249494392814	0.0	0.0	
16.153598373672946	30.820234234266014	0.0	0.0	
11.224654425798555	3.842663250558825	0.0	0.0	
4.276017675493733	2.429461234944622	0.0	0.0	
9.450157409940267	13.416932071692678	0.0	0.0	
1.1619246994105943	0.01980922517449457	0.0	0.0	
30.192548997252757	3.993795113314526	0.0	0.0	
9.797131585528039	14.152539015851293	0.0	0.0	
2.2800094780271287	11.577079010581059	0.0	0.0	
10.264753764784952	16.771214694239465	0.0	0.0	
6.801387354542612	27.873731103506472	0.0	0.0	
27.148321577296834	28.004136674451942	0.0	0.0	
6.968913173415871	21.68716179584442	0.0	0.0	
26.830108559352517	31.24993803078129	0.0	0.0	
18.60190522845946	2.4115217256529746	0.0	0.0	
6.152454499893214	6.811911986422416	0.0	0.0	
17.410411680892732	3.1297628703148916	0.0	0.0	
0.296078507324129	23.618297860726045	0.0	0.0	
13.780567363734157	23.569324649476712	0.0	0.0	
24.688695087799648	30.95974140425263	0.0	0.0	
6.540206764339384	27.280060193104664	0.0	0.0	
20.754602121781176	1.3079416188197186	0.0	0.0	
28.15346953180394	27.78661624922971	0.0	0.0	
5.5327550297413595	17.527742807808238	0.0	0.0	
19.514473825383824	28.950362457082342	0.0	0.0	
20.960205382497442	9.58874226724502	0.0	0.0	
1.0390371925012758	1.0784262132390943	0.0	0.0	
11.087470128530583	3.0559201266004195	0.0	0.0	
3.6924318535962968	18.09412059856976	0.0	0.0	
4.796420870273501	28.67436870560637	0.0	0.0	
24.34943489579468	29.56161348010745	0.0	0.0	
22.12460515401111	3.658618574782569	0.0	0.0	
11.742545149025922	0.40881041995563194	0.0	0.0	
30.67415351662341	13.358227226762178	0.0	0.0	
9.657705897633058	13.645919477644032	0.0	0.0	
19.738343424672177	7.842591622310529	0.0	0.0	
14.004603257543177	5.615023498436212	0.0	0.0	
7.403590368571617	17.927068974393293	0.0	0.0	
6.3583920389902	24.1769073230859	0.0	0.0	
5.338363599573988	25.24959587354715	0.0	0.0	
7.376410576436747	31.939689909904377	0.0	0.0	
0.12529945588684654	29.186007730301238	0.0	0.0	
8.516228268379386	11.669074411498261	0.0	0.0	
24.81657059753862	10.103272018368525	0.0	0.0	
21.009496391139432	9.886435254514709	0.0	0.0	
27.56004585494843	30.68653479698833	0.0	0.0	
15.203006477013002	6.907791569967948	0.0	0.0	
30.54442406055577	22.62914643736362	0.0	0.0	
22.942006218499206	28.968581367533645	0.0	0.0	
9.11925242428801	28.754393148092355	0.0	0.0	
31.471850438939505	30.715091056609616	0.0	0.0	
16.53192726857584	2.1800729978723865	0.0	0.0	
0.8006862243820336	0.9740970405724418	0.0	0.0	
23.37024725749336	1.4531574806839487	0.0	0.0	
16.569684073486425	19.13003927233119	0.0	0.0	
1.9495164076557074	1.9987429996055397	0.0	0.0	
25.488062245868317	17.14799603972932	0.0	0.0	
12.583399630679285	9.790870896093981	0.0	0.0	
26.42550716689742	29.31095694393914	0.0	0.0	
26.66245504955533	29.468571412859898	0.0	0.0	
11.084784171517338	0.6296610952173758	0.0	0.0	
13.979153454718453	22.761016833481968	0.0	0.0	
9.709702413646486	8.596907363572043	0.0	0.0	
13.88107106417879	17.796577030362688	0.0	0.0	
26.056397126251213	17.865268323004482	0.0	0.0	
8.200542318720476	21.05498259263097	0.0	0.0	
21.256439793978295	23.328683758374112	0.0	0.0	
6.743983147386775	10.916530089042116	0.0	0.0	
25.970261527815698	2.448975346602417	0.0	0.0	
4.166149012860913	10.811309538866642	0.0	0.0	
20.21641827128891	4.99071036738761	0.0	0.0	
23.705405049638255	17.201295245747485	0.0	0.0	
20.963824191094727	11.92295780796163	0.0	0.0	
23.845562040199322	3.3990329934474133	0.0	0.0	
31.49158035083628	31.540484964051846	0.0	0.0	
8.580301742400472	27.03337600999534	0.0	0.0	
7.815480302061783	13.536773682742492	0.0	0.0	
21.13329862434223	24.441941119916383	0.0	0.0	
14.168256790395048	20.219377480950723	0.0	0.0	
26.36276649321681	20.271293014697406	0.0	0.0	
13.467546046217574	4.149695376433709	0.0	0.0	
25.71360068954767	27.027402113743783	0.0	0.0	
14.670864296380461	4.26490496984702	0.0	0.0	
29.652802487160503	8.327500606434008	0.0	0.0	
19.656717905626284	19.7725364676801	0.0	0.0	
25.110319309867787	7.5008876924323395	0.0	0.0	
15.672554814164585	7.910768935160302	0.0	0.0	
26.18195543131612	6.633735230478408	0.0	0.0	
10.635969555935674	21.54218746038033	0.0	0.0	
15.274911021270007	26.806284851719138	0.0	0.0	
6.104176546474406	8.858311796004852	0.0	0.0	
10.795339163125725	24.6063015445958	0.0	0.0	
23.16572934508952	25.420800082332892	0.0	0.0	
10.918428655509587	2.323507260765105	0.0	0.0	
11.288338308010157	31.759003465941944	0.0	0.0	
3.265539152703319	9.521720138093109	0.0	0.0	
31.15419359078347	19.838415082068042	0.0	0.0	
16.423868601424115	7.159837820903096	0.0	0.0	
19.919021601666905	0.12602068074996708	0.0	0.0	
12.263064004945715	24.965918956665817	0.0	0.0	
1.6234089350997145	24.498712466039187	0.0	0.0	
11.614366638149427	21.11304010989396	0.0	0.0	
12.981189214841255	24.303022047360987	0.0	0.0	
7.363082299515593	26.957908123994148	0.0	0.0	
18.656369400981426	23.941935648318637	0.0	0.0	
25.23409883907366	13.794608182569139	0.0	0.0	
11.064954788972141	5.746009278738441	0.0	0.0	
23.49954935986267	13.906033140027617	0.0	0.0	
14.728595964405915	7.338916786812479	0.0	0.0	
18.475004069254776	14.04378516033779	0.0	0.0	
7.809213189697406	27.285110664377996	0.0	0.0	
12.014805768199711	22.291002155661232	0.0	0.0	
18.45352206397439	28.49466828189493	0.0	0.0	
4.159734297835811	22.503345187645614	0.0	0.0	
3.1924137827022747	17.04426340310827	0.0	0.0	
6.940226496511258	22.836383891341743	0.0	0.0	
6.104788366446417	21.76941798517884	0.0	0.0	
5.205208208909436	5.552305030806824	0.0	0.0	
11.983759133423433	16.881325833506573	0.0	0.0	
20.49358274079103	9.278569606266707	0.0	0.0	
18.61125813883416	27.324610639013578	0.0	0.0	
18.643975823630484	28.070150146855834	0.0	0.0	
7.942366240531886	19.913892666109692	0.0	0.0	
20.001012382510325	12.421358141167417	0.0	0.0	
11.229115067957338	28.496930586804673	0.0	0.0	
3.529516783386608	14.001615929620701	0.0	0.0	
23.039059255630125	21.176078666388477	0.0	0.0	
23.69821327882116	1.5881181656932384	0.0	0.0	
13.802884314100648	0.5287038323174862	0.0	0.0	
24.317997371396206	9.450709624351123	0.0	0.0	
11.146008192355389	18.45733897973734	0.0	0.0	
31.682225009585355	27.67105954242789	0.0	0.0	
24.02553827918862	27.704055230948104	0.0	0.0	
4.390833224474708	24.38782965881176	0.0	0.0	
7.06402964637185	7.976137986017807	0.0	0.0	
23.618648873500064	22.758861683812917	0.0	0.0	
10.251398999811467	19.942644490786023	0.0	0.0	
19.513417892734548	31.02910811420663	0.0	0.0	
26.526672578209148	13.411735698793734	0.0	0.0	
6.786319859937606	18.384596115207373	0.0	0.0	
10.045108841832537	26.21392028582548	0.0	0.0	
26.987737928934653	20.02188735494983	0.0	0.0	
22.63974275145561	7.769792209773847	0.0	0.0	
28.475239032490816	23.17178850924897	0.0	0.0	
18.34384269827442	1.2674230443992975	0.0	0.0	
27.928470937202498	30.395196579230085	0.0	0.0	
1.7573677577057474	24.05325416871925	0.0	0.0	
25.71932546518156	27.021128951693566	0.0	0.0	
3.436844604694347	22.00867007130689	0.0	0.0	
1.4380706158325403	29.78395564497047	0.0	0.0	
22.417731214630127	11.387349476129867	0.0	0.0	
1.2909045685296618	5.3784237539240145	0.0	0.0	
5.832475546970869	26.058592078526708	0.0	0.0	
1.6147434291211091	14.826223703042412	0.0	0.0	
17.499379286675662	3.1940841133254807	0.0	0.0	
31.210980420865095	19.525874273739568	0.0	0.0	
5.0553293159515285	29.050898446844954	0.0	0.0	
4.755555618183806	11.631115114052797	0.0	0.0	
13.462157731559419	11.158219141735998	0.0	0.0	
14.651739314732897	28.426444976009865	0.0	0.0	
17.85107719744366	11.39889059705665	0.0	0.0	
8.193729148566348	22.767377736808065	0.0	0.0	
26.015592697515086	15.177082883208005	0.0	0.0	
15.951152315035944	25.437887501633018	0.0	0.0	
25.351399607226746	13.744725319758608	0.0	0.0	
17.295099962256085	18.67793485046948	0.0	0.0	
9.433581109563512	23.39753088759222	0.0	0.0	
2.2082856057636846	31.24596344649538	0.0	0.0	
27.966551560214146	25.71945017542009	0.0	0.0	
21.772054174476974	18.69006608375455	0.0	0.0	
18.510926091176955	1.4446715117600952	0.0	0.0	
28.594312354275036	6.657148228839269	0.0	0.0	
28.217013595421047	5.4798138544526225	0.0	0.0	
19.995473121319538	17.396382912292452	0.0	0.0	
0.7920025615661004	12.685142119308747	0.0	0.0	
17.841337339004564	29.86078289726645	0.0	0.0	
21.71926378936566	28.811682224466455	0.0	0.0	
15.299969574820505	8.584459912632347	0.0	0.0	
14.987783868290965	4.791729330210391	0.0	0.0	
30.684328259113567	2.837724500929994	0.0	0.0	
6.563290835463416	15.79908173979911	0.0	0.0	
31.32301122439034	22.187271532942756	0.0	0.0	
3.3257538562309037	1.4773497970274079	0.0	0.0	
10.694603323841335	6.535181064526352	0.0	0.0	
12.585777753218135	27.567585677392294	0.0	0.0	
8.247974413790885	25.21128488943361	0.0	0.0	
6.0274485130217315	12.367449651427386	0.0	0.0	
1.2355097607571324	23.096632641785977	0.0	0.0	
9.879860596581242	18.615525680199298	0.0	0.0	
23.223085853042708	18.034753747470457	0.0	0.0	
24.596031657700415	25.745891369663422	0.0	0.0	
21.99332367365946	4.229638764056173	0.0	0.0	
7.089549247430433	16.068181491671176	0.0	0.0	
11.870416743798046	20.90585119308377	0.0	0.0	
8.148491658806662	27.13547808937972	0.0	0.0	
23.75063153006894	15.287225329682684	0.0	0.0	
29.89963615394962	3.6809703639387727	0.0	0.0	
26.513088791962392	15.473165794635175	0.0	0.0	
2.5702656080428667	10.747172950212033	0.0	0.0	
29.11114848494006	29.208028261248472	0.0	0.0	
3.4899015249272267	20.67630862357098	0.0	0.0	
4.0681581505970925	13.741405791971008	0.0	0.0	
14.99613262198012	13.89648692939764	0.0	0.0	
5.515711516475797	24.06539947423939	0.0	0.0	
12.818039623603028	15.405314460077609	0.0	0.0	
9.202771552859257	23.23634670222481	0.0	0.0	
20.954492263728763	8.108934507203966	0.0	0.0	
21.95399240155836	5.250313162758033	0.0	0.0	
20.432880589394973	0.7582598521229293	0.0	0.0	
28.786061146091015	8.050541935612124	0.0	0.0	
3.076882499310063	7.992447212001213	0.0	0.0	
3.895468662195711	19.161551355186827	0.0	0.0	
14.756270777493537	7.005559745085296	0.0	0.0	
0.7306059823546178	5.286034315216455	0.0	0.0	
16.881695229149933	17.93183681990129	0.0	0.0	
16.9713456586788	5.964059113555372	0.0	0.0	
4.194242490675439	20.937565276653384	0.0	0.0	
17.656149334108736	23.939551854608087	0.0	0.0	
2.535430116616837	8.21598329465472	0.0	0.0	
9.52975059702236	19.9850668919462	0.0	0.0	
9.159939194971216	25.725135663776733	0.0	0.0	
23.782516551552288	29.724242625434616	0.0	0.0	
7.801344805299415	24.421309243142275	0.0	0.0	
2.398358572322909	31.974910289193712	0.0	0.0	
11.918171619958216	25.40693890808043	0.0	0.0	
9.282922383010813	28.52203714551522	0.0	0.0	
25.60082524814416	19.38402629818303	0.0	0.0	
6.868213186231657	8.8106050957138	0.0	0.0	
31.100180194400526	19.021085412769274	0.0	0.0	
11.486765316910027	14.593833743104565	0.0	0.0	
8.61649654783298	10.31768739559223	0.0	0.0	
20.82785250541215	23.93518878328401	0.0	0.0	
12.530569903614925	5.3169284468446065	0.0	0.0	
8.417333929351301	24.179530448683074	0.0	0.0	
10.827559225187326	9.1705519697629	0.0	0.0	
18.53319730694706	23.891835577343464	0.0	0.0	
19.620670711231096	3.1225383636136144	0.0	0.0	
10.023743973609324	14.830881327459927	0.0	0.0	
7.989604415507046	12.450648250102034	0.0	0.0	
14.546076033663933	16.58899911984474	0.0	0.0	
22.420397515271297	14.760933909216401	0.0	0.0	
15.982018147738334	24.552603743363676	0.0	0.0	
3.7539868449356497	10.92897949272485	0.0	0.0	
7.754855680480656	22.88802886983669	0.0	0.0	
7.084189476887818	31.791383161462768	0.0	0.0	
21.995442824394523	4.020959487673586	0.0	0.0	
25.888303740656895	0.5486268339244127	0.0	0.0	
8.145053437015829	24.120923521661872	0.0	0.0	
19.20066485449334	30.073840260804108	0.0	0.0	
10.459980250754448	16.204825641409222	0.0	0.0	
15.678203215648878	12.749090710669485	0.0	0.0	
16.39263637261572	24.388422390220722	0.0	0.0	
9.519890526168282	27.40155721709446	0.0	0.0	
17.299468057112055	29.8862631425102	0.0	0.0	
4.6684490863975725	25.98520271715516	0.0	0.0	
0.795305906453379	0.9474559219955552	0.0	0.0	
5.4270780671412275	16.724810942397536	0.0	0.0	
4.218851591084416	16.683387598379543	0.0	0.0	
0.9403635541866073	30.793878042287165	0.0	0.0	
3.234925548619394	11.368387887178983	0.0	0.0	
22.04907170014025	30.959686795201165	0.0	0.0	
20.950679172868636	31.11588007362122	0.0	0.0	
23.70030594645927	20.531856606333257	0.0	0.0	
16.617784983251155	20.831853534663843	0.0	0.0	
31.143692647774532	9.876769803581308	0.0	0.0	
4.002163556214352	28.080964582415884	0.0	0.0	
1.680258936586089	14.930654035038337	0.0	0.0	
31.13933048697184	6.068137306649636	0.0	0.0	
22.549525022238424	25.550884621710956	0.0	0.0	
26.428916358722987	4.5194409525476225	0.0	0.0	
18.593554042709947	1.5828309562913105	0.0	0.0	
9.057508180582488	13.658405394625774	0.0	0.0	
8.418505612105218	2.9549695419810327	0.0	0.0	
28.30291899296904	29.10321816995469	0.0	0.0	
20.25000274759809	29.792935642754045	0.0	0.0	
26.87090274646749	30.66484212731608	0.0	0.0	
25.926326471055138	1.268499415686314	0.0	0.0	
28.800965931969344	16.83393748319406	0.0	0.0	
4.7068648758116005	30.175768855340497	0.0	0.0	
11.318503792998303	28.894161607377534	0.0	0.0	
26.16388229802236	23.711405630986466	0.0	0.0	
0.6147204710345378	11.985920877437511	0.0	0.0	
2.835983010255859	0.3023191001512373	0.0	0.0	
30.376550805148703	3.552122325190439	0.0	0.0	
9.034584299247552	28.65386275293474	0.0	0.0	
13.624836284859647	28.994954955064433	0.0	0.0	
3.8780782905675792	29.878377804861607	0.0	0.0	
26.28375919803788	29.74981575322118	0.0	0.0	
16.045299375191473	13.730474629531152	0.0	0.0	
7.953692201238219	26.088483646903633	0.0	0.0	
10.455912187848735	7.953675527824913	0.0	0.0	
9.18212095361039	8.216158169793747	0.0	0.0	
15.522530172431956	13.899386585537737	0.0	0.0	
22.175582658537284	12.2266451370037	0.0	0.0	
24.110115770894875	6.8664179085492165	0.0	0.0	
0.15094046212317025	6.134562510492664	0.0	0.0	
8.505249777913843	30.22992664475694	0.0	0.0	
17.826184555540962	5.60771468540084	0.0	0.0	
8.230641554638613	19.61923212210396	0.0	0.0	
11.536305344505813	14.178736662670019	0.0	0.0	
29.997525869593456	16.74515061104756	0.0	0.0	
13.277055238444628	26.276185220327303	0.0	0.0	
3.8539567125711613	22.974936343560497	0.0	0.0	
11.77407735401621	3.594486831322513	0.0	0.0	
6.392288079241975	13.317603751220684	0.0	0.0	
25.97398645060952	9.990919919475694	0.0	0.0	
27.682193924796206	2.3679198219228503	0.0	0.0	
5.274522053310751	9.748266490409481	0.0	0.0	
15.74926118955798	1.3293681862323012	0.0	0.0	
15.968919703586153	9.699993594545816	0.0	0.0	
30.543572352457627	17.41747082369689	0.0	0.0	
21.49919717802216	25.481604423557403	0.0	0.0	
4.902016984720671	28.494790143222023	0.0	0.0	
23.370681878069256	9.662041526056282	0.0	0.0	
23.042668160835923	29.423932047276118	0.0	0.0	
30.453091421052573	22.245146030390348	0.0	0.0	
15.167936444312751	19.67770393027447	0.0	0.0	
2.8171014311332527	4.044689659704723	0.0	0.0	
26.254359269184036	21.695717378963973	0.0	0.0	
8.348606136910917	5.775094496540536	0.0	0.0	
28.790322886293758	23.34465794610833	0.0	0.0	
28.589990330523694	27.136627080508422	0.0	0.0	
19.394822528269184	29.29147427638641	0.0	0.0	
5.459288026735553	5.203948720053351	0.0	0.0	
8.964625088909173	28.608183735011647	0.0	0.0	
1.2788420044681033	25.337544291741366	0.0	0.0	
22.02719522765223	10.19081712792617	0.0	0.0	
7.7444493476003835	17.109146074860252	0.0	0.0	
26.473168632546297	24.16178698447347	0.0	0.0	
5.757031216810237	13.492024466131301	0.0	0.0	
15.707710068964278	2.74169706821948	0.0	0.0	
21.02895762605131	0.5764358991363103	0.0	0.0	
30.792616508728784	17.907106237660443	0.0	0.0	
2.6558649547928006	9.123469099929352	0.0	0.0	
5.3822533898021305	24.896403446274416	0.0	0.0	
0.9163489572252033	8.007979700364423	0.0	0.0	
10.890744295895129	15.04807184472979	0.0	0.0	
30.414885236364956	17.07664729507629	0.0	0.0	
18.743777562540394	30.37417354133884	0.0	0.0	
27.68532891140133	13.064385078361205	0.0	0.0	
10.757044425594469	29.291501427592856	0.0	0.0	
17.527182087333962	23.45425442126584	0.0	0.0	
30.365917439399947	8.552686227581095	0.0	0.0	
19.106661104944276	21.934953308032334	0.0	0.0	
6.361101614313029	23.78116213209721	0.0	0.0	
12.867735222529145	25.89406523939475	0.0	0.0	
2.939685818574766	24.055808661550635	0.0	0.0	
28.43359445866045	23.462363361890915	0.0	0.0	
10.122875489937083	28.90238896764887	0.0	0.0	
29.15690187356764	7.7980779622910354	0.0	0.0	
3.8888656228370984	5.60844658067721	0.0	0.0	
8.611927713807546	1.7593173212833975	0.0	0.0	
22.5675229784009	21.395316989317518	0.0	0.0	
19.070772087456252	10.437412100072152	0.0	0.0	
4.795974185106203	0.3826458760309883	0.0	0.0	
8.23750406880529	16.502730283055516	0.0	0.0	
13.805184333195776	17.719718856173493	0.0	0.0	
17.745949767363896	24.412089873935635	0.0	0.0	
15.1591744896639	10.80831940356423	0.0	0.0	
3.907460335606725	8.885993785023711	0.0	0.0	
28.20081545180061	7.275166666684655	0.0	0.0	
28.174742062827516	30.02428081272687	0.0	0.0	
4.444693947445984	15.792879033614152	0.0	0.0	
31.82643922761449	19.114623062619682	0.0	0.0	
16.526608100973718	20.559210360155923	0.0	0.0	
18.97752491596222	6.621224823586825	0.0	0.0	
19.67112535307551	17.71894095912249	0.0	0.0	
24.87822376030431	23.67268234405776	0.0	0.0	
23.881939370628498	0.2049121383664918	0.0	0.0	
1.2077772834975313	20.229248464090386	0.0	0.0	
4.528749482005836	25.681008377561316	0.0	0.0	
6.646775771586281	7.961140301239702	0.0	0.0	
1.9742903374477194	28.506978469584183	0.0	0.0	
8.244312521496717	3.509079128652754	0.0	0.0	
3.3744114538238392	1.0594694138102447	0.0	0.0	
29.957542355131565	10.986781539642678	0.0	0.0	
4.709119080034977	29.880890173304262	0.0	0.0	
24.574760383767877	8.61239254603123	0.0	0.0	
21.430619840924045	3.0945417149982717	0.0	0.0	
24.144445887815824	23.999431911841597	0.0	0.0	
19.70746051472918	11.23667802988668	0.0	0.0	
19.96217305677459	5.05127636302149	0.0	0.0	
29.68486512341901	12.95053248160782	0.0	0.0	
11.669228550488103	9.24269741265179	0.0	0.0	
5.127776290469097	6.777049590578095	0.0	0.0	
19.922997468451086	19.497736164966117	0.0	0.0	
3.865815901962879	12.860355692704903	0.0	0.0	
31.827016045921976	2.4326875603538696	0.0	0.0	
9.069989794426494	27.636785021431628	0.0	0.0	
16.759325152467916	23.588487933545025	0.0	0.0	
14.878539405583105	18.438259148695177	0.0	0.0	
14.527044921084848	20.466660554270778	0.0	0.0	
4.105461614216427	1.2678477453982673	0.0	0.0	
31.94991108604402	12.327973428681549	0.0	0.0	
14.009968262435617	9.976331492735223	0.0	0.0	
1.662759644169828	13.741450557784553	0.0	0.0	
24.114419774648905	0.36300927502312774	0.0	0.0	
19.53120278416028	30.127534856095103	0.0	0.0	
6.0625892544215425	13.075368888022709	0.0	0.0	
29.41480475506594	1.735372743758223	0.0	0.0	
15.901671653501193	2.233814741152738	0.0	0.0	
12.142547526144742	28.22271618984798	0.0	0.0	
7.509479692142666	4.088878030853586	0.0	0.0	
14.463452416582772	30.62456356180104	0.0	0.0	
8.680443033871423	10.609775156363245	0.0	0.0	
3.719514597906702	31.969596397990593	0.0	0.0	
26.66789944968509	11.433145487555446	0.0	0.0	
19.9573157792795	30.7282393519016	0.0	0.0	
5.086137503962757	29.938482020168006	0.0	0.0	
31.59069354214096	6.910785218211675	0.0	0.0	
0.5144076067630934	24.389610591001585	0.0	0.0	
22.585648093439627	0.06208120094555625	0.0	0.0	
2.847562226551844	21.521232067933255	0.0	0.0	
6.6398372635081735	18.43005288997464	0.0	0.0	
29.021303729180673	12.822070192802624	0.0	0.0	
24.294803488420314	18.67411463345735	0.0	0.0	
9.61426499711752	19.63744868657458	0.0	0.0	
30.819775428805436	19.88714017176456	0.0	0.0	
28.95947130118102	13.43475163211387	0.0	0.0	
11.7735716167347	25.41354695181264	0.0	0.0	
8.945275598763967	16.29745650096337	0.0	0.0	
2.588025584950273	26.374299986060834	0.0	0.0	
29.61199389130652	19.95039006928556	0.0	0.0	
4.655970427210619	27.176165087144685	0.0	0.0	
10.327304523441118	11.736514324723732	0.0	0.0	
0.624786664001082	25.317621353086995	0.0	0.0	
1.1939749367435049	23.937545268825566	0.0	0.0	
19.81091634032081	14.165351025699255	0.0	0.0	
12.142418022214798	25.167441614352587	0.0	0.0	
26.738657254466798	30.269626772548	0.0	0.0	
11.125959979701076	19.937693684263262	0.0	0.0	
7.303909878532238	11.399371248263506	0.0	0.0	
23.417837675600012	9.399686925837738	0.0	0.0	
11.319957460546433	23.464569107659464	0.0	0.0	
6.587656311775664	28.13090855693161	0.0	0.0	
3.5062455711829728	21.034333950946763	0.0	0.0	
19.053878237757505	1.9741534254063176	0.0	0.0	
31.399465405347314	10.553297727046854	0.0	0.0	
10.066901304416053	3.9116882517530875	0.0	0.0	
0.6589084733311168	1.6687570243199161	0.0	0.0	
7.69992883752581	10.662472997584942	0.0	0.0	
27.05960892861908	11.289253832245812	0.0	0.0	
19.20282289762171	25.794004731219083	0.0	0.0	
3.692614983435675	8.139966916273757	0.0	0.0	
1.9991727448805143	0.4615213787041519	0.0	0.0	
27.908514244622832	10.192259949902937	0.0	0.0	
25.795193495457635	16.188594123719266	0.0	0.0	
16.043571190870793	29.21059487268998	0.0	0.0	
30.443796640310445	0.7114096504353924	0.0	0.0	
27.136770606833508	23.88853376088951	0.0	0.0	
0.25446579875732667	2.6754652292336694	0.0	0.0	
23.21868004381753	26.52886046929146	0.0	0.0	
26.325563044837864	5.117242259599564	0.0	0.0	
3.263768359417707	7.194306523196552	0.0	0.0	
23.350595165135715	0.04189358763420614	0.0	0.0	
3.06141909696003	13.322517753125453	0.0	0.0	
17.72859548535737	1.3834088828439093	0.0	0.0	
18.43409544011274	11.805788224110046	0.0	0.0	
13.826989955944107	24.65194961862011	0.0	0.0	
11.413696251731473	0.8647707858172282	0.0	0.0	
16.804262528860765	14.293199812407032	0.0	0.0	
10.261322219832863	4.5229579940472995	0.0	0.0	
6.8542306799266015	20.196270122945236	0.0	0.0	
9.139259043159704	4.073277815467353	0.0	0.0	
1.651941335511168	26.876940201807468	0.0	0.0	
5.001476735268035	4.44007140286141	0.0	0.0	
11.268416056263835	23.516698694128902	0.0	0.0	
25.9100867780823	3.685504401770743	0.0	0.0	
4.6696644565869505	7.705411684980881	0.0	0.0	
5.699138386396108	14.280447335607473	0.0	0.0	
22.38510665637125	27.644653813409477	0.0	0.0	
0.26214296834217166	16.435458445996055	0.0	0.0	
7.007690502064381	29.741331012733962	0.0	0.0	
10.037592928949163	21.550014832656547	0.0	0.0	
16.432189238665607	7.63172962657741	0.0	0.0	
24.66944801076331	19.72922364574893	0.0	0.0	
19.047709416987864	30.723449067847667	0.0	0.0	
10.091118580809134	2.2326549583631667	0.0	0.0	
26.053851546068813	2.13398980627867	0.0	0.0	
8.769023767697064	5.929700450228033	0.0	0.0	
11.066318692587881	24.96451907166739	0.0	0.0	
9.131150370289763	30.82762447519665	0.0	0.0	
14.302668542956212	14.502743863723381	0.0	0.0	
17.16967728802551	29.52775034224234	0.0	0.0	
1.1099672816557309	13.19650919974059	0.0	0.0	
29.01252667264302	13.567261312253137	0.0	0.0	
23.31520730471373	27.677467544146324	0.0	0.0	
26.398691703541765	13.06373129644317	0.0	0.0	
10.773447047171732	21.759655138482913	0.0	0.0	
15.118320220791823	31.1133130493066	0.0	0.0	
22.688528731303656	24.92258655092687	0.0	0.0	
25.013275295937653	28.055334612077143	0.0	0.0	
10.163769198988458	23.237005588890312	0.0	0.0	
14.874761153853047	26.805017744346266	0.0	0.0	
10.009661286446434	12.02235991060012	0.0	0.0	
21.21234668553025	24.654857657276935	0.0	0.0	
2.2477455086588485	23.62429821440874	0.0	0.0	
16.42496584909323	5.45111190480603	0.0	0.0	
19.245926392868494	2.7582631213226065	0.0	0.0	
14.885744444349733	0.6677666077696465	0.0	0.0	
2.9446581512915166	29.162993790993763	0.0	0.0	
25.110165812037547	23.346365680940934	0.0	0.0	
18.381497977116574	18.93987028748793	0.0	0.0	
28.35864182691472	25.704404127194962	0.0	0.0	
16.02070041852646	16.713448521983377	0.0	0.0	
3.227319910715785	13.033187924887777	0.0	0.0	
4.467935330359129	0.38941051181576114	0.0	0.0	
9.384834475016046	5.445866833139462	0.0	0.0	
26.702648298117982	28.632872777815447	0.0	0.0	
2.752022170626482	24.641075177317667	0.0	0.0	
16.610113381368713	6.83981995378403	0.0	0.0	
29.132429897744963	17.21741151337061	0.0	0.0	
7.099125438757152	29.942937168026003	0.0	0.0	
7.340991186539668	12.714525756878292	0.0	0.0	
16.438345781885353	25.422513835282	0.0	0.0	
22.6584382928982	18.370742297539206	0.0	0.0	
9.640072254561918	11.408877212501856	0.0	0.0	
7.992496504818181	31.664187638772702	0.0	0.0	
13.26226271171032	4.396923170259459	0.0	0.0	
29.102460343652506	18.505470287078612	0.0	0.0	
20.816538288459828	16.97226150439917	0.0	0.0	
2.529268205905911	6.725541749760254	0.0	0.0	
30.954101552153105	19.10206771682912	0.0	0.0	
0.8300432651235354	18.265792867843295	0.0	0.0	
15.873930330358938	19.61803508892946	0.0	0.0	
0.6466561021898158	31.404559698579487	0.0	0.0	
21.866649575388465	7.225293130880761	0.0	0.0	
27.920497397674623	10.627193111609614	0.0	0.0	
0.814942208586487	5.7248777317975375	0.0	0.0	
26.710965576876767	28.763682270782866	0.0	0.0	
2.0034693404270065	31.81006074248335	0.0	0.0	
26.72547694088141	14.985568704449747	0.0	0.0	
21.545774788536924	13.360429904023128	0.0	0.0	
28.53331635282955	14.478464422433593	0.0	0.0	
17.763609667643536	12.216167030663872	0.0	0.0	
7.368432638422206	25.581574578313774	0.0	0.0	
23.008657868002313	15.304565283675178	0.0	0.0	
10.94029987923373	11.147098041981383	0.0	0.0	
21.49139396813495	10.312506694321566	0.0	0.0	
15.907406306572668	11.463904121515565	0.0	0.0	
21.39100251221843	19.574165586763115	0.0	0.0	
24.829999106545664	30.13228454110264	0.0	0.0	
17.648560530347414	31.005168882351093	0.0	0.0	
21.991942749153424	17.120939618230665	0.0	0.0	
9.812136290725327	9.72637815265124	0.0	0.0	
25.83601520983347	4.005473846795407	0.0	0.0	
18.80112752364538	24.695556730789814	0.0	0.0	
3.923591403587448	7.59583333514173	0.0	0.0	
28.26985642942443	21.585586157247402	0.0	0.0	
16.46917814004124	12.581927376496328	0.0	0.0	
1.153911176498326	18.85845401960283	0.0	0.0	
27.23414701895632	12.199928617731114	0.0	0.0	
21.325740290253076	16.43068675776687	0.0	0.0	
30.346337657207123	15.02965175036504	0.0	0.0	
6.8136244211620145	12.83673079042676	0.0	0.0	
10.186293290830427	27.299779720070852	0.0	0.0	
19.942835556813375	9.633697283960284	0.0	0.0	
18.658284999406977	13.463056880936104	0.0	0.0	
25.36408547095174	17.08372541079749	0.0	0.0	
8.267341747565741	1.3735547117036653	0.0	0.0	
9.67680853030414	25.019621632382307	0.0	0.0	
28.1802984631185	27.505533544748797	0.0	0.0	
4.411109251838582	15.138545273010749	0.0	0.0	
22.599922229976336	25.858984140887483	0.0	0.0	
6.549616921512158	0.8769350049688782	0.0	0.0	
28.038268096029473	17.51436007584489	0.0	0.0	
2.4595715610150606	17.74352403814774	0.0	0.0	
29.880871568909598	27.02903586543594	0.0	0.0	
5.3175553934341195	31.065259859116992	0.0	0.0	
12.972363202207685	24.006007219541484	0.0	0.0	
28.824065968017624	15.47581488291706	0.0	0.0	
26.19150833937715	30.99907753247928	0.0	0.0	
14.17777632557247	13.258198117899973	0.0	0.0	
14.903497357291418	13.366509090599287	0.0	0.0	
24.47427691385016	13.612250106374841	0.0	0.0	
28.447028799342164	18.427269993060364	0.0	0.0	
12.33942581167383	4.748980825705093	0.0	0.0	
2.221997741400724	10.864252968011911	0.0	0.0	
7.288175187017373	8.00233059553818	0.0	0.0	
29.017944832634498	11.902709800930182	0.0	0.0	
13.532260456102303	28.34168476936722	0.0	0.0	
0.9350872915921258	16.91576517732677	0.0	0.0	
19.316755211590863	22.892248370628963	0.0	0.0	
29.80758621555499	1.7523355641429426	0.0	0.0	
26.593236435872555	14.423490385602573	0.0	0.0	
28.799128469216072	30.33309275196232	0.0	0.0	
24.782007051656915	29.4955467831466	0.0	0.0	
9.608127508783934	12.933295707885492	0.0	0.0	
1.6599908623710427	7.965929502411644	0.0	0.0	
26.050430417371675	2.426243668786668	0.0	0.0	
30.933538254545606	8.477090836259123	0.0	0.0	
18.663011286799488	24.707234749039127	0.0	0.0	
0.9247059853268453	13.009912717895563	0.0	0.0	
27.008890628818456	29.29759251154072	0.0	0.0	
11.002895019456798	21.70234276228847	0.0	0.0	
30.764772298989502	20.314248061096293	0.0	0.0	
24.63851882617036	10.495945539113563	0.0	0.0	
29.909637599558152	18.058144182494303	0.0	0.0	
29.562704056523277	23.341910060341238	0.0	0.0	
4.908780700577509	20.308413297057125	0.0	0.0	
20.379264438565293	0.06647095902449252	0.0	0.0	
24.95198981425709	7.833951366658692	0.0	0.0	
31.89150407834774	14.768502651154932	0.0	0.0	
15.829272227470117	19.362728886468172	0.0	0.0	
29.38050794324981	20.730603596650894	0.0	0.0	
30.42766082482649	1.7131441972845387	0.0	0.0	
3.234027135193042	6.180301509675257	0.0	0.0	
6.032796873356144	15.925602940741324	0.0	0.0	
25.268108858824082	25.090306834415234	0.0	0.0	
14.30084780369392	9.693817443838693	0.0	0.0	
1.0399096472151506	13.633786580069994	0.0	0.0	
17.783125401394173	20.38542942535198	0.0	0.0	
27.312923165491732	22.097236225879183	0.0	0.0	
8.870548178212548	10.312914497374177	0.0	0.0	
20.662673581552124	1.301009329088906	0.0	0.0	
23.865198902147387	2.232850616696581	0.0	0.0	
5.616311774118387	30.680467599776044	0.0	0.0	
13.939670129216964	13.060107323863026	0.0	0.0	
22.711780980813284	21.379748337807836	0.0	0.0	
16.668095949485608	31.32318783951212	0.0	0.0	
26.71804298655132	16.840841500314024	0.0	0.0	
17.904620739986186	29.545099742339776	0.0	0.0	
28.811477287669376	15.31818283462417	0.0	0.0	
9.963139697093247	28.155932124851855	0.0	0.0	
5.290592492698867	17.446644125082802	0.0	0.0	
26.270458317765332	28.890720187901415	0.0	0.0	
14.069712476383163	9.112397415396043	0.0	0.0	
3.247365745123183	25.067633723498755	0.0	0.0	
28.700398358492453	20.86423036070475	0.0	0.0	
15.992463858948707	27.027736790025845	0.0	0.0	
11.59159081973118	10.54899231119958	0.0	0.0	
20.742842892226186	4.78963466043653	0.0	0.0	
5.610403698504882	12.013180849941453	0.0	0.0	
25.575617475718456	9.764169689064541	0.0	0.0	
1.457504971562571	31.227724778609712	0.0	0.0	
24.842650140858787	5.243614891652587	0.0	0.0	
17.3353157380702	21.123336154816275	0.0	0.0	
19.886779077629704	20.62391627073417	0.0	0.0	
31.105002095555406	10.35446389494107	0.0	0.0	
1.4622885909154277	7.562507600699451	0.0	0.0	
10.980182233523209	29.115957540585697	0.0	0.0	
20.262052826589947	24.10469983880799	0.0	0.0	
27.594875619353072	16.94474675028194	0.0	0.0	
30.102358123891584	17.975575020203536	0.0	0.0	
5.415161280866627	8.813810042131212	0.0	0.0	
28.59504957280322	30.93714743262382	0.0	0.0	
10.636130591136194	26.068760199925713	0.0	0.0	
28.83668496273414	22.12785124701353	0.0	0.0	
7.1868671656612335	27.37506079064975	0.0	0.0	
24.841645542688738	5.420667216379634	0.0	0.0	
19.210938312124036	13.727700219316823	0.0	0.0	
8.444546317683667	30.264920056109055	0.0	0.0	
13.531817023743308	29.926929566595845	0.0	0.0	
13.579399065657903	16.960373630846295	0.0	0.0	
6.973463651932196	17.951925149636885	0.0	0.0	
1.300400437683873	14.509454247508447	0.0	0.0	
28.003766203615108	3.3862852596193314	0.0	0.0	
20.503655239528317	20.20893876054769	0.0	0.0	
17.851033334644995	5.455094737712308	0.0	0.0	
23.737900163632908	13.57104371957491	0.0	0.0	
24.22076022549347	26.11201634961531	0.0	0.0	
5.980602477278666	11.103187273944627	0.0	0.0	
27.621468904169298	23.936474842460647	0.0	0.0	
9.47890302016884	25.959388611161447	0.0	0.0	
4.921910376303792	10.081599657193589	0.0	0.0	
23.891073539892346	21.52016510246572	0.0	0.0	
10.324263942839298	6.9764256144895676	0.0	0.0	
2.9256625197511603	3.487720142978226	0.0	0.0	
0.12350922474988124	0.5121917643143661	0.0	0.0	
24.918148081088837	1.086631251435822	0.0	0.0	
2.020167110616132	18.69334804726206	0.0	0.0	
10.411106189120872	17.342848397572208	0.0	0.0	
21.291637007489587	10.93492635093623	0.0	0.0	
27.942887935017435	21.949957625410452	0.0	0.0	
15.102011329860318	16.07859227180836	0.0	0.0	
15.069242480707086	9.324559477592448	0.0	0.0	
12.166470720464218	25.82157731006421	0.0	0.0	
31.365546906248582	27.435912454830166	0.0	0.0	
1.6835914548428619	0.8615008062076548	0.0	0.0	
23.345393539851816	23.797766418932515	0.0	0.0	
23.321817024298333	11.147725443390684	0.0	0.0	
16.23170056489706	9.462748753079389	0.0	0.0	
26.289068565578887	4.3568335770602005	0.0	0.0	
7.783073500267481	18.353230739084147	0.0	0.0	
7.905622312793184	11.78004438034207	0.0	0.0	
2.3880644492489083	8.192846793491476	0.0	0.0	
4.3663072976611055	0.9079635064803888	0.0	0.0	
2.950065706181327	7.052948332317115	0.0	0.0	
10.02009814495063	25.704515815352416	0.0	0.0	
2.2061551405919815	5.024069778224213	0.0	0.0	
15.98474240984854	7.373831343289805	0.0	0.0	
21.86059215447838	0.9675397219549424	0.0	0.0	
10.569820201203637	5.021977565079371	0.0	0.0	
3.3136641786967083	9.793088289354188	0.0	0.0	
17.590560635767996	0.21222067282948132	0.0	0.0	
16.06160999338193	27.511747512318664	0.0	0.0	
3.5050715815727003	20.98470098663461	0.0	0.0	
26.123759549924166	4.07328230488184	0.0	0.0	
21.382760991847103	14.184733388429457	0.0	0.0	
27.16562949408554	2.770943449613654	0.0	0.0	
7.670788883046235	27.244903188305116	0.0	0.0	
11.962728525510663	29.4454801734977	0.0	0.0	
5.617553935034355	18.747334049857404	0.0	0.0	
27.584426019084372	25.481133267687536	0.0	0.0	
10.352043481301408	30.904423458118817	0.0	0.0	
3.286584362180175	20.401696270614515	0.0	0.0	
20.268848221387525	29.951622507746055	0.0	0.0	
12.505981518035181	4.326246017603282	0.0	0.0	
13.104892744133071	8.320326053681473	0.0	0.0	
26.356236670006155	17.977892667475782	0.0	0.0	
29.433008611511163	18.472169679833485	0.0	0.0	
22.560578983056487	12.626908366016863	0.0	0.0	
18.61443809800576	21.599805130171355	0.0	0.0	
21.590939457690464	11.765999068781692	0.0	0.0	
11.641592809692835	5.648927866809256	0.0	0.0	
12.91210547343039	8.733337034210738	0.0	0.0	
4.411622608389585	14.434546415346006	0.0	0.0	
1.6961713137458396	5.130659903414127	0.0	0.0	
23.535941503792422	24.380093821510062	0.0	0.0	
9.99060586575651	26.840432302047937	0.0	0.0	
17.497503546501836	24.165633753341076	0.0	0.0	
16.177983575980107	25.783388168980053	0.0	0.0	
31.056648915743803	20.59193531298543	0.0	0.0	
15.54730645965336	14.22340654032157	0.0	0.0	
18.215825677114285	11.076484332491066	0.0	0.0	
10.838901348636611	24.082955304011044	0.0	0.0	
25.269299842138913	27.047352127788816	0.0	0.0	
23.404447313668875	28.288657950584234	0.0	0.0	
30.337945466048275	20.629670892220073	0.0	0.0	
10.633706667987258	16.34691163309175	0.0	0.0	
0.45775166743119655	28.977472866323787	0.0	0.0	
17.576545749182234	13.443675055421373	0.0	0.0	
11.703652672399095	26.200226041632835	0.0	0.0	
19.41546125637073	30.39385653902825	0.0	0.0	
13.395813306017459	8.605718951918558	0.0	0.0	
21.214303291661672	14.247347771014525	0.0	0.0	
4.99425855534826	10.222357700605905	0.0	0.0	
8.562234387825157	5.792189532182004	0.0	0.0	
29.271347328365014	6.644262654750374	0.0	0.0	
19.580371877876228	31.59402979262551	0.0	0.0	
19.110799985123027	19.45230119356363	0.0	0.0	
3.683316377149005	5.5015699862252845	0.0	0.0	
26.64252518599128	17.95538345764869	0.0	0.0	
22.796995534233936	17.864912675805332	0.0	0.0	
10.765986392840993	17.50298971804757	0.0	0.0	
9.179765738187623	11.670245359563143	0.0	0.0	
0.047818871115037354	30.18770788945644	0.0	0.0	
19.284780815058856	28.42018750473304	0.0	0.0	
18.82002008698979	12.535803756951395	0.0	0.0	
22.0384666467642	2.4931683694118902	0.0	0.0	
25.481093012906854	8.00059854490599	0.0	0.0	
15.06583649237426	6.166868398821414	0.0	0.0	
0.9656043010581428	2.98732755867465	0.0	0.0	
18.30675011782705	11.26622081619363	0.0	0.0	
3.0343471783468594	28.448693158749297	0.0	0.0	
17.844518234069884	3.740093153661757	0.0	0.0	
28.782268083664064	25.570000347362125	0.0	0.0	
28.858553293739046	12.172688685427534	0.0	0.0	
25.326680556329567	10.78442797699995	0.0	0.0	
28.90738530189248	1.4661405381159724	0.0	0.0	
4.109508410797737	28.341835721773258	0.0	0.0	
21.006558302452863	11.295614678051837	0.0	0.0	
31.7381881009659	8.017518751619832	0.0	0.0	
8.971360831778146	26.1167634511228	0.0	0.0	
2.6374954092951413	24.799732201205245	0.0	0.0	
21.809652849700075	16.0974529523642	0.0	0.0	
1.875010099517155	31.393239143642578	0.0	0.0	
2.950002437895968	3.6359289489658018	0.0	0.0	
22.630263168882262	11.62817321946265	0.0	0.0	
12.727320629421556	6.401113209546509	0.0	0.0	
10.787358152085591	9.837809178377277	0.0	0.0	
13.230030771182708	9.954154949960596	0.0	0.0	
27.373724205418497	4.3881044525554564	0.0	0.0	
0.2630324610072101	4.9181544111395965	0.0	0.0	
3.2996460874971163	19.668074980166672	0.0	0.0	
6.077642395317238	20.830135484515104	0.0	0.0	
25.589975073300756	15.410294604788586	0.0	0.0	
15.920389425707857	4.783668699596507	0.0	0.0	
8.888363187986805	13.798541894903675	0.0	0.0	
20.464585580599746	21.49945358176559	0.0	0.0	
16.184156433985116	30.868314921811898	0.0	0.0	
16.255844453653573	19.965669673506994	0.0	0.0	
4.868960398860867	8.977473796657922	0.0	0.0	
12.94376920921092	6.6502535896325305	0.0	0.0	
18.011564781241738	20.442590062178272	0.0	0.0	
24.434648178007656	13.853239918141306	0.0	0.0	
11.202549210235947	9.581851421757246	0.0	0.0	
30.909064261601248	5.2304948531063005	0.0	0.0	
24.870169679253006	1.255816123963438	0.0	0.0	
17.99806627218601	20.730392792517762	0.0	0.0	
8.990830381964837	20.699465850268776	0.0	0.0	
5.359911651634384	11.384894605957257	0.0	0.0	
31.779136491530178	10.511729518108428	0.0	0.0	
24.18969283664942	15.066775311742433	0.0	0.0	
18.318397587143803	21.331588404170315	0.0	0.0	
27.223947834989957	19.87514322889964	0.0	0.0	
7.825971445496311	6.550942360346838	0.0	0.0	
27.624171877998695	21.710759849312538	0.0	0.0	
21.343256867826977	13.554659099254689	0.0	0.0	
11.2037947816962	15.648867430124522	0.0	0.0	
27.192674388947577	17.464265827272015	0.0	0.0	
6.346786645711489	29.052401525420724	0.0	0.0	
11.552226385949918	7.8072229722050395	0.0	0.0	
2.6486983050297113	7.188159486389303	0.0	0.0	
23.226155969139636	5.52667735212907	0.0	0.0	
28.182786490780924	15.148589066796607	0.0	0.0	
17.92970626898293	4.629060832079709	0.0	0.0	
9.635367772824743	13.359053103250812	0.0	0.0	
17.463126829177256	15.97607447945915	0.0	0.0	
26.234109404911273	30.197252334629646	0.0	0.0	
17.72978402146841	16.912961340819336	0.0	0.0	
2.5099689391681324	19.89360108004814	0.0	0.0	
1.796714928652836	14.004094257826992	0.0	0.0	
20.946905611480783	3.230126976979193	0.0	0.0	
9.684125964734498	10.84152213853271	0.0	0.0	
28.676952313475336	15.498204447820218	0.0	0.0	
22.946169965867853	16.664459577750197	0.0	0.0	
29.725320026474414	2.8199282316299445	0.0	0.0	
19.22027759028708	19.62712047004237	0.0	0.0	
12.032396259991458	29.979528524425568	0.0	0.0	
23.022050751619975	11.039485096316682	0.0	0.0	
30.9365955920953	8.081259696720782	0.0	0.0	
6.283422171084361	3.571110543417415	0.0	0.0	
15.90064527129385	8.461397726830103	0.0	0.0	
10.773871752949734	15.74619570126507	0.0	0.0	
13.454776753196711	18.829567828217918	0.0	0.0	
18.80955326357813	18.432955722024126	0.0	0.0	
18.747661188039253	25.720060620853907	0.0	0.0	
18.739697558990557	27.75291814900819	0.0	0.0	
24.429655951011306	12.867820052734544	0.0	0.0	
15.227432209877673	2.748120323125679	0.0	0.0	
23.156961850084997	17.714013890568207	0.0	0.0	
13.655303034842593	8.216915296793527	0.0	0.0	
1.9052187026002905	18.946072346957713	0.0	0.0	
6.6217573931670834	8.690955148964964	0.0	0.0	
31.019651793664924	28.746809191675144	0.0	0.0	
16.86873122765806	13.522909262469145	0.0	0.0	
25.142964787782063	21.093604154283568	0.0	0.0	
2.072753175382392	1.33183805064548	0.0	0.0	
3.540320644283959	3.178586403061221	0.0	0.0	
11.139263252300378	11.450421475708627	0.0	0.0	
25.25401598233147	0.6221530554105215	0.0	0.0	
24.871497701557974	10.199927900952279	0.0	0.0	
3.206453525954995	30.94538031638905	0.0	0.0	
24.407739308340318	20.358202732415055	0.0	0.0	
19.259720296606844	19.9568281438663	0.0	0.0	
9.134902969658505	11.959008726514789	0.0	0.0	
5.561265221805392	20.865823860191888	0.0	0.0	
29.133587802984987	27.66823177740558	0.0	0.0	
20.684884734639027	31.433234857537723	0.0	0.0	
23.37039742020935	30.143808402573562	0.0	0.0	
25.63710342952585	19.88954503642207	0.0	0.0	
27.4839765396951	11.565339593492041	0.0	0.0	
31.466524008385395	3.3488865146344935	0.0	0.0	
1.1318485283086837	5.943444746684047	0.0	0.0	
9.332444494294908	20.205548048830867	0.0	0.0	
29.48647361391483	31.58764121658328	0.0	0.0	
31.327569781800257	6.6303960644136595	0.0	0.0	
25.974187580142022	21.028192355888297	0.0	0.0	
11.938096823780558	16.107398355863932	0.0	0.0	
11.627707915361633	16.092700954847807	0.0	0.0	
21.66673778583121	1.3077783796775364	0.0	0.0	
22.770955841910055	29.711863829934153	0.0	0.0	
0.42494212379255103	20.90518510368771	0.0	0.0	
0.1777116667391745	31.198566730751466	0.0	0.0	
20.8359325568989	31.35846124511835	0.0	0.0	
1.5993431572730188	21.708041178571104	0.0	0.0	
2.1954835803229322	13.675989899428135	0.0	0.0	
26.636154892827697	3.331035627299599	0.0	0.0	
29.66748702857336	2.301682333154048	0.0	0.0	
27.366498352089735	30.746901797326515	0.0	0.0	
9.432722600419208	21.212188981976098	0.0	0.0	
1.8236693170370337	9.252765600967699	0.0	0.0	
27.23048777755168	24.680420464368012	0.0	0.0	
1.086094460507475	31.562383568681444	0.0	0.0	
8.237732785847086	19.383617194346424	0.0	0.0	
6.881248994318426	17.376912653003803	0.0	0.0	
6.990171114328124	5.437913567310908	0.0	0.0	
10.36186241872646	13.238548428803824	0.0	0.0	
0.12714819378370024	12.438858013879315	0.0	0.0	
14.468906491048777	29.341910192903057	0.0	0.0	
18.679009503545842	21.771966760125867	0.0	0.0	
25.62479442067549	8.466326137039779	0.0	0.0	
9.200545817163942	0.573776262943003	0.0	0.0	
14.640320204980505	15.641405903965058	0.0	0.0	
26.50445299847942	7.5397158341946415	0.0	0.0	
9.337521541726417	21.13497573080571	0.0	0.0	
1.752067271871745	2.61505182130502	0.0	0.0	
30.84084633268651	18.52429666489494	0.0	0.0	
5.23049035493997	9.941633087767038	0.0	0.0	
4.87031867453409	9.286286490444816	0.0	0.0	
23.108367454086054	12.955005872769327	0.0	0.0	
22.785991397090896	15.864992053182647	0.0	0.0	
17.99946711580515	3.147662263087767	0.0	0.0	
29.65019961762608	12.494364511437137	0.0	0.0	
11.731537674809811	18.35165946427366	0.0	0.0	
10.90873060828547	17.424497751352064	0.0	0.0	
16.45476543860857	6.370436108345174	0.0	0.0	
10.62007356056629	31.193573558444168	0.0	0.0	
23.56463569404453	27.138592210971137	0.0	0.0	
4.9536027827307585	14.594944075420756	0.0	0.0	
12.490810586360691	26.673173297894216	0.0	0.0	
12.398752535287617	1.8882131882295035	0.0	0.0	
0.9619936955538009	28.35008744838861	0.0	0.0	
22.831555931678665	17.38034628907674	0.0	0.0	
24.21799774568587	16.016377634793088	0.0	0.0	
27.27838860267553	13.912389047274086	0.0	0.0	
23.01165465192719	3.6981385123917967	0.0	0.0	
7.113944835411484	12.44232869828101	0.0	0.0	
2.1175076611568713	13.725262532204187	0.0	0.0	
26.14876453285163	26.277133649987796	0.0	0.0	
16.286652844300328	15.06529317731773	0.0	0.0	
27.424321844169103	23.2537854870122	0.0	0.0	
31.177594650163535	27.106172777761707	0.0	0.0	
29.031727075286145	5.969547885800818	0.0	0.0	
9.880259871273374	25.62492884351216	0.0	0.0	
18.60637471730207	14.938913150562609	0.0	0.0	
7.9414975421086815	11.189012269261504	0.0	0.0	
21.048348465929696	25.758952009354164	0.0	0.0	
21.84670272585249	18.175841508670704	0.0	0.0	
4.425027605142006	28.372101390438996	0.0	0.0	
5.151077024231025	14.38106436538899	0.0	0.0	
25.387861892458766	16.28956005460675	0.0	0.0	
21.52765874363848	9.310321528199726	0.0	0.0	
5.830116327642848	14.530689187397979	0.0	0.0	
17.130192188933187	0.4943502360547605	0.0	0.0	
2.079444167131843	25.187354977999846	0.0	0.0	
15.778043789313418	24.41668816230171	0.0	0.0	
14.974371524171108	26.5445067174161	0.0	0.0	
26.35175304986644	9.556083083654286	0.0	0.0	
31.009393515649496	19.767672549052424	0.0	0.0	
20.026230016299223	2.7310224229423063	0.0	0.0	
28.436770574376283	6.50350258261604	0.0	0.0	
23.800792717331277	7.400587981809753	0.0	0.0	
19.391603911515187	1.018026556745209	0.0	0.0	
6.713608186831859	20.08851647883195	0.0	0.0	
14.690072542143003	30.782867921099655	0.0	0.0	
7.4029222663003935	20.625073520424664	0.0	0.0	
23.401650831543083	9.84768242400467	0.0	0.0	
8.937568432900406	18.363749840420653	0.0	0.0	
6.427208729609397	18.59951496719606	0.0	0.0	
9.537449808961359	6.412782043681666	0.0	0.0	
26.265109601952947	31.69025715302715	0.0	0.0	
28.710439702074698	17.31892169869013	0.0	0.0	
5.515319694911245	1.5313607018120514	0.0	0.0	
22.48453119115073	19.74597266201146	0.0	0.0	
6.570158592981443	25.25902780330037	0.0	0.0	
2.350489222998224	11.875925490054676	0.0	0.0	
0.4141709476350748	20.46347748826452	0.0	0.0	
21.447152738733468	9.119434806864177	0.0	0.0	
17.45407174312167	3.990362168218457	0.0	0.0	
31.80334435158307	0.16903819229006345	0.0	0.0	
15.12319859158563	23.922778445309653	0.0	0.0	
19.893222767798083	12.80028963824848	0.0	0.0	
22.835299244112658	29.2289064516147	0.0	0.0	
6.841330496795077	10.689657375543273	0.0	0.0	
30.527428746987677	22.33401959037258	0.0	0.0	
6.750001813908295	17.137290855026695	0.0	0.0	
25.062850825452102	31.859651847223986	0.0	0.0	
29.359230883816874	24.825840385057276	0.0	0.0	
0.8842865717821589	1.3426717789301605	0.0	0.0	
18.902835133033264	16.26846959840741	0.0	0.0	
30.836968017431452	17.73640547184781	0.0	0.0	
27.2208218405479	5.1296304005796145	0.0	0.0	
12.666593896326905	31.939452880426234	0.0	0.0	
8.32963767715194	18.8218226975081	0.0	0.0	
14.945795016410266	7.742475795620578	0.0	0.0	
15.242592543668806	29.043347818702753	0.0	0.0	
2.243989337615254	17.057087016348802	0.0	0.0	
22.353662753320197	29.766683933375436	0.0	0.0	
28.339666154734804	16.90555422264604	0.0	0.0	
15.518126524895461	23.28562908935019	0.0	0.0	
2.424719650022041	17.057899084208028	0.0	0.0	
6.086454076499518	7.615463065774971	0.0	0.0	
8.516282279233998	6.470457441999628	0.0	0.0	
27.087409854712842	12.760916095200262	0.0	0.0	
25.2579221269922	17.87589381991975	0.0	0.0	
20.79973684287497	22.313972242888497	0.0	0.0	
