2
32.0	0.0	0.0	0.0	
0.0	32.0	0.0	0.0	
24.287762631745	29.693219926300216	0.0	0.0	
8.030039175429685	16.432564213562735	0.0	0.0	
17.94385732907237	30.490586829571775	0.0	0.0	
20.289710917059896	7.304393866167327	0.0	0.0	
20.646968029646697	22.10790039946224	0.0	0.0	
7.295524297200966	17.90977545755816	0.0	0.0	
24.16969576438676	15.754596404569686	0.0	0.0	
16.693496337235143	17.213733412694427	0.0	0.0	
21.478640528343508	4.067604000567183	0.0	0.0	
10.32085930512083	14.57136300595089	0.0	0.0	
23.290671115956183	22.323901232862582	0.0	0.0	
17.788620596636747	4.789940678259853	0.0	0.0	
11.322497479661621	10.20999016392432	0.0	0.0	
27.24765113016916	31.175811862607585	0.0	0.0	
23.506899172447593	16.064735783837115	0.0	0.0	
27.074743096050195	13.280277734050756	0.0	0.0	
15.207277270871781	2.1407615186864035	0.0	0.0	
1.5814022103494523	28.087097627814824	0.0	0.0	
23.340395524920417	19.532226968996437	0.0	0.0	
19.985480952255408	12.259358953354173	0.0	0.0	
28.88894930847128	11.98316152336412	0.0	0.0	
0.6054885342540075	10.927726894153967	0.0	0.0	
2.9295773871452226	6.230220714346089	0.0	0.0	
14.956323755886995	20.901879249604303	0.0	0.0	
26.007298017546006	8.134104236438564	0.0	0.0	
30.071840227298665	7.262292099341845	0.0	0.0	
22.499369300879486	25.865087859141557	0.0	0.0	
27.75811064096665	29.29720602939846	0.0	0.0	
22.426002096019307	20.13274776863858	0.0	0.0	
20.51433290433175	3.2284458260008506	0.0	0.0	
14.219279308981022	0.008331403775393653	0.0	0.0	
5.454430749539508	27.264270303647894	0.0	0.0	
14.826895578637181	23.552546006571472	0.0	0.0	
0.8783406897039292	16.666082122727932	0.0	0.0	
28.885295408682115	7.891467095320632	0.0	0.0	
9.444236643720583	24.114279210740676	0.0	0.0	
28.668772618891598	11.43971071244163	0.0	0.0	
28.31430031999587	28.54153998429535	0.0	0.0	
22.48214296301752	28.074139853260768	0.0	0.0	
7.14302456256868	12.456101677856193	0.0	0.0	
30.866084194182626	0.43522214671485315	0.0	0.0	
2.3595836174972113	24.001298426730322	0.0	0.0	
2.0674401532268156	4.584705764883513	0.0	0.0	
17.524160700283947	21.362546129484123	0.0	0.0	
13.763601392963363	6.7054249145725	0.0	0.0	
15.295342317089982	18.037455487672784	0.0	0.0	
28.037453295180335	18.89797385963217	0.0	0.0	
19.750958808425708	25.33914767113525	0.0	0.0	
26.169386775805254	24.375502707182054	0.0	0.0	
11.382580679213884	20.988592536453517	0.0	0.0	
17.655254407107968	26.908676153748285	0.0	0.0	
31.993025919422088	21.482904531229764	0.0	0.0	
1.3790076235219217	21.20389063950438	0.0	0.0	
9.661665915235552	9.978145113903203	0.0	0.0	
4.455089266284006	28.9943097568574	0.0	0.0	
10.628648845180464	23.976499260498887	0.0	0.0	
30.40362052794356	1.5342153220387438	0.0	0.0	
15.224764569005803	3.41893496166902	0.0	0.0	
15.171180081036535	14.001763739784238	0.0	0.0	
10.546959025453855	3.904978996802523	0.0	0.0	
31.433426929259127	25.538315916705614	0.0	0.0	
8.35503043364302	26.184824297335485	0.0	0.0	
11.625894121202318	4.834221790965575	0.0	0.0	
17.90532990388914	27.276280416078748	0.0	0.0	
13.83651035596835	22.281896145642687	0.0	0.0	
23.8032009963438	25.242331193473724	0.0	0.0	
22.485876894856695	23.94914807990005	0.0	0.0	
14.047067411382155	23.324290240865803	0.0	0.0	
21.151450065755725	1.071009649122363	0.0	0.0	
6.357300649669401	8.643348780666795	0.0	0.0	
0.05771606937626572	24.65964817378324	0.0	0.0	
10.597033622800097	9.880723942748954	0.0	0.0	
26.646882348667578	8.758894731177616	0.0	0.0	
3.955900752282197	10.872396337937797	0.0	0.0	
26.620716463594036	18.150834217804864	0.0	0.0	
12.971134750678132	7.3861957601765695	0.0	0.0	
12.714818556421132	29.72627552351335	0.0	0.0	
17.842936289723184	11.163586421025876	0.0	0.0	
22.37894321239479	31.69128184045819	0.0	0.0	
20.48663356110377	29.261801892370393	0.0	0.0	
25.838721412009388	21.841630485064996	0.0	0.0	
14.383375109425856	30.23122028974792	0.0	0.0	
8.908612712914316	15.731627464506253	0.0	0.0	
2.0455145464925373	20.681566162562614	0.0	0.0	
6.831442607020321	10.057036681537141	0.0	0.0	
5.741104207022623	28.247363617013825	0.0	0.0	
13.840771789849388	4.441592055597599	0.0	0.0	
10.634951197397438	29.434963806596897	0.0	0.0	
30.06543534088377	25.455689365672935	0.0	0.0	
8.446333980386683	5.9185716739291685	0.0	0.0	
29.41677757054638	31.13929560969705	0.0	0.0	
18.82926799386721	8.406394456040907	0.0	0.0	
27.251080958315406	23.82701054712046	0.0	0.0	
20.700311557070233	9.484676606292439	0.0	0.0	
7.833001812015382	6.236041837163082	0.0	0.0	
26.998708080975604	30.827648853943263	0.0	0.0	
23.448568740291744	5.298907305349967	0.0	0.0	
13.328849916994603	25.38679216749424	0.0	0.0	
26.1309146028311	22.220853869459496	0.0	0.0	
25.301047194086326	8.643067405490388	0.0	0.0	
11.757175202854572	0.5594715679015074	0.0	0.0	
17.20238853282223	7.3225996959113395	0.0	0.0	
9.597839805781387	21.80464755824107	0.0	0.0	
19.595439948354684	14.834066553690544	0.0	0.0	
16.076688967986843	29.862062061577493	0.0	0.0	
9.018703534709442	8.72448291638095	0.0	0.0	
20.25549543812946	4.8980502643036665	0.0	0.0	
1.992033694034827	19.140338864942876	0.0	0.0	
6.278461754795998	22.17983713815727	0.0	0.0	
4.346960447716658	22.576924229169705	0.0	0.0	
14.242297434542937	13.597708060055773	0.0	0.0	
7.481199891711512	0.8216755584429087	0.0	0.0	
5.484468266196696	27.20357820155305	0.0	0.0	
12.867905016971893	22.23461423903613	0.0	0.0	
12.831679954216941	24.4969785850775	0.0	0.0	
29.37636239722089	6.105464406694722	0.0	0.0	
13.592080537331093	0.644234198885222	0.0	0.0	
23.072065940516467	17.576011259057754	0.0	0.0	
7.539843179228647	20.983662424463148	0.0	0.0	
1.8692232248137337	28.283480582452768	0.0	0.0	
24.050521045893294	25.783322370192504	0.0	0.0	
13.452054535354414	13.33943109569961	0.0	0.0	
10.228302088629956	24.518578592179885	0.0	0.0	
20.894114562854718	10.108466700233507	0.0	0.0	
5.949580515178667	13.597202844254895	0.0	0.0	
28.218966329728964	22.097320521561578	0.0	0.0	
1.834591666312022	3.77427216807013	0.0	0.0	
26.483147379931644	2.339732976502223	0.0	0.0	
26.5218715124475	20.033878661824975	0.0	0.0	
14.786575409546952	18.944299576446735	0.0	0.0	
31.044111080460976	12.35939045295368	0.0	0.0	
4.2262818734270375	3.131776136311185	0.0	0.0	
4.714384620239766	10.031724484881792	0.0	0.0	
5.276861788366702	29.17567019573244	0.0	0.0	
5.118062503931753	25.363275708277744	0.0	0.0	
19.427802469569002	20.13753834173092	0.0	0.0	
19.55839450839184	6.807548021841399	0.0	0.0	
20.064676227884252	11.007791840248835	0.0	0.0	
27.625300630259225	15.18052245318789	0.0	0.0	
24.442190799245864	10.028698159352448	0.0	0.0	
10.150598836438409	7.13471143922764	0.0	0.0	
23.033035938310118	3.8534003925055345	0.0	0.0	
18.445901860144886	15.088121090818	0.0	0.0	
19.458411731549166	18.987887667209375	0.0	0.0	
16.770777737478447	17.31392633673881	0.0	0.0	
25.079942808545155	5.949288829810122	0.0	0.0	
29.31473345824845	1.5014153803246053	0.0	0.0	
19.758316706366884	25.98528447142469	0.0	0.0	
16.808716856445308	9.817871769859721	0.0	0.0	
9.20658334082582	19.454756332891943	0.0	0.0	
28.734717438411472	8.072175684365039	0.0	0.0	
5.942228332982239	23.81729947760596	0.0	0.0	
29.91797623716629	31.313053860273442	0.0	0.0	
23.27475506435632	9.232534131455544	0.0	0.0	
3.6950204169857273	2.367162473847703	0.0	0.0	
6.488636086226602	28.27259796916391	0.0	0.0	
26.922681989583033	10.187193065401623	0.0	0.0	
19.34017703589369	26.19665047988419	0.0	0.0	
17.05772818636584	10.592151410169702	0.0	0.0	
4.348524019057937	10.226899446967693	0.0	0.0	
1.8118550037553014	8.53115604155754	0.0	0.0	
19.927996823448673	21.271986978276985	0.0	0.0	
22.862960916576757	9.93437149327524	0.0	0.0	
19.374985376504863	17.747380703905563	0.0	0.0	
8.440365925648958	22.00926217104259	0.0	0.0	
27.064767840558368	24.55915201666164	0.0	0.0	
7.687219939435693	2.9178304474267414	0.0	0.0	
25.641869901819312	7.6100927778569805	0.0	0.0	
4.991959975441013	27.630512105444463	0.0	0.0	
26.823331488125547	16.113326728953542	0.0	0.0	
8.858181235872298	12.764591184953751	0.0	0.0	
2.5241492829149053	8.903482561471648	0.0	0.0	
23.542837398546915	19.329946996657114	0.0	0.0	
7.267398090976101	9.674247826188854	0.0	0.0	
20.660110171123417	13.541245518417874	0.0	0.0	
13.11783542122815	19.04414102822348	0.0	0.0	
11.791008866481466	17.76631969843531	0.0	0.0	
16.444585902515538	16.722393290773958	0.0	0.0	
27.678842141969476	15.426500368429863	0.0	0.0	
22.37616030626233	1.8883239450902352	0.0	0.0	
5.664560537978101	9.801496460474464	0.0	0.0	
11.36546390576294	12.739140180614168	0.0	0.0	
25.812913080817935	0.4784489716147142	0.0	0.0	
17.401158129517633	3.5231652415417116	0.0	0.0	
29.23571728011257	9.544440349410799	0.0	0.0	
4.071877471011838	4.445358487359336	0.0	0.0	
0.40515623267371126	0.8445866880130062	0.0	0.0	
6.490135234725816	28.35165402522413	0.0	0.0	
17.945982192653428	21.035124693678085	0.0	0.0	
27.52831541522239	0.8948370008050297	0.0	0.0	
6.637257885496503	25.40096599571792	0.0	0.0	
30.75286278928428	21.93509107516287	0.0	0.0	
29.596577933842536	29.341708056922492	0.0	0.0	
15.90577182778	28.727096825534634	0.0	0.0	
17.2821385597746	28.12948717889924	0.0	0.0	
8.010881780546022	21.952684894254038	0.0	0.0	
9.583363407328243	30.289828040164704	0.0	0.0	
24.349719335599577	20.13400048792898	0.0	0.0	
26.200618280402672	0.12979579326407986	0.0	0.0	
16.48593612621206	15.966087721047199	0.0	0.0	
0.3204728177536147	6.177982653978965	0.0	0.0	
8.084462401998376	22.369772827889243	0.0	0.0	
16.004836545668216	12.34810717937986	0.0	0.0	
14.537076551328614	11.476848882269522	0.0	0.0	
12.624139062739882	10.982680437616171	0.0	0.0	
26.235523124667104	25.603671477196563	0.0	0.0	
27.02411704125095	28.528640144245298	0.0	0.0	
24.44021074212284	0.49828406902385325	0.0	0.0	
17.70145666987593	27.15613641811684	0.0	0.0	
24.690998148109614	10.248687016036378	0.0	0.0	
23.754985716318675	6.343004379013308	0.0	0.0	
6.338294946761916	25.19701563542803	0.0	0.0	
3.3731161292814953	28.347547158668323	0.0	0.0	
25.24382511470494	30.33343016106844	0.0	0.0	
28.622556742365447	7.21471211151389	0.0	0.0	
17.474587248398116	28.331646807048177	0.0	0.0	
24.4102499494793	25.58169869864338	0.0	0.0	
7.631725930837504	2.0916538452186053	0.0	0.0	
6.07950272435621	26.906425647377347	0.0	0.0	
24.111324840572653	31.32538727511157	0.0	0.0	
8.953522460350307	2.871740870661153	0.0	0.0	
22.631885823537885	24.71898297646571	0.0	0.0	
24.135700969768948	4.060474199911333	0.0	0.0	
30.42134093226187	15.729553157641373	0.0	0.0	
23.72647933103262	9.689001409204387	0.0	0.0	
1.0192523223592183	7.675287234685289	0.0	0.0	
11.7783398696068	6.8964346996287595	0.0	0.0	
14.498069778669354	31.610104180394767	0.0	0.0	
27.013555178715674	13.586198828247142	0.0	0.0	
6.064180248178626	16.212004091684292	0.0	0.0	
20.804569020611314	7.905434744622404	0.0	0.0	
19.455825878697475	10.868591853545567	0.0	0.0	
17.719256387197397	1.5443578729870708	0.0	0.0	
11.790926145490719	21.66074940069698	0.0	0.0	
14.755474099703363	15.338816766274356	0.0	0.0	
8.700728197505203	31.272708789669725	0.0	0.0	
7.777015494120398	28.147619036531037	0.0	0.0	
15.757611061862765	28.98251251585512	0.0	0.0	
28.55699438498758	20.640192142053625	0.0	0.0	
20.134083226441497	27.178807408072693	0.0	0.0	
18.874639210074935	8.950456281630036	0.0	0.0	
27.59183003702185	26.467571121341066	0.0	0.0	
9.623380812760281	30.34571272891525	0.0	0.0	
20.790516834432637	25.017311418512648	0.0	0.0	
23.713076367503746	2.944102519264227	0.0	0.0	
1.602413200650254	23.859086396897915	0.0	0.0	
5.083325696761591	3.180735761260131	0.0	0.0	
14.687899351860072	30.543765994960793	0.0	0.0	
7.478635953983023	21.26875938443335	0.0	0.0	
28.461715347401366	10.47814597663675	0.0	0.0	
3.054977185609335	14.357939300487232	0.0	0.0	
29.675337115033113	10.83836117863169	0.0	0.0	
0.12759763254626577	27.326121938464958	0.0	0.0	
0.8202506349973469	7.802667272971611	0.0	0.0	
5.25519940373038	28.31888522665323	0.0	0.0	
28.209027796951116	12.70579209041724	0.0	0.0	
3.8077319014983715	10.402126754862763	0.0	0.0	
24.860699334110056	10.101491559581891	0.0	0.0	
27.897777250977168	13.482382374244079	0.0	0.0	
2.8059729900896464	19.26670774637794	0.0	0.0	
18.719425826115728	11.004315278864155	0.0	0.0	
7.4174852846020976	7.184365352173096	0.0	0.0	
27.779361776853385	4.026560345207862	0.0	0.0	
3.021262122621554	13.698382284658532	0.0	0.0	
15.109699567126661	5.672678285688345	0.0	0.0	
25.687545802296928	17.007636041164695	0.0	0.0	
21.73287917418759	15.606692589121725	0.0	0.0	
26.56507646651736	16.62857616183496	0.0	0.0	
31.422369051312245	14.142701664150213	0.0	0.0	
27.429329004599367	8.929097557342804	0.0	0.0	
28.911336833059806	19.799789749925097	0.0	0.0	
18.530811217002555	22.557615229666318	0.0	0.0	
4.9930816061496515	15.553346215702419	0.0	0.0	
12.90808154869811	8.730202965511996	0.0	0.0	
3.0337338257004305	26.266792288031624	0.0	0.0	
8.939858741259513	18.447696228951965	0.0	0.0	
10.956189610712137	12.028608117595162	0.0	0.0	
19.09201132037289	29.273501517571013	0.0	0.0	
31.57885816358685	3.996950113277748	0.0	0.0	
17.628391901633584	6.997800614209655	0.0	0.0	
28.530529723735075	19.75663243068449	0.0	0.0	
9.553943004281368	1.7319700692850581	0.0	0.0	
20.21571666360909	25.426455945367895	0.0	0.0	
13.606780292045588	22.843706787705113	0.0	0.0	
19.59979452505366	0.19843879248867324	0.0	0.0	
16.073515675092814	22.53804574052533	0.0	0.0	
12.982448527072567	28.101699546847875	0.0	0.0	
4.219216891940384	17.057978995791974	0.0	0.0	
28.075921970690032	17.054695157258386	0.0	0.0	
29.34905791580747	11.226939300940796	0.0	0.0	
17.369488948627026	10.668217056589967	0.0	0.0	
8.179934959610069	21.381925402904084	0.0	0.0	
30.420690214437194	18.84253844396387	0.0	0.0	
20.94059694937461	8.018874711218722	0.0	0.0	
28.077307416752785	4.064428324749407	0.0	0.0	
25.670487377288964	9.81923215979931	0.0	0.0	
28.91267815430794	31.876954511195947	0.0	0.0	
17.195273053219186	0.35800663447096426	0.0	0.0	
0.2172077108244288	11.95122283587127	0.0	0.0	
4.244322205123641	17.472525019615055	0.0	0.0	
11.844532557121934	3.1944428024431986	0.0	0.0	
8.904469938362507	2.109634404456891	0.0	0.0	
7.071180762163831	15.076284092936774	0.0	0.0	
8.913532420291666	4.602704611568843	0.0	0.0	
7.673533578834743	25.816117715120132	0.0	0.0	
10.806679735944982	3.963492893668242	0.0	0.0	
7.469187922324963	21.277474133244723	0.0	0.0	
0.6148810296485152	22.765576305610207	0.0	0.0	
20.60124462055485	22.58771036508876	0.0	0.0	
12.21563045807089	12.920213730981	0.0	0.0	
11.266314994994651	7.549519942083421	0.0	0.0	
6.126765810762752	11.753616392183801	0.0	0.0	
4.4340736044421725	30.612443825537394	0.0	0.0	
26.456349457663823	28.369588992655387	0.0	0.0	
7.2815981300469055	25.22486979373732	0.0	0.0	
31.139407275173554	6.2294918274275375	0.0	0.0	
18.49875614530668	15.781960380573356	0.0	0.0	
29.668089604023606	16.591794048694826	0.0	0.0	
21.182937137064766	18.454893841953517	0.0	0.0	
2.600022426416068	10.743713230619704	0.0	0.0	
19.76424088578255	3.8562918447581005	0.0	0.0	
30.067305938019103	18.10218886327261	0.0	0.0	
22.29541189264784	10.32915086146799	0.0	0.0	
19.978682868319854	13.803594178567995	0.0	0.0	
31.505372619656452	25.503847954537694	0.0	0.0	
7.333283260599938	5.971998477394475	0.0	0.0	
12.397965813524152	16.677737584366625	0.0	0.0	
24.33964223559875	29.730248892595856	0.0	0.0	
31.29397124676077	23.132489281108054	0.0	0.0	
25.659989663525486	20.837847976933702	0.0	0.0	
6.790355550473926	24.435859584274393	0.0	0.0	
21.28959502271916	18.99405028692642	0.0	0.0	
5.841489066057701	26.16074457617123	0.0	0.0	
25.30616952229079	7.214188113470474	0.0	0.0	
15.197431361236568	15.269700324652895	0.0	0.0	
5.506647594267001	3.991029320687531	0.0	0.0	
13.02205492114193	30.599064314252786	0.0	0.0	
14.62064783675962	0.8507689414849366	0.0	0.0	
12.170498619028212	9.302416272392144	0.0	0.0	
30.239333589469613	5.4559844838961595	0.0	0.0	
14.746590156495259	28.126309824277527	0.0	0.0	
23.30326123463692	11.39487859161968	0.0	0.0	
10.047635329030502	19.25288787313222	0.0	0.0	
24.092406489581577	31.752687422463055	0.0	0.0	
2.305906190972884	4.968417266552734	0.0	0.0	
12.571133004196472	14.818428705617471	0.0	0.0	
18.41859974369072	11.170037267751276	0.0	0.0	
26.024773840105343	17.36607630116531	0.0	0.0	
14.738161201198107	14.349704528682206	0.0	0.0	
6.142932813424057	3.221329686512849	0.0	0.0	
1.0208840538797261	4.690175223491774	0.0	0.0	
26.093835514901937	18.71953754728302	0.0	0.0	
28.04140927613243	4.139956400149384	0.0	0.0	
30.171400883409703	19.17469997006228	0.0	0.0	
18.628017685775642	8.344464305779162	0.0	0.0	
15.80695370424623	22.961878451290776	0.0	0.0	
25.599813745900036	5.369110391336449	0.0	0.0	
3.3143038636545192	23.239508545378296	0.0	0.0	
0.7977644712734495	14.721682258599781	0.0	0.0	
29.012697367348537	2.2739336847425307	0.0	0.0	
23.571462591426485	31.495529097887676	0.0	0.0	
24.83500958817144	27.885956559754746	0.0	0.0	
4.026954832201607	1.1080389415011922	0.0	0.0	
2.035303841562147	27.60790879397256	0.0	0.0	
9.526945297115308	13.157778461788514	0.0	0.0	
16.030088151767803	26.811969503933316	0.0	0.0	
5.100468138426503	14.488208539433199	0.0	0.0	
10.270243080119073	12.33241987742906	0.0	0.0	
6.163078085582715	2.3526041065176138	0.0	0.0	
23.587718567697056	16.400459259937143	0.0	0.0	
17.545684302348647	5.290283516640816	0.0	0.0	
6.031375202732331	15.762777615126868	0.0	0.0	
17.61999573881037	1.3925541567906627	0.0	0.0	
3.879113702780071	14.223384457773854	0.0	0.0	
28.879977620826647	24.132272602966026	0.0	0.0	
27.60685533347149	1.3605979243363358	0.0	0.0	
3.9142499611754182	0.031701895478697395	0.0	0.0	
5.445958868730852	22.160685596677702	0.0	0.0	
21.495586994974207	18.203752116081613	0.0	0.0	
1.5765393227198352	30.21666066327048	0.0	0.0	
22.068940228903976	4.523812078594332	0.0	0.0	
25.293434480397437	21.033251204578082	0.0	0.0	
13.294789769658728	6.670781751050598	0.0	0.0	
29.85633788986556	15.356895588253245	0.0	0.0	
23.938332294234833	12.104372825656743	0.0	0.0	
0.202487667368505	23.053177268261308	0.0	0.0	
3.240474227741636	2.122037725627358	0.0	0.0	
10.362974134785524	27.384288475570493	0.0	0.0	
24.497509951855868	3.8864838309247745	0.0	0.0	
5.549211595017741	16.312209896100093	0.0	0.0	
12.43772751097939	21.814107271926897	0.0	0.0	
19.240460784659398	30.374978382241807	0.0	0.0	
27.505624020568522	13.652743654508999	0.0	0.0	
15.791045637561695	0.37170716721539065	0.0	0.0	
5.65429301606812	1.8964806101193297	0.0	0.0	
11.05100741042289	20.51788446550963	0.0	0.0	
4.905948480649613	23.26985547428858	0.0	0.0	
7.181949288530337	9.992675656189117	0.0	0.0	
15.3676398302743	18.778345165354047	0.0	0.0	
27.09633823392014	20.770479455026518	0.0	0.0	
26.63452225518786	5.215567687722615	0.0	0.0	
26.55536708175187	3.1641500372017966	0.0	0.0	
4.151584957765241	1.549891652731926	0.0	0.0	
18.583318812975932	4.3782108227202094	0.0	0.0	
16.375867476977756	27.556137047266578	0.0	0.0	
28.99306205290971	26.48996058900727	0.0	0.0	
19.978328514233944	23.19912956479845	0.0	0.0	
17.688503430848563	13.264169524151374	0.0	0.0	
17.515757505986546	21.265966286828824	0.0	0.0	
6.3529406362327485	20.084349509688703	0.0	0.0	
8.614731130189753	19.364751397538377	0.0	0.0	
30.573541689526856	16.265395844969547	0.0	0.0	
5.809679268142563	6.390504656983811	0.0	0.0	
11.937010796511363	4.559819886647254	0.0	0.0	
23.556253566457343	26.80964479168802	0.0	0.0	
25.267449654499178	0.17423617508074685	0.0	0.0	
16.0888620354577	5.41721045780281	0.0	0.0	
10.227356992210165	25.671438664527756	0.0	0.0	
25.576385729754232	30.54079788581061	0.0	0.0	
3.5236807871095728	20.846199146476234	0.0	0.0	
26.868085109683996	4.930539800699638	0.0	0.0	
26.319015569903843	12.558678864793283	0.0	0.0	
21.716389730901806	18.804417460683208	0.0	0.0	
1.8911122431415741	13.68624942210031	0.0	0.0	
2.917261685586002	30.602404286712527	0.0	0.0	
23.262461571802156	30.6567824870283	0.0	0.0	
16.63073158415258	9.802779457259174	0.0	0.0	
8.878374644904525	4.570201032140197	0.0	0.0	
3.1459944265269932	7.486103221790746	0.0	0.0	
3.5044394416477225	31.572925560863954	0.0	0.0	
31.327476468646026	3.6220877212028135	0.0	0.0	
28.87944496188054	30.99033479959463	0.0	0.0	
20.25452431816346	10.262406122941126	0.0	0.0	
22.863599460136744	24.069759063407588	0.0	0.0	
10.929175590279375	3.614708991979974	0.0	0.0	
0.29071071401732596	11.859278883031429	0.0	0.0	
7.413613579700616	17.35132337456218	0.0	0.0	
11.744675343418702	9.548074668603064	0.0	0.0	
23.59926238420008	24.436604239210528	0.0	0.0	
8.33721043948671	20.64149734745584	0.0	0.0	
16.686666377357056	12.129439382296294	0.0	0.0	
16.488742944073806	11.235813048578304	0.0	0.0	
30.220629218705046	6.046915216927374	0.0	0.0	
20.402160176811307	14.844182983564853	0.0	0.0	
23.663595199558785	11.86203317367325	0.0	0.0	
26.486164502291302	4.884014136974045	0.0	0.0	
25.12480084241784	29.90017642792207	0.0	0.0	
24.664784788635938	5.634866959340673	0.0	0.0	
5.075919598153444	15.54444816083825	0.0	0.0	
26.481640932993663	23.551091842897105	0.0	0.0	
22.3385410120109	7.158656362785258	0.0	0.0	
3.499457599394386	11.208456820559224	0.0	0.0	
13.931963091913527	20.824496783887685	0.0	0.0	
8.932226451180128	28.79199110541021	0.0	0.0	
19.77013916841556	6.867855307211006	0.0	0.0	
31.598188883262083	11.854693676006374	0.0	0.0	
29.647398869015223	11.719933381584351	0.0	0.0	
26.818365381936793	26.832108492380705	0.0	0.0	
31.34621404784446	31.05375902383273	0.0	0.0	
31.57649198798915	21.083794262143844	0.0	0.0	
16.257733711989278	11.173493714659095	0.0	0.0	
11.813608971160257	6.976877841094446	0.0	0.0	
18.45628004532313	9.647385936475633	0.0	0.0	
21.35498536502661	31.52842209202352	0.0	0.0	
27.038125164287475	2.7759853034449975	0.0	0.0	
30.522730964817324	14.217847984783408	0.0	0.0	
13.521769219302126	8.987951533332545	0.0	0.0	
6.081739929530048	26.72180456115024	0.0	0.0	
1.6093593349432673	23.979348006972153	0.0	0.0	
29.98549915655979	7.345102108735887	0.0	0.0	
14.128930932463593	20.65856085986771	0.0	0.0	
22.62446309449822	16.097335730320598	0.0	0.0	
21.96623985558432	18.91086628431744	0.0	0.0	
2.3639433868484936	10.198311068749117	0.0	0.0	
22.428831403010705	16.425165996568367	0.0	0.0	
9.999723290583809	30.686618663416372	0.0	0.0	
26.368823695516202	14.487509843153372	0.0	0.0	
4.1743351603481536	14.280379738316075	0.0	0.0	
28.156113888547168	19.45760927006291	0.0	0.0	
5.7785752898963025	27.511971833061388	0.0	0.0	
22.8756716407501	24.64469735053411	0.0	0.0	
19.747405439131683	26.333566188838557	0.0	0.0	
7.727079699066529	12.597582868127045	0.0	0.0	
3.1606725208448907	8.338650529038492	0.0	0.0	
14.237159199447056	12.607382277498434	0.0	0.0	
19.82577187080643	5.299234190972612	0.0	0.0	
20.831955331205137	12.922791656203469	0.0	0.0	
17.357310067325493	6.9114922863050055	0.0	0.0	
11.386143733628515	4.517383114526698	0.0	0.0	
7.657616379140155	7.057478830968982	0.0	0.0	
21.846738294698334	1.2552713863553713	0.0	0.0	
18.610623021535513	25.770851873144096	0.0	0.0	
20.68973195576774	29.27765392510228	0.0	0.0	
5.930281466071541	25.014896560517027	0.0	0.0	
29.172025531186947	26.413094899689558	0.0	0.0	
6.717999523921307	12.151128419680056	0.0	0.0	
20.02594702565117	10.695381859219903	0.0	0.0	
25.207900558695478	1.2067419486876076	0.0	0.0	
16.96716316106252	6.9277377979957535	0.0	0.0	
6.237476311491179	23.41273083103542	0.0	0.0	
5.574518319093677	18.958383113290296	0.0	0.0	
22.361923020445783	10.049328345907913	0.0	0.0	
0.13113782853783107	6.129972148868109	0.0	0.0	
6.096716999795802	13.640647044498582	0.0	0.0	
6.140994936182977	10.43839610559106	0.0	0.0	
19.278397513718915	14.869649967136944	0.0	0.0	
4.496117938621023	15.743824281906477	0.0	0.0	
13.217656170179993	25.480081397338882	0.0	0.0	
9.46694984783639	31.77015687951126	0.0	0.0	
20.93296008171051	13.174819976002848	0.0	0.0	
25.971441397885364	9.187119473305764	0.0	0.0	
9.972293659523327	8.631938667224972	0.0	0.0	
11.665443019205089	31.92231930210745	0.0	0.0	
9.719757372140176	20.385483601773345	0.0	0.0	
26.606801932022258	14.252682948094762	0.0	0.0	
2.832443983623808	12.65986227773552	0.0	0.0	
10.886899711729594	27.36779691865824	0.0	0.0	
8.90883086609714	21.712914882024766	0.0	0.0	
24.665701928397315	10.07537739428528	0.0	0.0	
27.30524177915672	7.871139947625625	0.0	0.0	
20.48754782958016	31.224636427869484	0.0	0.0	
8.787881181288885	0.3937397964302356	0.0	0.0	
2.9133575159878156	10.425877772063238	0.0	0.0	
26.849359204300278	10.085047402241429	0.0	0.0	
2.658113757954954	21.253185045283473	0.0	0.0	
4.330838177120764	20.382934001323495	0.0	0.0	
25.090632540296106	16.255470132984875	0.0	0.0	
12.641147977340164	28.441384948959584	0.0	0.0	
15.708290858906505	15.274392343095055	0.0	0.0	
18.287535567570227	25.214117804507303	0.0	0.0	
17.85929967021957	26.82758442384597	0.0	0.0	
24.570595182040357	0.5013129773791825	0.0	0.0	
24.48319539383564	3.9749296726187495	0.0	0.0	
3.9455423498319533	17.802113618481666	0.0	0.0	
17.669910298244424	20.042563915192353	0.0	0.0	
18.81666428455792	31.46936771486828	0.0	0.0	
1.777103890124888	9.958682947718842	0.0	0.0	
7.5382321310138565	11.272507477720808	0.0	0.0	
10.893798522718907	21.865387386230605	0.0	0.0	
27.63232957816398	2.473101070687342	0.0	0.0	
14.86091574529269	9.710190343791545	0.0	0.0	
20.257398185832123	18.423662560590575	0.0	0.0	
27.20041512633547	29.17507934435178	0.0	0.0	
27.949305147981136	7.481089358335705	0.0	0.0	
17.85341862094282	15.60693501286477	0.0	0.0	
18.46862172275181	24.964016463776485	0.0	0.0	
7.289467535612815	29.85485601784552	0.0	0.0	
4.122984661028944	28.187148454766707	0.0	0.0	
14.285951745922059	21.400460371703	0.0	0.0	
31.629381250823936	19.64007394710602	0.0	0.0	
0.6463266189816004	12.461538818175182	0.0	0.0	
4.513493168440807	30.42106967668191	0.0	0.0	
28.60247043875096	20.961766139182956	0.0	0.0	
12.754552540483669	15.67871124536757	0.0	0.0	
0.30483934891371334	9.129986458124709	0.0	0.0	
17.334990293019555	26.836592562496897	0.0	0.0	
5.8406465164609465	31.96930817692288	0.0	0.0	
18.935322774236948	12.02160794306463	0.0	0.0	
9.960523274469434	25.42823396646125	0.0	0.0	
22.98639370624374	19.96061984472827	0.0	0.0	
24.885255305902255	25.917867810219388	0.0	0.0	
21.280648567325795	1.1092796844393362	0.0	0.0	
28.758661477454265	31.903171308030938	0.0	0.0	
12.054798779194822	30.1393409939371	0.0	0.0	
7.022144635882391	23.773676834211308	0.0	0.0	
19.807827712340103	23.395987313188538	0.0	0.0	
11.948241519329507	12.317602156835477	0.0	0.0	
20.219104546192693	1.7510212820609183	0.0	0.0	
16.81218154582525	31.022301386897755	0.0	0.0	
29.965175086967477	9.40992874578562	0.0	0.0	
5.481935511217653	1.2182713611599745	0.0	0.0	
28.67723673066119	10.885943611467301	0.0	0.0	
12.744066401688176	28.84165776373437	0.0	0.0	
1.276304083972338	1.8865517162261618	0.0	0.0	
0.8187851687180867	15.0855528185396	0.0	0.0	
19.961719256431696	16.664855456831983	0.0	0.0	
3.258863430453509	24.84778815742118	0.0	0.0	
19.460967924502597	29.918651364509703	0.0	0.0	
17.400601873589963	5.212400285137079	0.0	0.0	
5.568338881729936	19.70296075626919	0.0	0.0	
30.807944227908337	27.558863224078213	0.0	0.0	
14.768819930861387	18.963898938943927	0.0	0.0	
31.02980722691469	31.90896830402897	0.0	0.0	
25.418016835115882	8.415126705622825	0.0	0.0	
25.26961959747815	5.228727910486146	0.0	0.0	
1.0583418629227808	11.36910444585359	0.0	0.0	
6.8793053815923315	29.228073535199602	0.0	0.0	
28.868351559767458	24.380091099760033	0.0	0.0	
23.757747689393874	11.764640951807163	0.0	0.0	
3.246623778037872	16.973982200732813	0.0	0.0	
18.083950346609548	31.058605712015325	0.0	0.0	
6.55328370610324	3.3255169786672347	0.0	0.0	
23.268811135146716	4.800070719340493	0.0	0.0	
3.9619081890784003	28.601727178699623	0.0	0.0	
17.76064289170914	3.3615394124195497	0.0	0.0	
22.013837253910054	27.155000651959412	0.0	0.0	
15.075231647795448	1.9727208787539112	0.0	0.0	
1.854597771155781	29.737241793684355	0.0	0.0	
4.73934013077135	10.916736399426831	0.0	0.0	
17.765754511184166	24.54115555604168	0.0	0.0	
29.94730332997689	16.34309963660864	0.0	0.0	
9.179982257749579	13.01096710106216	0.0	0.0	
8.020345138206043	29.97620477532457	0.0	0.0	
21.61268436538645	26.786328460097323	0.0	0.0	
31.049004529090606	1.660384194389394	0.0	0.0	
25.657011471976762	16.54179359285167	0.0	0.0	
10.171748116140218	15.070634407404675	0.0	0.0	
11.868184756494824	12.74104921472868	0.0	0.0	
23.563494532961705	7.550674442301183	0.0	0.0	
3.334263929745795	18.94714607046456	0.0	0.0	
19.253907306065916	29.479864975077692	0.0	0.0	
24.61765249651573	15.47194496384321	0.0	0.0	
31.85506298000876	26.831745353376423	0.0	0.0	
26.838742532703435	1.4537065332067485	0.0	0.0	
30.25822379836547	11.072702185678978	0.0	0.0	
3.988776123464632	6.124058343804428	0.0	0.0	
27.57754279996545	27.4797095315839	0.0	0.0	
4.961060198484088	7.5034006623201925	0.0	0.0	
22.93465906177031	24.502304653626297	0.0	0.0	
5.280015043405996	6.786279981875953	0.0	0.0	
6.916598199182552	5.658321715374374	0.0	0.0	
20.102445749299957	6.490365230121782	0.0	0.0	
15.414302225190784	27.570815871250517	0.0	0.0	
7.147134247818958	1.122095417146575	0.0	0.0	
13.36705149186417	16.090116043227948	0.0	0.0	
30.120673853176967	30.086717960306384	0.0	0.0	
2.483230671605128	27.57036114224738	0.0	0.0	
20.940935438448516	4.589001398779228	0.0	0.0	
28.40517554676505	23.656980781762012	0.0	0.0	
4.627101374519842	0.050289395921385704	0.0	0.0	
31.21476598702578	13.107728850027438	0.0	0.0	
25.390039973153254	8.357386191703963	0.0	0.0	
7.098107306664346	28.588553089732393	0.0	0.0	
3.9929754913757236	19.473600794484263	0.0	0.0	
26.996479714007613	7.400189901349702	0.0	0.0	
9.94460284732196	21.783805041006453	0.0	0.0	
14.16176702510473	17.38184272312309	0.0	0.0	
12.682019591230357	13.203510298483955	0.0	0.0	
9.958092502660076	19.120621502132554	0.0	0.0	
17.44959013984611	29.65983967056067	0.0	0.0	
19.94257384572128	6.750965112674269	0.0	0.0	
14.935391238512622	21.981598151142663	0.0	0.0	
15.840264908717405	13.423318150367248	0.0	0.0	
17.6836561301199	8.480785866053917	0.0	0.0	
25.937609062608054	31.33024961132806	0.0	0.0	
25.710160267319573	7.074811805285062	0.0	0.0	
28.740997563750756	4.588538845051566	0.0	0.0	
29.865121458312363	23.163293834887764	0.0	0.0	
16.720253186496944	7.799791240595027	0.0	0.0	
4.464174973818764	20.481177792090666	0.0	0.0	
10.305729120647701	28.70710532682097	0.0	0.0	
22.924243871993056	23.43949507059865	0.0	0.0	
14.658717834336642	9.039260136045463	0.0	0.0	
4.863042793082261	10.488441070381562	0.0	0.0	
5.694225579376742	12.8767621645145	0.0	0.0	
13.00103905064472	6.487701267509006	0.0	0.0	
6.36544651698032	25.328524598549723	0.0	0.0	
10.21392644228354	3.306106263522956	0.0	0.0	
0.5541015481307277	27.023344873381212	0.0	0.0	
14.655330604143593	6.635842818973789	0.0	0.0	
4.591696788062194	27.946341887118372	0.0	0.0	
19.314483715687686	14.09706235294492	0.0	0.0	
17.398276433056008	28.793804844844	0.0	0.0	
17.54390870442503	20.91717852239882	0.0	0.0	
1.648838529638784	23.618297875948116	0.0	0.0	
28.465779584610576	13.442109349043701	0.0	0.0	
10.526980237455422	11.473470145965639	0.0	0.0	
28.55042108119596	22.37206119984059	0.0	0.0	
4.656529932808173	0.3850527759004301	0.0	0.0	
20.647407231481875	1.7761729749525408	0.0	0.0	
23.354452566685037	3.8365418748007123	0.0	0.0	
14.632726380843618	22.53224545754472	0.0	0.0	
13.323753491080463	5.244997526085047	0.0	0.0	
9.140721494714619	6.9437241143891235	0.0	0.0	
5.434880152401043	9.202257763690945	0.0	0.0	
14.56907814093859	29.616531119350686	0.0	0.0	
23.722517693362008	19.423067059834704	0.0	0.0	
20.07222355472348	19.868531240099127	0.0	0.0	
31.796884165649427	10.408873979163669	0.0	0.0	
6.439919217139021	25.552444820886603	0.0	0.0	
14.594677087204143	19.846192869115747	0.0	0.0	
0.44975918807258	29.141304686877973	0.0	0.0	
20.052417367192486	13.74112682100408	0.0	0.0	
16.65826701646755	26.34978938327898	0.0	0.0	
3.56245875615285	5.556089789381193	0.0	0.0	
17.371592570555567	16.803084424809754	0.0	0.0	
25.314607171202983	2.023174810077638	0.0	0.0	
23.16718310883716	25.043202306844073	0.0	0.0	
10.759541371380276	24.482178096919615	0.0	0.0	
7.696286722674188	13.661992416751986	0.0	0.0	
24.03127090360446	27.63616962450584	0.0	0.0	
0.9623761924724263	8.089745218968336	0.0	0.0	
7.5995418599799365	6.901881307610722	0.0	0.0	
26.056581798133248	18.848929187449578	0.0	0.0	
25.61507778653809	12.934664454081346	0.0	0.0	
13.929954499054315	17.408784184075223	0.0	0.0	
23.059548781570204	13.961335784853194	0.0	0.0	
30.128755109819107	13.21924331471459	0.0	0.0	
25.325040949958215	7.2638729866840634	0.0	0.0	
16.054449441552368	7.320633096883039	0.0	0.0	
14.48782536933393	22.567195227740882	0.0	0.0	
3.1179541252392546	9.995548889142807	0.0	0.0	
26.215712834189823	13.932382011291626	0.0	0.0	
26.02638831105807	6.203855400249104	0.0	0.0	
31.1895376767874	31.268068100302866	0.0	0.0	
13.901466336576	21.918454570537293	0.0	0.0	
13.169065572676462	9.560644543314002	0.0	0.0	
7.776042647690847	15.394031146673857	0.0	0.0	
10.174938645459928	16.83161454932562	0.0	0.0	
8.19271813420275	18.5138337041894	0.0	0.0	
31.4877172125551	2.851065730586125	0.0	0.0	
28.3821961206194	13.138480695788097	0.0	0.0	
9.624122752629056	23.392972037618577	0.0	0.0	
29.343881081856015	28.525187162573253	0.0	0.0	
3.7731035965160196	17.65530741446621	0.0	0.0	
1.0193063342658064	5.822076367191723	0.0	0.0	
5.378308291460122	30.56798305154473	0.0	0.0	
6.816557919141793	30.196978097821557	0.0	0.0	
21.837875075802177	30.539486485316232	0.0	0.0	
31.695842644138274	18.82035082375193	0.0	0.0	
27.18967055481064	15.505840186446179	0.0	0.0	
8.811068181830471	17.97627952542492	0.0	0.0	
12.495034805268098	12.628365485043936	0.0	0.0	
17.395573076713635	1.7026321223781409	0.0	0.0	
2.027734043564344	26.82178463947599	0.0	0.0	
26.035575685416127	3.2732389938827744	0.0	0.0	
0.516281212595068	9.411583251117992	0.0	0.0	
2.1814264428689505	31.440025698503465	0.0	0.0	
2.232261077998981	5.693960263558026	0.0	0.0	
18.31029979827747	26.953646234144145	0.0	0.0	
18.60746739947294	6.7126707237819225	0.0	0.0	
10.174514697843573	0.27708380762951634	0.0	0.0	
19.203520494435715	20.860230532525684	0.0	0.0	
23.50438131702739	22.88051397402939	0.0	0.0	
8.811030508905755	28.202738219420414	0.0	0.0	
30.341030171906155	2.313876212016485	0.0	0.0	
21.94310386103083	27.168881500487764	0.0	0.0	
23.13094110540139	15.907890258724791	0.0	0.0	
20.027987617583474	4.400263332906583	0.0	0.0	
30.599214204602685	9.428629099791884	0.0	0.0	
5.677023432831472	13.593505636315921	0.0	0.0	
3.8435193848428426	1.8741772025592596	0.0	0.0	
15.86406156104552	4.530208530847226	0.0	0.0	
10.135591301644542	11.625315056466597	0.0	0.0	
22.798722076790536	16.686986032966438	0.0	0.0	
25.438214288460674	29.75352123788333	0.0	0.0	
17.53379297161199	24.79845615751105	0.0	0.0	
0.9207697859066748	18.517959484083754	0.0	0.0	
10.594846397003597	2.9353581592391436	0.0	0.0	
14.336917963353887	29.03222305081374	0.0	0.0	
8.870471743526956	13.316155398074354	0.0	0.0	
30.725874052453637	3.61449374201829	0.0	0.0	
0.9767528590447867	13.257853870444428	0.0	0.0	
2.201434278300937	24.179503748791088	0.0	0.0	
4.853216758926681	15.624029787353436	0.0	0.0	
26.951498778197553	3.9550050487287685	0.0	0.0	
7.850322590076349	31.180959970325212	0.0	0.0	
5.280013177943655	25.396515752642546	0.0	0.0	
1.1692434601834414	25.44134528699805	0.0	0.0	
21.90748962584697	27.81913165194143	0.0	0.0	
4.457446184600865	4.045478472544225	0.0	0.0	
30.89239145032901	15.360441679322463	0.0	0.0	
14.020893632035634	11.798716070285113	0.0	0.0	
23.334238216004046	0.006264961267628877	0.0	0.0	
13.33322882837598	12.566355975908333	0.0	0.0	
21.466291433181983	24.410837414495013	0.0	0.0	
24.321674384113827	23.437809235997506	0.0	0.0	
11.498574260581528	16.89616121613687	0.0	0.0	
16.818191610675587	8.749828754096104	0.0	0.0	
13.840879013748975	15.45336638358453	0.0	0.0	
9.617859296162692	12.644254246162905	0.0	0.0	
5.444230542568864	26.005991512129	0.0	0.0	
14.686145870463207	24.562213335602298	0.0	0.0	
7.326913704676969	27.598571913942894	0.0	0.0	
3.4353464214888696	5.9478536583100805	0.0	0.0	
13.203776485371154	19.020824333272426	0.0	0.0	
16.061340856738227	22.934577021328835	0.0	0.0	
23.652435403240034	4.479065924738446	0.0	0.0	
27.01041503103993	21.842759620222516	0.0	0.0	
15.047844306320641	5.813439163062817	0.0	0.0	
28.75584951425219	6.056711371197768	0.0	0.0	
13.963715375341746	26.182712704346972	0.0	0.0	
23.290947871833538	8.587028807999676	0.0	0.0	
1.9337697993750105	25.611629256351527	0.0	0.0	
29.277144469453695	30.01850765073068	0.0	0.0	
10.395260237912463	2.88796303213557	0.0	0.0	
9.246167695893305	29.381382014242934	0.0	0.0	
17.648087052409508	13.390007748418398	0.0	0.0	
16.792848622855097	17.706354521517184	0.0	0.0	
8.782485107751931	11.338219842320996	0.0	0.0	
1.2880888792257643	12.284631103312112	0.0	0.0	
24.95319340091597	6.053931158472839	0.0	0.0	
19.09019519203642	9.586726695660882	0.0	0.0	
5.613929756169167	15.269613349714191	0.0	0.0	
24.878859663822652	23.27215658175193	0.0	0.0	
14.389766029189524	21.079179622427876	0.0	0.0	
31.35636007212377	6.829642715634524	0.0	0.0	
19.969692062499625	25.203358735535094	0.0	0.0	
3.7212921429888546	3.9186306406154614	0.0	0.0	
26.744389639262625	13.382712643530255	0.0	0.0	
16.622523709713498	23.427044865746357	0.0	0.0	
2.9319695751715678	10.127822505143417	0.0	0.0	
12.23413480792555	0.5852119582978368	0.0	0.0	
29.20694755476069	23.736274231390375	0.0	0.0	
14.653665320924357	17.310439950090867	0.0	0.0	
19.8500258769104	24.88134072413207	0.0	0.0	
10.717920796150217	18.955534294411088	0.0	0.0	
14.541560434816756	20.09532458903078	0.0	0.0	
6.211509110340586	3.9517819073839213	0.0	0.0	
20.2946586913032	11.669786815250667	0.0	0.0	
2.197026798317971	16.758266920829747	0.0	0.0	
4.178359562690829	23.569993028665433	0.0	0.0	
5.77908116510703	8.043313927260026	0.0	0.0	
31.01175031846035	31.79679272540489	0.0	0.0	
22.56191601122747	30.714568052796423	0.0	0.0	
27.520392698216277	5.354546129724142	0.0	0.0	
14.146728346416744	24.822999170791928	0.0	0.0	
15.250092395331286	21.468736437437	0.0	0.0	
18.241470246864775	3.881225599970648	0.0	0.0	
28.391091937039228	12.064068208727367	0.0	0.0	
30.731714474879887	1.661207796084291	0.0	0.0	
13.04669653974483	28.410454304840044	0.0	0.0	
12.206591250394172	10.567831818660785	0.0	0.0	
10.918932575485588	24.041952353037022	0.0	0.0	
7.319847098842345	4.252243480759617	0.0	0.0	
10.5154077903832	6.6003538973953155	0.0	0.0	
27.71155212393312	9.549724415864613	0.0	0.0	
4.7994180311883206	15.132741579925597	0.0	0.0	
26.520567148247594	31.617055779817793	0.0	0.0	
22.513620326048663	16.402162042843266	0.0	0.0	
8.987608452199073	29.778435709917165	0.0	0.0	
7.135308402973525	27.50131812611057	0.0	0.0	
17.746512074091306	20.54930722704801	0.0	0.0	
18.244435944059347	19.176881801804964	0.0	0.0	
20.121983973014977	23.986520243444897	0.0	0.0	
15.427856705910976	20.211606757473984	0.0	0.0	
25.267530939523702	30.64296243385953	0.0	0.0	
29.099150696905287	11.547572205896138	0.0	0.0	
0.2643778795606373	15.08040233530891	0.0	0.0	
28.797170334386948	2.6368164682870585	0.0	0.0	
31.52681735688407	9.460774025044014	0.0	0.0	
23.816686898121684	21.126649109361153	0.0	0.0	
18.54319281490852	22.747252972821975	0.0	0.0	
10.976377542803377	16.087247812836488	0.0	0.0	
27.893566080538122	29.992191263494792	0.0	0.0	
14.9030764725653	21.235317431882557	0.0	0.0	
16.873222638159746	25.923629846226742	0.0	0.0	
7.783068561642736	17.4902014348712	0.0	0.0	
11.128573979247587	26.832016903372914	0.0	0.0	
25.559807302516685	0.07049221180096765	0.0	0.0	
14.405365045145565	21.15916028432691	0.0	0.0	
25.815579916427073	27.774337464193806	0.0	0.0	
10.18248222336548	15.739414473548255	0.0	0.0	
10.530835820757552	4.982216228805562	0.0	0.0	
6.2752035393560455	2.4124809743383935	0.0	0.0	
0.4522743449233779	8.230167144720525	0.0	0.0	
8.958523435802473	21.23981753254836	0.0	0.0	
19.001767839157456	9.438526665322538	0.0	0.0	
12.110188579534864	19.24699219579638	0.0	0.0	
20.675355871219086	9.430613003124996	0.0	0.0	
13.957685773182611	26.960189175310095	0.0	0.0	
19.38426123928699	11.338745383256903	0.0	0.0	
24.692202442456313	23.681934432969918	0.0	0.0	
17.94965632591603	11.48343570729413	0.0	0.0	
4.265806051074932	19.630549927361724	0.0	0.0	
15.430658945262667	16.46778178182943	0.0	0.0	
16.769611744948552	28.089569537398397	0.0	0.0	
22.659219027603502	0.033597045164217576	0.0	0.0	
22.718130696961595	11.734727815726949	0.0	0.0	
1.7619955625476145	25.173105942143884	0.0	0.0	
25.249783788229184	12.948117980114926	0.0	0.0	
22.60548775234606	1.479039482664227	0.0	0.0	
6.1667158941267	13.213284437277466	0.0	0.0	
18.399868656919498	15.48529057483735	0.0	0.0	
29.620577387463918	24.667609702678952	0.0	0.0	
5.5747723375995015	4.686411902143451	0.0	0.0	
7.277488324351147	25.458777929510724	0.0	0.0	
27.237430272610464	20.62496390366308	0.0	0.0	
25.661282917176884	13.188809341830588	0.0	0.0	
10.833634929526585	12.119750119532128	0.0	0.0	
30.67789473233114	0.4778520115214171	0.0	0.0	
10.815952546890987	26.169160156989676	0.0	0.0	
24.249204994873374	5.955562950363813	0.0	0.0	
10.838500361446734	8.246717525670373	0.0	0.0	
6.400932237085424	24.634295821778252	0.0	0.0	
20.304561088164203	0.37298178395518633	0.0	0.0	
21.947699930176036	7.825884478390353	0.0	0.0	
1.8157364316023425	4.048842298237595	0.0	0.0	
18.021398211392516	1.6739632443324801	0.0	0.0	
26.98983008154477	31.288515978437864	0.0	0.0	
9.171061152564935	9.235545791329091	0.0	0.0	
10.558628614874003	17.194675319679913	0.0	0.0	
20.410671082334385	8.798342579987509	0.0	0.0	
10.372651469909613	28.839812178142118	0.0	0.0	
24.56391508690658	9.43196548762917	0.0	0.0	
24.242776715970745	11.919535362780163	0.0	0.0	
20.663223063309907	15.9829234137862	0.0	0.0	
14.976613325405054	3.349989648364911	0.0	0.0	
2.233789995092131	18.496243678110798	0.0	0.0	
23.97541966854653	6.6687206057715755	0.0	0.0	
1.708798945893978	18.312387350350956	0.0	0.0	
21.852999526553283	23.21944251635406	0.0	0.0	
15.545024022787498	6.841450049276617	0.0	0.0	
7.494151413128698	8.847009232973381	0.0	0.0	
3.782623303694244	9.217987528683263	0.0	0.0	
15.502663044640336	30.443874298286186	0.0	0.0	
10.755617985418883	17.935610503837463	0.0	0.0	
3.7091940043462692	4.713410908038423	0.0	0.0	
19.86117260407387	8.949780431704607	0.0	0.0	
27.307766799189533	6.546216625639303	0.0	0.0	
5.618219250465266	19.51925044076425	0.0	0.0	
2.4511905323672067	17.404199808952956	0.0	0.0	
16.083873458975805	6.009161455276612	0.0	0.0	
22.0840797015558	14.343603243611533	0.0	0.0	
27.853890565304642	30.53268368959173	0.0	0.0	
15.169074908707746	5.200616728289251	0.0	0.0	
24.318460233465082	12.327319647397239	0.0	0.0	
26.74529183226375	13.456710881743824	0.0	0.0	
31.79879514711919	31.737322359620038	0.0	0.0	
30.7622617466069	2.6578439947092356	0.0	0.0	
2.5549301159191486	10.358598435513876	0.0	0.0	
21.794802071102993	9.705399474098243	0.0	0.0	
30.995184658701387	18.653220166930765	0.0	0.0	
25.189539413147603	4.882011597618206	0.0	0.0	
28.574308194968065	19.559949657564083	0.0	0.0	
25.847796664939768	29.441442959619973	0.0	0.0	
19.595046242719	13.807218439209201	0.0	0.0	
18.38941865932345	11.158602124724254	0.0	0.0	
6.91638898296711	19.35771873096521	0.0	0.0	
5.5668800815230846	11.597961709794038	0.0	0.0	
29.112181023058348	6.265746899658367	0.0	0.0	
7.0379670989268135	0.21454317152256053	0.0	0.0	
1.1854456498397958	14.634232829307358	0.0	0.0	
18.655203535272836	10.049923991528917	0.0	0.0	
4.55870212018031	2.1333714163093482	0.0	0.0	
22.59490421541312	30.843428101724815	0.0	0.0	
23.765080866428175	17.54483716996753	0.0	0.0	
17.931433847133118	19.052279569136537	0.0	0.0	
5.38648996233994	20.13060437443024	0.0	0.0	
12.637002183883016	29.04821367103679	0.0	0.0	
1.4767172867693752	27.001259540459948	0.0	0.0	
28.650199051018827	3.1778831022332064	0.0	0.0	
24.501028693293225	22.905663649561664	0.0	0.0	
3.8340894149736897	15.913689651204677	0.0	0.0	
24.21298006855587	31.515522508170505	0.0	0.0	
29.409466285039365	30.126564419189286	0.0	0.0	
7.2078278616807445	8.354021530156341	0.0	0.0	
31.262140163019566	16.955689928579726	0.0	0.0	
13.111579728569488	16.568864959695585	0.0	0.0	
23.961892370204847	26.010476903084946	0.0	0.0	
30.940946233508367	25.710078752841127	0.0	0.0	
0.5159714236239772	22.932012866028302	0.0	0.0	
11.46646254976967	3.000769535653035	0.0	0.0	
16.819880089879298	10.617410502450742	0.0	0.0	
10.44133638367093	13.348993444061428	0.0	0.0	
8.104356384866016	16.18464616819959	0.0	0.0	
17.326452466833558	5.137980022564225	0.0	0.0	
13.885905589589505	0.1406701829770718	0.0	0.0	
8.91684700624678	26.127848476764623	0.0	0.0	
4.813733469794485	25.875614458441195	0.0	0.0	
6.8788250408622105	26.77070156227224	0.0	0.0	
6.437994287293236	29.98725914826588	0.0	0.0	
23.225665614348717	4.4007260965874515	0.0	0.0	
13.259175067938767	25.386520692028313	0.0	0.0	
29.115714762714855	20.146918558690743	0.0	0.0	
8.427067693162197	25.275248107457816	0.0	0.0	
6.017807227411794	15.731164208599662	0.0	0.0	
17.557986542457776	24.629620275370463	0.0	0.0	
18.082033554349188	21.266182149171378	0.0	0.0	
29.225790939325325	31.591732506267995	0.0	0.0	
7.297967820181405	14.566380975641483	0.0	0.0	
24.95331092745666	3.126237849679846	0.0	0.0	
27.249555550975913	8.69348345203327	0.0	0.0	
22.356287860509774	29.737466560518083	0.0	0.0	
21.536047529623463	0.7192166697659665	0.0	0.0	
11.566424185171826	31.87368717628635	0.0	0.0	
19.078140627794113	13.344360218123818	0.0	0.0	
18.686346728055685	10.141141886870539	0.0	0.0	
3.672665130830918	6.525385916040566	0.0	0.0	
7.69683680860425	14.571485691990894	0.0	0.0	
25.16043158761328	28.088475009351153	0.0	0.0	
30.78577070985721	9.043562432986015	0.0	0.0	
24.932188288304843	8.196236558790531	0.0	0.0	
4.206644753623895	29.70654900006936	0.0	0.0	
2.4725513378388904	26.23245047972012	0.0	0.0	
25.488062279237983	26.27231495381926	0.0	0.0	
31.21490590979803	19.665837986449887	0.0	0.0	
7.795049936523483	22.232691893602983	0.0	0.0	
9.382058933992813	12.744671650938642	0.0	0.0	
0.9841218307894088	28.898801418592228	0.0	0.0	
24.918876621691755	7.167251117280209	0.0	0.0	
30.7006265071458	6.4139411992064765	0.0	0.0	
7.581252315659466	20.766722775552402	0.0	0.0	
8.55147844094709	17.67789930059682	0.0	0.0	
20.973101220505345	8.677540699120264	0.0	0.0	
29.361790877353698	17.600675482715612	0.0	0.0	
31.446727319549744	19.349983857980817	0.0	0.0	
7.00031489452525	26.15582874982917	0.0	0.0	
16.74781039911116	8.38369116480655	0.0	0.0	
11.319458088133416	21.44937538794374	0.0	0.0	
6.409943239505509	0.662755902610833	0.0	0.0	
3.803704707901165	24.662145335266914	0.0	0.0	
27.174739527692978	17.2288160660437	0.0	0.0	
2.9171053050850766	21.09940581222344	0.0	0.0	
3.5572457248025664	21.45696225879793	0.0	0.0	
18.336086230869373	26.72629706293502	0.0	0.0	
31.659174811481446	29.540749884481215	0.0	0.0	
30.8717715615051	31.546929032770638	0.0	0.0	
11.740133914236829	15.825161638934269	0.0	0.0	
2.60919692637248	2.444947707898109	0.0	0.0	
21.755341621773518	12.653431860489096	0.0	0.0	
31.807906917094375	6.689343134132535	0.0	0.0	
26.396457041432413	5.958696822405084	0.0	0.0	
10.243386657582711	11.110948279949497	0.0	0.0	
19.199913576690832	14.751717019143175	0.0	0.0	
14.345373333160108	29.14136144283536	0.0	0.0	
17.044758207908913	20.305988133415447	0.0	0.0	
31.236151151710445	7.3386559920735515	0.0	0.0	
9.367882961320706	14.673160201508622	0.0	0.0	
18.46837138199727	30.16133555897612	0.0	0.0	
7.4676807012300195	30.075139208789526	0.0	0.0	
11.861594206264794	3.9634876738339706	0.0	0.0	
25.424790998156187	22.354333092356356	0.0	0.0	
19.296251991651594	21.778387048061333	0.0	0.0	
