2
32.0	0.0	0.0	0.0	
0.0	32.0	0.0	0.0	
5.9832925585978	17.840519135411743	0.0	0.0	
13.571134415711445	3.4041563923838503	0.0	0.0	
23.910362686908105	9.085397699231624	0.0	0.0	
20.540961423178583	1.3850677202355293	0.0	0.0	
13.780382924852507	0.8040224663322384	0.0	0.0	
30.517448844370925	27.71981762143217	0.0	0.0	
16.2966843066512	1.571886997165219	0.0	0.0	
12.809030488790032	14.254100158597879	0.0	0.0	
7.338970774493806	4.102321500831902	0.0	0.0	
7.514474246004241	10.74620520900612	0.0	0.0	
11.25048658373543	15.207297365822427	0.0	0.0	
23.584484883318552	27.117143129086042	0.0	0.0	
2.637785576157224	13.693045013282429	0.0	0.0	
4.5254282818806	14.750292265212003	0.0	0.0	
4.597173992901464	3.6350513194147602	0.0	0.0	
0.9242861457682601	9.119045404147101	0.0	0.0	
17.543661178124648	18.19427404666627	0.0	0.0	
9.087970226349071	7.705253081335044	0.0	0.0	
2.5563341493206835	29.151733831734955	0.0	0.0	
27.510703616078295	29.18033185117162	0.0	0.0	
30.905510055349314	13.168643039261422	0.0	0.0	
22.076682707099476	18.156971035255964	0.0	0.0	
7.92636417987346	9.493997262814567	0.0	0.0	
21.109652695572684	8.404557716985664	0.0	0.0	
27.58926359490478	4.920750755490314	0.0	0.0	
31.10594746968081	21.346384373613947	0.0	0.0	
19.542528203098556	21.913298940552924	0.0	0.0	
24.591381012516162	18.425859358844217	0.0	0.0	
12.715312316602905	9.007774144806245	0.0	0.0	
14.388005607011287	23.402507683901405	0.0	0.0	
6.389124311742496	27.054506816040856	0.0	0.0	
14.948003527311457	12.264595092067385	0.0	0.0	
22.08403303600936	25.718544595961937	0.0	0.0	
25.938412704056958	29.02156163992857	0.0	0.0	
21.87050672136027	29.364043528214534	0.0	0.0	
18.858256875325374	19.378600293119383	0.0	0.0	
29.978092863743605	27.800819557044075	0.0	0.0	
0.576378581600089	27.40932004744331	0.0	0.0	
22.113216855683355	28.701433295367504	0.0	0.0	
23.308372459498216	8.397094985711298	0.0	0.0	
14.396061644488505	4.5842111039344005	0.0	0.0	
19.74793520131092	8.887516940874615	0.0	0.0	
0.6712564654383151	23.170521974869814	0.0	0.0	
25.86342303765345	2.7568358923070306	0.0	0.0	
6.9523844406162425	24.069621514700014	0.0	0.0	
10.326989179138486	16.03583091068333	0.0	0.0	
28.275391186662123	29.23291934920773	0.0	0.0	
15.31282184047069	31.252363749406484	0.0	0.0	
20.28306241478841	10.443619763934198	0.0	0.0	
18.60633871084923	9.880723683477608	0.0	0.0	
21.557385269192995	5.95203617825922	0.0	0.0	
19.67719669491975	10.7665820634145	0.0	0.0	
2.4550575947077355	23.941430832092433	0.0	0.0	
4.386119569209733	17.69258066870824	0.0	0.0	
7.6704525791058416	22.37084705094814	0.0	0.0	
26.73569708409089	22.281837679316336	0.0	0.0	
5.145148627832363	19.199279991854777	0.0	0.0	
10.705021514222548	5.330676238586975	0.0	0.0	
28.525497344790416	21.366312580997487	0.0	0.0	
28.478500758051506	16.727444780106843	0.0	0.0	
9.54968231938232	29.728169413740396	0.0	0.0	
16.217751786942042	26.244005420091387	0.0	0.0	
27.15469751468955	23.035391204075214	0.0	0.0	
29.699533722677053	8.877642395232694	0.0	0.0	
21.363755421753716	23.93389100394597	0.0	0.0	
6.2241545516228705	14.873480675324984	0.0	0.0	
11.241336168863	19.9642549865041	0.0	0.0	
22.760023832286482	20.814454680973906	0.0	0.0	
21.461039749368744	30.946092002161507	0.0	0.0	
28.153927799741933	12.812537700322292	0.0	0.0	
7.128200126285673	9.988610380436366	0.0	0.0	
27.065104268520624	11.252760909787263	0.0	0.0	
4.532368905572344	11.489106237270526	0.0	0.0	
2.558625185416151	28.72826596244599	0.0	0.0	
2.685218611709743	7.754266276176878	0.0	0.0	
3.0075934212206903	13.338937956530856	0.0	0.0	
3.030897512317434	3.91401896892474	0.0	0.0	
16.843202526847968	24.701529199507366	0.0	0.0	
24.650789602505533	22.7161377409183	0.0	0.0	
20.179739051059528	10.692514978620839	0.0	0.0	
20.58157494019342	14.989974079498605	0.0	0.0	
26.169070581382062	8.644829404315015	0.0	0.0	
30.470312606530598	15.811713671671619	0.0	0.0	
30.46480925880161	30.38730230646357	0.0	0.0	
3.56999938794311	26.964901570712627	0.0	0.0	
17.713317813084448	0.3142171304975818	0.0	0.0	
9.441008743218568	15.850262707595306	0.0	0.0	
13.039673689123049	21.68125814160226	0.0	0.0	
26.810230874974376	30.347917075691676	0.0	0.0	
1.7804705251096635	17.731316976621507	0.0	0.0	
28.233101683776596	11.621659438562261	0.0	0.0	
12.979044158257565	28.715014199018732	0.0	0.0	
29.12312680685104	30.40067581658558	0.0	0.0	
5.162451758603623	19.500000717838663	0.0	0.0	
23.991315343701523	12.712833383444494	0.0	0.0	
21.957935886736106	24.903425917969628	0.0	0.0	
30.321390477342867	20.226094920233443	0.0	0.0	
12.66725125085254	25.62151022998959	0.0	0.0	
10.451044144314352	30.632588414569977	0.0	0.0	
30.723578838473326	20.71655557222058	0.0	0.0	
13.459715020314892	7.3465623359539585	0.0	0.0	
19.57448732445181	25.936389478578427	0.0	0.0	
28.84610892488776	30.293347570432648	0.0	0.0	
15.40681534007572	17.909918582433342	0.0	0.0	
28.659629469729516	26.738160826159312	0.0	0.0	
10.967543792532076	5.547082012793716	0.0	0.0	
15.463118596167835	11.942202820624622	0.0	0.0	
29.445492378326467	9.959497290959614	0.0	0.0	
27.884727249043284	13.030438107669799	0.0	0.0	
1.0000463509322195	20.742490725610722	0.0	0.0	
15.547746117879523	23.441980547649116	0.0	0.0	
9.70022091809798	20.351799563214154	0.0	0.0	
22.608943871551453	16.95021387804082	0.0	0.0	
10.019654549835913	14.468091981298038	0.0	0.0	
8.583730627075887	25.284087914352227	0.0	0.0	
20.530361738650118	31.226243718976164	0.0	0.0	
19.31102840328545	21.709061011276386	0.0	0.0	
11.25445712110713	26.87342227629018	0.0	0.0	
5.949683978144492	23.712345455023282	0.0	0.0	
7.151967547285864	10.949647922612623	0.0	0.0	
11.017230967426539	21.619940131355765	0.0	0.0	
7.318300768243823	0.7467825737658487	0.0	0.0	
2.22443076813099	8.771719811339494	0.0	0.0	
12.119794701908582	3.113590560303983	0.0	0.0	
19.682641480789478	15.7032181261214	0.0	0.0	
1.4113133493258836	12.075577964621626	0.0	0.0	
20.039143296406657	9.464495797163355	0.0	0.0	
27.904671401921888	17.252484067626547	0.0	0.0	
31.636976426068628	8.730793222912652	0.0	0.0	
30.449049813215737	20.163233282709015	0.0	0.0	
23.478942993938077	8.141663130585489	0.0	0.0	
30.386162328852123	1.8851879242267842	0.0	0.0	
21.801236240690166	11.015421244578928	0.0	0.0	
0.4518847576306442	17.90608311249679	0.0	0.0	
20.434290245492427	29.790695989935866	0.0	0.0	
25.98794703292563	9.18788816651303	0.0	0.0	
18.13572212028106	26.504267042744264	0.0	0.0	
15.244025625196379	20.52754842325888	0.0	0.0	
24.14712553851693	26.00634663632808	0.0	0.0	
6.227891207031341	24.631809189956737	0.0	0.0	
3.281877440374121	8.257258656165199	0.0	0.0	
26.281427589231356	5.889963699534569	0.0	0.0	
30.491141498806627	21.32323869248473	0.0	0.0	
23.69408180030485	18.077893786044278	0.0	0.0	
28.451912227660976	0.5701444315061792	0.0	0.0	
30.648983029992756	17.442141765295894	0.0	0.0	
19.65266661201467	9.0553610141529	0.0	0.0	
26.80821535555089	31.96924545289905	0.0	0.0	
5.558744653521686	16.2130201325107	0.0	0.0	
27.871858188925515	27.899811799960954	0.0	0.0	
11.345245912096637	26.140884981282	0.0	0.0	
4.58130147145663	3.6782570320778873	0.0	0.0	
9.589768550476421	13.291180262231169	0.0	0.0	
18.975931922207323	28.491523522803746	0.0	0.0	
4.5763941584321834	30.34825296838945	0.0	0.0	
7.719535033508752	3.590128556033875	0.0	0.0	
1.7537393000618664	8.543731435834445	0.0	0.0	
22.0660500091902	15.325831658054128	0.0	0.0	
22.794898349067875	26.14694729325439	0.0	0.0	
29.664732183600258	26.244624107126768	0.0	0.0	
11.910045615521263	7.070320548011683	0.0	0.0	
29.77098960816209	14.117238729349928	0.0	0.0	
19.69433210486002	27.742013494230452	0.0	0.0	
28.62238833867444	16.84647032244365	0.0	0.0	
2.7452652550650534	25.743420776006342	0.0	0.0	
28.96336155434648	30.346584031380985	0.0	0.0	
14.480497327325438	1.5889229785432661	0.0	0.0	
16.114921039366397	6.3790848173808	0.0	0.0	
8.991864694056446	22.428265640020793	0.0	0.0	
29.749218303817575	12.578253790074701	0.0	0.0	
27.103899820201743	19.133002708301	0.0	0.0	
4.06477354258147	31.29774400547604	0.0	0.0	
2.715977446463093	21.64506751491607	0.0	0.0	
14.502382517576866	23.83342465542809	0.0	0.0	
13.1378427222783	0.5094878169040911	0.0	0.0	
3.309625020705891	1.838205831906464	0.0	0.0	
18.64753983497875	13.44108231161394	0.0	0.0	
23.774879320783565	9.03415041087074	0.0	0.0	
3.8537554167935895	30.658388812278524	0.0	0.0	
13.685413275627681	22.872611334212518	0.0	0.0	
5.174000136704109	7.624049425898377	0.0	0.0	
30.014501475677875	21.178361804385055	0.0	0.0	
10.474804637902494	0.5416657627914141	0.0	0.0	
3.314247449864535	29.212020476713697	0.0	0.0	
23.290833249472474	17.859601371576744	0.0	0.0	
24.76000937240698	22.312250328266675	0.0	0.0	
4.254759062583208	22.236695079728115	0.0	0.0	
2.6008915865670623	29.225406429194486	0.0	0.0	
4.404179394635619	16.48321294207723	0.0	0.0	
19.578571198906744	8.360560259670908	0.0	0.0	
28.33908939589378	21.55403523374016	0.0	0.0	
9.692573922797454	16.611351288285217	0.0	0.0	
23.877481983099035	12.2487496424957	0.0	0.0	
23.267644558997674	19.455478651566395	0.0	0.0	
28.781898776134728	22.810451227375086	0.0	0.0	
7.24284499900293	6.057535425512668	0.0	0.0	
25.195573696613174	8.42326125672643	0.0	0.0	
27.098475483767725	4.083349093735809	0.0	0.0	
24.189962916574867	26.925787592686287	0.0	0.0	
29.163830926395256	15.212934424050538	0.0	0.0	
3.3318344441525767	19.827571628755358	0.0	0.0	
11.906334471225101	25.027051373016853	0.0	0.0	
28.452105054194455	2.1977571091622288	0.0	0.0	
27.948266168333504	30.40691429198415	0.0	0.0	
15.511883941935558	15.124342433803452	0.0	0.0	
11.068638194586054	28.475436929074377	0.0	0.0	
14.959113771288429	1.3490686454820562	0.0	0.0	
5.049040417217025	15.822330406070204	0.0	0.0	
10.874044694589653	19.768513158298585	0.0	0.0	
25.609863670005595	4.9841930946775435	0.0	0.0	
0.41862595810299297	7.663512487750463	0.0	0.0	
7.977542837413409	12.358776804745595	0.0	0.0	
15.761236106039409	20.56886424886488	0.0	0.0	
4.585170388693303	13.427772312117067	0.0	0.0	
18.378452182100382	7.3021918281370155	0.0	0.0	
28.13105210296838	17.62914807550874	0.0	0.0	
4.169004091629894	21.682769912997347	0.0	0.0	
20.911770303982234	26.36901100147477	0.0	0.0	
8.85857243611991	6.661822355802258	0.0	0.0	
2.690268448838353	22.868444510183398	0.0	0.0	
2.6631504276380085	18.902492556668534	0.0	0.0	
10.773947686753306	3.4808945562096696	0.0	0.0	
10.163306462191294	4.014934423403744	0.0	0.0	
22.735506653448862	18.322910541803918	0.0	0.0	
25.279393359691277	2.671941864256276	0.0	0.0	
2.116822250372948	20.321700686777017	0.0	0.0	
16.25847108078869	24.770113889878065	0.0	0.0	
3.012524211964031	19.742149417306653	0.0	0.0	
29.41595816884392	21.931475435264208	0.0	0.0	
17.982996365101044	31.676684580622336	0.0	0.0	
15.541143601352086	23.423356056849965	0.0	0.0	
25.693919190886323	1.0187183376144553	0.0	0.0	
31.40664962799454	7.420191391851898	0.0	0.0	
12.050350141224321	16.28054367688071	0.0	0.0	
16.13269691489333	21.332313419988196	0.0	0.0	
6.926873793431032	21.248608401342526	0.0	0.0	
19.6043847681556	17.59061061439955	0.0	0.0	
27.581832650931823	3.701760872377605	0.0	0.0	
5.695934744812249	1.904197603857078	0.0	0.0	
26.6756494951017	14.413786028165891	0.0	0.0	
26.022876796372593	16.27846999024069	0.0	0.0	
11.436038952256244	20.578902247382427	0.0	0.0	
14.51929279093919	30.372102890821658	0.0	0.0	
29.735212217396917	17.980531706519354	0.0	0.0	
24.44395334349591	9.794581867626473	0.0	0.0	
11.470534762108933	11.632410330786794	0.0	0.0	
23.053036866907714	4.2620764637677055	0.0	0.0	
22.081972843864506	30.723411820625405	0.0	0.0	
22.677678191379975	10.139483978210794	0.0	0.0	
27.842822363101273	2.676370061583121	0.0	0.0	
23.08759131491019	23.290252242481536	0.0	0.0	
19.28841120312773	14.520612489929604	0.0	0.0	
18.313275916674666	12.781998815448581	0.0	0.0	
26.870998793919025	18.755960107395698	0.0	0.0	
17.806457498693106	22.611978976696292	0.0	0.0	
28.46333570433109	11.678249361396002	0.0	0.0	
3.9253048964675834	23.36195763409821	0.0	0.0	
27.961888747791743	22.32814787967017	0.0	0.0	
6.919684107546377	28.434546331462247	0.0	0.0	
27.529055977865454	0.1713419030402754	0.0	0.0	
4.1953075220408245	3.388354388704304	0.0	0.0	
3.3607815128343432	8.067479111785449	0.0	0.0	
4.56087053605507	22.992244852798677	0.0	0.0	
25.951500782754668	12.454720479237665	0.0	0.0	
8.269893745687199	9.915192879193881	0.0	0.0	
16.237055328947534	1.2787997774638171	0.0	0.0	
18.360859453876028	14.808991165188882	0.0	0.0	
31.500210893125995	12.586983888218658	0.0	0.0	
28.057721642817526	8.15211440664363	0.0	0.0	
14.705631119916148	20.49529013416295	0.0	0.0	
13.073804636436286	13.453734835939535	0.0	0.0	
1.2559910706964033	6.024264286199173	0.0	0.0	
14.821287937542131	14.268146441861067	0.0	0.0	
6.268644130019169	16.03609742706953	0.0	0.0	
2.2497230682548413	9.925606612032272	0.0	0.0	
24.60764816085796	21.265161618330552	0.0	0.0	
11.31288219911784	21.572196740694825	0.0	0.0	
14.789534407288937	11.348140477141598	0.0	0.0	
4.712057287488257	7.5097581688423	0.0	0.0	
8.035082946357718	25.69907651049238	0.0	0.0	
6.205702262458498	10.451584581530248	0.0	0.0	
2.394509766008902	31.133345039883924	0.0	0.0	
13.690228169820038	16.77272868237652	0.0	0.0	
27.955784004652084	11.921743608017835	0.0	0.0	
0.15455109734053707	5.781701719644328	0.0	0.0	
6.803558547154889	4.814352524832245	0.0	0.0	
16.69019617833638	19.290800640400363	0.0	0.0	
6.753678263520232	6.523490131206309	0.0	0.0	
27.635556931633182	1.0983371740407613	0.0	0.0	
26.05314250866653	23.73857260771856	0.0	0.0	
6.519105500506907	27.540882397194814	0.0	0.0	
5.31262602716923	14.232084617129559	0.0	0.0	
30.071550841711293	11.667048309441078	0.0	0.0	
19.539296741780785	22.375374297775892	0.0	0.0	
19.46349565703331	28.103073432265834	0.0	0.0	
6.93549851575947	14.00404598108511	0.0	0.0	
25.815383164331166	7.732985256892107	0.0	0.0	
12.684573101508306	11.067786278827217	0.0	0.0	
15.666096676124315	26.82087970973406	0.0	0.0	
31.970856624648626	17.17233966381058	0.0	0.0	
26.46103498860993	29.804999984666598	0.0	0.0	
2.78296013757452	13.027930542732701	0.0	0.0	
18.292779844211406	3.810145025927607	0.0	0.0	
29.405720645074243	21.300672442488214	0.0	0.0	
15.186880077613559	5.0497580356186695	0.0	0.0	
27.483185878923706	17.21523641902119	0.0	0.0	
5.88161538616793	0.41942724616872695	0.0	0.0	
31.34355933865544	7.5397910713880165	0.0	0.0	
25.243094052384762	10.628981679429788	0.0	0.0	
21.492555169964973	4.644712350624005	0.0	0.0	
31.33526050039546	30.697438514841277	0.0	0.0	
3.415636489516814	23.080026526125454	0.0	0.0	
28.001608860257658	21.05760872241734	0.0	0.0	
20.61295979327633	28.179533129699887	0.0	0.0	
31.75803561547738	20.16173284894403	0.0	0.0	
13.358346440792296	17.13289869646044	0.0	0.0	
8.624825624988937	19.58334656959074	0.0	0.0	
29.7639476273824	18.11247043210036	0.0	0.0	
29.148462188334186	2.1413178923963265	0.0	0.0	
5.783583079716987	20.931945952654	0.0	0.0	
29.258761082584304	29.74680673433715	0.0	0.0	
7.946010965013205	18.48185603141739	0.0	0.0	
20.942656690706215	28.9132111239092	0.0	0.0	
6.6396837398704704	4.6820076738815	0.0	0.0	
22.47225763324702	28.900024360575824	0.0	0.0	
20.833642169864948	1.3979586386113212	0.0	0.0	
3.231574055323197	20.23542820502535	0.0	0.0	
6.275361533188114	24.62736879593724	0.0	0.0	
31.2197165860605	4.851099649645818	0.0	0.0	
4.036035579687351	26.24445195467176	0.0	0.0	
16.602535477614637	1.4370424256243872	0.0	0.0	
31.494351470122393	7.355642187753006	0.0	0.0	
24.492688101663358	10.916585590878405	0.0	0.0	
24.510889930839568	30.341353705305142	0.0	0.0	
25.378739147196757	10.788162497406024	0.0	0.0	
15.578071173932624	1.6680934677783021	0.0	0.0	
7.07552204733037	18.31147591327105	0.0	0.0	
7.561360206739753	15.024837587643468	0.0	0.0	
26.930911357125424	24.067989357553216	0.0	0.0	
18.539575877631567	18.53722416563123	0.0	0.0	
3.248527463652124	9.14444584185307	0.0	0.0	
16.114836629541813	9.615330243632798	0.0	0.0	
25.46374689628522	31.408860073728807	0.0	0.0	
20.126291144845883	11.662727443380096	0.0	0.0	
8.604148657049585	5.985056844579219	0.0	0.0	
7.466855434053887	15.679823747566644	0.0	0.0	
20.40225872457631	5.43428429983889	0.0	0.0	
9.393415125214034	19.16093812458687	0.0	0.0	
25.174976659196318	2.501325097256153	0.0	0.0	
16.270218889215293	31.569524903092404	0.0	0.0	
17.5234082528142	16.25495287697667	0.0	0.0	
11.764769875046383	23.740807726646846	0.0	0.0	
5.849618395867417	8.937699199579377	0.0	0.0	
30.412331635479152	27.201039236663856	0.0	0.0	
29.76455741680889	1.5715704701939934	0.0	0.0	
14.53191959319576	29.784047905033617	0.0	0.0	
23.960771659660104	20.51539085615361	0.0	0.0	
15.43216820024476	2.743446527383618	0.0	0.0	
3.523367259942731	27.90234235096847	0.0	0.0	
21.46248435599961	12.019698691203107	0.0	0.0	
22.810410874376057	25.90423031627449	0.0	0.0	
7.592453142074088	21.34863795133229	0.0	0.0	
21.871658505131634	21.869618092609368	0.0	0.0	
2.5333517201223614	23.370520278482044	0.0	0.0	
30.228984675624556	21.79570095156599	0.0	0.0	
29.859013273855226	19.018853575964325	0.0	0.0	
30.651066271376294	26.009019843770556	0.0	0.0	
15.35147134090506	11.599307942218974	0.0	0.0	
23.343556781784166	19.536800816097102	0.0	0.0	
29.24738011579585	2.9846506739585372	0.0	0.0	
6.579435961937701	24.540832029514323	0.0	0.0	
31.494964536405043	9.797428725784957	0.0	0.0	
9.570346173311652	9.560556199829254	0.0	0.0	
9.317634415429836	19.419554916929844	0.0	0.0	
9.079275287153639	4.3762390792915795	0.0	0.0	
19.718555504520836	7.687175354516906	0.0	0.0	
20.3445715811431	7.205816244421694	0.0	0.0	
20.950618181176413	25.399230874707637	0.0	0.0	
12.77203518783838	26.91960446994104	0.0	0.0	
24.87402370780823	19.394679703570564	0.0	0.0	
20.84404641680537	23.526449779374424	0.0	0.0	
25.571440038587674	7.687223070574973	0.0	0.0	
13.849964570128012	31.702544111495175	0.0	0.0	
2.2441928946692364	18.65235993258693	0.0	0.0	
13.897955676919107	22.247893461548326	0.0	0.0	
1.525255369928729	6.602480981462673	0.0	0.0	
19.221557230106043	2.579720912917395	0.0	0.0	
21.78820100086067	24.12123254258583	0.0	0.0	
4.33656513214234	29.60100487618616	0.0	0.0	
15.218067706795011	20.961674929258916	0.0	0.0	
13.535702474258954	20.0361783119593	0.0	0.0	
27.40970130329719	4.083064869234647	0.0	0.0	
19.615641451822054	19.062329767096088	0.0	0.0	
15.136295293076486	1.1932601516283405	0.0	0.0	
31.153385860860777	20.931338094430327	0.0	0.0	
13.677730276980363	21.242187287132886	0.0	0.0	
3.6181072154802685	2.3437036872753048	0.0	0.0	
2.3002082695308204	1.1326244521757793	0.0	0.0	
15.197362388947305	27.70401557933433	0.0	0.0	
3.129667532032446	8.440392982344655	0.0	0.0	
10.027598678803741	12.158115232875907	0.0	0.0	
24.649219153649565	20.103519335468164	0.0	0.0	
20.418847378924497	0.11850851612943458	0.0	0.0	
21.542758785592675	18.899709206129693	0.0	0.0	
27.515756800364088	31.94926176470201	0.0	0.0	
15.569961844719163	17.524718921597582	0.0	0.0	
29.332196047198302	29.81457896895746	0.0	0.0	
29.075232198617204	6.480029662590727	0.0	0.0	
19.137355568336254	12.970999895757306	0.0	0.0	
31.18446448077826	3.8339475101077873	0.0	0.0	
9.188639710388642	15.602860086203943	0.0	0.0	
6.349550512773238	2.0410899790570056	0.0	0.0	
15.15193627154488	19.17220624420163	0.0	0.0	
27.299578280901283	1.5451397645190426	0.0	0.0	
22.967707617088188	14.856370013170835	0.0	0.0	
20.101074030187444	20.73823762547446	0.0	0.0	
19.838582531951342	23.523487434767937	0.0	0.0	
30.69252379558769	27.254407547723485	0.0	0.0	
8.649421708914044	20.62036335648731	0.0	0.0	
28.12928440960002	22.69961984530118	0.0	0.0	
27.337408431869147	31.140381891470412	0.0	0.0	
8.776041552458231	26.936969839553296	0.0	0.0	
17.01808026761662	6.069927018180319	0.0	0.0	
4.2490376564233365	0.0352579288599415	0.0	0.0	
0.32358856297575755	15.696351621830782	0.0	0.0	
19.435426484042004	20.39591597535035	0.0	0.0	
18.909579938690168	8.71393485912246	0.0	0.0	
13.922892035897476	13.808469294929555	0.0	0.0	
17.866167981609625	24.81960804765952	0.0	0.0	
16.37893834818717	18.422307514127848	0.0	0.0	
11.86872134818352	10.747261372995524	0.0	0.0	
6.193158934737848	20.78702366348075	0.0	0.0	
6.667777200391011	7.602481232217595	0.0	0.0	
31.052333367494885	27.062061231419285	0.0	0.0	
26.175358512253908	25.3171820187358	0.0	0.0	
27.662943076991443	1.197695458221098	0.0	0.0	
29.28277080219414	4.137858983050322	0.0	0.0	
5.196109980958973	25.333615090824726	0.0	0.0	
6.966684273853652	12.219644288675692	0.0	0.0	
28.149009207689133	10.044308139742014	0.0	0.0	
9.806999237702755	6.1930325919223215	0.0	0.0	
30.653954642754496	17.936280632367332	0.0	0.0	
1.0149529911451047	3.660974509813837	0.0	0.0	
14.32785197964212	31.168635483699187	0.0	0.0	
28.502938373802806	15.233799642201252	0.0	0.0	
27.88965126700307	7.589072927442089	0.0	0.0	
8.098456500313592	12.104345734359068	0.0	0.0	
23.71895180750281	10.81174652318034	0.0	0.0	
30.42747983643843	9.412765345712351	0.0	0.0	
19.204823202413483	10.424924717721908	0.0	0.0	
23.083411907261514	2.3683246993077987	0.0	0.0	
25.35660925710583	15.6921245768855	0.0	0.0	
26.595124523192712	14.636577432091169	0.0	0.0	
31.895267164033005	16.390229955859926	0.0	0.0	
21.65313375736499	24.92073596037357	0.0	0.0	
16.352143372271176	19.2250434299383	0.0	0.0	
6.900682762353441	2.1826472104477936	0.0	0.0	
13.44200263487135	25.92640343002966	0.0	0.0	
8.390126065119286	0.6279603632733313	0.0	0.0	
19.846514425427582	15.118595098822102	0.0	0.0	
31.273835777370863	11.554119852827839	0.0	0.0	
14.821819822816177	22.181550657893354	0.0	0.0	
9.48259199891249	2.6036229834377096	0.0	0.0	
0.7949748870709747	3.754609318539874	0.0	0.0	
3.443397151255116	4.616980321541963	0.0	0.0	
7.168797954575588	29.21616339559416	0.0	0.0	
23.100101172543244	7.143785326997687	0.0	0.0	
28.94402865719315	12.594409963777764	0.0	0.0	
26.60146637040243	7.11540082992931	0.0	0.0	
10.769533470411794	9.571234253598522	0.0	0.0	
25.19002683859748	21.27203403427447	0.0	0.0	
20.087092013797978	5.585411390895466	0.0	0.0	
16.28926229426986	30.059364382692102	0.0	0.0	
6.212670358491611	11.564907872301571	0.0	0.0	
17.071001152347854	5.173553403021749	0.0	0.0	
0.014304065391566922	24.82907032506523	0.0	0.0	
29.90113506635223	31.39324381460448	0.0	0.0	
3.2849256300413394	22.799993022922543	0.0	0.0	
7.852968543793029	30.688640193634395	0.0	0.0	
7.386580464011264	6.310330607150629	0.0	0.0	
14.56385523902414	21.432700673199186	0.0	0.0	
31.090263959503012	22.31725828846733	0.0	0.0	
8.043887535382606	8.325524845611142	0.0	0.0	
23.80032912872868	17.59106982015829	0.0	0.0	
26.016236074661446	21.72121196955145	0.0	0.0	
26.53522358514032	19.285029020715	0.0	0.0	
28.648134387002397	20.26257185477939	0.0	0.0	
6.985594155118786	10.791780676714826	0.0	0.0	
24.623521200302	4.559576514724778	0.0	0.0	
3.4337104999838317	19.96789254174953	0.0	0.0	
18.31345108192365	26.673581881142496	0.0	0.0	
4.96740560874726	23.424236265368776	0.0	0.0	
21.323178340591458	28.178437526146688	0.0	0.0	
6.534905863878723	0.3643491054754726	0.0	0.0	
14.000859576041968	15.679825391968599	0.0	0.0	
21.516624239177176	2.4415821818070924	0.0	0.0	
1.7333704917587731	27.19394744844133	0.0	0.0	
21.258928325157335	6.7079701909076626	0.0	0.0	
25.418272749014434	10.207897237062046	0.0	0.0	
3.421063332725069	6.598466289036754	0.0	0.0	
7.370303622985048	20.59011529629465	0.0	0.0	
26.215242082002813	21.603013304558104	0.0	0.0	
6.695190492933843	21.965057451952873	0.0	0.0	
21.860007645093344	25.4941277244603	0.0	0.0	
3.6922415729992224	2.236070954907131	0.0	0.0	
30.865395935985052	26.673638101833653	0.0	0.0	
30.617695255590597	7.814550374376445	0.0	0.0	
29.980110441787936	24.065676825342795	0.0	0.0	
9.803057841167433	5.969624966600975	0.0	0.0	
10.282823474756057	13.041108928329294	0.0	0.0	
24.935362776622757	27.658228435199973	0.0	0.0	
29.65009738347408	19.934061947991697	0.0	0.0	
8.905894277588015	27.379599829906525	0.0	0.0	
4.173805504065243	18.922170415513722	0.0	0.0	
14.219650356765946	10.53951194046908	0.0	0.0	
27.529432266195517	8.942133235076206	0.0	0.0	
19.35373279490137	24.67211322485295	0.0	0.0	
10.302527226795686	21.812257111621697	0.0	0.0	
21.905729914116076	26.19480434180756	0.0	0.0	
16.52516299760826	1.0855476973819371	0.0	0.0	
8.011770590436925	6.2555919062398395	0.0	0.0	
16.626598192993825	22.831455405602437	0.0	0.0	
27.616868305552686	29.632715244300147	0.0	0.0	
11.28089809947403	23.99762343447766	0.0	0.0	
0.9327004493580979	11.691860961337568	0.0	0.0	
6.2701056100355785	25.592179247023232	0.0	0.0	
19.419356263704728	9.66683507271123	0.0	0.0	
6.3451846075692195	27.717289666968078	0.0	0.0	
23.24896595406127	28.34141559778577	0.0	0.0	
22.351356980961032	16.34687820673897	0.0	0.0	
9.833711888113946	6.048362638081919	0.0	0.0	
21.884629341220048	28.012691017758335	0.0	0.0	
12.745436085766794	20.00115426307528	0.0	0.0	
27.268402882197712	20.71915293881624	0.0	0.0	
31.25573138110872	13.202676763134754	0.0	0.0	
2.963783197642986	27.689594071485292	0.0	0.0	
3.6537779873823624	9.422290097957646	0.0	0.0	
12.711601804395329	23.518366967822576	0.0	0.0	
7.451171538777238	18.69274532928618	0.0	0.0	
19.154393161508786	3.64454850301097	0.0	0.0	
7.167173323098581	31.81465735823326	0.0	0.0	
15.892118053719045	3.8209260075004288	0.0	0.0	
19.756158165555263	17.697673648538352	0.0	0.0	
22.422581773790984	26.354205603727003	0.0	0.0	
31.620461218986495	24.77594935480227	0.0	0.0	
8.723562736637852	9.491059166201623	0.0	0.0	
15.53615512673974	10.860850415739094	0.0	0.0	
14.343088269542044	5.980429372185412	0.0	0.0	
0.0244732026981751	12.468338804493758	0.0	0.0	
8.678218251254016	0.8976849404043108	0.0	0.0	
5.301117783996734	11.166440935804587	0.0	0.0	
11.655428261311346	25.126122307493077	0.0	0.0	
18.224193895821532	9.016492987561602	0.0	0.0	
10.737686575588235	31.365214938649547	0.0	0.0	
21.85057682631153	7.293998856478542	0.0	0.0	
27.275660530212697	10.194861944549	0.0	0.0	
27.429253206584917	24.780956029612994	0.0	0.0	
9.265331643592663	27.484736627171902	0.0	0.0	
26.44680187078987	23.223341375257853	0.0	0.0	
12.430474816230443	30.763265050407437	0.0	0.0	
0.17032524119928993	28.962592379518714	0.0	0.0	
0.27841108915085044	24.072971939420384	0.0	0.0	
27.91820202876886	15.206520165901466	0.0	0.0	
13.237648448644599	8.494061957319463	0.0	0.0	
15.541329222564517	30.492157255144736	0.0	0.0	
26.85698429095483	6.39151384887494	0.0	0.0	
31.4208339180516	16.29955592826152	0.0	0.0	
1.7189142306820315	11.937320255113328	0.0	0.0	
20.47082251429696	7.03570740345468	0.0	0.0	
17.9017991560315	22.87636934583169	0.0	0.0	
6.188340773747214	15.73792830055751	0.0	0.0	
24.918677617609635	31.937454660359123	0.0	0.0	
9.97729702139613	30.899302166542018	0.0	0.0	
11.155997889942512	7.84596117722252	0.0	0.0	
17.087146730787172	4.1825748128633045	0.0	0.0	
9.495569239305503	23.05835320312496	0.0	0.0	
23.09843710809519	9.332700095781046	0.0	0.0	
25.562850623975734	26.186110291694362	0.0	0.0	
11.268623917461866	23.331190228771398	0.0	0.0	
12.102331968684439	7.7116328572103825	0.0	0.0	
12.806169506890999	24.92981565385646	0.0	0.0	
30.34344895016712	29.959724381452254	0.0	0.0	
19.10309461380506	29.166374595867744	0.0	0.0	
20.809170370769227	28.734531062789262	0.0	0.0	
31.186246853102617	14.486553837752513	0.0	0.0	
31.27172764174116	25.944317054471046	0.0	0.0	
20.976787223241086	11.054600296743754	0.0	0.0	
29.195575541926182	6.304168881552588	0.0	0.0	
10.757327522765845	22.019324114059767	0.0	0.0	
9.106044872295172	30.54666146035667	0.0	0.0	
25.15624056980512	14.092230722641652	0.0	0.0	
0.47398106631199255	26.945591513188017	0.0	0.0	
10.241994302396485	5.43728350686354	0.0	0.0	
3.466700661499612	19.490536204543012	0.0	0.0	
11.524021116647166	15.135607171942077	0.0	0.0	
26.846112107864823	28.32406733446546	0.0	0.0	
8.111859690687893	17.620924616907104	0.0	0.0	
13.60122793126046	11.680683542471957	0.0	0.0	
25.516912822912328	13.835638357602289	0.0	0.0	
12.349643166042046	16.892100574753627	0.0	0.0	
17.64828376056256	28.960896597314623	0.0	0.0	
9.041613374231975	6.1609314800893635	0.0	0.0	
7.176344577150392	5.1611987860459045	0.0	0.0	
22.951394592028482	16.805096152988646	0.0	0.0	
18.937931575103516	18.403014326834562	0.0	0.0	
26.17620857134979	28.879548610381082	0.0	0.0	
7.70622810857305	21.222757858969825	0.0	0.0	
10.570425575268803	16.30032729274752	0.0	0.0	
1.5492516940733339	15.476625180940633	0.0	0.0	
16.766369988099733	21.047402120276764	0.0	0.0	
17.674884356701288	26.086226767131183	0.0	0.0	
26.95677454115184	29.416877723648728	0.0	0.0	
14.67014120856184	10.879713278200438	0.0	0.0	
22.167847891245714	16.507141315952744	0.0	0.0	
23.897124661249133	21.38767995590664	0.0	0.0	
19.767606904884065	20.461305907728256	0.0	0.0	
31.894428565177463	29.601192534607417	0.0	0.0	
13.633376993080802	7.461439996617539	0.0	0.0	
13.34136188141862	11.554570907696412	0.0	0.0	
11.023060728293007	23.503607509334508	0.0	0.0	
12.43613017856195	1.89259073508682	0.0	0.0	
25.471853269620894	26.455902833815585	0.0	0.0	
19.65229228698769	7.7123475566553985	0.0	0.0	
17.343986472135402	24.35087585515544	0.0	0.0	
10.080445426385545	24.872143655725083	0.0	0.0	
26.214032121224502	17.884350961123896	0.0	0.0	
9.245542360151973	10.509910860805295	0.0	0.0	
7.182493286485538	9.667703275722694	0.0	0.0	
11.767606113043911	7.819707796219834	0.0	0.0	
1.7482439436394692	29.314514857922838	0.0	0.0	
6.205252133165725	17.06984908826917	0.0	0.0	
15.786380072368601	0.05999976278960162	0.0	0.0	
20.93088749128683	19.811693152638874	0.0	0.0	
19.87875639372663	5.513525950694177	0.0	0.0	
7.533678090498174	9.72216534893036	0.0	0.0	
1.4602099209311987	22.64177304959381	0.0	0.0	
18.35048434355778	6.261855654293029	0.0	0.0	
8.37526515835728	14.249729412710614	0.0	0.0	
2.487506044402778	2.9943026820107974	0.0	0.0	
24.518164538562548	3.7521081813090866	0.0	0.0	
26.55752960471838	6.415775583851705	0.0	0.0	
1.664976256000358	28.797655362162416	0.0	0.0	
8.7787100398326	14.807833034802425	0.0	0.0	
29.521703473394528	2.4650814514194543	0.0	0.0	
11.430114620907066	0.8441631220033159	0.0	0.0	
8.084127775165129	2.6073198692435113	0.0	0.0	
8.21909288974825	30.207185673773417	0.0	0.0	
14.990709187873772	27.561313104777394	0.0	0.0	
29.3592678879802	17.63333635258214	0.0	0.0	
9.92140219177967	1.1346613475657321	0.0	0.0	
1.9129998153867298	14.716121279173333	0.0	0.0	
7.381558005873952	9.399544573890498	0.0	0.0	
24.816086897004983	9.777244510666407	0.0	0.0	
15.627729315143036	13.089442759663694	0.0	0.0	
20.50390218163316	21.883179148825175	0.0	0.0	
2.6936484315525426	15.537324291314015	0.0	0.0	
25.600607646475915	22.04364212080359	0.0	0.0	
0.8646573452567132	3.8753234958110383	0.0	0.0	
25.774852884700245	0.9423715161226305	0.0	0.0	
6.778975537183509	19.704054571094243	0.0	0.0	
4.644762354775484	6.840207995735998	0.0	0.0	
12.558928550348348	2.2142237849037336	0.0	0.0	
24.97990545569361	6.692475194077435	0.0	0.0	
5.034908960357946	10.912781556179013	0.0	0.0	
12.688380598686226	2.338025105217266	0.0	0.0	
28.873493597013045	12.055407447155897	0.0	0.0	
15.44261684408783	15.89238865343518	0.0	0.0	
17.744891114816046	22.256003961479884	0.0	0.0	
24.574986043723726	14.199561443723468	0.0	0.0	
29.868655586718756	21.578457468487105	0.0	0.0	
5.800886497341459	22.259081352557498	0.0	0.0	
12.221230912478966	21.792546392217208	0.0	0.0	
29.787240849337188	18.052841843387963	0.0	0.0	
15.982447205640348	9.023927270737953	0.0	0.0	
3.872880161161291	8.859234647322129	0.0	0.0	
11.15402349905737	10.01485028231546	0.0	0.0	
21.81248720037035	22.51563421756777	0.0	0.0	
7.533564151464635	21.694981836039428	0.0	0.0	
5.22890520873483	5.200480996863234	0.0	0.0	
5.99249238801595	5.7217156576858095	0.0	0.0	
20.41059495734847	31.561918982639323	0.0	0.0	
31.090562862627404	25.459377437195677	0.0	0.0	
3.8009050064327177	2.1652617934389475	0.0	0.0	
6.006655435093389	31.576940254865498	0.0	0.0	
0.29481820542021	27.44483290711352	0.0	0.0	
20.47577010032544	4.877861118052472	0.0	0.0	
27.4034248814488	17.152334940437147	0.0	0.0	
5.2119146285971105	10.35797557684868	0.0	0.0	
11.745362421658733	8.122577807300875	0.0	0.0	
9.60757153614697	10.687586406869116	0.0	0.0	
10.651785962185198	11.441832517212411	0.0	0.0	
12.873435400339584	21.543644320212398	0.0	0.0	
21.711836816185464	15.453549941074325	0.0	0.0	
23.332156015139688	26.95414874560117	0.0	0.0	
7.450201233646769	8.91822454586013	0.0	0.0	
15.735824183995518	1.272956421500563	0.0	0.0	
1.2105438988528974	18.41518722561799	0.0	0.0	
22.230316678320886	5.918939850184316	0.0	0.0	
24.193536320438707	7.4171743179746485	0.0	0.0	
30.914876287353355	8.033339877141774	0.0	0.0	
0.8181130519792212	2.121011136689951	0.0	0.0	
29.596281725800168	5.9863628183617905	0.0	0.0	
14.872012276892743	25.979258005509607	0.0	0.0	
13.336300666031999	19.18694339007698	0.0	0.0	
20.745814967224174	12.900254457689265	0.0	0.0	
9.736096679905927	26.904864163031444	0.0	0.0	
8.576430548821456	10.124021891057954	0.0	0.0	
7.99600179278611	28.507515949378487	0.0	0.0	
13.85174527333172	31.761444862254056	0.0	0.0	
0.1515909782600815	4.529473124225884	0.0	0.0	
19.524575697633388	14.214222223628514	0.0	0.0	
26.443777368819283	18.962790204513194	0.0	0.0	
6.423471625941801	13.046333289212992	0.0	0.0	
1.0181544078573985	12.538199034750615	0.0	0.0	
24.61380903143232	9.37651570465031	0.0	0.0	
5.665008748197781	1.2847573593702144	0.0	0.0	
13.417082118770235	22.988874961043607	0.0	0.0	
16.040633037388446	17.84897166274777	0.0	0.0	
23.514671141088805	9.065473227810706	0.0	0.0	
31.89613141666574	7.4537770401683225	0.0	0.0	
4.376939406071404	24.395119296529035	0.0	0.0	
21.493615865847875	13.74206720466082	0.0	0.0	
12.50933760690075	12.072418529013351	0.0	0.0	
30.68291838013624	26.00351256134913	0.0	0.0	
29.54710154146192	19.91749772878966	0.0	0.0	
30.845459355441587	17.544017592662875	0.0	0.0	
13.788369513980626	17.10252427962562	0.0	0.0	
15.362367740036401	7.329781399756325	0.0	0.0	
17.19359687276002	3.389013870112521	0.0	0.0	
6.622654265026842	7.692620855656596	0.0	0.0	
29.305829317787502	27.348455301549226	0.0	0.0	
3.4741194240453126	25.542563149374697	0.0	0.0	
15.228712175088361	23.64349118898218	0.0	0.0	
30.073746183461342	1.4861906156775824	0.0	0.0	
5.481324875953121	1.0605218637088711	0.0	0.0	
6.017599978199279	21.919487087869232	0.0	0.0	
2.27389917114467	30.43694713429889	0.0	0.0	
5.256600433134597	2.4437903278034447	0.0	0.0	
7.35010459990173	9.371311640736337	0.0	0.0	
15.350071972318474	5.854334743784257	0.0	0.0	
2.714924784240303	27.6817837865756	0.0	0.0	
5.368810753885207	9.359796033693137	0.0	0.0	
7.788715176607994	13.688110784344374	0.0	0.0	
17.73342048317247	21.457770885188797	0.0	0.0	
15.492324370855922	10.034574118791667	0.0	0.0	
20.179932953090162	15.955258153061745	0.0	0.0	
6.817547411162632	10.671372473642698	0.0	0.0	
12.26688714142756	29.664710767381624	0.0	0.0	
23.806805130529444	23.200946301500736	0.0	0.0	
28.019822763354114	5.565211529913242	0.0	0.0	
10.190543043915767	7.252212135557535	0.0	0.0	
24.528996656818837	7.554939656418025	0.0	0.0	
0.9909796888423301	8.383589075605975	0.0	0.0	
17.51956886741769	4.3691487471910015	0.0	0.0	
26.498794155779166	11.645806556233506	0.0	0.0	
30.574237710581798	11.214371312836718	0.0	0.0	
4.819868253195569	10.197162548474548	0.0	0.0	
15.651704229395552	24.001349619331872	0.0	0.0	
7.769487801378446	3.3437767941298517	0.0	0.0	
31.94101136935742	9.831647690278054	0.0	0.0	
0.553670259105953	15.342397390561995	0.0	0.0	
20.61097146591971	16.403282829834048	0.0	0.0	
24.15629769125976	13.165430349791492	0.0	0.0	
12.216243588907403	13.361774473214275	0.0	0.0	
25.74223041107871	22.10956395410885	0.0	0.0	
25.057728708627128	17.845286848192494	0.0	0.0	
5.494690015805233	0.4675686478622474	0.0	0.0	
15.403250320971154	22.371350748302042	0.0	0.0	
19.651394686609912	3.815122302925513	0.0	0.0	
23.284117271636276	16.961658063965242	0.0	0.0	
28.69697743415008	24.672245163980524	0.0	0.0	
9.728805059178601	7.003991531508138	0.0	0.0	
4.971095932625364	3.9814668867308747	0.0	0.0	
20.250527653410337	29.310454213540034	0.0	0.0	
7.096759645443324	5.943546634488939	0.0	0.0	
12.479067731431538	19.30347656421721	0.0	0.0	
17.281944852052778	22.01768363883199	0.0	0.0	
9.172989075294073	26.57490110103403	0.0	0.0	
22.578953818761434	4.0331192481626665	0.0	0.0	
17.97682023811317	25.33407817030888	0.0	0.0	
7.046388589599889	21.30728498045344	0.0	0.0	
19.107990513148398	18.526758785480357	0.0	0.0	
30.251362219534293	27.816950731241274	0.0	0.0	
21.559816223910836	20.08973412554522	0.0	0.0	
29.47884342308936	16.997842667379462	0.0	0.0	
1.5583184840420046	21.957285742023245	0.0	0.0	
25.459573463881398	17.591172509113015	0.0	0.0	
23.588883030303133	13.94361005635485	0.0	0.0	
3.3210084782420886	31.3675425884734	0.0	0.0	
24.57927938280707	28.431414343039528	0.0	0.0	
5.315639706668186	12.802629739899636	0.0	0.0	
27.825416652787073	29.241976628964547	0.0	0.0	
0.358554708376829	14.49251102113345	0.0	0.0	
19.49882375436092	6.017649587135484	0.0	0.0	
18.536344714187813	6.712189301228133	0.0	0.0	
26.900212220154675	13.285158102505164	0.0	0.0	
7.948451638413321	13.087234647624559	0.0	0.0	
4.694376022891621	31.367253753503903	0.0	0.0	
19.636323727831034	11.94487371830019	0.0	0.0	
15.372432757497663	11.023506814220575	0.0	0.0	
2.2133953433667592	28.8017328806747	0.0	0.0	
11.89318581434312	12.350197477763608	0.0	0.0	
31.29950170578988	4.652260033994239	0.0	0.0	
10.872711763211775	3.0568672928311926	0.0	0.0	
20.864593840648933	24.6748856405882	0.0	0.0	
20.58444606067057	14.76025695324314	0.0	0.0	
28.004746671133038	12.391560080874545	0.0	0.0	
13.966171893900345	14.769874661926636	0.0	0.0	
24.015452144676846	18.86296724243908	0.0	0.0	
5.248535151046038	16.86900273847664	0.0	0.0	
31.722396511795985	22.16999120124028	0.0	0.0	
26.949311518328486	31.33485270056277	0.0	0.0	
0.6227447614336725	6.326256458362057	0.0	0.0	
11.157449867971426	0.22937387715961677	0.0	0.0	
14.640921019307388	31.498127832513056	0.0	0.0	
17.344991092969455	23.08007168607969	0.0	0.0	
23.015154011845862	7.363989296177582	0.0	0.0	
3.8075027267673818	2.2679846044282677	0.0	0.0	
30.363049992059157	25.265222295541786	0.0	0.0	
19.81594383303354	25.86490127271845	0.0	0.0	
28.25763309763004	15.11785049343279	0.0	0.0	
12.87219657965149	13.214943980271407	0.0	0.0	
24.720796612759344	9.557345343689079	0.0	0.0	
1.9532288151673391	24.75516545923389	0.0	0.0	
2.82345247912043	0.8849064847579946	0.0	0.0	
15.896494652343627	0.8234321196643997	0.0	0.0	
18.53879777199976	3.3163481723646946	0.0	0.0	
29.154350184864214	10.40865173929253	0.0	0.0	
10.182054920529758	7.122953979632985	0.0	0.0	
5.999551093128002	0.6369990860970063	0.0	0.0	
27.296765723067345	10.10839544180412	0.0	0.0	
28.56184056113063	19.30639751967103	0.0	0.0	
2.0349713452700904	9.219064773373969	0.0	0.0	
1.2642812749903527	21.40104534539958	0.0	0.0	
26.80603235100845	6.532868966827277	0.0	0.0	
0.41056682755738194	13.877362788828606	0.0	0.0	
12.764978276097665	12.128617152873527	0.0	0.0	
9.49616449062842	30.305301133949154	0.0	0.0	
23.38352263299318	0.0421429371718709	0.0	0.0	
27.077223375983756	9.09056777683584	0.0	0.0	
5.814485005549418	14.94218160064473	0.0	0.0	
1.912096024428969	7.220274600590603	0.0	0.0	
16.42093780157001	20.4894531657127	0.0	0.0	
6.565844690311074	19.617184336141605	0.0	0.0	
27.727268072765355	1.8012956757440683	0.0	0.0	
2.8852206144207244	21.236280119727137	0.0	0.0	
31.63431711607859	21.691039348592977	0.0	0.0	
0.15170319412266053	14.40988112452219	0.0	0.0	
6.3944477448638715	14.544245604584923	0.0	0.0	
23.72042650213222	21.47699403067219	0.0	0.0	
23.55077999512003	17.985325146820223	0.0	0.0	
30.627122845880862	10.80167463403873	0.0	0.0	
1.1724510751575394	21.46352773145068	0.0	0.0	
19.29276237922908	2.495055901515258	0.0	0.0	
2.63136024935892	21.29735847613333	0.0	0.0	
18.12299679314136	11.996176830254793	0.0	0.0	
10.044003016791894	6.691934762099056	0.0	0.0	
8.355040935758396	19.410011927724383	0.0	0.0	
31.621448632974257	8.799720920388669	0.0	0.0	
25.187312526128487	8.533610920807941	0.0	0.0	
25.6053555521905	15.030636592543164	0.0	0.0	
11.999232828622052	27.250208274358513	0.0	0.0	
7.010911694802669	1.3536328646383566	0.0	0.0	
19.756591072804508	25.726739627416336	0.0	0.0	
6.448806202742606	1.6608855180462925	0.0	0.0	
3.490060449719202	14.77684546575085	0.0	0.0	
25.759132021855503	23.68771980798725	0.0	0.0	
16.70201499459365	12.212267027087027	0.0	0.0	
2.749916137960973	17.519063661791453	0.0	0.0	
22.40822206309865	8.644825003355688	0.0	0.0	
22.955265322243392	19.89621317242837	0.0	0.0	
25.47278736281687	29.957960391263562	0.0	0.0	
26.562698812676654	26.323117786455143	0.0	0.0	
22.401272334580856	28.628785393749453	0.0	0.0	
12.229012887469775	22.808080602409095	0.0	0.0	
23.52163931287254	14.575077816324384	0.0	0.0	
26.637604171482206	15.319614396532014	0.0	0.0	
12.562521872870146	8.526901120149756	0.0	0.0	
6.834473654841844	12.801160083990073	0.0	0.0	
7.581885734869491	24.636006114424344	0.0	0.0	
18.378628363402864	13.045643806868387	0.0	0.0	
18.00120831539046	8.49292296374849	0.0	0.0	
19.843503477548595	3.317093426656321	0.0	0.0	
28.07861459135366	6.651313162001994	0.0	0.0	
24.841745464160372	27.761473647122994	0.0	0.0	
29.093225076604178	18.7370492409537	0.0	0.0	
1.3811707576045826	7.620852148323948	0.0	0.0	
19.672575430677888	6.099875682523894	0.0	0.0	
21.502479339451227	27.50523254626467	0.0	0.0	
5.958732178929509	6.527266712892356	0.0	0.0	
18.868477824428872	29.49321494104769	0.0	0.0	
13.384823021305877	18.352611011845863	0.0	0.0	
26.989831024538915	18.82702927399939	0.0	0.0	
17.289430044534672	26.646470751930675	0.0	0.0	
21.377158931149392	27.13143919549447	0.0	0.0	
16.29949442449815	6.571722383947364	0.0	0.0	
21.63822278177624	19.704016314619704	0.0	0.0	
30.02877117862198	3.52026591000158	0.0	0.0	
1.6470330502458381	5.078146576757078	0.0	0.0	
29.606270164986636	11.756875374724292	0.0	0.0	
0.10665418450776443	29.418022560573583	0.0	0.0	
7.011590523923822	17.294181251419754	0.0	0.0	
6.0744296196642615	22.971548118352235	0.0	0.0	
21.111912612881632	23.37886616372281	0.0	0.0	
8.514262698863462	25.76347936898937	0.0	0.0	
22.695551203641156	15.439880134878923	0.0	0.0	
22.501097046467954	8.190230611729195	0.0	0.0	
22.140460216895434	2.656885144315389	0.0	0.0	
16.374772834764855	30.898176565868564	0.0	0.0	
31.04758720367845	0.4136080027924116	0.0	0.0	
9.299065764281245	13.2562615905589	0.0	0.0	
15.495886210488003	26.053628644947224	0.0	0.0	
9.609324295727326	30.378441658872166	0.0	0.0	
22.780007897938717	3.1668939153633566	0.0	0.0	
30.984348492699368	14.629258484512295	0.0	0.0	
16.099693066160448	4.387936544247477	0.0	0.0	
14.495543180118663	24.665067689701687	0.0	0.0	
10.602364301366276	23.38009358299394	0.0	0.0	
24.945415197680962	7.1682350261569425	0.0	0.0	
2.0563220615756244	6.17660481471556	0.0	0.0	
0.874464821495728	14.73608458988772	0.0	0.0	
9.861803429146256	0.9817336893139768	0.0	0.0	
12.413330907468254	12.65741761109972	0.0	0.0	
1.683588683902773	6.784435717691473	0.0	0.0	
8.949575344539639	26.984802241049344	0.0	0.0	
23.894498201521017	6.158265502399001	0.0	0.0	
27.930289274025245	5.1906535291019935	0.0	0.0	
21.57081524076629	11.083849513012456	0.0	0.0	
17.59629586610706	15.980165527264347	0.0	0.0	
24.302821738539524	4.21444164231583	0.0	0.0	
10.367450812967306	30.30444002418587	0.0	0.0	
3.6428760071958664	29.426690553747687	0.0	0.0	
7.545552786524603	18.434500094935228	0.0	0.0	
13.132122417660916	18.42714922342715	0.0	0.0	
6.249349909532558	21.63280726771194	0.0	0.0	
20.9074581354707	20.787388760297777	0.0	0.0	
20.116016254012017	29.095255323114536	0.0	0.0	
5.589294979726322	28.354724074819348	0.0	0.0	
8.655420667746132	16.693411188006166	0.0	0.0	
28.80876261470485	18.83285900573849	0.0	0.0	
20.178294671194895	18.177381608378756	0.0	0.0	
17.46023539646837	7.671413829471938	0.0	0.0	
12.035293135932072	21.691179999445414	0.0	0.0	
6.6830803471866425	18.528245807053914	0.0	0.0	
22.405176170799333	24.087534763943967	0.0	0.0	
15.237844226787093	15.069305107086258	0.0	0.0	
1.4602452341967052	22.955274078562585	0.0	0.0	
9.27243437657447	27.316590253010606	0.0	0.0	
10.6648348922499	20.064008249447824	0.0	0.0	
2.301814237222551	21.8942245814255	0.0	0.0	
22.116588553887343	3.80976904911979	0.0	0.0	
11.194654689338531	31.78067290128705	0.0	0.0	
24.6012271161987	16.721250188118034	0.0	0.0	
3.377843902093268	29.79944164873452	0.0	0.0	
5.191820190510676	2.439763598611222	0.0	0.0	
18.560661918196853	31.78449130705781	0.0	0.0	
31.32757323470429	7.886403607733715	0.0	0.0	
6.120195598175602	0.9404216516766652	0.0	0.0	
17.435875031525455	2.2687042621341043	0.0	0.0	
10.386670253302551	28.869741763057434	0.0	0.0	
26.02683313748418	4.70136264538877	0.0	0.0	
6.297162342838629	27.027030154241565	0.0	0.0	
7.231267098352319	0.237817174397982	0.0	0.0	
29.180989268755052	9.599538976982185	0.0	0.0	
25.29958485444569	19.20870826395022	0.0	0.0	
31.053832440802463	20.767817217121184	0.0	0.0	
6.73230774413614	6.891044808220766	0.0	0.0	
15.196953938635044	23.995424538784956	0.0	0.0	
31.23089614352936	10.687487121178453	0.0	0.0	
18.922554545462095	30.88430464803296	0.0	0.0	
14.252181145216984	14.84560110194223	0.0	0.0	
24.914926550375476	25.457274600892344	0.0	0.0	
27.72547894818349	16.3587534920082	0.0	0.0	
30.704592445040035	3.106744114100593	0.0	0.0	
21.910784344265576	3.209946935111212	0.0	0.0	
3.850104262131321	10.791443038765244	0.0	0.0	
4.782187096965377	18.22499191898047	0.0	0.0	
6.746443072807974	31.025173795005752	0.0	0.0	
21.13812401555669	1.0946179281411972	0.0	0.0	
2.1881957012787083	2.4105868654686873	0.0	0.0	
3.8678815120900722	0.7408719237409365	0.0	0.0	
20.03315104496119	28.610935320656953	0.0	0.0	
21.8239424840813	0.029742680284030598	0.0	0.0	
17.909126947610723	13.411187328500958	0.0	0.0	
10.779919783999862	20.86467430550679	0.0	0.0	
21.127028036693495	13.654872022919022	0.0	0.0	
25.833510351072487	21.767111325103645	0.0	0.0	
5.789655355872689	4.375090090018901	0.0	0.0	
20.44054603457691	30.6104602641806	0.0	0.0	
17.151836834178095	22.519767430581645	0.0	0.0	
5.263861010967787	19.765637748468208	0.0	0.0	
18.234713752204943	14.588605536520852	0.0	0.0	
11.079411219187818	0.5973747036265031	0.0	0.0	
3.9091094098287478	22.878280890972984	0.0	0.0	
1.8214073827337351	12.946274513567044	0.0	0.0	
8.344685864620097	14.61704842340201	0.0	0.0	
7.516946078391488	30.11721508216135	0.0	0.0	
13.888578408731465	14.307388636630591	0.0	0.0	
19.82548558373396	2.1968120952114454	0.0	0.0	
17.559889902160585	21.316619447889032	0.0	0.0	
14.407987362059242	0.6035286335418597	0.0	0.0	
13.430919701565994	28.38767153500188	0.0	0.0	
1.0820265543899943	24.97418637069457	0.0	0.0	
12.208774002748186	9.59337499033504	0.0	0.0	
18.609356816246954	26.996657131328885	0.0	0.0	
0.8055728866697542	29.018902476160733	0.0	0.0	
24.592994648813512	29.424664828084346	0.0	0.0	
0.2733427379673863	4.133599050798534	0.0	0.0	
19.00350083999577	23.36249017653593	0.0	0.0	
9.561894731157711	8.533901670853929	0.0	0.0	
24.064123928635983	19.062020819629314	0.0	0.0	
23.64582685776508	6.338261038640237	0.0	0.0	
18.525766451231107	5.283118586489724	0.0	0.0	
18.56390822950714	2.8817585140420476	0.0	0.0	
12.704890705836814	17.505310283769305	0.0	0.0	
1.727271237425878	5.9057017061586485	0.0	0.0	
5.549401075130703	25.938993166074223	0.0	0.0	
24.511800487019812	28.183802216623956	0.0	0.0	
23.936362747775412	13.258511815773716	0.0	0.0	
19.888646568583695	26.604823989683364	0.0	0.0	
31.282224507479153	19.000337743594706	0.0	0.0	
26.633861919869762	28.666184463773543	0.0	0.0	
1.0353458250402028	2.6524482065997255	0.0	0.0	
1.6235050895261445	30.895634858435656	0.0	0.0	
