2
32.0	0.0	0.0	0.0	
0.0	32.0	0.0	0.0	
31.94344787001329	15.727889356570586	0.0	0.0	
15.297290666227486	10.265804540830342	0.0	0.0	
10.642548772857964	26.975267459428093	0.0	0.0	
28.572281340472916	4.233157763213441	0.0	0.0	
29.114098583270295	1.1702370063944514	0.0	0.0	
16.874268405147603	30.390057925492037	0.0	0.0	
1.1359084574739455	24.641446192062492	0.0	0.0	
10.398955728587378	9.236768985673557	0.0	0.0	
1.2785911043918006	12.828135258567492	0.0	0.0	
14.429165149600106	3.082603794070671	0.0	0.0	
3.737418288780969	3.247457500056022	0.0	0.0	
0.5630676951868772	24.521125722691654	0.0	0.0	
8.798767995725314	0.2616186302485275	0.0	0.0	
9.07701016102958	8.808434731559071	0.0	0.0	
21.871602436999122	31.671475237987433	0.0	0.0	
10.638268517720824	12.492481157976986	0.0	0.0	
31.197831250563436	13.780254682524617	0.0	0.0	
9.40749972601752	27.37092511454019	0.0	0.0	
25.74709077493156	12.316490432861887	0.0	0.0	
16.498567964301586	0.7252010254126695	0.0	0.0	
17.262793530870486	19.347132592831198	0.0	0.0	
10.748742122821962	17.90447898171934	0.0	0.0	
0.2380806800310893	25.101443666252212	0.0	0.0	
1.6768716361014029	5.11870069351918	0.0	0.0	
15.540327904635728	3.2484951269964917	0.0	0.0	
24.656622283966293	7.643623339742572	0.0	0.0	
18.2789088705674	15.424806698613033	0.0	0.0	
26.216973494127725	9.501385479617717	0.0	0.0	
10.233777345932065	17.187797453341815	0.0	0.0	
17.554324890533646	3.5873618689144955	0.0	0.0	
27.81767593842652	25.789377419919838	0.0	0.0	
24.50500997918931	22.463054120392293	0.0	0.0	
22.522616996151324	28.345467683320198	0.0	0.0	
9.669481419781867	23.591419611339525	0.0	0.0	
28.89990692961658	4.130549962400394	0.0	0.0	
19.189577538860036	31.162287387197654	0.0	0.0	
11.144596534791248	17.42231195265142	0.0	0.0	
13.87026198202604	11.701287433989094	0.0	0.0	
23.115617489189006	16.4268883966642	0.0	0.0	
27.601671355319386	30.998698142352467	0.0	0.0	
14.666735265862766	5.860580998988695	0.0	0.0	
30.44538425859035	16.15442821074764	0.0	0.0	
28.301111164824334	28.14814961449107	0.0	0.0	
12.196692005575262	19.86362947788474	0.0	0.0	
5.271689012222815	24.57712589523656	0.0	0.0	
5.747902461984545	21.189789100076908	0.0	0.0	
2.492408037000704	29.80557583545355	0.0	0.0	
16.07079012389441	30.065657118856553	0.0	0.0	
28.441739425972983	21.897839708806316	0.0	0.0	
10.864610208607377	13.889570823832678	0.0	0.0	
14.386767309472368	24.128575492797914	0.0	0.0	
18.536831005150038	23.941331872987416	0.0	0.0	
23.91193430385138	23.67122319791115	0.0	0.0	
27.171858108111717	6.532813264824913	0.0	0.0	
26.69400156925686	16.49717808009255	0.0	0.0	
28.901137895845817	18.745139054340704	0.0	0.0	
8.982795295279953	7.68503814583816	0.0	0.0	
13.77372836049732	26.830400428651117	0.0	0.0	
2.8973345052773	4.373309133810363	0.0	0.0	
20.83047710843388	21.953112694060742	0.0	0.0	
25.181534697495927	2.4035914080090137	0.0	0.0	
24.139539181499345	31.867263654015957	0.0	0.0	
2.22946885880706	22.776241335825304	0.0	0.0	
11.13291949270468	31.387000700395486	0.0	0.0	
7.177581093045806	31.88036037255371	0.0	0.0	
13.78790854921721	0.16888788240924768	0.0	0.0	
5.046138721023599	15.353227648742962	0.0	0.0	
2.3929254950471943	14.420971765430298	0.0	0.0	
13.611481854758171	7.446349940080083	0.0	0.0	
0.6035185423657055	21.904814667010214	0.0	0.0	
8.587821271777525	20.224011364722607	0.0	0.0	
27.76510205383998	8.758774741199755	0.0	0.0	
25.471316147451684	24.02666073517527	0.0	0.0	
25.720394723434	22.47050551899613	0.0	0.0	
31.51742295373882	6.744569857659965	0.0	0.0	
22.314699110074542	27.231481828127404	0.0	0.0	
5.663628779257831	7.228431013837504	0.0	0.0	
30.703374795168166	29.47221713990486	0.0	0.0	
6.9619410579833385	18.42924452917978	0.0	0.0	
7.429111297012934	30.135508596117134	0.0	0.0	
7.788587644023028	14.759564209019164	0.0	0.0	
17.950152058032955	1.0592265944753336	0.0	0.0	
1.9453580800112604	14.59246275387623	0.0	0.0	
19.79915325421745	24.63122612337953	0.0	0.0	
1.4901252449943065	26.672823932422734	0.0	0.0	
10.194272914184271	27.69236178805025	0.0	0.0	
28.05684786191205	1.402048050810901	0.0	0.0	
26.593095437615162	8.439767170763432	0.0	0.0	
4.86089130009978	0.02378593613682156	0.0	0.0	
2.992299946226712	15.878659965367113	0.0	0.0	
20.275227925898957	20.333139284196363	0.0	0.0	
23.267941726964622	8.71942491531949	0.0	0.0	
3.05574286327332	1.0130877628413266	0.0	0.0	
5.208727560561652	10.181640154358305	0.0	0.0	
14.58082036187853	29.971365400789903	0.0	0.0	
22.279860019619168	27.589474802916712	0.0	0.0	
1.345370138677719	3.2964339225357655	0.0	0.0	
2.8479465196788283	25.19004715396721	0.0	0.0	
10.279295025156038	14.528664656849504	0.0	0.0	
29.985455354934057	4.946905773537004	0.0	0.0	
2.047935752386106	7.061049994568371	0.0	0.0	
7.7657676047198585	21.864278611060413	0.0	0.0	
26.768230825084576	20.737992961084593	0.0	0.0	
11.531704894278278	1.3579972188074798	0.0	0.0	
21.312397345100912	15.598692310149666	0.0	0.0	
1.791796390158968	26.271602983610688	0.0	0.0	
15.465997251898393	24.028426994865566	0.0	0.0	
3.795979369481561	6.980527291141637	0.0	0.0	
8.993794168751851	28.69531526313624	0.0	0.0	
4.069618044078776	28.948422299041482	0.0	0.0	
4.552500393181763	0.8879829881864048	0.0	0.0	
9.532477890053663	24.455245183118063	0.0	0.0	
30.104906388028617	8.929512277220738	0.0	0.0	
10.304745673736647	8.157142311441216	0.0	0.0	
31.23443158180535	16.44507666197905	0.0	0.0	
20.546659010975706	14.323131460036631	0.0	0.0	
21.026015808383907	19.413298171358154	0.0	0.0	
16.06455153942448	21.82231551861914	0.0	0.0	
17.709327181000827	20.610139177467243	0.0	0.0	
26.14716574282609	21.993578004283574	0.0	0.0	
31.403947183653102	1.463090898590881	0.0	0.0	
22.370384385394207	11.226317188658445	0.0	0.0	
21.42315293052921	16.93962074462706	0.0	0.0	
25.477472512423688	29.304234448390513	0.0	0.0	
12.815437552255545	28.994870344534693	0.0	0.0	
9.893996329387033	8.461961193900809	0.0	0.0	
28.250321823690935	9.803886509675536	0.0	0.0	
31.612825477813495	27.636249122993405	0.0	0.0	
28.949151462790386	5.867674432140831	0.0	0.0	
2.938334594704237	17.867441516732246	0.0	0.0	
29.17088565152167	9.043212669617699	0.0	0.0	
4.938605129563211	19.17719382914202	0.0	0.0	
4.444703349109215	13.704471877464975	0.0	0.0	
4.517518353661721	24.528788522001665	0.0	0.0	
4.4377294936216884	31.50204663012093	0.0	0.0	
3.989509215733193	15.834916085500339	0.0	0.0	
30.577418021312184	6.9872214896278955	0.0	0.0	
26.029834992491626	14.833809081214014	0.0	0.0	
23.2069589946041	22.711974270042326	0.0	0.0	
28.355848647153586	26.478809239580173	0.0	0.0	
21.170403711052312	2.831197525716462	0.0	0.0	
4.041183417705533	26.310303702688483	0.0	0.0	
10.234285587122617	18.61992629766385	0.0	0.0	
11.164908783071994	3.9791122939504433	0.0	0.0	
0.7467549693870552	13.332620418041088	0.0	0.0	
17.610710621701706	15.739283088574435	0.0	0.0	
13.57439587479464	24.18478027507765	0.0	0.0	
25.45794131041744	25.897249896622544	0.0	0.0	
15.769837770745578	14.593471919536011	0.0	0.0	
14.863490102695923	18.327498948019215	0.0	0.0	
16.28225984066066	5.441436167345721	0.0	0.0	
1.0509910584551498	12.699021626214932	0.0	0.0	
8.544846601951257	20.07930187236473	0.0	0.0	
10.184418130889771	9.686662204850133	0.0	0.0	
29.430170404904118	18.731608220355366	0.0	0.0	
14.679411319964494	29.801105045534136	0.0	0.0	
3.2978580326305824	2.3296165526633423	0.0	0.0	
30.082897861761776	23.55037360468825	0.0	0.0	
20.950398845555647	4.481884349038733	0.0	0.0	
27.427388234574032	22.64692662483187	0.0	0.0	
24.16043811874275	6.683788731290228	0.0	0.0	
4.141977330579834	14.160473058746614	0.0	0.0	
26.284593510810396	23.208640451985623	0.0	0.0	
16.019614465185615	5.66573316623893	0.0	0.0	
1.8643170257063808	7.051432888751435	0.0	0.0	
24.71144464061027	28.141992291742458	0.0	0.0	
30.439991889467574	23.79545920653651	0.0	0.0	
7.841103043588944	6.579252390155293	0.0	0.0	
0.06354184243226157	13.019728758897681	0.0	0.0	
6.332630607477526	8.001134279031845	0.0	0.0	
17.394025675697023	13.877397261647452	0.0	0.0	
13.713358695435016	20.999783457242376	0.0	0.0	
18.786414006264263	10.104334973372435	0.0	0.0	
23.911755921092855	17.62256538315593	0.0	0.0	
24.480195941127466	18.667209882218355	0.0	0.0	
0.7964994130326808	21.55767910069032	0.0	0.0	
6.403063081462346	15.52521798103292	0.0	0.0	
20.33130967016984	1.4604138022855082	0.0	0.0	
22.295443411825936	14.94482715609525	0.0	0.0	
23.81965722762953	24.08031783633732	0.0	0.0	
6.390149835420829	0.4265682683675074	0.0	0.0	
31.485588639362046	30.495004542151435	0.0	0.0	
13.881296829943999	12.961328995128877	0.0	0.0	
0.8065488143938389	22.888675103449042	0.0	0.0	
1.6552360907913553	7.479714703289787	0.0	0.0	
7.754677000844072	8.102445672226686	0.0	0.0	
7.081502157503692	2.5613642091656708	0.0	0.0	
1.3420254343802291	1.6611287004653512	0.0	0.0	
12.788919934435029	24.919363890016033	0.0	0.0	
26.509990193593186	26.51580985127283	0.0	0.0	
20.140371633478196	11.692128152458722	0.0	0.0	
15.22307433599983	14.154045951306522	0.0	0.0	
27.184954519234594	1.7127748822151432	0.0	0.0	
24.462462204360296	23.246559590598462	0.0	0.0	
21.919906871849303	15.906556131136242	0.0	0.0	
0.6493008895725225	11.228717485390781	0.0	0.0	
20.277134250624094	28.94432271205537	0.0	0.0	
9.872832686417123	20.93814362428769	0.0	0.0	
0.7819354291841698	21.476486964381166	0.0	0.0	
23.765321656787602	7.028097170391344	0.0	0.0	
28.81301916451678	12.24550373984733	0.0	0.0	
31.46138937545653	2.9559833764756362	0.0	0.0	
4.8426665725886835	12.251170621017579	0.0	0.0	
16.893466129630685	17.370541802860444	0.0	0.0	
20.843756991301237	20.41492554030792	0.0	0.0	
9.861369972563203	14.11868870192901	0.0	0.0	
30.445956776092554	27.91031189283998	0.0	0.0	
21.845752485184075	23.015808577004663	0.0	0.0	
18.95616216262556	8.451387994776244	0.0	0.0	
20.281818973063416	29.970970004843135	0.0	0.0	
7.527438835257254	18.447174448345724	0.0	0.0	
12.261320410414918	28.253969175886546	0.0	0.0	
30.953034633242396	5.320083698443458	0.0	0.0	
3.8181722914128606	11.592494430496508	0.0	0.0	
31.89279520188527	2.0791515112133894	0.0	0.0	
17.358841159265015	1.3341647504689682	0.0	0.0	
3.1488772862699257	29.090350779557085	0.0	0.0	
17.415948550030084	24.419380646470323	0.0	0.0	
12.66502347948311	22.19478749750835	0.0	0.0	
5.7626077375515585	11.384093041533909	0.0	0.0	
14.453510472087327	13.515962611591409	0.0	0.0	
19.891050340395893	26.28595330934894	0.0	0.0	
9.317171598951361	21.60672144320922	0.0	0.0	
7.134331949146606	18.847368057536986	0.0	0.0	
15.28777463515549	3.0337098872594126	0.0	0.0	
11.79868260293663	12.354055327305684	0.0	0.0	
11.916819251022119	6.852188520612447	0.0	0.0	
26.063100975044346	13.52529109709167	0.0	0.0	
6.458406937062943	8.475521115994727	0.0	0.0	
22.99273991156425	29.469172370682756	0.0	0.0	
6.283876733371844	22.11511311510115	0.0	0.0	
8.848394206378671	25.732268630544382	0.0	0.0	
29.56069038949314	21.40062545423078	0.0	0.0	
4.905903292381556	22.52955835528391	0.0	0.0	
17.352657914448226	2.2915701403587256	0.0	0.0	
28.965008796066513	2.398245966306302	0.0	0.0	
21.723148102847436	10.848948730469399	0.0	0.0	
31.04625553230536	3.6279115073062833	0.0	0.0	
11.94004055764303	17.453080429917062	0.0	0.0	
25.951973022704077	3.5523058712746867	0.0	0.0	
22.99094665134134	29.08038147931725	0.0	0.0	
11.935863030885855	30.22170045443134	0.0	0.0	
0.9526553432202469	16.11930183990576	0.0	0.0	
26.599288271608817	30.93101707760304	0.0	0.0	
25.11172524893287	5.881084999047324	0.0	0.0	
14.852609689125266	1.0450436458316759	0.0	0.0	
23.158058183934706	27.950574033359057	0.0	0.0	
31.47719434022271	31.792262794884753	0.0	0.0	
26.665694259778174	28.05602337135487	0.0	0.0	
22.18712988017193	15.05766642289046	0.0	0.0	
4.230669227863142	7.377468165889766	0.0	0.0	
21.436690127405644	8.474698728371955	0.0	0.0	
7.503324205940402	17.773320566242813	0.0	0.0	
22.232888848790694	14.422201526515593	0.0	0.0	
9.920017036661257	26.48646227537026	0.0	0.0	
13.689411468278642	21.68266053816322	0.0	0.0	
20.136394965370023	31.437100107838003	0.0	0.0	
9.408634837354523	6.213703514185891	0.0	0.0	
29.250634543361397	4.087732653759133	0.0	0.0	
30.532672024944187	2.6684917899478755	0.0	0.0	
31.5268649724753	27.860028643332605	0.0	0.0	
20.145812242717383	10.226472163048548	0.0	0.0	
24.280349592686587	1.5014783433616863	0.0	0.0	
29.85822027708198	5.619361339849956	0.0	0.0	
8.396731735157378	22.921056271260863	0.0	0.0	
15.000501725244245	28.65701935610165	0.0	0.0	
6.917987598971138	4.155728357423058	0.0	0.0	
7.09170686879386	2.392482626092626	0.0	0.0	
17.113584014057828	30.678189416229838	0.0	0.0	
29.060002272864146	3.475586171757481	0.0	0.0	
1.8288303587516772	29.68650125466644	0.0	0.0	
12.142754419973812	4.700427298786863	0.0	0.0	
18.80877440210345	10.862110754334779	0.0	0.0	
14.464728533365601	19.234236558683545	0.0	0.0	
27.043359881174602	8.9639848327025	0.0	0.0	
29.966296326577634	13.16132861151534	0.0	0.0	
29.890632576672964	16.49511399377839	0.0	0.0	
27.45848276243007	22.796020459386007	0.0	0.0	
1.3661233900333123	25.576963753387705	0.0	0.0	
18.279350314801594	29.056384974095153	0.0	0.0	
24.647072659756294	7.271470023690593	0.0	0.0	
23.783153899501155	27.174704535907484	0.0	0.0	
19.933179566253372	25.3901843390377	0.0	0.0	
1.1856970120539039	15.026131434774783	0.0	0.0	
3.5871982360792636	31.51399731799729	0.0	0.0	
21.33597071159486	11.366637972170729	0.0	0.0	
13.427734194187028	30.64630768277613	0.0	0.0	
9.282403494567173	16.62968398130308	0.0	0.0	
5.727949910922664	31.690332511589116	0.0	0.0	
8.819634117520554	9.406610131083383	0.0	0.0	
3.718267512626255	2.1338524660703833	0.0	0.0	
17.604885825259988	16.9691779288191	0.0	0.0	
23.826188797651607	20.43020177868885	0.0	0.0	
31.17718442160216	15.148256407543084	0.0	0.0	
22.362150866977586	3.6958173112617843	0.0	0.0	
6.130324628272749	10.836330477613402	0.0	0.0	
5.737058297020205	15.35337182761613	0.0	0.0	
23.694667733181678	8.282268846826792	0.0	0.0	
16.595154698660995	11.238029910461378	0.0	0.0	
30.370040405863996	8.555440504840583	0.0	0.0	
25.916911423428964	5.305830668415059	0.0	0.0	
20.17775445796228	8.168650825873652	0.0	0.0	
4.447196628653977	19.175536156962725	0.0	0.0	
5.706698083129421	16.30645140001665	0.0	0.0	
20.818391384643053	23.368586723462357	0.0	0.0	
8.369090375557555	9.986161808605601	0.0	0.0	
0.6881666122558059	15.038654306883146	0.0	0.0	
31.978030016658867	0.6059175680921882	0.0	0.0	
29.24901708845102	16.25551933308497	0.0	0.0	
28.077574696550904	9.06069899341383	0.0	0.0	
29.551508558475643	9.051676618061695	0.0	0.0	
29.182174498841075	17.39638673002409	0.0	0.0	
29.640223077369633	17.01763452418379	0.0	0.0	
27.462019121573572	24.004012197122936	0.0	0.0	
20.578109991057193	16.540236706543844	0.0	0.0	
29.581599771204928	12.267650848680514	0.0	0.0	
13.341215868689844	22.548561553015638	0.0	0.0	
31.36422233952226	14.317005586544607	0.0	0.0	
11.366831259925274	1.0516408545277507	0.0	0.0	
3.3301792114810347	2.8218111184239767	0.0	0.0	
23.374663830496864	20.409126584450075	0.0	0.0	
6.5454179757187845	0.5542211301372824	0.0	0.0	
19.707583578518854	3.386989978018608	0.0	0.0	
9.630709371707987	2.270419069536924	0.0	0.0	
25.36473487954701	10.592587519756691	0.0	0.0	
0.8034517975393065	18.7567620909226	0.0	0.0	
6.5473733101725635	14.057531267466594	0.0	0.0	
4.0409534763108645	27.965204993801887	0.0	0.0	
8.151590793616009	15.573688648442019	0.0	0.0	
15.72287068206014	2.3197759013429824	0.0	0.0	
6.451609138614774	25.008717793608913	0.0	0.0	
25.40695212037576	19.70669106726517	0.0	0.0	
19.571781953464	7.617454308554592	0.0	0.0	
9.682150763146229	26.489028369011532	0.0	0.0	
10.214988767901946	8.446732856711101	0.0	0.0	
26.291864087929564	9.353609786046459	0.0	0.0	
26.00767086881979	17.401861329515175	0.0	0.0	
22.652564894346767	23.050982116752444	0.0	0.0	
22.298290148534974	13.473975439544844	0.0	0.0	
10.228146869245698	5.593532634939734	0.0	0.0	
17.614656594390528	6.9129686496737115	0.0	0.0	
14.644880290154237	8.516477230665565	0.0	0.0	
24.366583346226935	0.5097750766958526	0.0	0.0	
16.50237067634413	14.930401916552338	0.0	0.0	
19.256180351575257	0.596983732338753	0.0	0.0	
27.413150317179102	21.40847165892264	0.0	0.0	
19.406363576918313	19.78451948493936	0.0	0.0	
9.249206710692992	11.588071894441956	0.0	0.0	
25.757280090063073	23.731451900628567	0.0	0.0	
26.72579645154248	12.93985591319732	0.0	0.0	
21.586575575548782	10.74063656189158	0.0	0.0	
17.604179989784303	14.315513788308465	0.0	0.0	
8.153131924456407	6.091322694895197	0.0	0.0	
10.761865768774829	26.96217586381664	0.0	0.0	
15.477111923447236	6.196693924961178	0.0	0.0	
25.384220450476477	2.660425066965427	0.0	0.0	
0.3540179336123863	16.228860828998933	0.0	0.0	
19.154598028399764	31.140792630463775	0.0	0.0	
25.902572288025176	25.45577000566485	0.0	0.0	
22.668946168076435	8.647917900734264	0.0	0.0	
5.257227050397599	22.460771173609416	0.0	0.0	
16.685526479996508	18.96058344861802	0.0	0.0	
16.873386049179025	6.979370180278693	0.0	0.0	
16.635176769763863	17.76422161116872	0.0	0.0	
4.6160847082599865	21.695759188786347	0.0	0.0	
2.7498218597131725	23.376945062281315	0.0	0.0	
25.406865364074168	8.015722965369335	0.0	0.0	
13.029784633738707	22.190004736292597	0.0	0.0	
23.520855857656272	12.302546241949436	0.0	0.0	
17.187125902697932	29.375190863039574	0.0	0.0	
31.347903835822834	13.383450818165755	0.0	0.0	
3.2450403720520278	8.984015499642936	0.0	0.0	
20.075140149630304	19.305205367661497	0.0	0.0	
2.218900217696614	2.0471489232328857	0.0	0.0	
4.788459516663064	14.210023896194485	0.0	0.0	
14.462474844851009	9.244717581333976	0.0	0.0	
31.32315097259379	3.130464979108787	0.0	0.0	
29.779896602123294	24.712984881212613	0.0	0.0	
21.322547008083394	19.7878558286962	0.0	0.0	
24.699832381112145	1.6031891046155877	0.0	0.0	
17.08899444987718	17.854613181375175	0.0	0.0	
10.827311749144439	14.447897159557243	0.0	0.0	
2.6502471573435145	14.397413966711103	0.0	0.0	
28.22962935081575	20.497941936413202	0.0	0.0	
30.89599874619114	19.358628874462212	0.0	0.0	
5.21182118748759	3.421303060475367	0.0	0.0	
25.94010032436982	11.99730579533388	0.0	0.0	
19.39963183294154	3.094084748738698	0.0	0.0	
15.780575359967603	18.24285838168317	0.0	0.0	
24.500266296348585	30.881492020526576	0.0	0.0	
3.257230938249336	16.283231696518257	0.0	0.0	
20.52150884220306	23.38960302865308	0.0	0.0	
7.365895392862711	20.511928044785652	0.0	0.0	
16.43823212061304	14.536186556539743	0.0	0.0	
17.84341815233574	19.1781267106073	0.0	0.0	
17.019887214492954	29.855110316885224	0.0	0.0	
2.522114410120775	21.824149077450095	0.0	0.0	
26.85975241155119	19.11606700527728	0.0	0.0	
28.489812109610074	11.870295239512927	0.0	0.0	
14.63339095514851	13.354361455285531	0.0	0.0	
25.384568443620047	28.012806990673212	0.0	0.0	
30.061093000709715	1.1952865356790419	0.0	0.0	
8.675033759992424	16.76042971574917	0.0	0.0	
10.701751876483684	23.292584407841094	0.0	0.0	
4.8691567878375075	0.9795755641829338	0.0	0.0	
30.60120461821998	8.965838230590172	0.0	0.0	
21.249308017666543	14.600802660658118	0.0	0.0	
28.636486927054577	18.112632748945394	0.0	0.0	
5.914577532470279	19.94884682590031	0.0	0.0	
0.6339582985562195	2.999534030811276	0.0	0.0	
2.4623126130518607	28.95331359043262	0.0	0.0	
22.654360948131398	6.98488069914432	0.0	0.0	
15.452872135935586	17.118413444839007	0.0	0.0	
23.544163011153863	3.7122618648528807	0.0	0.0	
4.4493490432581275	28.72507217070588	0.0	0.0	
21.033231443559707	19.304717246632382	0.0	0.0	
3.993295313870675	0.49423758858787536	0.0	0.0	
8.586905599369718	5.945176711678556	0.0	0.0	
21.950590769644798	18.855760460447307	0.0	0.0	
18.30166435621147	1.2153928737829744	0.0	0.0	
30.95948255705173	30.026571096334866	0.0	0.0	
13.528028781154429	27.693391289615633	0.0	0.0	
8.08476789440947	7.504568426708673	0.0	0.0	
24.283432190177038	21.840739278636782	0.0	0.0	
31.706461735757152	27.400193990128084	0.0	0.0	
0.577425569738395	26.40622702794059	0.0	0.0	
4.604138250247718	25.406288652966715	0.0	0.0	
1.7890219165809853	14.707910115476569	0.0	0.0	
9.519444466262168	19.78566214296595	0.0	0.0	
11.034382664512624	11.948216400877865	0.0	0.0	
6.368021538861765	23.45931129332643	0.0	0.0	
20.512444934779285	23.525231548793226	0.0	0.0	
4.698137200037415	21.46435177700604	0.0	0.0	
9.226211399039784	27.329558666125354	0.0	0.0	
10.459242841250774	2.0153466425276036	0.0	0.0	
0.06081567084247652	17.18146103993988	0.0	0.0	
10.388067862130153	14.509688052588448	0.0	0.0	
22.047796295811423	15.119704923775771	0.0	0.0	
17.55271331059047	11.486788857918832	0.0	0.0	
17.855854160196685	12.249216000348397	0.0	0.0	
27.07374550446938	16.74756584927579	0.0	0.0	
24.069836350731382	18.187944817038318	0.0	0.0	
19.654682483494515	6.4573479045442745	0.0	0.0	
11.779071272578324	12.01884032077302	0.0	0.0	
20.4053646474844	17.90466442346736	0.0	0.0	
20.04321162167991	22.773926967383577	0.0	0.0	
28.812496094266404	31.213762280177683	0.0	0.0	
14.10233242452798	5.882928348963667	0.0	0.0	
31.808932394250483	20.743487550944785	0.0	0.0	
1.2704107158124387	15.284489049038488	0.0	0.0	
4.888280392587877	20.080991817138447	0.0	0.0	
29.17248727402668	9.895349539562673	0.0	0.0	
22.718676136658804	13.905593428666002	0.0	0.0	
19.715823961461126	8.356971624911996	0.0	0.0	
26.62748635656278	24.553688000307098	0.0	0.0	
6.34642598969771	31.805946864482447	0.0	0.0	
30.09626418829361	0.1775245397121772	0.0	0.0	
22.581104324776845	18.20677169226683	0.0	0.0	
12.208553666027331	26.04419362074991	0.0	0.0	
8.73291824014985	23.952672506736047	0.0	0.0	
20.002675399220152	4.213861365509018	0.0	0.0	
18.690809395908577	12.134281122875802	0.0	0.0	
18.368932996581893	23.796105654211146	0.0	0.0	
31.925785133683846	4.172506281801752	0.0	0.0	
0.29057691821229525	28.454675159569526	0.0	0.0	
10.491307262198063	4.396836932176949	0.0	0.0	
30.213452367965417	15.748439802959357	0.0	0.0	
2.1430020926764968	22.41106957870838	0.0	0.0	
26.390369484711925	6.883734721824233	0.0	0.0	
28.463948999823035	13.181436029149253	0.0	0.0	
9.264599454118365	12.92621945930308	0.0	0.0	
25.748617935150914	31.962669025461892	0.0	0.0	
7.743328423806208	31.540028780728203	0.0	0.0	
4.653978495041706	19.12563612909481	0.0	0.0	
29.924885157687402	12.827926788267181	0.0	0.0	
16.591352498725637	2.60391481906764	0.0	0.0	
1.045826203458585	17.428592527783334	0.0	0.0	
21.81766526355524	11.971626288512535	0.0	0.0	
10.401882956846027	0.11303738671017527	0.0	0.0	
4.4698937298348795	11.441877058630915	0.0	0.0	
28.840021719909814	15.597867720184937	0.0	0.0	
21.671370583100515	18.13599908598243	0.0	0.0	
7.536722348413914	30.015316398432407	0.0	0.0	
13.342395314279955	17.78354510502163	0.0	0.0	
13.60875664867853	14.233202784164469	0.0	0.0	
25.114208147120785	13.25390932852444	0.0	0.0	
31.27370826957515	6.796893370760454	0.0	0.0	
4.572882465847343	30.745212008355548	0.0	0.0	
16.947090883379136	22.67451591824812	0.0	0.0	
10.896030672551369	16.51342916751926	0.0	0.0	
21.341475288167583	28.277252107067632	0.0	0.0	
19.536954179435302	4.1398468911578234	0.0	0.0	
24.340315646316064	6.007392874155318	0.0	0.0	
11.376581667592603	18.01096463290728	0.0	0.0	
31.065088571503473	13.23970184117314	0.0	0.0	
4.379520996559023	14.015166522271954	0.0	0.0	
31.04996778549251	19.589940575053536	0.0	0.0	
2.7655125481016967	14.124884212583261	0.0	0.0	
16.87841931790076	18.473480280932137	0.0	0.0	
26.256508670331407	28.32931919153946	0.0	0.0	
16.880844658594345	28.082271224363414	0.0	0.0	
6.670855466184097	4.039804061871472	0.0	0.0	
4.936377795431145	12.77834260326265	0.0	0.0	
18.90594464207977	12.997521680956616	0.0	0.0	
23.024780076445243	15.919164470418398	0.0	0.0	
15.36507764923239	9.51549594756614	0.0	0.0	
26.47230204893033	22.95864111058527	0.0	0.0	
0.06610071428090336	11.629414116788393	0.0	0.0	
14.88087589145902	6.074173533233687	0.0	0.0	
19.75684371169303	5.936557139034484	0.0	0.0	
24.08747207140436	26.508226580519803	0.0	0.0	
30.503094153482525	9.021514089866514	0.0	0.0	
20.6869159280352	18.329812045019498	0.0	0.0	
4.132362323409215	31.926225124555664	0.0	0.0	
22.987988092455705	23.251784555888936	0.0	0.0	
3.8331908446409813	6.6680556426551725	0.0	0.0	
27.133625483961843	31.348515957698122	0.0	0.0	
30.372899768982492	4.816662481110285	0.0	0.0	
15.675276523149119	31.58452918209459	0.0	0.0	
14.924933720112488	16.64104358389142	0.0	0.0	
21.885431303502415	22.973571639932416	0.0	0.0	
23.23767299724404	18.542349324571187	0.0	0.0	
26.222691569684635	0.3760183274104527	0.0	0.0	
22.65754831873348	28.972171507809104	0.0	0.0	
3.9292757067870205	21.675946005403443	0.0	0.0	
24.17821771904675	27.863550226193553	0.0	0.0	
12.364841584705974	20.782124757903553	0.0	0.0	
2.5021767702543762	8.200410050208095	0.0	0.0	
26.65390641851063	26.014754451030463	0.0	0.0	
28.301486868541893	5.922969582871943	0.0	0.0	
0.34838974874639916	15.478421565619534	0.0	0.0	
1.5228349828654473	11.456678142726958	0.0	0.0	
27.546333135454738	22.845076732969943	0.0	0.0	
26.677516321604287	12.363430303945108	0.0	0.0	
18.394303778600616	25.22560458589481	0.0	0.0	
1.3474018645233912	29.224470991305616	0.0	0.0	
29.95518268742988	9.524264607260896	0.0	0.0	
9.142057039959013	24.998279177610392	0.0	0.0	
29.297136957080113	18.21860880555145	0.0	0.0	
17.51123891332704	2.5976486709893365	0.0	0.0	
24.539648760526394	11.228752840982498	0.0	0.0	
12.183296764473912	17.400602965458315	0.0	0.0	
7.7900889886251115	17.86263555016437	0.0	0.0	
2.15872486029566	20.312543356564177	0.0	0.0	
17.433553326609577	14.75188439948339	0.0	0.0	
23.706696961283104	2.183721241450904	0.0	0.0	
31.88438193286654	21.545015702737548	0.0	0.0	
11.2510713794514	1.1750959199605155	0.0	0.0	
6.259041178197883	10.568469353711059	0.0	0.0	
6.082593383705998	5.330981500600242	0.0	0.0	
6.232281901619999	20.39516935754381	0.0	0.0	
22.484517777068607	17.465559524114315	0.0	0.0	
13.979172255865876	3.1195329853288385	0.0	0.0	
14.330997663400012	14.579285260407374	0.0	0.0	
26.80923628130832	7.779754331115576	0.0	0.0	
16.60319519763001	19.076363908562037	0.0	0.0	
16.21438437402577	10.638558226326854	0.0	0.0	
14.705942570765153	22.18776876637786	0.0	0.0	
26.690868087565562	16.848827498228733	0.0	0.0	
10.79875029105581	29.472998462369723	0.0	0.0	
19.876420448636843	18.00462862410027	0.0	0.0	
27.049359931088123	23.176990781387776	0.0	0.0	
15.527008816158144	5.198999391359521	0.0	0.0	
21.552637949900006	19.462758954943745	0.0	0.0	
16.282448064043514	16.25656095326703	0.0	0.0	
1.5925894076263134	2.352151218261003	0.0	0.0	
22.570243458864926	21.234739603573733	0.0	0.0	
7.452688627259764	0.6834268206670586	0.0	0.0	
24.79291159055896	10.005063033019944	0.0	0.0	
21.334224176656825	21.285867439496208	0.0	0.0	
0.6861345899199058	7.127480593959412	0.0	0.0	
6.002973325775592	23.878375814875103	0.0	0.0	
18.680233577015468	0.5700119216949489	0.0	0.0	
2.630424674952195	20.84712044791323	0.0	0.0	
20.997695421804753	14.682791642620945	0.0	0.0	
0.4436221621042691	8.962816208863764	0.0	0.0	
21.566490187587068	13.290982718114478	0.0	0.0	
27.801792522777323	16.10057526210559	0.0	0.0	
13.90807059477362	18.37278648871786	0.0	0.0	
8.287491155296564	22.874274298291017	0.0	0.0	
7.491159314414023	17.804492553279253	0.0	0.0	
19.773932328490666	31.42291658846467	0.0	0.0	
0.8490547411516509	4.5531565644328325	0.0	0.0	
16.687370772959145	26.553398355161725	0.0	0.0	
11.169492010583706	27.084395048685995	0.0	0.0	
23.029267831964884	24.50040725393479	0.0	0.0	
3.900650805532237	3.0288049117650786	0.0	0.0	
19.73133649424728	14.085456616472907	0.0	0.0	
0.7110244051146815	18.169277296237674	0.0	0.0	
5.7112258290525055	10.71993861753172	0.0	0.0	
24.23155002520358	8.013003491181077	0.0	0.0	
5.648873969805955	6.404581375024517	0.0	0.0	
17.505757935481594	10.887417990421898	0.0	0.0	
16.6225082079426	19.788621472047048	0.0	0.0	
30.25905279991909	13.680811562449275	0.0	0.0	
7.180805330603089	23.363645537025686	0.0	0.0	
28.567940919232452	6.197234007412025	0.0	0.0	
11.392446061325366	7.4083659406814455	0.0	0.0	
23.727703155914078	26.901465434308072	0.0	0.0	
18.429722543476462	19.786075558107996	0.0	0.0	
2.417697830030381	30.999191952506706	0.0	0.0	
27.392245412833542	2.8989782363374452	0.0	0.0	
7.040567072074072	30.080363838887607	0.0	0.0	
22.622999757861926	20.38782698905019	0.0	0.0	
30.00005106050266	28.782870373921895	0.0	0.0	
3.8270474920415154	19.930349716901908	0.0	0.0	
28.768562019349076	19.3211314990089	0.0	0.0	
31.250053068301614	9.683548698217798	0.0	0.0	
27.170882650068624	4.733020240344491	0.0	0.0	
27.97324306448415	27.349433554577807	0.0	0.0	
10.349613203305687	18.099257716075687	0.0	0.0	
4.445511908794252	30.534990924822072	0.0	0.0	
2.1836313567502685	8.74790883988151	0.0	0.0	
0.052289667520994954	11.047226496958917	0.0	0.0	
1.1814093520628397	26.081074191697905	0.0	0.0	
15.283152688860927	29.44974755646638	0.0	0.0	
21.136493874283385	11.235246533263485	0.0	0.0	
18.76045669730091	1.6993970270767385	0.0	0.0	
22.71708201990927	13.671223139289353	0.0	0.0	
3.699886660379285	9.78299625663622	0.0	0.0	
3.0896833800975614	26.151300245319206	0.0	0.0	
12.966199720245719	31.95894698553142	0.0	0.0	
29.286220782206943	30.37821598788097	0.0	0.0	
0.7814770891867262	28.939690795474995	0.0	0.0	
26.684816233229917	14.833242904202702	0.0	0.0	
28.154418669591237	7.9808888346321964	0.0	0.0	
13.837670535089106	24.277457046794403	0.0	0.0	
9.827180312924845	21.534962479186884	0.0	0.0	
1.415217566461891	26.70947853191818	0.0	0.0	
14.522305628875841	30.05170403773999	0.0	0.0	
25.69294080698584	20.1358198918707	0.0	0.0	
17.99897300285023	0.4279710008942139	0.0	0.0	
4.094895736006958	23.270582084857104	0.0	0.0	
18.751116527704706	21.840851747246273	0.0	0.0	
10.566929359011723	28.071494146945497	0.0	0.0	
11.609690755850227	11.714032700448954	0.0	0.0	
21.121026758559683	15.33717446272425	0.0	0.0	
27.40317509852766	7.825995411591215	0.0	0.0	
24.378293007337838	15.222248355275696	0.0	0.0	
31.02119739616065	16.657992712952936	0.0	0.0	
21.37912872312808	16.32655376886996	0.0	0.0	
28.728992053258906	31.68204959528966	0.0	0.0	
28.372231173031057	22.224471527563466	0.0	0.0	
21.489900868793043	16.814062338181774	0.0	0.0	
25.720362860236396	13.757104537267228	0.0	0.0	
9.048769615899314	8.005552922162842	0.0	0.0	
4.142544405673018	24.1720699842201	0.0	0.0	
14.393433865896142	1.773707843843635	0.0	0.0	
2.0280383595222595	2.956374749293655	0.0	0.0	
27.914405730256366	1.7604959624774317	0.0	0.0	
25.943544102576826	6.155117121957407	0.0	0.0	
28.19007746114855	8.072929982510242	0.0	0.0	
26.10966379459138	15.521760203048977	0.0	0.0	
1.169833332603865	0.7296100928350135	0.0	0.0	
20.32984137438171	29.1918860857038	0.0	0.0	
29.13230856999481	19.759408601550266	0.0	0.0	
11.582492773772287	12.128671461084423	0.0	0.0	
17.848940506880844	18.038651136399494	0.0	0.0	
22.033732921729378	18.589289680838128	0.0	0.0	
13.834479368268752	10.424920006586095	0.0	0.0	
0.3741584272834082	8.450134396336946	0.0	0.0	
12.49157568457321	22.958002307057118	0.0	0.0	
13.836443456215779	15.62289739564191	0.0	0.0	
10.58155568435701	24.88862861904141	0.0	0.0	
2.780606511529438	17.74331738659158	0.0	0.0	
25.449766595076216	31.11193183945411	0.0	0.0	
9.205627938191217	24.689920944899157	0.0	0.0	
22.739829297325826	2.6533110934608892	0.0	0.0	
11.042883766978772	5.504036114790697	0.0	0.0	
28.02756826383278	13.97493586982781	0.0	0.0	
6.359149373915532	0.43544212300642116	0.0	0.0	
24.937852075981137	29.521995819621075	0.0	0.0	
25.817543245201136	2.8451640703878134	0.0	0.0	
8.385548282410298	17.41236695632262	0.0	0.0	
21.92677162111773	28.962596362284724	0.0	0.0	
16.231046867684693	17.422891269841173	0.0	0.0	
17.350220051180475	7.476197098100325	0.0	0.0	
30.246376504373625	28.4564937266008	0.0	0.0	
27.149367474658703	23.06471971323786	0.0	0.0	
31.468413439048742	3.912627355731754	0.0	0.0	
30.722567649255772	17.840659933159476	0.0	0.0	
21.5898511792322	20.62858202833235	0.0	0.0	
30.777938302688447	4.560865332069042	0.0	0.0	
4.601932078162754	3.9179693686467587	0.0	0.0	
3.44067810744237	4.084231002239186	0.0	0.0	
15.956409550326224	12.68825379708673	0.0	0.0	
19.132220147802983	10.373093781192821	0.0	0.0	
10.507449892686601	25.246434871908846	0.0	0.0	
28.296220293388405	16.46225618033845	0.0	0.0	
0.7011918681608584	1.4007036393751875	0.0	0.0	
8.413574846222325	25.329887954040373	0.0	0.0	
27.384258173475352	30.88396708726579	0.0	0.0	
11.002480529614076	8.599491832204475	0.0	0.0	
16.069631306551074	21.799302207856332	0.0	0.0	
19.420029997184578	20.164689517163374	0.0	0.0	
28.89442523974711	5.630534108354254	0.0	0.0	
28.803449359945468	19.58719225729086	0.0	0.0	
28.595209628282987	10.423765029080478	0.0	0.0	
23.677636971499506	30.241069258575056	0.0	0.0	
25.574296252213873	14.527585014361257	0.0	0.0	
27.274066066816665	1.289720521055827	0.0	0.0	
29.177920924366983	1.3781058592571185	0.0	0.0	
7.552528559814398	11.038211910204538	0.0	0.0	
24.02415807298189	18.28879767561277	0.0	0.0	
7.227408832661151	29.52653817447264	0.0	0.0	
10.86393146265263	12.102765019024815	0.0	0.0	
18.184154222562615	8.59175089094676	0.0	0.0	
11.00889595583915	12.30573734924716	0.0	0.0	
9.506290197344512	4.643516328373181	0.0	0.0	
16.873659203284372	12.011969034931571	0.0	0.0	
9.31759576825296	4.661948749185477	0.0	0.0	
30.490751479471744	0.4574097858493076	0.0	0.0	
24.223477306018854	19.780926171340976	0.0	0.0	
20.445811962501306	4.636554215863189	0.0	0.0	
18.399429940900806	1.7389978032701556	0.0	0.0	
27.965557988598956	18.30927457918781	0.0	0.0	
21.3119243032333	19.80687944376326	0.0	0.0	
2.4980341588497623	11.39468452915844	0.0	0.0	
17.8314584399888	20.648473266199932	0.0	0.0	
29.343091240940307	19.76641791469887	0.0	0.0	
31.638623178579326	31.93847727679717	0.0	0.0	
10.380353239156772	15.37373415638314	0.0	0.0	
28.850240452138543	11.197790304921995	0.0	0.0	
4.2702770252787445	3.632581975105449	0.0	0.0	
6.549819266161354	18.41237097430582	0.0	0.0	
4.142413309032584	0.9715675281751501	0.0	0.0	
2.78252621270002	2.72830982192124	0.0	0.0	
31.40639804352546	12.741850741864294	0.0	0.0	
18.564580654001904	20.717498979598012	0.0	0.0	
30.196238894247227	10.493705733391472	0.0	0.0	
23.129180916295255	26.276903854049262	0.0	0.0	
3.982214203849722	6.594550720028014	0.0	0.0	
23.803620681777783	15.347819081070387	0.0	0.0	
26.061718113794605	8.036147487756804	0.0	0.0	
28.521990137385984	29.162465593600256	0.0	0.0	
1.7134859506942028	2.22250850563206	0.0	0.0	
21.01008217416202	31.306629759923396	0.0	0.0	
9.7642545689875	22.879046740525705	0.0	0.0	
28.116741960750925	1.394157424036603	0.0	0.0	
27.773225927563715	5.978944835561073	0.0	0.0	
15.313370763312605	22.06564377698878	0.0	0.0	
11.912878941470943	25.788353078912685	0.0	0.0	
12.367699631246936	20.446576852706297	0.0	0.0	
17.95827035217021	3.2906378474384113	0.0	0.0	
8.084792646802011	16.894284008019277	0.0	0.0	
31.35338501493137	0.6481604944024326	0.0	0.0	
27.62617412977625	20.221505165445567	0.0	0.0	
14.173614782454269	18.61658244749306	0.0	0.0	
22.017017863088256	12.833764126941634	0.0	0.0	
0.5593647385716842	21.961625715514415	0.0	0.0	
5.261552537201833	14.101041687787742	0.0	0.0	
25.31911644812865	4.6884899401044	0.0	0.0	
21.8513629315281	15.582527519216864	0.0	0.0	
5.99500448435807	29.787123410906457	0.0	0.0	
24.927585472533874	27.299449443977853	0.0	0.0	
22.962850879305524	24.80032579204599	0.0	0.0	
22.03825158684775	11.029607709247149	0.0	0.0	
12.914223423315562	14.08460759457008	0.0	0.0	
4.158914261081659	11.560688219406575	0.0	0.0	
31.065260691685022	15.317426162621071	0.0	0.0	
13.333717602752873	15.030247758228501	0.0	0.0	
3.4090146282430283	22.611750876881693	0.0	0.0	
30.577858999843762	23.562848793064628	0.0	0.0	
11.937287020004522	20.051816926772446	0.0	0.0	
0.8492457386140018	19.74478864875966	0.0	0.0	
12.617189394981043	26.846451118707233	0.0	0.0	
0.38448272279726226	31.12948823727252	0.0	0.0	
28.76622706727461	24.325082019351456	0.0	0.0	
17.662002232198457	11.465988449329828	0.0	0.0	
6.813299031350343	17.966100472459033	0.0	0.0	
2.115714312133079	1.426178160726149	0.0	0.0	
31.052242531759706	22.702932225600037	0.0	0.0	
1.513080994447595	29.32837258891151	0.0	0.0	
17.95549105782125	1.3515556520563337	0.0	0.0	
2.9113732271014285	30.915777327387282	0.0	0.0	
15.474545857556198	25.841770692454713	0.0	0.0	
10.105543917476101	16.87801689156583	0.0	0.0	
23.795822228335812	25.806782270185963	0.0	0.0	
1.7225947765798217	11.806682941039789	0.0	0.0	
5.700299220429972	10.390482520017493	0.0	0.0	
4.042713190812215	19.768795382546585	0.0	0.0	
28.42390566121585	25.85743396041668	0.0	0.0	
14.863224475308215	29.173923448459057	0.0	0.0	
30.428823122576087	22.875975711219887	0.0	0.0	
0.20834272258451847	13.72405596785682	0.0	0.0	
22.887992597762974	27.38346974432405	0.0	0.0	
21.864372992484515	18.606512435103284	0.0	0.0	
3.335211031334577	29.05123803285938	0.0	0.0	
26.355404940246295	2.849190043063473	0.0	0.0	
13.172139071066354	17.470841006574485	0.0	0.0	
17.689623930668365	26.068758727081395	0.0	0.0	
29.29396458894257	31.88230144187442	0.0	0.0	
8.297462208381294	4.404689102564525	0.0	0.0	
3.8929033373963193	10.992533738758627	0.0	0.0	
18.51462718681428	9.302488448607871	0.0	0.0	
22.427698895906865	30.661276086610066	0.0	0.0	
16.31783899418713	8.493621679639407	0.0	0.0	
25.427076250570394	8.878234917805983	0.0	0.0	
0.5101671849106815	23.93533284100306	0.0	0.0	
18.150822351417347	7.109413331839402	0.0	0.0	
1.467467548082439	8.875033672636189	0.0	0.0	
20.347094623974424	20.816038476301163	0.0	0.0	
19.119162217792685	4.279527779405232	0.0	0.0	
0.541816808177817	5.133136782304472	0.0	0.0	
19.292166373320004	25.434676394275137	0.0	0.0	
3.0341502629834096	4.422280351777022	0.0	0.0	
23.8191407837534	12.541947455910883	0.0	0.0	
18.7683832196285	6.638946868517223	0.0	0.0	
6.853876726734498	15.607480186863551	0.0	0.0	
21.338867714526774	30.380437944653917	0.0	0.0	
3.655316402775668	11.152969762364044	0.0	0.0	
21.73949901009017	25.782064106077122	0.0	0.0	
4.026526594272866	23.944252972014382	0.0	0.0	
10.17644433963821	29.00227471916048	0.0	0.0	
17.757038543694943	30.557351370374313	0.0	0.0	
26.814457113288633	19.244392170528805	0.0	0.0	
3.1849519294730015	0.8159877022311335	0.0	0.0	
3.0280528864349314	19.009180796095457	0.0	0.0	
9.599815011326527	15.920918442678996	0.0	0.0	
15.631292787887656	8.332324799683956	0.0	0.0	
29.307228610711086	20.81803269799484	0.0	0.0	
8.38156219965138	0.3901157473685295	0.0	0.0	
23.51292993963996	18.550204792598986	0.0	0.0	
21.407312965703873	9.27555892023748	0.0	0.0	
4.892066570550629	7.048058186390147	0.0	0.0	
6.028394145891205	30.495558594200325	0.0	0.0	
21.454436256884076	18.574720235414738	0.0	0.0	
14.172475852981709	29.647089846521062	0.0	0.0	
12.163387396590792	26.804690892630436	0.0	0.0	
4.9535721038248255	22.980414959125845	0.0	0.0	
16.342967651881544	11.151935950308893	0.0	0.0	
25.380648120742013	1.765220733171315	0.0	0.0	
20.02242695646612	23.204245681926885	0.0	0.0	
27.286084469492785	31.13438248412218	0.0	0.0	
10.622910650633894	4.045910948213855	0.0	0.0	
28.712197948561148	5.810296528187287	0.0	0.0	
9.974765992474612	23.291782952340483	0.0	0.0	
18.164802975855636	20.305049805376704	0.0	0.0	
6.9364053673925525	19.92995518452617	0.0	0.0	
5.73293780837642	20.070152187641835	0.0	0.0	
8.745278582832363	24.584655114393943	0.0	0.0	
15.595718401855716	31.139761926834243	0.0	0.0	
21.476949964797036	1.1098602896901184	0.0	0.0	
9.955989169405814	12.931452210282458	0.0	0.0	
14.83022525855936	7.481536581680473	0.0	0.0	
15.047800598548204	29.33384602418256	0.0	0.0	
2.324504613187848	17.960292677856046	0.0	0.0	
28.91581520716426	15.443215325898585	0.0	0.0	
11.850195301960532	12.256725392047294	0.0	0.0	
4.142324431697595	5.690627917917805	0.0	0.0	
20.07986543606932	23.42115379248353	0.0	0.0	
22.642885633896597	16.67603149246821	0.0	0.0	
15.547830268606475	21.008460104976397	0.0	0.0	
21.169247309663625	27.18149043793519	0.0	0.0	
10.364090301274015	13.909229359017157	0.0	0.0	
18.381985059425702	20.040577763582206	0.0	0.0	
13.867716244271016	10.817848788340946	0.0	0.0	
20.288730743476375	13.723614045511315	0.0	0.0	
27.7228411898787	12.288623651969509	0.0	0.0	
30.89438792874909	29.794331367724226	0.0	0.0	
17.042474828422336	8.231350748023864	0.0	0.0	
1.3183910306975655	4.17046950901635	0.0	0.0	
30.635573807987413	25.871922873057475	0.0	0.0	
16.9756900447398	26.874277127645097	0.0	0.0	
4.625630064733887	15.809096736637049	0.0	0.0	
8.804710426041009	19.378828063329014	0.0	0.0	
23.79407324175275	16.5684516445834	0.0	0.0	
26.43425474152838	7.434342476460955	0.0	0.0	
14.965117889589884	9.450793838529716	0.0	0.0	
3.5977073907921273	5.717782378013272	0.0	0.0	
20.818365573741715	7.598021679024697	0.0	0.0	
12.576746895727737	27.559290252772662	0.0	0.0	
18.13167756092792	30.686514691080813	0.0	0.0	
8.92859341658896	27.71673262036675	0.0	0.0	
28.42987739270595	25.64037805714202	0.0	0.0	
17.871523500151643	29.301474681496536	0.0	0.0	
9.083864211414795	14.844066241346923	0.0	0.0	
24.67852185677911	0.3992414075457944	0.0	0.0	
18.046011574188157	31.916605021898956	0.0	0.0	
16.298328120509222	29.95345295720058	0.0	0.0	
26.8862233495467	26.899271907704282	0.0	0.0	
7.493152704112887	10.289301757099423	0.0	0.0	
3.5853663745012874	6.934690463618452	0.0	0.0	
29.439920223025645	6.068090345097268	0.0	0.0	
1.864657275823415	14.759438109827858	0.0	0.0	
19.24530314168167	24.155728106246787	0.0	0.0	
8.847268919686748	28.575039389323926	0.0	0.0	
1.6137934316140239	28.29533148442312	0.0	0.0	
5.028622932980468	23.661128476145578	0.0	0.0	
31.169204057139318	20.80208089723855	0.0	0.0	
16.208238410205297	3.8118263999727446	0.0	0.0	
26.977882250568463	2.6442546112713714	0.0	0.0	
15.495598508782091	24.612068592275644	0.0	0.0	
25.602950463126955	8.136500582943423	0.0	0.0	
2.5658707167858132	29.091331539114982	0.0	0.0	
12.458462926803119	16.771249408990297	0.0	0.0	
2.671743675162471	31.55261446677604	0.0	0.0	
27.826595078456922	5.74395301718576	0.0	0.0	
23.179103997458363	7.068139753498162	0.0	0.0	
30.23161577345676	5.923026530739644	0.0	0.0	
9.364105217640848	17.510053393888555	0.0	0.0	
15.974977990539507	14.621686367626818	0.0	0.0	
22.879971671887677	9.117372856021849	0.0	0.0	
2.9539117685844367	4.920185668378938	0.0	0.0	
26.36454353898884	14.875034228023065	0.0	0.0	
24.120204919061475	31.476439903517363	0.0	0.0	
25.09275764449946	4.647890872184739	0.0	0.0	
30.22349772161597	8.063286397159885	0.0	0.0	
29.99920686812899	17.325253263004228	0.0	0.0	
13.257508781827564	11.723302686668081	0.0	0.0	
29.830109551798156	6.357716854791555	0.0	0.0	
27.60848718254152	20.733005140288387	0.0	0.0	
27.975832187804414	6.418845672093436	0.0	0.0	
12.68031551175443	7.50183782805059	0.0	0.0	
19.736942263210032	28.65533865519969	0.0	0.0	
14.55874803672073	9.128868945733263	0.0	0.0	
13.027830278086174	26.9328298398268	0.0	0.0	
14.927836951222982	7.1945369063581275	0.0	0.0	
26.439367833602592	17.046053642636288	0.0	0.0	
8.532711124932785	17.766352151321463	0.0	0.0	
11.935645343852773	8.784358442385809	0.0	0.0	
12.18052107711047	26.32341219269852	0.0	0.0	
15.668512059245483	1.2510455390546262	0.0	0.0	
29.114787223000167	22.628137898695666	0.0	0.0	
9.914794587583732	30.370429053692337	0.0	0.0	
7.473227355520738	29.928129179068847	0.0	0.0	
28.622977503348537	24.836308561576292	0.0	0.0	
28.8029587555763	13.010357300463085	0.0	0.0	
11.678953573866725	10.862059417484282	0.0	0.0	
10.491045500205868	14.889159506159093	0.0	0.0	
17.239622976048697	11.242883784457735	0.0	0.0	
10.487365123223288	10.539608582182172	0.0	0.0	
9.291112093908755	1.0577489564035396	0.0	0.0	
15.863976742414295	17.84565315821836	0.0	0.0	
3.1480072631826097	24.40664456342841	0.0	0.0	
24.18835957987714	9.839801460083923	0.0	0.0	
29.42839634102067	25.509366215422183	0.0	0.0	
6.434180303404343	14.667766151095762	0.0	0.0	
1.0947089218684631	15.769963611429954	0.0	0.0	
30.19400079177712	13.14832606869377	0.0	0.0	
13.3626622147242	4.556645606663551	0.0	0.0	
10.617141413597256	8.676156075202698	0.0	0.0	
2.08517733705645	22.718967080665546	0.0	0.0	
6.280041580329698	15.499306540444774	0.0	0.0	
30.417896809522276	31.72500974752948	0.0	0.0	
10.635683979948876	13.262228375476937	0.0	0.0	
10.627885813917963	29.585092014348067	0.0	0.0	
31.869098953878865	11.574399772050914	0.0	0.0	
16.394097507940618	26.69598637319062	0.0	0.0	
25.879865879545466	19.07010487630514	0.0	0.0	
4.978361811315565	10.833241996338604	0.0	0.0	
21.710507852319815	27.072733998698162	0.0	0.0	
13.40321345198636	30.323395453961417	0.0	0.0	
25.924986045272252	17.97765368202426	0.0	0.0	
7.02227507061059	29.62422087326719	0.0	0.0	
11.99907137008065	29.68267797658499	0.0	0.0	
5.1694479551140695	1.880977459849582	0.0	0.0	
15.615782550746296	29.41165315567735	0.0	0.0	
15.713330254299294	2.6632275449646308	0.0	0.0	
4.122041787123198	1.4595335511909973	0.0	0.0	
13.876707561277804	14.02837866457276	0.0	0.0	
18.601939360201378	6.8707036570302655	0.0	0.0	
4.403763899724417	3.068680753591199	0.0	0.0	
2.700650435930889	13.168121614231197	0.0	0.0	
9.161379432411387	14.239208144249883	0.0	0.0	
25.166399821767	20.083100949395817	0.0	0.0	
26.13741259004331	20.545230712583173	0.0	0.0	
22.397896430531087	1.1987447337326707	0.0	0.0	
25.295196047978	2.1914480424324516	0.0	0.0	
6.321505206952448	21.51977258768925	0.0	0.0	
12.469136486549672	14.450782906086136	0.0	0.0	
0.3854748677153701	7.504407337161279	0.0	0.0	
11.637896030220528	7.798668739239943	0.0	0.0	
1.4224241756503098	17.644226247182235	0.0	0.0	
23.00944999592334	29.20591879512836	0.0	0.0	
30.244162140409518	9.052107569133199	0.0	0.0	
19.233379579773953	19.99449719140937	0.0	0.0	
28.47315868862091	19.039428254729305	0.0	0.0	
17.27359096765576	7.483295606226363	0.0	0.0	
29.673323135117542	20.752785594029245	0.0	0.0	
16.713729008986295	14.707993581888381	0.0	0.0	
7.937720838295146	3.9048946221441625	0.0	0.0	
18.271702745518194	28.992330388929602	0.0	0.0	
4.919221985308024	11.524657480382167	0.0	0.0	
15.111247441237172	26.15293309617261	0.0	0.0	
8.663798083064822	16.149256510790302	0.0	0.0	
24.220060146267272	10.767720077554209	0.0	0.0	
5.557239270771586	30.216674013100533	0.0	0.0	
25.710633614291503	20.7637102833072	0.0	0.0	
12.533406999357648	25.866823963933307	0.0	0.0	
11.439242396988359	7.54743204329424	0.0	0.0	
10.432857513180629	9.648648831808753	0.0	0.0	
0.05170521896022606	22.794916080957158	0.0	0.0	
6.313649266597359	10.990128559131207	0.0	0.0	
19.187177495916504	29.39633698853803	0.0	0.0	
19.00171015890975	29.677258391038368	0.0	0.0	
17.789262950491207	2.7858705861646342	0.0	0.0	
26.793320805876487	1.507772754645277	0.0	0.0	
16.495842760587653	7.87295565854124	0.0	0.0	
1.3202743033637283	28.72826217191111	0.0	0.0	
12.732661389566854	2.633187510384019	0.0	0.0	
28.652435489481366	23.24701918167998	0.0	0.0	
23.03674332163189	9.69959172239561	0.0	0.0	
5.95509206267301	23.76389411667559	0.0	0.0	
25.249670547304234	12.061233484199846	0.0	0.0	
26.336155342122286	30.940307769364	0.0	0.0	
13.990930560297297	15.0667838961668	0.0	0.0	
30.240786249436006	22.65455106158551	0.0	0.0	
4.222572061925	22.902313799949233	0.0	0.0	
10.720743135873132	20.049627523973154	0.0	0.0	
30.016589480934247	7.200909625529384	0.0	0.0	
0.3828389267736938	19.5069626732124	0.0	0.0	
10.650640819142001	0.5657907987675621	0.0	0.0	
11.86536821918505	6.8963681777582195	0.0	0.0	
18.989440524467476	30.01486935941852	0.0	0.0	
20.620650806615988	6.155498923886277	0.0	0.0	
16.374811967791434	21.327580051054614	0.0	0.0	
24.19345226840543	16.675299393974136	0.0	0.0	
14.440296269904227	6.150804845894598	0.0	0.0	
27.39890575774613	0.9107056406825365	0.0	0.0	
30.134366986938424	27.546017123727935	0.0	0.0	
11.391600217649394	0.4376389265674554	0.0	0.0	
30.476656625674682	17.152961018684568	0.0	0.0	
17.37773755622571	14.917135772587908	0.0	0.0	
