2
32.0	0.0	0.0	0.0	
0.0	32.0	0.0	0.0	
30.087364811245088	19.621538291854485	0.0	0.0	
22.676076358330153	27.369808154424007	0.0	0.0	
9.894215916458325	27.234815306319092	0.0	0.0	
15.256281325333106	3.0180923314661676	0.0	0.0	
13.044109109540944	21.320696690788353	0.0	0.0	
8.722566466684054	17.392837083445155	0.0	0.0	
12.0006343045977	31.74534790864654	0.0	0.0	
22.734467908734658	7.636661600416517	0.0	0.0	
24.180817491128764	17.130187808282876	0.0	0.0	
8.972575971958292	15.647191114309177	0.0	0.0	
31.405539137169896	0.5404328323275713	0.0	0.0	
1.4154085988902523	28.986439402164965	0.0	0.0	
10.338922878849296	30.226509643519815	0.0	0.0	
10.339225617033193	3.472200560023037	0.0	0.0	
4.651721339519121	30.776524544348227	0.0	0.0	
19.127691653451606	29.98975725057719	0.0	0.0	
19.60657962147037	9.762185946531652	0.0	0.0	
25.123490923307944	22.427630934227036	0.0	0.0	
3.711313524234729	11.040963769668089	0.0	0.0	
9.621591154799333	31.276986629366846	0.0	0.0	
7.184944380986966	18.75991056933835	0.0	0.0	
1.7439657466508685	10.38414075269041	0.0	0.0	
17.610987084715134	13.881043685962961	0.0	0.0	
4.82801144800845	1.3484172576936722	0.0	0.0	
27.582572689293617	14.365260162160641	0.0	0.0	
0.5405454883645362	28.950395193832335	0.0	0.0	
12.670535565578106	26.48031957277727	0.0	0.0	
13.279619049815267	17.70645613684036	0.0	0.0	
27.98982206471368	29.25553183222365	0.0	0.0	
11.799438285049732	3.409465620191522	0.0	0.0	
2.1697781511180487	17.967834955385907	0.0	0.0	
3.5341722847540424	12.208946072210946	0.0	0.0	
22.012131929124752	8.525464562227285	0.0	0.0	
26.99811464275295	10.750564284745384	0.0	0.0	
30.1514769598552	24.66693355449486	0.0	0.0	
13.759071901117458	4.535998876444914	0.0	0.0	
21.25094061830339	13.215791595695318	0.0	0.0	
10.98615899927924	10.016594473578802	0.0	0.0	
28.44221443392362	20.545064423602533	0.0	0.0	
4.288355557004966	14.309217356431233	0.0	0.0	
7.293269837941931	25.44187806786875	0.0	0.0	
21.384171257963793	18.9372520631152	0.0	0.0	
4.320984515914283	24.796752968096012	0.0	0.0	
27.341083635421782	6.100063303853432	0.0	0.0	
25.781351565938667	19.337528011151292	0.0	0.0	
13.055958322765456	29.422451282053352	0.0	0.0	
7.875552027097765	1.152549585943305	0.0	0.0	
6.421785593768536	28.206525372571534	0.0	0.0	
30.54988393580624	21.241532493246726	0.0	0.0	
6.937470092151504	8.381174633890886	0.0	0.0	
22.642169236085916	12.80700249188249	0.0	0.0	
27.68967965640019	11.222162757875715	0.0	0.0	
2.978094695114578	4.657454534669085	0.0	0.0	
31.002534358364002	16.577761947192215	0.0	0.0	
0.536682958261796	26.973965313305207	0.0	0.0	
1.3061067321282565	28.69498784149845	0.0	0.0	
30.144202031370778	25.461969905232927	0.0	0.0	
18.369033777474094	23.63840476780861	0.0	0.0	
18.359083331086534	18.677647840632684	0.0	0.0	
5.1903543892901745	1.5963667689818557	0.0	0.0	
27.967081551716074	16.837465374231453	0.0	0.0	
27.04596542768033	0.346674157819173	0.0	0.0	
18.279966456011653	2.101063873405863	0.0	0.0	
5.9688272079494205	19.050699165376084	0.0	0.0	
17.338927499043443	13.180230856582249	0.0	0.0	
1.7828996131013248	8.339448290366942	0.0	0.0	
9.09459150124244	20.93264148469614	0.0	0.0	
1.653086732145347	26.20940321014525	0.0	0.0	
31.183285194721773	10.50386994738292	0.0	0.0	
0.7080134029069178	17.495512580518035	0.0	0.0	
30.628452591823198	16.804880263002918	0.0	0.0	
3.41787694675725	5.939363322009189	0.0	0.0	
1.2700111537898593	30.78313147985124	0.0	0.0	
13.878702331471477	1.8011413924885034	0.0	0.0	
21.77885510525858	11.371686544277807	0.0	0.0	
12.664995541501284	23.67521879511031	0.0	0.0	
15.599791778650893	14.40369817379024	0.0	0.0	
18.512851998794535	11.523320131101634	0.0	0.0	
23.36872390604292	10.311207998503406	0.0	0.0	
16.358440257906313	12.055738392671685	0.0	0.0	
3.777752634727399	20.790473905490078	0.0	0.0	
0.39452735996139054	30.754800340798035	0.0	0.0	
15.167936555033325	17.27649382164462	0.0	0.0	
12.165538671792369	27.324006026164593	0.0	0.0	
26.774835401802015	30.632392826091973	0.0	0.0	
9.506651516509148	28.798726336943492	0.0	0.0	
27.287598292513135	24.12198327738512	0.0	0.0	
16.048821544651897	31.748867272624853	0.0	0.0	
15.633352853551688	20.71537297806637	0.0	0.0	
27.631786377649313	13.371022493964375	0.0	0.0	
1.0756304216046786	31.24420302137353	0.0	0.0	
24.505309619438112	28.337880763136983	0.0	0.0	
10.494858954525515	14.837207881559625	0.0	0.0	
20.676702497163422	22.93588076115385	0.0	0.0	
14.643218980759254	26.653855575575346	0.0	0.0	
15.058470813460563	12.868137988946724	0.0	0.0	
14.130064269426658	26.008830083307046	0.0	0.0	
3.748483738612638	22.49744792165782	0.0	0.0	
1.0212977689196947	0.39823886762729543	0.0	0.0	
24.464233002318984	2.7505461600249816	0.0	0.0	
12.895765751606334	21.283716269062538	0.0	0.0	
21.483841249789545	8.730736723558714	0.0	0.0	
28.880502390662894	20.223275519857193	0.0	0.0	
4.2311185404116465	22.19097607420969	0.0	0.0	
9.888845899338246	12.784687612046834	0.0	0.0	
19.52208560412678	1.5714260551603054	0.0	0.0	
10.269804509874309	11.554224594307257	0.0	0.0	
16.649715867036157	14.854854292171392	0.0	0.0	
10.260765367888528	18.557645799643105	0.0	0.0	
9.218355021006676	15.605179312256094	0.0	0.0	
18.59763408714539	24.795744199628555	0.0	0.0	
17.789010056729346	11.422476720189628	0.0	0.0	
14.31325201082381	14.942055595584755	0.0	0.0	
30.70222555853437	3.504826929219128	0.0	0.0	
13.505446636216043	1.0256195263514734	0.0	0.0	
3.351380440551768	17.096748523808706	0.0	0.0	
0.38204058085931436	13.52902304793309	0.0	0.0	
24.052114321837607	29.528350897363428	0.0	0.0	
5.11640713483586	0.5912548346802424	0.0	0.0	
25.90443240985262	17.4671298714445	0.0	0.0	
21.47465702969548	1.3185539975123994	0.0	0.0	
24.88643483771992	6.15658582079935	0.0	0.0	
12.844731996051884	15.905552314029265	0.0	0.0	
31.58520995265753	16.623955761123742	0.0	0.0	
17.284002520055033	22.967840670144614	0.0	0.0	
28.3537156123134	22.169810544524385	0.0	0.0	
1.6392701108637482	11.579674012477092	0.0	0.0	
25.12942457319273	24.887698318904697	0.0	0.0	
28.27859514480779	4.092738068891212	0.0	0.0	
31.709891005129823	31.963897720587774	0.0	0.0	
31.964384365809785	30.732981640754215	0.0	0.0	
1.7904739505538672	26.008989002376406	0.0	0.0	
12.556088027401952	6.834354157194124	0.0	0.0	
21.37826786174393	14.484708607522585	0.0	0.0	
21.120624091065384	9.581608305728693	0.0	0.0	
7.568913912885709	7.72981120602828	0.0	0.0	
30.932987625474027	27.74904386590576	0.0	0.0	
13.429732439318645	2.4400060846396805	0.0	0.0	
4.386069385692007	13.879335854786294	0.0	0.0	
2.205060884337936	4.3981060130183955	0.0	0.0	
29.22070995740954	24.78643949507118	0.0	0.0	
22.283908320469703	5.40699178815596	0.0	0.0	
4.39143701948851	16.98698077407169	0.0	0.0	
31.518553828012468	10.308495795094068	0.0	0.0	
5.2403218949352315	27.384022434276492	0.0	0.0	
4.424989037078003	18.72128202032475	0.0	0.0	
25.0187623415244	31.437738708870047	0.0	0.0	
13.083609716917799	20.08644874660368	0.0	0.0	
9.899685091665468	0.7957365676651378	0.0	0.0	
15.3174248149393	24.301577219199277	0.0	0.0	
15.858985516619647	11.294500491995645	0.0	0.0	
14.130197635661627	2.456183202948676	0.0	0.0	
18.424501844800446	8.635706930990587	0.0	0.0	
17.90000605099446	24.761566755485518	0.0	0.0	
19.86439781407713	29.94276507161348	0.0	0.0	
10.464026581639846	8.14624569037833	0.0	0.0	
18.928005956369642	0.710438281331335	0.0	0.0	
29.23705980682642	21.29446936492209	0.0	0.0	
7.854212162465991	26.37006038694593	0.0	0.0	
9.308895741717844	23.542023259014112	0.0	0.0	
22.96053761948917	7.531044038915603	0.0	0.0	
1.671759650533108	28.29247560220532	0.0	0.0	
29.042281084718933	20.375733885665966	0.0	0.0	
14.342811241561524	5.794629733320281	0.0	0.0	
5.972073386210468	4.520711770604098	0.0	0.0	
10.90743927680911	3.574638234858199	0.0	0.0	
31.98569492392815	26.48775881742779	0.0	0.0	
30.247304061504533	16.314213379683814	0.0	0.0	
14.47300150988752	7.247007307991598	0.0	0.0	
7.3960840884383146	9.123267818054845	0.0	0.0	
19.75340070837621	5.996260943504801	0.0	0.0	
5.167663008250273	8.448296500952512	0.0	0.0	
9.772550380038716	13.170935874691846	0.0	0.0	
14.207978272272076	30.525907494143066	0.0	0.0	
15.836926297168059	3.7316367322504824	0.0	0.0	
29.400775890936778	11.35896554844243	0.0	0.0	
11.68031386958128	21.544379753098717	0.0	0.0	
2.786702274206629	5.919241300300275	0.0	0.0	
23.97634322690686	27.00278953348046	0.0	0.0	
2.54341003993396	19.5052323392741	0.0	0.0	
21.4003665366629	27.356441129977274	0.0	0.0	
28.569065319284476	29.337090964218856	0.0	0.0	
19.979144373254908	4.413552932817101	0.0	0.0	
1.4891821996088943	16.571195530853252	0.0	0.0	
3.1920366412642345	15.441534311324517	0.0	0.0	
21.810903881837216	1.0979108292077022	0.0	0.0	
7.22696356690221	8.40025343924821	0.0	0.0	
6.04709537897088	23.528124894072032	0.0	0.0	
13.233715946727163	0.5156632450748297	0.0	0.0	
29.303437498286367	14.21488354680314	0.0	0.0	
20.411622245938965	17.731983575406925	0.0	0.0	
23.099401143026554	29.343926320626068	0.0	0.0	
9.845253647324284	31.359342201237723	0.0	0.0	
3.8739586796505705	30.00904662281511	0.0	0.0	
22.84020644124921	12.042015517020094	0.0	0.0	
26.090228828287568	5.342056463680102	0.0	0.0	
26.641824987242263	11.821968782538477	0.0	0.0	
11.944692954473584	31.771080820505443	0.0	0.0	
4.24517391706166	0.6534888359416016	0.0	0.0	
25.068038203532716	28.156550379437746	0.0	0.0	
17.99732253768169	20.340962405213265	0.0	0.0	
10.927478339599656	29.711842382407454	0.0	0.0	
4.294601852538058	23.18735398502112	0.0	0.0	
11.081196177848597	6.977797486483734	0.0	0.0	
1.09897488249214	1.2177883012655428	0.0	0.0	
31.39132145546792	9.127676064845446	0.0	0.0	
7.494047023730509	16.63403857584699	0.0	0.0	
13.738530729671318	22.171501268727734	0.0	0.0	
8.807622690632016	16.38402456472309	0.0	0.0	
23.71240217417425	23.798905554464795	0.0	0.0	
28.984024927712607	10.384315789953895	0.0	0.0	
18.411512575968516	7.33145358007312	0.0	0.0	
17.200260071086777	30.97641926698316	0.0	0.0	
3.310933376245881	31.344141561696574	0.0	0.0	
19.773432393684207	22.917592739710628	0.0	0.0	
22.99422119663954	2.0539052487770952	0.0	0.0	
13.108989221653417	18.169862467659826	0.0	0.0	
27.162845610411395	30.822275773308455	0.0	0.0	
23.83718515295279	3.8585843881777215	0.0	0.0	
25.171444779704775	2.1307106897818215	0.0	0.0	
28.10992416745352	11.047300266003177	0.0	0.0	
0.8196157675490383	29.262641616216012	0.0	0.0	
16.161069034564832	1.6843253073629896	0.0	0.0	
23.068829154552883	27.663090336147928	0.0	0.0	
27.106817411775403	30.671402746295193	0.0	0.0	
5.2585537409109655	22.71620860742363	0.0	0.0	
24.34880742727017	1.9552723875593685	0.0	0.0	
5.501835695792533	17.796675839154254	0.0	0.0	
9.479473041346402	15.944635305073096	0.0	0.0	
14.511822556898252	26.714590689462245	0.0	0.0	
14.307881107416843	13.915911840249525	0.0	0.0	
16.799054382393965	30.8688454013178	0.0	0.0	
23.965911131124262	1.0120173845788472	0.0	0.0	
30.010316845950985	9.533134577741254	0.0	0.0	
7.7878735661244605	23.81650666985002	0.0	0.0	
10.889465947971335	7.5364387145933875	0.0	0.0	
12.220748243220719	11.617251196456678	0.0	0.0	
22.623502746876724	13.378872929631317	0.0	0.0	
25.222446479893808	8.381110121584939	0.0	0.0	
19.31751336972635	5.660688059477071	0.0	0.0	
19.27729596677315	17.959911812044123	0.0	0.0	
8.696894733101256	27.515893875275264	0.0	0.0	
10.542067608864041	7.264719227743761	0.0	0.0	
21.53303337814977	20.643192400599528	0.0	0.0	
8.573758341132596	20.824868149719872	0.0	0.0	
14.30890322494508	27.990155092968703	0.0	0.0	
27.828764257661266	0.4945173247492747	0.0	0.0	
26.455578837033627	23.193260268446515	0.0	0.0	
24.236671655972422	23.895320913650206	0.0	0.0	
22.4742671085759	5.658076677552572	0.0	0.0	
25.229332962511222	19.471697178544684	0.0	0.0	
25.486978027476734	13.43494780629982	0.0	0.0	
14.90945684454638	10.83291850076013	0.0	0.0	
21.384624523650196	30.463350630043905	0.0	0.0	
31.907573366616813	21.13380429202161	0.0	0.0	
17.003345384751626	23.322522731046924	0.0	0.0	
15.95843556464871	25.750182336988523	0.0	0.0	
9.613366261079968	16.55604496682069	0.0	0.0	
26.04216291465022	17.840703686725348	0.0	0.0	
25.483037510363072	4.38417839073551	0.0	0.0	
22.669833740043288	15.634524695829782	0.0	0.0	
26.516503931962156	15.602926388996806	0.0	0.0	
20.891081514252452	14.898665988442886	0.0	0.0	
6.105541570624464	18.3846513222401	0.0	0.0	
12.79178771438492	25.886109046644098	0.0	0.0	
12.855898170486771	31.176316893421532	0.0	0.0	
5.744351543290033	6.489132345063911	0.0	0.0	
28.16944680644952	1.8370440746723773	0.0	0.0	
4.802503079423889	18.16732992753317	0.0	0.0	
18.370732406466644	10.592082724478356	0.0	0.0	
4.2630524899399305	30.714492274175758	0.0	0.0	
29.64085087521064	25.62635126110929	0.0	0.0	
18.442648725572287	10.855732976137126	0.0	0.0	
17.219710216269466	9.730869208470732	0.0	0.0	
5.127969576830626	16.905408113353477	0.0	0.0	
0.5787984286406669	26.06228769074438	0.0	0.0	
29.648168888399983	8.50359459201174	0.0	0.0	
1.5346762362618307	13.8273645773329	0.0	0.0	
17.828480736927585	21.10105043003283	0.0	0.0	
28.7401945710816	23.330769390088115	0.0	0.0	
19.811196179718223	18.666201028033473	0.0	0.0	
12.471682937711204	19.8232937405306	0.0	0.0	
14.795755516733333	12.704938562307802	0.0	0.0	
8.83076079295839	8.158070379890937	0.0	0.0	
0.5938064867811548	29.520656863453304	0.0	0.0	
5.848843977451057	13.858145977543714	0.0	0.0	
18.59085011399289	20.193825552802338	0.0	0.0	
28.63614593655126	9.467403925208494	0.0	0.0	
0.9538513932318402	3.7009176264366346	0.0	0.0	
30.89357496809348	14.285658177046777	0.0	0.0	
23.920613578593294	19.738465941466313	0.0	0.0	
2.409092130177754	6.58212676827058	0.0	0.0	
9.441470197721806	1.4788224259304492	0.0	0.0	
13.311089513342637	5.2272117662805115	0.0	0.0	
9.408235514352835	25.38157684775908	0.0	0.0	
24.604448526385397	14.636354432954	0.0	0.0	
0.31330113728529696	21.58537975238525	0.0	0.0	
18.91831307823648	26.635948646957747	0.0	0.0	
20.417762859489557	2.589413480462813	0.0	0.0	
12.855110390213738	15.702645219870202	0.0	0.0	
21.139755237620708	2.400927286092962	0.0	0.0	
3.015104025710972	20.895037621297547	0.0	0.0	
17.99157141856399	8.666858932340425	0.0	0.0	
18.44617619451482	7.320952548351414	0.0	0.0	
3.7109817344786613	24.680843309358984	0.0	0.0	
7.391638645708991	17.41376147294073	0.0	0.0	
24.026563509233974	7.724965594384049	0.0	0.0	
24.485119654242897	2.6127982148475084	0.0	0.0	
20.10923741800379	26.862793267218237	0.0	0.0	
31.90092854823407	26.385051660114513	0.0	0.0	
25.580889621407074	7.632522363721428	0.0	0.0	
0.5599367311618586	12.224941054326003	0.0	0.0	
1.6010298150523674	20.06627600028891	0.0	0.0	
20.268310795446766	13.13816101191232	0.0	0.0	
22.6047282770783	24.714211351132377	0.0	0.0	
5.700876330104428	10.126023566276462	0.0	0.0	
30.837795280816614	4.869099241201976	0.0	0.0	
2.074701740618476	15.01434836949593	0.0	0.0	
18.66622135734402	30.266922346918875	0.0	0.0	
8.049369634837053	16.709826132963105	0.0	0.0	
14.028210967256797	21.457193784319266	0.0	0.0	
22.330198810269646	22.45558374066168	0.0	0.0	
9.096135267290965	17.464626541763984	0.0	0.0	
16.88195594740172	31.23746741236713	0.0	0.0	
15.561352676972987	10.064510442644305	0.0	0.0	
4.855603335204069	28.10230240251007	0.0	0.0	
11.083141038265435	31.122242678737756	0.0	0.0	
4.9710098559134615	25.66014941701647	0.0	0.0	
4.826169267324751	0.93708862605747	0.0	0.0	
18.214109209025438	1.0117336424491619	0.0	0.0	
6.525129692859306	25.159110689692135	0.0	0.0	
30.64382421151563	6.229036198741344	0.0	0.0	
19.15064028398106	10.68849643762417	0.0	0.0	
19.358874886755736	23.292495925437358	0.0	0.0	
22.985416809182215	18.639093280686165	0.0	0.0	
23.415778655476817	26.721358911092445	0.0	0.0	
11.190900865189533	19.90644339095984	0.0	0.0	
4.913901566150539	0.7587746188314739	0.0	0.0	
31.860797648839362	7.6905434366516765	0.0	0.0	
20.887774822705097	5.605299406238153	0.0	0.0	
3.747379643082688	5.500013250516936	0.0	0.0	
0.5947418375663815	23.57702602224464	0.0	0.0	
2.4364562400896475	0.07605509736585248	0.0	0.0	
22.084726424495262	28.583656082012393	0.0	0.0	
16.131904818733688	18.39293460597709	0.0	0.0	
12.327422454675666	27.12827770904412	0.0	0.0	
4.828186159192999	11.466304147810217	0.0	0.0	
13.837249454010568	16.317188418553837	0.0	0.0	
6.691029724345608	0.43677370777274405	0.0	0.0	
3.145052108598115	14.264517249674949	0.0	0.0	
27.161402989762816	19.011362556713838	0.0	0.0	
12.287942514398015	14.850753259929245	0.0	0.0	
25.060444177478875	2.0050239619711583	0.0	0.0	
8.574001691151125	10.445314666111233	0.0	0.0	
3.0849582322707327	7.615020613110989	0.0	0.0	
11.841921721272179	11.741656952758206	0.0	0.0	
27.430434324277087	6.458340301398682	0.0	0.0	
16.092410771018354	31.734207006467848	0.0	0.0	
31.989430020773195	31.637657359218196	0.0	0.0	
17.465654457187963	4.940638634408465	0.0	0.0	
1.015083656765956	31.161820695572207	0.0	0.0	
27.351301230902482	12.229673475462757	0.0	0.0	
28.429549148551725	18.426319877906927	0.0	0.0	
3.647962447016063	20.50252159709567	0.0	0.0	
22.47649903344973	0.8965619209487734	0.0	0.0	
21.31016903696714	13.493051222957842	0.0	0.0	
26.813135477889386	3.7625174597466824	0.0	0.0	
30.45808433863813	30.28427009783093	0.0	0.0	
22.125387213483013	26.963235671881183	0.0	0.0	
31.82874099691515	24.385398423013577	0.0	0.0	
13.31337046591145	18.610951131311886	0.0	0.0	
29.09619921903523	18.477257504696503	0.0	0.0	
22.179224481718936	4.9436749364343555	0.0	0.0	
9.539013073812779	17.923144290959186	0.0	0.0	
3.137693379635582	4.203103586292382	0.0	0.0	
13.794395027705164	16.39534034221215	0.0	0.0	
30.14653485227532	21.925783137169113	0.0	0.0	
25.397137669890363	13.645749655188862	0.0	0.0	
28.4298503717274	19.382642796620896	0.0	0.0	
13.254776868976691	16.43362730905661	0.0	0.0	
25.915477213281388	9.206281384004267	0.0	0.0	
16.692053130870082	18.52403186185268	0.0	0.0	
18.31248516576769	0.03960020728904112	0.0	0.0	
14.145339697950973	12.078026314036084	0.0	0.0	
29.171696939429992	10.127528249058994	0.0	0.0	
3.6948547967777223	20.88417151790477	0.0	0.0	
8.026631581003663	1.3560530117686191	0.0	0.0	
24.71643414373311	24.380564898199506	0.0	0.0	
23.49886193942569	6.954669597368703	0.0	0.0	
11.143836937235573	29.670869758201455	0.0	0.0	
16.629367412334823	7.642112529958823	0.0	0.0	
22.058017134743324	11.175275169651627	0.0	0.0	
8.739484527048067	4.031980279428016	0.0	0.0	
24.769556404034937	5.361091989181357	0.0	0.0	
20.47943268467524	18.309791751748737	0.0	0.0	
28.969085403037024	15.988329581879285	0.0	0.0	
5.270839754816038	3.2611210754149234	0.0	0.0	
9.269792211030996	25.040860209018284	0.0	0.0	
1.6912849232390244	8.05790587234938	0.0	0.0	
30.217247575780156	22.772965881378553	0.0	0.0	
24.513045231868066	18.274970946078213	0.0	0.0	
20.169176695485987	24.87912845277879	0.0	0.0	
22.512965243970147	24.534882078164337	0.0	0.0	
26.358176807919918	30.596621135945057	0.0	0.0	
3.3550873593188655	12.717506214884228	0.0	0.0	
14.744429962033873	4.585560968661998	0.0	0.0	
7.3830277098976715	5.1920976580296205	0.0	0.0	
24.492842186080587	27.11777409853665	0.0	0.0	
23.89647128598396	1.6627103091928426	0.0	0.0	
23.696344136571753	29.479963258240268	0.0	0.0	
1.548626839118711	13.78698426849985	0.0	0.0	
18.96384807686693	8.287740656114565	0.0	0.0	
2.737794130484616	29.499795690338583	0.0	0.0	
10.39145330371672	23.27166895069207	0.0	0.0	
5.8540496150414505	19.111369034544023	0.0	0.0	
20.02847763574174	29.021674084479585	0.0	0.0	
22.960231600399887	5.350525200616094	0.0	0.0	
15.589769957594314	27.36721538240787	0.0	0.0	
0.08857441042107084	7.063960039767554	0.0	0.0	
12.988722710349876	11.829115731326855	0.0	0.0	
1.1878262544892344	22.736708076868407	0.0	0.0	
31.283057701902752	12.357537576627916	0.0	0.0	
1.4314524441328196	9.966098031961085	0.0	0.0	
13.363035682120241	23.041519208765354	0.0	0.0	
1.2491353737232629	19.86737246484236	0.0	0.0	
10.172527525278912	11.933079693374516	0.0	0.0	
0.04703896621454362	6.4570841026569425	0.0	0.0	
26.333420523293793	9.112120008186597	0.0	0.0	
13.215712594904101	22.773406846584294	0.0	0.0	
19.598010857054714	6.362261998209238	0.0	0.0	
22.84166205551459	10.289624874539872	0.0	0.0	
28.9557804436912	28.300280983362292	0.0	0.0	
17.014981633766794	7.479285649333299	0.0	0.0	
9.350666249640494	20.57957317382428	0.0	0.0	
20.016832760846636	13.943807457484088	0.0	0.0	
0.11121238035078207	13.361730017531237	0.0	0.0	
7.016221229536761	8.62199431795527	0.0	0.0	
9.137114978008352	18.626744403629125	0.0	0.0	
0.8150000211120911	21.675143754562647	0.0	0.0	
10.43431639611292	28.03481347754267	0.0	0.0	
12.26209400255033	7.2222220494440705	0.0	0.0	
3.73388995664385	23.01013822147837	0.0	0.0	
31.842051418248996	26.19986735608402	0.0	0.0	
29.68122519271253	11.093176668416191	0.0	0.0	
27.992788511249657	26.3273320548717	0.0	0.0	
28.03800179751877	5.366532102251529	0.0	0.0	
15.071046807855268	19.161092027209634	0.0	0.0	
31.941489529928297	10.869829584580941	0.0	0.0	
8.570996887737127	27.47558873418153	0.0	0.0	
1.9366387026339176	2.4758711343970035	0.0	0.0	
8.878407601307888	1.358458458460401	0.0	0.0	
24.42412667520844	8.189734928806303	0.0	0.0	
11.863926623144998	17.13555935232355	0.0	0.0	
15.972188345915079	18.02681549945656	0.0	0.0	
29.084915596371957	24.79105086193191	0.0	0.0	
25.573290495359473	20.345687607577883	0.0	0.0	
19.739220392449308	21.787760207294777	0.0	0.0	
25.304957485763033	28.641920465301094	0.0	0.0	
7.376733105917857	21.80939010057159	0.0	0.0	
7.137731951757921	31.479707972178034	0.0	0.0	
14.427037284990078	5.0485334501124015	0.0	0.0	
22.927446014674025	13.929398798499264	0.0	0.0	
0.37136105712486867	3.763871986406535	0.0	0.0	
23.830078294039694	14.431020491832186	0.0	0.0	
2.7828411773706137	3.8250363593504986	0.0	0.0	
25.088261854493428	12.161710159805502	0.0	0.0	
2.3846265677732568	2.2793342063241653	0.0	0.0	
24.055461894933288	16.357615491193723	0.0	0.0	
9.522793206891933	3.3446451703925213	0.0	0.0	
3.667953380953911	16.462057331029406	0.0	0.0	
11.937295077464437	3.254291372448101	0.0	0.0	
25.677076414289054	27.261268384973793	0.0	0.0	
25.25748335390461	7.821511202777039	0.0	0.0	
8.91957333696526	31.191363894293357	0.0	0.0	
12.52204661365781	24.06772510836303	0.0	0.0	
2.163746775964089	23.116243149802266	0.0	0.0	
16.46807162401623	12.103696482445809	0.0	0.0	
14.876290289998334	12.447813454236634	0.0	0.0	
10.377826978993738	16.64915533985273	0.0	0.0	
3.577635019871366	12.087414594338	0.0	0.0	
26.320382614620186	21.254944147552006	0.0	0.0	
19.588074040205708	1.5284524770000765	0.0	0.0	
19.57355573613712	19.16687198302874	0.0	0.0	
6.996035800069901	29.033806560628097	0.0	0.0	
31.534490915903987	3.061454390691498	0.0	0.0	
2.0357690568035203	28.233407405285693	0.0	0.0	
21.335950933017397	22.693846699137882	0.0	0.0	
27.82927138413901	25.904577685275648	0.0	0.0	
4.864644068287301	18.88104118804192	0.0	0.0	
4.655736546320295	4.683869595498734	0.0	0.0	
27.454195554285228	1.9603429475167573	0.0	0.0	
23.286481596317124	16.303085899311608	0.0	0.0	
5.6275422085819145	17.103845061694614	0.0	0.0	
2.5361224179590245	17.19639926566938	0.0	0.0	
4.835459315602442	4.3978688421331995	0.0	0.0	
30.121757186888853	29.125454026269505	0.0	0.0	
26.2721611358581	18.962120135076475	0.0	0.0	
15.382157027728724	13.56734869705225	0.0	0.0	
24.13253624366177	19.966177180264676	0.0	0.0	
25.216388609177425	21.415056312412787	0.0	0.0	
27.808596094253833	29.104643509351693	0.0	0.0	
28.539164843459627	20.23325066912159	0.0	0.0	
12.00642232837594	10.315866121225469	0.0	0.0	
8.30981731910737	30.850687102308296	0.0	0.0	
14.812810367997443	7.8458597380724875	0.0	0.0	
20.26732877549995	17.673321660229252	0.0	0.0	
6.8426030497888135	25.18747631208324	0.0	0.0	
25.931896222689133	5.517638523254359	0.0	0.0	
18.529006687279296	20.315111423933285	0.0	0.0	
20.44489303249799	23.35852777735224	0.0	0.0	
22.42452777068723	26.575056420639214	0.0	0.0	
12.889228234749769	4.905114574901177	0.0	0.0	
1.6355205460763536	25.159170987324494	0.0	0.0	
15.378669243245863	5.8554692174590315	0.0	0.0	
13.246545994730258	0.32598167405657463	0.0	0.0	
2.339583893205848	22.73338093622694	0.0	0.0	
10.428885185930692	29.30852629445033	0.0	0.0	
6.361853430785548	24.72761669343569	0.0	0.0	
18.733248546934202	8.224585408164263	0.0	0.0	
12.916590408063424	1.3377304341559686	0.0	0.0	
10.914174838170606	4.803959902269476	0.0	0.0	
5.818139986908324	7.890537481388769	0.0	0.0	
17.081932471062505	3.542159130242645	0.0	0.0	
23.52065884453458	23.897179107926522	0.0	0.0	
17.35705341344652	17.31963252923642	0.0	0.0	
30.764675674505053	22.094013601344425	0.0	0.0	
12.420281658437649	3.1117578624909115	0.0	0.0	
25.834223392253246	26.261222394188515	0.0	0.0	
21.89133336094646	10.4525635910902	0.0	0.0	
5.9008871779079115	27.063207506272754	0.0	0.0	
19.893594526707403	24.219724876048442	0.0	0.0	
2.5036734068219673	3.576859271693266	0.0	0.0	
16.571876803291573	30.849974085053688	0.0	0.0	
23.072639651097923	11.101492042205301	0.0	0.0	
25.888827877695913	21.29058156168396	0.0	0.0	
2.478088567335231	28.3911632395665	0.0	0.0	
2.774718930362667	14.770877841880885	0.0	0.0	
7.908953831729999	1.932597225829113	0.0	0.0	
13.524105280373306	7.912178313198726	0.0	0.0	
27.170977780743982	29.216334708566517	0.0	0.0	
19.53871403725116	0.8278538249484271	0.0	0.0	
25.34446674424161	24.499530291912627	0.0	0.0	
10.292299899082387	31.833442392630502	0.0	0.0	
11.632075708912488	26.20735940035647	0.0	0.0	
18.605296343026737	10.624755985533245	0.0	0.0	
31.243434170690662	26.01234462406281	0.0	0.0	
14.106335837215084	17.344909904535804	0.0	0.0	
15.617014059867262	15.662274270176802	0.0	0.0	
11.109739000820866	15.222888811425587	0.0	0.0	
0.02327885680429631	20.46775310960869	0.0	0.0	
16.868043859515275	30.969912113154347	0.0	0.0	
26.230017989549722	10.42821091589554	0.0	0.0	
29.006844530290653	12.434775770456078	0.0	0.0	
24.57001687175375	9.313517464765717	0.0	0.0	
29.746160015507424	17.866223291872288	0.0	0.0	
20.544366140761493	12.156807805253585	0.0	0.0	
25.573975933522348	7.176593585017901	0.0	0.0	
3.8118313943640167	21.421370538742167	0.0	0.0	
7.254637378928681	12.599728224150166	0.0	0.0	
28.501822553887468	8.687601691763682	0.0	0.0	
7.336898676066792	5.828012102028943	0.0	0.0	
25.197821359096537	6.17107996963145	0.0	0.0	
12.933792239005026	3.4028120370544457	0.0	0.0	
3.1944205187832324	5.972903705182237	0.0	0.0	
6.782415933013812	2.8269288042567986	0.0	0.0	
31.02185282982455	11.077719723388416	0.0	0.0	
20.872665184481647	5.784512975990165	0.0	0.0	
0.39717751754442077	17.273463195276925	0.0	0.0	
9.956738935444243	19.823852710907722	0.0	0.0	
10.504975807230384	31.300270274182388	0.0	0.0	
16.633993431185864	0.9238928995904594	0.0	0.0	
29.724780212661923	28.127012068416168	0.0	0.0	
14.05505024979789	7.263537934798386	0.0	0.0	
9.84689441396835	24.447549646983145	0.0	0.0	
5.562090774695662	31.490108304885783	0.0	0.0	
14.228315542441976	14.53254902212193	0.0	0.0	
12.92494861476031	31.3732330613619	0.0	0.0	
26.92716967088319	8.574998330049283	0.0	0.0	
21.600818354111496	1.7109144415888125	0.0	0.0	
26.491997448875974	18.984585280975235	0.0	0.0	
15.172469884968123	0.6716011009503866	0.0	0.0	
28.367942367197863	29.8082022541409	0.0	0.0	
23.07501483555088	30.338803063637524	0.0	0.0	
21.911946584934825	27.2338015285678	0.0	0.0	
13.987302401520957	14.904611963345229	0.0	0.0	
30.05163499346078	25.246122220231914	0.0	0.0	
10.974112303890724	29.565519212134124	0.0	0.0	
12.195517379193266	19.82937740824544	0.0	0.0	
1.0455650026630536	22.584713836960194	0.0	0.0	
23.010147923133587	17.318460370503676	0.0	0.0	
12.578315956515244	16.778544040214506	0.0	0.0	
14.568010301869883	31.212135154428985	0.0	0.0	
1.8947943091639772	21.598427328730192	0.0	0.0	
0.43413583994170324	16.349159804469227	0.0	0.0	
21.403098311539114	16.988370368121732	0.0	0.0	
15.323316940042822	29.6670681186707	0.0	0.0	
22.810345555682115	10.5515749091898	0.0	0.0	
30.92867891370902	12.274070836142382	0.0	0.0	
1.975094321796412	2.824450106038224	0.0	0.0	
9.051266111687323	14.518127971201391	0.0	0.0	
31.639848696179218	30.376769439008193	0.0	0.0	
15.601544502488949	29.56745902207172	0.0	0.0	
18.708780046669744	22.183949889691363	0.0	0.0	
6.26650803863166	25.085804634361743	0.0	0.0	
8.916845023046697	15.216586820525748	0.0	0.0	
9.17555864050252	22.791659811313007	0.0	0.0	
22.456885922650823	17.87448288373101	0.0	0.0	
29.36642392612579	29.77605897612706	0.0	0.0	
11.972964550842196	20.619209605949948	0.0	0.0	
2.2270676205395326	29.725219993322064	0.0	0.0	
21.393393087504865	16.054322789791097	0.0	0.0	
17.399666359130087	5.440609883372961	0.0	0.0	
12.205572085303377	25.33863314011518	0.0	0.0	
17.881383652599187	0.14700354459037257	0.0	0.0	
2.860721154371557	28.761375772391823	0.0	0.0	
26.829544750128086	22.580484509562446	0.0	0.0	
24.67810616927382	25.779498034196447	0.0	0.0	
9.88453066036194	18.847464552300522	0.0	0.0	
7.3057572385994085	30.42494153846838	0.0	0.0	
22.37021815516565	1.1030558096789704	0.0	0.0	
7.62334127257801	30.107202978615064	0.0	0.0	
4.196843712848153	12.403069738416697	0.0	0.0	
24.7309628005805	26.349132032352383	0.0	0.0	
6.495039353299209	7.386340209065732	0.0	0.0	
7.93359059269817	9.093544455253912	0.0	0.0	
21.83762830629317	2.26013272307425	0.0	0.0	
30.132939327079285	11.21465712047295	0.0	0.0	
1.1497888068401565	29.42525224314346	0.0	0.0	
28.314609860464813	8.701186601197072	0.0	0.0	
8.631860887869099	18.72345662921565	0.0	0.0	
6.5237339620921055	6.938253843710392	0.0	0.0	
0.6234875572460368	5.122312143740096	0.0	0.0	
11.158567402287744	16.860371079247294	0.0	0.0	
29.846613536226386	7.98768942607461	0.0	0.0	
13.842154726656997	16.14058970976563	0.0	0.0	
30.824672690961776	12.834624634050215	0.0	0.0	
19.716778475861574	7.950877727148953	0.0	0.0	
5.918187525921496	18.531335299236417	0.0	0.0	
21.858555858136974	7.621385848951558	0.0	0.0	
25.764597503014596	15.685436066477354	0.0	0.0	
22.05998112677728	13.411906848243486	0.0	0.0	
5.7718612621266345	19.948224461437864	0.0	0.0	
3.426386539832958	3.7206620475839145	0.0	0.0	
28.320303829239492	20.38558031715175	0.0	0.0	
1.2740602728687875	22.394572243372618	0.0	0.0	
30.023488869761977	18.819893205230287	0.0	0.0	
4.845204965283518	4.821711743181009	0.0	0.0	
4.431430526322391	14.984640452997258	0.0	0.0	
22.960827297610404	20.750114567435514	0.0	0.0	
22.804390586203315	28.627730834393933	0.0	0.0	
12.732686784557828	1.7804133027248632	0.0	0.0	
1.770078345512438	6.630723884399657	0.0	0.0	
29.715242217441634	14.223760443000923	0.0	0.0	
21.538024984635058	20.25898756333784	0.0	0.0	
25.552084215632323	13.119082365322544	0.0	0.0	
20.475618040888392	25.207168915704713	0.0	0.0	
13.772644551290679	30.83259828142869	0.0	0.0	
5.5111044202224555	17.306716476443658	0.0	0.0	
22.680787108360107	8.134789822322873	0.0	0.0	
7.187681034194732	6.703418944346616	0.0	0.0	
9.501542233109777	1.9598351179001483	0.0	0.0	
1.904777500943073	2.1869142702809725	0.0	0.0	
6.9349327517225525	7.351496205001428	0.0	0.0	
7.1853311518722975	25.273172400430003	0.0	0.0	
1.6023454457038966	5.083675883434079	0.0	0.0	
30.813649092607122	3.564244936597717	0.0	0.0	
22.487138563906253	1.2283230137248964	0.0	0.0	
3.129712633646342	17.982961386145476	0.0	0.0	
29.278530158185987	2.1714595643515864	0.0	0.0	
15.64227032891726	1.1764626227049924	0.0	0.0	
15.327150851211176	24.923917872981267	0.0	0.0	
30.9209658954245	13.328632638226832	0.0	0.0	
27.8606059646668	10.848691212435597	0.0	0.0	
21.64664083155361	20.293906710839984	0.0	0.0	
17.789418483873945	18.343852752293277	0.0	0.0	
1.5272395791669773	27.57310077673349	0.0	0.0	
17.40588607246844	2.846428210465053	0.0	0.0	
3.3101206406602195	4.063077025242638	0.0	0.0	
18.49529278157369	4.345899107967995	0.0	0.0	
5.972404801894957	18.224284567267762	0.0	0.0	
14.353301274625988	23.676516226338443	0.0	0.0	
1.0135114091871245	24.8178691346002	0.0	0.0	
26.750639255434248	5.094339759943026	0.0	0.0	
2.275530384465622	25.82343861417197	0.0	0.0	
31.223699979756603	13.158482556397033	0.0	0.0	
22.281321965530463	29.14147493114631	0.0	0.0	
0.9301875586309691	5.873684856078203	0.0	0.0	
3.8450227845993936	22.185801836171557	0.0	0.0	
22.454795338238448	3.1455087388721417	0.0	0.0	
2.7591305884867765	5.501102405668952	0.0	0.0	
17.933248422798673	10.197270966950192	0.0	0.0	
27.942460567382227	0.18310313412310464	0.0	0.0	
7.113357956719298	27.058882569598808	0.0	0.0	
24.97395509133838	14.199750140870936	0.0	0.0	
26.84257511588037	6.285663351049575	0.0	0.0	
2.5730624239064923	25.32888728533505	0.0	0.0	
19.45375122445574	21.61190522049198	0.0	0.0	
13.053015178758912	27.39495858698134	0.0	0.0	
20.49712402156869	8.709159203629806	0.0	0.0	
21.64844250226688	5.345763243939089	0.0	0.0	
2.219287393258508	12.605233984131484	0.0	0.0	
24.34811121190552	2.2090979551909697	0.0	0.0	
6.304695248859058	9.050108785612924	0.0	0.0	
9.143018606938963	29.824251124682213	0.0	0.0	
22.55281441416049	9.024450564647768	0.0	0.0	
9.079550544103494	6.846912543027749	0.0	0.0	
30.01550881924534	13.513044378725702	0.0	0.0	
6.781094602762167	4.825833174007961	0.0	0.0	
5.2270386584240995	8.92724886363218	0.0	0.0	
1.0465742723432498	20.039125910595118	0.0	0.0	
30.53832577947073	21.521770920885697	0.0	0.0	
15.976982003184393	6.279106433756848	0.0	0.0	
0.07189202057633182	24.59941896959221	0.0	0.0	
20.470612813903514	17.911556978838604	0.0	0.0	
4.578717634815618	2.431519846611174	0.0	0.0	
3.18747969468955	7.436471362332636	0.0	0.0	
1.0394358993760378	14.43515331931821	0.0	0.0	
9.246244484340021	10.033203078348421	0.0	0.0	
28.87300894555977	15.943174433575798	0.0	0.0	
24.343164396265834	27.302401790785837	0.0	0.0	
28.704585867545052	17.88434363495818	0.0	0.0	
27.395864304455834	14.557538922122426	0.0	0.0	
16.565086118049617	13.720437255092914	0.0	0.0	
13.845201314889248	9.284459064767308	0.0	0.0	
5.284327246612477	16.938688172106673	0.0	0.0	
0.034555677516305394	5.3477090945251184	0.0	0.0	
12.129748545148434	15.419992837006404	0.0	0.0	
2.542521040690346	28.683518809138103	0.0	0.0	
18.816281959233496	30.68482296146681	0.0	0.0	
16.426562256076423	31.764309801652402	0.0	0.0	
30.69971009234228	18.464871339139282	0.0	0.0	
15.604856956143859	26.37582300526972	0.0	0.0	
17.049038653017785	3.4465092575444274	0.0	0.0	
5.783370489342172	7.246215539024085	0.0	0.0	
24.088200944519638	19.36906123934141	0.0	0.0	
19.512017347667783	26.024557835260094	0.0	0.0	
4.647041795708436	10.730366240549323	0.0	0.0	
5.88470309745863	17.464048094988808	0.0	0.0	
24.214936729058778	17.696202987895855	0.0	0.0	
31.035157103113104	30.56478638727233	0.0	0.0	
31.830711335260453	25.932147472560178	0.0	0.0	
4.1440083457514945	12.576823705751703	0.0	0.0	
19.267698085429647	1.472052287893522	0.0	0.0	
20.681091115605053	29.13016658452516	0.0	0.0	
8.811496774381052	16.96146219674851	0.0	0.0	
28.734119817511836	11.30480220822895	0.0	0.0	
14.823495655686294	29.021837744183113	0.0	0.0	
13.592509699921294	25.224788339749175	0.0	0.0	
21.913115297624035	6.699046838561312	0.0	0.0	
6.1014259217189775	27.19672332911434	0.0	0.0	
19.438224980078047	25.87269417828814	0.0	0.0	
11.861737126043884	16.07064654110885	0.0	0.0	
6.134919013511833	28.694204992485535	0.0	0.0	
9.968825189195709	16.094100934524104	0.0	0.0	
2.4304776408819784	2.1906770926273538	0.0	0.0	
15.41967728864753	31.273084749519825	0.0	0.0	
22.494914819186548	28.507853048379335	0.0	0.0	
9.15025334123623	31.906630826516125	0.0	0.0	
31.837027666681575	27.389564981046714	0.0	0.0	
2.627616617389517	23.11951168345453	0.0	0.0	
22.137313030956058	26.98211905266474	0.0	0.0	
10.672828053634849	23.181367766379672	0.0	0.0	
8.86174514546806	3.8593685940167717	0.0	0.0	
21.711665325046532	13.70400763385911	0.0	0.0	
27.47967469451008	4.7731308698212835	0.0	0.0	
29.511327406038067	21.53746531300513	0.0	0.0	
18.756672334189023	22.84129975371674	0.0	0.0	
29.249563993716766	5.564679232602401	0.0	0.0	
3.7083418678271265	31.83724071534408	0.0	0.0	
3.8534389003862763	14.161628933039989	0.0	0.0	
8.948803981711908	26.134456725293433	0.0	0.0	
1.096849903247378	2.085587444529086	0.0	0.0	
0.5338448132464073	21.213839246183813	0.0	0.0	
1.710387591578975	6.0134735636408045	0.0	0.0	
0.04489583651498208	9.53282167832819	0.0	0.0	
30.770446014386163	16.311408484802215	0.0	0.0	
10.68467792402512	28.705621820748643	0.0	0.0	
2.898231785593911	12.443814060963085	0.0	0.0	
0.7010641946065128	19.230933878952488	0.0	0.0	
9.60034744279437	16.126968751604522	0.0	0.0	
0.003849229275200372	14.383209184691303	0.0	0.0	
0.6790682062269155	26.90642061740074	0.0	0.0	
14.479531631943416	21.179612765027244	0.0	0.0	
2.8430133997517437	1.4505958759289292	0.0	0.0	
0.29411407822336955	0.2133998341028125	0.0	0.0	
13.539793542390772	8.647325833626379	0.0	0.0	
6.898309583603709	24.5567703852485	0.0	0.0	
15.545673566088578	19.446471005208817	0.0	0.0	
7.034221773123587	15.051698402982812	0.0	0.0	
14.543982873485223	16.787336069385514	0.0	0.0	
11.976646908434265	11.852685005218156	0.0	0.0	
9.753638386465369	26.043111707734287	0.0	0.0	
28.196578464928617	29.38177450147618	0.0	0.0	
2.0314432371870907	19.156862097729412	0.0	0.0	
22.900497200862727	9.253058114710562	0.0	0.0	
14.715731647058014	1.9563345951432645	0.0	0.0	
14.311936091649187	5.95365196847284	0.0	0.0	
4.624060567056134	4.423620939899493	0.0	0.0	
24.704494945738382	8.268595222349802	0.0	0.0	
11.379866815202679	2.3920608055317487	0.0	0.0	
8.393088712029463	11.12131927445385	0.0	0.0	
31.495200274599203	2.256373448842055	0.0	0.0	
11.068571896330948	19.277577417673765	0.0	0.0	
15.662934690968996	3.6640515738765878	0.0	0.0	
29.84375210305332	15.957711829614531	0.0	0.0	
14.76143337814668	30.317060676368314	0.0	0.0	
21.428562742556693	27.208233880616447	0.0	0.0	
12.504977663455623	20.369644767124385	0.0	0.0	
28.253770790300702	26.750238299638454	0.0	0.0	
3.9183707751277943	4.510984116333393	0.0	0.0	
27.77287779728728	26.74725422528858	0.0	0.0	
0.40911850902406144	18.30681969892199	0.0	0.0	
22.249015417062665	6.838940610406208	0.0	0.0	
4.616522466736672	24.762796319533273	0.0	0.0	
17.424845219345265	12.351162697006195	0.0	0.0	
4.761047801360089	20.518724872681847	0.0	0.0	
12.846115756745604	15.01252207991395	0.0	0.0	
8.59671933549604	26.652999542475694	0.0	0.0	
27.712290147389364	16.293523758940626	0.0	0.0	
22.684584103961903	31.41066076579878	0.0	0.0	
30.7941919892812	12.300158805574476	0.0	0.0	
7.588194210951102	21.521382129579806	0.0	0.0	
6.132644013789356	1.5023868670928842	0.0	0.0	
1.416327727121903	17.02344229174943	0.0	0.0	
6.872932126498107	7.492006465827398	0.0	0.0	
0.18865892827153274	11.89848425438555	0.0	0.0	
13.793246656717638	12.145745755267072	0.0	0.0	
9.886885098541121	27.338055403347347	0.0	0.0	
25.63652758653548	6.727527058276642	0.0	0.0	
17.727091804835407	16.35072190145446	0.0	0.0	
12.107595391046985	26.43249371453989	0.0	0.0	
3.6538655155339974	13.568127373978335	0.0	0.0	
15.948682952818551	12.330588761599508	0.0	0.0	
8.162133294184443	16.427427164905914	0.0	0.0	
18.068184447933998	14.553728436676774	0.0	0.0	
0.9397030227012806	27.605277660597796	0.0	0.0	
9.238585297581924	29.61759890347664	0.0	0.0	
26.100253959597772	17.695952502558804	0.0	0.0	
12.783310352037368	30.536691769188874	0.0	0.0	
19.53533213117636	16.87150243886521	0.0	0.0	
24.877769640863903	27.916109482016427	0.0	0.0	
21.911992981453952	16.661588914305337	0.0	0.0	
24.836040117033463	31.951853407554836	0.0	0.0	
11.4159641873979	26.493071220888858	0.0	0.0	
17.842867512995596	25.251778882514508	0.0	0.0	
19.199627553588616	12.99663040413088	0.0	0.0	
14.915398060051228	19.689667540188704	0.0	0.0	
14.322240414080458	17.023072133013404	0.0	0.0	
17.315014948718197	26.073184201840856	0.0	0.0	
25.003272757129036	6.825678109711834	0.0	0.0	
13.901146239333517	18.643497806256384	0.0	0.0	
24.711084485191556	17.877677068169916	0.0	0.0	
12.643790006766924	20.79058517206111	0.0	0.0	
25.358382510892973	5.067905559633449	0.0	0.0	
25.95810156230236	3.290345109332332	0.0	0.0	
25.83022555389659	0.30819428459628995	0.0	0.0	
27.953989813844487	6.95361897674686	0.0	0.0	
16.57635138004932	3.077781588687632	0.0	0.0	
22.231840482079832	5.118977495050007	0.0	0.0	
15.054071676139731	20.749679882590343	0.0	0.0	
25.117793713086606	18.520615525299753	0.0	0.0	
8.597304131046876	21.876574682987737	0.0	0.0	
7.105303452091075	3.6717308988960937	0.0	0.0	
23.79507181709981	30.91137271387873	0.0	0.0	
2.29661673492485	23.83067604355079	0.0	0.0	
27.283432713150386	30.786963773979483	0.0	0.0	
11.155431003049799	24.50775190458958	0.0	0.0	
17.959559295910275	15.815996119619264	0.0	0.0	
20.639435183241595	21.794620837251788	0.0	0.0	
4.206682573542814	24.14310650623396	0.0	0.0	
9.995229306891975	1.110504549420515	0.0	0.0	
16.507991735638353	28.95031866357997	0.0	0.0	
31.065984050822184	8.116718217201537	0.0	0.0	
13.257270550261342	12.113181649461659	0.0	0.0	
29.645399259827485	11.590068600640013	0.0	0.0	
24.711187071101122	14.731570061036898	0.0	0.0	
22.344839608817136	6.417428647117255	0.0	0.0	
14.105966419221666	2.9199166922588944	0.0	0.0	
8.046838380604033	10.69031592646725	0.0	0.0	
9.970348388871862	4.584155642485957	0.0	0.0	
27.31383228833719	0.019990044168764598	0.0	0.0	
8.364149773347744	27.771630101604924	0.0	0.0	
2.7986360753407773	17.783153111050424	0.0	0.0	
11.752227925561709	16.203686612796904	0.0	0.0	
3.1829091051389646	5.206064376893057	0.0	0.0	
27.52545119835443	31.86422952628872	0.0	0.0	
5.266194445934975	1.3119626639119808	0.0	0.0	
5.919873522965002	23.134662131407566	0.0	0.0	
8.944083049849567	27.386941394219757	0.0	0.0	
14.463777921323576	25.386614396777844	0.0	0.0	
13.758596746118663	4.78364684905068	0.0	0.0	
8.332115573533784	30.109495272879776	0.0	0.0	
15.074714161691272	29.824276490553608	0.0	0.0	
15.343812473245759	28.25901212145847	0.0	0.0	
12.658302210762695	0.43229997938767184	0.0	0.0	
15.901038647436053	14.23568398671777	0.0	0.0	
6.737196991025719	5.260274468046671	0.0	0.0	
6.616707964311594	25.506284512607916	0.0	0.0	
26.95921366399102	29.53373681036002	0.0	0.0	
18.31932218912415	30.210595962484263	0.0	0.0	
9.711384594707539	4.514719985024474	0.0	0.0	
14.286833026739952	7.32720666181627	0.0	0.0	
21.72219317574579	31.29231827579831	0.0	0.0	
14.824265661027724	26.302307269805244	0.0	0.0	
17.142867438438653	9.016578800346217	0.0	0.0	
12.089329086062147	5.040434968356607	0.0	0.0	
28.827330539029628	12.211266579835446	0.0	0.0	
27.49724154651604	4.285249521004623	0.0	0.0	
10.324789224118803	27.528485405668796	0.0	0.0	
4.350516924089558	23.97002023169202	0.0	0.0	
17.344344113064864	30.13980785037362	0.0	0.0	
5.814589786508893	11.351151268437839	0.0	0.0	
24.587052236237906	22.578596472790235	0.0	0.0	
1.9858366953826199	3.403156699171472	0.0	0.0	
27.21996362090526	27.722549023763463	0.0	0.0	
8.220200260246642	24.321598143646817	0.0	0.0	
19.39624585767086	3.1411179798047932	0.0	0.0	
4.720285270269741	25.60895341171154	0.0	0.0	
8.308897603380547	8.033179491750431	0.0	0.0	
14.419399567712475	18.01211584419007	0.0	0.0	
4.037611339175722	13.104806514811191	0.0	0.0	
13.919038108625596	16.540893828576102	0.0	0.0	
5.700600956373371	7.200269082205917	0.0	0.0	
21.134899201473328	31.807045335213903	0.0	0.0	
8.294796023378133	30.67539384223202	0.0	0.0	
2.994450160712457	24.415649561612856	0.0	0.0	
29.49614167276127	5.117592198127998	0.0	0.0	
30.032365478531972	24.72872404497915	0.0	0.0	
19.401305026738275	1.064865218356708	0.0	0.0	
28.533074165952044	16.432474889378668	0.0	0.0	
8.309753656896472	10.292996775374139	0.0	0.0	
12.577702351282262	18.29040380081223	0.0	0.0	
24.020443136389254	0.7986514560153637	0.0	0.0	
8.178096781050293	3.238858759188311	0.0	0.0	
31.90284790118014	7.63220190038027	0.0	0.0	
9.761695221393634	23.096057395197686	0.0	0.0	
28.465926211434567	5.955810482672103	0.0	0.0	
5.16715484109147	25.133776278019912	0.0	0.0	
29.317345935224562	17.367560037134318	0.0	0.0	
11.001448927975797	5.254522020304314	0.0	0.0	
26.56836221438211	15.40162440165609	0.0	0.0	
3.311166691394618	10.265551728209445	0.0	0.0	
25.418918239722313	20.47374812280627	0.0	0.0	
23.39640633677696	7.566749067027008	0.0	0.0	
18.762321550621404	15.505708151741747	0.0	0.0	
6.020855973190891	16.96335231440935	0.0	0.0	
4.016070192350735	15.927345318766342	0.0	0.0	
5.89728436580177	28.09953283815713	0.0	0.0	
9.175105635838314	29.082374117327564	0.0	0.0	
25.12041950583186	21.528427686367547	0.0	0.0	
17.53303764381068	12.360167939764406	0.0	0.0	
19.81662044399946	12.211311426752342	0.0	0.0	
28.903855961309258	23.02705395302478	0.0	0.0	
21.72301783891327	2.6315141635572914	0.0	0.0	
12.628660577300682	5.810336060887014	0.0	0.0	
7.502058022078668	20.793329153919174	0.0	0.0	
2.652476888224758	13.100897716697819	0.0	0.0	
12.545026228341388	0.1331249659594107	0.0	0.0	
28.126227645243173	24.077608273737503	0.0	0.0	
24.082446547741352	28.343983458667616	0.0	0.0	
9.19975845277849	2.7221298590944834	0.0	0.0	
17.197591277574123	11.279893530099645	0.0	0.0	
27.21028463796081	8.60925649561463	0.0	0.0	
6.329243728388914	6.025858436801169	0.0	0.0	
20.773786533676187	24.30456399668781	0.0	0.0	
9.01274361277995	14.176296666009971	0.0	0.0	
11.008824537949216	16.66596569292372	0.0	0.0	
26.18146804345075	25.683938502319567	0.0	0.0	
23.253445492294407	28.736080767041372	0.0	0.0	
8.561376448842957	16.033952437469463	0.0	0.0	
30.362249037384835	5.702239681105699	0.0	0.0	
7.266800145411409	8.635093164516594	0.0	0.0	
6.835251370604407	6.401986285527599	0.0	0.0	
6.999906005375813	19.708268911031112	0.0	0.0	
13.953692811215795	19.162496552385367	0.0	0.0	
3.413726822930535	24.019138583668777	0.0	0.0	
24.42069813476694	6.0744070338492975	0.0	0.0	
1.0305924906749446	5.165527642713915	0.0	0.0	
7.003501495508672	19.476224391753032	0.0	0.0	
24.015699835388673	21.17577099485302	0.0	0.0	
18.57893734477554	14.25600967783571	0.0	0.0	
12.711753912628769	6.0042448753412145	0.0	0.0	
12.739919417066584	3.7827616345786126	0.0	0.0	
24.932894829540064	16.81405908625888	0.0	0.0	
30.636696386800146	0.7106755626201711	0.0	0.0	
31.821108467430413	6.165373492575906	0.0	0.0	
13.684091376402371	24.15548684643316	0.0	0.0	
12.266595315124952	26.63917741304822	0.0	0.0	
16.784201376648028	21.724152545360297	0.0	0.0	
0.6743394229859483	23.85603862470653	0.0	0.0	
23.671417843353495	19.399604704451974	0.0	0.0	
29.736714977663258	19.184770852141416	0.0	0.0	
8.872518680668765	0.27729380128161907	0.0	0.0	
3.2945138397815015	20.351625373616326	0.0	0.0	
3.226040688753141	4.360474929418309	0.0	0.0	
21.267591833857242	0.5460229521352069	0.0	0.0	
12.532831779745248	6.641784294110298	0.0	0.0	
18.372561324511395	22.14326043327529	0.0	0.0	
19.26156004372997	28.5469824275658	0.0	0.0	
29.30789720118895	20.252243662363053	0.0	0.0	
29.744684489132947	30.033687524903932	0.0	0.0	
23.7852074979375	16.675716558786878	0.0	0.0	
13.403826647567534	28.621067180775032	0.0	0.0	
16.878878812002664	23.143503703552263	0.0	0.0	
11.761854186725845	17.389590841188536	0.0	0.0	
10.883938907852603	30.97306031096394	0.0	0.0	
8.560653841470252	13.288380866024355	0.0	0.0	
12.118155000851917	20.070219943564293	0.0	0.0	
18.897678889955564	5.614745403386461	0.0	0.0	
12.625159163403428	21.860455886219423	0.0	0.0	
8.971732831992767	0.13428229228276578	0.0	0.0	
25.903567360506777	6.987973540562315	0.0	0.0	
7.65481677358305	30.23608543253759	0.0	0.0	
19.7485811567336	16.37407061373633	0.0	0.0	
4.166031002178578	0.3289845329911003	0.0	0.0	
23.562810353818875	23.967909052949903	0.0	0.0	
24.694175249221026	2.6543671169539067	0.0	0.0	
0.5624373059380154	17.218378396960283	0.0	0.0	
27.35544786642822	1.3741520433716978	0.0	0.0	
10.619307038126607	8.236583246456725	0.0	0.0	
2.1369449983153324	1.0610267710166248	0.0	0.0	
17.42373396682774	14.578607958916436	0.0	0.0	
22.965446029672346	9.192620741616029	0.0	0.0	
17.107381608206385	11.161650981800726	0.0	0.0	
