2
32.0	0.0	0.0	0.0	
0.0	32.0	0.0	0.0	
6.0031237083963696	2.9131872181583383	0.0	0.0	
15.043034045120386	31.99986841655813	0.0	0.0	
21.21838279283459	25.263428386147798	0.0	0.0	
12.761288485769104	2.23080533471855	0.0	0.0	
19.02987252491499	20.798288986872144	0.0	0.0	
29.792239095860914	28.090593718063783	0.0	0.0	
10.11261640442196	11.464953206245504	0.0	0.0	
24.882778075715095	28.642147785363356	0.0	0.0	
27.956459358239144	15.177899464248163	0.0	0.0	
27.390735639750186	28.72801701807977	0.0	0.0	
15.065733560433287	11.001012457965231	0.0	0.0	
3.757821732200849	16.300542553909736	0.0	0.0	
17.03285515367495	4.427067374867136	0.0	0.0	
3.36345568053731	31.812965552651875	0.0	0.0	
29.022293932904258	17.94683496703438	0.0	0.0	
11.468000889596865	8.5432341170008	0.0	0.0	
0.42328446595670854	15.284082276516397	0.0	0.0	
2.0405282950036288	16.66849216272346	0.0	0.0	
2.0254925730219746	10.29916693505692	0.0	0.0	
31.855041415487	13.267476877268312	0.0	0.0	
18.260054568309414	2.7690344925945034	0.0	0.0	
25.400525079447924	26.766654072233916	0.0	0.0	
4.153786140105751	8.456363343319339	0.0	0.0	
14.051543931255775	31.34551771074741	0.0	0.0	
12.247883916332789	6.4313512934792385	0.0	0.0	
23.623522453046544	16.626932104199536	0.0	0.0	
2.3318733078794303	25.744328927327988	0.0	0.0	
6.307910997750383	7.46535477794367	0.0	0.0	
8.94692556928938	2.1250374961319203	0.0	0.0	
15.806125347101087	24.633920565495213	0.0	0.0	
10.232333721170402	2.2952835237041924	0.0	0.0	
22.639385687363315	26.66115304042258	0.0	0.0	
16.08896800728615	21.38812912369881	0.0	0.0	
1.4881745191935103	16.506632687533262	0.0	0.0	
31.90450940762785	7.169677857350521	0.0	0.0	
9.333313620013552	12.879152468596601	0.0	0.0	
21.264259902083875	5.491664219553641	0.0	0.0	
29.215062803842947	7.739245790339105	0.0	0.0	
25.603848123566124	15.792460907035817	0.0	0.0	
6.495413351988908	20.490522621895785	0.0	0.0	
21.557514782118957	26.72394540001516	0.0	0.0	
12.813919512813484	14.676382583795444	0.0	0.0	
22.773758288249432	15.557995994271984	0.0	0.0	
8.050892773461896	22.996733007237562	0.0	0.0	
3.63082232245662	23.412745306671155	0.0	0.0	
11.727315120346205	27.187079203164615	0.0	0.0	
28.964415810377833	18.621891768177974	0.0	0.0	
24.91117660313828	4.93945643605662	0.0	0.0	
24.3260598680805	4.981451337684817	0.0	0.0	
13.665903145618834	23.233400933863404	0.0	0.0	
29.337720071630994	25.182985789911555	0.0	0.0	
17.170397704506325	15.066805162893072	0.0	0.0	
14.758241645492717	29.060033638739213	0.0	0.0	
21.54922989083953	30.161690288584463	0.0	0.0	
2.730439913229212	9.585288564206856	0.0	0.0	
22.072229108403725	7.510524443929047	0.0	0.0	
12.07201516642764	20.18957325662643	0.0	0.0	
18.148427905606376	5.77346713120744	0.0	0.0	
18.224461792058865	9.626580493545582	0.0	0.0	
8.790728478939233	23.900586983925294	0.0	0.0	
18.091172599960593	19.606328815441096	0.0	0.0	
5.99251961890711	12.373109746053661	0.0	0.0	
27.50061941573318	10.294687446046602	0.0	0.0	
6.324853174429229	12.147403196034027	0.0	0.0	
30.689368335585783	7.41416214568617	0.0	0.0	
0.41934502210494884	25.549227951965854	0.0	0.0	
13.648015568374728	26.939986845678057	0.0	0.0	
31.36259585537784	6.390749349530516	0.0	0.0	
7.6807207912456406	15.096745984712154	0.0	0.0	
30.121621392656486	9.009974022739659	0.0	0.0	
13.21410403649276	2.959861821053412	0.0	0.0	
11.215390302728878	28.149512203027804	0.0	0.0	
9.037326861039418	17.904168054300182	0.0	0.0	
5.222635528964535	24.596744507428433	0.0	0.0	
17.914058858562925	21.374454324204386	0.0	0.0	
8.816781339510797	16.616896517014922	0.0	0.0	
31.207143700346002	6.278917220619654	0.0	0.0	
11.840938799775714	23.1382268196298	0.0	0.0	
22.342634994159088	4.327235746068769	0.0	0.0	
27.209347044615605	2.128315206899803	0.0	0.0	
5.6065078086853966	4.676477944160723	0.0	0.0	
5.2119687887997515	21.007157841769086	0.0	0.0	
6.429695136027892	22.71605725311959	0.0	0.0	
5.831792238200347	11.509343744383308	0.0	0.0	
3.394243878860131	14.872114089804551	0.0	0.0	
16.85345613386029	15.526686996678503	0.0	0.0	
3.9210071665912487	6.665410516855605	0.0	0.0	
4.415467958359635	23.916633926707174	0.0	0.0	
24.94747311052169	22.527949620568418	0.0	0.0	
17.402537855605626	7.637992656010649	0.0	0.0	
28.274671406644472	18.07857599306182	0.0	0.0	
31.648437301437426	11.614453053251982	0.0	0.0	
20.97542393877989	15.645787472983827	0.0	0.0	
14.220308448446406	10.213861456245507	0.0	0.0	
11.744035942538652	10.130340930704868	0.0	0.0	
4.120552374738384	28.36741452137137	0.0	0.0	
7.975788919201857	26.548269084853924	0.0	0.0	
2.01346076393817	3.9221801769420175	0.0	0.0	
28.264053868709556	6.561990835076227	0.0	0.0	
17.695405904201547	0.43114049955099176	0.0	0.0	
1.079539016428555	7.685879336649403	0.0	0.0	
25.952975645861283	20.457696645447193	0.0	0.0	
22.1778618679729	8.738572912622644	0.0	0.0	
20.22235183947333	7.923926674004832	0.0	0.0	
25.48597303989022	0.7525774162666465	0.0	0.0	
12.182386252026646	7.90808941664708	0.0	0.0	
13.853692966774926	27.132569998672118	0.0	0.0	
28.413878281250877	10.195864634859955	0.0	0.0	
30.918694120677998	10.355883341493609	0.0	0.0	
31.487305302036773	0.8838275387630894	0.0	0.0	
13.297374448332704	16.94567544522159	0.0	0.0	
1.4692316661745757	13.255829012372999	0.0	0.0	
14.115617269016155	0.2000236282225032	0.0	0.0	
15.498994030632705	18.192189083384722	0.0	0.0	
7.800545318739093	6.291759427281722	0.0	0.0	
28.393619153882366	25.31380479665667	0.0	0.0	
19.055072053784652	11.79914025756489	0.0	0.0	
28.62716836493219	16.65893356549693	0.0	0.0	
25.753997076638655	11.280863332605026	0.0	0.0	
10.089872574676697	26.45251773871828	0.0	0.0	
10.128855916640674	27.126226814068517	0.0	0.0	
2.9247799518494233	15.161299820350415	0.0	0.0	
3.4603493706058686	19.170818161344908	0.0	0.0	
24.138911750320126	13.781207863025543	0.0	0.0	
26.663479736895233	29.139510162083855	0.0	0.0	
13.150425512589234	19.920019499245804	0.0	0.0	
13.016550320785505	25.424924991457846	0.0	0.0	
30.043032870827236	0.0028102963072598186	0.0	0.0	
22.543880805758604	4.139221145804839	0.0	0.0	
0.2880081484169388	27.815421496789885	0.0	0.0	
14.88248571754282	28.33663155322817	0.0	0.0	
28.63335293448718	25.898790080110153	0.0	0.0	
21.161985276511484	30.282736944853	0.0	0.0	
4.145688634142939	30.44808173136637	0.0	0.0	
12.071958551795493	19.200994308481725	0.0	0.0	
6.602117003537224	24.18158039077212	0.0	0.0	
0.7161504064108435	20.30382697344128	0.0	0.0	
3.746963560259559	11.570942451477912	0.0	0.0	
23.788746804405587	2.8564042778755763	0.0	0.0	
26.276740136442307	7.903116668273942	0.0	0.0	
9.777543350520222	8.465832707861434	0.0	0.0	
13.792097810572539	27.56644004796177	0.0	0.0	
0.24381540746441388	24.99555346179844	0.0	0.0	
16.818525867830658	25.167488770701308	0.0	0.0	
27.02636204879497	22.428804398650787	0.0	0.0	
30.97265109340735	8.786737444272628	0.0	0.0	
4.670238576429952	8.945118239890654	0.0	0.0	
31.9631325325919	3.37743575848474	0.0	0.0	
1.75330238634022	2.8349251635247406	0.0	0.0	
25.02586620345267	6.021038749943049	0.0	0.0	
21.282171534599108	26.324181221146567	0.0	0.0	
7.58304181729094	16.70350634434486	0.0	0.0	
19.26187930929382	13.5530440556625	0.0	0.0	
7.122809266841674	4.561300194926062	0.0	0.0	
6.723568013567547	14.049034100389047	0.0	0.0	
14.408674223129115	17.922125941821374	0.0	0.0	
11.947188428294456	8.803527513056437	0.0	0.0	
21.734358420234273	20.8001414595732	0.0	0.0	
25.608351986561598	6.889771050108955	0.0	0.0	
15.078640799718812	1.8898537590877034	0.0	0.0	
26.770982013838733	3.2299251580180766	0.0	0.0	
21.492027734399276	0.14268129480339553	0.0	0.0	
5.0581392202817845	15.717428413211366	0.0	0.0	
0.4238551842046192	29.752012951302184	0.0	0.0	
5.520070544750485	21.988478001660237	0.0	0.0	
20.703307960641617	2.7963185096309253	0.0	0.0	
2.89354150063512	11.259674238912655	0.0	0.0	
1.9642543605066933	17.18829273187729	0.0	0.0	
24.208868395520437	27.894907540578956	0.0	0.0	
19.473785959747143	2.0322647031896395	0.0	0.0	
22.246221687170006	12.188512085245026	0.0	0.0	
30.043586128031716	24.52627475744756	0.0	0.0	
7.260471396629409	5.79482601889903	0.0	0.0	
17.650406864787193	19.11473862977012	0.0	0.0	
9.461846667394411	25.32886495646901	0.0	0.0	
9.099318251580979	24.77137942843857	0.0	0.0	
30.454185431046856	31.74616878747805	0.0	0.0	
17.61453718324728	17.528794188152744	0.0	0.0	
28.932964194745242	23.674678075133574	0.0	0.0	
23.454747924871878	22.842637071383628	0.0	0.0	
16.503958622365786	30.483456613600264	0.0	0.0	
28.570816681527386	19.38124981215734	0.0	0.0	
28.95675122670085	20.791938019946766	0.0	0.0	
24.423300967271462	4.1754845900736015	0.0	0.0	
31.45772320907578	23.84744387035757	0.0	0.0	
5.438884633301093	31.108381477553614	0.0	0.0	
11.443095467326739	20.213464515995277	0.0	0.0	
31.27797780648334	4.509396798376724	0.0	0.0	
21.67027754332694	10.175169598197439	0.0	0.0	
15.713328943012769	8.576815222650541	0.0	0.0	
23.10548942312899	11.227893550891945	0.0	0.0	
23.85475404519495	30.03302664162158	0.0	0.0	
14.147054804150763	27.05674947686007	0.0	0.0	
28.15173037824653	25.903364779187505	0.0	0.0	
1.6260031645940813	9.787797572227525	0.0	0.0	
11.592726799782959	6.530323237103239	0.0	0.0	
22.79078556997758	12.677443129183931	0.0	0.0	
9.109728969046223	28.269399642529265	0.0	0.0	
24.862399536549606	26.658579301113072	0.0	0.0	
23.466564586086125	14.286752304066205	0.0	0.0	
30.064455768439505	24.79167649647777	0.0	0.0	
9.912564914942152	23.59355062488416	0.0	0.0	
3.5552116777300355	9.47637981518012	0.0	0.0	
17.85611941673676	30.58955717429887	0.0	0.0	
26.50111621481552	23.20752359539548	0.0	0.0	
16.105843649030007	26.58043492223438	0.0	0.0	
13.672767394412315	3.2138140924107397	0.0	0.0	
4.850066451071495	27.087577037051982	0.0	0.0	
29.524388355492437	17.03258181801249	0.0	0.0	
24.786371173362586	21.265097752057752	0.0	0.0	
30.66627414685335	15.496098608787037	0.0	0.0	
26.245477726139818	1.3346386064853668	0.0	0.0	
11.195668624733838	7.74368701597604	0.0	0.0	
14.623469571562108	30.026398558333288	0.0	0.0	
15.028793025141027	28.401962882652256	0.0	0.0	
3.4701532425856065	12.63214138629871	0.0	0.0	
13.908822425365486	4.72489467617838	0.0	0.0	
30.65128254905392	31.45334431189139	0.0	0.0	
13.096210071677152	2.673675987314933	0.0	0.0	
23.84762052553513	28.68212664674532	0.0	0.0	
14.277983234068092	17.347812297205284	0.0	0.0	
2.03179965851432	20.798595327208645	0.0	0.0	
7.080686794421016	5.766574987328017	0.0	0.0	
13.601052364740003	26.773021364322148	0.0	0.0	
23.62675487065877	6.43405503986158	0.0	0.0	
19.51213352629345	16.48032813942836	0.0	0.0	
5.796951664714818	11.511281252925333	0.0	0.0	
3.894236400034135	18.355601813827622	0.0	0.0	
15.701512166970971	29.5520592814218	0.0	0.0	
18.219992216934838	4.581221890430054	0.0	0.0	
31.86864111213007	9.775810751405857	0.0	0.0	
11.5022960336326	27.017814248983687	0.0	0.0	
7.738590327755162	9.173191871983551	0.0	0.0	
31.675346301412297	16.23893167300043	0.0	0.0	
1.8064954301349552	14.963425509955751	0.0	0.0	
2.4257006230837668	9.944799372362507	0.0	0.0	
25.411407812502553	23.503647458263092	0.0	0.0	
26.15444445246359	29.824240553219134	0.0	0.0	
9.020361004446752	22.671536646123993	0.0	0.0	
12.495030226418315	19.894004379744754	0.0	0.0	
26.124019288530445	5.604541976139405	0.0	0.0	
30.53362497595242	5.936931884625153	0.0	0.0	
9.971772636209664	12.492519622508816	0.0	0.0	
28.280131646802996	16.595656113902635	0.0	0.0	
8.68406610040882	6.3295874237837815	0.0	0.0	
27.297167034703765	8.222895256769178	0.0	0.0	
27.879503802072584	17.17017329099663	0.0	0.0	
15.86526383661771	19.995288041083903	0.0	0.0	
26.333634187720772	18.60355788009098	0.0	0.0	
5.342700245248782	16.98998868673995	0.0	0.0	
19.06681115417696	15.825885672829322	0.0	0.0	
3.4368524684508053	20.51471346428498	0.0	0.0	
8.926212591691009	1.6957102205844805	0.0	0.0	
15.07041675646649	28.85290241541666	0.0	0.0	
2.2409039811797875	11.044621040357942	0.0	0.0	
18.907118500912595	14.068392979782569	0.0	0.0	
24.12481893738836	4.849893950521771	0.0	0.0	
5.515429486851929	11.255786287857116	0.0	0.0	
28.613106248949517	7.326852097196806	0.0	0.0	
15.909871989848106	27.927656294710694	0.0	0.0	
28.954745346247087	13.398136414553708	0.0	0.0	
21.753891803387585	11.11188313568891	0.0	0.0	
23.18850943181886	17.06830822613636	0.0	0.0	
10.252115511510894	19.506344340318982	0.0	0.0	
18.491345596082745	5.4132815889824535	0.0	0.0	
7.119263484961849	14.326147189347445	0.0	0.0	
7.588250971439415	26.49467908011775	0.0	0.0	
4.8415679349526535	5.610274188689303	0.0	0.0	
26.868862376933908	12.630797001592775	0.0	0.0	
6.062371128489726	8.892781852568909	0.0	0.0	
7.750426669123275	26.471842547869368	0.0	0.0	
23.659753957223877	19.725710431731923	0.0	0.0	
22.779333335853227	30.0702737566353	0.0	0.0	
16.051394208911688	20.06796465594446	0.0	0.0	
5.105267321991072	27.564444216442546	0.0	0.0	
5.855213888984743	0.8819758392480388	0.0	0.0	
2.442454792871999	4.463308826137684	0.0	0.0	
28.513112354419704	21.50708702343853	0.0	0.0	
29.117822904853618	6.170698471173061	0.0	0.0	
18.476068543288022	26.91015608617544	0.0	0.0	
25.841430269835435	28.656059133836532	0.0	0.0	
10.965022609462824	6.31156436412747	0.0	0.0	
31.474958824245242	17.594551991368224	0.0	0.0	
5.028331960487577	6.92645953142631	0.0	0.0	
19.00196592649285	24.219546210686655	0.0	0.0	
25.807268066829135	25.760022084482117	0.0	0.0	
27.04283543431811	9.998126203138025	0.0	0.0	
5.489084114426166	27.09688366249749	0.0	0.0	
25.71042481375638	9.007530553766987	0.0	0.0	
2.954240776874599	19.677804646965864	0.0	0.0	
15.083773343490986	19.33048057482432	0.0	0.0	
15.423175314812621	18.168172699204042	0.0	0.0	
22.88792847928951	24.9516219287369	0.0	0.0	
17.37577976706349	31.234453373306973	0.0	0.0	
3.87332872802439	12.334154814025812	0.0	0.0	
7.607521904742505	5.583956782140309	0.0	0.0	
11.748204309119092	10.7541553666634	0.0	0.0	
1.7037552932483067	29.08992956089742	0.0	0.0	
1.8127293951285957	22.328374579494977	0.0	0.0	
20.97392502406068	2.551298485399471	0.0	0.0	
7.725690673165424	2.345711746351821	0.0	0.0	
19.01703616457715	29.1189679514334	0.0	0.0	
27.066476908358926	9.064205507054972	0.0	0.0	
21.48098399707798	19.51321964383308	0.0	0.0	
9.449211742392631	23.518053702172278	0.0	0.0	
22.379622701626655	16.47431517560648	0.0	0.0	
21.04470267579145	27.026314226357304	0.0	0.0	
0.3673145073231652	15.180372742963659	0.0	0.0	
7.065832526445487	22.15227785006827	0.0	0.0	
9.722535537305749	29.212744942733277	0.0	0.0	
9.115227118393104	15.541717977703598	0.0	0.0	
6.8283516251219964	9.552623594179654	0.0	0.0	
13.43208335745689	5.3352956379904235	0.0	0.0	
10.591254765980672	27.500289477126447	0.0	0.0	
25.346397431943853	14.397915857574851	0.0	0.0	
29.712832611582773	8.005674271126349	0.0	0.0	
30.754997917138667	4.372090101294525	0.0	0.0	
7.433923225563561	16.37971367740541	0.0	0.0	
4.640119794423114	24.121644452071948	0.0	0.0	
12.292636856094742	16.937047194672264	0.0	0.0	
19.144903823079183	24.488577591057272	0.0	0.0	
29.098588785809138	23.51578242790997	0.0	0.0	
14.481336034633696	10.349736880323757	0.0	0.0	
22.286189946515627	27.50281017141985	0.0	0.0	
24.758477499396996	18.307481225090946	0.0	0.0	
29.747980541169472	29.66259682999949	0.0	0.0	
26.70873568868946	21.02036094581894	0.0	0.0	
23.75744390452565	3.292654949871011	0.0	0.0	
12.562589772098516	30.695550567297662	0.0	0.0	
15.435029092718917	27.66222696807644	0.0	0.0	
24.957308261860245	21.98267103797364	0.0	0.0	
2.5661585419340334	31.162504087438435	0.0	0.0	
23.9948491605157	11.159606791108981	0.0	0.0	
25.908419518047157	6.362283770270494	0.0	0.0	
25.84420305504933	2.2789493025589813	0.0	0.0	
26.045365498054775	12.87933071662668	0.0	0.0	
15.822226165073484	2.7989669791136933	0.0	0.0	
16.565572135717755	19.892791136731493	0.0	0.0	
11.097999130782974	12.307791756970762	0.0	0.0	
1.905189889396265	13.06907153290619	0.0	0.0	
19.32623724374229	31.858885519359614	0.0	0.0	
15.189688766011994	23.808442905929258	0.0	0.0	
24.812443009948694	25.25465842589952	0.0	0.0	
27.477393902204824	12.73913956640008	0.0	0.0	
25.26957697756913	7.83508336980686	0.0	0.0	
25.56253235538654	5.6065265996755755	0.0	0.0	
3.7285267340603028	4.853034055871493	0.0	0.0	
20.074775008624403	21.459485978791246	0.0	0.0	
15.29036987798893	9.050107483897996	0.0	0.0	
7.305356498491047	24.4202718489845	0.0	0.0	
12.33104497573412	1.4987145710827008	0.0	0.0	
30.41424897380765	14.754050040344744	0.0	0.0	
16.620434299839943	3.638668099667971	0.0	0.0	
14.099145573281533	6.956294233020433	0.0	0.0	
29.865498659891227	30.773366330196787	0.0	0.0	
2.2316186459141107	8.121979419233384	0.0	0.0	
8.318450933514718	7.515951050291978	0.0	0.0	
14.283101632394313	6.703835122644271	0.0	0.0	
18.894277045969837	10.4981294230655	0.0	0.0	
3.0530567783215794	14.602396340872868	0.0	0.0	
5.0020247175034775	12.238866287267232	0.0	0.0	
20.056295294364155	30.014119070144776	0.0	0.0	
25.23925700451047	24.255043633861167	0.0	0.0	
30.93738887110069	11.183500484461373	0.0	0.0	
22.790971480502428	22.093324493566808	0.0	0.0	
14.207432729214343	30.631808862262947	0.0	0.0	
29.590001356790154	31.937571376988203	0.0	0.0	
22.865982259138868	25.641793240752406	0.0	0.0	
6.416234239110828	26.157190150634722	0.0	0.0	
12.867850465599322	12.22825468439925	0.0	0.0	
9.231943137903109	20.725053030359536	0.0	0.0	
8.782512810652484	6.000922037102264	0.0	0.0	
13.820959127625038	16.940184903879892	0.0	0.0	
0.45783174819784733	2.3774394624836077	0.0	0.0	
12.498688105053382	5.389828653962898	0.0	0.0	
18.395860967014986	21.245707086472017	0.0	0.0	
15.984011082548477	0.9848069058261331	0.0	0.0	
8.123533726201934	14.015214656777225	0.0	0.0	
18.196088678639242	30.14896429018412	0.0	0.0	
4.474454869585124	18.711093911139827	0.0	0.0	
27.040200607869682	18.817589556775935	0.0	0.0	
22.89984301527331	20.63268323891201	0.0	0.0	
15.103491829694224	19.116740070071977	0.0	0.0	
17.173344375805137	11.412003617716394	0.0	0.0	
23.31137315842246	21.79482613437634	0.0	0.0	
7.724347555673489	2.0115187033365594	0.0	0.0	
12.731565788683099	12.597211772473386	0.0	0.0	
24.87874618979481	6.185803174133223	0.0	0.0	
10.297405187305184	13.248865773378377	0.0	0.0	
23.547729426027697	11.314269280335555	0.0	0.0	
26.786073446818747	5.068128862033536	0.0	0.0	
23.705655383435467	15.989605679781612	0.0	0.0	
18.57954109235323	12.370130263081311	0.0	0.0	
7.470308412831756	8.242731285015168	0.0	0.0	
29.966823627384667	17.73024392653202	0.0	0.0	
23.47333258321735	11.783607340255951	0.0	0.0	
28.677828480434393	6.8451916990539345	0.0	0.0	
13.645045086017674	19.096700808225478	0.0	0.0	
5.924518751275798	8.932144087585161	0.0	0.0	
13.724792653049828	17.84271826118538	0.0	0.0	
22.91773399292385	15.818793128343273	0.0	0.0	
26.96020828593886	23.511381937836205	0.0	0.0	
25.579830644578962	25.785453361339766	0.0	0.0	
4.467567464561817	1.38324070759165	0.0	0.0	
14.410336888735571	1.478759325778391	0.0	0.0	
6.554912584252502	13.251943559662447	0.0	0.0	
20.492588300271926	10.397952192436517	0.0	0.0	
4.7994675583905675	6.24511798510046	0.0	0.0	
10.974456335288405	3.4971983775530404	0.0	0.0	
17.7840324344915	4.072386458875666	0.0	0.0	
24.71362432211721	28.648909805347476	0.0	0.0	
11.151949578993122	27.24069124424569	0.0	0.0	
14.326829330852654	6.281793206387757	0.0	0.0	
22.32712939526441	9.87316541803855	0.0	0.0	
1.072246661093068	2.428721070310253	0.0	0.0	
2.2269758182162462	15.739026846094063	0.0	0.0	
28.623793964889167	11.828984698857916	0.0	0.0	
1.1756780267697593	4.525504734760695	0.0	0.0	
26.835980780340208	5.850698711887691	0.0	0.0	
6.611219952732867	23.241982522228	0.0	0.0	
27.83830027333543	21.13788983803094	0.0	0.0	
8.803079630242358	0.6145465662658012	0.0	0.0	
1.9414347234223506	0.4308712336883751	0.0	0.0	
5.37938228322232	18.099119225878198	0.0	0.0	
8.331100149151489	31.176103477691175	0.0	0.0	
10.311022804422365	8.072315058026142	0.0	0.0	
10.922249064406095	31.21634710756371	0.0	0.0	
12.884163712758077	17.332412479145063	0.0	0.0	
12.9724294977331	21.223573616132175	0.0	0.0	
5.934142099065976	24.047203408214294	0.0	0.0	
25.989492263112915	1.2178496133552308	0.0	0.0	
28.596073110575393	24.37328355797199	0.0	0.0	
29.599278897741776	14.265233187516802	0.0	0.0	
17.621019174309875	2.560188742641863	0.0	0.0	
31.746941486433496	3.031515383290607	0.0	0.0	
5.996718374433648	26.070978415479125	0.0	0.0	
31.002865547920262	10.186722907955406	0.0	0.0	
27.0340698590625	27.555168236693984	0.0	0.0	
30.525746609430374	0.9334565785898761	0.0	0.0	
17.647976098361298	1.5480390479794757	0.0	0.0	
0.582781385278853	20.230520194275332	0.0	0.0	
5.745842820816296	18.466453969491543	0.0	0.0	
21.320871441990516	3.334680539824369	0.0	0.0	
1.5947016317690377	20.296619829189805	0.0	0.0	
17.992003450130525	26.638963297684803	0.0	0.0	
6.975222166384533	12.571209709898998	0.0	0.0	
25.409573071091188	0.17934265016022977	0.0	0.0	
15.121723962824955	29.65629298876009	0.0	0.0	
13.171563435859195	2.9355446471450684	0.0	0.0	
18.413664250244352	27.881855171640886	0.0	0.0	
19.27642550585494	14.863546366187432	0.0	0.0	
17.961835820494464	11.006574349349922	0.0	0.0	
5.114664954755725	22.450156792289448	0.0	0.0	
24.387845548994342	18.505699684423845	0.0	0.0	
29.95232230369487	20.556551813250085	0.0	0.0	
31.63292649901045	18.46290304559859	0.0	0.0	
22.87611486070063	4.79222991212599	0.0	0.0	
29.82519257893978	30.33361164142907	0.0	0.0	
5.194920236543744	2.6735516465086704	0.0	0.0	
15.013085850902335	11.702366962040799	0.0	0.0	
30.636400233239705	6.070885673658523	0.0	0.0	
8.909046930219933	29.814419423586806	0.0	0.0	
2.8853262238302086	18.451855038790807	0.0	0.0	
25.829003453737766	2.239589498431826	0.0	0.0	
27.16127012211454	28.973692763770654	0.0	0.0	
31.098898367904635	21.867598920408298	0.0	0.0	
30.54102037930335	9.375821932829911	0.0	0.0	
9.744766500327778	23.752421253158754	0.0	0.0	
7.994786376583836	2.5340223545941534	0.0	0.0	
7.4672322378222376	22.426211363419455	0.0	0.0	
13.921837355074597	23.50463359225263	0.0	0.0	
5.312495750367614	3.5622092885690186	0.0	0.0	
25.90768011811557	21.541338343166075	0.0	0.0	
5.942489944324617	1.4481142284443962	0.0	0.0	
13.163084630133113	3.2532567503000784	0.0	0.0	
8.879302417997753	8.502357906690257	0.0	0.0	
19.599142358033244	0.48742650619533734	0.0	0.0	
31.326815992030603	9.440401782013858	0.0	0.0	
7.112754129813641	4.553080347103258	0.0	0.0	
13.963609813048972	25.57661141039714	0.0	0.0	
9.394644484916423	15.403887340293782	0.0	0.0	
20.761072355802604	26.68948744331756	0.0	0.0	
9.80023162355474	10.929503280109053	0.0	0.0	
21.834829816968902	18.981874789227245	0.0	0.0	
14.180996100252163	15.27969721244532	0.0	0.0	
28.533533919392458	24.070004315474666	0.0	0.0	
7.918671285405036	20.365160171569425	0.0	0.0	
16.757272320663358	20.536704140495996	0.0	0.0	
10.637223215783436	1.6508499011450546	0.0	0.0	
17.570699473095747	7.5942153184649825	0.0	0.0	
23.613010133756028	0.24165242844253143	0.0	0.0	
14.157717243494432	25.85002853551734	0.0	0.0	
30.406793784553322	4.262051124055478	0.0	0.0	
19.740234308078442	16.889898739249173	0.0	0.0	
16.180959713217934	6.604065977688649	0.0	0.0	
11.458278294611166	22.386517315186964	0.0	0.0	
1.3100697831687782	6.331103229079417	0.0	0.0	
8.209307076411335	10.81886023889545	0.0	0.0	
19.114795051876712	21.13761668117014	0.0	0.0	
7.102920002460216	20.078693494547554	0.0	0.0	
7.14851447724196	5.22383025570889	0.0	0.0	
6.901896996925164	2.6804246919403028	0.0	0.0	
25.619349992333124	13.354716700909915	0.0	0.0	
6.062604161329375	15.878306298340803	0.0	0.0	
19.48827826715781	25.24842529129381	0.0	0.0	
24.336824694703562	27.823937604837415	0.0	0.0	
25.5963923358895	8.404193756227766	0.0	0.0	
20.51925122022769	5.85942126784807	0.0	0.0	
23.674367154628875	8.494498935744051	0.0	0.0	
17.058753371093157	1.0431122049761683	0.0	0.0	
4.111095212095151	30.315580617922844	0.0	0.0	
5.62021083864629	14.878865540486181	0.0	0.0	
23.458595868782876	21.22125405586323	0.0	0.0	
0.7768175078147905	7.094831911618314	0.0	0.0	
25.628603353810842	3.03949448474264	0.0	0.0	
15.366182555810248	28.88947953973008	0.0	0.0	
17.322304744790262	28.135064295084725	0.0	0.0	
12.612086338109943	16.759575701467806	0.0	0.0	
21.32784484881715	2.1730312512443	0.0	0.0	
22.42104359582957	9.089627974089385	0.0	0.0	
30.785158715498405	21.992385555048195	0.0	0.0	
27.089265133512157	7.002372055733126	0.0	0.0	
19.288891549022512	19.392262043648145	0.0	0.0	
30.117331058522367	23.11666698849975	0.0	0.0	
15.479492603295082	24.95173229232739	0.0	0.0	
3.6645985245439228	15.681256268668701	0.0	0.0	
28.696508194101035	18.466687359756154	0.0	0.0	
22.371560115541293	30.093050687680442	0.0	0.0	
4.746767825199331	17.21390394395828	0.0	0.0	
2.2843250066034955	19.90577579221103	0.0	0.0	
10.259014464148787	28.36548552061592	0.0	0.0	
7.810103182657702	1.3706667789681077	0.0	0.0	
27.39261854389777	27.572975969909496	0.0	0.0	
22.377280193884648	18.02579112614135	0.0	0.0	
30.732961609524992	13.16253043545618	0.0	0.0	
30.725918145047025	15.483719801292676	0.0	0.0	
11.84364934637144	31.953570997644622	0.0	0.0	
30.488328451157695	3.538350319158834	0.0	0.0	
14.561784483648676	27.06518886659523	0.0	0.0	
6.633199164377221	7.333963474084207	0.0	0.0	
6.026740429551584	11.457260816756069	0.0	0.0	
31.431314008158594	10.63763916976163	0.0	0.0	
9.457391349859552	3.2784108209965375	0.0	0.0	
21.950881259269426	15.587641577821433	0.0	0.0	
27.11947218491921	7.848338246065431	0.0	0.0	
2.198615847205023	1.2573408355042872	0.0	0.0	
11.98093641660849	8.64104643890214	0.0	0.0	
2.916817530171503	28.002495105763327	0.0	0.0	
12.349981997601443	25.745102636316602	0.0	0.0	
10.178560798440571	30.696476425341306	0.0	0.0	
26.676283309996077	20.301000077787425	0.0	0.0	
21.372223929383434	2.775714214958782	0.0	0.0	
27.700935980549005	10.394943235106432	0.0	0.0	
19.497309449169947	7.4183799894261995	0.0	0.0	
3.757819024516138	5.595004726978111	0.0	0.0	
4.668149332832602	1.0898131409865535	0.0	0.0	
9.123063051962134	4.030529722155382	0.0	0.0	
24.667203753132174	21.926199943426898	0.0	0.0	
2.0762235293657056	4.900556619931525	0.0	0.0	
15.536903496071563	24.946812093418256	0.0	0.0	
29.791209735152087	16.023852008451076	0.0	0.0	
28.76102925980714	1.4672729332099799	0.0	0.0	
20.06726678881595	18.722199093390255	0.0	0.0	
7.807687568042226	13.308114389566953	0.0	0.0	
21.33925471128409	5.41269873989317	0.0	0.0	
31.403394984779496	19.40916463723548	0.0	0.0	
25.364827523039995	13.70815197374558	0.0	0.0	
8.046558761883961	15.89006024172122	0.0	0.0	
2.2533199896014473	27.83228089767057	0.0	0.0	
8.216920696267081	21.239012207654586	0.0	0.0	
19.388447441198966	30.915134106948024	0.0	0.0	
22.55239636137591	23.337524834893042	0.0	0.0	
23.002222361708235	20.638843594110146	0.0	0.0	
20.537152316106102	27.325985156185297	0.0	0.0	
12.305925276612953	10.238517341293818	0.0	0.0	
1.0314852102883023	17.972783369420647	0.0	0.0	
10.109541350604506	24.5383471622357	0.0	0.0	
22.83808331329866	22.971145328486035	0.0	0.0	
28.053983385805072	1.729493264328962	0.0	0.0	
29.58273722066471	27.047136122517745	0.0	0.0	
16.453213397673924	28.152839180646293	0.0	0.0	
16.16462871468566	7.937576462907085	0.0	0.0	
4.500963147723525	31.63004739499477	0.0	0.0	
9.69666395324316	2.842743053854278	0.0	0.0	
19.218267395868843	25.63761126105174	0.0	0.0	
2.6061455576176655	5.963581339853317	0.0	0.0	
4.703592275270406	3.211422966029293	0.0	0.0	
8.99055312403059	29.720379164129156	0.0	0.0	
2.7698062057011015	18.171068587837475	0.0	0.0	
6.902822564248389	2.3514267753345273	0.0	0.0	
20.170733351250163	25.934298227414835	0.0	0.0	
12.340958712629938	12.998127192719881	0.0	0.0	
23.19442701790691	18.25305194637212	0.0	0.0	
18.76315187284052	4.09587144360945	0.0	0.0	
16.50157069833311	5.890530447466936	0.0	0.0	
1.349947337712866	24.089945607302774	0.0	0.0	
12.562562375082347	0.9805128479450786	0.0	0.0	
9.969056507422671	16.41425660956328	0.0	0.0	
10.270049526637212	12.979194758009683	0.0	0.0	
0.7874146978885825	2.958918033894019	0.0	0.0	
26.693041661224232	11.744653303311306	0.0	0.0	
25.573241900089606	3.7785556034054046	0.0	0.0	
10.73710331543382	16.67978514934174	0.0	0.0	
12.123037294421856	29.29087006892276	0.0	0.0	
1.5590194466303302	11.165728445441012	0.0	0.0	
20.831073086761	12.208028474994567	0.0	0.0	
10.88018847731863	23.73334310347017	0.0	0.0	
20.002907326317743	13.844232577089318	0.0	0.0	
8.195680322139289	0.2795510607125564	0.0	0.0	
9.226871142475456	12.506764369142715	0.0	0.0	
31.30168382600491	13.188987742381656	0.0	0.0	
4.6287010676225435	21.087672662939475	0.0	0.0	
1.8990061786815247	5.6173851976865485	0.0	0.0	
0.0909347810484391	2.694296324636017	0.0	0.0	
5.329055215714192	14.021656778446648	0.0	0.0	
1.659092144578402	30.678150195730844	0.0	0.0	
25.444939079663744	9.563961946823845	0.0	0.0	
2.3714855598859224	3.8554325376854415	0.0	0.0	
2.470245764389208	19.563764629879962	0.0	0.0	
11.312904109934973	26.833742997571477	0.0	0.0	
10.814327758437958	28.36685702964277	0.0	0.0	
9.794378348428474	15.002990291753385	0.0	0.0	
15.061271060906392	19.427179044359328	0.0	0.0	
21.495650166322303	29.74171649383659	0.0	0.0	
27.28672802722498	22.253860828544923	0.0	0.0	
7.201572499825076	0.9360822559098771	0.0	0.0	
19.999689617139257	1.0910917925832067	0.0	0.0	
29.395735108568232	5.637824395390993	0.0	0.0	
20.947431439461468	17.477659608593232	0.0	0.0	
14.620692870748275	29.881422167649323	0.0	0.0	
15.72652212373092	12.278988622684743	0.0	0.0	
3.0535541112539413	25.56069359847246	0.0	0.0	
30.143581259941733	9.604134126735275	0.0	0.0	
0.1038015402118262	24.202743811098635	0.0	0.0	
24.801490476884737	17.11184694594747	0.0	0.0	
12.248483756920255	16.46812217430154	0.0	0.0	
28.14964874960951	24.094065014401586	0.0	0.0	
13.120110310955507	30.34762634461981	0.0	0.0	
13.476633827416947	8.277134614596005	0.0	0.0	
17.08684970706889	13.746519957522011	0.0	0.0	
0.5354841193586921	26.943627403704774	0.0	0.0	
8.386428657306254	16.99325461386022	0.0	0.0	
3.0219067931530006	18.284380049052373	0.0	0.0	
14.227218972223294	29.33719779409629	0.0	0.0	
10.647229906650342	17.71504814634844	0.0	0.0	
13.188632870475661	20.51195614572653	0.0	0.0	
18.111924353169943	30.61283739655362	0.0	0.0	
5.167754156864483	23.482855088896947	0.0	0.0	
14.729773318134804	15.50944468321602	0.0	0.0	
28.770539586433156	31.179704099896956	0.0	0.0	
3.1356211514271024	24.609477804638264	0.0	0.0	
20.94098909362515	14.887997319344962	0.0	0.0	
16.14692667132231	4.784098059074449	0.0	0.0	
15.404057970372758	0.4530685151461995	0.0	0.0	
25.82848683592334	2.9076227541738824	0.0	0.0	
25.336866329461188	18.46438421552225	0.0	0.0	
31.083019599990376	9.495777117335937	0.0	0.0	
2.18307399502946	13.588675846905545	0.0	0.0	
5.010194116290002	21.21642174347133	0.0	0.0	
5.3393673240115795	12.796166294101855	0.0	0.0	
12.942351453250833	18.892611087712755	0.0	0.0	
2.84770518457033	27.27211796033038	0.0	0.0	
19.024277041053043	13.178658648666069	0.0	0.0	
15.467580314792801	22.09653309200727	0.0	0.0	
19.73342846340084	7.207226223338701	0.0	0.0	
30.035208671125236	27.99179531413333	0.0	0.0	
21.298983343121282	26.335920761423797	0.0	0.0	
24.72538962422691	2.2656429802596314	0.0	0.0	
17.812292344813077	23.494554373367038	0.0	0.0	
7.757651320287515	3.1544416543347857	0.0	0.0	
30.9217045067614	25.78630860737654	0.0	0.0	
23.212141295606276	8.392225498799373	0.0	0.0	
26.53707649152291	21.55819123673703	0.0	0.0	
22.3633831149152	25.04176113033871	0.0	0.0	
23.50187590037916	15.995290247538417	0.0	0.0	
18.79781284952853	24.445761709503934	0.0	0.0	
20.9481810350325	0.8538063862762861	0.0	0.0	
17.379546726098322	7.2824396608782855	0.0	0.0	
25.54483664127217	15.533437399673712	0.0	0.0	
28.352903686649608	1.2492807777533272	0.0	0.0	
5.738014830675059	28.406439408803536	0.0	0.0	
25.562610737499273	18.053950354218895	0.0	0.0	
20.833707005335516	5.347378848556978	0.0	0.0	
24.549493095938086	15.752868939896668	0.0	0.0	
20.388276038472313	27.885092855953236	0.0	0.0	
21.951479045370704	29.198663812599623	0.0	0.0	
19.868923932419616	14.941304426703411	0.0	0.0	
8.699069044036179	17.278271437225722	0.0	0.0	
23.2610860233161	16.936753488549403	0.0	0.0	
20.907610154344308	16.68884553414778	0.0	0.0	
15.41380080113477	6.282448349245964	0.0	0.0	
29.930608094963326	18.068882949811098	0.0	0.0	
31.464908400652263	23.138672639708968	0.0	0.0	
25.325270691350294	5.976558691677113	0.0	0.0	
13.377162550391613	6.168581756341112	0.0	0.0	
5.750527215346505	1.5952550272127297	0.0	0.0	
29.7278748881217	0.7763846627421032	0.0	0.0	
17.268262295158596	20.075716689661153	0.0	0.0	
26.530072147133243	22.43414660371303	0.0	0.0	
15.195077714306123	22.252988741414764	0.0	0.0	
20.265096365245792	28.372268551257303	0.0	0.0	
26.698835082489822	9.820634344493563	0.0	0.0	
13.808241934320037	25.994163286513295	0.0	0.0	
8.308855426383477	18.617576800888664	0.0	0.0	
25.534402964743986	29.122308813849937	0.0	0.0	
15.177227378691075	22.97312614348	0.0	0.0	
14.097588401353452	4.03640908445151	0.0	0.0	
14.219070606205214	22.608509741859486	0.0	0.0	
21.9416695390293	5.341024165887038	0.0	0.0	
9.922666113925949	16.62344034443014	0.0	0.0	
24.323576898046653	15.025229066991432	0.0	0.0	
21.348204924090844	30.249536581374496	0.0	0.0	
2.179329917364633	30.906451304664184	0.0	0.0	
11.394311570923108	31.05728942611825	0.0	0.0	
10.42390342034323	1.8331007124770977	0.0	0.0	
22.520134208574458	7.892105442478577	0.0	0.0	
29.507531919219723	2.990662035972239	0.0	0.0	
19.40629843583241	28.494631892453494	0.0	0.0	
19.605772595938372	10.01462541567819	0.0	0.0	
5.6470154999792825	10.734988987170418	0.0	0.0	
15.654225111615197	21.93508001878739	0.0	0.0	
24.567066806002043	21.48709887214295	0.0	0.0	
20.158950722351122	6.755921713146499	0.0	0.0	
23.617352540399292	1.2935652440725178	0.0	0.0	
29.044898057647597	23.1455255000058	0.0	0.0	
0.4140044462875636	6.148340203189605	0.0	0.0	
12.896352179907318	16.46273824365711	0.0	0.0	
16.246334351115387	13.342312745148284	0.0	0.0	
5.748271495995919	10.66486074452936	0.0	0.0	
2.3834014177918554	16.962359395014033	0.0	0.0	
21.24834873697474	17.024685117370097	0.0	0.0	
25.782537307674254	18.41115245746328	0.0	0.0	
21.618913593894575	8.713107460097948	0.0	0.0	
20.125206854226573	6.16047060527789	0.0	0.0	
5.7451046489548965	0.23051433337549554	0.0	0.0	
8.249385282109834	18.270182916615504	0.0	0.0	
6.051913507589791	18.625922281903037	0.0	0.0	
17.03838450987323	14.638021941851878	0.0	0.0	
24.08981838020619	13.318438487319163	0.0	0.0	
5.956664097283706	0.4929760846675748	0.0	0.0	
4.295377173529641	16.973715213240062	0.0	0.0	
8.660031633657535	16.390189745232334	0.0	0.0	
19.232129538251304	30.350532767660997	0.0	0.0	
26.889996623344473	0.9877549964241084	0.0	0.0	
15.202669418452139	21.532219085459886	0.0	0.0	
26.942265781797282	10.607920462351885	0.0	0.0	
12.75779234000398	20.329286481077062	0.0	0.0	
18.83616164169483	6.311880642375101	0.0	0.0	
0.7487678706602914	17.459583998398546	0.0	0.0	
31.379320542786623	25.10645663048639	0.0	0.0	
16.439259918721344	7.795151472292833	0.0	0.0	
21.04145115548887	21.98020240104461	0.0	0.0	
19.589083852574053	21.679599886328827	0.0	0.0	
9.714889617237844	4.132926225358162	0.0	0.0	
19.38296761992763	10.649955871064861	0.0	0.0	
30.41000871932138	9.172461501350945	0.0	0.0	
21.746850077401515	17.72996365240012	0.0	0.0	
20.529751400700885	14.892670224525105	0.0	0.0	
25.433588044225168	22.397336735184968	0.0	0.0	
13.808242127984286	30.294625871789613	0.0	0.0	
24.11496700677979	20.48712637169345	0.0	0.0	
2.7202703492310505	1.4269092459107604	0.0	0.0	
4.3058687732458765	17.729803685454655	0.0	0.0	
23.154810235749196	22.198746166300744	0.0	0.0	
8.618852033047549	22.630367850410213	0.0	0.0	
13.552718006126266	12.5933214890349	0.0	0.0	
17.897867504705975	6.6986666246164255	0.0	0.0	
30.213545723286988	22.81602843891522	0.0	0.0	
19.30097346910425	27.084040903386096	0.0	0.0	
4.240339000837867	23.122459959122097	0.0	0.0	
16.953330306537538	5.918140237366266	0.0	0.0	
17.417708472789414	13.02050780399956	0.0	0.0	
31.76874874394433	16.002582274771388	0.0	0.0	
23.961233322596577	15.978117026008363	0.0	0.0	
21.230147688280493	2.5853993167779414	0.0	0.0	
25.484926242642782	27.46310125941331	0.0	0.0	
8.707881467220677	11.612907647494737	0.0	0.0	
26.041411920044926	19.866334373220212	0.0	0.0	
8.508301183504614	1.6553706234105334	0.0	0.0	
9.713202139492427	26.068753918148314	0.0	0.0	
16.363805613072145	28.10665921491303	0.0	0.0	
22.46364123149719	21.614715971771314	0.0	0.0	
1.4399226275588894	31.825635427684617	0.0	0.0	
4.987340776775895	0.8085362139978933	0.0	0.0	
7.763554687093826	20.088578957361662	0.0	0.0	
12.969345627268961	3.1112825076178545	0.0	0.0	
27.2292721344766	1.0892238670683945	0.0	0.0	
3.1338387413228475	8.868882946652718	0.0	0.0	
25.683802814147224	30.11786735314206	0.0	0.0	
17.16386445091554	27.025336693222506	0.0	0.0	
17.701419629513385	14.222045243478327	0.0	0.0	
8.154803750489453	16.42335875029242	0.0	0.0	
11.102047266661653	2.1885451050018254	0.0	0.0	
28.643032120264934	31.22399302177958	0.0	0.0	
16.973883020951902	10.517562247870703	0.0	0.0	
6.298704056128692	20.153566080169988	0.0	0.0	
29.045715940452716	8.620778322717797	0.0	0.0	
23.833410982803063	12.206208237407907	0.0	0.0	
23.64519155330181	5.765460810584777	0.0	0.0	
23.81544113127707	4.923801885258484	0.0	0.0	
3.791971171717911	0.7739706230049492	0.0	0.0	
11.347644923135856	20.63813021392513	0.0	0.0	
24.508724624642912	27.706230878932814	0.0	0.0	
8.24212121645066	9.748776671451765	0.0	0.0	
27.347144437576123	26.31413146313276	0.0	0.0	
18.659635969332104	22.163140528715974	0.0	0.0	
17.741854285668868	1.187214612472797	0.0	0.0	
31.545531383080455	13.662706364969054	0.0	0.0	
2.066799836384142	29.25478173827037	0.0	0.0	
4.482220740483477	2.501249746498356	0.0	0.0	
22.83337971595198	9.624603420460947	0.0	0.0	
8.490918201506862	8.864345732849007	0.0	0.0	
27.561834939995254	17.639618704999645	0.0	0.0	
29.359371979065894	0.33866595963128887	0.0	0.0	
22.471288090083537	19.99828840756678	0.0	0.0	
29.568095342566963	2.4870464920812836	0.0	0.0	
10.33559098413236	30.259659203029823	0.0	0.0	
7.957024938034849	3.5854971747686335	0.0	0.0	
16.100643082079976	1.8683898018408058	0.0	0.0	
4.400802700885496	21.829584792226818	0.0	0.0	
14.06358807837044	8.128480064919067	0.0	0.0	
29.570144243115756	5.1673669334403876	0.0	0.0	
8.164618173110405	11.435452461627559	0.0	0.0	
27.67052501715665	26.064537700362795	0.0	0.0	
27.563866406514503	28.062233764342068	0.0	0.0	
10.937963533522364	8.752940738963922	0.0	0.0	
22.237208518333155	26.210839058468604	0.0	0.0	
7.9449510239043555	28.33391830295242	0.0	0.0	
26.990222231376187	21.178036561231917	0.0	0.0	
10.637403572870959	13.244564696630771	0.0	0.0	
12.580681304143077	18.191047523943933	0.0	0.0	
16.151449869622464	4.562449927300445	0.0	0.0	
19.932141232876933	5.960761720686907	0.0	0.0	
13.035973745913772	22.630426516353143	0.0	0.0	
15.871307152207539	29.70972152393373	0.0	0.0	
19.011448455382443	2.4319948438366445	0.0	0.0	
2.5353664346756553	13.774862640030577	0.0	0.0	
26.23294308859426	0.6386993927540097	0.0	0.0	
16.10885650830334	3.7858244986718965	0.0	0.0	
15.359600999023154	25.954036437042202	0.0	0.0	
31.627776003237265	24.638009619943922	0.0	0.0	
12.408210777945328	13.573828825216065	0.0	0.0	
26.09957728382036	8.084446805593458	0.0	0.0	
18.97960865333392	3.6029903006737634	0.0	0.0	
31.683155579369192	5.762031327089485	0.0	0.0	
27.6211700239549	13.188667360409212	0.0	0.0	
21.42108808310541	4.092254978462641	0.0	0.0	
21.719344341599736	6.1795872710584625	0.0	0.0	
27.932906703044953	7.373971499147306	0.0	0.0	
5.883693528762805	22.211105660714757	0.0	0.0	
15.468728965327841	29.9201303342987	0.0	0.0	
16.96945326806455	19.618949587837072	0.0	0.0	
24.718067275937262	16.08544976228154	0.0	0.0	
15.173090049703319	25.912568641926836	0.0	0.0	
28.647181876344487	7.719943482856877	0.0	0.0	
13.292833516488383	31.6342015357028	0.0	0.0	
0.012695788219321713	2.3836098245292554	0.0	0.0	
7.446145821845949	1.541590052590081	0.0	0.0	
29.39455208474915	18.111274248134265	0.0	0.0	
14.960119244338443	10.713380549372033	0.0	0.0	
6.692572927854755	5.377276089095112	0.0	0.0	
1.6376851733998095	23.64062931975026	0.0	0.0	
2.022759060075071	25.773822747857924	0.0	0.0	
7.9337367254964555	28.976418949062467	0.0	0.0	
21.921734231538128	13.025685015205411	0.0	0.0	
9.344668494127102	10.569870590289543	0.0	0.0	
3.0276266822651294	6.476716005076575	0.0	0.0	
19.156599469078884	26.351378342088584	0.0	0.0	
30.690725456726653	30.125973058721218	0.0	0.0	
16.08589440768463	25.326800326222134	0.0	0.0	
6.183960280985701	21.560350073363075	0.0	0.0	
5.1346054144940325	19.91352332753893	0.0	0.0	
2.6440139632672306	22.13603694147581	0.0	0.0	
23.188412679511245	3.7084459426136966	0.0	0.0	
22.067625956353393	4.6230975846263895	0.0	0.0	
27.33820985644261	10.75712348949877	0.0	0.0	
17.786239444869185	12.825399187401107	0.0	0.0	
12.947545782662754	13.377438704413525	0.0	0.0	
17.55197206861851	9.082459128790784	0.0	0.0	
29.123194511582227	20.605900670065363	0.0	0.0	
17.62599893948773	20.136356591760947	0.0	0.0	
26.715679766360914	27.033344632655993	0.0	0.0	
30.066456227879407	24.93335110675701	0.0	0.0	
2.8227252947011863	21.704742894534352	0.0	0.0	
17.331529633686817	2.9786486429388184	0.0	0.0	
26.02831050004609	20.985354817551883	0.0	0.0	
18.03519841921094	8.708927214796656	0.0	0.0	
10.662108914506245	5.280474118737487	0.0	0.0	
11.890282096170171	15.668511480009673	0.0	0.0	
23.475112797234676	18.35786854347484	0.0	0.0	
0.26057015205770995	17.388219124883157	0.0	0.0	
11.16028603695069	12.262219479835924	0.0	0.0	
2.121544318173534	29.931917573209255	0.0	0.0	
21.00320319534984	15.241951451724066	0.0	0.0	
14.016039192406378	31.378030141616417	0.0	0.0	
25.093878091491987	22.759802486899858	0.0	0.0	
6.444435590296752	28.56395691089058	0.0	0.0	
8.828587434028027	17.36305625253015	0.0	0.0	
29.611381714872454	14.45963283221128	0.0	0.0	
30.72502959990787	29.406103259679327	0.0	0.0	
1.232517799673598	10.67169925712987	0.0	0.0	
9.382719548087731	29.47100172585398	0.0	0.0	
19.879752069561516	8.865230309876328	0.0	0.0	
24.38339492919157	18.529558671787523	0.0	0.0	
7.070419099416963	16.13843835044341	0.0	0.0	
2.477159495821052	20.969745594942346	0.0	0.0	
21.956275439300875	26.80385818743273	0.0	0.0	
18.667701671163826	2.9014658247057703	0.0	0.0	
28.255059400323255	3.2330345001425975	0.0	0.0	
4.0426764120408585	9.216837138249812	0.0	0.0	
28.207336796455163	23.862491363322086	0.0	0.0	
1.2424309541254601	4.978472088641411	0.0	0.0	
4.625916470138694	0.9628932035956197	0.0	0.0	
18.208295781808886	5.686913520989037	0.0	0.0	
22.933431961733742	28.72640893517511	0.0	0.0	
6.70787761203346	8.372814318839172	0.0	0.0	
30.09267214306671	11.532505535658984	0.0	0.0	
6.385103130727366	8.27379389392254	0.0	0.0	
10.214386961385411	5.597619395689655	0.0	0.0	
25.343815070335832	9.532353313376316	0.0	0.0	
31.667792007769005	27.665819436615646	0.0	0.0	
17.374872905569035	26.24879724976026	0.0	0.0	
8.113763785790145	21.388947996684625	0.0	0.0	
3.3761799681189295	17.308360432952863	0.0	0.0	
17.84707217979356	18.56487731271316	0.0	0.0	
0.7869250000135395	23.611964382224027	0.0	0.0	
18.072093037180732	12.083471981194261	0.0	0.0	
30.31839292519076	27.65585976214916	0.0	0.0	
28.92617172084559	3.4075779081228887	0.0	0.0	
6.484392472782954	7.695362357950561	0.0	0.0	
6.039580151345717	31.629708470548902	0.0	0.0	
15.315740993736686	22.772180343965786	0.0	0.0	
30.195979304347695	7.50546149601637	0.0	0.0	
5.609065174964801	8.934632087427325	0.0	0.0	
24.63142828614329	0.7259676201365188	0.0	0.0	
9.849762411473574	14.807338773144991	0.0	0.0	
9.851060732897231	6.713959206814639	0.0	0.0	
2.6604292803630223	14.806747123254159	0.0	0.0	
3.318963391141068	18.71499993647892	0.0	0.0	
11.065565175032663	4.529974465245786	0.0	0.0	
22.595597612223433	13.322538894313265	0.0	0.0	
21.78680249126978	31.522260549812287	0.0	0.0	
12.14633448051989	21.598825295769018	0.0	0.0	
2.411759369598659	8.026309031113225	0.0	0.0	
5.544864082090395	14.494605257491138	0.0	0.0	
0.7625557096497495	12.881309066951705	0.0	0.0	
26.71805173963357	26.237768563902318	0.0	0.0	
17.070542201552396	22.012354905797743	0.0	0.0	
0.08868090341124457	26.869668633502606	0.0	0.0	
6.081337133895772	1.006912151584089	0.0	0.0	
0.6777567012931449	13.927637630728583	0.0	0.0	
6.547949027978525	6.086512364016475	0.0	0.0	
20.573991450077163	16.383595152137232	0.0	0.0	
31.064976834426446	23.750767724282696	0.0	0.0	
17.879595852251626	31.834954810077367	0.0	0.0	
1.9441194141104212	21.216088212116013	0.0	0.0	
2.189064246061168	19.96759110938796	0.0	0.0	
12.480834607716826	22.99052932036384	0.0	0.0	
2.105441325885476	7.554198700236537	0.0	0.0	
2.175813003330358	8.869840218518458	0.0	0.0	
6.567331527605468	11.811808164741919	0.0	0.0	
1.5376326071770166	23.1067674436042	0.0	0.0	
15.794417876886222	0.5606852378329101	0.0	0.0	
27.51194728444045	10.897992725479991	0.0	0.0	
10.921597587531824	17.844633199324242	0.0	0.0	
30.89794103420338	13.175592586524392	0.0	0.0	
7.74858955907991	2.7957100936586663	0.0	0.0	
0.5572738170117155	22.134221677380353	0.0	0.0	
31.396863000835847	20.11349565809054	0.0	0.0	
26.435539925150525	5.8831310449574055	0.0	0.0	
31.403984676881365	30.165804208813267	0.0	0.0	
25.095197540133633	6.4243211367432345	0.0	0.0	
15.633080410197294	9.340824988519561	0.0	0.0	
22.60458657917078	11.480991460699848	0.0	0.0	
8.235133160756355	18.63842146562691	0.0	0.0	
13.718401898639708	8.6111330278408	0.0	0.0	
5.287716869185381	16.09051982689086	0.0	0.0	
18.222264422376195	5.488825874674028	0.0	0.0	
24.629277934969604	17.677228829172545	0.0	0.0	
22.303815535758346	13.66523008810546	0.0	0.0	
17.608544396087613	13.399600291455364	0.0	0.0	
2.2047931594284087	27.51598004432567	0.0	0.0	
1.088897300741067	30.88765802069098	0.0	0.0	
31.71209693944807	23.92249132861564	0.0	0.0	
9.897929511678335	12.088325468810282	0.0	0.0	
8.731541234385386	20.822698610329642	0.0	0.0	
4.125085800823683	31.7973188605346	0.0	0.0	
19.863618125791113	11.424380982310876	0.0	0.0	
14.966753206966995	25.090930269272217	0.0	0.0	
12.514455702652345	23.647505385949277	0.0	0.0	
10.829913770159088	30.344484347470438	0.0	0.0	
14.529079857809997	10.688378736140525	0.0	0.0	
20.131498113216427	0.0010903794026866365	0.0	0.0	
13.317768355960055	16.15906463097846	0.0	0.0	
18.3666001010416	30.02485175178244	0.0	0.0	
18.722020880091332	6.7927024605829125	0.0	0.0	
11.083656799741558	30.938085127156324	0.0	0.0	
12.536623711639194	20.19533702365554	0.0	0.0	
23.322395193856742	22.107064033510298	0.0	0.0	
27.304786893534573	7.923625864712076	0.0	0.0	
7.761433919930045	30.322987126045206	0.0	0.0	
6.721564434435269	1.2192884346231594	0.0	0.0	
29.98482452283755	30.706017804536334	0.0	0.0	
10.6847397885123	24.625863377109653	0.0	0.0	
7.0330268906774585	30.49445796318993	0.0	0.0	
24.971006427891364	4.179660815379194	0.0	0.0	
12.867659167644181	27.306668958634244	0.0	0.0	
0.9143161490252645	2.149970400169167	0.0	0.0	
17.881707716164335	10.574450844836957	0.0	0.0	
12.876783314737771	23.932833376743186	0.0	0.0	
30.948485007813566	6.561297198728358	0.0	0.0	
3.0450129458651283	9.607681282117511	0.0	0.0	
28.74688856512622	13.450135709007679	0.0	0.0	
18.719020369073746	31.536258550867757	0.0	0.0	
31.189386663604903	0.9019456813452251	0.0	0.0	
22.60531827465072	24.13415391023956	0.0	0.0	
25.126223165500207	7.874013284037659	0.0	0.0	
26.864855689916556	18.492863878995664	0.0	0.0	
31.04309044885365	8.471481444254149	0.0	0.0	
27.908579655401986	12.255929981787169	0.0	0.0	
9.359580533446714	14.603631222969348	0.0	0.0	
18.323191776261254	30.43977605023068	0.0	0.0	
19.36511847748102	7.74999035440857	0.0	0.0	
3.4413107346734506	8.132006105119896	0.0	0.0	
