2
32.0	0.0	0.0	0.0	
0.0	32.0	0.0	0.0	
8.56524230548117	14.014926925669261	0.0	0.0	
6.8301253019405195	24.80875585375137	0.0	0.0	
17.743411796607187	16.822833792345122	0.0	0.0	
5.067114600562068	22.63323584058791	0.0	0.0	
7.47849978333338	24.597315834619135	0.0	0.0	
18.374618341153187	21.841405569242028	0.0	0.0	
23.93295523592067	25.629293171754167	0.0	0.0	
29.46089832121599	22.338776066631095	0.0	0.0	
10.64063675202937	23.826772609573723	0.0	0.0	
28.030579777886295	6.327607768142368	0.0	0.0	
19.67605325692885	29.172060088743233	0.0	0.0	
23.057272311746818	5.303114010334653	0.0	0.0	
22.168763467915458	25.948534774159626	0.0	0.0	
5.04097278798811	7.278312688128452	0.0	0.0	
18.028384653714102	0.4714266750695124	0.0	0.0	
26.976950649755462	27.50531793000373	0.0	0.0	
16.870233904967897	21.66583395091572	0.0	0.0	
24.511362621066173	16.650196354123743	0.0	0.0	
14.488705753180142	17.804250950867175	0.0	0.0	
26.917360566900694	30.61778492789763	0.0	0.0	
18.872609502598046	5.918148760548608	0.0	0.0	
19.62536233698007	30.77603115033119	0.0	0.0	
2.3944688702078167	23.24764416104831	0.0	0.0	
8.302623441390654	28.055184515381256	0.0	0.0	
17.06373889240158	15.278442230752013	0.0	0.0	
6.511441324477683	12.145371505062691	0.0	0.0	
25.399692576439875	29.99336650525366	0.0	0.0	
17.052773219294192	26.18676669009134	0.0	0.0	
10.40057664996501	22.376089514178847	0.0	0.0	
11.6355298303803	12.743615037205547	0.0	0.0	
31.045552510199766	20.63649767764554	0.0	0.0	
7.358931348404909	24.921382090046478	0.0	0.0	
19.875006959000192	18.054703648642864	0.0	0.0	
2.46841071494433	9.580493860282736	0.0	0.0	
5.341355337015191	20.06098127386639	0.0	0.0	
24.079447646152296	17.308150899101452	0.0	0.0	
31.46395036182772	15.80298050610621	0.0	0.0	
9.156824579070562	9.486952293305816	0.0	0.0	
31.68894987393316	13.262286044994891	0.0	0.0	
23.187492662591865	23.754190790421834	0.0	0.0	
10.340501982632897	1.0804751651940343	0.0	0.0	
9.6816324550405	25.596902664894078	0.0	0.0	
24.985553669925586	0.46523125068837246	0.0	0.0	
6.716602597791699	0.9778446554819773	0.0	0.0	
12.627035828502763	8.705316432767564	0.0	0.0	
23.816458896575988	24.562557225728334	0.0	0.0	
26.567267903154697	18.65659985215734	0.0	0.0	
25.7347600435761	7.407103722958009	0.0	0.0	
1.1011403596887703	27.954591715493162	0.0	0.0	
26.582408622755587	14.793607500711147	0.0	0.0	
31.250211435682203	22.903095884918784	0.0	0.0	
9.185143398849945	19.333142787421078	0.0	0.0	
2.7776212394544757	26.71985561410113	0.0	0.0	
8.550915010358334	3.3615803564380755	0.0	0.0	
20.288338198260945	31.33798524703501	0.0	0.0	
16.791037059259885	2.311649402158725	0.0	0.0	
16.900596141267883	12.779892573253932	0.0	0.0	
14.988128456298583	20.716152652902586	0.0	0.0	
12.583417736873212	18.228627969738582	0.0	0.0	
26.764157663653805	25.900147413094565	0.0	0.0	
4.8248360610830865	23.875616134411853	0.0	0.0	
17.30354313914517	7.124695137039577	0.0	0.0	
10.60771778053757	2.3117153722606716	0.0	0.0	
23.520172140759236	27.429444786216674	0.0	0.0	
16.05115318954898	17.037097437537454	0.0	0.0	
4.243693740890141	28.932137856083607	0.0	0.0	
12.996436720173442	27.87176937432216	0.0	0.0	
14.717961681831383	0.41128081323522636	0.0	0.0	
31.33419017625932	3.704065544060711	0.0	0.0	
19.580557822477818	23.360216738845374	0.0	0.0	
1.1031628322963662	16.012231834742824	0.0	0.0	
27.66535492263394	0.7604008519068941	0.0	0.0	
14.37657884365715	3.4342175246713538	0.0	0.0	
16.86461848984918	16.41211957201668	0.0	0.0	
29.542397654361576	12.817581289364401	0.0	0.0	
16.85714425890771	7.171717472582955	0.0	0.0	
21.67488397061611	6.400643345523715	0.0	0.0	
25.742708486477806	21.90118453884516	0.0	0.0	
4.19409255997628	28.80060683235459	0.0	0.0	
13.25784958542851	26.589054877337674	0.0	0.0	
12.364843436035855	15.7976761083106	0.0	0.0	
2.4151773768536735	15.543174842201044	0.0	0.0	
3.842205039151345	21.212087475128968	0.0	0.0	
11.389267133805998	23.83163182942477	0.0	0.0	
12.946633260717647	2.5817424689678	0.0	0.0	
9.298253192535586	27.486518802465035	0.0	0.0	
24.290968370519042	11.810524602557908	0.0	0.0	
29.55570450255145	2.4401020293206734	0.0	0.0	
30.012779561786235	17.725838113473298	0.0	0.0	
30.37568865566756	18.814518246125147	0.0	0.0	
29.98791037406456	1.7401815018578901	0.0	0.0	
4.75035573038166	2.1105540519759742	0.0	0.0	
7.447339077477157	28.921734180601778	0.0	0.0	
28.98979483886622	20.914928227392327	0.0	0.0	
5.511118919674125	10.765481525106075	0.0	0.0	
0.15223298709315358	5.697472372861856	0.0	0.0	
9.763797476011835	24.063481612940055	0.0	0.0	
24.75816619772055	15.533628036129908	0.0	0.0	
15.676573996978973	21.823344472831476	0.0	0.0	
10.242117517499114	19.19164036338621	0.0	0.0	
6.457660830756964	21.752081792069177	0.0	0.0	
28.290070100762165	23.658251012358974	0.0	0.0	
7.2538431826874366	23.457646265278125	0.0	0.0	
4.93154400483775	31.10452212782639	0.0	0.0	
6.1326747509573565	19.90992663234493	0.0	0.0	
5.465275363292619	17.38254317240303	0.0	0.0	
29.77265454976689	25.906142487556583	0.0	0.0	
20.709377819268227	29.938712867649507	0.0	0.0	
4.807623859843385	30.164962712316825	0.0	0.0	
24.459392443469714	15.786773880350243	0.0	0.0	
5.898450872603846	31.856035364131394	0.0	0.0	
5.019289513300965	28.05263353126759	0.0	0.0	
6.494685418771951	5.840637771477212	0.0	0.0	
11.716299669642787	20.963021465769415	0.0	0.0	
27.48966363186657	29.96637601975553	0.0	0.0	
18.99710181070375	28.275349507897914	0.0	0.0	
12.062921105016994	8.681123445047756	0.0	0.0	
29.359567346004738	0.7932826676127824	0.0	0.0	
9.698582612816388	30.672508929646117	0.0	0.0	
24.147062842572918	9.564152961446872	0.0	0.0	
16.16549921384455	17.509362761315746	0.0	0.0	
9.02720386945375	3.84367662206445	0.0	0.0	
4.233705805161087	11.533154832311773	0.0	0.0	
7.9048997366355955	22.923602554439068	0.0	0.0	
23.055995531423225	1.6237917351527322	0.0	0.0	
0.37890314794715607	15.841147645799342	0.0	0.0	
9.12936657928756	14.85754907669855	0.0	0.0	
24.661233645072762	0.9677478065772611	0.0	0.0	
6.212496936437546	25.727246256766342	0.0	0.0	
10.573504147889256	16.991121423502825	0.0	0.0	
11.124205210687538	1.0213666825756285	0.0	0.0	
22.525479506541636	5.355463319115049	0.0	0.0	
18.414978362109068	26.48686292751803	0.0	0.0	
4.223986605223185	1.5972397103653115	0.0	0.0	
13.357724404624467	14.474145684812083	0.0	0.0	
10.019428617349359	3.247904929289785	0.0	0.0	
6.733423208398452	6.2404531180904605	0.0	0.0	
3.891762231658703	31.50971813658426	0.0	0.0	
7.8803838987965165	6.597016329223798	0.0	0.0	
27.116503482987085	16.03009937556783	0.0	0.0	
12.39018147698932	15.760787654421097	0.0	0.0	
4.931609228140928	14.353736960784381	0.0	0.0	
17.878921730286553	17.97993565949335	0.0	0.0	
1.903676398794591	27.630710539281882	0.0	0.0	
18.00474379340539	31.922810973040722	0.0	0.0	
26.682790132703236	17.844927482679765	0.0	0.0	
4.7255857636704235	26.58337217839471	0.0	0.0	
24.29508396303032	10.441030636065918	0.0	0.0	
9.865183152646122	4.773311338847471	0.0	0.0	
2.5029291914503844	29.50125928513873	0.0	0.0	
3.134069526728286	26.619411257426762	0.0	0.0	
12.01460180609337	5.9403967072201596	0.0	0.0	
5.1033695631047244	1.4758469597020039	0.0	0.0	
29.443863039122775	19.644716979982782	0.0	0.0	
30.538916325060292	25.48686050407923	0.0	0.0	
29.960575716496518	16.098502973742807	0.0	0.0	
10.758134277730548	15.215689971064872	0.0	0.0	
6.277117469522981	13.716664239263874	0.0	0.0	
2.1020514826004053	7.483406446889589	0.0	0.0	
20.815879242479358	31.527550842763247	0.0	0.0	
20.235504334136554	13.69793587381253	0.0	0.0	
20.600997474305217	19.356861764105158	0.0	0.0	
23.12888771137919	26.541915767291094	0.0	0.0	
20.220282880059077	10.302225388083553	0.0	0.0	
1.9923437594387394	18.223459117334826	0.0	0.0	
4.957541879024603	5.343164761190586	0.0	0.0	
13.639864779911246	8.203663619006644	0.0	0.0	
11.835892464937213	12.857660591874104	0.0	0.0	
21.068708213953858	10.040557771297802	0.0	0.0	
24.8285767426332	25.44724759320259	0.0	0.0	
1.9310738795150542	28.145086573631666	0.0	0.0	
14.5994533153794	20.740417793564735	0.0	0.0	
24.116677623121078	30.89773317086784	0.0	0.0	
5.371972530685568	16.78502503383741	0.0	0.0	
13.759518197984118	6.672945071684513	0.0	0.0	
16.31275013234402	27.53857202743897	0.0	0.0	
23.7202446305093	26.57232102731954	0.0	0.0	
21.156825213338212	30.283907386616427	0.0	0.0	
26.682062623312	28.005928715494388	0.0	0.0	
24.10466757913404	22.56348431358552	0.0	0.0	
28.636052802380338	20.647870168146635	0.0	0.0	
11.494445778591313	25.74501050316544	0.0	0.0	
24.93782531462763	2.4669439509889344	0.0	0.0	
18.42451796107417	19.03099450567792	0.0	0.0	
28.750495411064904	26.3606574777016	0.0	0.0	
19.484726532652097	5.5894993467411815	0.0	0.0	
13.037498464394268	2.6298304402496413	0.0	0.0	
3.592880219652425	18.925234800626605	0.0	0.0	
15.23355524583101	24.44622938114672	0.0	0.0	
8.58990383566756	27.23041729729164	0.0	0.0	
30.12983825167569	18.248209204198492	0.0	0.0	
19.070446907215707	2.9012026728242155	0.0	0.0	
27.70317151770381	19.63098916034195	0.0	0.0	
11.322304828553555	25.564403988263344	0.0	0.0	
9.664268912459601	15.567853708632079	0.0	0.0	
12.870610964787293	30.049996990580464	0.0	0.0	
9.49868832231737	30.649397596710184	0.0	0.0	
23.977207515960828	23.922660293152088	0.0	0.0	
14.213048371037555	22.27692068088574	0.0	0.0	
16.87001182550783	9.14158786668649	0.0	0.0	
16.66181304278082	23.32224005764041	0.0	0.0	
10.2216655476896	15.511091174446122	0.0	0.0	
0.5802862216591436	16.735676263372838	0.0	0.0	
20.978078245630023	29.81438524630997	0.0	0.0	
15.287505903605208	20.49566057688069	0.0	0.0	
11.36211396637588	28.649120398426554	0.0	0.0	
30.842492415406618	18.150932824635834	0.0	0.0	
31.265858004293587	4.577010139854117	0.0	0.0	
1.9563295620432797	9.073326843907292	0.0	0.0	
26.819055918505157	16.807377880099317	0.0	0.0	
12.073188609564475	29.511022092328453	0.0	0.0	
6.46385552403131	13.728598370877407	0.0	0.0	
29.75304764061184	15.09893970575396	0.0	0.0	
7.9467959467172555	16.037103252872704	0.0	0.0	
7.196894853119048	7.875000764102673	0.0	0.0	
31.8342440419707	27.55171516167577	0.0	0.0	
2.8473508025784646	31.451518205087034	0.0	0.0	
31.80979531462748	2.8710000147532178	0.0	0.0	
22.72492763253767	10.410628948909501	0.0	0.0	
23.32087056094019	11.50775129427366	0.0	0.0	
29.010057300898062	8.664397768383498	0.0	0.0	
28.77635464886648	4.563355275889251	0.0	0.0	
11.55515755261095	0.7840333489408629	0.0	0.0	
24.217601737315725	28.71655133964482	0.0	0.0	
21.147668005554756	29.823435250869835	0.0	0.0	
9.614814432769052	18.911974456637395	0.0	0.0	
10.854428435016892	0.4110867158142746	0.0	0.0	
29.824389250951135	9.199388657472035	0.0	0.0	
31.669664696282915	19.06970524749443	0.0	0.0	
31.774698350793777	23.78159520147086	0.0	0.0	
3.068408819093797	16.312637408997062	0.0	0.0	
12.40460483450213	27.185432702097636	0.0	0.0	
9.376902597747645	20.91813458448318	0.0	0.0	
26.560605889721973	27.738662905493168	0.0	0.0	
19.813257288253745	8.621795267363154	0.0	0.0	
24.24664311743412	16.114303319996978	0.0	0.0	
11.543030057978243	24.067291233108573	0.0	0.0	
4.248767659358002	24.441402248416242	0.0	0.0	
13.613729434866261	30.060521426595542	0.0	0.0	
6.654579955754869	5.324510667213293	0.0	0.0	
10.112116462814228	23.137166493916773	0.0	0.0	
15.960815641876511	11.288159954870721	0.0	0.0	
30.46158813057986	19.306901872852894	0.0	0.0	
18.04438086504314	21.66729935998169	0.0	0.0	
20.003057868677548	25.524485428498668	0.0	0.0	
16.57645428412535	17.662180819387228	0.0	0.0	
9.174750378832925	18.844620360224948	0.0	0.0	
10.151925400213539	3.6543096273913847	0.0	0.0	
23.105523952370525	17.15039723509718	0.0	0.0	
10.913439744226068	4.924194325542114	0.0	0.0	
11.363638703846927	20.461190743676955	0.0	0.0	
15.841812330620748	21.005895348411034	0.0	0.0	
11.67958365474501	22.00203650224681	0.0	0.0	
30.612586625491712	19.179888500310014	0.0	0.0	
8.910903533449453	1.1251165871037934	0.0	0.0	
9.59807653173203	1.5744244305661965	0.0	0.0	
7.463388051186335	4.672487304084999	0.0	0.0	
15.900807551489763	13.462267796486277	0.0	0.0	
10.44049217098944	26.89667808274051	0.0	0.0	
26.35671310028932	19.054295949904677	0.0	0.0	
11.847356427334017	21.557898795084864	0.0	0.0	
18.785241259415884	19.51242155487944	0.0	0.0	
2.4789890210362273	14.718135141838221	0.0	0.0	
20.805219402668243	22.35193094676749	0.0	0.0	
24.727628619563554	21.529718658234298	0.0	0.0	
14.374635511551425	11.581579176182814	0.0	0.0	
30.418275647927814	20.93329170109531	0.0	0.0	
23.968691952544518	30.682598510603718	0.0	0.0	
5.390481160096066	26.285466226482257	0.0	0.0	
22.959317947122855	27.6502247155027	0.0	0.0	
25.36069420110086	4.262889331855661	0.0	0.0	
14.179530443441454	15.155029174399296	0.0	0.0	
27.70857453051946	12.182665630845442	0.0	0.0	
0.53018301167468	9.803397227374592	0.0	0.0	
15.272008536157852	25.435023501310333	0.0	0.0	
24.158634814854903	27.99894491408438	0.0	0.0	
10.418158148153935	12.634929996218805	0.0	0.0	
9.69448813134088	19.708336828025644	0.0	0.0	
19.326798305982276	26.539926698948047	0.0	0.0	
6.638418682884993	18.037359903171417	0.0	0.0	
25.82862216940699	17.27193775996671	0.0	0.0	
17.01645382604008	13.676560185031178	0.0	0.0	
17.536924253668378	13.006332676167673	0.0	0.0	
9.13792414626188	30.45854663941465	0.0	0.0	
17.685999742706954	22.0213775964577	0.0	0.0	
1.3407985465454964	4.287670487377174	0.0	0.0	
26.448065484097814	27.28450198328068	0.0	0.0	
15.317607863947345	30.644896254748776	0.0	0.0	
10.344104949740167	25.357656210758975	0.0	0.0	
6.094015257669756	8.563672832589102	0.0	0.0	
19.97648001473368	14.730311598376531	0.0	0.0	
9.08608124481136	1.7669604489368247	0.0	0.0	
3.5852609408686824	21.468408041125905	0.0	0.0	
6.112304134669522	22.049906353584092	0.0	0.0	
18.35643883189191	21.525115955114572	0.0	0.0	
28.448039089464334	7.676975379289164	0.0	0.0	
4.689455182067807	31.850148261471517	0.0	0.0	
30.04559895145136	5.546786417101693	0.0	0.0	
24.938403919186136	8.103615918286142	0.0	0.0	
23.137631630981	4.629182035548684	0.0	0.0	
17.842781488815906	9.335265404344462	0.0	0.0	
12.583592258292747	6.854356992704695	0.0	0.0	
0.8455277962229637	9.02821065648845	0.0	0.0	
21.04657768012765	23.082906105118866	0.0	0.0	
18.798596928401256	7.3407877085916375	0.0	0.0	
5.978930076373359	6.404188704347085	0.0	0.0	
10.218740217268394	28.74130612183873	0.0	0.0	
3.0189293055122413	0.19794926789642986	0.0	0.0	
22.914202696230884	3.3059138087685227	0.0	0.0	
28.68519290283003	26.53206924806187	0.0	0.0	
12.934466447432698	10.77807572222175	0.0	0.0	
20.260249404819913	9.678706420319916	0.0	0.0	
11.617666655926541	2.173942841521704	0.0	0.0	
28.827045919021337	28.707197645025264	0.0	0.0	
26.288934344395454	23.769222338208237	0.0	0.0	
13.98624967762931	25.284036042840814	0.0	0.0	
0.645183748094361	22.82767603520862	0.0	0.0	
24.75710289416365	16.908733813226593	0.0	0.0	
19.178571609755775	8.438219647469658	0.0	0.0	
0.9271862826124675	6.448168248680467	0.0	0.0	
31.743579738209778	0.8792358900233239	0.0	0.0	
2.5161441257069157	29.647507096402066	0.0	0.0	
29.489899516711162	28.372376617758125	0.0	0.0	
14.876271858060047	24.00190030218676	0.0	0.0	
5.914558754993806	28.677066576344643	0.0	0.0	
19.234947067195996	9.974171557908761	0.0	0.0	
27.15627593429727	31.905426456775075	0.0	0.0	
6.329177346077561	25.43531083417191	0.0	0.0	
21.148942316433057	25.130176237045816	0.0	0.0	
24.728419566836955	11.033907636356052	0.0	0.0	
15.231937111455235	15.527426421762943	0.0	0.0	
14.531641983208512	0.5367601270536895	0.0	0.0	
5.488400517631188	16.129665033012607	0.0	0.0	
0.7828657820439311	20.097160602456853	0.0	0.0	
3.0617140298514904	12.044252464591768	0.0	0.0	
4.152025902895954	20.393129954596777	0.0	0.0	
29.88005753849368	13.67070107137182	0.0	0.0	
19.263732900998143	31.34503150229155	0.0	0.0	
1.6890197902183637	28.35454602761285	0.0	0.0	
29.902042139191806	22.7330968296189	0.0	0.0	
5.242181577489276	14.956922954453098	0.0	0.0	
10.747400165679235	15.458528462662166	0.0	0.0	
6.377935777246158	30.810076882048683	0.0	0.0	
5.469220726844913	24.089554682091986	0.0	0.0	
9.696019753895861	4.764488305348586	0.0	0.0	
3.090229940233023	25.608197510124395	0.0	0.0	
6.849393564974694	9.851481562320128	0.0	0.0	
20.010379498783077	0.7678064231223694	0.0	0.0	
2.5320203401722097	29.345090576572453	0.0	0.0	
14.81664693428355	25.017935524565125	0.0	0.0	
16.74818549926934	22.642304803594524	0.0	0.0	
13.86325950731154	18.983650787303517	0.0	0.0	
13.704070586335494	17.83046739161817	0.0	0.0	
4.974426261389432	27.201126214493883	0.0	0.0	
11.620694541578459	16.081550152525896	0.0	0.0	
5.142110272586692	21.759563744363724	0.0	0.0	
3.7145522031144758	2.0493738162660797	0.0	0.0	
3.702159581449372	24.428794806306374	0.0	0.0	
29.372862234255177	9.069133905219566	0.0	0.0	
30.129645022689818	11.271570982948997	0.0	0.0	
20.506750055841984	21.564527039043686	0.0	0.0	
28.039736878046565	12.904611258843627	0.0	0.0	
9.397386917090053	10.735784606139145	0.0	0.0	
13.357488164081829	20.71453991830996	0.0	0.0	
15.673401506666327	17.562102884949134	0.0	0.0	
1.8287883170313783	23.386153411779414	0.0	0.0	
1.0349259770965595	1.6652424948532882	0.0	0.0	
11.903580309141137	16.083857263303642	0.0	0.0	
2.176875902588204	12.34505486668932	0.0	0.0	
18.26254033211464	24.04163603599151	0.0	0.0	
10.896125485949089	26.924707215128088	0.0	0.0	
18.881075558071814	10.403194030341599	0.0	0.0	
18.180888977562642	16.135806689292526	0.0	0.0	
5.119270402325373	3.395518120973879	0.0	0.0	
23.029716067990545	14.779916590309487	0.0	0.0	
14.426340136727017	24.589178766994955	0.0	0.0	
6.398856672445444	10.907340114878249	0.0	0.0	
17.30899004281017	14.800614385127549	0.0	0.0	
12.365700704358243	20.175130732321808	0.0	0.0	
15.32959867263786	25.680120309725023	0.0	0.0	
31.906254839269316	23.558743544685854	0.0	0.0	
30.569225088269917	27.64017845871292	0.0	0.0	
7.900202065274826	2.8912992265436728	0.0	0.0	
18.847245715761368	23.05905633797123	0.0	0.0	
5.6610742061658215	2.7414710074168163	0.0	0.0	
1.7182358724946063	27.321180888616727	0.0	0.0	
25.796818691681654	16.76251380808762	0.0	0.0	
18.53236471083846	21.34042552783085	0.0	0.0	
16.463885843467168	13.512088085039228	0.0	0.0	
24.22985308269685	0.6467769561215526	0.0	0.0	
22.740658839001846	25.51523993124984	0.0	0.0	
2.217431790049371	12.996091715344768	0.0	0.0	
10.658750150496811	28.54677444611762	0.0	0.0	
5.769970660068644	5.365150364723114	0.0	0.0	
8.031416735074725	2.65430574713972	0.0	0.0	
31.588351782734584	10.110620970968693	0.0	0.0	
20.039204621468354	16.29965174496723	0.0	0.0	
10.850418493934441	4.130857475383703	0.0	0.0	
16.203972840164052	19.894461403850652	0.0	0.0	
27.26137775273537	9.714647524798917	0.0	0.0	
11.28404108661336	15.99779358454408	0.0	0.0	
0.8790522698785566	26.66557741915407	0.0	0.0	
9.968243048435959	11.515744938460582	0.0	0.0	
7.089543218948233	3.5724806259950945	0.0	0.0	
25.35846058348769	26.27951730500399	0.0	0.0	
23.180027396654157	17.64053791199436	0.0	0.0	
4.2668815059771	3.868174423499198	0.0	0.0	
19.644240986154376	19.04889902499042	0.0	0.0	
23.99421888214739	25.127317585587207	0.0	0.0	
16.490339488750482	22.7169560013193	0.0	0.0	
12.250797029615676	7.53209670621462	0.0	0.0	
14.288224940930998	6.994470067691218	0.0	0.0	
4.815407268663659	31.19253715160176	0.0	0.0	
28.765224366627667	21.454452276575033	0.0	0.0	
0.8449002959862071	0.11844784704581102	0.0	0.0	
10.582337193907232	15.141776267576365	0.0	0.0	
9.101670742836834	26.997237293223133	0.0	0.0	
16.591608382143292	29.56888591859082	0.0	0.0	
23.91550182147036	14.823102492453252	0.0	0.0	
27.075892757952307	28.146976931829354	0.0	0.0	
7.865234152485961	27.173245298710423	0.0	0.0	
5.7765646844702125	9.077943897933487	0.0	0.0	
29.52035060404732	17.497188934352327	0.0	0.0	
20.744430095016195	28.14255647595765	0.0	0.0	
8.269063884391823	14.790970347224292	0.0	0.0	
12.39303261685328	28.486066101185852	0.0	0.0	
22.03031031402867	6.82746214699273	0.0	0.0	
19.53719240152343	7.53868825247628	0.0	0.0	
25.60955830321092	6.41028250565498	0.0	0.0	
12.665494587947073	3.7784058763325703	0.0	0.0	
5.559022507063332	11.151802629202091	0.0	0.0	
24.256513067670358	9.523178668610829	0.0	0.0	
24.720728762680416	18.1134696443011	0.0	0.0	
22.763458129397137	25.43989550403611	0.0	0.0	
29.386959036951698	23.92377373412668	0.0	0.0	
19.23348656641417	20.365831442632604	0.0	0.0	
14.415475017194861	13.494572180203317	0.0	0.0	
27.610985524221974	15.716021222908772	0.0	0.0	
2.9305604211067013	31.11128820460445	0.0	0.0	
19.630023676633467	11.342836538841727	0.0	0.0	
24.3938322703572	3.965222075490079	0.0	0.0	
29.29560969785188	9.805399875141077	0.0	0.0	
27.31639095194768	9.512641065155485	0.0	0.0	
28.674379234329834	25.43242703857382	0.0	0.0	
16.34512782800139	28.734021323157595	0.0	0.0	
6.953898213277181	16.506412532278468	0.0	0.0	
31.491750363819587	7.5764058043556695	0.0	0.0	
29.430460702725295	18.290822546549897	0.0	0.0	
23.65273251522221	20.728383968570842	0.0	0.0	
5.938093777208451	18.02093294306179	0.0	0.0	
24.40409059591783	29.760248943443262	0.0	0.0	
0.6190213936727211	26.52107021694535	0.0	0.0	
19.434619267298135	23.65823352315866	0.0	0.0	
7.336233370106779	25.73718555915016	0.0	0.0	
22.50563158034468	22.24334969948301	0.0	0.0	
1.8781644222147484	10.25597706383267	0.0	0.0	
23.761170162920035	5.129744480867753	0.0	0.0	
10.32195554001936	28.530269221861413	0.0	0.0	
17.131914005963512	4.818611295459441	0.0	0.0	
14.691730069837465	3.358488375263608	0.0	0.0	
13.183664579867006	15.236587654047817	0.0	0.0	
0.38942195747295827	18.538725645887926	0.0	0.0	
31.627467989277402	15.802275606704391	0.0	0.0	
5.5121697742813325	22.052828546880978	0.0	0.0	
7.869711113745545	29.073000579203466	0.0	0.0	
29.89417543972585	30.332592122667187	0.0	0.0	
12.320638944744225	10.243345313463148	0.0	0.0	
18.81949334348115	5.357969924352766	0.0	0.0	
23.424276310744524	30.191681572576645	0.0	0.0	
31.661695744203527	16.45556930485048	0.0	0.0	
10.856005515948588	9.799419245220186	0.0	0.0	
20.496699821344123	16.07034287730245	0.0	0.0	
23.40025215362147	15.5057494220475	0.0	0.0	
0.5119947049592568	23.42669869407973	0.0	0.0	
6.702006671970349	9.086441783477639	0.0	0.0	
29.032181078385968	9.691212529909873	0.0	0.0	
18.23459286764864	10.92135073892931	0.0	0.0	
22.174111116410085	4.174773997822914	0.0	0.0	
10.848310969573543	4.6392494586881305	0.0	0.0	
17.770551016579457	29.93633220037976	0.0	0.0	
29.446694870787	27.822155968468635	0.0	0.0	
13.27521271503046	7.211962602222851	0.0	0.0	
6.514850913408878	13.529868303287245	0.0	0.0	
16.22584243207345	12.768748251461918	0.0	0.0	
13.486489797811238	5.709418833315283	0.0	0.0	
15.615045966479688	9.826215270556542	0.0	0.0	
28.659892648630265	13.43208783757099	0.0	0.0	
26.914219760713824	8.452861431656402	0.0	0.0	
14.229763437040472	10.2605652034555	0.0	0.0	
13.197024466626942	27.656497227079456	0.0	0.0	
13.844333410030341	20.335835409680346	0.0	0.0	
28.60804894869876	13.80450272653561	0.0	0.0	
12.624627405190651	10.858621931174419	0.0	0.0	
0.7068878174095694	28.514999192068327	0.0	0.0	
13.23249453204198	6.859456370477851	0.0	0.0	
23.591845765671795	24.825527111066314	0.0	0.0	
19.746786854394024	29.905531765022204	0.0	0.0	
31.78197588907529	14.77148799685099	0.0	0.0	
24.800692956519736	13.3384593756549	0.0	0.0	
31.01204014572288	9.458288391466862	0.0	0.0	
18.68581166395567	19.320592241320586	0.0	0.0	
20.913706915591725	27.653884693001128	0.0	0.0	
16.82934520073452	18.621434043681624	0.0	0.0	
22.333142133263582	19.65443422229027	0.0	0.0	
24.720642383933612	10.025527612099722	0.0	0.0	
4.714479223084236	27.545399696113755	0.0	0.0	
0.8180132786176095	19.23354593519531	0.0	0.0	
22.923159710961368	28.082622830715405	0.0	0.0	
16.037000722240585	2.585964884750439	0.0	0.0	
24.262097783531342	15.01300556020097	0.0	0.0	
27.9568873083512	5.6214904226143965	0.0	0.0	
1.279322587087453	5.498689910429118	0.0	0.0	
1.1548396227382796	25.904130303050355	0.0	0.0	
0.9358811394560682	6.230579603173101	0.0	0.0	
24.488626305345402	15.973910904687166	0.0	0.0	
18.253377019099883	8.400049026163451	0.0	0.0	
30.15751279368313	30.067868192582235	0.0	0.0	
30.432625563133637	10.603533790704851	0.0	0.0	
6.087703346388363	5.8480778668449425	0.0	0.0	
0.4670496009048435	0.4850657802520715	0.0	0.0	
4.0990315663678025	6.010868881504063	0.0	0.0	
2.2748648453941342	19.109508315564074	0.0	0.0	
15.10614365197273	19.126611587469636	0.0	0.0	
1.968380629160766	20.758434485945614	0.0	0.0	
24.941010097898477	30.636714884654545	0.0	0.0	
19.550902913675664	12.946875511455541	0.0	0.0	
5.351804786999928	7.812119872938624	0.0	0.0	
29.739765479020264	7.905567558844442	0.0	0.0	
18.89551835199885	7.940499764236115	0.0	0.0	
15.503901183551683	6.72681677696686	0.0	0.0	
26.712714192865423	27.588639275638357	0.0	0.0	
27.205076482866293	19.77296751308005	0.0	0.0	
9.955373036575821	28.21668744844475	0.0	0.0	
24.322109141458395	4.855353458359623	0.0	0.0	
9.068860362769293	3.3419255391191385	0.0	0.0	
19.595252644426882	17.75890600914265	0.0	0.0	
5.765917172590331	4.4344354703564015	0.0	0.0	
21.906033795066474	13.632909557711514	0.0	0.0	
8.1544551794344	3.5999706992864944	0.0	0.0	
29.60469082660828	16.206951819681834	0.0	0.0	
9.00122656879218	28.87990327692847	0.0	0.0	
28.189529267342305	28.29172620574553	0.0	0.0	
26.239114551322526	18.89354930861667	0.0	0.0	
5.624909151901537	4.018210046982915	0.0	0.0	
21.41333777677122	11.326516764297896	0.0	0.0	
7.630047483580842	30.14423638595887	0.0	0.0	
10.428857233867628	8.765570845201832	0.0	0.0	
22.664979870406945	16.426223950094773	0.0	0.0	
22.2894854793751	21.158300355935726	0.0	0.0	
20.332188982116488	24.923085201768682	0.0	0.0	
3.4742919636266514	26.257039456425446	0.0	0.0	
29.62912074708955	3.287923142973039	0.0	0.0	
13.509109384616217	16.627667867207045	0.0	0.0	
7.950673924311534	26.508814187282624	0.0	0.0	
23.7016789235127	26.74038237687644	0.0	0.0	
4.136599894711811	7.544235638485112	0.0	0.0	
4.976031687291879	21.73025719234584	0.0	0.0	
11.99313276187505	10.12627026211539	0.0	0.0	
18.056703030712576	9.164809777848099	0.0	0.0	
4.3661435379619284	20.859914544330625	0.0	0.0	
17.530578317565368	29.98212546232648	0.0	0.0	
8.378788396031268	23.436584709288727	0.0	0.0	
13.420035636365423	28.046899630360677	0.0	0.0	
18.949973847222125	12.092934406980017	0.0	0.0	
3.9572827439659477	31.24489666548614	0.0	0.0	
5.010028859022274	13.590111595231772	0.0	0.0	
2.7453602803017354	22.74074377451053	0.0	0.0	
14.702254717699613	26.992731585830857	0.0	0.0	
29.89011332610064	30.92210256117528	0.0	0.0	
10.979534324322614	3.8534481094056723	0.0	0.0	
0.3236043383093872	3.766090461826426	0.0	0.0	
24.935752646201028	22.45184497722144	0.0	0.0	
24.636245230254335	22.960106435634618	0.0	0.0	
30.05349502976661	22.158800894321704	0.0	0.0	
2.0472240309990895	5.841797593615997	0.0	0.0	
25.36046280713828	13.847259135813662	0.0	0.0	
15.232421005501141	14.649115842878949	0.0	0.0	
26.034176474855688	3.2036263816193546	0.0	0.0	
29.938496156775756	24.956052568416833	0.0	0.0	
0.23410382877262848	11.854284796392683	0.0	0.0	
7.176819935874686	25.33142012526415	0.0	0.0	
14.740469763478998	26.199237671821063	0.0	0.0	
5.329587925013634	27.291055404649132	0.0	0.0	
8.327610695906944	30.151946940078666	0.0	0.0	
22.84441947371512	10.91502806712366	0.0	0.0	
0.668062348895301	19.366065477843435	0.0	0.0	
15.863352708973864	5.003507652946244	0.0	0.0	
9.517166443316118	26.370518709085975	0.0	0.0	
28.95101983492763	4.4175187130883025	0.0	0.0	
28.166635324526794	2.9399501660706875	0.0	0.0	
15.017751261552558	0.15254643062154827	0.0	0.0	
18.954054314164377	4.537654781781594	0.0	0.0	
27.063441897923404	2.186917697571783	0.0	0.0	
15.037611603946623	30.361176211574648	0.0	0.0	
21.429652975674443	24.860611021393858	0.0	0.0	
6.636127479807076	2.2745965557707777	0.0	0.0	
25.898296099530405	19.462863747874405	0.0	0.0	
30.61915542471885	7.8653160473094275	0.0	0.0	
12.822045041268254	12.848559500829253	0.0	0.0	
19.550682837681965	18.517458139073774	0.0	0.0	
3.667573426099299	0.26787766561985293	0.0	0.0	
3.9921355276040202	6.571500983226837	0.0	0.0	
14.76796263044157	19.045609522953708	0.0	0.0	
26.885845571611274	18.859205216709682	0.0	0.0	
16.011151898759522	16.818422734644347	0.0	0.0	
24.579466375126994	6.087545313514987	0.0	0.0	
21.039957112588354	21.48665799606048	0.0	0.0	
17.1201875195704	25.328538223133243	0.0	0.0	
12.046608851379652	11.522328443180122	0.0	0.0	
24.68766443684482	2.912346809485168	0.0	0.0	
13.199552518509922	18.143457412952042	0.0	0.0	
14.996336244032218	26.159822860791003	0.0	0.0	
2.7722210282772437	24.187095909087517	0.0	0.0	
24.085384171527775	24.742638280899094	0.0	0.0	
5.024960150079018	31.161888349530035	0.0	0.0	
19.969159265147272	10.534386600212443	0.0	0.0	
8.895951869120402	28.0113223759909	0.0	0.0	
0.10721227842372372	12.703731567530827	0.0	0.0	
8.81791525261455	9.219800780691422	0.0	0.0	
29.342144730560648	12.119172983212795	0.0	0.0	
8.036178778162796	13.344981639994558	0.0	0.0	
16.078163067172856	27.640840977723734	0.0	0.0	
28.464084465129563	21.634130383521025	0.0	0.0	
15.263676416110112	28.9032505914063	0.0	0.0	
27.85678276634756	14.27862768153	0.0	0.0	
3.6947351852273798	0.7106406819744713	0.0	0.0	
19.148259141439883	31.25999089608962	0.0	0.0	
12.544680256222826	5.246364431165134	0.0	0.0	
13.328045618662646	21.52796406915129	0.0	0.0	
5.584134440429718	0.9883090299537542	0.0	0.0	
18.488486431784775	11.941568640884793	0.0	0.0	
12.251542427390461	21.234134964255336	0.0	0.0	
18.212915282888385	1.1727680498973712	0.0	0.0	
9.080158085576958	5.473774582193045	0.0	0.0	
16.844513126230837	26.234590348618788	0.0	0.0	
23.158927049392403	12.155391057239491	0.0	0.0	
25.25886999131342	17.530165009212	0.0	0.0	
21.973044682246144	19.762280301420294	0.0	0.0	
30.205637340551913	17.446043659891686	0.0	0.0	
27.648140271338914	5.8971975904380685	0.0	0.0	
28.51781670161064	4.515403416043	0.0	0.0	
30.000938091050223	22.717785681406678	0.0	0.0	
11.539619576739195	18.110550901774623	0.0	0.0	
16.218326283248135	12.286868471399742	0.0	0.0	
6.6166266737952775	23.521934668333753	0.0	0.0	
11.858180175212816	0.682918196728977	0.0	0.0	
26.958489829242346	16.850824300102456	0.0	0.0	
30.26949511917554	14.927262435834823	0.0	0.0	
15.016808465600455	26.8873307363558	0.0	0.0	
14.7936981947874	15.471738659471331	0.0	0.0	
25.59292663895711	30.775555689656265	0.0	0.0	
2.810621044435589	2.6926096747582235	0.0	0.0	
9.24573964341074	29.889662961943145	0.0	0.0	
29.941937787178162	20.75584409354337	0.0	0.0	
2.744615929763736	23.17375667261803	0.0	0.0	
12.246140712704392	30.830766501913224	0.0	0.0	
14.57566331211077	17.10390181482447	0.0	0.0	
19.307745404410024	27.887396110679877	0.0	0.0	
27.32236123255047	17.91546759901319	0.0	0.0	
25.96234337010585	0.48493954802805916	0.0	0.0	
13.435849647223968	27.840788472571766	0.0	0.0	
22.521660661509706	14.023767221156948	0.0	0.0	
0.8913603022783612	16.7126321001106	0.0	0.0	
22.194008734699413	30.98989871167067	0.0	0.0	
9.122398812456002	9.607539563593392	0.0	0.0	
6.234254357171746	31.515057378623183	0.0	0.0	
2.9752623187049245	0.9196630909498147	0.0	0.0	
26.002014702331305	25.23147360733473	0.0	0.0	
16.86270204245386	7.007016453059467	0.0	0.0	
2.225613167748662	5.819992766885537	0.0	0.0	
23.915995993632315	23.00071544671869	0.0	0.0	
12.615623941513949	18.5943711870483	0.0	0.0	
22.557232746351907	22.95257614692248	0.0	0.0	
3.0674307270265153	10.939453214224624	0.0	0.0	
13.590663397694343	31.632047998484957	0.0	0.0	
8.947193170248546	10.93320653207919	0.0	0.0	
19.857313241809397	31.84952311693521	0.0	0.0	
1.155600944857806	21.938970816302845	0.0	0.0	
21.091117356685906	9.436707340965508	0.0	0.0	
15.511074444455229	15.39582457084914	0.0	0.0	
13.549338490403322	15.536790821011316	0.0	0.0	
27.221730080670106	19.794865896512547	0.0	0.0	
29.82438412684405	28.617376829768233	0.0	0.0	
2.4754084123185756	6.6087607339042655	0.0	0.0	
23.253679354347515	14.443275935370046	0.0	0.0	
1.5967200134989419	16.06320434188616	0.0	0.0	
8.433687884027794	28.85475284315109	0.0	0.0	
24.90740152940916	28.09201530826253	0.0	0.0	
21.15392753367024	19.70525035496937	0.0	0.0	
11.33768733654934	20.697470254546104	0.0	0.0	
30.969694484195756	7.346928225699202	0.0	0.0	
29.21073414139199	21.061075209742434	0.0	0.0	
7.927861129254847	25.401588197217862	0.0	0.0	
23.559547781014572	21.246574176882117	0.0	0.0	
15.569267751024391	24.755982614396718	0.0	0.0	
6.787140410587426	15.231354975877721	0.0	0.0	
24.755101264392053	5.692141623789993	0.0	0.0	
23.23820551126553	27.70185282162931	0.0	0.0	
29.268054315471446	0.7899914131178036	0.0	0.0	
16.11389040260297	4.773768208754571	0.0	0.0	
25.7154389698188	15.725970301203713	0.0	0.0	
7.219978228192552	20.03273015929382	0.0	0.0	
24.260217730943626	19.801549607950736	0.0	0.0	
2.18676540598932	20.352478275206064	0.0	0.0	
28.44051615047729	14.170974602418756	0.0	0.0	
6.851789122746503	10.198131041727333	0.0	0.0	
18.59003275051454	18.30058319632815	0.0	0.0	
31.401900078851252	20.142318359501083	0.0	0.0	
14.531270974536628	29.392222627540225	0.0	0.0	
12.157564414217791	7.1129004770720705	0.0	0.0	
28.129429731522233	20.84147825045405	0.0	0.0	
13.256361980659953	17.91151447172353	0.0	0.0	
14.056416581743044	17.68791851482776	0.0	0.0	
31.820821241053494	29.965322059312545	0.0	0.0	
18.33117261405591	23.748541221303295	0.0	0.0	
0.7796342556571041	0.18897733253956162	0.0	0.0	
3.8081546158834065	12.938957448978648	0.0	0.0	
1.6609669180405113	0.3139735538053685	0.0	0.0	
17.202970141528528	9.295196419182783	0.0	0.0	
26.55834905093936	6.243382983128775	0.0	0.0	
3.6143676844863677	1.7279562075532766	0.0	0.0	
10.501655025767576	24.86266739057126	0.0	0.0	
4.453400739001452	29.273207607194177	0.0	0.0	
3.9421395396704746	16.26191502658284	0.0	0.0	
1.053954041625527	2.3499568157735133	0.0	0.0	
17.875550788896515	3.6363586335864326	0.0	0.0	
8.47773869317632	8.204500171778683	0.0	0.0	
27.62156074080103	26.910395363362525	0.0	0.0	
25.14761331507882	7.115985164502334	0.0	0.0	
18.742925129980392	11.707928937308761	0.0	0.0	
17.88884323361092	12.481604937637002	0.0	0.0	
24.8886973014821	3.988498257901462	0.0	0.0	
15.204027912820813	7.0786409925280225	0.0	0.0	
23.771497879625894	24.30669975686755	0.0	0.0	
16.229841167338307	5.26747896521335	0.0	0.0	
20.815574069053934	13.662110599026136	0.0	0.0	
18.96233176607223	12.62400391569101	0.0	0.0	
16.89419915106112	4.10881295348511	0.0	0.0	
15.386363171878532	23.46026621829124	0.0	0.0	
22.650291285759437	24.96722831405251	0.0	0.0	
26.45113738126746	23.35647936648926	0.0	0.0	
16.473866986167625	3.7241152609596675	0.0	0.0	
9.698171796787495	12.352695333059234	0.0	0.0	
11.277996540091099	15.460947696432285	0.0	0.0	
30.030258590300935	11.661543135224335	0.0	0.0	
10.094540422448578	3.1206772763425157	0.0	0.0	
1.5704080996162801	10.604699981205858	0.0	0.0	
31.60190847339903	7.2990965087704645	0.0	0.0	
10.434638552688934	24.40477346841974	0.0	0.0	
10.41258800148464	30.59914605845387	0.0	0.0	
21.78770985803958	20.24281361832999	0.0	0.0	
15.136606572058298	0.03244594573382287	0.0	0.0	
29.695437971478725	6.984389663268622	0.0	0.0	
12.106162972656659	23.185585988571166	0.0	0.0	
29.518447558252568	11.222913616698921	0.0	0.0	
14.13616339508664	3.561542013422727	0.0	0.0	
26.134739855258	4.722267408307324	0.0	0.0	
6.987207056566142	21.047797459079092	0.0	0.0	
0.4739115807298724	7.5806622714681	0.0	0.0	
11.753005251020102	31.08147094504554	0.0	0.0	
28.867230125906868	28.555490006618637	0.0	0.0	
6.7085949465994545	22.58893548418257	0.0	0.0	
2.866502657876815	15.19167468041157	0.0	0.0	
14.936042530799849	21.840842413950153	0.0	0.0	
12.25351761764189	8.991252628470527	0.0	0.0	
4.347304497091837	1.6140104062210554	0.0	0.0	
13.505718411974264	16.61818428135338	0.0	0.0	
16.89695505198939	25.405614692104887	0.0	0.0	
22.94039643741302	24.217984034841542	0.0	0.0	
22.15200956003828	23.833184571986557	0.0	0.0	
3.095607764019082	22.54123669922764	0.0	0.0	
12.51686329726197	3.4712341094988517	0.0	0.0	
4.936392434510658	27.808748769010066	0.0	0.0	
22.162365927222208	24.32149719623009	0.0	0.0	
20.656090301091208	24.35409417594629	0.0	0.0	
31.88494498983497	12.138366131445196	0.0	0.0	
30.303722189944843	20.388467211617005	0.0	0.0	
21.192897193235655	22.185624798872627	0.0	0.0	
5.649768078912192	13.455820799676736	0.0	0.0	
5.800145727937647	16.621996808442077	0.0	0.0	
20.705899304577166	4.946539801177156	0.0	0.0	
1.7425356952421005	20.159064173455246	0.0	0.0	
7.04895070402673	13.098197921243283	0.0	0.0	
7.328421064449305	20.089042101259928	0.0	0.0	
28.98720981934027	5.369446160794865	0.0	0.0	
23.987256044158404	10.319448933325088	0.0	0.0	
21.504011398741635	16.00074584162959	0.0	0.0	
2.1153328701056644	9.436766586019953	0.0	0.0	
15.454428334940594	2.819889624862462	0.0	0.0	
20.09643250998824	31.324244776385548	0.0	0.0	
21.65116732649412	8.74058983319794	0.0	0.0	
18.15767516741239	5.922390846759097	0.0	0.0	
6.0180938694681	6.108907463490137	0.0	0.0	
21.056765095200564	13.009775381932851	0.0	0.0	
9.04114174954918	21.455068666354457	0.0	0.0	
9.393585393877785	14.872052175917052	0.0	0.0	
15.010576479110775	23.913204435737093	0.0	0.0	
28.591831995011905	7.695784467223451	0.0	0.0	
11.334703444307188	22.703090904172306	0.0	0.0	
25.57774278039162	18.741562932504298	0.0	0.0	
15.672775904727612	20.40583108826395	0.0	0.0	
8.437116347466965	9.929592844292763	0.0	0.0	
28.88168697530394	27.35969265024888	0.0	0.0	
5.967979296315793	10.840260107396691	0.0	0.0	
8.995148581195537	25.32860836571887	0.0	0.0	
5.474760869543193	28.097377486089304	0.0	0.0	
6.71817748678696	13.241127233620201	0.0	0.0	
27.465870979057293	12.11759111227519	0.0	0.0	
4.336207101665867	30.091146055148684	0.0	0.0	
4.697272306075906	30.533219593427656	0.0	0.0	
5.008207156141253	0.39088084538804324	0.0	0.0	
30.784694104947572	26.368688256681025	0.0	0.0	
11.033357764053243	19.47276260825467	0.0	0.0	
3.8917216031745845	28.756319157128676	0.0	0.0	
27.68875545764196	9.2149740881679	0.0	0.0	
30.238537910630544	21.913383377961853	0.0	0.0	
10.748867476333643	25.23208190309846	0.0	0.0	
18.917249371934478	15.55727410048652	0.0	0.0	
8.446237211977436	31.64060105585356	0.0	0.0	
4.409087942718386	11.705159493657781	0.0	0.0	
1.8542240841665034	20.92891051895333	0.0	0.0	
16.089392830158733	21.70010718868575	0.0	0.0	
11.211346732170924	27.71392424337917	0.0	0.0	
25.904107827194036	26.365628231898572	0.0	0.0	
9.693008941872389	28.996953826284262	0.0	0.0	
20.940923743912666	21.68926783826571	0.0	0.0	
0.17824848450861808	10.55047272155586	0.0	0.0	
28.927433705295577	5.515712208185352	0.0	0.0	
19.77073260122698	24.48637746405837	0.0	0.0	
12.84741498327353	1.1764594010033704	0.0	0.0	
2.918384648675623	9.381716468793947	0.0	0.0	
30.94427559823153	0.33811535523057756	0.0	0.0	
12.026395981207948	21.81958574720974	0.0	0.0	
18.886526732410104	4.661215070745111	0.0	0.0	
23.57477526895282	27.58962422568829	0.0	0.0	
9.426427604306689	24.675367264241558	0.0	0.0	
29.623008907947554	3.1444646900367985	0.0	0.0	
3.4507415381595408	7.869499022345188	0.0	0.0	
19.627831372363374	20.835059269282823	0.0	0.0	
12.259500793382887	31.081792803182143	0.0	0.0	
1.3925985383888921	9.531492519511879	0.0	0.0	
1.4875472573429072	0.577800020722929	0.0	0.0	
6.105297772287049	1.5378454215707542	0.0	0.0	
24.167809439558958	6.438604050499212	0.0	0.0	
17.79394555662952	27.410342673254938	0.0	0.0	
19.026799601338336	29.594220403980422	0.0	0.0	
29.319167831419097	26.450984584491692	0.0	0.0	
6.154390774638525	9.008278422536623	0.0	0.0	
8.095647814336488	30.546692080950674	0.0	0.0	
10.911765711550053	30.898695126685237	0.0	0.0	
29.375232032745483	5.646838901656118	0.0	0.0	
27.45658402504293	14.859477848969831	0.0	0.0	
25.650876882401512	8.11655117619581	0.0	0.0	
30.692254528484806	23.506106223084828	0.0	0.0	
15.07414611542039	25.55067948146719	0.0	0.0	
0.6576749787247849	9.627878187104926	0.0	0.0	
9.239694544154371	19.42712014775718	0.0	0.0	
5.0359063528110575	9.0225852101206	0.0	0.0	
12.70113008205356	3.969846676843961	0.0	0.0	
17.667314554195208	5.953624144501909	0.0	0.0	
3.790880685630704	4.089900495526557	0.0	0.0	
0.7312121504927198	31.095514127299072	0.0	0.0	
13.162857802768709	4.494452406514181	0.0	0.0	
21.825638505709446	17.822080262832912	0.0	0.0	
24.96121653648479	27.813243543713277	0.0	0.0	
14.438905423346863	8.25901600976605	0.0	0.0	
25.21809713476623	11.623586768314233	0.0	0.0	
7.5991537083041365	14.364303158061915	0.0	0.0	
15.245353050837103	9.640730097197487	0.0	0.0	
27.414698216987144	13.704744278374665	0.0	0.0	
14.53443555226933	29.5023204688892	0.0	0.0	
25.24593905555672	31.312308756499583	0.0	0.0	
21.74370003452866	29.60055947721229	0.0	0.0	
9.326037656628422	24.86550700641469	0.0	0.0	
19.012297296658605	14.895894704475587	0.0	0.0	
24.71898443215149	1.8553021269576213	0.0	0.0	
9.104336417117064	21.76296683300102	0.0	0.0	
3.6918012814949037	3.7267715589567274	0.0	0.0	
25.159395792842624	3.9072548516030423	0.0	0.0	
30.21184992713407	20.159649829245488	0.0	0.0	
16.988429208866872	1.4956117107160551	0.0	0.0	
14.487033377524117	12.050384045334898	0.0	0.0	
2.1070321880250518	22.51479263611016	0.0	0.0	
28.548876127455728	0.946711674874134	0.0	0.0	
2.64665819729095	5.722879281787421	0.0	0.0	
6.0338413719350115	26.480808317015764	0.0	0.0	
3.4912773192081055	25.557641226256695	0.0	0.0	
8.580130406618405	21.68545520833383	0.0	0.0	
17.291710387686116	6.422179317448343	0.0	0.0	
4.227956325353997	12.117521481708163	0.0	0.0	
15.672988127004018	29.95935113685072	0.0	0.0	
19.37990945553323	27.642384167845275	0.0	0.0	
10.936518632618487	22.038014702474978	0.0	0.0	
28.728763305982422	29.940795922283584	0.0	0.0	
24.560418483760508	29.5572393071237	0.0	0.0	
16.37064663893053	19.181236560910968	0.0	0.0	
23.828764777201528	26.23093436827503	0.0	0.0	
20.586279507021775	30.99269534065512	0.0	0.0	
26.696802877050324	8.982469658807325	0.0	0.0	
9.559458191627495	29.90467174789074	0.0	0.0	
25.9910009291959	1.754596834850009	0.0	0.0	
26.581827644510938	18.98710067473244	0.0	0.0	
21.482669663249027	14.925397030340271	0.0	0.0	
2.4823819667250113	20.253234895281985	0.0	0.0	
1.1872838466917308	26.947017402703597	0.0	0.0	
25.73075934493359	22.357435111885817	0.0	0.0	
6.218742809283466	19.049413718449962	0.0	0.0	
23.399483090753318	22.570104689585367	0.0	0.0	
23.972921124041083	15.273863387472694	0.0	0.0	
25.46473136028926	31.849224510444323	0.0	0.0	
13.825550837672267	1.8441351021732721	0.0	0.0	
9.00856738837697	1.3334408991035787	0.0	0.0	
7.224828165421329	30.78129966161068	0.0	0.0	
22.091256795466002	17.999038017765873	0.0	0.0	
31.0068194727739	10.75971620586353	0.0	0.0	
10.508501884896088	12.331610823286265	0.0	0.0	
0.2759006559882593	4.2348715979160865	0.0	0.0	
27.38727989382087	12.881224203889616	0.0	0.0	
10.755706214636533	16.508872448651392	0.0	0.0	
26.267020819161818	31.24448830113183	0.0	0.0	
9.517889505435534	13.980570801110822	0.0	0.0	
6.119756874550131	10.81273909192009	0.0	0.0	
6.212957165243317	2.0216103739573903	0.0	0.0	
19.015157222750368	15.326747564793607	0.0	0.0	
4.894908305672054	8.585004643803071	0.0	0.0	
7.706112459664805	9.49586423445189	0.0	0.0	
11.184407874662941	20.604716594782598	0.0	0.0	
26.628017631656142	22.336370210726024	0.0	0.0	
2.3714818425199695	0.598787236345224	0.0	0.0	
26.283242602735687	19.583063119909898	0.0	0.0	
22.67287169505837	0.9130118495358737	0.0	0.0	
30.809183618831774	12.152898680597566	0.0	0.0	
8.698331448422778	18.021424076005285	0.0	0.0	
29.76933057244748	25.381725752354086	0.0	0.0	
31.208297515581805	13.337393624352746	0.0	0.0	
14.542638099556257	14.036325132156453	0.0	0.0	
13.283015156948483	9.060946433366723	0.0	0.0	
25.164437421526358	27.46976682781454	0.0	0.0	
2.2730400608750543	28.682599541549386	0.0	0.0	
21.80490373559166	13.865209678055805	0.0	0.0	
27.16328206534192	28.201126994587792	0.0	0.0	
16.074154916884844	2.3076249005699125	0.0	0.0	
18.926795777850632	15.407137274659384	0.0	0.0	
30.31785955113584	9.207898202294206	0.0	0.0	
25.365241724608875	1.529683193409312	0.0	0.0	
31.214603339441616	14.650022456178505	0.0	0.0	
29.455201204300987	17.638688482063102	0.0	0.0	
8.824280350865692	20.031560531436675	0.0	0.0	
14.787002731299363	22.25415387758631	0.0	0.0	
27.652655936157323	18.592738453253972	0.0	0.0	
26.671738485822516	4.8045832519505325	0.0	0.0	
17.392587096526967	24.676911610737744	0.0	0.0	
6.717373030881085	14.814584332892547	0.0	0.0	
1.08868853280822	20.337488563872355	0.0	0.0	
3.5968642635286976	23.975231501701895	0.0	0.0	
6.708567352893219	7.085974497191891	0.0	0.0	
28.37808827900639	3.5806357122609747	0.0	0.0	
0.0357212197635981	26.706987653972664	0.0	0.0	
1.6610493270493976	10.808075222952798	0.0	0.0	
25.217594817044105	18.096385577804107	0.0	0.0	
9.754859408226793	8.03489889411906	0.0	0.0	
13.799188465460123	1.8237267914293582	0.0	0.0	
3.775397112237158	13.199507383575014	0.0	0.0	
23.365985248939353	15.032039780556108	0.0	0.0	
21.76347871434282	12.210896741582175	0.0	0.0	
2.056557494147711	16.957659919654265	0.0	0.0	
27.330536095052896	7.768702437762126	0.0	0.0	
19.808006219032112	16.351574899144392	0.0	0.0	
4.135272790996353	22.000987917003595	0.0	0.0	
22.54435622883197	19.42644643790936	0.0	0.0	
26.35760384747863	25.954743259078544	0.0	0.0	
0.6975587848779163	27.39875985080276	0.0	0.0	
3.507500583967719	21.45931191615086	0.0	0.0	
6.75128435490106	5.777752605409219	0.0	0.0	
31.656695436153292	31.73102942181902	0.0	0.0	
27.337571049804968	21.832766113739527	0.0	0.0	
19.61342382341217	8.154042137167188	0.0	0.0	
30.978216484029307	4.400948087422158	0.0	0.0	
10.758147982075275	0.9693465233882002	0.0	0.0	
27.536903185817735	16.803624105937548	0.0	0.0	
15.813900493843814	20.621073817926913	0.0	0.0	
5.973879082021696	13.238563496819417	0.0	0.0	
21.18422723196085	23.92491701309583	0.0	0.0	
19.085551337734213	11.631162412035827	0.0	0.0	
28.519530073544598	5.480850923064992	0.0	0.0	
19.742468365091206	15.610841430688001	0.0	0.0	
25.668813794096444	31.9687258772624	0.0	0.0	
1.6656145353429466	31.05985585128087	0.0	0.0	
17.988037505215367	10.45648445542566	0.0	0.0	
4.8690912296291415	27.002027909577873	0.0	0.0	
15.937004941302753	11.341504609768382	0.0	0.0	
16.107520444977546	30.82860478409628	0.0	0.0	
29.389870462663108	20.01200573750622	0.0	0.0	
6.849713630256655	12.731874285925656	0.0	0.0	
18.367671975203866	15.401539436552824	0.0	0.0	
5.911285869074792	18.893005880514153	0.0	0.0	
11.385904673348566	12.661088065018227	0.0	0.0	
12.326559575658386	26.438787289291746	0.0	0.0	
25.79254225134363	18.773413152811546	0.0	0.0	
10.22099684299241	25.65118208095235	0.0	0.0	
14.099339079350337	1.5099669754690517	0.0	0.0	
17.241136238445385	25.190239644184434	0.0	0.0	
3.722151208951619	17.905081789616393	0.0	0.0	
1.1048479668107092	23.16574574570637	0.0	0.0	
18.716190477177705	24.53868231548255	0.0	0.0	
3.839129543892934	7.682886048348216	0.0	0.0	
17.466240437630123	28.768833429100503	0.0	0.0	
2.865032266901249	20.593352391341732	0.0	0.0	
1.7825776244320828	31.291615653275954	0.0	0.0	
27.20090154998337	7.836706426395107	0.0	0.0	
31.721329026021508	17.158441460778185	0.0	0.0	
15.479764628554953	20.16664199634601	0.0	0.0	
19.10718291548538	13.127015459195533	0.0	0.0	
26.545326699199162	6.243533674109539	0.0	0.0	
31.976164434591173	13.602127656120167	0.0	0.0	
8.49561948793917	16.621341592033716	0.0	0.0	
19.19336498199402	1.9687428604667048	0.0	0.0	
5.09190345503697	7.342916717030828	0.0	0.0	
3.5485656390996816	10.825873825364397	0.0	0.0	
4.329675247590146	3.042210911610308	0.0	0.0	
10.439464231390513	26.702271470977923	0.0	0.0	
16.312156277911697	23.606352162081734	0.0	0.0	
29.489583968711884	28.086203891836035	0.0	0.0	
3.6901492514547805	16.576531428991736	0.0	0.0	
