2
32.0	0.0	0.0	0.0	
0.0	32.0	0.0	0.0	
7.07648627390715	12.969243994241623	0.0	0.0	
4.369547835684976	7.60928790061897	0.0	0.0	
29.958904367244383	31.052138069762744	0.0	0.0	
14.102114870979367	22.33595497299283	0.0	0.0	
1.2170019018535356	2.760936588341945	0.0	0.0	
21.278872569076952	25.21593427941755	0.0	0.0	
11.924073307890922	12.835374868808739	0.0	0.0	
9.508226820650293	17.45237738912437	0.0	0.0	
16.434302621501782	18.20843971900754	0.0	0.0	
13.931323893390832	23.495221872035813	0.0	0.0	
30.16767265896179	31.205455199396628	0.0	0.0	
31.395357805139444	8.501493856168686	0.0	0.0	
3.3492589371607124	29.840383950532875	0.0	0.0	
25.84940063992245	13.161826843159457	0.0	0.0	
6.61210650821911	21.068895266669777	0.0	0.0	
19.899058710972643	27.327302069145592	0.0	0.0	
30.29292659904707	15.304159830934562	0.0	0.0	
8.420870222649235	17.517283123889474	0.0	0.0	
21.663026548196648	10.449465208642884	0.0	0.0	
6.956938220831169	30.68048945023425	0.0	0.0	
17.37181644063232	4.612648030235771	0.0	0.0	
13.77869563936057	21.825973704794812	0.0	0.0	
27.091582505329665	2.485218457525278	0.0	0.0	
27.816839742264676	28.141042339926845	0.0	0.0	
26.615445082623733	30.06119134912536	0.0	0.0	
30.523783888890378	12.48282497827772	0.0	0.0	
19.491799753467006	25.88912833968674	0.0	0.0	
7.223097469034926	23.477727662893454	0.0	0.0	
30.928564079762157	8.97199795168865	0.0	0.0	
21.4753085200519	31.397431402145763	0.0	0.0	
20.81628966064813	16.56470895338307	0.0	0.0	
30.110543194186253	21.7766676001665	0.0	0.0	
0.23015340738632872	24.397674962191555	0.0	0.0	
0.6018231647236014	11.585069836369627	0.0	0.0	
12.246372963724472	14.065539374617448	0.0	0.0	
13.39410746701375	16.96032717370638	0.0	0.0	
19.469803741420872	7.007991210036	0.0	0.0	
28.280675555112307	2.8143765534292875	0.0	0.0	
18.187686230521475	6.16505097164589	0.0	0.0	
13.873432932451315	2.4091227255971397	0.0	0.0	
22.250239619492987	14.060656727362318	0.0	0.0	
11.405823084281884	30.038636084275637	0.0	0.0	
16.597666589133887	0.14617532948872736	0.0	0.0	
21.1023286946276	7.345022465286505	0.0	0.0	
0.3521212256730486	3.6619827330730885	0.0	0.0	
2.6318990865958156	27.98524455941872	0.0	0.0	
28.360925994914655	26.324868697083623	0.0	0.0	
23.514079116535644	19.026911782427085	0.0	0.0	
23.33628987208637	9.143509659424964	0.0	0.0	
5.230456222658695	31.746175437680716	0.0	0.0	
0.6876412592152406	13.644489231287452	0.0	0.0	
27.0168678781708	11.741618153295722	0.0	0.0	
4.196452430619175	27.76988688737512	0.0	0.0	
18.330246721764766	28.841007319109522	0.0	0.0	
6.816901514189578	25.63109323061404	0.0	0.0	
9.284173418894216	0.6373223519891908	0.0	0.0	
30.4234036070139	27.545606226250378	0.0	0.0	
28.452822586293017	1.6416694918493135	0.0	0.0	
6.943895041933505	27.322981860067753	0.0	0.0	
6.792263014237427	9.73985196187991	0.0	0.0	
19.73552741244374	19.16306825971126	0.0	0.0	
31.292755509126465	14.860532235678345	0.0	0.0	
28.066786982619167	5.573845064101608	0.0	0.0	
28.832938401137707	4.025659801455955	0.0	0.0	
31.618153189482737	19.473049804711277	0.0	0.0	
28.486607626928336	23.335214053847057	0.0	0.0	
22.418194942799374	9.482004025528816	0.0	0.0	
16.321409497785147	18.578493724843163	0.0	0.0	
0.48603283817841714	25.617589016550262	0.0	0.0	
29.682122312735427	12.349471280392784	0.0	0.0	
30.096010250473334	6.764037439965023	0.0	0.0	
13.293564952515293	25.50196756051204	0.0	0.0	
27.85428011155986	1.567009459827684	0.0	0.0	
5.648484307395325	31.905893004476464	0.0	0.0	
1.682002063130124	25.97732305275603	0.0	0.0	
25.78002360683155	24.85150706585129	0.0	0.0	
19.95419686999525	13.141410899468674	0.0	0.0	
18.6903637715206	31.22079052031989	0.0	0.0	
26.15147073589877	10.851902920314227	0.0	0.0	
17.213088092055475	26.716873709804698	0.0	0.0	
10.16665611536271	3.8805403811005874	0.0	0.0	
16.628355135039847	23.48442052629217	0.0	0.0	
0.521612357285985	17.35167976137209	0.0	0.0	
0.2667993313589392	24.586966049422315	0.0	0.0	
30.299414927605657	17.889948676681602	0.0	0.0	
31.513214909754996	17.254567538333	0.0	0.0	
16.5775055167549	26.488085690470363	0.0	0.0	
16.656010152361695	1.918363437787061	0.0	0.0	
9.218732488825399	0.7301048231452043	0.0	0.0	
24.31016385077961	11.24687205271243	0.0	0.0	
23.668793305467528	18.58807085567641	0.0	0.0	
13.422164730676378	12.32705313305646	0.0	0.0	
6.454541483513136	27.744943167626474	0.0	0.0	
18.790019398169505	23.223879725031455	0.0	0.0	
16.838715642726477	7.218535278222017	0.0	0.0	
5.210148552181263	11.896328085704443	0.0	0.0	
0.7045379241024996	22.02049817652991	0.0	0.0	
8.562834943248877	4.065957042423509	0.0	0.0	
3.645957340111071	0.8275529392068321	0.0	0.0	
9.31258748103631	31.62356965553559	0.0	0.0	
23.728942035880465	24.52870646524453	0.0	0.0	
4.634500815031739	9.720664219550404	0.0	0.0	
31.25477826321591	14.548521877886031	0.0	0.0	
6.733954190143521	22.74973849363906	0.0	0.0	
31.153498509572565	19.494688450995465	0.0	0.0	
5.601114555315807	28.149306824690356	0.0	0.0	
20.163580018482204	10.216815345440278	0.0	0.0	
19.372805230742813	24.702164780621878	0.0	0.0	
21.103673818241088	10.860726696745267	0.0	0.0	
20.955616812863866	5.729445858194211	0.0	0.0	
27.535954237243292	2.141583374460378	0.0	0.0	
23.260040879613516	2.464085174692336	0.0	0.0	
19.347812448569748	17.011763691025052	0.0	0.0	
24.307105475212648	30.872057920424613	0.0	0.0	
24.309809483929147	11.808709165866592	0.0	0.0	
3.392259521035303	19.184436039984334	0.0	0.0	
1.709445915136147	5.129553342165362	0.0	0.0	
12.075728542769411	19.981455470667214	0.0	0.0	
12.451979673546457	2.9092581065786796	0.0	0.0	
19.838742356083173	13.380700452499475	0.0	0.0	
26.96676478343576	16.930950566748223	0.0	0.0	
11.547403876771291	11.858341169772359	0.0	0.0	
11.754767706774334	30.776726129742674	0.0	0.0	
21.287212041715048	31.129580475109876	0.0	0.0	
27.353766644262482	12.127075058598361	0.0	0.0	
4.103138838320572	26.621364979413393	0.0	0.0	
7.454555253760269	1.8305070264038825	0.0	0.0	
15.971824799502155	28.62659442081326	0.0	0.0	
10.936301433383697	22.36176070440618	0.0	0.0	
28.493540769226513	8.158480528151273	0.0	0.0	
28.487555843148353	5.648035512341984	0.0	0.0	
19.911157608552376	20.51491648269102	0.0	0.0	
4.616524602065656	25.771836102106686	0.0	0.0	
10.387816714721989	17.861663468741654	0.0	0.0	
4.7247226637156245	21.901391695783502	0.0	0.0	
29.78595234391283	7.119091379519052	0.0	0.0	
17.795222611086295	24.949346663258478	0.0	0.0	
16.226287516009684	6.841297687827762	0.0	0.0	
3.4462467747828853	12.17985579545504	0.0	0.0	
11.319345420879095	29.276970406786766	0.0	0.0	
11.457572543330954	18.86554930389326	0.0	0.0	
23.48449174079058	13.521057396426226	0.0	0.0	
24.97819247345689	17.873958859363256	0.0	0.0	
10.104184921174358	24.398717403144747	0.0	0.0	
22.19525151056494	25.640118311245327	0.0	0.0	
13.676962746389233	16.641120521834743	0.0	0.0	
21.883804836422932	25.433064615326934	0.0	0.0	
2.7514466040624335	8.038388897418002	0.0	0.0	
12.024578341000296	18.077232331737495	0.0	0.0	
11.228052642635319	23.667404476606748	0.0	0.0	
21.01752877375962	2.3818468576062983	0.0	0.0	
24.63153222878323	6.110532284319916	0.0	0.0	
10.46269241367774	11.208933731894696	0.0	0.0	
29.33202105417883	19.863878894689794	0.0	0.0	
5.993843111499139	8.577151460193882	0.0	0.0	
14.810130666706819	31.57299942042078	0.0	0.0	
8.026420408015593	21.097925284161207	0.0	0.0	
26.444445325212808	26.609553327830547	0.0	0.0	
2.850832265624124	11.357003348679264	0.0	0.0	
7.799091950154288	19.25016336469534	0.0	0.0	
7.740566390459705	29.26434881793307	0.0	0.0	
13.301717627898086	25.44859553086213	0.0	0.0	
4.420115093895173	20.918745562327228	0.0	0.0	
2.3897748944141526	24.21602578347916	0.0	0.0	
24.594963517736364	1.1261275044415413	0.0	0.0	
17.48178414008414	23.388945448425023	0.0	0.0	
4.07017289316714	0.830042580397162	0.0	0.0	
28.218500902841193	22.74772622343864	0.0	0.0	
23.311693725903478	29.62251341467321	0.0	0.0	
22.213456159522718	4.359735564985463	0.0	0.0	
19.32736687719535	23.987444549521605	0.0	0.0	
2.8624287400487205	20.474335960240523	0.0	0.0	
8.414768318647408	2.8532480262305917	0.0	0.0	
24.244553457287925	18.858979280955513	0.0	0.0	
17.70304797946648	17.263617291205165	0.0	0.0	
4.740253889808159	5.290442027463925	0.0	0.0	
6.462102645140234	0.23854389067086146	0.0	0.0	
4.648786465401098	24.057097603714052	0.0	0.0	
2.6573500804778583	6.441693069279868	0.0	0.0	
22.837449979003434	3.4891621257712657	0.0	0.0	
15.913774325291662	13.870488811149606	0.0	0.0	
17.42345545228528	23.40956581872651	0.0	0.0	
6.61570619180857	20.18574540874044	0.0	0.0	
18.612359302695953	18.879802453976616	0.0	0.0	
13.888558441861381	26.937731847508708	0.0	0.0	
11.767095728656479	4.615695123674723	0.0	0.0	
2.7230005650039466	22.74094060977037	0.0	0.0	
3.1434302461404364	28.50883591742131	0.0	0.0	
1.5078548078543612	7.333669069039512	0.0	0.0	
26.501184065048847	11.30307357362937	0.0	0.0	
14.776201061701364	14.123889988314414	0.0	0.0	
9.567012951432204	11.314917653851833	0.0	0.0	
8.437891659590033	31.23177836617743	0.0	0.0	
4.093072335844646	26.634418218371124	0.0	0.0	
7.828638743678905	10.457379200656248	0.0	0.0	
6.08441436277128	18.054702234748063	0.0	0.0	
26.030762261447556	16.31646576439513	0.0	0.0	
25.372232865337768	19.204856238672914	0.0	0.0	
9.760066998485769	25.52504628779504	0.0	0.0	
24.648613380304578	2.5975573695104224	0.0	0.0	
9.352446032783885	23.67234134678164	0.0	0.0	
29.252651371553707	19.96157485817267	0.0	0.0	
8.267938501850477	2.882926637606328	0.0	0.0	
27.977725571347946	4.964547387082131	0.0	0.0	
14.456962049231521	26.9126940115754	0.0	0.0	
3.3858805779473933	28.911495841415366	0.0	0.0	
22.956082817933922	19.10130506556726	0.0	0.0	
2.1938347852363016	5.987175044963877	0.0	0.0	
29.928164570732566	8.571850862832733	0.0	0.0	
23.622277069670616	14.290863086223677	0.0	0.0	
14.338942392316767	11.180959825093627	0.0	0.0	
12.654722018188874	9.99300010938575	0.0	0.0	
23.337046400020295	2.9299824059418853	0.0	0.0	
31.44503151694422	2.502688987449197	0.0	0.0	
31.60209261272544	17.3503732274723	0.0	0.0	
25.673260622278452	27.009805180602232	0.0	0.0	
6.1341775545345065	22.314131906982364	0.0	0.0	
29.869612286929605	17.74970574085145	0.0	0.0	
4.948125884010857	2.8715721256721416	0.0	0.0	
0.08954067657215958	5.381078071251245	0.0	0.0	
10.00106514992152	30.178884362867755	0.0	0.0	
13.439874977025575	9.608418379806412	0.0	0.0	
20.443172759525787	20.432523028174966	0.0	0.0	
15.409133345839479	25.931017024560457	0.0	0.0	
24.5183466880324	7.448662112708956	0.0	0.0	
7.371511245829399	1.666862665617952	0.0	0.0	
6.827466674382357	13.990048995165019	0.0	0.0	
22.30231160368306	11.001620163420824	0.0	0.0	
3.872144398579241	30.451059743442116	0.0	0.0	
4.7541101398103365	26.79569212057463	0.0	0.0	
22.861000720708688	11.22374586566902	0.0	0.0	
14.57895315143277	21.577961668318366	0.0	0.0	
10.400302366987404	9.29830392504051	0.0	0.0	
1.10879602421414	27.888756028047155	0.0	0.0	
4.526746161285164	1.061976664364991	0.0	0.0	
7.104115902463761	5.898082093249247	0.0	0.0	
17.5843410728774	10.603904323306217	0.0	0.0	
7.261404229374396	30.998697605130214	0.0	0.0	
19.30315957363678	14.076505411122717	0.0	0.0	
28.3039185965486	29.491292508424735	0.0	0.0	
5.931724675063837	7.731092347079176	0.0	0.0	
20.907416595651277	11.64498940213754	0.0	0.0	
28.72094396299654	13.06060111427443	0.0	0.0	
16.442769805844506	2.1472613105267726	0.0	0.0	
8.680385488996365	16.826384649925146	0.0	0.0	
20.05706100350088	23.53974706146332	0.0	0.0	
8.987177047171873	4.105325410260722	0.0	0.0	
1.378664137498621	30.726348454556767	0.0	0.0	
24.7207656711192	21.748082409165736	0.0	0.0	
16.237202740385094	7.053827755163617	0.0	0.0	
3.4661115015992046	6.0412500388522865	0.0	0.0	
28.19278316773841	9.759975109649755	0.0	0.0	
17.693469338767187	8.087889991641173	0.0	0.0	
22.792113755463223	13.91071229837996	0.0	0.0	
22.279300152766687	28.480842817389764	0.0	0.0	
9.653639302124919	31.36785643370581	0.0	0.0	
19.84244942661472	25.539993813365566	0.0	0.0	
15.079807866909828	31.26057308733943	0.0	0.0	
23.114081879866735	26.151537478003373	0.0	0.0	
25.558359084745355	16.84314521851497	0.0	0.0	
0.11437671319248821	31.905992377790728	0.0	0.0	
9.615915606335172	2.0847078489408197	0.0	0.0	
3.2662096101560074	9.837761487839472	0.0	0.0	
23.178772793358227	11.430191772600054	0.0	0.0	
0.03867635825244875	22.655738475612946	0.0	0.0	
9.303728997361969	27.855513074347222	0.0	0.0	
20.894914483415963	31.531367241999735	0.0	0.0	
23.71268627687623	28.467834901391118	0.0	0.0	
20.49906688147506	13.862457333759856	0.0	0.0	
6.14490916103621	27.80164446824346	0.0	0.0	
4.743871924413252	19.48803070724041	0.0	0.0	
14.649554274022545	21.320609809749296	0.0	0.0	
14.771734059850345	7.18824063417998	0.0	0.0	
12.504300045615008	3.3816095018393995	0.0	0.0	
30.691535479120855	2.813424221423791	0.0	0.0	
5.670969100305761	31.430571288734445	0.0	0.0	
7.571473113856232	31.90538189225378	0.0	0.0	
29.943571783494527	8.37491556046401	0.0	0.0	
11.25915146251305	2.049361695655989	0.0	0.0	
16.467008195314524	6.510971621468954	0.0	0.0	
13.581814711512855	19.219952586674633	0.0	0.0	
9.70242516585088	28.552919180463803	0.0	0.0	
12.730023687663419	30.009945168462043	0.0	0.0	
11.532312075894176	19.252463516972256	0.0	0.0	
1.4456631424869357	8.328304159640226	0.0	0.0	
24.22524496913651	26.345334919505195	0.0	0.0	
6.929634812575962	13.456770068204346	0.0	0.0	
29.149942768326316	3.7165320128866597	0.0	0.0	
3.662090292762514	30.737614773365003	0.0	0.0	
18.165938536612806	8.205389080241961	0.0	0.0	
30.614510444737313	30.869843457690237	0.0	0.0	
18.695743644566566	19.219307100968983	0.0	0.0	
25.484624252962107	17.783870932592556	0.0	0.0	
21.114289959496887	22.58716250578363	0.0	0.0	
30.895110176463465	27.191853100109853	0.0	0.0	
11.257810616102326	26.916432521460354	0.0	0.0	
0.9222942285945663	6.431848201415082	0.0	0.0	
29.169658633278242	6.504478725733993	0.0	0.0	
4.181259839619532	27.647055945919004	0.0	0.0	
27.534850606466648	11.624163813594421	0.0	0.0	
13.217922859422949	29.316069905207943	0.0	0.0	
6.630084597905022	14.208751786348444	0.0	0.0	
0.07829896438823525	10.123266739947244	0.0	0.0	
3.6233737372863715	30.552791877506074	0.0	0.0	
24.455552875738185	23.853206719867654	0.0	0.0	
8.301844076904825	15.712788221956746	0.0	0.0	
20.768793915061934	12.925991321013331	0.0	0.0	
20.187016296696786	18.876256326460823	0.0	0.0	
29.810647584243945	20.969276269825492	0.0	0.0	
7.7141645000573575	21.777758078754346	0.0	0.0	
18.378093327072516	25.518747480838968	0.0	0.0	
2.536287276319925	17.796883838785277	0.0	0.0	
28.981725854255345	19.85786115964198	0.0	0.0	
8.009011421584805	5.738854638388933	0.0	0.0	
26.177300050553622	9.85511196922597	0.0	0.0	
11.740583273967797	15.541085449248786	0.0	0.0	
18.24699713682824	0.2925230150281557	0.0	0.0	
27.756596130462185	25.686909052023452	0.0	0.0	
12.789654005087598	11.4334449352251	0.0	0.0	
20.722148535799022	9.51306033164515	0.0	0.0	
31.67508491892057	16.120873815954276	0.0	0.0	
19.993314404003844	10.609992371352067	0.0	0.0	
16.28340312189126	25.818381935277333	0.0	0.0	
31.51697230877941	8.04486372243607	0.0	0.0	
8.467170484021953	21.34961971412945	0.0	0.0	
8.624738017346363	18.711742894942706	0.0	0.0	
3.9621610396903293	19.268395133224505	0.0	0.0	
2.626836413848782	25.36204117277536	0.0	0.0	
30.18916525200983	27.39192679025628	0.0	0.0	
27.45171570494369	8.737020164808609	0.0	0.0	
4.863699482594708	18.03996261431571	0.0	0.0	
12.12117952383813	8.02735032376912	0.0	0.0	
20.40716592804975	24.881201287823785	0.0	0.0	
3.37051777108773	16.408926687935136	0.0	0.0	
17.773799763898857	18.19997480140797	0.0	0.0	
2.8206485471697142	28.06496522702335	0.0	0.0	
13.542964774524606	19.165525506366656	0.0	0.0	
20.154207736399115	20.53870161517612	0.0	0.0	
17.23391873144166	1.7204412233784794	0.0	0.0	
7.203556390175525	31.384856977392175	0.0	0.0	
3.049183886317117	12.697321487295444	0.0	0.0	
17.168380869352845	31.00217409965843	0.0	0.0	
31.223984223218668	16.79665604082685	0.0	0.0	
9.369512054378006	12.147560467701688	0.0	0.0	
16.527847151916703	23.749371491956833	0.0	0.0	
13.38807835259071	19.25810091351618	0.0	0.0	
0.6587986116297415	16.371652179369633	0.0	0.0	
7.030336532288338	29.130312302707043	0.0	0.0	
3.0186245017383584	25.56257688252694	0.0	0.0	
10.165222547876368	16.698341030952964	0.0	0.0	
26.86691307361328	9.236446469152835	0.0	0.0	
7.192158279757436	23.742334054656713	0.0	0.0	
15.448239703561754	24.737013317132615	0.0	0.0	
4.51626707003652	5.060869999028135	0.0	0.0	
24.594081528348454	24.617436996560716	0.0	0.0	
27.089054989357766	31.292088580495374	0.0	0.0	
8.064788098539228	11.624621660485023	0.0	0.0	
22.517989100177147	7.182707351534038	0.0	0.0	
20.180980072566758	2.1130637328949824	0.0	0.0	
15.962078819205516	21.270248681169015	0.0	0.0	
4.290073423723278	24.096316440173563	0.0	0.0	
25.205014186116717	12.160446169551626	0.0	0.0	
30.71385137625441	31.976918142323832	0.0	0.0	
28.404973171214646	20.367782150823277	0.0	0.0	
17.97323553953079	0.9566080204837846	0.0	0.0	
12.372679851380905	30.161085375413894	0.0	0.0	
22.21855932999461	31.08048922151031	0.0	0.0	
8.92111338290103	20.725365833797095	0.0	0.0	
28.46242470218922	31.99158501790984	0.0	0.0	
29.310558033754674	30.451067156722754	0.0	0.0	
11.166884561146102	2.0790388856374307	0.0	0.0	
7.166806577651496	30.351662197796326	0.0	0.0	
7.710134118402458	12.02947377654245	0.0	0.0	
26.817193541248304	27.351552303238666	0.0	0.0	
13.065318144355196	22.00389340391788	0.0	0.0	
27.28499158632878	28.718950935045694	0.0	0.0	
14.252252835355758	1.6334972110949195	0.0	0.0	
13.833679523664209	8.996538543093287	0.0	0.0	
16.965161497676522	8.184599482079623	0.0	0.0	
19.35761437469934	4.773153345557084	0.0	0.0	
8.370918615293292	4.68632857048695	0.0	0.0	
4.8637093061199295	16.266591788752493	0.0	0.0	
25.795706111924076	11.381350230793515	0.0	0.0	
23.33192436974299	21.672918423685417	0.0	0.0	
27.706529815386524	23.821859320254767	0.0	0.0	
8.465529596652551	30.565191753984383	0.0	0.0	
2.68207196823224	16.990694812060347	0.0	0.0	
17.554590664329893	19.153463732798077	0.0	0.0	
12.496608826436514	25.151477673565974	0.0	0.0	
11.423202432907207	26.206581433191705	0.0	0.0	
31.654942811596097	7.034478512978968	0.0	0.0	
5.391654937080627	23.58839740412784	0.0	0.0	
31.19676147140735	9.690516311606551	0.0	0.0	
14.347365631083594	14.31142808680826	0.0	0.0	
23.70929069284865	11.730995370002042	0.0	0.0	
31.18451033218404	4.147273234940538	0.0	0.0	
5.099742368353944	6.113355342381297	0.0	0.0	
31.1471223272199	9.10356215032619	0.0	0.0	
11.103342868972	27.638652059853197	0.0	0.0	
16.22526146974572	6.207537843586138	0.0	0.0	
22.544449021250497	9.38971807635751	0.0	0.0	
7.821323251742925	31.524756837802734	0.0	0.0	
13.091216040736082	3.6057589615762673	0.0	0.0	
9.550544155096357	15.240248268843718	0.0	0.0	
10.263425143542673	9.424994697099574	0.0	0.0	
30.643357059822385	15.23953382273552	0.0	0.0	
5.733932842816955	18.753548313090693	0.0	0.0	
30.573705017218007	1.8584907990648993	0.0	0.0	
29.510514150043075	12.951063230517864	0.0	0.0	
5.964590631910038	27.008695562530463	0.0	0.0	
25.74079168660641	8.147149289445625	0.0	0.0	
7.281821079824127	14.767876087329778	0.0	0.0	
9.989096091131064	6.283631697824152	0.0	0.0	
5.293428335692841	16.52959955422284	0.0	0.0	
28.100254197505418	23.06888660239487	0.0	0.0	
19.877030170568638	21.62874517802743	0.0	0.0	
13.26989391341445	21.393066756323286	0.0	0.0	
31.21043008854928	25.74042881440005	0.0	0.0	
23.399823300330237	2.4397328533637754	0.0	0.0	
7.013110836088163	24.51107721348441	0.0	0.0	
17.27532965519532	16.037978890647935	0.0	0.0	
0.12365880070782254	9.96553914771997	0.0	0.0	
29.092733283009792	30.871982195599845	0.0	0.0	
21.400656562568653	4.906830600392116	0.0	0.0	
13.846354751626595	5.993737969548903	0.0	0.0	
27.542594613964518	27.788699501512447	0.0	0.0	
29.16466699816853	16.780677238005417	0.0	0.0	
22.390442755360716	16.661322670957013	0.0	0.0	
9.359554393624357	6.691397319855927	0.0	0.0	
9.060489982766963	12.612559528215623	0.0	0.0	
23.658401174421133	25.849357208638047	0.0	0.0	
27.12864662190895	27.069543909336897	0.0	0.0	
19.74863892592516	24.14256870813378	0.0	0.0	
22.143992017747088	11.882348025658654	0.0	0.0	
25.699178479120473	30.368951477962895	0.0	0.0	
19.943476277780366	1.4957200268989084	0.0	0.0	
30.584642037878144	10.54818822638157	0.0	0.0	
14.57206193566087	24.877242144128843	0.0	0.0	
12.904791382112617	24.59914546772819	0.0	0.0	
31.403163490183637	9.808714071089149	0.0	0.0	
15.809810653327656	21.17437364935959	0.0	0.0	
26.32340175865652	25.783993690605847	0.0	0.0	
9.977572231053372	15.587720094222544	0.0	0.0	
15.051514469703527	18.841976311069086	0.0	0.0	
13.39662713744941	16.946343924492286	0.0	0.0	
25.989552247377137	29.1250946337801	0.0	0.0	
24.107038477803545	26.748351145563614	0.0	0.0	
16.418093219839125	13.12450703784792	0.0	0.0	
23.37561327141206	5.019517917692571	0.0	0.0	
21.174526738123316	20.455146252953366	0.0	0.0	
14.180955278063234	28.260631683907544	0.0	0.0	
18.558132866218948	31.387738884602896	0.0	0.0	
25.719353245216677	5.603113250200355	0.0	0.0	
1.9718236291488545	3.2211747267510127	0.0	0.0	
26.604413087675187	30.56335953279306	0.0	0.0	
20.634329344440943	29.41875258230169	0.0	0.0	
22.95002890167614	7.18889525757951	0.0	0.0	
30.250023249533452	30.672019253296938	0.0	0.0	
30.53432040126358	20.49024225601683	0.0	0.0	
23.39887836965538	31.75627004436244	0.0	0.0	
18.854338911484923	16.187764619531517	0.0	0.0	
5.21493518542761	7.213167710748571	0.0	0.0	
23.062953594784975	11.125588203218253	0.0	0.0	
20.32957630714526	30.845259908737376	0.0	0.0	
30.15228348407011	12.957986925990113	0.0	0.0	
2.1116740690761198	29.61002709984328	0.0	0.0	
26.536106270341303	17.11339205773585	0.0	0.0	
2.967662698134113	5.306437663419956	0.0	0.0	
9.635512887054166	12.005170674138157	0.0	0.0	
13.058521980677337	8.113307323475862	0.0	0.0	
26.679362189600493	15.753310410937406	0.0	0.0	
25.79555763980793	14.939885466506073	0.0	0.0	
30.87032864113648	8.983980342916809	0.0	0.0	
8.805848792834912	8.329477635605127	0.0	0.0	
24.23004690384626	31.016032930476765	0.0	0.0	
16.706167805444696	25.626922830411658	0.0	0.0	
18.926220849052687	15.288198369418446	0.0	0.0	
23.729032629276656	2.646564732802112	0.0	0.0	
29.96441687844184	24.92445590882978	0.0	0.0	
29.99176953462771	9.039301931932364	0.0	0.0	
7.171531217207281	17.964140065557483	0.0	0.0	
19.172834629892826	13.708957138760503	0.0	0.0	
19.463031877332167	27.27771419848642	0.0	0.0	
20.925086844289588	22.128131381520742	0.0	0.0	
9.890527222669341	16.895284992247287	0.0	0.0	
20.949418943616102	14.556863128907409	0.0	0.0	
2.4923826225601786	2.8223537111573336	0.0	0.0	
18.97254455025886	13.574988646895783	0.0	0.0	
16.241969424092446	4.922327633716932	0.0	0.0	
9.558539676200471	28.272541525334642	0.0	0.0	
9.06569466204024	19.3383159002839	0.0	0.0	
31.60068935222846	11.41956300090925	0.0	0.0	
3.326237540346895	10.505510537535137	0.0	0.0	
16.38938511486627	27.10408473227211	0.0	0.0	
15.544342388633435	16.45814408851421	0.0	0.0	
21.043142760217254	9.578254583081048	0.0	0.0	
23.773395890105316	28.02517623285457	0.0	0.0	
3.8887478692932973	22.354620349629037	0.0	0.0	
24.023540203144012	7.080834728437598	0.0	0.0	
6.370713425769807	8.24983326375234	0.0	0.0	
27.536455631414462	11.441276538953222	0.0	0.0	
15.649702659641441	8.410592919931226	0.0	0.0	
11.270123494699018	5.225042747415003	0.0	0.0	
17.5258414496946	6.631742640779212	0.0	0.0	
11.323937744515408	25.651914020433832	0.0	0.0	
12.892442220839428	21.802969052661595	0.0	0.0	
30.009249347586383	26.166327377157742	0.0	0.0	
15.940709644034946	13.320118600054741	0.0	0.0	
21.873980857804288	5.570968271455499	0.0	0.0	
0.5003240188709306	10.139101840472033	0.0	0.0	
3.383864079060178	31.37919524182938	0.0	0.0	
5.495557152815078	24.893012103868536	0.0	0.0	
5.209795346512173	14.854202267400968	0.0	0.0	
20.75116411168519	17.491034218296083	0.0	0.0	
18.786394557758545	29.15436915632829	0.0	0.0	
14.374421371432536	19.409828345989496	0.0	0.0	
9.368535555023076	18.356403723477516	0.0	0.0	
31.33669074052607	12.581154442050686	0.0	0.0	
27.99004736241272	8.194372039865662	0.0	0.0	
8.410861777345382	9.395105002700245	0.0	0.0	
2.784862570665048	1.7641825076099948	0.0	0.0	
4.562045642835912	11.423922606388803	0.0	0.0	
23.787980978812694	23.660730741360254	0.0	0.0	
27.14911252175348	29.664274687339486	0.0	0.0	
1.3742379894230545	13.385614327060509	0.0	0.0	
26.720093848991336	23.57168752522457	0.0	0.0	
29.37083364123966	17.9655564490841	0.0	0.0	
24.405795382813224	27.176992407512916	0.0	0.0	
2.7361503237959113	12.4551511416289	0.0	0.0	
19.0788261686065	26.468840581351188	0.0	0.0	
13.423509094952678	16.070872758127244	0.0	0.0	
19.179921434519468	25.904184631213628	0.0	0.0	
9.270522391376971	20.23014872179834	0.0	0.0	
31.035226596174795	6.6867467380402275	0.0	0.0	
6.296527928990905	14.956116339536862	0.0	0.0	
6.237073515560567	21.81043398264612	0.0	0.0	
29.560879491948146	29.988385649149354	0.0	0.0	
2.2083064094571156	30.085330971094603	0.0	0.0	
22.295529675261637	13.833131203235983	0.0	0.0	
8.905017238579767	24.50231704936611	0.0	0.0	
15.886117576874206	29.935632133718563	0.0	0.0	
25.30681025711718	15.245483472253362	0.0	0.0	
30.523344003613197	8.576679135879186	0.0	0.0	
8.996644121156269	30.058126944599763	0.0	0.0	
27.15825319168236	26.623785277754298	0.0	0.0	
25.379094135243157	12.718483046214484	0.0	0.0	
19.405936777437045	25.645369404547722	0.0	0.0	
17.305053266698778	2.7372677135286096	0.0	0.0	
15.801893128583185	5.450202993943556	0.0	0.0	
23.37586534391177	29.88341513424625	0.0	0.0	
16.35786562103791	12.58379528134168	0.0	0.0	
27.335820295123582	8.581084779256052	0.0	0.0	
6.780131323705337	19.86262169586436	0.0	0.0	
15.711461804875015	1.4377027098178523	0.0	0.0	
11.664175849660545	25.08128881774672	0.0	0.0	
6.182027674857469	27.199799019159215	0.0	0.0	
14.035095846253547	5.497884165104647	0.0	0.0	
22.60121781801769	7.875820287810281	0.0	0.0	
2.8447299606818035	11.426658393834114	0.0	0.0	
9.435535761734016	1.8972433260085317	0.0	0.0	
12.783175837238925	11.614751268772032	0.0	0.0	
24.526654784362545	24.570416144657454	0.0	0.0	
20.251403571916644	18.942182735849354	0.0	0.0	
22.95579923321625	29.4384682368799	0.0	0.0	
30.418438211830427	14.250811827447254	0.0	0.0	
26.91741436168472	10.391510997322925	0.0	0.0	
26.43112171202197	6.7482442001488	0.0	0.0	
20.487818547161734	20.837648582906972	0.0	0.0	
2.253468708588464	5.780505126549652	0.0	0.0	
4.059693980131012	6.79784528048253	0.0	0.0	
27.97015516013184	23.156247297952763	0.0	0.0	
16.396816228032364	30.95718744389367	0.0	0.0	
9.97214552796536	10.723808152980318	0.0	0.0	
8.102377974941696	9.427252961600047	0.0	0.0	
17.653260024542742	29.472788230255006	0.0	0.0	
30.347876177502215	5.57891155011205	0.0	0.0	
2.176571543618074	19.384838175341148	0.0	0.0	
17.165797978449632	19.05595908194319	0.0	0.0	
9.330769923199558	24.124733821106393	0.0	0.0	
22.08326792069461	27.19308755759917	0.0	0.0	
5.046171905653509	26.02225104858666	0.0	0.0	
25.32415534250031	31.752055369890925	0.0	0.0	
7.483803776756652	24.7140834577452	0.0	0.0	
27.662287257365318	17.676998744441693	0.0	0.0	
17.387600272256034	25.53306490739333	0.0	0.0	
20.861075420243615	30.351536590796933	0.0	0.0	
2.9060657089005915	12.85155049276554	0.0	0.0	
19.781661477032497	22.799637349874466	0.0	0.0	
25.389063973260868	0.3885763565665883	0.0	0.0	
24.492316002865422	8.178917943520414	0.0	0.0	
21.302405860273527	6.502901752878216	0.0	0.0	
14.745181729971872	3.4593352843426786	0.0	0.0	
18.507346646224175	12.652176837686884	0.0	0.0	
4.092626499494461	7.677305864192377	0.0	0.0	
5.40756641530654	20.52574732007426	0.0	0.0	
3.3303911145248115	22.535589570539152	0.0	0.0	
13.921094594690587	4.129015903503653	0.0	0.0	
19.69683857971672	4.496929245690502	0.0	0.0	
22.7182716663856	18.05401702736009	0.0	0.0	
4.749018398271954	31.75290826446902	0.0	0.0	
12.188477487898307	17.761918441854732	0.0	0.0	
17.747369672214994	16.513416970247377	0.0	0.0	
8.874107173214231	28.19248494943606	0.0	0.0	
19.23019171469644	10.336611296492908	0.0	0.0	
2.284629994342964	3.199856655970727	0.0	0.0	
0.13610200385126703	8.359089302765952	0.0	0.0	
11.701757089562243	19.738193338445573	0.0	0.0	
16.285089174719964	3.998023739837535	0.0	0.0	
12.150222767713458	19.802385187826097	0.0	0.0	
14.038876228153573	3.5279986698830434	0.0	0.0	
0.5087432004953989	1.6534335057422709	0.0	0.0	
18.79640075981854	22.37862067052158	0.0	0.0	
7.653379479223979	10.83568294852364	0.0	0.0	
27.1066659669461	0.4146084425023311	0.0	0.0	
31.315483313623606	30.1128081947786	0.0	0.0	
12.416015175092685	5.252368311153109	0.0	0.0	
8.210522209734648	1.6187037718096775	0.0	0.0	
15.741659972169813	23.476442106888175	0.0	0.0	
3.3907324921832505	20.555468038107552	0.0	0.0	
22.169563904102468	2.2246458761858605	0.0	0.0	
24.238865112499393	27.37395958957892	0.0	0.0	
11.883750361164076	16.161453759168893	0.0	0.0	
16.22484844234759	2.53534562846529	0.0	0.0	
2.7319148363565127	7.9133497270923066	0.0	0.0	
26.247014650496354	17.277100660670182	0.0	0.0	
14.431779758709759	17.472839177850883	0.0	0.0	
21.428721394904866	27.37346555881062	0.0	0.0	
12.98513282587027	3.8243880465992213	0.0	0.0	
30.190281233469538	13.644275858265662	0.0	0.0	
8.386366944558393	31.253743557276852	0.0	0.0	
21.267006379315177	10.888716705597748	0.0	0.0	
8.5510642046067	15.949723973376447	0.0	0.0	
23.606477554513827	25.810333581007775	0.0	0.0	
25.829149254927383	8.630110977161586	0.0	0.0	
18.43832288120039	24.04826391941095	0.0	0.0	
2.3050727009647183	16.90294822852758	0.0	0.0	
26.846431897028943	18.210763230505545	0.0	0.0	
4.094329924535376	24.38007277381192	0.0	0.0	
26.570271405182723	23.042684958835288	0.0	0.0	
7.230802165825125	26.357263380556155	0.0	0.0	
6.302207438193392	11.828933517235878	0.0	0.0	
9.225347623956921	8.901148332944057	0.0	0.0	
8.063617164445084	6.771518410523576	0.0	0.0	
2.0667737695327872	5.652205879979594	0.0	0.0	
29.615731955848428	0.3346688879313504	0.0	0.0	
19.493055063441968	12.664137366838915	0.0	0.0	
11.578374475800466	31.095153367897023	0.0	0.0	
19.711340244980313	0.0671112093841515	0.0	0.0	
16.59459796353226	27.269289529506818	0.0	0.0	
6.761298790905343	27.013530736688615	0.0	0.0	
14.386649592359959	7.362286826067891	0.0	0.0	
3.629515062146485	3.9562765065423022	0.0	0.0	
16.56822425600946	20.196994861688054	0.0	0.0	
11.67217570273613	2.4529776597894575	0.0	0.0	
3.541615446464661	17.0709995488786	0.0	0.0	
0.1501846396048272	24.06743828741841	0.0	0.0	
13.962480480074454	30.68882002949741	0.0	0.0	
19.599235868638143	20.15530727422112	0.0	0.0	
6.577496597589242	26.92904370887127	0.0	0.0	
31.874145365734428	21.450111310998107	0.0	0.0	
31.960933989701658	5.993096882221305	0.0	0.0	
17.293485487601505	25.895940837913567	0.0	0.0	
8.57951125761134	2.73673981956464	0.0	0.0	
15.209976665108453	8.033058745640385	0.0	0.0	
22.34384804882064	26.00541846958002	0.0	0.0	
27.313272431319703	4.355141228453352	0.0	0.0	
11.068543550560644	24.391549662052366	0.0	0.0	
19.42031364664327	22.662320288500492	0.0	0.0	
9.191545023116873	21.12186265139192	0.0	0.0	
30.760370567215958	31.79705914804453	0.0	0.0	
28.097374743492495	3.381299190691081	0.0	0.0	
28.31787581850384	0.44535313641380014	0.0	0.0	
14.200943755445174	11.043148220604873	0.0	0.0	
1.3204162446365189	17.957256247474977	0.0	0.0	
17.29265201898596	11.872556706460813	0.0	0.0	
31.649371579242946	8.382175322939755	0.0	0.0	
31.98321362292532	0.07525089843834465	0.0	0.0	
3.4973919918427363	16.753450840306716	0.0	0.0	
17.95807313848124	7.050048758884746	0.0	0.0	
22.10514118445099	21.025343361342717	0.0	0.0	
11.277470173897349	24.842165303961366	0.0	0.0	
23.33738683600888	8.302801520394922	0.0	0.0	
8.57951681088203	19.16493359996015	0.0	0.0	
7.6471684847352	12.84939557757836	0.0	0.0	
26.231310297957872	8.82894739016168	0.0	0.0	
10.866878481498368	5.045656196918358	0.0	0.0	
31.16224021691012	20.05638503647776	0.0	0.0	
17.43639455859728	28.965009924442892	0.0	0.0	
5.004871110397769	23.942601193742618	0.0	0.0	
15.444074013140913	27.58744931442808	0.0	0.0	
21.779897215201593	30.56560112115496	0.0	0.0	
19.55205135781316	3.660540967680735	0.0	0.0	
7.762292794234188	22.890255811184407	0.0	0.0	
14.328070689312419	2.8449197003516495	0.0	0.0	
16.036645406041547	21.47202000587746	0.0	0.0	
24.460060979052816	17.69656641265936	0.0	0.0	
26.859970901809092	21.42363759039647	0.0	0.0	
18.553878150306026	15.806821446654325	0.0	0.0	
14.761298425058463	31.602089923738323	0.0	0.0	
0.42252808230104577	27.57187648180858	0.0	0.0	
9.373627274472963	28.151190001692886	0.0	0.0	
29.21746993527872	10.696117478564169	0.0	0.0	
12.971628612506791	4.470295524874285	0.0	0.0	
1.9081900100009435	25.400505051559957	0.0	0.0	
5.230691981499557	24.083878679587468	0.0	0.0	
5.841797966891807	24.384639575628796	0.0	0.0	
11.709099572158777	22.926357393095092	0.0	0.0	
27.02746838103873	16.237097939716207	0.0	0.0	
8.98463438569317	7.367915283075	0.0	0.0	
11.527518667500452	11.604263803039043	0.0	0.0	
2.3818567457248925	23.03964005333768	0.0	0.0	
27.56080286029082	27.09168117580455	0.0	0.0	
31.804998751963115	19.231367001846355	0.0	0.0	
7.373649747830598	21.64214868700616	0.0	0.0	
13.181387348743396	14.174822690854661	0.0	0.0	
22.283907966467744	25.861755070171615	0.0	0.0	
9.976613485832175	27.897263901068385	0.0	0.0	
1.180204245933357	29.10099949050297	0.0	0.0	
11.764929909881875	19.24409468056851	0.0	0.0	
0.7777941540102127	15.329395986972116	0.0	0.0	
10.20569230909755	22.968056614043935	0.0	0.0	
17.02924839005553	15.890743893819831	0.0	0.0	
4.962126505523404	6.01114353166626	0.0	0.0	
14.775335503647952	9.661771756649813	0.0	0.0	
27.14121314616075	31.56246918816526	0.0	0.0	
24.317667510961346	11.689097396204133	0.0	0.0	
26.82316907113005	11.651743711126688	0.0	0.0	
25.963795361923477	12.81532149540801	0.0	0.0	
10.367548101360292	28.58530819807062	0.0	0.0	
2.4155574987939126	28.759883938534	0.0	0.0	
9.513884297531888	15.588022578285425	0.0	0.0	
5.88224259278779	16.916837431385467	0.0	0.0	
3.3019315180593622	7.03656084995297	0.0	0.0	
20.579163608998737	17.782156849414157	0.0	0.0	
30.947208922318808	24.65524331998887	0.0	0.0	
4.497805026113387	3.0974690667737157	0.0	0.0	
18.746480477652607	20.060473182099038	0.0	0.0	
8.181052033957549	22.300150054628773	0.0	0.0	
20.87853206683128	16.736724280363582	0.0	0.0	
21.844982385136056	1.1129862667599824	0.0	0.0	
10.404551452459607	26.112829505363862	0.0	0.0	
3.2354321776501145	31.44500868316914	0.0	0.0	
28.9453458015978	29.068233781727496	0.0	0.0	
6.445482984261197	7.193668157904263	0.0	0.0	
12.79268489692566	10.467493541634461	0.0	0.0	
9.950358020158518	5.371134446836962	0.0	0.0	
12.337660708785648	13.301256276594067	0.0	0.0	
21.32523657402079	4.262455945682088	0.0	0.0	
6.675212615830169	26.407878881870587	0.0	0.0	
16.483428117072048	3.460263694867489	0.0	0.0	
27.451384063096704	28.343095403716156	0.0	0.0	
17.73116587551265	28.41794278830446	0.0	0.0	
23.28161491041897	6.692690421528344	0.0	0.0	
0.1824541141923106	22.334260833838755	0.0	0.0	
7.796544534845534	6.523278553992164	0.0	0.0	
5.001252650256003	27.877792907826347	0.0	0.0	
5.291426143691037	30.75162002095743	0.0	0.0	
5.783675407283379	30.137719427990927	0.0	0.0	
10.738892350477556	18.941423293775397	0.0	0.0	
9.108441910157651	0.7524839937528895	0.0	0.0	
2.882011331822806	16.680680637490827	0.0	0.0	
14.4669822437695	30.182888621783746	0.0	0.0	
11.508114737133067	18.496118336409427	0.0	0.0	
16.557472063178327	5.000166875954331	0.0	0.0	
21.917363600592992	13.960791679311942	0.0	0.0	
8.058770813938736	31.55738965204544	0.0	0.0	
23.449594479128514	1.04531898522891	0.0	0.0	
22.456153658801952	15.5003923072045	0.0	0.0	
19.84623901698051	14.23596986496058	0.0	0.0	
8.96102325230358	5.554413767174577	0.0	0.0	
21.14668308640423	0.25519634105513944	0.0	0.0	
11.226734618288823	23.861901015596317	0.0	0.0	
31.280068064766613	19.756573314353908	0.0	0.0	
9.567191295062003	25.540086302301617	0.0	0.0	
28.45577017199769	27.0039729968557	0.0	0.0	
2.7225659671652593	26.229528254941066	0.0	0.0	
8.570740605378415	28.734181504971495	0.0	0.0	
25.92716571522122	5.807371953996039	0.0	0.0	
14.534413029469015	28.979124024464348	0.0	0.0	
16.28520901257045	22.602244069151773	0.0	0.0	
20.30767291362041	4.059093081482942	0.0	0.0	
19.80953331549833	21.922237453618223	0.0	0.0	
28.369607116598896	0.292246615717918	0.0	0.0	
2.4445758864334763	6.480127813075946	0.0	0.0	
0.9771725840911181	22.39434461330778	0.0	0.0	
2.213821625811782	22.34199481275437	0.0	0.0	
6.139376159836907	8.078224220879601	0.0	0.0	
28.29471352295661	1.840351562038876	0.0	0.0	
21.15713502369613	9.53263112464139	0.0	0.0	
30.347440211549834	18.60574290808064	0.0	0.0	
14.060724400221542	9.220323402961938	0.0	0.0	
28.406632328864212	26.86286741534607	0.0	0.0	
30.213133644885115	0.5721919844855101	0.0	0.0	
19.390780096802153	8.346861558582322	0.0	0.0	
13.875270058457524	18.679700799714457	0.0	0.0	
14.763426766159885	26.128942276466432	0.0	0.0	
27.930612118764294	14.361032674012932	0.0	0.0	
30.449213890973997	19.563713585516275	0.0	0.0	
26.344021360209567	21.21560547552305	0.0	0.0	
31.610132592034322	13.11598333278189	0.0	0.0	
4.4732316928197555	26.64689687524024	0.0	0.0	
26.939467006691945	5.6639731775768425	0.0	0.0	
28.54496219346363	2.7813621145432386	0.0	0.0	
14.110427437913707	5.187188375928443	0.0	0.0	
31.387088060618908	10.556113999098507	0.0	0.0	
30.604354566084663	1.845477754607817	0.0	0.0	
0.7125368632027289	3.0284119681494843	0.0	0.0	
12.36558920315634	15.15714819113311	0.0	0.0	
3.6223940465992506	4.256648624970179	0.0	0.0	
0.8998752093483304	28.971624613603485	0.0	0.0	
30.814402370181817	4.868877813393432	0.0	0.0	
10.91318720485273	8.34156710895202	0.0	0.0	
0.017495226328332336	10.62070635934991	0.0	0.0	
26.694731793752357	3.071620477002618	0.0	0.0	
14.444406930276969	21.702636948129527	0.0	0.0	
22.45836138112478	8.25656297812856	0.0	0.0	
2.038193933522688	26.426995401437868	0.0	0.0	
0.05901350359461688	25.626197390670487	0.0	0.0	
11.336948677453528	4.712707918423693	0.0	0.0	
17.294725388659433	4.438777577092409	0.0	0.0	
8.890073678423036	0.739557269488273	0.0	0.0	
5.540807522364368	12.033599878477741	0.0	0.0	
28.182119062517813	28.358816672022552	0.0	0.0	
4.969710013004541	21.610379736695528	0.0	0.0	
3.4722151596270194	18.760042378098433	0.0	0.0	
13.778364875848808	10.207015097669792	0.0	0.0	
15.049031190433062	18.871537279901496	0.0	0.0	
14.527943979138243	6.084721893761955	0.0	0.0	
5.057121176152677	1.9558873012197076	0.0	0.0	
5.073674604309961	30.58497271915421	0.0	0.0	
13.719424780444918	20.052123627980794	0.0	0.0	
16.149954358017446	13.840630550864446	0.0	0.0	
0.47379319560924316	13.557822196335128	0.0	0.0	
21.39241076257808	13.658316324077362	0.0	0.0	
9.87312126687608	31.76447155157876	0.0	0.0	
17.760038259565327	18.262383844379077	0.0	0.0	
23.683036292779537	18.30939751142743	0.0	0.0	
27.197065671878992	26.787207836895345	0.0	0.0	
22.375192712368914	16.687652322022767	0.0	0.0	
2.622336822611917	4.777495377268238	0.0	0.0	
19.066638358492494	4.2238533806249485	0.0	0.0	
13.234048883701298	7.824775643552201	0.0	0.0	
25.352655145246253	21.22516483830437	0.0	0.0	
26.1184547993842	25.482696851024507	0.0	0.0	
5.453885725533592	14.581481043749292	0.0	0.0	
0.11146924286363102	21.38876671795277	0.0	0.0	
5.196616094703693	21.704472185144706	0.0	0.0	
22.569687569708144	19.028826863097045	0.0	0.0	
29.605691073017763	18.574273333058688	0.0	0.0	
15.996791686043284	2.830300252350579	0.0	0.0	
12.193699560951067	13.564602828327583	0.0	0.0	
13.46263185199728	0.6979563155202371	0.0	0.0	
15.923819306691449	30.915422272762346	0.0	0.0	
31.623027890072237	16.881636617522304	0.0	0.0	
15.29108698528422	31.612830881106632	0.0	0.0	
4.413601184588295	11.54952672020261	0.0	0.0	
21.22489840775889	24.198091285760427	0.0	0.0	
19.027114175760047	18.87491165518356	0.0	0.0	
10.039088537314154	24.891266238777717	0.0	0.0	
8.64158717639852	0.6778889294642241	0.0	0.0	
3.823195629892677	4.508691601289389	0.0	0.0	
16.507151678481947	0.07844012075597107	0.0	0.0	
5.663954258665605	17.878490418420885	0.0	0.0	
10.843176961248087	18.96277860704219	0.0	0.0	
22.156182038364275	24.310136209498324	0.0	0.0	
4.871489478987389	19.55075515731	0.0	0.0	
7.823567225941705	0.16044364079767703	0.0	0.0	
14.833191698970843	27.485518949756038	0.0	0.0	
18.228496889458793	27.592130618538494	0.0	0.0	
28.390902704592904	9.118333579693033	0.0	0.0	
10.347098312067736	9.956954789081525	0.0	0.0	
19.08404774739561	30.711808520857193	0.0	0.0	
3.854679656134465	10.445129436510971	0.0	0.0	
17.47674883371954	12.575663132442347	0.0	0.0	
21.241663046825618	10.79938559389879	0.0	0.0	
4.1784792015239915	9.23896426274871	0.0	0.0	
29.807855249173496	15.537462955919757	0.0	0.0	
1.7393437680836676	1.796178292193531	0.0	0.0	
20.48502656877336	5.029341479469053	0.0	0.0	
23.332247067039255	4.690018306778658	0.0	0.0	
9.64368672237035	7.613037578299	0.0	0.0	
7.009589894718939	18.1343669598903	0.0	0.0	
4.685542804890204	3.6909415039435913	0.0	0.0	
31.79359538872085	18.09340660833945	0.0	0.0	
31.588193921846457	31.387093583652277	0.0	0.0	
22.167816230590603	11.306424231345026	0.0	0.0	
24.609571429176786	17.368998096837913	0.0	0.0	
18.429769198558603	11.796570245640694	0.0	0.0	
9.84757052934932	29.94644484335783	0.0	0.0	
0.15371900870902167	7.645598781192678	0.0	0.0	
6.039752139860109	0.8286521565654468	0.0	0.0	
24.894339412203834	2.5735393166491036	0.0	0.0	
8.745580099767313	10.757729656041274	0.0	0.0	
30.675647750509494	31.74826783855716	0.0	0.0	
15.050804678265042	3.4208275537405157	0.0	0.0	
18.101638287019824	23.797365673241202	0.0	0.0	
28.558898557529297	19.019787026567297	0.0	0.0	
25.372242630022193	7.0693633567152325	0.0	0.0	
31.003525307162185	5.456469823735127	0.0	0.0	
19.31240575747101	20.074068896924103	0.0	0.0	
15.51136361517495	22.62073193498967	0.0	0.0	
27.85801882946418	7.812350020632017	0.0	0.0	
13.447231797425008	23.563251360822285	0.0	0.0	
12.264462115359006	15.224162693964487	0.0	0.0	
25.18724461992832	16.244946927031506	0.0	0.0	
1.4711917794679898	14.725946249304954	0.0	0.0	
24.735718209852696	29.83577564146975	0.0	0.0	
9.127066503965061	6.2074340251358	0.0	0.0	
25.71839193666861	21.615660307780598	0.0	0.0	
4.717433555282721	28.591249525831692	0.0	0.0	
17.492295119526528	13.4672428365384	0.0	0.0	
31.168097531883227	3.818181450467815	0.0	0.0	
24.361106656524676	26.384348882461236	0.0	0.0	
0.5455548935077061	22.97487018563198	0.0	0.0	
27.382730851776852	12.409777586395244	0.0	0.0	
18.917469380665867	26.543644217242793	0.0	0.0	
19.02821156380331	22.064921314487744	0.0	0.0	
18.613272186937927	19.151134842742394	0.0	0.0	
10.352564315182399	13.110685014787784	0.0	0.0	
27.611722799299184	30.380638269126283	0.0	0.0	
19.07605835453722	19.163183285366657	0.0	0.0	
12.343050517677757	8.986753908787538	0.0	0.0	
11.59058162750205	15.37716896070513	0.0	0.0	
8.919928310503703	8.591679503462416	0.0	0.0	
13.054538506371234	3.7480360591996487	0.0	0.0	
3.9287586010623734	27.517287413497716	0.0	0.0	
25.134091103635722	27.173936495536267	0.0	0.0	
1.1944958501593383	6.95599455588356	0.0	0.0	
21.572448352635195	20.70166768626719	0.0	0.0	
19.929051737807164	15.777443725208379	0.0	0.0	
20.108912212250992	24.30441155614061	0.0	0.0	
0.5612175604217313	10.350725663474194	0.0	0.0	
20.899014976675502	6.0811142852939994	0.0	0.0	
24.610003593952417	26.728134832346225	0.0	0.0	
9.245524653162423	1.1048287383966873	0.0	0.0	
5.397771180390027	6.386051647994098	0.0	0.0	
5.159695953232962	21.928981512720163	0.0	0.0	
20.400910253437804	16.047835538232686	0.0	0.0	
27.91380905420026	6.774245161779621	0.0	0.0	
25.96743900352939	12.690956864502102	0.0	0.0	
3.685583502194145	13.596139525326905	0.0	0.0	
20.64846291953838	15.346453155254224	0.0	0.0	
20.88405805028211	6.720881080627951	0.0	0.0	
2.9339420132467993	15.934517260993928	0.0	0.0	
6.611786100379412	21.834113794247866	0.0	0.0	
10.364029151329309	8.532792239499816	0.0	0.0	
16.53195713451524	16.166657536975087	0.0	0.0	
20.155642886534686	16.01869560395711	0.0	0.0	
25.171067823389166	31.297493315383704	0.0	0.0	
25.065954851046264	24.78144611214519	0.0	0.0	
0.3139819144128495	1.782235144952061	0.0	0.0	
18.313997130582212	13.175535590196251	0.0	0.0	
9.60401308433126	23.283213429305892	0.0	0.0	
6.810369113401684	4.215504200067262	0.0	0.0	
13.625316026150333	0.6448939168185746	0.0	0.0	
17.87925806340752	6.5144470336705815	0.0	0.0	
24.780484690030676	12.934013173401393	0.0	0.0	
15.158294877435235	8.684789966296982	0.0	0.0	
27.93888646859665	23.918606290183657	0.0	0.0	
7.511123009338434	31.103213683179384	0.0	0.0	
14.447633503600208	16.650474130243758	0.0	0.0	
15.150043515937252	9.20636478617174	0.0	0.0	
22.42624037258275	12.365434708082553	0.0	0.0	
19.748190876881196	31.98322613441055	0.0	0.0	
1.120873105273514	17.53021649398563	0.0	0.0	
24.35605883582234	8.387269776286843	0.0	0.0	
20.900069310785288	9.82128814294342	0.0	0.0	
17.00978394111621	27.036650953656554	0.0	0.0	
30.616549709384557	10.474537412544862	0.0	0.0	
25.978896811880894	31.91683925074548	0.0	0.0	
17.940817233479365	31.003838672147022	0.0	0.0	
6.724396269631857	25.233074324743566	0.0	0.0	
6.950980970612424	26.781984181832378	0.0	0.0	
1.293819509409957	5.1073257749372765	0.0	0.0	
7.895833567341072	21.360677004172835	0.0	0.0	
29.667702645068832	7.43117065126992	0.0	0.0	
1.6459237133021496	20.087783009007975	0.0	0.0	
14.391233763284863	12.246081114982363	0.0	0.0	
12.338463418932143	16.777718265825833	0.0	0.0	
23.868111720366528	30.691081627018818	0.0	0.0	
6.01339624191408	20.06228273643603	0.0	0.0	
4.813556752841581	10.141258030780293	0.0	0.0	
1.3704269022074662	23.206599760467885	0.0	0.0	
28.84957685173796	25.036670247763592	0.0	0.0	
26.33734250639208	24.197863570502147	0.0	0.0	
8.811477831628437	12.44037025138115	0.0	0.0	
23.52353989805845	18.649179088265385	0.0	0.0	
22.54098697412658	18.65872540370194	0.0	0.0	
25.463537251752562	17.73157915346065	0.0	0.0	
15.800251757561888	19.979700847187875	0.0	0.0	
24.925678005222977	11.291740760014232	0.0	0.0	
19.12772056349811	24.162028755593067	0.0	0.0	
17.167035084191813	8.444526283002723	0.0	0.0	
0.5317212551331174	21.382737775196073	0.0	0.0	
29.208414325271548	21.365493435384217	0.0	0.0	
15.497677581004233	1.457912230929118	0.0	0.0	
24.232345524085133	1.0759000210559577	0.0	0.0	
1.605252078611791	15.187834299234087	0.0	0.0	
27.397623875075304	23.85051724877547	0.0	0.0	
31.56689182854074	8.906116011336014	0.0	0.0	
30.87300580832616	0.27124773563401305	0.0	0.0	
7.103387791187469	6.880022302326282	0.0	0.0	
26.24368570228437	30.826468892790267	0.0	0.0	
17.304416585694238	1.6528144200585508	0.0	0.0	
2.119793343460362	6.2578403350630225	0.0	0.0	
27.86420865824815	23.394795428716566	0.0	0.0	
16.4337473040147	0.799578370691794	0.0	0.0	
8.26854730142895	1.5012532984392521	0.0	0.0	
0.18673885207919838	14.07702849210348	0.0	0.0	
4.522203899493455	31.996367172094924	0.0	0.0	
4.595887928389221	26.657406495953822	0.0	0.0	
21.937986365081475	16.390612602123493	0.0	0.0	
18.16285925459541	0.02791400196294802	0.0	0.0	
7.581872794668087	16.0721587457638	0.0	0.0	
6.9244314377333716	1.2323825959953219	0.0	0.0	
23.775779673297556	30.21233085559372	0.0	0.0	
4.742207116971034	5.843544696801967	0.0	0.0	
25.25492922496493	28.207484285502638	0.0	0.0	
27.670491645931374	30.67135404145111	0.0	0.0	
3.418348638717113	20.394629741639022	0.0	0.0	
22.142180787086367	2.0880870216498018	0.0	0.0	
8.45918265886737	2.391304155643688	0.0	0.0	
23.843182455404154	4.291727244654258	0.0	0.0	
7.990549280008093	4.9196464522856544	0.0	0.0	
