2
32.0	0.0	0.0	0.0	
0.0	32.0	0.0	0.0	
7.293793681418961	6.757131675983182	0.0	0.0	
30.979818914513434	17.065898380572058	0.0	0.0	
1.5576317036028726	0.8808317273049191	0.0	0.0	
0.6652153632584792	5.813176155514551	0.0	0.0	
29.445328139361834	25.83839236923164	0.0	0.0	
0.5735312075711683	31.222298752929138	0.0	0.0	
24.528387194225125	31.015938861111415	0.0	0.0	
27.219931446001716	18.115879328009783	0.0	0.0	
29.067038119708716	2.1444654913885977	0.0	0.0	
19.465096094908738	21.430435566048335	0.0	0.0	
22.782939970966677	22.905979796479627	0.0	0.0	
12.334191453206142	28.707856599577642	0.0	0.0	
9.269416154236232	26.135120610115962	0.0	0.0	
17.79984957871755	4.751366411297624	0.0	0.0	
3.6684082099887974	18.975692481848018	0.0	0.0	
26.601775762256782	6.891777937302283	0.0	0.0	
17.863249011646825	10.995362904212104	0.0	0.0	
23.222587131176585	2.364281590764218	0.0	0.0	
21.01100266852447	0.8631795653821825	0.0	0.0	
10.082378276747832	8.220204423531356	0.0	0.0	
0.5079078328705506	5.221548616975394	0.0	0.0	
30.918660400616613	7.737713410179001	0.0	0.0	
23.526449682150897	14.594454396480792	0.0	0.0	
18.947807656019165	28.242619725250485	0.0	0.0	
2.86363061658707	12.855917333784998	0.0	0.0	
10.226363295908982	22.716154135637197	0.0	0.0	
28.006528845073312	17.796047796348176	0.0	0.0	
22.549572641601888	20.895004493155668	0.0	0.0	
17.823669954785363	1.0755143839189358	0.0	0.0	
10.04113309513603	3.3281541620291364	0.0	0.0	
26.74810428492118	19.865109003750955	0.0	0.0	
10.962804246276324	31.50737743921756	0.0	0.0	
28.527867013438005	9.19896127120435	0.0	0.0	
14.402140271503534	14.726991702256292	0.0	0.0	
16.083861280614233	4.930979446240276	0.0	0.0	
10.59628065289813	20.04288781678601	0.0	0.0	
8.782296145114845	20.01810928721454	0.0	0.0	
14.283333092294829	7.272084597586957	0.0	0.0	
1.4370620304707984	13.509884744981463	0.0	0.0	
19.404141671565903	19.03121788438664	0.0	0.0	
12.843132904214706	15.077310760543739	0.0	0.0	
21.13610143427998	14.007440460417271	0.0	0.0	
0.6809878592178933	23.479388935541756	0.0	0.0	
5.537770491281169	31.18052216348568	0.0	0.0	
13.846821691176416	28.717161617946974	0.0	0.0	
0.08196992318475083	2.0864101410290665	0.0	0.0	
20.139378783453097	2.1537411966501416	0.0	0.0	
21.077860954759977	6.503140769434346	0.0	0.0	
14.886734575274158	23.797866488966655	0.0	0.0	
28.54536424645854	9.606668065812471	0.0	0.0	
17.45732313339133	15.356666298670245	0.0	0.0	
25.342657006301756	0.0359970118956916	0.0	0.0	
9.018251424704143	31.56486515845355	0.0	0.0	
23.886796162924778	0.7300073516847938	0.0	0.0	
25.253926937453294	21.655330154427894	0.0	0.0	
29.507992713026756	4.416233475933474	0.0	0.0	
24.54241778946534	5.9371939245258645	0.0	0.0	
18.301921784257814	29.014846398267277	0.0	0.0	
27.046591950029672	1.9584922112435592	0.0	0.0	
13.049490620229655	5.5714227243799535	0.0	0.0	
1.9210121158305817	26.938861645442987	0.0	0.0	
20.282579594884705	4.792958430051922	0.0	0.0	
22.919337258793668	5.485356542633543	0.0	0.0	
31.929355275568366	31.65486248735031	0.0	0.0	
15.570793637843057	22.249326817971497	0.0	0.0	
25.491245504705315	20.47120404244917	0.0	0.0	
20.927673862427348	31.736758815890518	0.0	0.0	
16.21769859996072	1.3545319899397796	0.0	0.0	
6.4140274944953894	0.00048775777941045817	0.0	0.0	
14.257476109034357	7.117471698850345	0.0	0.0	
11.1903366850466	7.800635586325804	0.0	0.0	
27.26323493687341	23.310725690736362	0.0	0.0	
24.109922302501445	3.9720840847219634	0.0	0.0	
4.374927858519495	19.31449475104089	0.0	0.0	
26.853171046649308	3.169005403870859	0.0	0.0	
12.402420408397699	15.75253721963471	0.0	0.0	
25.631851508876405	3.689895167546222	0.0	0.0	
13.704747867405967	17.947584553587582	0.0	0.0	
10.446282797270833	17.24554143826865	0.0	0.0	
27.056662660281845	10.903080648157907	0.0	0.0	
30.112947471175016	3.1260890272219157	0.0	0.0	
9.07594237027898	12.381503470897297	0.0	0.0	
13.019322402063917	6.260503236862611	0.0	0.0	
7.066682574301407	14.916742370534614	0.0	0.0	
10.283298557423834	17.49097790701566	0.0	0.0	
3.025082041969231	14.834788232511581	0.0	0.0	
10.394757817046294	11.095980938684395	0.0	0.0	
5.49331314989103	22.499797328786965	0.0	0.0	
31.68963051855962	22.57700885080531	0.0	0.0	
19.675490050538638	14.287786036964576	0.0	0.0	
25.92785400821733	30.252210671536268	0.0	0.0	
18.184220698479105	21.71669253867447	0.0	0.0	
27.040360492504394	16.444631943981044	0.0	0.0	
6.570152737507534	25.260971322450942	0.0	0.0	
4.444318328393852	7.220278643760583	0.0	0.0	
14.049516986144216	18.575644430957453	0.0	0.0	
10.866042614154527	16.604673192752493	0.0	0.0	
29.45233531909821	10.18094351534944	0.0	0.0	
4.300692464783534	3.163353713427391	0.0	0.0	
5.1574056979865865	29.278946774589983	0.0	0.0	
0.34136985493893945	2.627737767742847	0.0	0.0	
9.012526111637548	14.484028382320279	0.0	0.0	
15.407533903137711	8.53398284236959	0.0	0.0	
12.376334538100089	5.801277575496467	0.0	0.0	
0.4287117546939072	11.541504645248985	0.0	0.0	
12.2214006304931	10.321412352975159	0.0	0.0	
12.194230898586504	8.66683319051814	0.0	0.0	
8.190879866152116	8.632226253564916	0.0	0.0	
31.486095323676636	13.25726927254306	0.0	0.0	
6.83365203437441	28.34392123179056	0.0	0.0	
10.2115976252506	15.474306089692494	0.0	0.0	
7.591639336749335	8.581516969509899	0.0	0.0	
8.778213316806614	24.080983295602675	0.0	0.0	
3.2757264360783473	30.942784614695174	0.0	0.0	
29.950281777661438	3.4826336552044665	0.0	0.0	
27.470420454194855	3.3480649181913833	0.0	0.0	
31.020168298978955	30.22319709079079	0.0	0.0	
13.267454921417816	9.154347002153173	0.0	0.0	
10.553448331167576	4.965895624865375	0.0	0.0	
30.164574586768108	12.119290924262241	0.0	0.0	
3.144252884811266	31.642040531818164	0.0	0.0	
22.943876954792078	20.685614144258643	0.0	0.0	
10.75755010333597	16.82102589810738	0.0	0.0	
1.857644364544079	20.928830995219762	0.0	0.0	
4.615080659705512	9.69777101203703	0.0	0.0	
6.741675305813487	22.63254052224773	0.0	0.0	
19.726472136831287	29.948113073155078	0.0	0.0	
7.739346510637532	9.962344891484424	0.0	0.0	
14.601918171532994	10.62946869688848	0.0	0.0	
1.3943951129280947	14.295910059993965	0.0	0.0	
10.093984173666303	8.82439041275249	0.0	0.0	
29.423090783432464	11.833336035739197	0.0	0.0	
23.52912944712084	22.31713630762063	0.0	0.0	
22.70819689077919	3.904018454639047	0.0	0.0	
1.4387801301072969	1.903781638689594	0.0	0.0	
8.208566100757764	1.9559585728844802	0.0	0.0	
3.724254631767238	16.45139441796468	0.0	0.0	
7.941949216734606	6.359407941411966	0.0	0.0	
30.765732394087323	24.6146198866281	0.0	0.0	
31.421533190911894	17.370908446681376	0.0	0.0	
7.574859580032168	5.236055091885756	0.0	0.0	
4.407584594218665	25.69307565265043	0.0	0.0	
15.24794163986589	23.88629895732469	0.0	0.0	
8.804884612556897	1.6703182606003608	0.0	0.0	
6.468285508411107	18.91417049092817	0.0	0.0	
18.004095036731027	1.0970853159404754	0.0	0.0	
29.08489539538948	5.545695725196133	0.0	0.0	
0.621098033168952	23.922284074173312	0.0	0.0	
26.267687788815085	29.222221239222165	0.0	0.0	
21.61763249430216	30.346003869995794	0.0	0.0	
6.23541221530807	25.8020397988301	0.0	0.0	
4.077080859169065	30.002778304317772	0.0	0.0	
14.750263898359496	25.5072191151936	0.0	0.0	
0.6629887335863422	25.96684615175465	0.0	0.0	
5.258761873682214	26.780285099700126	0.0	0.0	
15.694741175325507	3.808095115016286	0.0	0.0	
27.673754065511645	4.808882231403825	0.0	0.0	
8.930665264940327	25.175987255375958	0.0	0.0	
10.877316499290096	7.736198461349492	0.0	0.0	
6.4241488776340425	25.983061791323667	0.0	0.0	
9.009749844738174	24.99645213052181	0.0	0.0	
16.639095118537544	14.135548647331277	0.0	0.0	
11.137874010106039	11.868766111069611	0.0	0.0	
24.5223558488391	12.917070091582584	0.0	0.0	
25.67674949192114	4.871759434874821	0.0	0.0	
31.6416465003678	3.304864970256439	0.0	0.0	
2.9096954723126593	4.649839101338642	0.0	0.0	
13.691733785679578	4.315978662677814	0.0	0.0	
2.9069741091938255	0.24637398110636255	0.0	0.0	
24.745367414299892	26.884692904515997	0.0	0.0	
26.08861114666152	0.3548409687461209	0.0	0.0	
2.29850593552743	9.130208503857666	0.0	0.0	
12.303278332357248	29.96218696655786	0.0	0.0	
16.214688967523912	3.1794104296014893	0.0	0.0	
16.499762041438142	19.308868479410936	0.0	0.0	
26.758033893818297	1.825412186303204	0.0	0.0	
18.685679781832942	3.693825653086371	0.0	0.0	
23.731057645913065	22.926914954433517	0.0	0.0	
8.60395058715476	5.644971469135509	0.0	0.0	
25.04451624813029	10.508133900064596	0.0	0.0	
4.966006862511318	22.50829336220396	0.0	0.0	
14.171715234575675	17.95314944030703	0.0	0.0	
7.6707559894680095	22.699250209724795	0.0	0.0	
0.8374775448731029	28.67235092537845	0.0	0.0	
16.415656786480298	10.241599750803985	0.0	0.0	
27.344104313221525	18.51825442033748	0.0	0.0	
11.237731257582546	26.785765232448405	0.0	0.0	
28.143699092058963	15.3426030882782	0.0	0.0	
24.716057373132173	11.311066821206232	0.0	0.0	
29.99468468742629	28.94811299260237	0.0	0.0	
15.126233757473749	21.246882075490053	0.0	0.0	
21.450607990418415	31.143656728544062	0.0	0.0	
1.9846952249224472	17.626978583930953	0.0	0.0	
30.429499883713138	30.99037588304514	0.0	0.0	
11.282860492059324	0.19782732616211263	0.0	0.0	
24.181626619385053	26.33539932758632	0.0	0.0	
5.306969278215938	27.09184179896722	0.0	0.0	
24.987299027859645	3.3652990020130282	0.0	0.0	
30.006285728705375	6.388576245134889	0.0	0.0	
21.265312093685875	20.21113907101157	0.0	0.0	
28.77034436416406	27.676581288133786	0.0	0.0	
0.35484421612245143	15.920646117469108	0.0	0.0	
30.512458694740943	7.929228276767109	0.0	0.0	
7.151913251392958	29.63848267642108	0.0	0.0	
24.85236906245615	7.5249814373431185	0.0	0.0	
8.661209224997776	31.851627974071576	0.0	0.0	
15.165603297501008	23.635200384570897	0.0	0.0	
2.707254518563847	24.22466897556323	0.0	0.0	
12.200982283744235	16.247374600282765	0.0	0.0	
27.139363157920307	28.153992984542022	0.0	0.0	
2.7480587829264422	14.457169313472626	0.0	0.0	
27.603723268162373	1.4080298920939356	0.0	0.0	
19.50789076397067	6.2285856728864495	0.0	0.0	
19.010046660772538	5.55714866553971	0.0	0.0	
6.176125090183572	16.051729133300388	0.0	0.0	
29.615792550052003	9.734654814967158	0.0	0.0	
16.99884111198764	1.9441895472553448	0.0	0.0	
26.949434939749423	10.739383823418464	0.0	0.0	
22.759831846609355	21.805916867888698	0.0	0.0	
22.72719923271203	6.42875497217409	0.0	0.0	
16.50562930974438	24.339329264741767	0.0	0.0	
4.563030872803196	18.43698724849893	0.0	0.0	
29.26701910362993	22.995521634908865	0.0	0.0	
8.623464524330522	24.57069422752553	0.0	0.0	
29.951616478884592	15.606781209657758	0.0	0.0	
21.37529091249821	24.739404362455176	0.0	0.0	
31.29156501919412	29.886518544415686	0.0	0.0	
27.492089802333634	22.089760353966426	0.0	0.0	
0.2437996812244414	23.201532565395826	0.0	0.0	
9.218258199711471	5.0502917723973475	0.0	0.0	
23.37967002219077	18.510113921483555	0.0	0.0	
6.797333923446715	9.266068893499572	0.0	0.0	
0.605231991779057	19.974920038190888	0.0	0.0	
17.863425128657745	11.472355908946298	0.0	0.0	
21.222566134925575	3.94775611325802	0.0	0.0	
28.163396347959377	10.104821776494802	0.0	0.0	
16.42668396037135	1.924163985265519	0.0	0.0	
9.907455149207749	30.842311720457406	0.0	0.0	
0.5505231407702738	0.4435387226359211	0.0	0.0	
15.711818846733483	17.57993576198414	0.0	0.0	
9.537706827179857	16.69631263313143	0.0	0.0	
2.6555765871195156	25.64120151151398	0.0	0.0	
17.528060702022728	19.88494358788087	0.0	0.0	
1.7583847647597857	4.912813889279537	0.0	0.0	
15.792636302897094	15.647452880683716	0.0	0.0	
30.37049058105056	22.673062134768603	0.0	0.0	
17.889578187195617	24.15658178766497	0.0	0.0	
20.687327353631304	24.482927499089367	0.0	0.0	
27.638315190539	6.913550202504894	0.0	0.0	
8.558423181428033	14.749864037903027	0.0	0.0	
26.670269387568684	15.501320315734958	0.0	0.0	
13.878707572809382	4.171204570665818	0.0	0.0	
13.045461202929022	20.01981283910248	0.0	0.0	
26.711835447781407	29.084249778699615	0.0	0.0	
3.8938481147913606	7.521141368228896	0.0	0.0	
5.453607440923427	2.012561611758052	0.0	0.0	
7.745078464793412	2.5482690583737515	0.0	0.0	
9.366476046995253	7.934197040472419	0.0	0.0	
27.106930841917077	5.969073443391164	0.0	0.0	
10.371639084514246	23.56113684899146	0.0	0.0	
17.860982771414598	2.6642645593591148	0.0	0.0	
19.911453368965066	29.63628967019836	0.0	0.0	
7.9536437945994365	16.00160418517981	0.0	0.0	
2.4364472148671474	29.087126574231558	0.0	0.0	
26.456554330433885	26.103054608028984	0.0	0.0	
15.14652355535836	11.516763947020848	0.0	0.0	
26.87609795622889	10.867834158506664	0.0	0.0	
17.33262601451739	24.54005554943303	0.0	0.0	
17.562497103443963	1.0294380262760399	0.0	0.0	
24.358904295349944	26.75151539593667	0.0	0.0	
6.14213641165577	26.47417826076564	0.0	0.0	
16.903383096700352	0.7729227638412439	0.0	0.0	
15.886325912992035	5.402856234829116	0.0	0.0	
20.903161089902362	31.174342847823198	0.0	0.0	
23.9525676663341	29.428292712824412	0.0	0.0	
18.538800836706642	9.88672645694902	0.0	0.0	
23.665049302483443	3.314436373427803	0.0	0.0	
0.5381135321662853	2.611440796132726	0.0	0.0	
6.213413646452377	19.015116511419386	0.0	0.0	
8.695548040858966	26.594273092680574	0.0	0.0	
27.846003964922158	10.456231888022195	0.0	0.0	
24.611867714306314	2.6867468563367183	0.0	0.0	
22.591280396933772	11.336906555215414	0.0	0.0	
30.478463572391927	14.347865919994426	0.0	0.0	
17.838177892463435	13.913516455670038	0.0	0.0	
19.47137259959465	9.214265775088347	0.0	0.0	
9.606837369754984	0.5882876451104693	0.0	0.0	
4.443353776687321	18.05752314404646	0.0	0.0	
26.38996125682498	22.316705104234558	0.0	0.0	
15.03032256030096	19.671048232767884	0.0	0.0	
0.545923286237489	27.53009786547895	0.0	0.0	
18.960064653663217	27.09434282586758	0.0	0.0	
9.093011128509882	25.460568976034715	0.0	0.0	
1.108475977987542	18.98958082330865	0.0	0.0	
14.403111194059068	26.63979141883391	0.0	0.0	
23.100525720854225	17.976139263506923	0.0	0.0	
30.628628187972886	10.766154250667736	0.0	0.0	
18.528238055152702	17.735703590793626	0.0	0.0	
14.785278719804094	19.638227942103782	0.0	0.0	
9.609985956853894	30.976584249802972	0.0	0.0	
8.14265115737803	5.078272282536471	0.0	0.0	
15.195567089385491	2.025109187218181	0.0	0.0	
23.931276653946465	26.872444563769758	0.0	0.0	
3.321516072969189	31.822360685182044	0.0	0.0	
18.54527733034411	3.7080718842697316	0.0	0.0	
5.414900254305564	10.409641981813014	0.0	0.0	
4.915645126467155	13.027802348396175	0.0	0.0	
31.56396796216458	9.663312212103499	0.0	0.0	
8.772209788081447	11.436687445987605	0.0	0.0	
9.051247049280821	1.0622694511749096	0.0	0.0	
13.395175284560658	27.37274612864613	0.0	0.0	
20.627047324478472	20.234130269506657	0.0	0.0	
0.4846184264751301	30.59017178472154	0.0	0.0	
12.168031269473197	8.366701667545126	0.0	0.0	
10.998997286171392	24.359161911529903	0.0	0.0	
2.0755079474477327	10.581617922181454	0.0	0.0	
25.02022291153613	26.36308664095865	0.0	0.0	
8.7939044152141	30.684063818425564	0.0	0.0	
11.474511886847562	23.29468268174335	0.0	0.0	
8.330828063160787	8.34116823977735	0.0	0.0	
6.116051182074113	20.864135380601724	0.0	0.0	
20.874620659831375	23.732052462295183	0.0	0.0	
1.2441351855501175	13.298486701687509	0.0	0.0	
0.20684858197757094	20.91468631716398	0.0	0.0	
5.775962713125249	30.47566831829091	0.0	0.0	
9.98223602941031	29.968309042207807	0.0	0.0	
6.826502445682948	24.188658050436516	0.0	0.0	
11.503053769310306	13.156017522291702	0.0	0.0	
30.741509826124815	2.8655977671398	0.0	0.0	
3.2101392655043774	17.53008521264567	0.0	0.0	
26.466289339602593	28.513432870740008	0.0	0.0	
12.534530630073647	19.19001074118353	0.0	0.0	
8.90008013849367	30.361727003582693	0.0	0.0	
7.297102685569268	21.141885566320987	0.0	0.0	
12.390869455127543	17.2801238730278	0.0	0.0	
10.815619634257704	21.413770899208426	0.0	0.0	
10.92291086911115	24.60222257494974	0.0	0.0	
21.26338541334611	11.335876111107883	0.0	0.0	
30.296933617816833	21.26205847346284	0.0	0.0	
15.897876156037121	23.154931281885244	0.0	0.0	
11.320709607689508	24.90456613800677	0.0	0.0	
7.407438395224617	19.9242615845444	0.0	0.0	
22.03214390620886	6.222302711067691	0.0	0.0	
16.222674140109547	14.209935915766561	0.0	0.0	
31.798894184265873	31.471035159047887	0.0	0.0	
12.830356668454801	10.244604927147599	0.0	0.0	
12.031841468142773	19.864308262485252	0.0	0.0	
2.22524887833033	5.129467717956352	0.0	0.0	
29.237867936331387	4.496111930092727	0.0	0.0	
31.83595914253036	11.524608669852007	0.0	0.0	
19.169575847582674	20.179922571262967	0.0	0.0	
6.354292566144309	15.55363588004052	0.0	0.0	
3.2987371442821107	3.83539779383403	0.0	0.0	
19.635609046340363	15.453624727374542	0.0	0.0	
2.06959953168521	29.85665257890531	0.0	0.0	
1.9842236307184535	2.479793067290366	0.0	0.0	
19.458089245563183	2.8322082419524612	0.0	0.0	
19.74437703381376	4.320733508802011	0.0	0.0	
11.579869806730802	21.217188808302517	0.0	0.0	
31.47104325887366	29.657524407385875	0.0	0.0	
4.450739585573611	9.779861873200897	0.0	0.0	
2.3540739921581384	8.941796718479207	0.0	0.0	
28.432994615110758	18.742639429273428	0.0	0.0	
0.09194975867886512	22.386450669505464	0.0	0.0	
14.366372124959781	13.122565566463457	0.0	0.0	
18.148485390276846	23.764588119492647	0.0	0.0	
7.375956484409198	24.986092570004228	0.0	0.0	
11.013038695120926	22.5449548520296	0.0	0.0	
0.8488805897821159	30.30861880073469	0.0	0.0	
14.578595486118331	4.285380458963026	0.0	0.0	
29.242965067590646	14.876273151879666	0.0	0.0	
17.19289414769919	14.695119547832963	0.0	0.0	
23.472857471450716	7.854682002742237	0.0	0.0	
12.195410410000989	13.936094109694547	0.0	0.0	
3.5110610999654206	30.377635990988885	0.0	0.0	
29.175903484924355	14.319941944724274	0.0	0.0	
17.03256926823004	29.3301427247847	0.0	0.0	
23.705907186371643	31.302852217193163	0.0	0.0	
2.534192003735072	10.917100803573469	0.0	0.0	
28.231319256882387	9.188087934140398	0.0	0.0	
3.973748600875698	19.649751070260166	0.0	0.0	
9.351853588411807	10.707124699468277	0.0	0.0	
27.282994344491534	29.631970206361697	0.0	0.0	
24.43237345101247	9.931686807818728	0.0	0.0	
8.569850648348545	25.01177466551517	0.0	0.0	
31.45266345816976	12.754757910474538	0.0	0.0	
24.09846366379277	30.12606403598613	0.0	0.0	
3.9968205445148826	0.3623928003490775	0.0	0.0	
27.865900658602047	7.237965745602978	0.0	0.0	
27.666288403340964	14.003226113150657	0.0	0.0	
9.225134673804124	28.707020313035922	0.0	0.0	
29.31000420691973	23.27668197909648	0.0	0.0	
14.333053872351627	13.705238813822263	0.0	0.0	
4.93613308161293	31.67183999376829	0.0	0.0	
18.999517042232746	15.690562000035012	0.0	0.0	
13.874836235709967	23.36556696286999	0.0	0.0	
19.309769191480534	22.3695693962254	0.0	0.0	
24.36887573749706	3.7962415357365167	0.0	0.0	
25.161944949769513	12.815632355596016	0.0	0.0	
23.7991192276815	19.06698531537498	0.0	0.0	
25.106848780189644	22.378676496838466	0.0	0.0	
15.979119482206102	27.58319989047742	0.0	0.0	
16.26496831873457	4.673755670774291	0.0	0.0	
6.024544861545561	28.030049007831188	0.0	0.0	
20.003926976992776	25.393714570027218	0.0	0.0	
3.458179772894365	16.243870719460386	0.0	0.0	
6.377621424880296	1.034402687933543	0.0	0.0	
18.24206679231513	26.20219759763074	0.0	0.0	
30.34033969969113	15.432391971486187	0.0	0.0	
22.467531560287476	23.128071568182175	0.0	0.0	
2.443557756377917	1.9838348977833924	0.0	0.0	
28.974204560526978	9.103652235992719	0.0	0.0	
9.199522164411864	31.03337285433163	0.0	0.0	
8.443677039968819	0.7458899387247264	0.0	0.0	
15.70714213841459	3.944322096298908	0.0	0.0	
1.4059609354105511	19.76236650200501	0.0	0.0	
7.925282769664012	24.41908036962527	0.0	0.0	
23.120949453417737	23.963032074318832	0.0	0.0	
10.212058180063007	23.418681673542093	0.0	0.0	
25.258290387436713	4.17264473382021	0.0	0.0	
28.061463488214894	16.518713872463678	0.0	0.0	
16.847920196360768	16.536145558006364	0.0	0.0	
27.65756827572014	28.23619033872519	0.0	0.0	
6.44140152811493	6.48212493707533	0.0	0.0	
12.254360349849094	0.2863205583041868	0.0	0.0	
9.106321559880534	28.49308951590337	0.0	0.0	
14.023591050577519	20.539200470005166	0.0	0.0	
27.790905206946288	14.132080072977367	0.0	0.0	
11.93188055029157	28.25425350964709	0.0	0.0	
16.048861222193644	27.444324877249734	0.0	0.0	
7.317136880023064	14.520344214818547	0.0	0.0	
24.064807793270358	24.855343063146154	0.0	0.0	
16.123644454275375	2.2607694125427926	0.0	0.0	
15.29367899764188	16.472329394818455	0.0	0.0	
9.040808989314055	22.514739557882837	0.0	0.0	
22.82603065727788	9.708632548185975	0.0	0.0	
13.192687500825265	27.91137566778294	0.0	0.0	
6.6735286542911645	0.9753593859602567	0.0	0.0	
9.12581593588811	31.94490941391172	0.0	0.0	
16.14523393742581	10.017348923747818	0.0	0.0	
22.969040212386588	1.9699108008774822	0.0	0.0	
17.59568484579238	18.048104392072645	0.0	0.0	
29.528840557146616	6.942150163334102	0.0	0.0	
28.987505525524988	4.080316027138487	0.0	0.0	
3.2340915028934383	16.47989127746024	0.0	0.0	
27.929016119535678	8.384505979220073	0.0	0.0	
27.232261538388215	9.548071933432528	0.0	0.0	
1.4914816014807712	26.391090151886797	0.0	0.0	
31.155827733429486	20.91642499126056	0.0	0.0	
19.732775963471923	22.44965641874304	0.0	0.0	
21.87667739666474	31.8003567386231	0.0	0.0	
10.821615256686936	0.9472257894540022	0.0	0.0	
17.8043975947371	24.048500130596967	0.0	0.0	
15.930864721580303	23.11526607083186	0.0	0.0	
14.111416781667213	13.7083678775987	0.0	0.0	
26.74991919595882	3.0516092972781195	0.0	0.0	
1.9015126827127062	22.971925995668357	0.0	0.0	
17.6550082961079	19.02910457888926	0.0	0.0	
19.55530785267739	30.767153834818313	0.0	0.0	
15.324598150531479	26.799220506517976	0.0	0.0	
12.581766669199592	10.607161301128674	0.0	0.0	
1.154966228660271	23.450063009364023	0.0	0.0	
30.84241048133553	31.239131112567716	0.0	0.0	
3.1576356525040374	30.48326574110542	0.0	0.0	
3.3969431234677003	29.832918679485747	0.0	0.0	
7.110887421946696	2.971050385271628	0.0	0.0	
26.21802283437848	9.132651389650515	0.0	0.0	
5.568713811571541	28.674853508481828	0.0	0.0	
10.728586158987294	16.643471670210882	0.0	0.0	
22.918438602732735	14.072967210529757	0.0	0.0	
12.170495720832164	24.543883210208246	0.0	0.0	
30.042177687026328	8.543070634634361	0.0	0.0	
10.850862796425826	19.913824133070193	0.0	0.0	
1.3072632281826877	18.558572808657235	0.0	0.0	
27.243199464383625	17.329054003577173	0.0	0.0	
24.16893511199625	15.266167031447665	0.0	0.0	
6.7379276586010235	29.090435733968732	0.0	0.0	
19.179310722388387	16.26863172561921	0.0	0.0	
2.106075584654711	31.229477796465652	0.0	0.0	
29.659179595968386	21.689698732328697	0.0	0.0	
7.264663841614496	23.03964072701838	0.0	0.0	
6.353302147547279	11.607722879924967	0.0	0.0	
19.03331582687154	15.858360778479916	0.0	0.0	
2.2866285128424835	8.16828393563307	0.0	0.0	
28.836948630257112	16.951988660671834	0.0	0.0	
29.21372143031223	14.874094999202182	0.0	0.0	
9.88906910117106	17.90943043486877	0.0	0.0	
3.2640957810727507	24.222833975200167	0.0	0.0	
8.567363979246647	28.032967727392567	0.0	0.0	
2.1553628091798203	20.40386538027412	0.0	0.0	
18.953751527930734	9.80352652725701	0.0	0.0	
8.712229935462386	29.81505040387654	0.0	0.0	
31.243721125048154	28.318746267689367	0.0	0.0	
29.851240230472314	1.9668354781082442	0.0	0.0	
1.6616598918089203	1.4839250612131174	0.0	0.0	
12.26135572993621	3.9290574567572847	0.0	0.0	
14.37199565924966	26.277314986600263	0.0	0.0	
29.57735751355329	24.82012771557465	0.0	0.0	
19.734167950657884	11.845886808916724	0.0	0.0	
20.622889754942936	29.681495291031922	0.0	0.0	
13.16629536551433	5.146818670767026	0.0	0.0	
16.686506923110716	7.695481226812845	0.0	0.0	
14.796955267666007	19.648259328806837	0.0	0.0	
4.650685329637188	3.189759801954491	0.0	0.0	
15.043018522961546	7.362913587835699	0.0	0.0	
23.11092765380227	16.53598600536052	0.0	0.0	
0.1396675572300552	11.990882842928489	0.0	0.0	
27.71681218228185	14.02063918104134	0.0	0.0	
12.183019519862484	19.80817993368363	0.0	0.0	
29.254757132388793	30.01128817750535	0.0	0.0	
0.4095218391576161	27.405603822772733	0.0	0.0	
16.368057464411205	23.559952833887007	0.0	0.0	
2.4560669476594903	22.640242201485524	0.0	0.0	
2.9586184706900767	10.054712866808206	0.0	0.0	
0.264601659096229	30.277879631907197	0.0	0.0	
22.45410709756554	14.967001772001684	0.0	0.0	
6.4032470716674545	24.414982505226796	0.0	0.0	
15.226659251596374	5.625926534629187	0.0	0.0	
20.58370656169247	10.092821924222136	0.0	0.0	
16.369718855961104	8.009585763444871	0.0	0.0	
4.246154458550901	7.293293467383151	0.0	0.0	
31.63588002127818	16.292889342538942	0.0	0.0	
23.925882759071634	20.95094536437992	0.0	0.0	
20.15205592420355	2.8976751676458044	0.0	0.0	
13.909047113176388	0.7556843704584715	0.0	0.0	
8.824741834860802	3.5994383985293332	0.0	0.0	
5.673880664475945	24.263209784204662	0.0	0.0	
28.324137256079165	26.66975066565219	0.0	0.0	
29.864815555207464	31.946933875187344	0.0	0.0	
31.15286674623139	7.434186467504716	0.0	0.0	
4.490888917184506	8.764909784371504	0.0	0.0	
23.584477812651322	0.1373084468579151	0.0	0.0	
8.144399250779554	24.44758565854455	0.0	0.0	
3.2308273530417218	29.807911019366593	0.0	0.0	
3.252716801155934	8.69044584727694	0.0	0.0	
15.621354012838875	30.772507170798285	0.0	0.0	
8.717023998598563	30.305265353871047	0.0	0.0	
11.722760897727902	7.864377262316101	0.0	0.0	
16.307453795678196	25.745449602498276	0.0	0.0	
29.17028169894414	31.34979341455451	0.0	0.0	
0.8457364496385296	13.869293401809458	0.0	0.0	
17.613362580970314	10.888925838899784	0.0	0.0	
17.198518574341747	15.912484244296017	0.0	0.0	
0.4644739102751494	31.115579569576592	0.0	0.0	
21.977974656849174	25.51132070580822	0.0	0.0	
2.921144590646662	29.385757272877058	0.0	0.0	
21.39586129675186	29.078603654439494	0.0	0.0	
10.74172827334922	29.180357910734646	0.0	0.0	
21.037495999198757	5.502457470995452	0.0	0.0	
8.304093243459743	0.8715050538536921	0.0	0.0	
4.4009227510438755	15.565440675842783	0.0	0.0	
24.240003499390557	26.35552876218667	0.0	0.0	
20.874504218008664	6.663905709690599	0.0	0.0	
17.197132660922605	4.006661132393198	0.0	0.0	
23.631234806009413	26.07087993817724	0.0	0.0	
15.006781791306473	4.842770574031	0.0	0.0	
26.58888198835179	0.5141403967339109	0.0	0.0	
9.472966884080755	4.584036325904517	0.0	0.0	
30.952977535584523	5.62068023099674	0.0	0.0	
1.960569244199494	22.11594513558019	0.0	0.0	
29.369361704039985	3.004143179095454	0.0	0.0	
24.966097113525496	24.910308690849845	0.0	0.0	
27.0624457819165	17.162506553264414	0.0	0.0	
6.9069729925352945	25.13414627529135	0.0	0.0	
23.993662233365754	19.03514618868704	0.0	0.0	
21.218118764124807	0.8698650844430098	0.0	0.0	
0.06049081246985466	6.060359386482567	0.0	0.0	
29.551146552643807	4.95107846196758	0.0	0.0	
26.34236399711231	29.31860237503236	0.0	0.0	
4.551976844031053	12.03672002809546	0.0	0.0	
14.22815487679932	26.896226755265495	0.0	0.0	
16.902877653870707	5.574411524168887	0.0	0.0	
5.49406561636172	20.350764527116354	0.0	0.0	
10.09004891312135	16.150925635062798	0.0	0.0	
3.975909311986797	20.189009827804878	0.0	0.0	
20.4017050091704	24.27873436043521	0.0	0.0	
25.109453341780714	13.809606195973888	0.0	0.0	
24.727366290527442	5.865233133820695	0.0	0.0	
18.420688645381183	16.042800589993497	0.0	0.0	
30.065109932107113	20.759347769100142	0.0	0.0	
30.45227485629413	27.285194232626477	0.0	0.0	
20.051884054069593	4.4718970110909595	0.0	0.0	
20.39140917954893	16.169497134201677	0.0	0.0	
8.963645058146774	11.337716754234904	0.0	0.0	
10.757062722961518	15.387275421792783	0.0	0.0	
2.553405913383912	0.729836237652691	0.0	0.0	
5.635224860396725	3.3889446281522595	0.0	0.0	
4.841346506706309	4.947097779095145	0.0	0.0	
18.622200152768073	4.998091717945496	0.0	0.0	
12.790814639764413	14.577085348701004	0.0	0.0	
1.6708850074232338	15.253097583047172	0.0	0.0	
19.274651270296385	5.3043672549184535	0.0	0.0	
11.653082678298489	0.46135285563493866	0.0	0.0	
12.369001211944667	2.5881187895623583	0.0	0.0	
27.400031641267738	7.841387888129461	0.0	0.0	
17.110314221011897	29.219257610739717	0.0	0.0	
24.7948813151301	17.139877596177097	0.0	0.0	
31.660712047582614	1.0159008635816313	0.0	0.0	
9.438715265871455	12.385605236571447	0.0	0.0	
3.9414426415853185	0.5502859000413061	0.0	0.0	
12.286039304467366	0.1677678993224454	0.0	0.0	
30.145035285527836	30.11711063348106	0.0	0.0	
25.07199379013806	0.4469626829796809	0.0	0.0	
20.226939335255167	16.550830137917156	0.0	0.0	
25.56537833847549	17.894075709752936	0.0	0.0	
18.747836573987296	23.86501433522231	0.0	0.0	
13.572474313793055	10.300184647904523	0.0	0.0	
13.65409702042594	3.919102382513536	0.0	0.0	
18.985565247866703	5.1136274430021516	0.0	0.0	
6.824259901264288	24.611046823646472	0.0	0.0	
25.563926838176073	10.350000677345918	0.0	0.0	
17.050664956765345	18.444353377429344	0.0	0.0	
5.372377460237907	9.123139151001443	0.0	0.0	
26.59640648354867	4.589771940085871	0.0	0.0	
10.04468146237696	25.11314861424776	0.0	0.0	
30.654380787373405	16.846509315257858	0.0	0.0	
16.99461247798489	1.5914262971123385	0.0	0.0	
16.947593200149317	20.029278726222493	0.0	0.0	
29.185375494079288	23.370306473172064	0.0	0.0	
15.592290990036606	9.673753043803696	0.0	0.0	
14.461457854659162	2.8814006831509396	0.0	0.0	
8.332390416143902	29.917227356377598	0.0	0.0	
12.07963906174422	16.907049900130545	0.0	0.0	
24.224505013064597	10.131922524393119	0.0	0.0	
13.516961490690584	24.850880677139603	0.0	0.0	
25.698765946975637	9.2760703849845	0.0	0.0	
11.569799959953595	26.46071765398335	0.0	0.0	
5.786044633086629	31.505293090135016	0.0	0.0	
31.80305573286499	5.18449501965825	0.0	0.0	
20.206893759660854	21.537021696770143	0.0	0.0	
9.71142324244445	5.809859128844597	0.0	0.0	
5.5383349144526655	0.043807087210090856	0.0	0.0	
25.869651855881607	27.218743936921744	0.0	0.0	
27.873209403689888	15.019616561691599	0.0	0.0	
30.40324900732947	7.5551983015153255	0.0	0.0	
17.51053736411086	18.755230672310383	0.0	0.0	
11.277420887868217	14.995575824259841	0.0	0.0	
1.3472899751516536	17.187333856261276	0.0	0.0	
10.379105588548729	18.10787989647465	0.0	0.0	
22.70393587812992	8.06356864290175	0.0	0.0	
0.7128277170815132	23.893849045987825	0.0	0.0	
20.14909079452688	1.506449359437795	0.0	0.0	
29.600082863493316	25.93883236856835	0.0	0.0	
26.86089030480142	15.166291589436565	0.0	0.0	
6.661975527609183	15.543076694777046	0.0	0.0	
22.969341725514948	16.14023631081555	0.0	0.0	
28.868195618433784	11.014236694719443	0.0	0.0	
17.33118465392097	17.86666124966316	0.0	0.0	
7.824870420693131	23.287301196887615	0.0	0.0	
5.948628245192722	26.500122232630403	0.0	0.0	
19.604795370618785	1.1862143608465416	0.0	0.0	
15.978493484655008	31.814950757616707	0.0	0.0	
4.3029681727491145	6.899326992374871	0.0	0.0	
13.240687061590698	23.783251918949762	0.0	0.0	
22.967877903619176	20.66439875605127	0.0	0.0	
15.683703616400873	10.619975535124667	0.0	0.0	
4.175884663653967	7.732478947924459	0.0	0.0	
14.856184646297407	28.093708777489958	0.0	0.0	
2.5948494747148736	20.02461305844724	0.0	0.0	
11.266339799462838	20.938309498716436	0.0	0.0	
17.2619550911919	18.186235066410752	0.0	0.0	
30.898092654955637	9.503756373096934	0.0	0.0	
23.448676544580238	24.326589138571205	0.0	0.0	
4.489859317072646	21.364774180673788	0.0	0.0	
25.705452540289564	19.32494128812779	0.0	0.0	
14.115678831632078	3.523310688961523	0.0	0.0	
24.59331814795115	17.919114272502963	0.0	0.0	
20.67306102599145	21.753955825996616	0.0	0.0	
26.167479566376546	5.562735487101243	0.0	0.0	
2.3654994126614888	3.893212607708481	0.0	0.0	
7.6528814799592695	5.4024918645858975	0.0	0.0	
18.42144429339046	29.853636105376502	0.0	0.0	
27.401856197639876	21.875403169295627	0.0	0.0	
29.4937751106741	4.404635169606237	0.0	0.0	
2.7336889733286753	14.24765260441309	0.0	0.0	
17.28374502365074	16.43269682879504	0.0	0.0	
10.616642088474144	16.52165729565811	0.0	0.0	
10.291860937494661	7.691046849339177	0.0	0.0	
14.623624726503007	29.649195955262428	0.0	0.0	
8.11494317361641	21.05222025442486	0.0	0.0	
20.688299140927118	21.697414154428266	0.0	0.0	
18.333004178074624	27.342212362985357	0.0	0.0	
29.91912751773452	6.257517231654809	0.0	0.0	
8.511720352303456	3.3429320956023645	0.0	0.0	
12.952663147745191	31.092532937117255	0.0	0.0	
21.59669383522371	27.999297392010277	0.0	0.0	
14.448802076845919	28.395925441393754	0.0	0.0	
3.6873472809737535	20.26546480321299	0.0	0.0	
24.2441520043228	6.00204970426601	0.0	0.0	
16.08487052294657	13.315962084291499	0.0	0.0	
20.7249363073597	10.709572324497227	0.0	0.0	
30.431073904043554	15.115356389507156	0.0	0.0	
5.033790221591502	30.31919637524554	0.0	0.0	
31.87987502298893	3.706699252811813	0.0	0.0	
10.505960202675013	28.38097729366863	0.0	0.0	
23.559571457103292	5.275265453334246	0.0	0.0	
12.17984521743496	23.591640558237447	0.0	0.0	
15.032124028683665	4.083793636611933	0.0	0.0	
11.97373666856284	7.368353668030977	0.0	0.0	
17.42396563984257	2.581256318710544	0.0	0.0	
0.6028419337713622	13.297939047672042	0.0	0.0	
31.77916839417104	5.8799621836328235	0.0	0.0	
5.776485378924207	23.96585949118759	0.0	0.0	
25.389336349125664	17.58269411143465	0.0	0.0	
24.58092992182444	17.84698808168022	0.0	0.0	
7.571285729136232	18.89227837075049	0.0	0.0	
22.251934657988656	2.6252808428380163	0.0	0.0	
20.017561081081038	27.432405972074463	0.0	0.0	
3.6620187561054607	31.98668292475712	0.0	0.0	
17.319050882987106	18.026733847943202	0.0	0.0	
4.436525318960502	15.449685844310995	0.0	0.0	
28.979572609165693	25.878489261966582	0.0	0.0	
14.163091696231934	18.130599645870202	0.0	0.0	
28.01698257403374	16.611737464441383	0.0	0.0	
28.578376749554057	29.157260658467898	0.0	0.0	
11.31936968931485	18.383286058447688	0.0	0.0	
20.151767483489227	16.17179703552817	0.0	0.0	
20.111971681983498	30.488847773121844	0.0	0.0	
5.553173768603958	2.633698356194394	0.0	0.0	
3.350409151909549	21.269186432202744	0.0	0.0	
28.96767742732897	11.319922734564106	0.0	0.0	
13.270312522022113	26.20603588978764	0.0	0.0	
9.396119690074595	14.296927940426901	0.0	0.0	
30.658781728746142	25.613080331594873	0.0	0.0	
30.77975695343931	0.8873787984402739	0.0	0.0	
27.134272934437398	13.812604487123469	0.0	0.0	
20.09430462516169	20.346915237491853	0.0	0.0	
7.360745036005923	25.152861662499845	0.0	0.0	
2.449607569209249	1.8842743284092727	0.0	0.0	
3.706584428947984	19.085886492600398	0.0	0.0	
23.579968398693136	28.93022239401922	0.0	0.0	
18.953998680387137	4.793888065955617	0.0	0.0	
24.703834839646476	1.6496386280856044	0.0	0.0	
28.88668358844224	7.703919259537869	0.0	0.0	
27.42885403052066	28.53119692707135	0.0	0.0	
29.36093071953181	24.230878518436956	0.0	0.0	
20.83357311466989	29.19638401983075	0.0	0.0	
15.187643368408466	27.44963209815778	0.0	0.0	
18.66592170788491	7.215959840659469	0.0	0.0	
18.014828534041104	11.2670440373997	0.0	0.0	
25.614256966547252	14.80995875050657	0.0	0.0	
0.9334720416469011	12.971687393274358	0.0	0.0	
1.8944903795395156	5.19723191100395	0.0	0.0	
17.804066298196634	12.343965942545292	0.0	0.0	
3.4332577801882103	21.452130204279882	0.0	0.0	
24.78982254170581	28.537434102802603	0.0	0.0	
24.524990837758498	13.882360304460125	0.0	0.0	
21.613212245747626	10.163960490640719	0.0	0.0	
1.4620746854379512	26.639696314795536	0.0	0.0	
21.68131684012592	3.946338577447257	0.0	0.0	
29.622090651842424	22.08963247394013	0.0	0.0	
25.824499667381087	1.4436374881064005	0.0	0.0	
7.3600321320833615	13.914264629198367	0.0	0.0	
5.82450796771521	11.492470146768987	0.0	0.0	
22.50228726645107	10.269262123550323	0.0	0.0	
23.21339068281552	31.286945952024023	0.0	0.0	
12.820793009695798	24.021671282368477	0.0	0.0	
8.220129030991124	5.274564949001391	0.0	0.0	
25.29214333367439	21.039947579385842	0.0	0.0	
21.84949021123303	5.117389087493812	0.0	0.0	
19.28234412602606	25.489460459250612	0.0	0.0	
7.014484481670735	23.739451259404458	0.0	0.0	
31.477903142197704	10.718936193628632	0.0	0.0	
15.289097266996016	10.643897755745567	0.0	0.0	
1.9354417024167425	16.794478708521808	0.0	0.0	
31.947152593316233	12.259716474853029	0.0	0.0	
30.53201787223618	0.04517274180541264	0.0	0.0	
23.846664614661584	30.181020821823395	0.0	0.0	
13.012544390894732	28.5016247262759	0.0	0.0	
21.94087904799073	21.57607457376238	0.0	0.0	
11.38051777468782	10.504890969809832	0.0	0.0	
17.5066310480409	16.826373206432038	0.0	0.0	
25.42232156614182	13.630482452006515	0.0	0.0	
5.835185833905477	16.19733835081446	0.0	0.0	
7.374496546706268	6.848880546565084	0.0	0.0	
14.818539395198716	22.486359864760786	0.0	0.0	
14.178385461902678	27.238892511201506	0.0	0.0	
15.956707179575066	30.982374811656108	0.0	0.0	
31.309936720951086	29.597390654940273	0.0	0.0	
7.433670446703665	2.841261750155759	0.0	0.0	
6.0842411924432405	26.634186417861795	0.0	0.0	
20.815695973530662	29.373289798043007	0.0	0.0	
27.11592805329995	9.34771722516907	0.0	0.0	
19.395360524693288	29.71293489335899	0.0	0.0	
19.713781350551162	29.60963196712923	0.0	0.0	
10.691276778254128	27.839269424279614	0.0	0.0	
14.605497366154172	21.70038462901332	0.0	0.0	
30.06666399447421	24.47299293100787	0.0	0.0	
8.34909295179716	12.746528575402678	0.0	0.0	
6.183384381022329	13.9970099411258	0.0	0.0	
10.665535944873795	0.8296059022468434	0.0	0.0	
10.532665832190588	17.32097699472869	0.0	0.0	
7.522452406785902	22.247885389024603	0.0	0.0	
16.792139431607524	15.764056442805916	0.0	0.0	
19.345795588406265	10.734667655247257	0.0	0.0	
31.915608562272922	0.27838646497640696	0.0	0.0	
6.297273755769307	31.322756862797785	0.0	0.0	
15.095593824002357	4.248893339411794	0.0	0.0	
5.4152925798980505	22.52963000695034	0.0	0.0	
16.751389168434244	21.551877884278845	0.0	0.0	
1.2518572116394324	14.27135564870839	0.0	0.0	
20.455045075953752	6.3081970106729095	0.0	0.0	
25.59117281722509	3.4653369636069122	0.0	0.0	
22.34922596149432	28.700191294677783	0.0	0.0	
26.857176473324706	19.57339436317703	0.0	0.0	
13.272294704829257	29.51844906953354	0.0	0.0	
0.457683428524998	29.436836438265352	0.0	0.0	
11.581772465391683	11.59683905207325	0.0	0.0	
27.965743529927316	27.58525081883095	0.0	0.0	
17.530355850625295	1.1736593668575566	0.0	0.0	
17.763985745836475	25.64053727081277	0.0	0.0	
21.692555738174487	13.247231370540238	0.0	0.0	
6.574847673609906	26.043784072624792	0.0	0.0	
7.110453502538768	18.44517972937828	0.0	0.0	
7.861356699336159	8.794983317245926	0.0	0.0	
27.828329458688483	20.15272768379389	0.0	0.0	
1.8343394309842012	20.998069614527196	0.0	0.0	
6.699862436909143	8.270684397759158	0.0	0.0	
28.69771443332473	1.134028968476052	0.0	0.0	
8.37390633898736	20.763590835448788	0.0	0.0	
9.355364795701448	27.640639926430524	0.0	0.0	
16.62479587232511	24.368586062164667	0.0	0.0	
28.930669851020955	30.87171004816112	0.0	0.0	
8.834600286636764	8.55973664946864	0.0	0.0	
26.136234626303835	29.90948986358407	0.0	0.0	
0.16823091226466858	4.501084892037859	0.0	0.0	
13.756034499106047	28.367800278371373	0.0	0.0	
15.596012746322675	14.591689950502541	0.0	0.0	
22.510613525613937	2.8453682893223124	0.0	0.0	
24.09793043393473	5.540228383526376	0.0	0.0	
21.01651316616389	28.444582773578283	0.0	0.0	
13.683662411043802	7.11801885568423	0.0	0.0	
17.650649163040736	25.102915993007322	0.0	0.0	
28.4632175709339	2.9879769412093182	0.0	0.0	
23.701605596382755	14.094649610597841	0.0	0.0	
10.360853544436942	13.402938631255957	0.0	0.0	
0.6305614197837883	9.931644502305723	0.0	0.0	
6.499925329476774	4.282866695126117	0.0	0.0	
7.391523213905945	7.922482126446749	0.0	0.0	
21.80074426828422	19.49092630986021	0.0	0.0	
18.38340326536588	28.877290807758527	0.0	0.0	
22.339876073375613	4.7049652832413535	0.0	0.0	
24.129716587592547	0.5032003656021473	0.0	0.0	
30.633296827194727	17.40745241151354	0.0	0.0	
28.044873483190575	24.629710029374213	0.0	0.0	
8.210213094983207	16.10026485881503	0.0	0.0	
7.604201115810284	20.829469237579833	0.0	0.0	
19.71855924131031	23.672639516931405	0.0	0.0	
14.251350462340444	8.85315571639497	0.0	0.0	
31.57397597546523	13.384734846603887	0.0	0.0	
16.083414212193944	6.675967173496261	0.0	0.0	
5.380002183809115	8.58605686863288	0.0	0.0	
11.955972912984624	6.4629746579156375	0.0	0.0	
21.817232807216303	3.8824171410943045	0.0	0.0	
24.130649022699973	24.35348796737737	0.0	0.0	
27.038611757148953	25.245236774365296	0.0	0.0	
23.62355836018688	31.177749020268234	0.0	0.0	
29.750130914967762	27.051149380343173	0.0	0.0	
31.58389608654987	18.03993835473651	0.0	0.0	
28.73104919633877	15.794252611269446	0.0	0.0	
26.631955574966568	30.885720726727715	0.0	0.0	
27.825693223274634	31.251208550444442	0.0	0.0	
9.073097901471172	31.18551358706739	0.0	0.0	
21.633544009022994	6.3102005598446524	0.0	0.0	
17.166851889710824	29.85631834642665	0.0	0.0	
2.485467745008581	8.301976792299403	0.0	0.0	
30.585348981458598	7.506800571940925	0.0	0.0	
2.8836298622136667	12.208136718381873	0.0	0.0	
22.787218988696957	20.843839200483718	0.0	0.0	
31.044131833715827	30.766926561870374	0.0	0.0	
18.680053223881476	19.076855907131872	0.0	0.0	
6.827772090776431	27.76941040876155	0.0	0.0	
5.414391339052539	18.623237788217	0.0	0.0	
10.53403239530542	17.850610548959615	0.0	0.0	
2.6683234629314683	13.851161194653443	0.0	0.0	
29.06301946866105	3.630423580366159	0.0	0.0	
7.539921667514022	7.632298197304067	0.0	0.0	
5.358481190448192	8.845926986054575	0.0	0.0	
30.845204768761523	10.527633115904955	0.0	0.0	
0.5373787268723511	2.1262859126974334	0.0	0.0	
18.286482472068347	7.592193740525747	0.0	0.0	
27.07733440058945	4.903532646913725	0.0	0.0	
28.161744939176117	30.398879034430625	0.0	0.0	
5.975086320495592	0.6596575341110444	0.0	0.0	
14.012850202103738	14.38914236113827	0.0	0.0	
4.245141004331586	7.428564529145671	0.0	0.0	
1.680873025061505	17.61786615774551	0.0	0.0	
11.929527154993771	20.034547320541478	0.0	0.0	
30.372531412728232	2.475079091510718	0.0	0.0	
19.553784307548693	0.7516598065297266	0.0	0.0	
0.19841406924089355	26.28893803848811	0.0	0.0	
22.766956039171905	0.41697436231618923	0.0	0.0	
24.265594044726864	15.751816090301453	0.0	0.0	
2.429066290010425	17.453895448050545	0.0	0.0	
18.71657674834539	30.173280919094847	0.0	0.0	
24.625167160305498	28.41731610941838	0.0	0.0	
19.593218892561367	24.35517313019036	0.0	0.0	
26.770854292473206	24.38802517160953	0.0	0.0	
11.988171676734702	18.15540323751929	0.0	0.0	
2.8678096675753224	24.196499738813035	0.0	0.0	
8.040317860008269	31.00351068865491	0.0	0.0	
4.5757452960664615	7.683404161959768	0.0	0.0	
13.229732410621118	4.9155531482816635	0.0	0.0	
7.3464181817432355	25.439835948947312	0.0	0.0	
17.980260533041506	24.884967870476135	0.0	0.0	
14.517204888908438	8.432705427375165	0.0	0.0	
14.797377557702958	13.096809397583673	0.0	0.0	
28.762069685401542	12.731675040898622	0.0	0.0	
2.0842830467593707	2.9616717201371756	0.0	0.0	
28.356053572914313	18.282559206384967	0.0	0.0	
23.627387486450434	0.3894130219819516	0.0	0.0	
22.46469033849247	14.66756117688995	0.0	0.0	
28.967905406681343	8.249732865485964	0.0	0.0	
24.176766679882903	11.881751999827209	0.0	0.0	
24.798838201397697	8.840322466786056	0.0	0.0	
29.578615369055086	15.41709991843707	0.0	0.0	
29.477365972581566	9.49678045735632	0.0	0.0	
10.937933486416615	15.947542799871389	0.0	0.0	
30.832376473850815	31.525821553411113	0.0	0.0	
27.646502147780225	24.285845050922806	0.0	0.0	
14.015363354469237	20.48527812677216	0.0	0.0	
9.14184693485975	3.623078580270505	0.0	0.0	
24.858359783965994	11.508626614706944	0.0	0.0	
15.366161936009345	26.82695083721503	0.0	0.0	
12.203950029587531	19.00603944710947	0.0	0.0	
10.492900654289286	19.598302064328916	0.0	0.0	
17.31268079339197	29.32183768575834	0.0	0.0	
30.63186199829715	12.341252875951476	0.0	0.0	
12.233740156684604	16.432898445788037	0.0	0.0	
28.563707089726883	26.220452650657965	0.0	0.0	
21.84160221768388	19.733395217805636	0.0	0.0	
18.61625853874313	18.724794733472024	0.0	0.0	
17.66650701168855	4.164137080907786	0.0	0.0	
20.734391910674542	24.701975777022845	0.0	0.0	
14.25835024365896	25.626823048398244	0.0	0.0	
3.0369581302884185	30.643900879676707	0.0	0.0	
3.970724701828594	27.357634853254595	0.0	0.0	
16.32687239410929	15.737929043423364	0.0	0.0	
8.246541254560938	10.269733825435086	0.0	0.0	
26.747165917881702	9.805727790398464	0.0	0.0	
28.080064681550567	1.0734890095442822	0.0	0.0	
13.686482623674419	11.131097126755211	0.0	0.0	
22.074725572836314	6.2113144116578205	0.0	0.0	
26.59650761882901	16.49980366164629	0.0	0.0	
31.404016842277965	2.8955903752975196	0.0	0.0	
1.753132247534797	4.981728999361778	0.0	0.0	
20.638196997957916	17.25720984777678	0.0	0.0	
3.431206248147717	24.59591975217235	0.0	0.0	
4.055647471978872	23.123249494950215	0.0	0.0	
27.306218906288272	6.080525056654103	0.0	0.0	
12.567868937952138	27.450119058880507	0.0	0.0	
12.814724919124213	12.857045608225416	0.0	0.0	
20.48937176261959	22.331772971010874	0.0	0.0	
27.23543566718264	2.127151230241065	0.0	0.0	
20.70573444713343	31.69073039542942	0.0	0.0	
6.373758062688207	3.1481665024373235	0.0	0.0	
6.777402589698973	7.132970739147499	0.0	0.0	
30.900253753549535	17.590317430756215	0.0	0.0	
25.43639576241216	24.64511315172718	0.0	0.0	
1.6964461978309835	23.285412122088818	0.0	0.0	
3.4419929943332157	26.75815748948757	0.0	0.0	
27.50358155008843	3.2342032221310753	0.0	0.0	
6.9821982943046095	5.881109435544509	0.0	0.0	
1.288433031427779	3.882388745884583	0.0	0.0	
29.05100360238075	10.423738280013986	0.0	0.0	
19.684236637142856	25.88853532143588	0.0	0.0	
17.421362397242323	2.9076377863114367	0.0	0.0	
6.7777695804700855	16.71354629570056	0.0	0.0	
23.46810075859537	18.79748613389216	0.0	0.0	
9.219680284529275	29.38379702557127	0.0	0.0	
18.253339192202727	8.434144338425003	0.0	0.0	
26.911971671596863	14.760835923618185	0.0	0.0	
22.30630622963165	6.674125460783756	0.0	0.0	
0.8478263660096701	22.274953114100505	0.0	0.0	
20.63904259861777	25.099000733537473	0.0	0.0	
5.607675803235782	5.964984120632717	0.0	0.0	
17.637322294498006	5.567080574098558	0.0	0.0	
25.599655873608622	24.896097356645274	0.0	0.0	
13.560831781242474	28.243299695069915	0.0	0.0	
10.341881274847882	19.543561681543693	0.0	0.0	
24.491240709629075	11.363827664574504	0.0	0.0	
2.956817453857486	6.320936316545303	0.0	0.0	
11.454718195642378	31.85191201911841	0.0	0.0	
16.609195089470024	14.342415482527496	0.0	0.0	
26.108211240218523	24.208700508802185	0.0	0.0	
28.882308562073412	6.2231722810074075	0.0	0.0	
3.5286901305282363	21.665064886564206	0.0	0.0	
29.439379488988695	27.162942943143275	0.0	0.0	
29.689022314197544	0.10550851609913181	0.0	0.0	
21.41950838131433	31.57905946394198	0.0	0.0	
0.35027443073648357	10.303424233166684	0.0	0.0	
5.7519764099403226	31.644561750773573	0.0	0.0	
3.323629019683491	10.271916444486877	0.0	0.0	
14.502814450740367	23.578327764441873	0.0	0.0	
22.883008970073757	6.349984058112327	0.0	0.0	
18.744634598282207	26.546565782264693	0.0	0.0	
30.986971768253774	23.185347909926193	0.0	0.0	
0.36352771104484916	29.358459800420153	0.0	0.0	
12.078379207639646	26.52698476263457	0.0	0.0	
14.437782849411295	4.128857384383142	0.0	0.0	
30.30805703494384	21.611931367602484	0.0	0.0	
10.338988167357165	1.7183290521793921	0.0	0.0	
19.028460806619485	27.93301226162706	0.0	0.0	
28.992722803699333	28.553412713097188	0.0	0.0	
5.345524248674259	27.677510883104613	0.0	0.0	
0.4842306857638512	29.444193271064954	0.0	0.0	
1.577591632779864	17.959984553294348	0.0	0.0	
7.3051936574933976	22.53581428203565	0.0	0.0	
9.67808060080326	24.796252354008132	0.0	0.0	
14.364216708278782	1.8728149406721606	0.0	0.0	
9.961684809441508	2.616637260141971	0.0	0.0	
19.770936033290877	18.824521227100654	0.0	0.0	
26.924683988989365	22.632453022955126	0.0	0.0	
17.90182215235703	13.21437854216633	0.0	0.0	
14.054334088822742	24.79372937569253	0.0	0.0	
24.46056770489445	23.339108620195265	0.0	0.0	
25.503691139761784	28.988887744866158	0.0	0.0	
20.574020355491825	11.253072325996254	0.0	0.0	
5.020740206987533	24.311741749883698	0.0	0.0	
9.677767673118947	11.559436941346451	0.0	0.0	
28.40699675650515	6.086200117229229	0.0	0.0	
5.222546090924787	29.656460628477422	0.0	0.0	
5.9939815978857105	4.422019096704062	0.0	0.0	
5.671075653505191	3.5283472883854436	0.0	0.0	
