2
32.0	0.0	0.0	0.0	
0.0	32.0	0.0	0.0	
1.6165743440076206	10.022312930390658	0.0	0.0	
4.3385059843427705	10.060214288188753	0.0	0.0	
4.442767003877886	18.50790894490161	0.0	0.0	
16.099305000320747	24.650130817453842	0.0	0.0	
12.189255032379219	3.2076350449258193	0.0	0.0	
3.340853459240112	3.843086054550888	0.0	0.0	
29.778677751291557	28.954325495711856	0.0	0.0	
10.574633914504723	23.665215200657904	0.0	0.0	
10.552608662501395	27.256744694837447	0.0	0.0	
13.61890237478703	23.67665952141543	0.0	0.0	
28.351959506323592	0.09384542313197741	0.0	0.0	
3.9199137581703205	20.572716874391965	0.0	0.0	
4.22283486265415	2.0038273756928007	0.0	0.0	
1.7206782359894248	28.693461104948323	0.0	0.0	
17.419802498392887	10.719071925053093	0.0	0.0	
13.871679639949814	21.789936528871937	0.0	0.0	
31.213093668277818	25.1877802010706	0.0	0.0	
22.57784834270902	16.73857142645415	0.0	0.0	
6.484080686884521	15.188647988276117	0.0	0.0	
11.423806362215323	26.567293313790362	0.0	0.0	
22.85836469151811	24.620393231191155	0.0	0.0	
29.801516085276923	5.156923885269041	0.0	0.0	
19.31166374979446	18.06127703995654	0.0	0.0	
18.48081188829432	6.652899243053852	0.0	0.0	
13.432548847449723	10.012078715225073	0.0	0.0	
6.55768093087816	22.383594990839132	0.0	0.0	
22.3063418805289	27.11432214065888	0.0	0.0	
7.998905641423594	17.279327444598508	0.0	0.0	
18.59367460673427	4.720360160069056	0.0	0.0	
18.951659126298324	21.998262865112387	0.0	0.0	
21.468020699384464	23.99294575082602	0.0	0.0	
29.248634094812203	15.559906252682985	0.0	0.0	
6.6685914029723	19.661219900703536	0.0	0.0	
9.585529746369854	22.87487585788568	0.0	0.0	
28.890407109642318	15.585797123856924	0.0	0.0	
22.064057151325358	15.078526007395837	0.0	0.0	
5.164503470114365	29.066069318301135	0.0	0.0	
7.344484233120486	4.3889607372934165	0.0	0.0	
8.020100646077339	22.015422167016457	0.0	0.0	
29.206346552290203	9.630440999167899	0.0	0.0	
27.640128663182903	20.285240632999642	0.0	0.0	
3.279711064469783	4.3489466157985035	0.0	0.0	
31.24692569704082	31.861508663797323	0.0	0.0	
24.982824599468486	20.05348743922614	0.0	0.0	
12.920019037191778	29.835347657732402	0.0	0.0	
29.59328611453175	12.283402567257617	0.0	0.0	
31.267956736164365	16.056610211341116	0.0	0.0	
14.733843399344437	1.5698500554603108	0.0	0.0	
31.735516660913788	21.87050568206708	0.0	0.0	
19.08492642613482	0.4826587096991588	0.0	0.0	
12.449761741349569	5.74400475702333	0.0	0.0	
9.713954650579616	9.704628521998544	0.0	0.0	
16.678055678126437	26.003668462477766	0.0	0.0	
14.769878312750816	15.384715211131194	0.0	0.0	
19.700762168720342	12.78532287092425	0.0	0.0	
15.030510455860643	22.981394117625886	0.0	0.0	
11.346988383653382	9.21424307410867	0.0	0.0	
1.0064558640478012	25.06111902218854	0.0	0.0	
9.55349916529288	2.7926288895285367	0.0	0.0	
17.558101364636002	6.258947885933054	0.0	0.0	
29.34119902507295	19.82649689332573	0.0	0.0	
28.781331228043285	4.836856925582765	0.0	0.0	
30.282372161947816	17.989898787631542	0.0	0.0	
11.456710832260018	9.929430600589406	0.0	0.0	
22.85712277026328	30.164086418027363	0.0	0.0	
27.787033778182913	3.49807558782571	0.0	0.0	
24.88726747247785	10.553270840773514	0.0	0.0	
15.873172259226667	29.364303363053153	0.0	0.0	
3.1640860109618565	27.797061295992457	0.0	0.0	
24.455855994694968	25.575981898413907	0.0	0.0	
10.123331116589483	25.052927081636522	0.0	0.0	
7.488320393131815	2.3182446249282087	0.0	0.0	
0.7343519502730516	16.03121541252118	0.0	0.0	
5.702906027125444	0.38784444029998966	0.0	0.0	
22.34941042704636	16.396676110397298	0.0	0.0	
27.301454139298016	24.78550278273412	0.0	0.0	
24.31972592981404	18.77062660797225	0.0	0.0	
6.036427836346874	29.446452969304367	0.0	0.0	
17.827221599661605	11.098698223713065	0.0	0.0	
30.01359539987555	19.795982687481967	0.0	0.0	
4.168571061840332	24.129228218333058	0.0	0.0	
21.757801659544736	12.304291775617521	0.0	0.0	
23.827319445188365	1.0775894224299947	0.0	0.0	
30.403467922463257	30.64769462946243	0.0	0.0	
17.027170510495232	20.62974461337751	0.0	0.0	
17.85066545220882	13.072751602034884	0.0	0.0	
13.677183056154199	3.4258365411528615	0.0	0.0	
4.799958726389459	22.9300994751796	0.0	0.0	
8.095380566606071	13.184054193233756	0.0	0.0	
24.38281595977645	31.355637720127664	0.0	0.0	
25.119882317214685	8.22154068919497	0.0	0.0	
5.493793093799539	9.802582483012912	0.0	0.0	
14.494524450338815	25.448131241662534	0.0	0.0	
17.979919893965672	14.351957510747003	0.0	0.0	
1.6579018006399053	20.803688770179203	0.0	0.0	
4.951739722563307	30.479830734841546	0.0	0.0	
16.255012331379834	13.515737918330231	0.0	0.0	
26.786853841409844	12.704844406565797	0.0	0.0	
27.789956054493082	17.31413583500547	0.0	0.0	
17.45986535350281	18.01862936728591	0.0	0.0	
0.7479114469585966	18.552186382868065	0.0	0.0	
12.816647290063344	5.882393857437911	0.0	0.0	
6.90810639301068	25.82184115204012	0.0	0.0	
27.73091458858319	19.933075986066108	0.0	0.0	
7.585393409023986	17.739911756096852	0.0	0.0	
27.455021235173824	18.18324904060511	0.0	0.0	
10.178202012616236	8.785190086860336	0.0	0.0	
29.012665364112614	22.68890427017116	0.0	0.0	
11.803317099428348	4.571574903042595	0.0	0.0	
21.344566698723206	8.33524176116763	0.0	0.0	
19.351206266675483	19.155592747353833	0.0	0.0	
2.4953278572446287	18.214606233253825	0.0	0.0	
29.706175496536762	2.8514218213700318	0.0	0.0	
31.96242089960289	24.5883730942089	0.0	0.0	
25.177936174927748	21.368402666011008	0.0	0.0	
10.27600137181216	17.083248937121233	0.0	0.0	
19.620784954937832	10.65246606900098	0.0	0.0	
7.2936135393246815	23.87183907399521	0.0	0.0	
10.597330483178553	9.476932410866286	0.0	0.0	
2.3764719113419375	13.27601801538487	0.0	0.0	
25.860541580774594	31.838705498135504	0.0	0.0	
11.800769871909804	25.545752871205163	0.0	0.0	
0.4315867917189564	31.719775056243456	0.0	0.0	
30.93238523589132	23.509899924521374	0.0	0.0	
16.328308116088632	21.881910080757166	0.0	0.0	
0.296544846759506	3.863540385504784	0.0	0.0	
7.078310163704032	16.894566632161037	0.0	0.0	
7.700053498013116	23.099124136068593	0.0	0.0	
13.990708955497897	21.41964686839932	0.0	0.0	
14.127507703621472	10.466058708928582	0.0	0.0	
28.456540808136527	25.96270456014564	0.0	0.0	
17.09268658034727	30.592852929950197	0.0	0.0	
31.734771378281845	16.627084886438308	0.0	0.0	
19.85706171639092	23.296090252088582	0.0	0.0	
13.598709838143154	11.824033863791879	0.0	0.0	
7.650819454801784	27.243223924111902	0.0	0.0	
2.773612419589483	23.85567755061211	0.0	0.0	
9.81120666828605	12.459569952270598	0.0	0.0	
28.39494339563833	11.90520513012213	0.0	0.0	
25.682921084296005	23.116758570363825	0.0	0.0	
3.422229938451011	5.553284664821547	0.0	0.0	
14.487812839842057	17.664021608922756	0.0	0.0	
28.527793181892058	20.334556370840144	0.0	0.0	
1.7525080777200053	26.037291045834763	0.0	0.0	
29.518508132915645	13.066201757265254	0.0	0.0	
7.454596134370011	24.89869827733718	0.0	0.0	
19.623570712885826	9.047437148179625	0.0	0.0	
31.055141056607447	7.626552246308503	0.0	0.0	
9.26825914839048	12.280982727775967	0.0	0.0	
9.564471227690486	20.347354019711446	0.0	0.0	
29.32272780844791	30.384180176681845	0.0	0.0	
30.42847101775372	22.54735208708015	0.0	0.0	
6.1829015839490395	5.114359512469328	0.0	0.0	
28.81453500113265	5.112712302888081	0.0	0.0	
31.77768686373175	23.870904278875848	0.0	0.0	
29.905957770886797	21.006315146910605	0.0	0.0	
4.694440065060498	28.856587111418428	0.0	0.0	
11.130159988748915	31.298945028907195	0.0	0.0	
20.109232108013185	0.6328397958106784	0.0	0.0	
9.65207467409951	31.90605380800834	0.0	0.0	
5.813969737487575	7.420275561119954	0.0	0.0	
0.0136602533608432	30.148735592103307	0.0	0.0	
27.225417160933304	18.272544321991642	0.0	0.0	
11.674413013418707	19.562162160449205	0.0	0.0	
0.3917817902510272	24.11136418716711	0.0	0.0	
12.809955579933725	0.8808382099707046	0.0	0.0	
31.329346335832867	0.5110060748181695	0.0	0.0	
7.055528202489338	14.384614758627261	0.0	0.0	
7.274098899347351	30.309758263216462	0.0	0.0	
15.924477965904615	12.709798341455713	0.0	0.0	
29.007856733252922	17.655468632917792	0.0	0.0	
9.753384051222682	27.983270646526076	0.0	0.0	
23.28774882753343	15.630934101560623	0.0	0.0	
31.19851509191889	30.656515655974655	0.0	0.0	
22.363309527056526	20.19718599725616	0.0	0.0	
4.386858408713703	21.646684184329967	0.0	0.0	
29.63659122244855	15.569171427580493	0.0	0.0	
4.538760298399357	6.500923996806918	0.0	0.0	
24.618167495932788	10.921472612918219	0.0	0.0	
21.397605566800383	19.865712487627988	0.0	0.0	
11.247830737855011	0.3988645547749883	0.0	0.0	
28.1597762525193	24.8357681937654	0.0	0.0	
27.04237957799653	29.737352107211578	0.0	0.0	
18.65492513251292	11.45219921687379	0.0	0.0	
22.35850901052908	26.37347886261913	0.0	0.0	
11.16205713418556	5.603622676266681	0.0	0.0	
31.086078672158802	18.59239323036277	0.0	0.0	
7.176285220661228	23.03814215845294	0.0	0.0	
9.23742014961293	25.702570129535683	0.0	0.0	
5.108168691886931	14.653421486241712	0.0	0.0	
14.32788207893141	4.724729420261955	0.0	0.0	
2.9429098271387772	3.6004461130756766	0.0	0.0	
27.225658868363126	3.9427183433093838	0.0	0.0	
19.162592681865483	4.172647704686131	0.0	0.0	
22.01966601214151	17.540365290424386	0.0	0.0	
30.274505028592724	2.9056681662086383	0.0	0.0	
27.7058169047494	21.89607994373942	0.0	0.0	
17.9539037075864	1.6597591479919132	0.0	0.0	
16.49378636640684	18.49161980589765	0.0	0.0	
26.129652369559995	8.583869279945894	0.0	0.0	
21.33690317690473	3.135016955999454	0.0	0.0	
10.337616486876591	31.94505402735963	0.0	0.0	
2.9353302644289982	3.659403366922291	0.0	0.0	
13.351990126603493	20.656632137224694	0.0	0.0	
9.015722371493823	15.447648785073678	0.0	0.0	
5.418708673341261	25.787981106442817	0.0	0.0	
25.479721639669396	7.876417978848874	0.0	0.0	
15.373481739367033	22.900469187376387	0.0	0.0	
26.173339547624387	29.61535508753842	0.0	0.0	
18.792432223259745	13.759653774197087	0.0	0.0	
27.899192519478166	9.156916399223181	0.0	0.0	
11.35477799437112	29.72777325860302	0.0	0.0	
5.471423402079395	18.92091375701578	0.0	0.0	
2.391676291371269	13.228935914277987	0.0	0.0	
27.233998841934678	4.097539844632223	0.0	0.0	
7.847458968148235	29.72438808556384	0.0	0.0	
28.962578726174453	29.13262061283756	0.0	0.0	
25.975589629967555	31.019713085959197	0.0	0.0	
30.739173060404095	18.440651538053757	0.0	0.0	
23.676705280477343	2.633263868692552	0.0	0.0	
1.8947456175400141	0.5415016152622485	0.0	0.0	
16.5162690618905	15.389518442481098	0.0	0.0	
4.294315942307392	22.11592453278824	0.0	0.0	
12.280193753198496	1.2458438520423094	0.0	0.0	
20.918905470216067	19.992223672390182	0.0	0.0	
25.009289809772298	17.234521591004977	0.0	0.0	
7.869009765676157	25.260565981207076	0.0	0.0	
5.813002763806544	20.638177172426836	0.0	0.0	
9.43413920003102	11.063201098616982	0.0	0.0	
18.39020012988156	6.689768524680012	0.0	0.0	
30.229005255542376	27.1288000537046	0.0	0.0	
2.350369237154382	18.31170964856596	0.0	0.0	
18.47897055609145	10.549280277380504	0.0	0.0	
15.178671429170304	5.744752970193531	0.0	0.0	
23.968080115478585	26.08161052989337	0.0	0.0	
11.361315363648536	13.530652624778533	0.0	0.0	
24.691090899262523	3.0667209903579504	0.0	0.0	
1.3374537984147743	17.417465357444335	0.0	0.0	
11.58826780163735	10.64746994571663	0.0	0.0	
12.898634730388409	26.86308313161522	0.0	0.0	
7.707646533665585	13.138209078690767	0.0	0.0	
5.849067233634894	7.784144079054908	0.0	0.0	
14.203185012004258	28.228763156202938	0.0	0.0	
13.702885204640818	11.439730469721383	0.0	0.0	
7.2414630335403665	0.9581919292742782	0.0	0.0	
24.047276848883175	10.172068765829746	0.0	0.0	
23.83858403020492	30.40609889863359	0.0	0.0	
28.70315214701373	12.88282300552623	0.0	0.0	
23.463363107267828	4.585724742767265	0.0	0.0	
31.550950427476106	20.57252097189461	0.0	0.0	
12.524130211938534	18.09549561230147	0.0	0.0	
20.285905317587943	22.256267242285055	0.0	0.0	
16.25500883712453	15.68499022836573	0.0	0.0	
12.490125748136162	17.15342875523502	0.0	0.0	
27.399181851193234	27.86132795223997	0.0	0.0	
13.01060020573511	15.564340002594683	0.0	0.0	
5.916776782473004	9.195348625098326	0.0	0.0	
8.996180854528603	28.330471781645027	0.0	0.0	
19.532126548143395	0.6115346225197236	0.0	0.0	
6.623353784549309	22.576802459577692	0.0	0.0	
7.3601641926078045	28.27190633670799	0.0	0.0	
14.987682073130017	10.846512950515397	0.0	0.0	
31.42823512083566	11.498319888718196	0.0	0.0	
12.948539708661745	29.362218967030053	0.0	0.0	
20.314041798402112	26.849821743180538	0.0	0.0	
12.215290194340241	24.764289713071978	0.0	0.0	
23.753151304484945	16.126490222942778	0.0	0.0	
18.516511599969643	3.7615100930062475	0.0	0.0	
0.5090431476824264	29.62152461625741	0.0	0.0	
29.650464093810207	19.850998105173787	0.0	0.0	
19.661270747229135	7.866840072410646	0.0	0.0	
3.30859232213016	0.6330192332802653	0.0	0.0	
20.485740430424695	27.285018942487103	0.0	0.0	
26.898026827795675	30.405869096887425	0.0	0.0	
10.54046523374728	13.664574580881894	0.0	0.0	
5.993628559171764	21.70633747691244	0.0	0.0	
10.080446366722573	29.832496555577016	0.0	0.0	
31.817654465725507	5.607251123241969	0.0	0.0	
13.94918730404089	1.783585063117794	0.0	0.0	
10.116281781749208	30.48146446851753	0.0	0.0	
15.72900968500139	10.680214088128164	0.0	0.0	
16.20558975935098	10.466480712669416	0.0	0.0	
19.718030054801694	23.287167262892062	0.0	0.0	
2.2546256846712787	16.769603503478365	0.0	0.0	
1.3885824482308138	15.735254184384367	0.0	0.0	
21.106121680778323	22.692118117584606	0.0	0.0	
5.368539435359708	6.628794585310931	0.0	0.0	
27.331127416571725	22.285513986359646	0.0	0.0	
22.269947050501933	27.349443849752817	0.0	0.0	
4.298106837151867	10.340083951921823	0.0	0.0	
7.336017468646961	20.347839842705497	0.0	0.0	
8.643950693394974	12.198303408909343	0.0	0.0	
18.488233068212	1.7714383440722408	0.0	0.0	
26.25081077160003	22.83799332446404	0.0	0.0	
9.388766124401858	18.98012765629173	0.0	0.0	
21.073311795268978	9.112991469933622	0.0	0.0	
15.62651209411868	0.9461492967487821	0.0	0.0	
21.063171286537994	2.7122295764660684	0.0	0.0	
7.383439064354018	13.195602671868283	0.0	0.0	
22.041554485134107	7.760873584783742	0.0	0.0	
20.84728209889842	21.297425645218944	0.0	0.0	
10.489786030769679	31.369238046848444	0.0	0.0	
24.02432489923085	31.765524451907325	0.0	0.0	
25.108066249039272	0.8824468642117651	0.0	0.0	
18.038143015007392	7.640401164444931	0.0	0.0	
12.61809374401658	22.715141473046536	0.0	0.0	
2.7945728311403997	8.013090046378863	0.0	0.0	
22.457233862327335	11.836500041981061	0.0	0.0	
28.094917278029023	5.444540588185816	0.0	0.0	
31.84658398838217	16.589882530324672	0.0	0.0	
27.99012247725314	26.525965844192438	0.0	0.0	
18.502664751098596	2.2147512907911313	0.0	0.0	
13.076094326853138	26.029349052329966	0.0	0.0	
7.247977818010934	0.5262258411156573	0.0	0.0	
4.751251336872855	30.09356067692664	0.0	0.0	
11.864177486365673	18.22302872425394	0.0	0.0	
11.066768405863051	15.679900263370648	0.0	0.0	
0.07972742696330215	10.376879407906682	0.0	0.0	
7.442415416757601	18.61504786362272	0.0	0.0	
16.145054793193655	5.668450321475618	0.0	0.0	
22.573074031057622	30.232137059624566	0.0	0.0	
2.1262886365614513	1.4290381576301066	0.0	0.0	
26.586372716018968	17.954040252536164	0.0	0.0	
24.887714551055893	14.341046830989566	0.0	0.0	
22.650800553351818	17.556333638908008	0.0	0.0	
19.328461563368915	6.514558741479565	0.0	0.0	
21.0997275556791	11.86413254566419	0.0	0.0	
7.897945611067033	29.471890998025103	0.0	0.0	
19.420102657789098	23.714921063754478	0.0	0.0	
25.908070207864974	4.703579869172337	0.0	0.0	
11.46203392028465	15.471238808824449	0.0	0.0	
29.19408216954009	18.148784359553524	0.0	0.0	
5.773803248886562	17.635653890668383	0.0	0.0	
16.833145791012132	21.050317733572737	0.0	0.0	
31.125290993219096	11.921066932683448	0.0	0.0	
29.75334301477129	5.873628325830154	0.0	0.0	
23.82072776455218	8.188867675378184	0.0	0.0	
27.409007702848267	8.25468224518458	0.0	0.0	
5.062122181033001	10.196187008805161	0.0	0.0	
28.24223949767856	29.18110888051949	0.0	0.0	
18.218111623381546	16.118335019527553	0.0	0.0	
12.898219902634981	18.80701314318736	0.0	0.0	
7.138487527774565	10.131405787166695	0.0	0.0	
7.428028974880203	12.828335703546589	0.0	0.0	
24.214604315053396	16.550122679448783	0.0	0.0	
4.533286595026901	7.233619364988893	0.0	0.0	
27.267820815912902	19.294119295992424	0.0	0.0	
10.325531004434126	7.351426612462337	0.0	0.0	
17.80063125549517	12.928718504713402	0.0	0.0	
13.45421418497643	4.300526976543303	0.0	0.0	
27.901306783047232	11.815633097923978	0.0	0.0	
27.26096699752946	22.188514842091518	0.0	0.0	
19.018169076404543	21.412053287747856	0.0	0.0	
1.7202503789309205	22.35097570165518	0.0	0.0	
8.218049114111246	8.353910276881397	0.0	0.0	
23.7187238816351	10.263972028453178	0.0	0.0	
25.98093622395606	20.836992374273247	0.0	0.0	
6.678641268813156	2.2826750933687663	0.0	0.0	
19.248494922762283	14.384527824383554	0.0	0.0	
13.432698493673865	24.229720598786	0.0	0.0	
5.545857408739057	16.583334074125236	0.0	0.0	
25.489696496798196	17.47324780854274	0.0	0.0	
15.141821299402238	1.8290504341212674	0.0	0.0	
10.77989887857635	30.853871507360246	0.0	0.0	
16.58417170177254	21.87957929799307	0.0	0.0	
5.475371107282477	25.52410450639514	0.0	0.0	
24.151557440436893	31.897082678970534	0.0	0.0	
31.564014776328793	14.72270544934689	0.0	0.0	
27.879670374978385	11.638294118149606	0.0	0.0	
27.15742609368806	7.008014937856817	0.0	0.0	
3.133108665525434	21.692594837921785	0.0	0.0	
21.86548997161435	0.6894704038709207	0.0	0.0	
28.798160184544294	22.18897309288243	0.0	0.0	
7.603082644277233	8.988704065111001	0.0	0.0	
11.261582470477208	4.87991303603307	0.0	0.0	
4.241300284068025	31.851978140925485	0.0	0.0	
20.23151454761387	10.65220505205382	0.0	0.0	
2.0308754732475727	17.337521996104968	0.0	0.0	
22.5330703691342	3.3985227680830405	0.0	0.0	
9.851682230276278	18.903150865557063	0.0	0.0	
28.674834127163173	21.952578975692894	0.0	0.0	
27.82791807101341	18.685452518808344	0.0	0.0	
23.639021349087027	8.69988710187808	0.0	0.0	
25.924193775258445	8.5746304005003	0.0	0.0	
25.75685511332128	9.22450001603741	0.0	0.0	
26.51189573347657	2.965852723959795	0.0	0.0	
15.38061974692014	5.513673335419362	0.0	0.0	
19.30212809657423	2.8073227247951955	0.0	0.0	
6.547420213894547	17.241294627462967	0.0	0.0	
17.296405454855318	20.828328257690636	0.0	0.0	
23.910030228063587	6.9095795391112205	0.0	0.0	
12.391424351635777	5.333857936253658	0.0	0.0	
31.61455951756139	9.507495595948253	0.0	0.0	
11.73420539613467	8.539202043350503	0.0	0.0	
24.592548649747833	15.00169442133824	0.0	0.0	
30.969911532856656	28.313215393616215	0.0	0.0	
18.062862040466946	30.36295663721857	0.0	0.0	
9.58429486827184	2.2289964528572384	0.0	0.0	
2.8386606481733416	16.480724970235702	0.0	0.0	
23.740980460814608	10.082335890252594	0.0	0.0	
0.5078890536719705	20.96556800818205	0.0	0.0	
14.277868715096648	23.6994499757613	0.0	0.0	
29.099002427168838	11.050550865212685	0.0	0.0	
20.202852392607692	22.622188732415616	0.0	0.0	
4.4101070225231	2.7056452538239064	0.0	0.0	
9.757990038234563	30.913409228805385	0.0	0.0	
28.444309492562017	18.889596955083782	0.0	0.0	
7.056864192645094	20.531915560988043	0.0	0.0	
18.959493071634085	14.975748344122163	0.0	0.0	
5.950613974032812	17.53362547799348	0.0	0.0	
4.606190361605723	28.636339055526584	0.0	0.0	
31.407492303389315	10.351532317043947	0.0	0.0	
26.813619760313877	7.999964232683652	0.0	0.0	
15.797640997874101	3.927683862006816	0.0	0.0	
28.464703095048996	15.05915268699085	0.0	0.0	
26.95817077128797	22.830422449615018	0.0	0.0	
19.686429886003143	13.183111528481955	0.0	0.0	
28.409162066800835	2.7973944294043314	0.0	0.0	
19.96444267916467	1.651079468239253	0.0	0.0	
10.849293113225862	26.479973461339195	0.0	0.0	
28.90776407626387	15.690004023985392	0.0	0.0	
10.408505528554048	24.423434994535477	0.0	0.0	
6.148485152648785	2.2633704920290647	0.0	0.0	
9.221482433412628	6.210395872037754	0.0	0.0	
23.863320015965122	12.435809714847693	0.0	0.0	
28.637846604356312	25.96748804996995	0.0	0.0	
12.922462898703934	3.7485566474250867	0.0	0.0	
10.936732987436088	9.273726206489119	0.0	0.0	
2.311972781469649	18.334551306580913	0.0	0.0	
24.212154532541	10.229217025009842	0.0	0.0	
13.779191848690083	5.872480644934701	0.0	0.0	
21.830537224588884	26.528562187017513	0.0	0.0	
4.638821799219034	10.407484847662563	0.0	0.0	
30.490472092725486	31.27213544726737	0.0	0.0	
14.985108441912654	6.227697705780745	0.0	0.0	
17.53069636010262	13.049932024409987	0.0	0.0	
25.35368471692546	2.8068802672445443	0.0	0.0	
8.36869127734574	16.238566245892045	0.0	0.0	
19.02944184507124	24.13221112609823	0.0	0.0	
8.53261311143164	2.2373806550061985	0.0	0.0	
1.3217218377492799	10.176955672677003	0.0	0.0	
26.446637105198512	19.19427959651807	0.0	0.0	
25.9769443512195	18.732920943026095	0.0	0.0	
20.405670286159893	28.108482765073603	0.0	0.0	
24.182315737111644	3.70313278233834	0.0	0.0	
6.626874109458825	15.707837771441213	0.0	0.0	
25.30892725614005	11.035071112972265	0.0	0.0	
18.01468169789536	31.407250847644452	0.0	0.0	
4.867230479175092	9.176740085459215	0.0	0.0	
12.695800222011368	20.119832455148558	0.0	0.0	
12.90728762560314	26.43131836725524	0.0	0.0	
0.17982556104774972	15.417772167022136	0.0	0.0	
21.85705465393387	2.986553514822244	0.0	0.0	
17.36768062047796	5.154900957800667	0.0	0.0	
14.313691535227946	22.115326529961873	0.0	0.0	
0.009109999613599484	7.991292544240395	0.0	0.0	
28.324375406486176	15.665179490303544	0.0	0.0	
25.28991204185903	23.4876062540513	0.0	0.0	
2.8317107579734575	19.50142085251418	0.0	0.0	
12.654287701078392	26.242984962733935	0.0	0.0	
1.3775382832995078	5.410025853980784	0.0	0.0	
23.962052860359652	28.709881023983495	0.0	0.0	
29.828526109037988	8.892834614639462	0.0	0.0	
16.274285529546493	16.399346480312772	0.0	0.0	
11.681151005417181	0.9497192708406459	0.0	0.0	
17.441492719666055	21.421552148539202	0.0	0.0	
19.90588455569142	24.07931191013357	0.0	0.0	
16.50888430654757	8.128428589712659	0.0	0.0	
7.171289351316386	1.4969021682526922	0.0	0.0	
28.487258152482873	24.341200448078936	0.0	0.0	
10.249540273532883	16.382021420069872	0.0	0.0	
26.884237740654175	17.506823786277135	0.0	0.0	
16.53387067182616	20.16284097723581	0.0	0.0	
14.536815549924736	25.482996400436186	0.0	0.0	
14.171902330558176	1.111992438682357	0.0	0.0	
27.251451561426137	18.138073481958774	0.0	0.0	
22.088896881154163	26.500102973313602	0.0	0.0	
29.131020435936488	10.341859569465363	0.0	0.0	
30.80627474149795	21.698148642704226	0.0	0.0	
27.66388999740755	29.166987839934773	0.0	0.0	
25.073471240715566	20.20426025171288	0.0	0.0	
14.150495965223715	25.60733333839678	0.0	0.0	
17.52373682919005	19.111732159675245	0.0	0.0	
2.8498941271752507	24.430872695343243	0.0	0.0	
21.68258605388748	23.046210095124767	0.0	0.0	
12.71333205960007	1.6268405611179695	0.0	0.0	
0.011354096131992009	13.381474638169777	0.0	0.0	
22.729225082239484	6.874880257405739	0.0	0.0	
26.071347518254026	17.204355364367753	0.0	0.0	
2.3109176796903235	16.930364339747783	0.0	0.0	
4.357247741183997	22.552624522106886	0.0	0.0	
9.854717988184731	3.8720593566814543	0.0	0.0	
11.74466551352306	25.694125488687288	0.0	0.0	
22.244562633213246	20.88205887094624	0.0	0.0	
1.3511129590274464	19.57093044240956	0.0	0.0	
18.53921308654672	23.90634892179842	0.0	0.0	
22.30802192506796	1.207844555504483	0.0	0.0	
3.8868875958388642	27.513973256056428	0.0	0.0	
24.27850757943983	5.729457123875683	0.0	0.0	
20.050131316716957	3.6274597144514225	0.0	0.0	
4.882057601585551	7.639951603659323	0.0	0.0	
10.784393607367672	26.077786204607666	0.0	0.0	
3.9016511556539157	19.571059468022902	0.0	0.0	
5.779621822857472	25.816122504398663	0.0	0.0	
26.02173475151652	1.169829106702018	0.0	0.0	
13.386383693045591	16.817183596381575	0.0	0.0	
30.63968951417698	13.625920165873392	0.0	0.0	
24.806442807779003	17.710390340305413	0.0	0.0	
17.609273764582877	17.713050000384186	0.0	0.0	
28.085812656220412	12.300050784522469	0.0	0.0	
30.90755099561826	19.221131414353383	0.0	0.0	
9.547743167243627	10.92734873688152	0.0	0.0	
30.139753698717673	29.56971156858152	0.0	0.0	
20.305498229698127	3.519535798528203	0.0	0.0	
13.585246793635282	25.370533694983497	0.0	0.0	
23.518310894077956	2.6542390379891607	0.0	0.0	
19.796795743866344	24.659199550111808	0.0	0.0	
30.804832423399773	3.6043486719822084	0.0	0.0	
7.01577063201637	21.97587632334972	0.0	0.0	
5.367100761913271	14.798779652875364	0.0	0.0	
17.780376879007168	13.53033135623798	0.0	0.0	
27.943588694678926	17.68697494005261	0.0	0.0	
12.42874004834767	3.024158463334871	0.0	0.0	
29.811939475546044	12.751067688897532	0.0	0.0	
2.8386521467122883	24.40505333156329	0.0	0.0	
16.43528555346466	21.012334777372516	0.0	0.0	
30.478495370504874	30.411625726887436	0.0	0.0	
28.178322185127705	13.805179413890198	0.0	0.0	
31.03827061698851	0.9896913273929009	0.0	0.0	
4.357722511798453	20.121694722621523	0.0	0.0	
30.24165502173574	31.34953156895794	0.0	0.0	
20.820223497140272	24.673454434534925	0.0	0.0	
29.30650133723595	20.19212043759741	0.0	0.0	
17.43022711835411	11.720714435309507	0.0	0.0	
26.73467204600758	26.124297707904898	0.0	0.0	
29.51070053111422	25.918496779328233	0.0	0.0	
20.18691411725278	14.153493184579542	0.0	0.0	
24.473394483130697	17.009024234998883	0.0	0.0	
18.789325859703293	23.873785508967888	0.0	0.0	
22.48429556023365	13.478845783687117	0.0	0.0	
11.572424176689168	21.100480519996466	0.0	0.0	
16.275430005528403	7.554899381640222	0.0	0.0	
17.49603143030396	27.407271643995475	0.0	0.0	
25.803762778126245	11.827945737263075	0.0	0.0	
15.041721386054437	19.13384047635103	0.0	0.0	
27.99987010344474	7.2432586268005	0.0	0.0	
28.866662602809296	30.58232954618883	0.0	0.0	
26.14631153254036	25.260231026558618	0.0	0.0	
27.550563946012456	0.471542321262433	0.0	0.0	
11.18854506334321	21.510976973319153	0.0	0.0	
28.655045818155227	30.159666046029812	0.0	0.0	
24.00216352118979	20.070324040306378	0.0	0.0	
22.400788284742898	0.7954004040476974	0.0	0.0	
6.171754894731567	22.38345216090008	0.0	0.0	
20.13719268878372	19.400026669891226	0.0	0.0	
17.594394015031124	14.920669628488806	0.0	0.0	
9.412834205018168	31.189061323536308	0.0	0.0	
0.7158413480634209	27.009610019377998	0.0	0.0	
29.733303918568655	6.781170000738193	0.0	0.0	
3.045023128848417	25.584131916779526	0.0	0.0	
8.516205081060896	28.22514427780838	0.0	0.0	
20.425246819990928	7.527142422825815	0.0	0.0	
30.634499304755273	5.775549346568418	0.0	0.0	
30.97098983107249	5.385701313824455	0.0	0.0	
15.636524574340484	26.486950959557674	0.0	0.0	
21.701901802448226	12.797670856824912	0.0	0.0	
9.076559514045314	11.939224159776153	0.0	0.0	
26.730167725294603	26.71297664941817	0.0	0.0	
31.24937775182809	25.36210623526881	0.0	0.0	
21.354707805515716	21.422939420857112	0.0	0.0	
21.39851536798226	17.864276062284624	0.0	0.0	
0.8920409784776986	27.359399006031865	0.0	0.0	
5.09179040352322	10.583542981895228	0.0	0.0	
31.506359542254412	3.524769054951257	0.0	0.0	
13.787261377118195	4.093184146751945	0.0	0.0	
5.942687707676431	7.404734017179308	0.0	0.0	
4.771271656608555	8.28571384769543	0.0	0.0	
29.25247006873507	2.2026000204069973	0.0	0.0	
10.341071201654845	19.59387494601398	0.0	0.0	
26.176704266631877	9.211959521182493	0.0	0.0	
7.100534106658532	31.482250101105436	0.0	0.0	
21.122706882941934	7.686402299584504	0.0	0.0	
28.827883968301034	19.15128163918069	0.0	0.0	
21.830827078639352	31.352696118119198	0.0	0.0	
3.3741198341518945	22.791971327843854	0.0	0.0	
15.810434674789217	14.085504094317663	0.0	0.0	
4.555547687571622	10.559480510516664	0.0	0.0	
2.137801049497785	9.339910002157097	0.0	0.0	
30.44510208683557	3.718256854935067	0.0	0.0	
3.4826683353047123	14.941558407038702	0.0	0.0	
18.382351301103785	10.668928297888293	0.0	0.0	
4.328853483514102	25.540661212897405	0.0	0.0	
24.26955740805277	5.632726144971063	0.0	0.0	
20.91185874859472	5.398628610948524	0.0	0.0	
10.65122685604781	13.128033809510576	0.0	0.0	
25.6019659319384	8.644091404216201	0.0	0.0	
2.8962938671677243	3.647716855503351	0.0	0.0	
15.436445786333522	14.372261603835913	0.0	0.0	
19.36599476372116	9.797459274924872	0.0	0.0	
1.7496971555512282	9.649623543468639	0.0	0.0	
25.033003513468998	17.389805922586095	0.0	0.0	
16.153420709879573	3.587518126609183	0.0	0.0	
13.498479898311974	27.283378788654396	0.0	0.0	
22.843856429791863	13.335752202078108	0.0	0.0	
3.0607202590182183	25.168896954273134	0.0	0.0	
11.925479058940521	5.836810479451266	0.0	0.0	
24.01348220303244	18.287600063807737	0.0	0.0	
6.379324345223939	9.135872625592668	0.0	0.0	
10.736589756803141	30.85123411573817	0.0	0.0	
23.094610157096387	27.868300120440917	0.0	0.0	
29.386182831984073	9.27323571025996	0.0	0.0	
8.200657553839303	30.317110825924583	0.0	0.0	
6.093748191234692	13.088182749590114	0.0	0.0	
4.722543500726196	26.112143077870446	0.0	0.0	
23.522710322972618	8.83529268318291	0.0	0.0	
30.494068687760723	22.56696905439661	0.0	0.0	
3.032968239120617	11.209728392002809	0.0	0.0	
5.421225275794889	2.7872978928423677	0.0	0.0	
23.039068146305684	12.541283735072081	0.0	0.0	
10.843973275079584	9.180522184149826	0.0	0.0	
18.611350749848256	5.290560551606063	0.0	0.0	
10.511395569069435	8.062656513823683	0.0	0.0	
30.411028057087737	7.340003211465849	0.0	0.0	
4.8001392466783415	11.316484069884432	0.0	0.0	
19.48958583827475	29.811323672481226	0.0	0.0	
18.862251630687513	1.292059120765952	0.0	0.0	
28.113102734177712	7.000072309002562	0.0	0.0	
3.7826969119590927	0.9966581293619434	0.0	0.0	
17.566574824625008	9.20687180867122	0.0	0.0	
10.321557497271368	31.644324403383482	0.0	0.0	
7.531057196083957	29.59830578815561	0.0	0.0	
15.094383010874896	15.326730004275369	0.0	0.0	
4.675521840178522	8.37474177789884	0.0	0.0	
31.13997660309243	13.103334467431718	0.0	0.0	
6.022646290283841	2.6812865818451	0.0	0.0	
24.822828276669373	20.11906733474111	0.0	0.0	
17.9460874955679	15.496134667214633	0.0	0.0	
12.071949128495856	16.469055925029313	0.0	0.0	
0.7180418926328542	7.278153274127597	0.0	0.0	
26.670665872514995	8.542878717487465	0.0	0.0	
6.914887702894855	6.473985804043828	0.0	0.0	
25.5376571247311	0.3590579145224524	0.0	0.0	
20.728673254956053	27.28950294051362	0.0	0.0	
30.560682260300684	22.292161320918673	0.0	0.0	
16.98165359187594	1.2581217018662016	0.0	0.0	
21.381191558022177	2.371559284014218	0.0	0.0	
23.99546324160501	26.509744529195025	0.0	0.0	
3.2157463000496804	11.069832637916342	0.0	0.0	
18.696140707555802	26.345095561780987	0.0	0.0	
2.0993903191316505	27.16883840255909	0.0	0.0	
4.368398643116755	2.2031240278700537	0.0	0.0	
8.999838019153483	19.378529120885673	0.0	0.0	
15.073465833258439	8.62707791352971	0.0	0.0	
16.990419722963804	22.152265280554744	0.0	0.0	
27.55082351885841	19.733119433648447	0.0	0.0	
26.794690697092	31.08919722524934	0.0	0.0	
4.009408975698726	15.244467175591634	0.0	0.0	
13.070260157444533	26.92591997190835	0.0	0.0	
25.530433543924296	31.686824307239267	0.0	0.0	
27.437981491134273	9.274377583290285	0.0	0.0	
8.665495583762336	16.310049035691495	0.0	0.0	
10.69580227436407	27.39230214440355	0.0	0.0	
6.583247268200246	7.60982019443043	0.0	0.0	
14.58728421586948	12.199771586766524	0.0	0.0	
12.872640621820906	4.313370398705942	0.0	0.0	
25.119455718423364	21.565652113138302	0.0	0.0	
23.143252720920916	5.231648637953771	0.0	0.0	
1.626026933797462	14.200268131027617	0.0	0.0	
18.85697569955142	15.233765604506832	0.0	0.0	
1.1626602291769963	21.334206511780998	0.0	0.0	
22.09646698507345	10.615387869326248	0.0	0.0	
29.431107535635668	21.735835782101898	0.0	0.0	
29.125044127135634	9.571658337213226	0.0	0.0	
3.8191608084131303	21.299821954317153	0.0	0.0	
30.61457857976836	18.051621398273905	0.0	0.0	
16.076338120146062	2.133849293412112	0.0	0.0	
5.31594745479082	1.6723815400923279	0.0	0.0	
22.82009623849414	30.785629207104513	0.0	0.0	
17.535432800413133	29.532308751669223	0.0	0.0	
9.850786698503054	11.773675032548404	0.0	0.0	
24.451386688647943	20.889358728724744	0.0	0.0	
16.375818546229073	3.6071279378288104	0.0	0.0	
29.451711532051043	22.669124019631084	0.0	0.0	
24.24876425949494	26.71851951566782	0.0	0.0	
9.093701209408856	1.9268709638437862	0.0	0.0	
3.5852061927378394	18.801736954999942	0.0	0.0	
23.236395421743417	23.870991572498706	0.0	0.0	
17.09967910288699	28.47284196117932	0.0	0.0	
24.8090145611796	5.344129805562634	0.0	0.0	
21.99757234487491	3.0636991059227405	0.0	0.0	
12.393181646131286	26.49930571494755	0.0	0.0	
6.606097350604944	15.211701860813442	0.0	0.0	
13.9357215341403	3.2615750526638614	0.0	0.0	
17.40557622509955	4.506238521736147	0.0	0.0	
30.864565041834467	0.7870461349895841	0.0	0.0	
23.031183700814818	10.46299709986587	0.0	0.0	
30.657929611582045	0.6522845551608718	0.0	0.0	
7.560908224613556	7.172619983691099	0.0	0.0	
12.876515304109173	9.620942485566957	0.0	0.0	
20.10127209786353	30.329585968324285	0.0	0.0	
17.064531470356375	30.79166258058232	0.0	0.0	
12.401596140600311	28.546221091708357	0.0	0.0	
18.95112306671544	22.164827592939787	0.0	0.0	
9.55416656896097	2.1964225029901137	0.0	0.0	
29.25150230908781	7.890530352443559	0.0	0.0	
1.528411229249457	31.903628567112758	0.0	0.0	
2.8962511340926653	13.050454284029222	0.0	0.0	
4.679795815423272	22.37194572265809	0.0	0.0	
27.556523500309012	27.528666305592672	0.0	0.0	
9.995355831446847	22.597672886550143	0.0	0.0	
7.35004517002071	20.29383576491315	0.0	0.0	
28.747049679907267	22.327439337040772	0.0	0.0	
29.356079970500794	14.1525452927001	0.0	0.0	
10.578123353706445	8.907486668123422	0.0	0.0	
21.82551725811959	25.91610968535963	0.0	0.0	
11.953690537639535	1.67226550762593	0.0	0.0	
21.814958607338777	26.235811602881	0.0	0.0	
19.184607134969877	1.2091944581522043	0.0	0.0	
26.408712276586783	30.674607008704093	0.0	0.0	
2.2747058324194924	23.781262255846176	0.0	0.0	
3.4726122751876467	22.373320189351464	0.0	0.0	
10.410643538195437	14.827325966051738	0.0	0.0	
22.5446780281215	4.391379297261047	0.0	0.0	
2.7072065981073052	16.406479797471583	0.0	0.0	
23.21619824187868	31.640353098309863	0.0	0.0	
2.845089591907726	4.297653405756364	0.0	0.0	
21.178902818433993	13.152125924878181	0.0	0.0	
5.0951727348121025	15.098424922867071	0.0	0.0	
28.464967536755317	2.756749571847106	0.0	0.0	
4.078181724256233	2.357335135266716	0.0	0.0	
11.131041653334492	12.704096587854501	0.0	0.0	
4.736751992482212	9.209088607803281	0.0	0.0	
2.2572119920671945	4.099180843135571	0.0	0.0	
4.052941628168881	1.0175716941751745	0.0	0.0	
19.654661446856565	23.219040232696507	0.0	0.0	
17.593877726436187	11.521096883550076	0.0	0.0	
14.868607500510418	23.000394207689308	0.0	0.0	
27.501008060593133	14.442627847422742	0.0	0.0	
14.43782803738572	6.812554756530261	0.0	0.0	
22.753764183550203	14.234473213181229	0.0	0.0	
6.592967357294754	11.615334547459895	0.0	0.0	
13.457854643767632	14.720619127638528	0.0	0.0	
31.257880860585225	5.572217500228888	0.0	0.0	
2.3581459109074103	1.3297659978000524	0.0	0.0	
16.887643922066168	0.7989810956934775	0.0	0.0	
24.851570368838704	0.5563967302785784	0.0	0.0	
3.26365257660024	12.176846328343718	0.0	0.0	
22.263673218729895	19.592913325490784	0.0	0.0	
12.696799869867188	24.514235397195986	0.0	0.0	
8.403372361243473	17.827054427991147	0.0	0.0	
9.587745601304821	1.8779214737547214	0.0	0.0	
3.668263410241007	3.375074933491703	0.0	0.0	
12.192728472182242	2.182866758129105	0.0	0.0	
4.777772172099496	22.383751732462656	0.0	0.0	
0.021799148928227652	27.93505683863137	0.0	0.0	
15.260403368394705	0.8415332307191115	0.0	0.0	
3.621607457235836	6.115604802455923	0.0	0.0	
18.674802897921783	26.040789626632257	0.0	0.0	
2.225751122734742	8.49452976812304	0.0	0.0	
31.949854681175417	12.421528017075936	0.0	0.0	
25.1754698918135	22.60320996562736	0.0	0.0	
16.471130434397384	3.245049309346502	0.0	0.0	
30.00515983874611	27.495220629936536	0.0	0.0	
24.961161874687313	3.8406750121222757	0.0	0.0	
2.1043144604231507	8.71433822324179	0.0	0.0	
28.051268315800307	30.7327116564579	0.0	0.0	
5.7707727519630225	25.99795008239959	0.0	0.0	
6.413036153878089	24.15947824047372	0.0	0.0	
4.68203141857251	28.919758394265187	0.0	0.0	
6.806479179220847	5.429381976664555	0.0	0.0	
2.940065886956315	31.072249484144024	0.0	0.0	
18.300983622679663	17.85403314078907	0.0	0.0	
7.476123258323092	10.937999031270277	0.0	0.0	
7.644301178179191	12.81304520273951	0.0	0.0	
12.170262720037105	11.56441334171243	0.0	0.0	
21.034697780661876	4.786403086439126	0.0	0.0	
2.310777367819469	27.860676745603108	0.0	0.0	
4.504738746335779	31.47451278256386	0.0	0.0	
31.530878091740366	23.0282789822447	0.0	0.0	
31.95955372994523	24.56437052897503	0.0	0.0	
22.56322942718372	29.574489777694406	0.0	0.0	
4.623657602380689	29.8919686708455	0.0	0.0	
19.779051609671786	24.85590477277358	0.0	0.0	
30.51041872549751	21.447029507746134	0.0	0.0	
9.631884076777126	22.79584075445772	0.0	0.0	
8.93386304985287	23.592705194106074	0.0	0.0	
1.6678793759013608	24.699210725962985	0.0	0.0	
23.063197931930592	25.18841580756065	0.0	0.0	
6.3197600592707275	19.937167561968433	0.0	0.0	
5.204973121676964	23.794012672224635	0.0	0.0	
12.41234782931581	2.163869938301378	0.0	0.0	
25.30044708958231	26.418994972959137	0.0	0.0	
27.99827503920706	16.533954338328506	0.0	0.0	
26.147925849966597	13.939177966018814	0.0	0.0	
21.83293443924304	15.0861275571736	0.0	0.0	
24.08096484763722	26.430372148320163	0.0	0.0	
1.4163148862824642	7.467473937732464	0.0	0.0	
8.664238676504937	16.955380368926924	0.0	0.0	
29.992234863607404	20.81549514724855	0.0	0.0	
19.64551901465439	10.918005571983041	0.0	0.0	
17.139992731543483	31.34779493543201	0.0	0.0	
4.3037345200820525	8.705607152935752	0.0	0.0	
13.930153556073666	20.04909126334416	0.0	0.0	
14.415703948730652	29.338680640741906	0.0	0.0	
29.50631016988451	24.442524285825062	0.0	0.0	
8.244421223627064	16.28646077453646	0.0	0.0	
20.25281083884922	27.045442063381888	0.0	0.0	
27.016937954317168	13.5344856764359	0.0	0.0	
27.882974489439654	29.041805024348026	0.0	0.0	
27.208344758845875	29.93370507969542	0.0	0.0	
1.7027620391503682	12.305190117301898	0.0	0.0	
17.2191128800688	22.982015523205742	0.0	0.0	
9.01931577152082	4.036264862832841	0.0	0.0	
22.111548903879747	9.693672789526783	0.0	0.0	
28.070392230717726	28.960530699983213	0.0	0.0	
14.092204520718326	11.73861207608633	0.0	0.0	
11.630175450439268	8.750693521981145	0.0	0.0	
13.910342269481436	12.287929281484061	0.0	0.0	
0.12495273996922052	7.401384592486917	0.0	0.0	
16.46892066419515	28.28772490981598	0.0	0.0	
21.31820582915507	29.31139523242964	0.0	0.0	
6.580425155205237	3.7519545390817086	0.0	0.0	
15.371440220470198	28.1898835198448	0.0	0.0	
13.604332455820057	22.566705368085366	0.0	0.0	
12.585117365176028	30.016369684258958	0.0	0.0	
23.4071487171116	16.85447556521303	0.0	0.0	
27.298568584359945	16.72458795631279	0.0	0.0	
24.42896657498024	5.432212831169188	0.0	0.0	
28.913418371953075	13.229924155187078	0.0	0.0	
16.982463199181513	27.949988472198104	0.0	0.0	
30.057498801335143	0.6344276997408187	0.0	0.0	
8.287749328379714	18.14418107726997	0.0	0.0	
23.11307283409339	2.9351179328472305	0.0	0.0	
20.51012562004999	26.41322118066291	0.0	0.0	
6.183790410126402	10.149690319933068	0.0	0.0	
13.264811917363591	20.5238801894961	0.0	0.0	
0.12704061735772143	16.538567372914176	0.0	0.0	
7.206103695203275	26.433454544007475	0.0	0.0	
8.748078976215186	31.60977859152311	0.0	0.0	
1.0493671120428658	6.3783194976724005	0.0	0.0	
13.134991560642842	16.116413308608617	0.0	0.0	
3.3985825622698336	23.497791486144965	0.0	0.0	
16.82043709257894	24.557053990697725	0.0	0.0	
23.31297648162785	19.10441435808636	0.0	0.0	
11.193595985645228	25.248145969197026	0.0	0.0	
29.440232363348866	27.664583203930572	0.0	0.0	
4.487996239764172	16.841869397110273	0.0	0.0	
31.771910713797833	7.565736583992464	0.0	0.0	
6.036004207744021	30.964675092662244	0.0	0.0	
25.175224718639836	29.788795033067956	0.0	0.0	
1.3864063679393261	22.475814745578163	0.0	0.0	
3.9444418523023437	30.287113851628074	0.0	0.0	
24.42092550168029	5.983659034925932	0.0	0.0	
26.572562855008393	12.609039069566347	0.0	0.0	
25.516031814779485	31.23926191675941	0.0	0.0	
4.345413179293352	10.666070047742984	0.0	0.0	
4.083105456838659	2.717204752099665	0.0	0.0	
0.9398405201432318	3.1196176514007234	0.0	0.0	
5.800995723276486	10.868464834370027	0.0	0.0	
26.950460063828952	7.9934660601923575	0.0	0.0	
7.071823020357122	14.919271297913127	0.0	0.0	
10.623011281612566	14.76854640689746	0.0	0.0	
26.28358099098506	17.584793603071052	0.0	0.0	
6.618369122129629	3.3470489290694587	0.0	0.0	
16.62275623176964	16.748908237170518	0.0	0.0	
21.16653838497933	27.35091765281304	0.0	0.0	
18.46395857527773	6.027823910442873	0.0	0.0	
18.455472397481188	30.895068184548183	0.0	0.0	
31.596889537029455	6.850496884942327	0.0	0.0	
8.821418668749441	4.448569608169471	0.0	0.0	
1.5352562869094228	22.989852564933727	0.0	0.0	
10.93650809004227	2.7374346205703333	0.0	0.0	
4.460747209117908	0.6382094804435638	0.0	0.0	
6.5046042030392925	8.753030153377122	0.0	0.0	
17.389316826363785	25.820115150976623	0.0	0.0	
28.154669885699803	13.001625956810063	0.0	0.0	
5.529177100326908	11.010777231482312	0.0	0.0	
9.50298925005561	6.1672969017205155	0.0	0.0	
9.162289255144302	8.178618385952682	0.0	0.0	
26.320682118239734	0.48468670494882105	0.0	0.0	
3.7901726123483	11.394748516385675	0.0	0.0	
5.2876672505241515	5.5910874693876735	0.0	0.0	
31.62950998177126	7.9848807384488865	0.0	0.0	
20.638648640133344	22.466453630703818	0.0	0.0	
7.464875122774654	27.7223802746601	0.0	0.0	
29.36937555678796	26.788520211308647	0.0	0.0	
10.358957954400775	13.700134324990795	0.0	0.0	
16.76453941024881	15.484016813888388	0.0	0.0	
5.5058057935147815	17.46622051225291	0.0	0.0	
18.765655067650393	9.880380360606555	0.0	0.0	
17.101021319460784	9.851712102953648	0.0	0.0	
15.594596078858046	13.03780939652896	0.0	0.0	
31.235731372549008	6.944948953007064	0.0	0.0	
27.471292301422128	9.486799934221196	0.0	0.0	
22.40830226613636	20.580578780507967	0.0	0.0	
20.79984264944036	12.272135937179804	0.0	0.0	
19.61793346193551	16.362386939035225	0.0	0.0	
21.297421530188508	24.349992982948553	0.0	0.0	
0.6529039022978935	30.180766371222056	0.0	0.0	
23.545440902048348	31.39163695589093	0.0	0.0	
3.8939907388068455	10.495956995608058	0.0	0.0	
15.464140766757609	16.159285702723896	0.0	0.0	
17.89935784643274	12.065683296599445	0.0	0.0	
2.7658995731174123	0.8938798648547603	0.0	0.0	
14.964321354429362	31.936786503657594	0.0	0.0	
2.318092040083929	2.3153716386186467	0.0	0.0	
6.2762273481915045	20.126383973385995	0.0	0.0	
11.391913825303394	28.9970333715503	0.0	0.0	
15.463674543597826	7.567393222056207	0.0	0.0	
27.16954703213078	23.763574414794544	0.0	0.0	
23.16971202470113	28.795517749010276	0.0	0.0	
12.676967875964387	26.110466823672798	0.0	0.0	
0.8816303714133369	2.3891497004180913	0.0	0.0	
16.576244074947653	8.65094194680638	0.0	0.0	
29.68937108136639	29.11717209529592	0.0	0.0	
0.7456989853857685	22.599295098646643	0.0	0.0	
7.932900664597405	13.132502526501376	0.0	0.0	
0.29641598776514755	0.4186543871690951	0.0	0.0	
26.27117328034424	19.811826125740776	0.0	0.0	
18.844959850767317	8.178242145603267	0.0	0.0	
27.10121361564299	13.729813968182626	0.0	0.0	
18.963300515987548	26.60677908025877	0.0	0.0	
3.071680930613155	1.284057171224898	0.0	0.0	
19.380228441974097	18.296631505828543	0.0	0.0	
18.001019216436145	17.465018780129846	0.0	0.0	
20.16822057330111	25.468071512536042	0.0	0.0	
9.478877011293374	21.863183756628374	0.0	0.0	
30.067157039565807	17.614391730218607	0.0	0.0	
2.141452798289407	28.971831016745718	0.0	0.0	
28.149048751788808	14.236331222967802	0.0	0.0	
3.0846449049637137	25.804353640206138	0.0	0.0	
14.892507026088293	30.609168428542105	0.0	0.0	
11.116823753573737	22.455707873219566	0.0	0.0	
7.669758714707502	5.702584374334332	0.0	0.0	
31.679430412311568	18.40106561879075	0.0	0.0	
7.516736140672947	12.22475238052288	0.0	0.0	
13.172078221620378	7.028341391308391	0.0	0.0	
31.494537826615577	25.406894609315945	0.0	0.0	
20.826096013411192	10.1505484718881	0.0	0.0	
31.644397431019726	19.68927042352604	0.0	0.0	
13.523528252654547	2.097577767735821	0.0	0.0	
6.401151124763203	11.038788940001773	0.0	0.0	
17.695097218085397	0.8351876443593547	0.0	0.0	
18.92153749699327	11.102766711972937	0.0	0.0	
5.38201571762033	21.785431024629688	0.0	0.0	
17.42403731283787	0.22553541295719626	0.0	0.0	
22.467135667159578	13.61699886710089	0.0	0.0	
5.6913412519434665	10.806333683618941	0.0	0.0	
10.781427880411695	8.604399738501513	0.0	0.0	
3.3779004647696524	27.387073973551082	0.0	0.0	
14.170750591032508	27.547289748919393	0.0	0.0	
11.49191684863979	31.649185069053313	0.0	0.0	
12.625372557398943	17.72394886687146	0.0	0.0	
27.531194217436735	0.8377296580385121	0.0	0.0	
26.28553585097159	29.771793467719803	0.0	0.0	
3.6419955174469116	5.85093453048318	0.0	0.0	
24.839302651139793	26.984521926994606	0.0	0.0	
31.854816984293475	14.068252732357148	0.0	0.0	
6.895505976760788	11.92651987804722	0.0	0.0	
12.641708205076963	17.416233397617773	0.0	0.0	
23.706792627743816	23.70819802833664	0.0	0.0	
18.874258999671603	7.678932608458741	0.0	0.0	
19.42202530972383	28.51133242995715	0.0	0.0	
15.786187075093654	22.33701037077117	0.0	0.0	
7.136028298429675	17.925295994744527	0.0	0.0	
7.9548812094494	6.4053574005456895	0.0	0.0	
12.629577394695215	2.5608073653062426	0.0	0.0	
5.011583459933785	10.812851456958676	0.0	0.0	
28.846387957530148	29.300122999128032	0.0	0.0	
20.388032532708237	27.137721228859114	0.0	0.0	
31.523449158911287	4.411737450719045	0.0	0.0	
19.151119443541926	28.12145860680441	0.0	0.0	
10.341185496429574	5.083099970159601	0.0	0.0	
18.02130464846378	10.951106509482486	0.0	0.0	
6.117072370491918	8.038728814299397	0.0	0.0	
19.781424616732995	20.821536602267507	0.0	0.0	
2.876680773823974	19.143993421693906	0.0	0.0	
16.302488025624005	21.603126487403053	0.0	0.0	
0.7854844833068277	20.06828799707113	0.0	0.0	
26.721304449258994	2.0709281902135075	0.0	0.0	
30.363983289060585	13.414149162070455	0.0	0.0	
4.729359726731751	31.218070121410758	0.0	0.0	
2.5018917334890602	4.819180211492512	0.0	0.0	
17.246441965819276	15.592266890913471	0.0	0.0	
2.0827160998706553	6.421419983361272	0.0	0.0	
5.956471749740327	31.616139905364125	0.0	0.0	
0.8679145188354909	22.397602349132967	0.0	0.0	
7.749114369002498	26.43130531660357	0.0	0.0	
29.00636566525971	19.697125380318774	0.0	0.0	
13.169875400633686	18.188644290613937	0.0	0.0	
29.438223999038993	22.233618265181526	0.0	0.0	
17.83300514389569	18.245811707919465	0.0	0.0	
9.551531243715505	12.634569216118841	0.0	0.0	
17.04557353618771	30.432951932487274	0.0	0.0	
5.936963183932768	16.149916497090484	0.0	0.0	
4.740826734480006	10.804879705557624	0.0	0.0	
24.305870141029004	7.3299200721442865	0.0	0.0	
23.69478782250128	24.290839778538494	0.0	0.0	
28.675953090076302	15.10406128782672	0.0	0.0	
25.281348968048825	25.659363248033877	0.0	0.0	
13.035530952842791	11.258411019958874	0.0	0.0	
27.966502980440517	23.640175736338662	0.0	0.0	
23.419665504226984	17.615042348013237	0.0	0.0	
27.951054103201848	0.3823296371338216	0.0	0.0	
12.081169514791068	2.7642103524811503	0.0	0.0	
13.714287995525648	24.00069866693062	0.0	0.0	
28.657265268855593	5.686510212331921	0.0	0.0	
31.60953017410849	0.042526597766379126	0.0	0.0	
18.159057303944195	10.432254937799627	0.0	0.0	
20.949740675084954	11.73740867931237	0.0	0.0	
15.510946373035921	24.928249084612037	0.0	0.0	
10.198018653223127	28.98377826567688	0.0	0.0	
17.402180636807696	22.682138095812373	0.0	0.0	
27.0881333792748	4.101859485800222	0.0	0.0	
9.449395310474614	5.024284549814226	0.0	0.0	
26.55187418827795	23.27304630851053	0.0	0.0	
23.94364572622501	31.761545201924612	0.0	0.0	
21.365064107581947	3.1912895134697123	0.0	0.0	
27.44031926178995	10.952704406560692	0.0	0.0	
10.010661196487717	15.03507761175397	0.0	0.0	
15.93093320215879	11.929633914224208	0.0	0.0	
26.084954000198053	10.010697584050732	0.0	0.0	
10.218954510514408	2.57406300185961	0.0	0.0	
18.243362647136408	21.986341961175707	0.0	0.0	
