2
32.0	0.0	0.0	0.0	
0.0	32.0	0.0	0.0	
9.541676413557141	5.2577685950301785	0.0	0.0	
12.356653664471143	28.741115261550366	0.0	0.0	
4.927117421642311	22.242511116164682	0.0	0.0	
5.564734310464182	6.514144076013697	0.0	0.0	
23.33997809293874	11.028545224754573	0.0	0.0	
24.75756678511883	30.459895856702666	0.0	0.0	
1.258496337051131	16.151384110278013	0.0	0.0	
19.92510485243935	5.548916599096781	0.0	0.0	
1.1870012626889732	18.514402000415426	0.0	0.0	
16.079456820686204	7.849881051642118	0.0	0.0	
6.269739110096854	17.059057006420783	0.0	0.0	
11.44031588335556	6.77994678691633	0.0	0.0	
12.90637134348491	4.693833370081901	0.0	0.0	
20.720412870117208	25.362560468229177	0.0	0.0	
13.965846032513092	16.56425971210078	0.0	0.0	
2.824867169465392	22.10124906558012	0.0	0.0	
23.70648949543332	13.795645203294647	0.0	0.0	
29.685537991818997	30.44280711473513	0.0	0.0	
27.365474849223077	4.155986282563866	0.0	0.0	
6.394421580565503	7.179359350924084	0.0	0.0	
25.718287271230174	4.11060789948921	0.0	0.0	
18.12074376837519	5.015929319565981	0.0	0.0	
14.863016070009884	18.983673011744425	0.0	0.0	
27.438186110680657	6.680148303356084	0.0	0.0	
14.07792561869472	0.502684257424189	0.0	0.0	
26.60436304494561	6.032687290976455	0.0	0.0	
14.6661605308969	25.01738702654014	0.0	0.0	
6.815522124306664	28.8637728978262	0.0	0.0	
31.22910847251953	31.468234306231263	0.0	0.0	
12.688194703415974	6.98126446708201	0.0	0.0	
17.830346946815748	19.219820522004557	0.0	0.0	
28.12105486482754	12.151720104291329	0.0	0.0	
11.912736936144729	11.712737682405262	0.0	0.0	
14.434029921484292	18.504805659092767	0.0	0.0	
10.49366695443323	9.96727305284325	0.0	0.0	
18.104228443175543	23.779421658120555	0.0	0.0	
26.33189867239925	13.820704684642994	0.0	0.0	
9.07430029992285	29.985715347691034	0.0	0.0	
9.390208412539053	19.008906960737512	0.0	0.0	
12.001522259453612	20.685012479975786	0.0	0.0	
29.657859905071362	0.31994646251328973	0.0	0.0	
22.421265092882425	9.655707296756596	0.0	0.0	
0.6213015475491304	23.90009640097168	0.0	0.0	
14.888821815819313	4.6936804454587175	0.0	0.0	
1.5968891242749166	19.4166010475001	0.0	0.0	
25.755385987324416	8.309696067528353	0.0	0.0	
19.37598695819173	11.500956138190173	0.0	0.0	
22.044778865072125	14.21621157484935	0.0	0.0	
7.914576393175221	0.11546670704198192	0.0	0.0	
18.606215105055334	11.428008760419232	0.0	0.0	
8.260396139770538	20.562648206477583	0.0	0.0	
8.632508868522699	5.172840224380607	0.0	0.0	
17.428975380202242	26.488177932505273	0.0	0.0	
7.8562964130849515	5.282346013478069	0.0	0.0	
1.6993447130751882	0.328002722404225	0.0	0.0	
15.52630622553638	24.67370395793157	0.0	0.0	
28.7345745153501	17.7109656785186	0.0	0.0	
0.789282022641629	4.241070087352387	0.0	0.0	
3.2059335642320193	31.594293608676253	0.0	0.0	
10.647365648199177	1.4918029140152242	0.0	0.0	
8.166992469481656	31.846741730745432	0.0	0.0	
0.27478023845941024	28.089231729179804	0.0	0.0	
2.0431630400636074	13.456263873520879	0.0	0.0	
21.02096926018974	8.155071457203892	0.0	0.0	
9.860432618696052	22.631555396688032	0.0	0.0	
31.99323049141996	14.260565666669482	0.0	0.0	
7.87578751775645	13.931688222534813	0.0	0.0	
7.4946493163993075	22.476128485647425	0.0	0.0	
10.328762341329913	5.849466926706921	0.0	0.0	
13.837945912132227	9.216066383854194	0.0	0.0	
4.6464940727495225	11.948485260004563	0.0	0.0	
0.0073577223960406	16.94368302739943	0.0	0.0	
22.9228322662156	2.6337244405970637	0.0	0.0	
11.714807662052824	24.169018018435015	0.0	0.0	
25.649654824757935	20.69598864325999	0.0	0.0	
31.76840753038872	19.369707510137875	0.0	0.0	
14.093739004722451	29.979116311246273	0.0	0.0	
20.021677413811677	28.768548152047323	0.0	0.0	
7.616174527805018	29.05295091659964	0.0	0.0	
10.926413008162946	13.199407224725984	0.0	0.0	
26.844358812519868	28.351486356940292	0.0	0.0	
23.24305660871286	17.045803187032973	0.0	0.0	
8.457801870072302	26.40678150384487	0.0	0.0	
28.24551207420713	6.9358605014396915	0.0	0.0	
11.855861539532725	8.6149920667964	0.0	0.0	
1.332449541021358	30.275866477224504	0.0	0.0	
8.68101627406731	10.596426757073907	0.0	0.0	
31.53611251231648	1.7580454628668214	0.0	0.0	
16.730977796141165	17.828782113782697	0.0	0.0	
20.907336409170526	8.82530119411259	0.0	0.0	
13.94169988118314	0.3387653293069981	0.0	0.0	
22.73696057284534	17.299044516884035	0.0	0.0	
17.49804473596343	20.987981048078254	0.0	0.0	
3.402411606587883	23.24843451540227	0.0	0.0	
8.517319850345892	24.89742047026483	0.0	0.0	
20.842197143623434	0.5715023370567671	0.0	0.0	
29.109400117891212	22.71354991730118	0.0	0.0	
5.417594017666552	24.21871736342796	0.0	0.0	
0.6900280394859486	5.967986857166018	0.0	0.0	
30.057787086381158	18.3427519229228	0.0	0.0	
10.478087299359817	0.6038117720349234	0.0	0.0	
17.31723823103738	1.084633584410927	0.0	0.0	
24.18761744592985	12.953566529635523	0.0	0.0	
18.767907085162275	8.781178206259504	0.0	0.0	
18.32075014538358	22.43809768339631	0.0	0.0	
17.56704888312921	30.197435311627732	0.0	0.0	
30.636506322028545	24.57533523880706	0.0	0.0	
27.877021898941383	13.382491548297324	0.0	0.0	
23.444952769748216	22.152173784858142	0.0	0.0	
1.44936451687391	31.437211716985882	0.0	0.0	
30.486616204624383	3.768932651859057	0.0	0.0	
4.533312387174448	11.81276297565271	0.0	0.0	
0.4326527575477499	13.814595260976088	0.0	0.0	
6.377737479897938	8.971573325602119	0.0	0.0	
31.457686395905153	1.8653696228909453	0.0	0.0	
25.41197000844475	2.123689818401239	0.0	0.0	
31.307008970655506	23.20980274263504	0.0	0.0	
26.681415603292407	1.886405586339606	0.0	0.0	
12.522333078466257	26.84734490792974	0.0	0.0	
20.913653501591256	12.700044399566622	0.0	0.0	
16.558424954040404	2.58607228735098	0.0	0.0	
10.884144086439147	21.57204305824029	0.0	0.0	
14.05771139167383	23.668586755339295	0.0	0.0	
10.557609620218884	11.294101601980934	0.0	0.0	
24.936488420287528	6.85355244514702	0.0	0.0	
11.663399235111964	3.9035833100846062	0.0	0.0	
27.552031450214127	5.318587734654191	0.0	0.0	
11.455460643986914	7.745774208806694	0.0	0.0	
24.41908348543695	5.678838335356165	0.0	0.0	
10.05593898356237	27.60742769490906	0.0	0.0	
31.554415523770178	4.307309820449099	0.0	0.0	
31.660161685446933	23.866481360950374	0.0	0.0	
20.866470153945965	3.2439148940082845	0.0	0.0	
22.58436077138176	19.70213100998948	0.0	0.0	
25.53753769808781	20.629217276765168	0.0	0.0	
13.324057967857975	11.989326149803418	0.0	0.0	
11.582071854454462	10.077563484513181	0.0	0.0	
29.44076197652466	2.247999651637059	0.0	0.0	
14.78011010240903	6.321189585110936	0.0	0.0	
19.519962259169258	21.173279725675606	0.0	0.0	
2.7349414874517635	12.114637658762156	0.0	0.0	
22.915002381496475	22.748165263068966	0.0	0.0	
26.746981375842868	21.821034810972257	0.0	0.0	
16.805156903252584	29.3544289728987	0.0	0.0	
30.780692290313905	30.254487910049626	0.0	0.0	
11.14999127103005	10.158637836267879	0.0	0.0	
13.50813079004849	21.8708132062727	0.0	0.0	
23.13964866938205	10.12394254229186	0.0	0.0	
27.76029915832346	19.320335941490523	0.0	0.0	
6.707617119849832	14.5000253449446	0.0	0.0	
16.55154277088868	13.062550766427698	0.0	0.0	
6.899083338670529	10.166137593386114	0.0	0.0	
0.33525196921550915	0.5189811665560313	0.0	0.0	
14.651532054839748	0.5687816532977337	0.0	0.0	
20.018439004700312	21.63265679853208	0.0	0.0	
7.1698972060091535	31.028127855186035	0.0	0.0	
24.665634193274947	15.288461894352128	0.0	0.0	
27.67715175977236	29.522963304095487	0.0	0.0	
19.697265261102014	3.10261092007422	0.0	0.0	
25.034088957038815	27.683517387912914	0.0	0.0	
13.592878591850027	24.19980431998456	0.0	0.0	
28.983107342069417	12.395895738914152	0.0	0.0	
22.771890504275845	19.19384442680138	0.0	0.0	
30.882784574524752	21.963167359028933	0.0	0.0	
18.98416300065092	26.37623895326321	0.0	0.0	
27.949419028146608	1.3220798388077064	0.0	0.0	
16.80796679716474	9.278245128420423	0.0	0.0	
27.565809115997073	31.86469787028831	0.0	0.0	
17.675317308502766	31.616104418074528	0.0	0.0	
11.115581213169154	22.575360574742827	0.0	0.0	
22.59849292562848	25.487900357638143	0.0	0.0	
16.746321576532118	14.349779587995865	0.0	0.0	
9.561031991382713	31.59098602591701	0.0	0.0	
12.537844767063156	14.320588927001346	0.0	0.0	
10.641236666289089	3.066195940690875	0.0	0.0	
2.663384201257859	5.798678228921403	0.0	0.0	
10.328047377097011	25.007928448697122	0.0	0.0	
8.135344374813318	2.425569602940776	0.0	0.0	
14.557529504978419	19.2489436013997	0.0	0.0	
17.9297163015609	30.539766317733157	0.0	0.0	
16.34044521168137	9.091482979197028	0.0	0.0	
19.989579216952336	8.261868942312681	0.0	0.0	
10.883446106647341	3.567062689097625	0.0	0.0	
10.527608505890694	18.511456635487843	0.0	0.0	
21.461621942000424	31.389981920864752	0.0	0.0	
12.73705517458652	25.834152629015236	0.0	0.0	
24.666120916035716	5.055239796984523	0.0	0.0	
16.969743915399025	0.858995386954863	0.0	0.0	
27.764415870305825	8.339195169446931	0.0	0.0	
24.895743039095866	9.921740032518418	0.0	0.0	
14.833658478860876	19.79367662854897	0.0	0.0	
18.166320501116083	18.171031809257993	0.0	0.0	
30.620998619675184	28.550916948188956	0.0	0.0	
9.925936973028112	26.88322202283758	0.0	0.0	
19.997637783430303	14.679520672158574	0.0	0.0	
6.197967482954066	10.342589390493448	0.0	0.0	
28.57247499826338	24.716506694758365	0.0	0.0	
4.977107251796461	2.322193140936754	0.0	0.0	
5.794197668927421	1.7606071630881175	0.0	0.0	
2.4166258186536567	10.54097793822875	0.0	0.0	
16.43887807398534	21.19238002851302	0.0	0.0	
3.4901807368575035	10.175052961205445	0.0	0.0	
19.658981543475086	1.6675370967244163	0.0	0.0	
3.0414638669337783	0.16311321086911335	0.0	0.0	
17.353673316253616	8.411140378386612	0.0	0.0	
23.84020966411145	4.722772476664797	0.0	0.0	
10.575700263900565	11.161988006503165	0.0	0.0	
18.625047331294304	6.985143746885875	0.0	0.0	
20.87069288699159	22.93961729009404	0.0	0.0	
5.287193013005428	25.73267645918175	0.0	0.0	
31.294427666305612	9.54998233877824	0.0	0.0	
29.54273947233711	31.035539577978607	0.0	0.0	
28.378241067591638	4.290804004871418	0.0	0.0	
28.15544736070681	5.412684969614542	0.0	0.0	
31.66347246042449	9.23010910780934	0.0	0.0	
22.080162085892628	11.199298394800753	0.0	0.0	
27.564038116363736	1.3401260460815436	0.0	0.0	
15.654118555754586	26.174812411972912	0.0	0.0	
11.661461736684632	17.41787720630212	0.0	0.0	
26.617130109796296	0.45655394636360214	0.0	0.0	
17.141572814906684	16.49136701448581	0.0	0.0	
6.145423023332292	18.056157743783668	0.0	0.0	
1.809497881629916	8.230035961460317	0.0	0.0	
5.956559804658582	15.092105315042623	0.0	0.0	
30.43494020241276	25.34990028732321	0.0	0.0	
31.569033994438374	17.673271000536317	0.0	0.0	
16.29321350504795	5.869773036259964	0.0	0.0	
31.13834280182451	11.755057007967238	0.0	0.0	
22.848550266062045	29.633827575060394	0.0	0.0	
25.942307355622553	5.859444914454077	0.0	0.0	
0.7218501727122266	18.907329197547565	0.0	0.0	
0.006671914924112343	7.9858380075586055	0.0	0.0	
23.300420956059025	29.894400106538196	0.0	0.0	
0.3441888009592766	18.803959887866622	0.0	0.0	
2.4832768034057757	24.7678656517263	0.0	0.0	
1.2569452159369732	5.168646847314903	0.0	0.0	
4.070081268660658	28.44044880016992	0.0	0.0	
26.011121637826797	23.378430699417684	0.0	0.0	
17.556523556518382	30.927186434213336	0.0	0.0	
11.230012933244446	7.30941860483577	0.0	0.0	
18.146656426780083	5.547808472937643	0.0	0.0	
27.92761381118657	25.020630990730766	0.0	0.0	
25.296164898533306	5.491680428633092	0.0	0.0	
3.7973479042679443	17.803830607811598	0.0	0.0	
28.173632806207607	17.86133369005116	0.0	0.0	
27.06383339337314	18.390347231889614	0.0	0.0	
19.37105981156393	1.809096269738486	0.0	0.0	
29.985807623513246	29.96631423650448	0.0	0.0	
19.154202777865027	0.9451570784975125	0.0	0.0	
29.967818946991216	1.9458234900245692	0.0	0.0	
30.42866563089639	17.332248115484294	0.0	0.0	
22.05702198859734	19.821673817437294	0.0	0.0	
7.598356318726356	5.207182474138516	0.0	0.0	
1.9903227911722645	8.259265679452536	0.0	0.0	
12.854461997816582	18.2473973584163	0.0	0.0	
6.396897337844482	12.14899881938954	0.0	0.0	
10.771209528543604	18.235270878074857	0.0	0.0	
1.1924072371748409	23.83532774830284	0.0	0.0	
24.846746545026118	4.870209471844522	0.0	0.0	
29.92532330102571	13.230879313120248	0.0	0.0	
12.157177129672721	16.093441744696708	0.0	0.0	
22.268948745211304	7.803003325515601	0.0	0.0	
3.5531517700653446	2.737545496275743	0.0	0.0	
15.633510192867458	12.4671161425326	0.0	0.0	
28.93380242483353	28.818349625765908	0.0	0.0	
12.300621499759362	29.599300552130508	0.0	0.0	
28.59241304463107	17.77813047720041	0.0	0.0	
7.947222132802967	6.6945202270897575	0.0	0.0	
16.54628450385814	31.028708225600106	0.0	0.0	
30.422414786301797	29.120861278430514	0.0	0.0	
19.490022891887726	16.626442208067953	0.0	0.0	
23.46844240388352	17.861017718270173	0.0	0.0	
16.33010683618609	18.59431523025804	0.0	0.0	
20.276605986976296	17.59819745472137	0.0	0.0	
14.649558752880989	11.291832467064722	0.0	0.0	
5.689036425460422	11.282762545208964	0.0	0.0	
5.724529642890737	18.225990015546984	0.0	0.0	
17.990411620373653	31.658975005496426	0.0	0.0	
27.901724019836948	12.25072150093754	0.0	0.0	
12.713741061949253	10.226363660243603	0.0	0.0	
10.968353491922556	23.754095168019774	0.0	0.0	
9.098998310887534	1.0093137583089877	0.0	0.0	
2.4718012470999113	20.721128833880815	0.0	0.0	
28.2634210209644	7.483884986077211	0.0	0.0	
16.711213535214167	30.314053586245496	0.0	0.0	
9.885949581283736	13.118299601982677	0.0	0.0	
0.49213046982717756	20.947570303246845	0.0	0.0	
8.639220569306662	25.434983965075425	0.0	0.0	
2.3850896091414313	18.44980550636254	0.0	0.0	
14.794510189153485	2.81005965024816	0.0	0.0	
13.477899920024136	15.972424373949945	0.0	0.0	
30.991289248724687	0.910199146787253	0.0	0.0	
16.88760349489659	20.168872547135432	0.0	0.0	
3.0736777690053003	4.3937998667877025	0.0	0.0	
8.096159552880565	8.807626948634883	0.0	0.0	
16.104636876750913	9.440070450198434	0.0	0.0	
17.540060384150117	13.877073567262254	0.0	0.0	
27.224172398467765	19.382656878303468	0.0	0.0	
21.202424031870134	3.3225392130421234	0.0	0.0	
1.41823419524059	30.825850904225366	0.0	0.0	
14.159494576235495	15.875259789186494	0.0	0.0	
17.532765172691832	15.739528989485766	0.0	0.0	
17.993365842043104	14.173292816306901	0.0	0.0	
6.2372015324057415	9.629292771361012	0.0	0.0	
25.466396163275732	24.717273770335737	0.0	0.0	
3.323061517031345	6.899661295981112	0.0	0.0	
24.75668479614235	3.0448779628613316	0.0	0.0	
31.329647409671104	14.191394436728192	0.0	0.0	
8.470970005278279	22.50116561686476	0.0	0.0	
7.860964668968453	4.081415191359508	0.0	0.0	
9.719330952008963	26.544976443101554	0.0	0.0	
20.18955522614445	12.361144916903243	0.0	0.0	
29.939678770271826	25.52480994794949	0.0	0.0	
9.742705617235956	31.563439779969713	0.0	0.0	
6.380966879181276	1.7785876707849084	0.0	0.0	
28.49307850865487	21.010295369825315	0.0	0.0	
4.5512947145516165	19.75871228925319	0.0	0.0	
9.56799070368476	18.01860293408011	0.0	0.0	
14.469392152986448	5.681010630577646	0.0	0.0	
21.689132908245718	15.429175921045772	0.0	0.0	
31.19478200263868	26.127667847665904	0.0	0.0	
10.99584230662279	30.179669280806117	0.0	0.0	
0.361733890569333	10.558883889037759	0.0	0.0	
5.130364283197153	18.558533386833062	0.0	0.0	
31.135295776032383	13.362173907222914	0.0	0.0	
14.072163393834977	3.5996487639070835	0.0	0.0	
0.7331438790248477	30.430437537464755	0.0	0.0	
3.2304384217591924	8.596609945129902	0.0	0.0	
26.742796437175382	2.508770119639621	0.0	0.0	
10.35332689129568	27.457135533763886	0.0	0.0	
31.16109723830757	4.543345343785198	0.0	0.0	
9.818081786090758	8.389743907437268	0.0	0.0	
5.9565958729836765	7.057656377192995	0.0	0.0	
23.97417409009238	28.3476028874653	0.0	0.0	
1.1378705984331354	27.574056476527	0.0	0.0	
17.91632815841859	4.046728875118191	0.0	0.0	
31.85138129128106	7.921936297963061	0.0	0.0	
22.108972539676053	9.591176344203337	0.0	0.0	
2.6339227411443566	7.561289243643309	0.0	0.0	
25.076716135438467	25.80970867820061	0.0	0.0	
11.03181516492377	4.574526979362204	0.0	0.0	
25.791387734914416	7.820575765004044	0.0	0.0	
20.265918415430214	4.193753834253592	0.0	0.0	
13.429723874874497	22.455750265000145	0.0	0.0	
21.949262248658425	3.644465936250974	0.0	0.0	
12.88334394919793	27.784201928300366	0.0	0.0	
28.17983364008364	23.26016383497431	0.0	0.0	
9.174430355713543	25.428612626334736	0.0	0.0	
20.54390889330237	27.14542754589306	0.0	0.0	
10.524690985380449	15.483906854113538	0.0	0.0	
23.278369069808647	26.92312802067995	0.0	0.0	
15.87477259577015	1.4534904408632983	0.0	0.0	
6.238810103040919	20.431544067045692	0.0	0.0	
15.869686626504482	10.847122811391905	0.0	0.0	
8.688784900453946	22.11625328236296	0.0	0.0	
21.77509889731597	12.382308750769646	0.0	0.0	
28.93706117203515	30.324629887533792	0.0	0.0	
31.424791563783124	3.3687524690850914	0.0	0.0	
17.00584571404822	8.15950856886916	0.0	0.0	
3.09015319033195	5.694377956456599	0.0	0.0	
17.368272995556094	19.40982833600928	0.0	0.0	
25.82140285513856	2.553081267169638	0.0	0.0	
29.58268943865771	4.906439611881481	0.0	0.0	
27.067309925918995	1.7290730951375295	0.0	0.0	
11.022567378270779	14.081593184921651	0.0	0.0	
23.536278120325164	19.095497659076194	0.0	0.0	
0.571282681795843	1.6716911759352193	0.0	0.0	
30.374475006707588	15.429923923282733	0.0	0.0	
8.27649255100275	5.948266044309378	0.0	0.0	
28.017539229283276	2.6011162345271828	0.0	0.0	
9.006179695417117	15.222725370051297	0.0	0.0	
30.91665759780927	8.361838672732784	0.0	0.0	
13.402436432680926	22.982853753633005	0.0	0.0	
16.921287984077505	13.571631646056474	0.0	0.0	
28.63090014346828	29.345205367974	0.0	0.0	
24.461970218593052	6.2309922192262555	0.0	0.0	
15.350327151931594	17.73549927223007	0.0	0.0	
22.176018205285203	30.926442955449108	0.0	0.0	
4.884803097939226	26.96521459795988	0.0	0.0	
30.692061383468282	9.676143172015848	0.0	0.0	
20.743272938251547	27.73626511818468	0.0	0.0	
5.937405420733558	26.97450439807879	0.0	0.0	
30.688633277966993	17.872564789902466	0.0	0.0	
9.544584350524755	26.74205412274612	0.0	0.0	
8.3125958001458	13.383085099250941	0.0	0.0	
26.742943229970095	27.07195405396254	0.0	0.0	
20.654242635577425	31.196444406843355	0.0	0.0	
5.159871717850773	2.5319320129214518	0.0	0.0	
5.9436809630651375	25.34367655917031	0.0	0.0	
11.716865852432413	30.365648464907764	0.0	0.0	
16.71218942105038	4.617273628607094	0.0	0.0	
8.782676457461186	7.843509612850998	0.0	0.0	
8.531142049433651	4.94080214073627	0.0	0.0	
29.68591872554929	6.528991051376664	0.0	0.0	
7.735651224799486	22.19112062491235	0.0	0.0	
11.203722741941398	30.17561312695074	0.0	0.0	
31.294617029493953	27.000620996413897	0.0	0.0	
6.384525226426565	25.065425797479225	0.0	0.0	
3.3049734276503315	13.55351050262864	0.0	0.0	
14.59588124459151	24.002855712640766	0.0	0.0	
3.377506084548166	12.601234280187615	0.0	0.0	
6.814930754023575	22.894514084990526	0.0	0.0	
2.086172181442059	5.325755524954662	0.0	0.0	
28.589326892113746	0.7684528203107348	0.0	0.0	
4.193507574380433	27.104119980073964	0.0	0.0	
30.869403334511144	1.3919322998712538	0.0	0.0	
14.054816529491351	25.549303135947557	0.0	0.0	
4.897014074064561	10.812499597733833	0.0	0.0	
1.8693188849464377	14.066640172152798	0.0	0.0	
22.21561293752855	7.624006081855345	0.0	0.0	
17.732332330756908	0.7346817901342604	0.0	0.0	
31.657720399207655	15.839913167420352	0.0	0.0	
29.75847295133502	20.036879431030194	0.0	0.0	
27.941707859986792	10.444571644019643	0.0	0.0	
9.499009467800992	8.727210431256914	0.0	0.0	
15.064302605905272	22.506249746211946	0.0	0.0	
5.974918358095884	8.520761179576624	0.0	0.0	
1.3528300483157771	15.100317957086219	0.0	0.0	
0.4336228508262714	1.3398261978952952	0.0	0.0	
4.804324909594904	23.813461418587263	0.0	0.0	
6.65299856257656	19.209525792899743	0.0	0.0	
23.288118521726457	13.254351242303873	0.0	0.0	
20.015993339523195	7.292523646280149	0.0	0.0	
10.861507369849512	12.355462987364401	0.0	0.0	
6.179071533324063	7.378484224411267	0.0	0.0	
8.988510424988586	28.33311490949035	0.0	0.0	
15.108269314973708	28.350964185556034	0.0	0.0	
1.6323456343137828	29.40815974326718	0.0	0.0	
9.845904479985958	7.162629210267756	0.0	0.0	
25.560595688972125	6.179872988926853	0.0	0.0	
24.907355255193863	29.14884933357963	0.0	0.0	
6.343142241516873	31.30848348553721	0.0	0.0	
11.071145180609797	5.7409758368988655	0.0	0.0	
18.819077274121398	19.825623568787215	0.0	0.0	
11.350394732383496	30.789372549658438	0.0	0.0	
19.718455225231136	30.75502161490544	0.0	0.0	
25.75938798793743	5.5223494612877815	0.0	0.0	
23.802669767919106	14.459479348830548	0.0	0.0	
24.660072619573054	31.65774763491558	0.0	0.0	
8.890874655528606	17.677877720239376	0.0	0.0	
21.122233070601002	25.121663846114163	0.0	0.0	
18.835427344038493	0.9093540912083427	0.0	0.0	
30.786750723331295	0.7534368268805878	0.0	0.0	
0.829417745666003	16.754191412340578	0.0	0.0	
2.008763143834095	20.90769750119466	0.0	0.0	
24.030980634801455	16.906150709405534	0.0	0.0	
0.14915545845925493	5.702818941526413	0.0	0.0	
5.24822032957092	10.61577095991036	0.0	0.0	
21.635777752475125	31.611862506505197	0.0	0.0	
23.37876611822755	26.375278609728625	0.0	0.0	
7.899104015873888	17.269914758623948	0.0	0.0	
3.41151251139825	1.1443211999757636	0.0	0.0	
7.145724557109379	25.97286590988781	0.0	0.0	
18.946576303892158	16.776972156381564	0.0	0.0	
9.686614279719077	14.906776859760782	0.0	0.0	
1.3779226433287732	10.355384701631344	0.0	0.0	
31.08140695634164	17.655107814982436	0.0	0.0	
15.60203555394946	15.815101871664073	0.0	0.0	
19.18028256078516	26.187572472738836	0.0	0.0	
8.307389347697107	21.92314437468733	0.0	0.0	
16.375394676911114	25.261034642379208	0.0	0.0	
29.55521767258194	8.343707149021629	0.0	0.0	
19.964165828759693	18.550967259591523	0.0	0.0	
19.044377174644552	0.007576831790217398	0.0	0.0	
21.478459680412858	17.34848289468233	0.0	0.0	
9.832397867898749	12.28940935054402	0.0	0.0	
21.214808524802002	11.938694983420522	0.0	0.0	
17.3598322946639	14.018009382670058	0.0	0.0	
30.570870856640546	3.560756685721568	0.0	0.0	
28.780299667796367	18.230218741713003	0.0	0.0	
26.340115815192615	1.944293668353879	0.0	0.0	
7.2809423617349545	16.100667956652444	0.0	0.0	
30.989868373788976	10.264764439971412	0.0	0.0	
27.635023573350804	20.35696113566508	0.0	0.0	
8.336187496963177	9.881197427551673	0.0	0.0	
29.768271231746517	18.48018384140817	0.0	0.0	
25.624574033057687	9.98510535801454	0.0	0.0	
14.8976142170647	17.345575390680093	0.0	0.0	
1.3708398810994176	13.03800056139022	0.0	0.0	
20.612982837267246	25.661286075910564	0.0	0.0	
13.410583743340613	26.636762717133543	0.0	0.0	
8.823316492906521	31.437410125226876	0.0	0.0	
26.34846132367432	28.585421786524826	0.0	0.0	
5.035172156148548	25.89668505052635	0.0	0.0	
18.38199564673183	24.53697180531243	0.0	0.0	
20.827645864905616	0.3659642506162015	0.0	0.0	
29.192890066583566	29.365936453812182	0.0	0.0	
18.88463249345583	29.80597735980572	0.0	0.0	
18.983226682209175	3.8175854982397546	0.0	0.0	
21.36102158771789	1.1245360892719525	0.0	0.0	
15.862846027140613	21.290156235787453	0.0	0.0	
28.105981964444187	14.929725853915151	0.0	0.0	
15.113136780059858	30.239248538174245	0.0	0.0	
4.170162030848942	9.298623095726821	0.0	0.0	
0.7276179724755956	21.308603999993526	0.0	0.0	
10.470908154647685	9.143417245522087	0.0	0.0	
11.157282474895343	25.740078970174533	0.0	0.0	
5.399958343191127	8.875197743614091	0.0	0.0	
2.936040678410084	4.118842526891974	0.0	0.0	
2.9876101335592864	23.22073967009128	0.0	0.0	
24.516112313222724	26.18743257415896	0.0	0.0	
10.569955689021793	13.414752221573288	0.0	0.0	
25.30619747387645	11.873081021153872	0.0	0.0	
3.493142562433018	12.375408234867276	0.0	0.0	
9.461664636970475	28.831109649397472	0.0	0.0	
2.7837624799670273	7.537964332954456	0.0	0.0	
27.30006695171177	22.74340927902155	0.0	0.0	
26.37102739377187	23.40439497653319	0.0	0.0	
31.32515928832504	2.2092153209984673	0.0	0.0	
28.908974129198352	5.662099214808723	0.0	0.0	
31.832864407970717	5.5040511719472605	0.0	0.0	
13.082222335189918	31.789706136935216	0.0	0.0	
29.779181378871705	6.067370476739381	0.0	0.0	
14.924009077668998	22.515575275837016	0.0	0.0	
23.404767631840325	19.9623592233101	0.0	0.0	
0.7392833610808331	5.160971192090731	0.0	0.0	
11.730808446794939	10.86607185435383	0.0	0.0	
1.471001273446383	8.005306535147337	0.0	0.0	
18.444825061050814	2.1504892930133828	0.0	0.0	
7.55679784234464	31.715556386558156	0.0	0.0	
14.282117656301391	13.833252401983724	0.0	0.0	
17.957025128476378	18.57374528671524	0.0	0.0	
30.73438640401115	12.317071586296837	0.0	0.0	
6.91837204456931	7.110400469902068	0.0	0.0	
10.242322635980916	9.546130982105119	0.0	0.0	
25.224782140734987	5.757005045855525	0.0	0.0	
15.699216190487963	23.24881737074794	0.0	0.0	
13.433781766059852	27.134817650027024	0.0	0.0	
2.372536919741325	30.941730372915988	0.0	0.0	
5.604811963393757	21.413514170579365	0.0	0.0	
13.841673408821041	12.690250666215775	0.0	0.0	
16.499685942577145	7.016812924470258	0.0	0.0	
0.9270854880793884	8.431971218695718	0.0	0.0	
20.37286940271746	2.0595270218305224	0.0	0.0	
8.791100395885273	6.739109472103053	0.0	0.0	
14.068033700527376	29.550845818847844	0.0	0.0	
27.84244027890251	17.380465876541443	0.0	0.0	
5.2710539254285	15.059235021816413	0.0	0.0	
26.218930112850156	1.438067660194072	0.0	0.0	
23.562375532461136	18.919167420056322	0.0	0.0	
18.21631854727535	4.373157869663736	0.0	0.0	
14.334368611132057	5.001786642525353	0.0	0.0	
2.2293024586136276	11.122708951827164	0.0	0.0	
20.203473515005037	0.8389430946756242	0.0	0.0	
1.8630824516806221	29.658495455073695	0.0	0.0	
13.101618145078106	23.374828279583486	0.0	0.0	
3.097597479226618	2.928346005706686	0.0	0.0	
23.032421525534343	31.83656450776813	0.0	0.0	
5.109291345307724	2.470160827286275	0.0	0.0	
28.994416930761382	26.59867010203056	0.0	0.0	
31.010385208486497	15.219591860724442	0.0	0.0	
1.8346741060108727	31.419708840646408	0.0	0.0	
18.003660810501895	20.939713750488092	0.0	0.0	
1.6890774375464446	21.404518994218943	0.0	0.0	
23.20350500587983	26.440104280711665	0.0	0.0	
31.245181203922165	9.850839031538904	0.0	0.0	
13.570360500691518	23.325874571401375	0.0	0.0	
6.772458074312372	1.427994101638955	0.0	0.0	
31.6502495564621	11.495835883129843	0.0	0.0	
15.858878985332346	23.706034929748185	0.0	0.0	
28.975846056827578	19.94234295882349	0.0	0.0	
11.483925257950471	24.744868602844992	0.0	0.0	
28.13721468303141	10.114360268580064	0.0	0.0	
14.31535359588267	18.765446893365546	0.0	0.0	
16.17326467440567	20.778044869150907	0.0	0.0	
7.875929230608726	30.78709640588106	0.0	0.0	
30.671145446539587	13.388360425736927	0.0	0.0	
3.168989743709208	27.68069428167907	0.0	0.0	
7.077616181758724	21.941212363927136	0.0	0.0	
23.321665328715202	23.031948548168394	0.0	0.0	
11.240120123720484	25.44165072662322	0.0	0.0	
28.552637738076974	0.3058494235363831	0.0	0.0	
11.696558103753482	16.06386781705041	0.0	0.0	
30.53159948225012	19.8830283703965	0.0	0.0	
0.9882434193722993	23.67554647676137	0.0	0.0	
19.30536673417986	3.459838735531946	0.0	0.0	
12.777045002070569	29.880180417587262	0.0	0.0	
2.9680671058253587	15.95386985560167	0.0	0.0	
0.9783875103621398	17.30592827131823	0.0	0.0	
4.894848243386701	20.814370371274883	0.0	0.0	
31.12118587060337	31.164408269786282	0.0	0.0	
20.5431552975622	4.765572035991731	0.0	0.0	
15.731327367925221	0.5690402493369184	0.0	0.0	
19.084681925218764	24.183029121066173	0.0	0.0	
11.568458154639831	1.1254963210223892	0.0	0.0	
18.913272627087167	20.119873620865572	0.0	0.0	
1.5853609557928863	30.185196018447897	0.0	0.0	
3.970561330571833	14.64654825790647	0.0	0.0	
12.66666048050742	20.07604368920355	0.0	0.0	
25.1672779859863	0.09614997072680254	0.0	0.0	
12.161975054298647	3.4416141266604114	0.0	0.0	
10.198434291833028	25.353189437400644	0.0	0.0	
9.857810379671893	11.618596191554072	0.0	0.0	
15.018986791648977	23.035059765586965	0.0	0.0	
13.28993413746154	13.777789276048455	0.0	0.0	
0.9011584642726831	13.510084024932812	0.0	0.0	
10.873803676845117	1.6915417486884614	0.0	0.0	
11.356692839301548	26.878408619316424	0.0	0.0	
17.875763499472555	3.552816132935231	0.0	0.0	
18.504356428129448	13.303223377437586	0.0	0.0	
21.142209777080808	11.027763993479503	0.0	0.0	
18.209218728535276	28.031997096292823	0.0	0.0	
22.162227957523548	23.24771526905202	0.0	0.0	
20.973861192418127	6.2949925914364755	0.0	0.0	
3.834901096610114	20.618233863387655	0.0	0.0	
29.492464083946523	18.696004873676387	0.0	0.0	
28.83373045720886	23.068035295912402	0.0	0.0	
24.808439958945755	25.017961372454696	0.0	0.0	
24.805664267047906	30.204622684186543	0.0	0.0	
13.000264753722522	6.082600635324379	0.0	0.0	
22.727924820005644	30.674568368947646	0.0	0.0	
2.8717745363541844	20.818488754941523	0.0	0.0	
22.750552770363438	9.546326165421895	0.0	0.0	
31.386422957517155	16.955903258757203	0.0	0.0	
19.962641435245867	2.805634447513313	0.0	0.0	
29.3251707297233	19.35669794304489	0.0	0.0	
20.376863280492906	7.524709745625916	0.0	0.0	
16.49658685643098	12.193163642837384	0.0	0.0	
25.575060940520924	25.890788108886902	0.0	0.0	
27.211797926379266	9.005507072742446	0.0	0.0	
3.5934934093711206	6.288194830198545	0.0	0.0	
27.19081500400457	13.545216680749746	0.0	0.0	
9.528275944640221	3.0181332492268247	0.0	0.0	
26.42209161366645	26.844793660457384	0.0	0.0	
23.457332011426196	14.497043118372758	0.0	0.0	
7.190819810468316	17.75747427249918	0.0	0.0	
3.0720417813047476	23.518577733003173	0.0	0.0	
27.95027107155412	24.12494947634291	0.0	0.0	
1.4181867650599287	0.23512380402085498	0.0	0.0	
12.808169623237731	0.30748268856873295	0.0	0.0	
29.31588049428635	16.113346701762683	0.0	0.0	
17.550421056679898	25.956266843450468	0.0	0.0	
5.1327765405211	30.675397637073914	0.0	0.0	
4.852492618766924	20.14248726755976	0.0	0.0	
30.67005274722781	10.081643277651136	0.0	0.0	
8.16459374930496	14.1874678803865	0.0	0.0	
29.16335599827701	13.090415479563333	0.0	0.0	
23.380320481558275	29.710435046252478	0.0	0.0	
14.947312220280978	24.13678746268079	0.0	0.0	
6.779403587758299	9.575630576113397	0.0	0.0	
3.3098274658032345	17.243716555248042	0.0	0.0	
28.02100038937977	24.552346970317043	0.0	0.0	
12.590774354015519	25.540556783745988	0.0	0.0	
30.733031731802182	17.75625020227262	0.0	0.0	
22.780332176721974	13.827578837326463	0.0	0.0	
3.4040647542681803	12.596164839556142	0.0	0.0	
9.318011038113227	4.733366988325198	0.0	0.0	
9.185195043097917	12.234501546050417	0.0	0.0	
9.906321197089138	22.542696203877426	0.0	0.0	
27.411033608205518	10.817119270138218	0.0	0.0	
11.868605187724267	24.557319049994433	0.0	0.0	
2.503705752466349	6.595655883745621	0.0	0.0	
22.833482173187765	7.10691910124061	0.0	0.0	
0.2858609609234435	7.635258406152371	0.0	0.0	
20.98825293084226	23.314560376956567	0.0	0.0	
0.799065755215608	24.328696592909317	0.0	0.0	
12.768762785012804	30.667571880683482	0.0	0.0	
7.161619115936816	22.610054896687828	0.0	0.0	
13.2596749285428	18.14643770327104	0.0	0.0	
4.347002322519302	2.8800406197138457	0.0	0.0	
17.248349763010932	7.316353994172342	0.0	0.0	
19.268838369213213	13.909804400208426	0.0	0.0	
13.434736090878253	16.33518348845215	0.0	0.0	
7.570716182631795	27.738786547616378	0.0	0.0	
21.664858629915063	29.63318888313514	0.0	0.0	
20.726163826430327	18.3921046880343	0.0	0.0	
17.518241064938756	9.749014282183897	0.0	0.0	
25.035888827150462	22.672492469593216	0.0	0.0	
19.630974212774273	28.353783592547014	0.0	0.0	
20.654658226860306	6.33274845956155	0.0	0.0	
6.329927339873169	17.528054164746216	0.0	0.0	
31.779370003308628	23.60558219234425	0.0	0.0	
28.859996257311497	15.462145896536217	0.0	0.0	
9.144484865578129	14.962393657855799	0.0	0.0	
26.90851143186676	9.964963014914058	0.0	0.0	
17.631541072943907	21.42315437192861	0.0	0.0	
31.021787717750772	23.941158751516063	0.0	0.0	
20.293868021266416	11.82046707214251	0.0	0.0	
2.996208434226819	18.92855125203423	0.0	0.0	
14.497564768074682	2.358261027331231	0.0	0.0	
8.760542307129342	13.081980216077955	0.0	0.0	
17.32533942155861	12.441203023393257	0.0	0.0	
14.757652639134626	3.2382470148031004	0.0	0.0	
24.620833989925057	24.16220333708883	0.0	0.0	
5.899668332504078	27.749004346503806	0.0	0.0	
18.8448126646327	3.908816994789081	0.0	0.0	
18.077842792979958	2.644673563779765	0.0	0.0	
14.995483435515318	14.368773498324323	0.0	0.0	
0.38706005000272015	15.391255290091511	0.0	0.0	
7.824324633379259	18.896509014169368	0.0	0.0	
7.4697315783467	15.952641616882634	0.0	0.0	
20.27432086085827	21.820982375365965	0.0	0.0	
22.33114710005983	14.591598296049987	0.0	0.0	
10.049805029355184	23.880231472180057	0.0	0.0	
6.2858180482620725	8.902027833251527	0.0	0.0	
6.527140018836835	13.307298869517385	0.0	0.0	
21.599813303538642	2.417541575795177	0.0	0.0	
10.358473241794623	6.111107206463007	0.0	0.0	
17.838593732006352	12.905062876355327	0.0	0.0	
4.118964659108297	18.489562316211895	0.0	0.0	
4.415441783681949	6.231881609475465	0.0	0.0	
11.503068044139471	22.76027399974899	0.0	0.0	
17.166479282772034	19.95198182573786	0.0	0.0	
25.15953739926044	8.83252897663482	0.0	0.0	
12.204756905483073	6.3044877693655295	0.0	0.0	
14.931141456150598	21.709396090299187	0.0	0.0	
27.254940409555083	29.815455977512066	0.0	0.0	
31.263396098803792	17.111548446357993	0.0	0.0	
7.9941225039188595	1.0574668182510756	0.0	0.0	
0.334746680819368	31.359672466054153	0.0	0.0	
26.25638341427758	12.744770894046692	0.0	0.0	
28.80375476515104	11.644145593441415	0.0	0.0	
2.204944871393675	3.491210378626594	0.0	0.0	
12.171982818207674	18.544009729406042	0.0	0.0	
21.317137399699927	25.40911350499447	0.0	0.0	
28.239221389626973	29.40682530632849	0.0	0.0	
0.9231764488188716	13.757395521173695	0.0	0.0	
4.763930257924635	1.978831093467626	0.0	0.0	
6.5584210949051815	15.015867807823447	0.0	0.0	
4.059159675849465	26.953357237595885	0.0	0.0	
0.9733578312999107	16.86125947192234	0.0	0.0	
1.826813397183031	29.377041134203647	0.0	0.0	
28.741818077852376	16.25170327687703	0.0	0.0	
7.970297141597175	29.8541601744098	0.0	0.0	
21.271938883844726	0.29590639310822553	0.0	0.0	
1.5403571142807913	22.112105196725064	0.0	0.0	
9.953096445558035	21.954985559216865	0.0	0.0	
15.003605615522154	16.83709165176825	0.0	0.0	
5.313646489470056	4.491769419447682	0.0	0.0	
7.4873679284963295	14.734692696265533	0.0	0.0	
3.1546255929920903	7.232866935081933	0.0	0.0	
5.609700520360796	16.934442048161984	0.0	0.0	
19.766725822758364	20.965109956007293	0.0	0.0	
20.019937174300825	17.783910725140743	0.0	0.0	
14.76353221438297	14.700031029479526	0.0	0.0	
11.878136456991328	10.339752000767454	0.0	0.0	
10.975207956334707	11.184749773472255	0.0	0.0	
2.7776242114030794	25.759252037190496	0.0	0.0	
22.22274000007194	0.5725335760153918	0.0	0.0	
14.695203118091868	6.768489002807925	0.0	0.0	
10.912207256586857	22.16083112835505	0.0	0.0	
25.015216197513286	12.672477706112424	0.0	0.0	
29.984752511099273	13.289484724651363	0.0	0.0	
30.066252919729855	6.824683703504473	0.0	0.0	
8.713251713638389	20.245740762567667	0.0	0.0	
19.363057554681184	8.810712137188876	0.0	0.0	
11.625695046389456	29.110739129322678	0.0	0.0	
5.601284897639843	27.552773296969846	0.0	0.0	
20.496891317312134	18.535543321343198	0.0	0.0	
6.9920442597939925	21.984824699727355	0.0	0.0	
8.24262909183788	9.315498557873024	0.0	0.0	
15.51847023343488	10.397625595720974	0.0	0.0	
24.560532641722997	20.32091778779686	0.0	0.0	
5.511796047094311	29.256909091812915	0.0	0.0	
10.271165760674563	0.5482341522419354	0.0	0.0	
1.9812746274987312	10.966578280357236	0.0	0.0	
30.889516740201504	14.149100022507298	0.0	0.0	
15.14125548088267	22.53117689536342	0.0	0.0	
7.424181062704246	24.935052200806545	0.0	0.0	
9.232777199093942	23.432728466723646	0.0	0.0	
17.66858439750772	21.019942096522954	0.0	0.0	
22.941198022021695	9.390338958466575	0.0	0.0	
0.7149387811395549	15.222188840824462	0.0	0.0	
23.651216816009313	1.5352421289831604	0.0	0.0	
5.317408603777224	19.198022983729995	0.0	0.0	
19.463887703867538	3.7121756616270787	0.0	0.0	
17.47583718387952	12.319266139944048	0.0	0.0	
13.045487260170404	30.15594057851406	0.0	0.0	
22.229777960718092	4.389934534130656	0.0	0.0	
10.587047589552121	25.71634827098659	0.0	0.0	
10.789591294155699	5.580344849975322	0.0	0.0	
12.820386057431044	19.963892859181836	0.0	0.0	
30.25684153101345	15.471643908199578	0.0	0.0	
1.4506347739795835	20.906715529095017	0.0	0.0	
23.770779370394845	8.343663529801901	0.0	0.0	
11.84433016343069	21.4115223301757	0.0	0.0	
14.117164702340837	14.988856261755824	0.0	0.0	
21.389156362816177	16.8984651558568	0.0	0.0	
3.420720174089489	4.002034392068126	0.0	0.0	
4.086188951126488	0.2098122795169175	0.0	0.0	
6.501094865026143	14.273180487279344	0.0	0.0	
23.540574073674655	25.457655326261005	0.0	0.0	
24.51110339370977	2.272480325875602	0.0	0.0	
16.18840336735726	14.025849424537277	0.0	0.0	
31.997010574251547	23.903248005488763	0.0	0.0	
31.189187527469322	29.134630739421965	0.0	0.0	
2.6257657199372737	20.64600799515751	0.0	0.0	
9.710646609001625	27.556251279139392	0.0	0.0	
5.870577074280288	22.285502140819982	0.0	0.0	
16.96179131562332	12.633782610255977	0.0	0.0	
6.469351289764624	27.33593961876546	0.0	0.0	
9.821293752226204	8.362428076785239	0.0	0.0	
11.326345760168053	3.81413499690483	0.0	0.0	
9.697428161233503	10.796124547337161	0.0	0.0	
16.772526051907903	22.26162781011936	0.0	0.0	
11.123332702920457	19.1862133499624	0.0	0.0	
20.774865712203656	2.7347496503738213	0.0	0.0	
7.232454179603021	11.127967839882807	0.0	0.0	
14.914833166884971	7.134462808900963	0.0	0.0	
24.298493115646046	31.9597457156698	0.0	0.0	
16.581973755937952	23.61997506129639	0.0	0.0	
24.496739026050935	15.40143445953257	0.0	0.0	
20.40660207840964	26.353539413138005	0.0	0.0	
3.695278378924172	14.33018094261077	0.0	0.0	
28.588386349461683	7.743010486163232	0.0	0.0	
23.31210313584729	1.030666458042358	0.0	0.0	
18.302078458904553	11.85452609341306	0.0	0.0	
4.716983708389748	0.3038337421818156	0.0	0.0	
31.861267081813892	8.175199023907076	0.0	0.0	
4.535327159103936	22.81052872254113	0.0	0.0	
20.33557495441331	23.705553058337536	0.0	0.0	
9.703755140468747	14.02144600049877	0.0	0.0	
12.201376220588966	20.261474717818754	0.0	0.0	
10.261186425689264	14.061157402747366	0.0	0.0	
15.241554335190209	30.60760117096473	0.0	0.0	
30.95456416241849	10.017024403557564	0.0	0.0	
15.500025331576623	29.23729251360414	0.0	0.0	
12.619136257877887	24.723762517491483	0.0	0.0	
18.324880097172798	2.167893565684196	0.0	0.0	
12.459807812563273	7.4619457712229895	0.0	0.0	
9.913684509813375	31.6731136728411	0.0	0.0	
3.531123162274689	6.587552109781594	0.0	0.0	
26.13860117687165	25.531804548221327	0.0	0.0	
11.12409665393568	21.1898191708799	0.0	0.0	
10.019837564109285	8.795252060684213	0.0	0.0	
5.290943490567642	13.10965205292721	0.0	0.0	
26.3901295549983	0.29940561364684726	0.0	0.0	
25.103171844382054	8.343734596115333	0.0	0.0	
28.575642188979433	7.0398774603403	0.0	0.0	
5.329934468738099	24.14173817569708	0.0	0.0	
5.818947053058061	13.65153251469049	0.0	0.0	
21.78436036010155	9.995122006373293	0.0	0.0	
20.23802860868474	1.722290948806382	0.0	0.0	
14.470382296353037	21.411041617901812	0.0	0.0	
10.119350035712305	21.36303781486894	0.0	0.0	
24.568914865901235	12.250137344651261	0.0	0.0	
22.878621647470013	27.6949776299862	0.0	0.0	
26.201084423111045	21.901028695586355	0.0	0.0	
23.27454644523291	20.793226479324126	0.0	0.0	
29.76092321316712	15.904947871372997	0.0	0.0	
5.634697960023253	30.68869556482258	0.0	0.0	
1.3237305417299083	23.415322148983712	0.0	0.0	
2.5091907511701663	20.499552707778673	0.0	0.0	
25.006651855783037	16.53270208440077	0.0	0.0	
1.901755602661737	26.17730909693335	0.0	0.0	
2.9337001599376578	8.901345673554616	0.0	0.0	
18.90950674916834	0.9630772930186282	0.0	0.0	
5.806922787812745	3.845931004918782	0.0	0.0	
8.983826844878	15.229967265348844	0.0	0.0	
16.92844363348453	23.92077949241803	0.0	0.0	
28.098352117392956	28.16297754157844	0.0	0.0	
15.180439188869048	18.911962041137055	0.0	0.0	
12.234769483475205	21.752966616235486	0.0	0.0	
31.876619423201905	22.038418900770296	0.0	0.0	
13.904323315141706	21.598174939784233	0.0	0.0	
25.24540478666482	0.5918485367164763	0.0	0.0	
29.100750638248694	16.10507656475069	0.0	0.0	
8.422024592934125	27.49095724192468	0.0	0.0	
7.221518193391013	12.346884210529492	0.0	0.0	
27.8052819655784	8.942764460574498	0.0	0.0	
1.3484017808022344	25.29284587668742	0.0	0.0	
23.09522989196558	10.79729311636363	0.0	0.0	
26.399873490175892	20.58510499759188	0.0	0.0	
8.92340787247905	26.539945127325442	0.0	0.0	
1.1804527567359528	14.573030801725203	0.0	0.0	
18.920608772121277	23.9297451326022	0.0	0.0	
27.989977515772747	5.831732605650352	0.0	0.0	
7.770859111193861	19.87850027720663	0.0	0.0	
22.118024974957628	6.623580974143465	0.0	0.0	
15.990327212535746	17.856216270407202	0.0	0.0	
16.918307879524736	14.398314736883194	0.0	0.0	
30.31562132192746	9.731215036554744	0.0	0.0	
5.099208226960261	30.831229516838153	0.0	0.0	
16.252400434891467	5.2070036348127715	0.0	0.0	
8.295364544758868	28.90267599990292	0.0	0.0	
25.57429911383636	6.167042092252533	0.0	0.0	
14.287720329235718	29.36451575298962	0.0	0.0	
24.59690449411002	7.494589364951604	0.0	0.0	
15.969927832351331	15.530872054687219	0.0	0.0	
1.7498801324900306	9.071586366261009	0.0	0.0	
14.560029192007523	27.1164081183938	0.0	0.0	
6.928538636096469	10.729881538341012	0.0	0.0	
0.45153193443713135	13.383608820952748	0.0	0.0	
24.082400135091124	24.39848107741587	0.0	0.0	
0.855330833751843	28.80126758712372	0.0	0.0	
1.0453806283609488	15.133468487590356	0.0	0.0	
30.610957993324433	5.421095271289854	0.0	0.0	
26.53862848568635	5.213220220682409	0.0	0.0	
1.8867116922108451	3.5034722205993987	0.0	0.0	
15.856358789963906	21.273784973138174	0.0	0.0	
6.003954122323581	17.397641975961015	0.0	0.0	
0.6110162065528044	16.07106299318296	0.0	0.0	
30.696731514455013	5.981956143695605	0.0	0.0	
4.7780771369263775	9.335086270259804	0.0	0.0	
3.8593600956073146	1.7149384179975016	0.0	0.0	
7.51848206873678	25.89439136699823	0.0	0.0	
30.00437011000589	14.820129633101814	0.0	0.0	
10.298008129466933	26.735606148456096	0.0	0.0	
6.322729341200393	1.0832075821949694	0.0	0.0	
13.408814685515825	26.35581079486654	0.0	0.0	
27.068700387398977	11.642491311889252	0.0	0.0	
13.838946263158562	18.338360601279774	0.0	0.0	
8.566184259406104	25.56259814430588	0.0	0.0	
10.996040427890406	6.054614116013017	0.0	0.0	
23.90106967740331	17.142132617094603	0.0	0.0	
4.732166844221155	7.30113156752947	0.0	0.0	
22.272135376217456	17.416630413022087	0.0	0.0	
15.057869388848943	25.639327450255674	0.0	0.0	
23.9397253446714	22.03458379328109	0.0	0.0	
29.343579167943638	14.791737607061997	0.0	0.0	
8.424561255969554	8.36616519319887	0.0	0.0	
27.68513269889434	30.234591802673933	0.0	0.0	
19.528505334841583	19.40199746949642	0.0	0.0	
0.4284035375685349	20.229964978077987	0.0	0.0	
26.327263755889994	1.0577291886176212	0.0	0.0	
15.334302840570537	14.613137512897623	0.0	0.0	
24.944027394743543	22.63107097121669	0.0	0.0	
7.371036751378515	3.686501595403172	0.0	0.0	
8.421856386813861	27.685564880095907	0.0	0.0	
23.056901693615217	13.417509866098491	0.0	0.0	
11.565230729187626	24.863645865093517	0.0	0.0	
13.019667080573864	17.680778350264728	0.0	0.0	
26.1381209182162	9.499073263089784	0.0	0.0	
5.759906465699526	10.666098407965809	0.0	0.0	
28.102086524708593	17.917953826679486	0.0	0.0	
15.963260254132074	12.321365577584519	0.0	0.0	
7.313989811624737	1.2478527154461823	0.0	0.0	
17.313114672435024	24.22187275844881	0.0	0.0	
6.78508931114958	5.7302636774860325	0.0	0.0	
4.855081641207274	27.28176911371041	0.0	0.0	
4.6804303219586885	4.624529240474267	0.0	0.0	
8.37875744383971	28.84143787773436	0.0	0.0	
25.088076827219613	22.735223493629327	0.0	0.0	
31.101113220942008	9.51674362863038	0.0	0.0	
10.680294762438375	2.2372824163373224	0.0	0.0	
25.81476391014518	21.462496286932716	0.0	0.0	
30.17737190144437	7.991983271443694	0.0	0.0	
19.411335374281762	23.08824262148929	0.0	0.0	
31.21694021386807	5.292978197434724	0.0	0.0	
17.38104209540331	1.641409116034918	0.0	0.0	
16.78464508378047	31.913608432015895	0.0	0.0	
11.485612286045814	22.315709118473762	0.0	0.0	
0.518136749359261	24.624047944004083	0.0	0.0	
2.2052823196761793	0.177301375116933	0.0	0.0	
8.106094088254512	10.969511033912632	0.0	0.0	
21.220248112322665	22.07700687325214	0.0	0.0	
31.413880414108228	31.387193365620583	0.0	0.0	
16.906592587566738	21.45092196184186	0.0	0.0	
23.919331441862614	19.678134906582795	0.0	0.0	
27.834032912460334	23.475950106309707	0.0	0.0	
5.2989241917723895	27.999034440593267	0.0	0.0	
14.641394775687925	4.359747843587066	0.0	0.0	
31.016609583718207	25.144439260973034	0.0	0.0	
15.836100319423707	24.65543883763186	0.0	0.0	
26.907340882012775	28.124210292963202	0.0	0.0	
15.650934427039445	6.705571084328618	0.0	0.0	
20.65819593402716	17.40728995889778	0.0	0.0	
4.5148497512988826	2.6429500935019803	0.0	0.0	
3.314183347817572	1.5219463737770198	0.0	0.0	
27.619648614009737	19.466999878944154	0.0	0.0	
31.83826654093738	13.385962450493043	0.0	0.0	
16.67132147759328	14.449728926305237	0.0	0.0	
18.663253974983345	29.80471293403119	0.0	0.0	
7.393558401186461	23.09865689033382	0.0	0.0	
27.40989984361932	14.390994426334927	0.0	0.0	
25.28669537966713	10.321030747532788	0.0	0.0	
23.73231865231683	24.261768080470848	0.0	0.0	
19.900735821041632	28.077145844867132	0.0	0.0	
2.2554896429235605	5.23963687365984	0.0	0.0	
23.326997014093585	25.23362425827185	0.0	0.0	
9.724464368534452	27.333866973321037	0.0	0.0	
13.486743922490774	4.961592742826596	0.0	0.0	
29.220307108073175	30.25750096328319	0.0	0.0	
1.4732714387751287	28.225571374351727	0.0	0.0	
11.947426271862177	0.7859228417709829	0.0	0.0	
8.69375807931322	16.911997324191237	0.0	0.0	
14.921166168138981	9.35040317736117	0.0	0.0	
24.59075146639015	28.77315730638909	0.0	0.0	
30.47710923933848	19.054331459763155	0.0	0.0	
10.874341980554046	26.38521530758998	0.0	0.0	
22.063188309058646	3.33814105623593	0.0	0.0	
5.825852101675817	23.122854506813322	0.0	0.0	
4.090718816152123	31.842556672047625	0.0	0.0	
8.071286883496331	0.4221593672247401	0.0	0.0	
18.218526022571133	26.907484277733854	0.0	0.0	
20.135273889148117	19.349218950072608	0.0	0.0	
15.058420419916697	23.311102414357684	0.0	0.0	
0.08227867082930018	16.971923155075253	0.0	0.0	
20.658527137335955	31.725614504697862	0.0	0.0	
20.936388776010013	10.66285469595729	0.0	0.0	
1.2570926191645952	3.4729596487757313	0.0	0.0	
20.174668813234106	13.86454966745615	0.0	0.0	
9.53289503337211	10.375368884405844	0.0	0.0	
6.869847274075106	11.789231809773078	0.0	0.0	
2.3074623074784952	2.207639152570504	0.0	0.0	
23.020973487231252	5.589279580038838	0.0	0.0	
7.3710280268524855	1.8056627723035064	0.0	0.0	
21.70484747705152	29.332922032291105	0.0	0.0	
15.983540425842008	12.992198767448343	0.0	0.0	
18.24472331128541	12.786094894963682	0.0	0.0	
24.93413631320158	17.56768729094045	0.0	0.0	
19.106223993865274	11.74153891384545	0.0	0.0	
7.757990099571916	4.340181279064879	0.0	0.0	
19.47387424793815	11.865390535259802	0.0	0.0	
0.34683745150847045	19.1066429558171	0.0	0.0	
17.97934746228144	30.206028629682123	0.0	0.0	
16.57918397997528	28.349855014726263	0.0	0.0	
3.105486604060001	14.182455919326184	0.0	0.0	
29.4165061433523	26.624503022091144	0.0	0.0	
1.8362541015642684	5.9614340569155075	0.0	0.0	
24.935169475526962	22.820352015206865	0.0	0.0	
14.366495524250546	8.271388398537116	0.0	0.0	
27.746903222155094	3.487602690523044	0.0	0.0	
26.772438384489668	18.61893785330531	0.0	0.0	
21.204756642366995	31.742287129803575	0.0	0.0	
11.033492746001922	18.101907190325058	0.0	0.0	
7.778756268529563	21.133728558145837	0.0	0.0	
29.67949764407189	11.793626731248406	0.0	0.0	
24.845108250367282	8.612389775371021	0.0	0.0	
15.724077119289301	2.6334677861316997	0.0	0.0	
24.81823515631934	13.71397670272679	0.0	0.0	
21.318064046011145	2.0419375409964573	0.0	0.0	
31.709962849654083	21.90990606397527	0.0	0.0	
10.29514421931787	8.970439982520254	0.0	0.0	
