2
32.0	0.0	0.0	0.0	
0.0	32.0	0.0	0.0	
24.050471055935905	18.391617402266665	0.0	0.0	
10.225589355669285	23.640962671192405	0.0	0.0	
6.653170256074269	4.640501706625592	0.0	0.0	
27.74112549422406	17.139087633037235	0.0	0.0	
24.312847052317128	25.483985951463804	0.0	0.0	
7.752956675583501	1.34885185310306	0.0	0.0	
19.99453099388036	20.697607408813578	0.0	0.0	
24.602741808446797	2.256970659788024	0.0	0.0	
17.564171668574875	9.192454160759748	0.0	0.0	
30.407776519412522	5.2155322142325495	0.0	0.0	
18.820134475984283	29.64163618691288	0.0	0.0	
27.725686343740566	27.527379999794057	0.0	0.0	
21.455978260281952	19.013783871858653	0.0	0.0	
10.196781831442966	5.050212141581735	0.0	0.0	
8.191672208239407	11.698449334980772	0.0	0.0	
31.51098672784995	11.3417273715807	0.0	0.0	
24.15862842799428	19.61931216139756	0.0	0.0	
15.31588683339234	13.306910858878457	0.0	0.0	
14.4943576526749	11.200135964541378	0.0	0.0	
3.2492610134678515	30.868314287368566	0.0	0.0	
31.723288691628333	29.97051859956263	0.0	0.0	
13.639146597505029	19.791930461751175	0.0	0.0	
18.65405105458601	11.560593352423059	0.0	0.0	
6.873531428183693	5.959529498668438	0.0	0.0	
29.470604169479536	15.350389633419208	0.0	0.0	
13.037398861496143	0.21849837798119864	0.0	0.0	
1.8208725041469336	16.74984170001435	0.0	0.0	
7.368289774609359	14.035960156965295	0.0	0.0	
9.582236329951812	29.204166447283203	0.0	0.0	
6.754068621972419	14.792665860308052	0.0	0.0	
0.21488415436439467	15.070426395201231	0.0	0.0	
4.6489996520683015	12.873948242467208	0.0	0.0	
30.585127748504245	28.54067570858097	0.0	0.0	
15.941214507616763	10.260624552789846	0.0	0.0	
23.406325272430692	7.788874201121633	0.0	0.0	
22.34360863735957	7.075892413478844	0.0	0.0	
29.10240100413977	12.124861493760907	0.0	0.0	
24.62915747119336	13.658205706998334	0.0	0.0	
15.465488020964177	26.565312565765105	0.0	0.0	
17.022675586974202	8.432637352143896	0.0	0.0	
9.633829308774278	9.260697976598532	0.0	0.0	
13.339713313154153	28.92609141856486	0.0	0.0	
21.36394898951255	19.032595483917177	0.0	0.0	
1.571364111583268	13.846934982576695	0.0	0.0	
18.614144680575787	19.21721903189918	0.0	0.0	
21.56552306998502	14.751903662485041	0.0	0.0	
22.992404300961546	23.538223604638695	0.0	0.0	
2.4305644442452703	26.805939662723947	0.0	0.0	
14.992806624934765	26.723244623967393	0.0	0.0	
27.400262786693933	12.731756357123793	0.0	0.0	
9.898710769677283	27.255330441384576	0.0	0.0	
3.9229730403356804	16.58867911897835	0.0	0.0	
3.965186735148386	2.414397342510714	0.0	0.0	
27.882851213594055	9.411106630095595	0.0	0.0	
24.678927558816664	3.615087690730494	0.0	0.0	
21.84215219491293	17.946088433110596	0.0	0.0	
14.320456827722943	17.016118248890972	0.0	0.0	
26.20282367556469	11.374460609380641	0.0	0.0	
19.328879578264257	22.03074014330702	0.0	0.0	
18.291557429624156	24.31888153279441	0.0	0.0	
17.51954413418791	27.025035743082444	0.0	0.0	
8.271154468912858	19.521173221296657	0.0	0.0	
17.732359851190957	11.90258864092166	0.0	0.0	
20.980112544141495	11.490075646009704	0.0	0.0	
24.838776011432145	4.45206847924943	0.0	0.0	
22.613244548929554	30.16840955264448	0.0	0.0	
21.72364896391639	8.50232889124582	0.0	0.0	
11.794179924798442	26.140312146057717	0.0	0.0	
24.57366973719322	11.24106412693816	0.0	0.0	
22.952685374727988	24.103326537018706	0.0	0.0	
23.17939368338805	29.489526442641107	0.0	0.0	
5.807676616362087	2.2410008312263834	0.0	0.0	
19.789032256819684	11.68509033657837	0.0	0.0	
6.920433478766569	6.661463428402975	0.0	0.0	
29.469357363040448	2.4676449280130797	0.0	0.0	
9.960472034232215	23.704452999837482	0.0	0.0	
1.9119807677513094	1.8053473998971619	0.0	0.0	
10.622585762945864	18.48056316642686	0.0	0.0	
28.59475132743959	30.128981262089724	0.0	0.0	
25.99093909656258	6.251595929359631	0.0	0.0	
31.636807129701154	14.423661029501325	0.0	0.0	
23.342894245046335	19.47558056451697	0.0	0.0	
7.548313364720041	11.757375159077068	0.0	0.0	
25.324039182154465	31.200798303867654	0.0	0.0	
16.329663424139817	22.112935346477087	0.0	0.0	
19.580871199769906	7.255104659715617	0.0	0.0	
6.004287831253482	3.646412211732514	0.0	0.0	
24.176696980437477	20.567022372918757	0.0	0.0	
4.775993155278545	21.911439000533488	0.0	0.0	
28.47195803506076	18.988598704357415	0.0	0.0	
2.7640563791819126	23.409447191269166	0.0	0.0	
26.109967165822926	7.886344844163258	0.0	0.0	
21.951033587120044	3.9501897467522546	0.0	0.0	
16.115259316597704	26.317049839466623	0.0	0.0	
2.0831064977130573	23.968545753586127	0.0	0.0	
2.743914560886523	2.0287423747137403	0.0	0.0	
26.831150379293224	17.116357472639137	0.0	0.0	
4.64191512801888	21.470420837897976	0.0	0.0	
0.35442868024335894	18.804085309546856	0.0	0.0	
18.094018828186158	26.854115523508295	0.0	0.0	
10.97220282185874	18.658187200547314	0.0	0.0	
24.69828194179143	10.1402467141059	0.0	0.0	
6.590581832956804	2.8580784537701014	0.0	0.0	
18.813622065170573	20.2879497510813	0.0	0.0	
30.89485383335969	19.24654508753477	0.0	0.0	
11.074409404186987	22.336438821256625	0.0	0.0	
29.99872370989046	31.90924437322553	0.0	0.0	
21.46281553764227	20.482672190709636	0.0	0.0	
13.13925233946468	10.826578274310716	0.0	0.0	
0.6944931127350564	16.787050643565863	0.0	0.0	
21.30572577450822	21.88276532009063	0.0	0.0	
18.280393834227958	16.985478359352065	0.0	0.0	
11.732602703670594	6.942215822745013	0.0	0.0	
30.174332859446096	29.471444343013847	0.0	0.0	
16.547944765397297	25.76400904384783	0.0	0.0	
25.514639805294014	23.01715837270789	0.0	0.0	
28.486878714066627	13.546127993422683	0.0	0.0	
13.515111899103665	0.9148015591589385	0.0	0.0	
26.183659498701598	14.415295158307465	0.0	0.0	
18.685677189867825	26.869810528266022	0.0	0.0	
24.974598006216677	18.46387181226407	0.0	0.0	
8.947199987249029	24.65536236042432	0.0	0.0	
14.216408925301554	2.6292448526884904	0.0	0.0	
30.425131545588812	8.724952837071747	0.0	0.0	
26.354890641403273	5.663829410001092	0.0	0.0	
21.76456605046094	17.920644165907962	0.0	0.0	
30.424695680978783	12.538341304393533	0.0	0.0	
6.588690789318662	20.401952384461797	0.0	0.0	
26.162664652512483	23.961670324905786	0.0	0.0	
17.859720960233304	9.090790203877425	0.0	0.0	
6.908453079661534	11.305678451845502	0.0	0.0	
10.51962768122392	5.458985409382034	0.0	0.0	
29.15117544443274	27.177836033308807	0.0	0.0	
1.4589001932046024	25.617344591780896	0.0	0.0	
12.199839246031097	29.48028643179202	0.0	0.0	
12.600425188513608	17.387151315982337	0.0	0.0	
11.385599501084766	21.46276555627665	0.0	0.0	
31.416754680769024	22.116019651207832	0.0	0.0	
10.355131834629912	2.15123435107267	0.0	0.0	
0.9398425151280563	18.465578149105376	0.0	0.0	
18.98341200754611	29.0920079605067	0.0	0.0	
24.598986573816667	1.1439771067038933	0.0	0.0	
30.145494605088054	10.727833249800963	0.0	0.0	
13.752579363596322	16.550693714420497	0.0	0.0	
12.492879702016523	16.926663688714267	0.0	0.0	
26.492266400934117	10.624050190287026	0.0	0.0	
11.612245880014257	12.14543950040759	0.0	0.0	
3.7436976278713736	30.531776527071276	0.0	0.0	
23.078181270882435	29.479091025402383	0.0	0.0	
4.458071879236744	24.324151522448705	0.0	0.0	
7.021871270218828	9.232083068099918	0.0	0.0	
18.493790289040504	15.182047712761754	0.0	0.0	
24.9668410369518	16.351343656108636	0.0	0.0	
22.68056325079692	15.511206454837762	0.0	0.0	
15.127485742204694	19.131031473886917	0.0	0.0	
8.897402341955903	7.9749273508189376	0.0	0.0	
6.195515340176101	3.400990105316062	0.0	0.0	
7.232143703519707	27.92164056001277	0.0	0.0	
18.874718616228247	13.875329224551002	0.0	0.0	
27.02007502954275	10.616477045585306	0.0	0.0	
8.922584700026942	16.487402052662915	0.0	0.0	
10.28509352130288	23.941866682905545	0.0	0.0	
7.6103039000104715	30.13747438187708	0.0	0.0	
17.192305771939353	9.29596458375379	0.0	0.0	
6.291099152855452	4.827228348547113	0.0	0.0	
7.602611826451	14.684145168325195	0.0	0.0	
30.962318855372715	8.541820959081555	0.0	0.0	
3.9751843922673586	6.093441187181025	0.0	0.0	
4.985241025549243	29.71608526548943	0.0	0.0	
24.095972733025516	26.320777586541908	0.0	0.0	
19.00642212590216	17.230915048239364	0.0	0.0	
15.911670821639404	23.317627714603972	0.0	0.0	
21.456128927352413	6.8350171712987695	0.0	0.0	
28.385800221106738	15.128119290982617	0.0	0.0	
5.188692593054082	4.698237668014169	0.0	0.0	
29.521290442135236	21.364259005939225	0.0	0.0	
8.094570257237347	27.310432100049468	0.0	0.0	
3.593459405165625	23.484510019906395	0.0	0.0	
15.087751194619031	3.19857932768441	0.0	0.0	
1.520253412767385	4.814272840516033	0.0	0.0	
6.217765235062551	3.7372997321510226	0.0	0.0	
14.340273134523894	8.516046672912857	0.0	0.0	
25.95455346494931	26.811656953543338	0.0	0.0	
20.914662043568384	15.696229013895476	0.0	0.0	
17.28984549405932	21.92972821777994	0.0	0.0	
14.805338650403804	17.11426510753199	0.0	0.0	
27.75132788329788	0.5814299191490626	0.0	0.0	
8.790494727594254	16.912761805303433	0.0	0.0	
6.896086083621082	8.725840627203475	0.0	0.0	
28.257391986655232	2.9181038592130477	0.0	0.0	
29.321504081860194	22.650778809322603	0.0	0.0	
10.137612945427005	23.280453966851237	0.0	0.0	
14.523877334568006	17.701426167354644	0.0	0.0	
20.787782799771747	28.82339601270535	0.0	0.0	
17.661148301290154	11.781546511653413	0.0	0.0	
24.66165707821201	22.115257820388248	0.0	0.0	
30.82606527542642	11.468338953954838	0.0	0.0	
21.85341366440359	25.112477469333594	0.0	0.0	
26.892898650533546	25.419005466083675	0.0	0.0	
29.696428902072647	11.126545571215956	0.0	0.0	
25.12140773664532	0.9635391734190009	0.0	0.0	
18.942110283448436	19.289350155821104	0.0	0.0	
3.040730680872109	9.29661686337828	0.0	0.0	
3.669748226896452	8.944471071801075	0.0	0.0	
29.706977111949335	0.22374890302700834	0.0	0.0	
29.25824344961241	22.54196061580079	0.0	0.0	
12.79418796462203	9.894012656819573	0.0	0.0	
0.1251978177804034	2.038091226032577	0.0	0.0	
29.50081474124406	21.289931394940563	0.0	0.0	
4.451081808130642	19.788667907637244	0.0	0.0	
27.67500056985884	11.661278467239178	0.0	0.0	
2.359147557185125	7.332896836555733	0.0	0.0	
21.662678871264013	16.540262645630335	0.0	0.0	
1.3905762523027434	12.885458612774489	0.0	0.0	
19.042352259635294	28.22396226571761	0.0	0.0	
3.4412256095587743	30.866426368122987	0.0	0.0	
4.27964184317424	16.03821372618874	0.0	0.0	
12.893801710419886	8.691767482160543	0.0	0.0	
28.93618908926488	2.194023198898069	0.0	0.0	
24.008003227909963	3.9535628532091494	0.0	0.0	
16.716742136806907	5.590572372932883	0.0	0.0	
24.47872842269058	14.599630934581711	0.0	0.0	
23.733354684666555	15.626700458710339	0.0	0.0	
12.935901409467721	31.457542764684824	0.0	0.0	
14.718626600897124	7.981982178187707	0.0	0.0	
16.085584952788583	18.464247984380037	0.0	0.0	
27.73164105608612	10.864793709501093	0.0	0.0	
11.329034059270942	21.9590298541614	0.0	0.0	
7.530870254625807	5.907234283855704	0.0	0.0	
0.001681021368504787	0.9289371771894608	0.0	0.0	
9.31073151962303	5.79799049258888	0.0	0.0	
27.447157116749597	29.594504508830013	0.0	0.0	
15.77475646748124	7.342462387122872	0.0	0.0	
28.11166294389255	6.485796166944919	0.0	0.0	
17.942321385016424	11.775287495834231	0.0	0.0	
24.213872533145384	23.335314767323123	0.0	0.0	
30.901341458692887	11.514815584082147	0.0	0.0	
18.503006020634643	3.0209571760750507	0.0	0.0	
14.391150105245508	6.665430896735948	0.0	0.0	
5.196535912055047	12.300957113976231	0.0	0.0	
24.65967381420245	23.786716896216326	0.0	0.0	
7.318000504113876	12.379654519304342	0.0	0.0	
30.455648308719475	18.3044409031226	0.0	0.0	
25.686388977731877	5.7524532503544705	0.0	0.0	
21.89779575616379	1.4949114855198289	0.0	0.0	
24.132127683997602	0.960149294582795	0.0	0.0	
23.54859746450548	21.91234800704192	0.0	0.0	
18.703300325889632	15.546685317304785	0.0	0.0	
14.765055544875889	7.395400117419552	0.0	0.0	
31.92633109739011	15.001385672232011	0.0	0.0	
4.064648194428326	30.795945010209742	0.0	0.0	
25.60760406562849	1.4705830467299563	0.0	0.0	
25.44496277102744	10.312099826510984	0.0	0.0	
30.908264653755857	11.338452354339033	0.0	0.0	
23.427466977447533	17.72670403476515	0.0	0.0	
9.160999460132146	21.038076611718292	0.0	0.0	
22.274259874073245	3.954949715262604	0.0	0.0	
25.353620562958078	8.611571979040107	0.0	0.0	
1.8757211245193943	4.112799332422778	0.0	0.0	
30.337093182186738	9.74383002799399	0.0	0.0	
15.349893253005536	3.990066376810617	0.0	0.0	
29.73155268913808	22.453499919036172	0.0	0.0	
27.239377117476298	1.3911117585097514	0.0	0.0	
1.1574159285701704	22.139731771425463	0.0	0.0	
9.7334008280727	18.88229932646155	0.0	0.0	
4.579315962691009	10.419143491703945	0.0	0.0	
13.293195615566042	1.9186595920980096	0.0	0.0	
1.4857181667544346	14.01037163780282	0.0	0.0	
31.866984639024416	27.974598328846643	0.0	0.0	
24.234521174197265	9.245452972709327	0.0	0.0	
24.124641139982977	11.865166272682952	0.0	0.0	
1.9370757880667533	5.272549203110245	0.0	0.0	
10.261668468374332	31.884650119068766	0.0	0.0	
23.31155657065853	13.180602217611884	0.0	0.0	
2.6767092886729493	21.70884459933544	0.0	0.0	
10.078951690160302	16.639750874532975	0.0	0.0	
10.714323924000063	21.796801562265156	0.0	0.0	
24.014861237591905	8.664728125077826	0.0	0.0	
18.971804897334877	28.02274344023256	0.0	0.0	
10.230087836602909	23.570671727128612	0.0	0.0	
28.726705236159802	11.18000646663895	0.0	0.0	
30.724366030797544	23.427261486548677	0.0	0.0	
27.964989704395457	9.474406389124976	0.0	0.0	
16.48969548488633	28.539889105007124	0.0	0.0	
22.73281794570137	4.164241682565649	0.0	0.0	
20.40535171645363	6.315831941690149	0.0	0.0	
15.415610935081485	28.838458692447553	0.0	0.0	
16.53485281149042	27.33587158230251	0.0	0.0	
16.06697691756208	4.1097198837312305	0.0	0.0	
20.59855217046736	26.94140240939824	0.0	0.0	
12.051048102582126	21.823370085090918	0.0	0.0	
12.822009728542561	13.537305858425391	0.0	0.0	
18.059969719482407	5.567939723229298	0.0	0.0	
15.2902912909076	23.92888874359701	0.0	0.0	
29.361882842410687	2.1725773563478157	0.0	0.0	
14.122797777878802	25.653748058958854	0.0	0.0	
9.967596812688782	24.335320178461732	0.0	0.0	
23.917729248023345	11.483330723275689	0.0	0.0	
4.1961256769125015	25.043681063553777	0.0	0.0	
26.465924920743458	16.65932412354893	0.0	0.0	
2.9661297090660526	29.379035623456474	0.0	0.0	
18.470274586277615	16.767733486461548	0.0	0.0	
9.769404432304974	11.27514523095753	0.0	0.0	
13.545322198309627	24.762803565783052	0.0	0.0	
18.740266335326154	31.535730243735113	0.0	0.0	
18.218588600651863	28.88270745443684	0.0	0.0	
18.32705428865093	16.300746129636423	0.0	0.0	
30.133221610049862	6.922464910594645	0.0	0.0	
2.9170972273299896	6.990552528606173	0.0	0.0	
25.320934473389034	27.298441144262558	0.0	0.0	
8.780885218642613	0.4860477670213861	0.0	0.0	
3.16235395599384	11.790059790129295	0.0	0.0	
12.252193212896973	0.26976265628701057	0.0	0.0	
24.974321971747568	29.67312294507451	0.0	0.0	
11.607512194915461	21.66456134247572	0.0	0.0	
6.473313502609308	0.8305700716346287	0.0	0.0	
30.08037224174736	26.73063870865338	0.0	0.0	
31.542327638374054	29.272241466539988	0.0	0.0	
22.606557141091564	21.497397965709002	0.0	0.0	
10.08611877082572	15.845040287588766	0.0	0.0	
0.9142501019950977	28.477458100054225	0.0	0.0	
7.8357495663129235	24.91677213412021	0.0	0.0	
3.9538379426005967	26.243513979806604	0.0	0.0	
9.813871739494548	31.072645041423655	0.0	0.0	
14.04407149090989	22.1799306093399	0.0	0.0	
29.759800900884258	29.001158215725848	0.0	0.0	
16.43171614460611	21.725919148825163	0.0	0.0	
27.144353763624284	28.375030187141068	0.0	0.0	
14.237711235725143	10.173992938344071	0.0	0.0	
24.85258501239338	1.4815263002772134	0.0	0.0	
20.92882006674702	17.699067947540435	0.0	0.0	
25.646507710066757	18.254694538585962	0.0	0.0	
25.94165367871269	2.2383695687991043	0.0	0.0	
7.522519891380163	23.037810880775826	0.0	0.0	
27.837674637390986	16.31254285896461	0.0	0.0	
25.42759886217981	27.506520490241105	0.0	0.0	
29.74434286270622	20.36677049428672	0.0	0.0	
18.36907778406717	7.755450691298179	0.0	0.0	
25.399676902864954	7.486048655494688	0.0	0.0	
8.486995681712177	10.407230174310435	0.0	0.0	
12.47962539995111	31.497627239985672	0.0	0.0	
25.91407525201367	12.632515795001357	0.0	0.0	
27.35800768812614	18.857109244724487	0.0	0.0	
24.6507200751946	8.478258183899765	0.0	0.0	
5.773487877419022	21.518742005872696	0.0	0.0	
24.902570712155317	27.34926748066286	0.0	0.0	
7.411217465071513	28.09168506665608	0.0	0.0	
19.345019359937112	8.865380953308868	0.0	0.0	
27.595831901443177	21.68893150484904	0.0	0.0	
17.062470710874397	30.566878987934338	0.0	0.0	
1.930379781460779	3.432381716084059	0.0	0.0	
27.55031063410334	20.378778659666143	0.0	0.0	
5.828558746323438	8.546466043440947	0.0	0.0	
21.57887041022938	23.923874636502248	0.0	0.0	
14.654287445582288	6.697030291944824	0.0	0.0	
6.106023771014495	28.971476744255234	0.0	0.0	
24.896039983663005	29.973108487491576	0.0	0.0	
15.995585252618582	11.67115610824229	0.0	0.0	
27.55365161026114	29.868154564985506	0.0	0.0	
25.981046624860884	30.63139019516151	0.0	0.0	
6.3433133835052224	21.965078984438044	0.0	0.0	
30.08656022910128	12.073184376543402	0.0	0.0	
4.88536682843176	22.138258111366035	0.0	0.0	
20.15527821308197	24.193320926944367	0.0	0.0	
31.11117763467599	3.389982543383322	0.0	0.0	
25.021262766741756	3.863502652420678	0.0	0.0	
20.853852613692673	20.429832057065568	0.0	0.0	
21.77730795794122	31.901432728028542	0.0	0.0	
28.459399491516205	5.376447814143088	0.0	0.0	
5.220164422979302	8.230580569368687	0.0	0.0	
14.488170369153533	17.14876546276161	0.0	0.0	
30.522221391317444	13.283766830485035	0.0	0.0	
25.139158646229866	0.5130558121049589	0.0	0.0	
17.698479348266883	2.7961195914018653	0.0	0.0	
12.888607258577736	25.015944842601	0.0	0.0	
22.81782104034249	25.67958921903328	0.0	0.0	
2.4747375659956994	6.739439056629362	0.0	0.0	
12.816868422004372	13.332202274973227	0.0	0.0	
22.35953969315912	13.795635829599124	0.0	0.0	
27.53167306935234	13.249196234376566	0.0	0.0	
24.674289442163793	6.5997815051464634	0.0	0.0	
0.327657710857018	11.868154770576503	0.0	0.0	
22.34790485793424	2.8587356272625897	0.0	0.0	
19.685776779200072	11.019543362863494	0.0	0.0	
3.7698030732695926	17.37685859341226	0.0	0.0	
16.71067960452972	20.796915209783155	0.0	0.0	
27.07392639915904	27.70036187019066	0.0	0.0	
18.260554026046997	8.507357716121401	0.0	0.0	
23.94309226586801	22.068408934310863	0.0	0.0	
10.214005349728698	30.39714994751218	0.0	0.0	
0.8531139620845529	8.967664808517679	0.0	0.0	
18.44151097998048	4.218136199354365	0.0	0.0	
14.42152912587565	26.066221835255753	0.0	0.0	
26.20972942813684	23.24802562348917	0.0	0.0	
23.295784508850925	17.359111611525744	0.0	0.0	
18.47111972677339	9.901445697371052	0.0	0.0	
25.248232344652614	18.49138086809888	0.0	0.0	
4.892101024947262	30.37791894426667	0.0	0.0	
19.23927714412334	14.729365936832611	0.0	0.0	
9.25626652495609	14.60863778601929	0.0	0.0	
24.548996737894115	7.97031022927116	0.0	0.0	
14.747198121084491	10.929542901600918	0.0	0.0	
23.455432274897397	6.427975420344541	0.0	0.0	
8.071093850813934	31.312999706772995	0.0	0.0	
19.024046921932477	22.230135140781844	0.0	0.0	
2.5135356880806867	11.064190616569554	0.0	0.0	
21.858831563362624	25.88348036108208	0.0	0.0	
0.35684863041829473	21.643628559004156	0.0	0.0	
31.17164230194174	12.343759132251776	0.0	0.0	
22.43246355445989	0.6616813098349645	0.0	0.0	
4.881830787350729	27.41938907628792	0.0	0.0	
15.97966032510157	14.24901714805129	0.0	0.0	
20.334373906160902	21.033313150250805	0.0	0.0	
1.3090683490076351	3.9950185146585646	0.0	0.0	
5.002678918587673	23.291166804416996	0.0	0.0	
17.156314379155262	5.855399114867378	0.0	0.0	
8.209605663804162	30.616062651670426	0.0	0.0	
8.345228222667785	8.558065873707797	0.0	0.0	
21.496901094480627	15.170753650362702	0.0	0.0	
24.840770465083946	22.06909386769561	0.0	0.0	
7.154013752678619	2.733872504621722	0.0	0.0	
20.988026833104197	24.50101857944032	0.0	0.0	
7.813115876632153	26.222101151644544	0.0	0.0	
16.15279862317589	18.466137894134874	0.0	0.0	
26.840045474016254	11.357703104760429	0.0	0.0	
30.869268212941904	30.460504417875132	0.0	0.0	
1.024699251129011	7.508012923911579	0.0	0.0	
28.568728973395796	15.160465504341069	0.0	0.0	
18.820982007353127	20.258114444810797	0.0	0.0	
14.64435662018533	21.432515074655207	0.0	0.0	
7.293713334799531	23.076248325812845	0.0	0.0	
30.993906693779415	30.73181319581484	0.0	0.0	
5.8084958643151445	16.87126676519561	0.0	0.0	
30.51262644255509	4.521109541329405	0.0	0.0	
31.785276214402234	16.346478635471588	0.0	0.0	
21.424875351555105	12.620866672851147	0.0	0.0	
30.6590776573742	15.664505776616863	0.0	0.0	
28.69498999999656	1.3565361139389438	0.0	0.0	
20.490134297112174	1.6634541742797602	0.0	0.0	
23.730719565054972	13.987717314000314	0.0	0.0	
31.604510960054498	20.24491678559486	0.0	0.0	
14.75393695560161	14.887803079424536	0.0	0.0	
16.351045102526392	17.34672746465574	0.0	0.0	
6.608394221413448	20.15406174286042	0.0	0.0	
23.101781446938993	12.732799578202194	0.0	0.0	
25.931174649761743	22.519552578322028	0.0	0.0	
30.37080247794662	8.179651465067813	0.0	0.0	
17.022482152583763	23.18184214981354	0.0	0.0	
8.387086960763778	13.19601918544533	0.0	0.0	
20.082720316362018	15.88713150713438	0.0	0.0	
13.774759938963836	10.2326968618734	0.0	0.0	
20.66613187825478	24.95498235576364	0.0	0.0	
0.6470857341651524	31.306292116726315	0.0	0.0	
17.7649209344223	19.445332703919053	0.0	0.0	
21.40613430125891	2.9507790084250693	0.0	0.0	
25.02559301401455	20.87328339422748	0.0	0.0	
4.681653493142253	13.047042817981556	0.0	0.0	
7.630194611322963	5.374118237157951	0.0	0.0	
16.016849431528453	30.429927365483067	0.0	0.0	
15.838234241073348	7.65574821861404	0.0	0.0	
22.675075967166933	10.437932442489853	0.0	0.0	
6.674028633078514	14.031518934242335	0.0	0.0	
15.817312423838406	27.433220697063113	0.0	0.0	
15.429416023921977	24.238546562864205	0.0	0.0	
17.34329296180685	2.2082806382608737	0.0	0.0	
26.571316875796846	3.499256221073683	0.0	0.0	
16.464045596800446	11.850130095439418	0.0	0.0	
29.542843230755	14.609459811636071	0.0	0.0	
3.0016384564963055	23.462691384085097	0.0	0.0	
12.9392164010018	12.078837349891671	0.0	0.0	
14.611036488973618	8.922922130589924	0.0	0.0	
17.671293804917116	31.53621536768589	0.0	0.0	
17.323116657913722	4.677694510497243	0.0	0.0	
5.189501338015237	21.933264021632763	0.0	0.0	
0.07079812487087622	13.86097223722076	0.0	0.0	
20.99991377555218	21.353573199803947	0.0	0.0	
22.03864243610936	16.085086172819008	0.0	0.0	
9.706332263160231	16.219531462901834	0.0	0.0	
23.35778799307492	27.30201502891648	0.0	0.0	
20.156413418021575	23.90601539987297	0.0	0.0	
20.834548932525603	12.422461013353246	0.0	0.0	
11.197334126590867	22.07888640404484	0.0	0.0	
16.52435607517015	3.6387930648914164	0.0	0.0	
0.4603282581995991	26.79674119993453	0.0	0.0	
3.1591968107659945	19.723690114999805	0.0	0.0	
8.613621254089	8.998341902321364	0.0	0.0	
20.411090404466748	21.081452909035054	0.0	0.0	
0.5043434493907242	7.301019711059933	0.0	0.0	
26.216122898629433	22.521705400917448	0.0	0.0	
16.14418403031059	31.147520476917297	0.0	0.0	
16.473288288347323	4.767674515339873	0.0	0.0	
30.1616687214712	7.440245814936553	0.0	0.0	
27.29074767756434	11.859256804598136	0.0	0.0	
22.460589364271705	0.37533084827187224	0.0	0.0	
5.561322613396765	11.02905764664256	0.0	0.0	
0.02410487452424448	26.223865643296897	0.0	0.0	
12.500590709154014	24.33966950735831	0.0	0.0	
20.074212293098167	16.15567475892037	0.0	0.0	
21.535466484737004	28.220354764037726	0.0	0.0	
13.651823908407316	28.476891493597254	0.0	0.0	
13.73206651830612	0.7371556601576117	0.0	0.0	
3.855003358226476	9.727083828453523	0.0	0.0	
4.292129169310989	8.671829397526661	0.0	0.0	
11.378635749953549	26.629882221008064	0.0	0.0	
28.88636326896261	3.380914725759496	0.0	0.0	
16.114183992445213	14.311684560971337	0.0	0.0	
29.655393019423723	6.6291151477848125	0.0	0.0	
5.222093457930921	23.689150224227017	0.0	0.0	
12.422660630568934	24.310040271966848	0.0	0.0	
30.84828572017058	17.999560027330876	0.0	0.0	
0.5164645372476713	26.155966332609395	0.0	0.0	
27.839800370700893	25.019472417428293	0.0	0.0	
11.283437060759685	21.627771199045785	0.0	0.0	
30.790355049256135	15.338928836146568	0.0	0.0	
20.305324364457352	26.714847424342224	0.0	0.0	
20.99139360328894	6.284731823308345	0.0	0.0	
15.620323398015636	12.78255358591182	0.0	0.0	
6.3314534516586285	23.506167814611413	0.0	0.0	
21.29818570225522	22.763436020752593	0.0	0.0	
28.88748028149907	31.28862883101862	0.0	0.0	
1.2850784065350211	29.17144330636274	0.0	0.0	
1.8021603599036986	7.32799090383153	0.0	0.0	
6.785296832451426	19.550057725258824	0.0	0.0	
4.122532389059142	7.06615410626452	0.0	0.0	
30.69016486258171	8.976058778543933	0.0	0.0	
16.392836249387553	22.36044060695758	0.0	0.0	
1.9791183084106123	29.307078462817227	0.0	0.0	
2.5765710550293974	21.58984186473736	0.0	0.0	
3.2782710054321313	31.890405895491067	0.0	0.0	
31.432136852581678	8.262464059627149	0.0	0.0	
20.70602833981458	21.544038235197096	0.0	0.0	
27.642199432170933	6.863229431893881	0.0	0.0	
5.40793281389476	7.160076474774932	0.0	0.0	
21.75161266595388	11.507253044660622	0.0	0.0	
23.107679956907987	11.943302565385842	0.0	0.0	
19.22600500326555	24.521266957742196	0.0	0.0	
30.8267931969236	0.714260712341499	0.0	0.0	
16.24541445268159	28.761557274940596	0.0	0.0	
23.24438034271738	4.664610813802884	0.0	0.0	
18.840953879320953	7.596831723614049	0.0	0.0	
19.206710786411733	10.718848831009826	0.0	0.0	
27.754933478165285	18.606976488907794	0.0	0.0	
13.82626731057212	15.218267046939147	0.0	0.0	
13.282767324058934	30.447325097879105	0.0	0.0	
19.486562412046215	23.777926940603095	0.0	0.0	
26.94501552768651	22.910082344580275	0.0	0.0	
15.004403965463865	27.960507440874128	0.0	0.0	
8.106586649638107	28.189474099910456	0.0	0.0	
4.018373003433304	11.8142587866231	0.0	0.0	
6.651202180608305	25.314485137414092	0.0	0.0	
22.571043870548735	28.340931534775216	0.0	0.0	
6.290131607204778	15.336381207929701	0.0	0.0	
26.253998896387156	10.32724212601424	0.0	0.0	
30.111246168076736	10.0742918196112	0.0	0.0	
2.3430828971620983	6.956977818272371	0.0	0.0	
28.694513949258816	24.835964463507164	0.0	0.0	
14.715114561442139	3.0061603491140154	0.0	0.0	
27.487465989336652	13.863005260358676	0.0	0.0	
18.61078547480375	2.99217403751112	0.0	0.0	
26.49433788707747	10.21044299696479	0.0	0.0	
17.968851285007645	31.040341038725835	0.0	0.0	
6.933212307595646	16.59565324089136	0.0	0.0	
11.14496149064264	31.85227129614882	0.0	0.0	
13.561369632031841	17.197406406406465	0.0	0.0	
24.82684638156337	14.940674931778432	0.0	0.0	
27.697776485931232	6.494204779026312	0.0	0.0	
9.042083821662064	24.611800014889297	0.0	0.0	
19.142651558877027	25.14696139161828	0.0	0.0	
4.02762043310452	0.4111770068087033	0.0	0.0	
15.069347994984284	24.04305478063138	0.0	0.0	
25.109001298145344	12.316861752337505	0.0	0.0	
23.091584948935388	5.220152454270366	0.0	0.0	
31.72109519512257	21.34904867496677	0.0	0.0	
6.681930549918494	10.954430216773194	0.0	0.0	
15.544704220728125	10.178905411174753	0.0	0.0	
19.537101216083666	1.038720156507555	0.0	0.0	
24.15873801425161	30.319132795736504	0.0	0.0	
18.709500097762536	3.4853138548197435	0.0	0.0	
28.52302585557178	1.578669454425345	0.0	0.0	
7.24083491817801	18.208588615688882	0.0	0.0	
23.22632455965395	18.36312069666733	0.0	0.0	
21.5265696135594	26.72923665022479	0.0	0.0	
16.366042307545648	14.110893007907269	0.0	0.0	
20.981245935645923	11.73431311312628	0.0	0.0	
7.128332274228505	25.773328853135446	0.0	0.0	
11.82698030596174	10.662300982857367	0.0	0.0	
17.17317375712605	17.023123698855603	0.0	0.0	
11.935662169838743	25.20356400519957	0.0	0.0	
30.423964413840736	21.55108074829487	0.0	0.0	
1.5452418735634197	21.729927740033855	0.0	0.0	
5.163868310923526	7.568743291085102	0.0	0.0	
31.17711174081936	3.8145070275511905	0.0	0.0	
4.843653359612112	20.19635029180221	0.0	0.0	
29.424967222242223	6.860042617315219	0.0	0.0	
1.7153639407589338	18.266692879569543	0.0	0.0	
6.921412977790446	2.551854529539611	0.0	0.0	
12.431742642259032	17.940777914195493	0.0	0.0	
15.310860565207769	28.347742461138406	0.0	0.0	
10.831512515991655	29.465632891936618	0.0	0.0	
14.796009902329875	27.73118599189489	0.0	0.0	
23.358366113432727	22.26044060786143	0.0	0.0	
10.743287125955408	29.025236088821053	0.0	0.0	
8.588039681574898	9.255973712338552	0.0	0.0	
2.2109019099602456	25.671137459598867	0.0	0.0	
1.2714346222625643	0.7593173469954841	0.0	0.0	
26.674261684388682	15.225157634307433	0.0	0.0	
9.243920569863374	31.4112975600263	0.0	0.0	
2.3640687137408705	29.884412758866322	0.0	0.0	
27.468412115878806	1.638147818579899	0.0	0.0	
12.09748795280775	29.755858710492266	0.0	0.0	
10.680923441155002	28.430631432604606	0.0	0.0	
4.02545299005773	26.342191903251795	0.0	0.0	
26.6526150812798	17.635911370642944	0.0	0.0	
30.682240117071586	13.779264428850425	0.0	0.0	
17.731356431825542	21.125133953682155	0.0	0.0	
6.519701148772942	0.9768119388734284	0.0	0.0	
2.678450568694551	1.631648286907346	0.0	0.0	
18.260634312809863	12.52442382545301	0.0	0.0	
13.177486934550966	26.05743896963111	0.0	0.0	
23.764729419997472	25.934680103113894	0.0	0.0	
31.285098769681742	8.633969825390043	0.0	0.0	
28.513614612884275	12.163005609089165	0.0	0.0	
16.40364018583703	18.300533363412264	0.0	0.0	
23.164317975288327	1.5988222667215624	0.0	0.0	
22.874090804521003	19.436001084073574	0.0	0.0	
31.81047457862912	5.19391794330156	0.0	0.0	
27.992882880101075	27.542936858028128	0.0	0.0	
25.324261730747274	8.678013104365693	0.0	0.0	
12.091541535544373	26.13496561071406	0.0	0.0	
4.449354334528763	25.689468677344077	0.0	0.0	
18.39925485302242	31.855463804088565	0.0	0.0	
10.92684448832518	19.626943667426243	0.0	0.0	
10.066588366560502	3.3103485720805814	0.0	0.0	
27.832010827413647	11.161190915584406	0.0	0.0	
24.876569297100847	17.25613879528363	0.0	0.0	
6.746860738986314	27.92769619581766	0.0	0.0	
14.692988210092654	23.403601330155098	0.0	0.0	
25.622581041032706	2.179126221440665	0.0	0.0	
12.420183167733441	18.334428095054996	0.0	0.0	
7.2873561369782855	2.1517381820422727	0.0	0.0	
17.681508511976805	0.2625059043535458	0.0	0.0	
12.799824157905192	26.336094182072806	0.0	0.0	
16.943079050742345	20.86135904382232	0.0	0.0	
13.987533785846992	25.62013319528442	0.0	0.0	
21.433314595714286	10.125260258386401	0.0	0.0	
5.235689893106748	9.395277331866026	0.0	0.0	
31.960812191567534	11.303602720953347	0.0	0.0	
29.16148536617606	1.1410665624197023	0.0	0.0	
10.940787558613433	1.4855974096128257	0.0	0.0	
10.124842133416756	12.902613305602394	0.0	0.0	
14.162292115384677	12.90453466704695	0.0	0.0	
25.471554800956223	14.636024983287875	0.0	0.0	
18.53500126544442	12.008973231232954	0.0	0.0	
29.357641442817716	17.518692482821205	0.0	0.0	
14.379760685733402	7.83548462251764	0.0	0.0	
7.536338056692326	12.702987872299435	0.0	0.0	
8.385919591858439	2.904541710969262	0.0	0.0	
8.979724700934124	18.554053526644925	0.0	0.0	
17.923975844758058	18.396894791872608	0.0	0.0	
29.30493463972062	11.782492825210873	0.0	0.0	
2.3039740283790238	22.5450960231296	0.0	0.0	
13.944252525056587	23.151912122134203	0.0	0.0	
7.726159837751176	18.06128336079502	0.0	0.0	
18.532208262291388	21.733916423680288	0.0	0.0	
2.669816475514043	16.07944557298247	0.0	0.0	
16.216803129331325	7.191366566971411	0.0	0.0	
28.1253191096296	30.184100559837713	0.0	0.0	
15.870987525087667	9.877069062800839	0.0	0.0	
13.516161789602531	23.6429212712396	0.0	0.0	
5.80191644977366	0.8891571106295046	0.0	0.0	
27.310340737007316	0.4305386370003177	0.0	0.0	
7.684761064598749	6.946436799695853	0.0	0.0	
19.56938826213438	8.469635622076112	0.0	0.0	
29.161975203613324	26.891589909043358	0.0	0.0	
28.836188957234835	10.162938959804247	0.0	0.0	
9.617372802251897	4.614661587375419	0.0	0.0	
18.844045973986933	13.648725966918072	0.0	0.0	
13.481412363671883	18.615619004646632	0.0	0.0	
15.299830080849745	22.993880491216906	0.0	0.0	
6.820019941647875	0.07085123175093244	0.0	0.0	
7.518180154288586	12.766541706292017	0.0	0.0	
21.361791034060957	28.564617905632783	0.0	0.0	
18.6733486631428	11.91758166722775	0.0	0.0	
16.34689893754001	28.39200360594552	0.0	0.0	
25.8210385608605	24.849165046758408	0.0	0.0	
7.114399308562895	5.465734706169698	0.0	0.0	
5.427262193307495	20.36487263694618	0.0	0.0	
13.185484402640736	20.773143979714533	0.0	0.0	
11.282424518235452	28.912740322594136	0.0	0.0	
6.281287710591393	11.625963618658368	0.0	0.0	
7.929391105032025	30.25059098280657	0.0	0.0	
21.07240009459949	0.5790465245769276	0.0	0.0	
2.3323237482403414	2.823579697833651	0.0	0.0	
3.9309052631569763	29.383151966771575	0.0	0.0	
10.256212332582688	27.155627064621847	0.0	0.0	
0.9161598916681797	7.981200959906143	0.0	0.0	
1.3405279972603452	5.473254814634085	0.0	0.0	
29.34919756546285	9.9139686446781	0.0	0.0	
2.186106323093018	1.2622239023716695	0.0	0.0	
30.398124195676345	26.257297192945444	0.0	0.0	
14.754341513349004	3.527405409878849	0.0	0.0	
9.43118880213854	28.145774615550316	0.0	0.0	
17.64475547863758	24.757502222744833	0.0	0.0	
24.88405556629019	23.76547339070216	0.0	0.0	
23.174441911486163	0.5930967281991961	0.0	0.0	
14.27290578503123	16.581214503992957	0.0	0.0	
6.916560724194344	2.061208654134834	0.0	0.0	
13.312266462100308	1.8113173567894911	0.0	0.0	
10.783739827784814	24.739326590697054	0.0	0.0	
17.8482394351976	0.8255316562069979	0.0	0.0	
30.161502909947266	11.292009327390883	0.0	0.0	
20.541134811749913	7.777180952343134	0.0	0.0	
8.045272870969303	5.421614154592962	0.0	0.0	
26.879159162176638	20.635038675097057	0.0	0.0	
20.235698949203123	7.828926004927734	0.0	0.0	
6.4931892817492525	16.4956966348748	0.0	0.0	
22.25114278666645	31.374132114141098	0.0	0.0	
2.17718462617135	19.54426029302002	0.0	0.0	
22.649993598743745	19.702408042525274	0.0	0.0	
10.004323841142416	9.458600427826866	0.0	0.0	
12.64667445644207	19.564345264274966	0.0	0.0	
18.569006004675792	1.835751181020015	0.0	0.0	
23.840686397221926	24.967322183996338	0.0	0.0	
1.9657925455877496	10.223510337636707	0.0	0.0	
0.2561112372941494	8.992831265785952	0.0	0.0	
0.7578334026474067	5.118595387611347	0.0	0.0	
25.26685765006707	31.632653969068308	0.0	0.0	
19.08407811932813	25.2603059602706	0.0	0.0	
6.4889298055754665	4.5821553440913725	0.0	0.0	
26.794611850801342	13.083161508161236	0.0	0.0	
25.7159541253879	24.71288735189853	0.0	0.0	
24.281409684398344	31.025026903825935	0.0	0.0	
20.826466816672273	27.363963530400312	0.0	0.0	
2.6789729132894813	25.259735402924868	0.0	0.0	
21.284455395684724	10.871044495760469	0.0	0.0	
11.246061481109415	15.251151165469771	0.0	0.0	
13.166960074374959	18.18133291803567	0.0	0.0	
11.81015487792235	0.7309495540127315	0.0	0.0	
10.405410063228864	2.0086859960980377	0.0	0.0	
22.69151411218544	12.132214275354432	0.0	0.0	
5.866164552207813	2.918484784632124	0.0	0.0	
15.615966197927666	24.476149922570933	0.0	0.0	
14.28384033301979	3.5764920294227416	0.0	0.0	
23.654368971248818	17.671669761645706	0.0	0.0	
10.053138333306674	10.211699516468542	0.0	0.0	
18.148297412901996	18.794413501701534	0.0	0.0	
14.89522930349505	15.390521388741995	0.0	0.0	
9.10678655606684	31.844246613162497	0.0	0.0	
15.262833334011127	23.997873108303068	0.0	0.0	
21.205401060926004	19.984699753390824	0.0	0.0	
27.85850162326734	22.34213420515242	0.0	0.0	
23.991701060658023	1.2799664966485658	0.0	0.0	
19.736707611434177	16.672105200617622	0.0	0.0	
23.90392017582658	19.259697157438236	0.0	0.0	
27.333575875674907	9.20934485401272	0.0	0.0	
23.374966851556515	23.844206959526474	0.0	0.0	
24.03002424333261	21.52236058830513	0.0	0.0	
12.62324892327134	29.753046893687216	0.0	0.0	
5.103352158040206	11.81745302919488	0.0	0.0	
1.637121353758264	31.908871520991067	0.0	0.0	
23.80976186420831	4.204642611509204	0.0	0.0	
23.743592724697024	25.661928093857426	0.0	0.0	
9.45470491209344	25.26443084771794	0.0	0.0	
13.05390336502585	29.37079390523326	0.0	0.0	
22.600757989672307	2.05723434841137	0.0	0.0	
16.248844718676626	18.090721583857196	0.0	0.0	
22.15578515781296	15.416630335039866	0.0	0.0	
12.991042457561385	26.900275206157286	0.0	0.0	
18.69050809215268	28.392301012240107	0.0	0.0	
28.53580607585922	10.714793597401492	0.0	0.0	
10.063605808741531	12.251393214950063	0.0	0.0	
2.649398518907084	1.4148074835601534	0.0	0.0	
7.6995036289109	21.286658258945348	0.0	0.0	
14.40656841751857	8.512435395112504	0.0	0.0	
27.95646177254255	29.139370337890703	0.0	0.0	
1.8049486043627034	15.320020610800146	0.0	0.0	
11.329725554236944	9.900557552581954	0.0	0.0	
23.044826953884638	6.936537746524159	0.0	0.0	
0.47561250246096876	10.11710821610324	0.0	0.0	
30.878913281117164	17.606803985934683	0.0	0.0	
14.79750168805899	16.868812386863322	0.0	0.0	
17.590088001940156	9.242949491119333	0.0	0.0	
17.29858361526927	25.63018313086108	0.0	0.0	
5.981274031129832	17.072109112190244	0.0	0.0	
5.650029333061166	2.967856359676052	0.0	0.0	
23.961766039225665	21.74194101824616	0.0	0.0	
2.7950571859718707	28.048249082794438	0.0	0.0	
14.664934177741397	12.130583722428174	0.0	0.0	
24.453862416330725	30.486312335704433	0.0	0.0	
5.920242811802975	12.386352972256635	0.0	0.0	
12.470889000282568	18.920574412098688	0.0	0.0	
27.45372838270419	15.638312777725002	0.0	0.0	
20.06541076023621	1.4485598672676012	0.0	0.0	
11.122018184358858	15.210369644614897	0.0	0.0	
13.792830442440273	22.19547119440384	0.0	0.0	
5.289484044619702	26.881497058261978	0.0	0.0	
10.03550836234345	30.517229502719786	0.0	0.0	
1.0762085807364308	14.010359058160436	0.0	0.0	
4.609025721735605	17.19080864483121	0.0	0.0	
13.41384042625501	5.445296642869749	0.0	0.0	
4.977259600658986	30.58148408586627	0.0	0.0	
21.20786939834905	16.668953510888795	0.0	0.0	
7.9733464714937305	18.742745160921373	0.0	0.0	
16.849091257782725	5.692010554382925	0.0	0.0	
13.593233628014165	30.79578765135435	0.0	0.0	
5.227417204183627	19.863340412673296	0.0	0.0	
7.844738336211069	31.823425269085	0.0	0.0	
27.561267633017643	27.100887435777725	0.0	0.0	
21.494752576423423	31.762372401287095	0.0	0.0	
22.271451117932223	28.248489216295358	0.0	0.0	
11.445984639104005	12.28794130741835	0.0	0.0	
10.520962094891019	20.268818507077494	0.0	0.0	
1.3889859261443256	6.864108599989638	0.0	0.0	
4.206789167389271	7.798798979229314	0.0	0.0	
24.84543317910382	22.50742873970241	0.0	0.0	
30.334444373891078	30.46041637266452	0.0	0.0	
8.486290959559902	0.5298221492841932	0.0	0.0	
11.476466525648885	20.786169162179583	0.0	0.0	
4.723085371094818	19.594190998608862	0.0	0.0	
7.361903937074839	24.31299266039365	0.0	0.0	
18.417025238089494	5.739753872923615	0.0	0.0	
8.038330919812402	2.4441669751530775	0.0	0.0	
7.589164508728704	26.38357757172176	0.0	0.0	
25.976502586665557	25.48283335611237	0.0	0.0	
0.8207574805327944	0.4849401882858082	0.0	0.0	
31.990750661515186	5.654153293940951	0.0	0.0	
16.537002823581908	3.5962644993701716	0.0	0.0	
23.231573753505668	5.769829604215204	0.0	0.0	
17.55552220573999	20.376357401876703	0.0	0.0	
18.07022370956052	0.9806302191420606	0.0	0.0	
15.224812538969054	25.594149540513982	0.0	0.0	
26.184649548001698	26.27978593864376	0.0	0.0	
2.249868807280528	23.10571803679447	0.0	0.0	
6.490168832319593	7.406821328548119	0.0	0.0	
27.926388533166453	6.445372794066888	0.0	0.0	
10.781983286355654	6.433978094706095	0.0	0.0	
19.861031172254748	16.30023202428175	0.0	0.0	
12.030977256593143	8.160674305619949	0.0	0.0	
1.5093439553534829	24.512368677207853	0.0	0.0	
0.5884364009433405	10.26555114409491	0.0	0.0	
4.815786503989891	24.189412963582487	0.0	0.0	
14.923841041868172	25.48719634626066	0.0	0.0	
4.837785264138983	8.731267799212901	0.0	0.0	
8.859954578863402	4.806261115695044	0.0	0.0	
17.139065263478493	9.720916896379073	0.0	0.0	
3.624156166620594	26.376797836938188	0.0	0.0	
2.0467076381113856	24.913260220464007	0.0	0.0	
11.890004203620254	31.28006769938221	0.0	0.0	
4.668125108526095	9.30665232780908	0.0	0.0	
3.164426952020829	16.214769646915503	0.0	0.0	
9.187077573325706	10.132174938150776	0.0	0.0	
3.838582907053187	23.722841928318786	0.0	0.0	
26.749359486572146	5.714116490984978	0.0	0.0	
6.23805571695323	27.3272897547424	0.0	0.0	
25.57173179861145	4.51732959420217	0.0	0.0	
6.043246414734146	13.180963098073502	0.0	0.0	
10.577592256084674	12.085752802036726	0.0	0.0	
21.41109907159926	19.16171547887137	0.0	0.0	
31.70745935870379	24.567081713095906	0.0	0.0	
18.78375290173273	4.431417488306867	0.0	0.0	
25.759420590179033	2.887002703958892	0.0	0.0	
15.221297911353549	24.701877976672	0.0	0.0	
3.1944827567121727	30.238718204533768	0.0	0.0	
28.48806766030828	18.723607295418077	0.0	0.0	
26.825401362148636	11.961233982168956	0.0	0.0	
6.3148363911034195	30.291974177304912	0.0	0.0	
17.237675055698322	13.742114470235403	0.0	0.0	
27.97977993678421	9.617896182632485	0.0	0.0	
23.082233133923886	30.63032495621611	0.0	0.0	
18.517280309028823	13.160962444471036	0.0	0.0	
14.648610446838585	25.595877778035693	0.0	0.0	
22.415061588152557	7.9991056919484045	0.0	0.0	
27.88741986319018	6.280413562915779	0.0	0.0	
3.474772297476761	0.11703268738534689	0.0	0.0	
24.090549417972042	4.415278253426671	0.0	0.0	
28.029133851513677	13.538559846416245	0.0	0.0	
12.400558559445042	3.757190280413795	0.0	0.0	
1.0544761266840972	18.29923959774696	0.0	0.0	
29.070182399550777	10.60783492072171	0.0	0.0	
1.1767868236270793	8.56628421045901	0.0	0.0	
26.08580610844827	10.4928610125014	0.0	0.0	
23.65923818334453	0.4708772983480074	0.0	0.0	
11.831740409562254	8.604038612533142	0.0	0.0	
0.8287469269631416	22.558015945014752	0.0	0.0	
13.051463704987334	22.288565564573542	0.0	0.0	
7.151082834206864	5.314685338221651	0.0	0.0	
21.80105211086581	15.921442977982462	0.0	0.0	
8.780831582240996	23.593906387065516	0.0	0.0	
30.983059858460162	5.824968804988046	0.0	0.0	
11.171904178156762	29.086291605062826	0.0	0.0	
27.701260128723145	15.101391693961105	0.0	0.0	
10.121605272435517	30.24943959177825	0.0	0.0	
5.061497410488776	26.702556273097926	0.0	0.0	
22.257802459156203	6.052712369219844	0.0	0.0	
23.43666026672771	28.854949631463935	0.0	0.0	
23.029542713149002	20.053519989356282	0.0	0.0	
16.479080284461805	24.035227777989842	0.0	0.0	
4.567385404112702	19.385170551837287	0.0	0.0	
31.411748328629628	31.431492407431577	0.0	0.0	
19.8906854393929	0.1743367131451734	0.0	0.0	
9.53422801727966	3.4607945994973264	0.0	0.0	
30.061098431163742	10.514282936662426	0.0	0.0	
28.983561473407814	25.428048901186234	0.0	0.0	
1.1939058066760069	4.539675874576368	0.0	0.0	
2.410386484745466	10.615414816549286	0.0	0.0	
18.118980796553718	6.472342712135731	0.0	0.0	
16.051545781393774	16.0146578355342	0.0	0.0	
18.296852179513863	8.617902018181752	0.0	0.0	
28.400255323439044	23.04936901472125	0.0	0.0	
22.218687075887377	23.747870433261802	0.0	0.0	
20.274524480431918	15.031878451394238	0.0	0.0	
26.793218486164324	0.9450660523132051	0.0	0.0	
2.954060754388287	20.937321648488425	0.0	0.0	
17.80870212058918	9.411603912322136	0.0	0.0	
9.153464717108552	28.80471876926344	0.0	0.0	
20.482927734746465	3.505788637345603	0.0	0.0	
20.324562237163352	22.00604077334922	0.0	0.0	
7.8226998011821465	4.406272404246412	0.0	0.0	
26.350834853863102	3.465770781787924	0.0	0.0	
1.0243902935634885	8.54202820827037	0.0	0.0	
2.6131920967484206	30.698668178936426	0.0	0.0	
10.89174838040859	9.21258338666194	0.0	0.0	
24.859315303668208	10.601695616488758	0.0	0.0	
5.456746288495307	25.24714668887663	0.0	0.0	
7.812255410678084	2.79572408455558	0.0	0.0	
8.53991707883377	8.362218217760983	0.0	0.0	
31.68787374148777	22.484373219498334	0.0	0.0	
28.154614612322874	22.547556261231332	0.0	0.0	
22.021007947617257	19.04457574952907	0.0	0.0	
1.0470391258171254	29.954748571169645	0.0	0.0	
24.95167002938983	10.674974447253273	0.0	0.0	
15.262767004882846	6.899433650860217	0.0	0.0	
26.792230085010953	16.426622756055828	0.0	0.0	
27.880228844906817	9.406879551505039	0.0	0.0	
2.775916986160297	18.29080913761364	0.0	0.0	
1.0392483774153831	16.340784408676612	0.0	0.0	
20.416378254033006	10.97216224076573	0.0	0.0	
4.9954425341412225	28.15225639070893	0.0	0.0	
6.677058115779591	3.8448426923970267	0.0	0.0	
9.432743671122378	22.24613052311039	0.0	0.0	
15.100212420181055	4.608460899821232	0.0	0.0	
3.2401704353875083	15.774268768811897	0.0	0.0	
3.875295785311099	11.869694494571345	0.0	0.0	
10.589583030956081	22.483334815649812	0.0	0.0	
19.673646173720186	1.8308999672417734	0.0	0.0	
5.569284636240397	10.246173696350365	0.0	0.0	
20.37764407829051	8.743400964389785	0.0	0.0	
14.730752719246734	26.40902463726167	0.0	0.0	
18.82939659419094	30.3642532597548	0.0	0.0	
30.468670191640857	11.619968182313087	0.0	0.0	
15.651188648692592	14.116873585966314	0.0	0.0	
15.35739896399615	29.18085518744604	0.0	0.0	
9.223814783792474	26.460761276152013	0.0	0.0	
15.74086232792201	16.67629484974221	0.0	0.0	
26.961150439253938	25.61129922475814	0.0	0.0	
6.965433083777295	1.1371408544337704	0.0	0.0	
24.556273259762044	1.7566523006040207	0.0	0.0	
16.824207092927157	17.84653922852614	0.0	0.0	
27.893419461537583	6.41794607786035	0.0	0.0	
27.685341450154247	16.680861905881354	0.0	0.0	
21.090030761021882	6.069255694835835	0.0	0.0	
28.295032007840064	21.619568745812646	0.0	0.0	
15.489926364347188	15.571325766287178	0.0	0.0	
3.2783306740289646	17.055389572388563	0.0	0.0	
16.918506736359017	11.614497168551214	0.0	0.0	
26.66793643756325	1.0712689925257486	0.0	0.0	
20.79121243866655	4.2330845461733055	0.0	0.0	
25.969685732005875	19.104070560726036	0.0	0.0	
17.83932031583611	0.5879229107133099	0.0	0.0	
3.654980458518459	18.400442200439485	0.0	0.0	
21.19876621380949	20.019327178984426	0.0	0.0	
9.162943256201906	13.254121009798663	0.0	0.0	
16.463118752786567	2.1860105111302026	0.0	0.0	
29.636951007670653	7.7541207293251695	0.0	0.0	
30.937288720901158	21.94391048459333	0.0	0.0	
11.061044052557929	28.57096221170468	0.0	0.0	
13.902304031121307	31.883459909330647	0.0	0.0	
21.75567620328969	22.054090599718297	0.0	0.0	
13.922392767796119	28.09002469792376	0.0	0.0	
18.742867547168412	18.95428268508487	0.0	0.0	
24.132009750350445	29.379813441404327	0.0	0.0	
31.68233777542249	0.19687696457789272	0.0	0.0	
11.061623222300028	8.591720508591067	0.0	0.0	
24.57960816525137	15.049978883068672	0.0	0.0	
31.23912844878455	30.767070700728677	0.0	0.0	
8.627717747544985	15.862421189327446	0.0	0.0	
5.5666241132825505	9.095978860300637	0.0	0.0	
26.465273006211046	24.01177286966587	0.0	0.0	
30.709422015230402	6.631088646405171	0.0	0.0	
13.085451743666201	22.394966997321106	0.0	0.0	
29.198766059252783	12.722565906128295	0.0	0.0	
19.94658842240993	1.762492475833671	0.0	0.0	
26.488303621556895	26.132374664079496	0.0	0.0	
0.8239082331277281	16.553049764913766	0.0	0.0	
27.595274290804664	19.313134057365758	0.0	0.0	
2.510594047378394	2.198095209867997	0.0	0.0	
7.859763286959918	17.45690135980985	0.0	0.0	
0.09633325356705313	31.681790814776345	0.0	0.0	
18.621654142178272	17.56392715517406	0.0	0.0	
0.07992237525228774	0.19737916492458396	0.0	0.0	
3.9395059826477983	10.398065560014473	0.0	0.0	
3.285570577796836	3.402160812449445	0.0	0.0	
4.932775454751344	6.284593386751791	0.0	0.0	
26.4119936500075	31.870268694396888	0.0	0.0	
13.938018731102002	4.575829465533253	0.0	0.0	
22.81860017925029	10.737116971517441	0.0	0.0	
15.831441286716782	12.989778095781752	0.0	0.0	
15.300135806754614	5.3274557193039875	0.0	0.0	
24.081015937952543	29.52002723065023	0.0	0.0	
20.726502171047194	24.47675351080892	0.0	0.0	
27.4330877920171	9.703537185973175	0.0	0.0	
18.585664090248173	21.340165569170065	0.0	0.0	
22.536735739262152	24.698373620030345	0.0	0.0	
30.671805154526872	20.793312776535895	0.0	0.0	
4.968253876884759	18.934492778024467	0.0	0.0	
7.697871696386962	19.029807281080085	0.0	0.0	
2.777687147349507	4.800046019684025	0.0	0.0	
19.11691512803726	26.195968469327923	0.0	0.0	
30.755677642054188	20.705088899530665	0.0	0.0	
22.050191891611078	10.22260985999186	0.0	0.0	
28.931071890932447	6.7776320643400965	0.0	0.0	
31.834456054717254	8.34665717860381	0.0	0.0	
31.879034543533024	20.31768451751281	0.0	0.0	
9.881334507652305	29.019533878364474	0.0	0.0	
