2
32.0	0.0	0.0	0.0	
0.0	32.0	0.0	0.0	
19.384143320907462	7.720141996267799	0.0	0.0	
4.308385205997887	5.005778660382791	0.0	0.0	
1.620551386298935	28.22801316989139	0.0	0.0	
31.90812062950001	16.763034343969792	0.0	0.0	
7.686846756063737	3.1733476449706686	0.0	0.0	
3.313561895174466	28.501708890974957	0.0	0.0	
27.384022578170626	14.359914377966408	0.0	0.0	
12.663975236017855	31.17558737855103	0.0	0.0	
19.74572296523461	16.256963756813427	0.0	0.0	
12.539892291466693	11.021068548350968	0.0	0.0	
4.15120963388032	15.899279435232014	0.0	0.0	
17.687068626309834	11.330807472644405	0.0	0.0	
0.6660572965286029	7.002038117589343	0.0	0.0	
1.0372951394656056	14.550783706581406	0.0	0.0	
24.628396135228208	8.838435647426977	0.0	0.0	
22.05050684810965	0.14804667598540178	0.0	0.0	
17.308537155162202	30.789291897829376	0.0	0.0	
14.950936226601971	23.323286586592943	0.0	0.0	
0.7378144818337802	12.04447539973006	0.0	0.0	
8.959058346764209	19.043331189753914	0.0	0.0	
14.584980071627761	19.183082299133563	0.0	0.0	
11.273062339141429	27.82141927278812	0.0	0.0	
19.886637835662015	5.172063747564533	0.0	0.0	
15.99792906070697	28.250385928959275	0.0	0.0	
18.66422889595129	26.84791943580816	0.0	0.0	
3.1421920140780486	8.149695097189102	0.0	0.0	
11.166285036055083	27.526985965448468	0.0	0.0	
25.10190810279572	17.238340461481926	0.0	0.0	
7.9255292229466825	0.6172038067556969	0.0	0.0	
29.565557372948238	12.127298715932689	0.0	0.0	
9.222309407593581	20.942010430805162	0.0	0.0	
2.9763727794316885	13.413784320508803	0.0	0.0	
2.2240395546152563	14.307416817831768	0.0	0.0	
19.270472469004375	12.126343796575526	0.0	0.0	
18.487303595953048	3.022707069442088	0.0	0.0	
6.203341793103711	14.792254649793549	0.0	0.0	
18.239595738421414	6.725556144131243	0.0	0.0	
31.483676116412543	23.01531786670411	0.0	0.0	
23.178504109395863	30.221981791342586	0.0	0.0	
31.792609628275336	2.5188371450278595	0.0	0.0	
12.000629509658243	12.946748711922808	0.0	0.0	
26.64675394021773	19.8935188291025	0.0	0.0	
6.407297690386571	15.578070645598583	0.0	0.0	
31.06504506655572	2.669717232063544	0.0	0.0	
25.71717271234556	12.472739385421246	0.0	0.0	
4.669312497913307	8.173439033250403	0.0	0.0	
7.2378069016223385	29.629276849955108	0.0	0.0	
24.61201183843616	28.396480740981442	0.0	0.0	
26.41067719406941	27.97066064211621	0.0	0.0	
5.709957491439695	0.3816387269030308	0.0	0.0	
16.094770523353525	23.648762023821654	0.0	0.0	
9.173242670917926	12.11160640855174	0.0	0.0	
3.7447662441681047	13.979839570494228	0.0	0.0	
5.774848417401429	9.202868287366528	0.0	0.0	
4.502052831936396	19.495904442169994	0.0	0.0	
20.76922855082125	18.336506226513055	0.0	0.0	
11.513325244844786	27.63556327959738	0.0	0.0	
15.22665974388708	14.771376471494236	0.0	0.0	
19.905671663729105	4.273340132961618	0.0	0.0	
26.6195762120054	7.267222663440904	0.0	0.0	
19.87685827376426	25.137685060971663	0.0	0.0	
21.90922125019419	0.3705517220640395	0.0	0.0	
22.848923927301943	19.4489920595762	0.0	0.0	
13.279281348988846	10.358143345672303	0.0	0.0	
4.197763760418205	5.148305989522832	0.0	0.0	
27.575346824584813	20.876958340690237	0.0	0.0	
28.255932944114882	26.48661595682632	0.0	0.0	
22.425392654895965	25.295981607186835	0.0	0.0	
24.638928566591918	28.682654290056004	0.0	0.0	
1.6664014235069473	8.195175342770618	0.0	0.0	
10.805822087969876	24.213047278907585	0.0	0.0	
15.566443180954224	13.206137283537931	0.0	0.0	
4.592061754019106	25.897525010397523	0.0	0.0	
13.607597899141886	8.984253551586114	0.0	0.0	
25.616493449171394	23.735375708563076	0.0	0.0	
18.48564457575406	19.569190413271567	0.0	0.0	
1.6696338599722402	4.035830024910812	0.0	0.0	
2.8594967375016793	22.276848923290096	0.0	0.0	
3.7274030796099282	16.775864244401685	0.0	0.0	
7.066781968935022	28.1516111123997	0.0	0.0	
27.995854141025323	10.548759737083746	0.0	0.0	
13.441742843182901	19.818334413279718	0.0	0.0	
4.149513266796319	5.373479601046579	0.0	0.0	
25.622275375643593	7.5784109741655	0.0	0.0	
20.38087438336656	30.155678859060682	0.0	0.0	
31.88989767158468	10.179002496281683	0.0	0.0	
12.121406429404196	18.936920231914947	0.0	0.0	
0.827295701647941	22.597767750926053	0.0	0.0	
18.672539631351256	12.623225524261592	0.0	0.0	
12.576244618056915	13.123670656360794	0.0	0.0	
0.8970452146234784	9.460023817081268	0.0	0.0	
8.29074067269784	15.40473293207215	0.0	0.0	
6.639282044594264	5.645637053854404	0.0	0.0	
13.622190844998585	4.09649557683953	0.0	0.0	
10.92388301344063	7.681324768226169	0.0	0.0	
18.6952281084154	5.2618958638795945	0.0	0.0	
22.507911317780483	24.438570917906414	0.0	0.0	
28.606882734357406	22.861448128233	0.0	0.0	
19.431755619388788	22.208056814118333	0.0	0.0	
25.60380583703319	25.775683325909736	0.0	0.0	
10.301583545890846	1.6574549623262662	0.0	0.0	
30.483668717466585	16.552924900928975	0.0	0.0	
6.033200151320823	18.601536593160784	0.0	0.0	
16.612114306117327	0.06011075119704401	0.0	0.0	
9.880347299590337	18.771308816697193	0.0	0.0	
2.590889244713015	13.405916231310567	0.0	0.0	
10.459532427198859	15.400808117641226	0.0	0.0	
7.610830280098224	23.358618670274446	0.0	0.0	
15.688183206145236	15.623346462018759	0.0	0.0	
18.3504355187274	4.270065931557561	0.0	0.0	
10.823569839298674	2.6538706622848203	0.0	0.0	
25.82418696179521	6.526509749860349	0.0	0.0	
26.348039880430036	16.755271259051828	0.0	0.0	
30.37751361665199	26.860367474822255	0.0	0.0	
6.261738981058873	7.667239458843305	0.0	0.0	
13.843574174080473	31.576278851556825	0.0	0.0	
2.7859822868915565	29.44504566072038	0.0	0.0	
29.648023123470175	30.321541314964268	0.0	0.0	
27.032029605971598	15.709808596225969	0.0	0.0	
7.27393424907622	15.416351676505663	0.0	0.0	
16.617435161540154	18.18071419428128	0.0	0.0	
2.6251921190095473	20.600214059173	0.0	0.0	
6.279982170772183	25.348227621474614	0.0	0.0	
3.4347506924978255	0.35508229430210747	0.0	0.0	
22.60982879114548	4.478738541201693	0.0	0.0	
4.744476682272026	15.001348083113857	0.0	0.0	
30.404355537976457	26.136774716276356	0.0	0.0	
21.387510673563497	28.213781689848016	0.0	0.0	
20.119397808827742	2.1054016540726757	0.0	0.0	
16.379730101877563	29.976133721979448	0.0	0.0	
2.652550471939854	3.347323842584938	0.0	0.0	
30.0089454782401	10.157588142183723	0.0	0.0	
11.94202411852526	30.393679730060537	0.0	0.0	
15.072130680642143	30.62589677916447	0.0	0.0	
17.636578702550892	6.133971641713551	0.0	0.0	
28.573205751290054	10.232397450182912	0.0	0.0	
19.240867567145045	13.652046876297405	0.0	0.0	
21.775854955764803	23.314877301594798	0.0	0.0	
22.146572144890865	16.39979358970143	0.0	0.0	
1.245293381077623	14.957392202836129	0.0	0.0	
17.50471839139032	18.60893736207586	0.0	0.0	
11.851384631548168	12.245875928092698	0.0	0.0	
20.687984158398834	24.975564252888358	0.0	0.0	
22.982155742151026	31.17900065368553	0.0	0.0	
22.7170674157943	18.311451945845622	0.0	0.0	
13.365427283418644	24.74797091792915	0.0	0.0	
12.82532518639951	25.37689304984706	0.0	0.0	
9.812701407820068	17.28051565590197	0.0	0.0	
15.297803942851559	22.511256780180403	0.0	0.0	
3.8500022113860695	21.494241405299125	0.0	0.0	
21.333218538796974	15.236251091330445	0.0	0.0	
30.892296993748893	24.949343899038457	0.0	0.0	
10.750536353655203	25.516318261890653	0.0	0.0	
18.99810344203141	13.997655532777227	0.0	0.0	
8.923841299196908	27.685982224522004	0.0	0.0	
4.623318934040572	6.684655828338556	0.0	0.0	
12.430355612497713	13.941313940774311	0.0	0.0	
28.031512260221657	13.773019594540227	0.0	0.0	
24.203542930336486	6.96035359087325	0.0	0.0	
3.500693119049057	21.176236175480337	0.0	0.0	
7.84357813801514	7.185599610322889	0.0	0.0	
16.442789930213294	29.229536358379097	0.0	0.0	
0.6947528217673309	25.792177728811314	0.0	0.0	
30.08867934206207	18.340994419968435	0.0	0.0	
2.6314108210204274	12.43634687274345	0.0	0.0	
30.422497533984604	19.84486882316607	0.0	0.0	
18.907921019683187	9.88461109977679	0.0	0.0	
14.454387663221866	3.4636516704266214	0.0	0.0	
29.508724638812364	0.3237672572770691	0.0	0.0	
2.2895604071167064	24.5076428047437	0.0	0.0	
31.638743089172632	14.51898245394721	0.0	0.0	
31.29763248917417	13.36664806399654	0.0	0.0	
2.108829442741129	30.56821700774586	0.0	0.0	
29.93614858714174	25.841383165306365	0.0	0.0	
18.700299998347276	10.872885540676748	0.0	0.0	
27.01088323551886	10.327247288462264	0.0	0.0	
31.756685014728415	28.67506702998555	0.0	0.0	
13.231327271094727	5.787517442595998	0.0	0.0	
3.466111518712623	14.39085452754432	0.0	0.0	
6.621148826669071	14.885814748348938	0.0	0.0	
13.668949669574868	13.426359245426724	0.0	0.0	
11.42343857808208	22.176637362439287	0.0	0.0	
10.906267667228501	16.791178549315756	0.0	0.0	
5.209394897733208	0.7435421926313808	0.0	0.0	
3.892540813334673	28.707746818498055	0.0	0.0	
25.954305883428685	1.0921979364655954	0.0	0.0	
11.650593908057004	10.692644864302768	0.0	0.0	
11.112219335770089	10.9353970578751	0.0	0.0	
16.30857150733341	29.363324645078023	0.0	0.0	
27.813942738245537	24.822923417878947	0.0	0.0	
18.13085917239756	7.290648094079273	0.0	0.0	
12.767128015447184	29.382961847190074	0.0	0.0	
18.914167493366215	17.64466307793794	0.0	0.0	
23.778540144918853	13.434867160206842	0.0	0.0	
27.307965539961558	27.03281306857568	0.0	0.0	
25.7099604786312	9.748464840624411	0.0	0.0	
9.458804372702694	2.387763339466172	0.0	0.0	
28.26688788784731	24.49722286249433	0.0	0.0	
29.524445338832212	31.49852035319291	0.0	0.0	
17.87047824445622	29.319545328354327	0.0	0.0	
31.077607873929953	4.102685896223679	0.0	0.0	
28.171924088238963	15.686847276813399	0.0	0.0	
1.7936083212183291	5.265572029319657	0.0	0.0	
20.898198291684995	15.924476021545935	0.0	0.0	
5.513035930811565	14.705713895671412	0.0	0.0	
25.34791964867361	17.630562808362125	0.0	0.0	
28.043614057842696	12.630790322460953	0.0	0.0	
27.217143094981342	0.6786712212825208	0.0	0.0	
24.279306213573484	13.917092352124538	0.0	0.0	
12.9137548954522	3.875224374593536	0.0	0.0	
11.966224678210303	15.855519985875834	0.0	0.0	
8.737936442784324	20.59344864705667	0.0	0.0	
19.326240130086546	26.970173851580753	0.0	0.0	
26.897790096777072	24.7456791551505	0.0	0.0	
21.554802569127528	18.648276155814298	0.0	0.0	
23.287063921980447	8.260204012781625	0.0	0.0	
6.7239283340976606	26.62833394024492	0.0	0.0	
4.413851530676322	19.266005247656913	0.0	0.0	
17.431624692215124	8.398286161008052	0.0	0.0	
28.336546348650952	31.05663723792668	0.0	0.0	
24.112922881499966	10.968631249408979	0.0	0.0	
1.0298039113660629	7.427093631811495	0.0	0.0	
14.376176396385159	1.996972310196913	0.0	0.0	
4.254757672955932	6.284673904231507	0.0	0.0	
20.7895403388451	11.052112292985704	0.0	0.0	
16.111117695166783	8.437045472602943	0.0	0.0	
14.255949429969842	19.624461280679615	0.0	0.0	
22.149592355822872	21.87324829443103	0.0	0.0	
13.19227903545194	15.483457575500282	0.0	0.0	
10.18443366711579	6.988685299591776	0.0	0.0	
3.895519963463098	14.639083370144977	0.0	0.0	
2.538820969361904	8.636250115267487	0.0	0.0	
25.3149253401319	5.281960218854806	0.0	0.0	
30.84792192676913	15.261464473503022	0.0	0.0	
10.53966861364906	3.4068745523470305	0.0	0.0	
13.508515152407245	24.780011606727964	0.0	0.0	
5.483507928295207	14.83638191270224	0.0	0.0	
2.8381386120870893	10.80745966092254	0.0	0.0	
22.391967866939368	3.339252746482778	0.0	0.0	
9.060303744692462	9.161733251728116	0.0	0.0	
25.97360742760546	22.40076261792218	0.0	0.0	
2.760590744991525	19.05447736693369	0.0	0.0	
13.741895959533664	26.265490141553265	0.0	0.0	
2.664602230521801	25.31743067157407	0.0	0.0	
25.14148409565048	26.794766694923325	0.0	0.0	
3.7437086669261497	25.813492933710823	0.0	0.0	
18.3399209171125	4.613093297186193	0.0	0.0	
13.603616096197854	13.987078337953026	0.0	0.0	
8.069060141393468	4.395934098113152	0.0	0.0	
7.452905923070521	19.31035086257132	0.0	0.0	
7.956904152919556	9.654918575780663	0.0	0.0	
13.22201825987667	27.64852238527944	0.0	0.0	
18.259300978037352	12.782196092640461	0.0	0.0	
3.5308010084067405	0.4722170671434114	0.0	0.0	
22.283018269121776	21.257031031643596	0.0	0.0	
17.95746458482444	31.340356772989857	0.0	0.0	
25.680497285496287	11.00281251598502	0.0	0.0	
31.611615953735377	23.47658901743828	0.0	0.0	
11.356748607697885	10.167406008862521	0.0	0.0	
8.159267685060392	7.4856110365066435	0.0	0.0	
31.469295149982866	28.66102350853839	0.0	0.0	
15.176035031503922	21.887779374757727	0.0	0.0	
20.679134808626028	14.075010880957244	0.0	0.0	
8.827760095800262	10.095084471386908	0.0	0.0	
29.734090164905453	26.979186931663953	0.0	0.0	
28.95432147609129	2.8995839478084733	0.0	0.0	
22.050477005033947	14.513405095512592	0.0	0.0	
30.110898434827284	12.439979894405209	0.0	0.0	
0.7771791213637016	28.82966058750467	0.0	0.0	
28.433998681253627	7.256277810024095	0.0	0.0	
17.25503949734307	21.699381143866194	0.0	0.0	
6.955042645943607	13.61231755860722	0.0	0.0	
4.013289637818783	12.233927434661918	0.0	0.0	
15.203011214593644	13.298694492686632	0.0	0.0	
9.264476533104375	5.154455789686086	0.0	0.0	
19.90068334435702	20.774324561541015	0.0	0.0	
21.06490166838641	17.9617299841016	0.0	0.0	
28.41073389795666	22.51159943222269	0.0	0.0	
9.931156080464714	19.247261777199068	0.0	0.0	
22.560890000703452	6.176404510806368	0.0	0.0	
28.660770969894166	22.875115388327988	0.0	0.0	
8.410710910007527	4.272820424049822	0.0	0.0	
8.294947685591605	18.039082267334297	0.0	0.0	
5.95285687271711	8.030239911786879	0.0	0.0	
27.6823177319476	19.130754456843327	0.0	0.0	
16.4249801140161	7.143507394615334	0.0	0.0	
4.989341046668695	6.020723824767217	0.0	0.0	
16.144884283173784	24.86969766847029	0.0	0.0	
31.175669004681104	20.019022803443047	0.0	0.0	
9.346688480956093	5.63478471226038	0.0	0.0	
21.78436459454756	15.540757344836699	0.0	0.0	
16.860172250129974	1.8968787424696352	0.0	0.0	
31.599388011180938	22.626925658684353	0.0	0.0	
20.40572132861526	4.921094113849126	0.0	0.0	
20.705355573074876	26.42367876856975	0.0	0.0	
16.150465295822944	23.478203434658145	0.0	0.0	
26.456061284537338	19.524080002750566	0.0	0.0	
16.900715673199304	22.294887250107056	0.0	0.0	
16.815683023687615	12.916304468390067	0.0	0.0	
11.476412477334183	2.8396784279553273	0.0	0.0	
1.3896494408006141	28.004553858353106	0.0	0.0	
7.166775963604703	26.847068299184926	0.0	0.0	
15.125027882604549	10.536157623140483	0.0	0.0	
19.329767995948846	4.084555762078807	0.0	0.0	
26.123440469152463	13.727295046298131	0.0	0.0	
6.203920805918067	29.322172258266296	0.0	0.0	
31.684589233540756	31.44352870777318	0.0	0.0	
5.312219261091457	28.776409068348105	0.0	0.0	
18.097934161453434	11.983479489008129	0.0	0.0	
23.139173370051793	16.802905331007235	0.0	0.0	
5.106596589423781	1.5889074745440936	0.0	0.0	
1.5896780237560577	30.350533349851865	0.0	0.0	
25.753459253582065	20.85401250177792	0.0	0.0	
6.820299935996914	3.6828322243768454	0.0	0.0	
16.207402751541935	18.841549930482834	0.0	0.0	
17.35481634262658	21.63115391240426	0.0	0.0	
28.100980709688013	1.3105124995096382	0.0	0.0	
22.582268328557348	6.1790698379358915	0.0	0.0	
5.360497254704054	15.279079828819736	0.0	0.0	
18.20379606043605	29.898244011747902	0.0	0.0	
0.3440349555522104	16.030284831361595	0.0	0.0	
13.357862042634572	10.456235070660505	0.0	0.0	
22.558224828459775	20.957096258179348	0.0	0.0	
9.256800777118602	7.057025554692888	0.0	0.0	
28.343369997703633	20.083200532872716	0.0	0.0	
18.000585496705398	31.623835110039277	0.0	0.0	
9.854176770427006	10.919119987553472	0.0	0.0	
29.253873910506222	23.13612793810601	0.0	0.0	
28.65339758347867	7.592250804530934	0.0	0.0	
0.2819721849065502	29.218117955794053	0.0	0.0	
20.02698224049053	22.34776472882092	0.0	0.0	
24.78976348200415	29.225288935257122	0.0	0.0	
27.62374238351344	1.2406264164715388	0.0	0.0	
11.946057395925354	21.823219927199727	0.0	0.0	
20.334443563119073	23.440441555986325	0.0	0.0	
0.5338397843524803	0.9706993220212006	0.0	0.0	
6.992048950795279	7.701275480574097	0.0	0.0	
3.2605673749245057	12.170352973564867	0.0	0.0	
7.661936829719032	21.10529245546359	0.0	0.0	
10.480145097273315	17.987230547503312	0.0	0.0	
0.6787507949716698	23.229155972179825	0.0	0.0	
13.520505547430506	20.387779701828517	0.0	0.0	
21.692324205827337	14.434982455090292	0.0	0.0	
14.778963227798702	31.677060991862596	0.0	0.0	
30.268478183079154	8.084432664753585	0.0	0.0	
24.131159590026495	16.045101918064105	0.0	0.0	
14.295314865674257	10.824089365441253	0.0	0.0	
20.32275367497409	21.57824396804226	0.0	0.0	
2.5329406628264657	17.11583574670038	0.0	0.0	
16.26666725034079	19.31966426687968	0.0	0.0	
8.381866085006742	15.02540820557505	0.0	0.0	
26.899628884290017	14.649613385352701	0.0	0.0	
22.138190110978602	22.473077475458673	0.0	0.0	
25.221389394824254	30.87936232631967	0.0	0.0	
8.406425340255687	8.894244029404561	0.0	0.0	
4.121362285703476	19.584227068378116	0.0	0.0	
7.248658809568607	4.51986822099742	0.0	0.0	
1.6480533907920147	13.855916712469682	0.0	0.0	
13.153684749275314	27.374367168109213	0.0	0.0	
13.808748574821013	26.855058206240596	0.0	0.0	
24.58057736478917	29.143916612783404	0.0	0.0	
23.798463520039927	5.622009812934145	0.0	0.0	
6.009244406141644	0.0331703255841056	0.0	0.0	
9.673509485606228	21.11085278951747	0.0	0.0	
12.697142332873494	10.000499256782522	0.0	0.0	
6.8474652208612525	30.062784667185714	0.0	0.0	
21.811623209694254	23.515847092217328	0.0	0.0	
8.288505895189726	6.269629757814958	0.0	0.0	
7.330440474969368	24.819931794576046	0.0	0.0	
11.815094689689158	14.410975598394273	0.0	0.0	
3.308575349927846	2.2804454460848014	0.0	0.0	
4.008659183071519	6.690795310225241	0.0	0.0	
12.40304948213015	12.309420899394855	0.0	0.0	
15.750942265799605	13.433134646341099	0.0	0.0	
31.166112048418924	7.292053659785857	0.0	0.0	
2.93789267903545	14.5423569731105	0.0	0.0	
24.722793603360874	3.5503529307042534	0.0	0.0	
1.1922604108705777	22.22765170227716	0.0	0.0	
26.712834531608205	1.3339020730821787	0.0	0.0	
7.301542017296093	9.450779557734261	0.0	0.0	
11.233704732523293	0.7533075687004072	0.0	0.0	
1.0395272940101457	26.355276424828258	0.0	0.0	
19.921731259208595	21.11944071536737	0.0	0.0	
3.3373174736089375	15.702175249907565	0.0	0.0	
28.174707607145486	20.31022830765129	0.0	0.0	
13.366534375299384	5.411553680388199	0.0	0.0	
29.447870575123495	19.855113099501974	0.0	0.0	
4.045207311042532	0.6894411045480204	0.0	0.0	
7.220012590143067	23.183870110210435	0.0	0.0	
19.199678698068887	7.630114124720777	0.0	0.0	
28.74031315054158	11.272652414081325	0.0	0.0	
17.154681663745535	10.054397108836397	0.0	0.0	
7.935868786427832	15.230462005559922	0.0	0.0	
12.422969502783001	29.974515610841063	0.0	0.0	
21.14444859328195	8.298073911014932	0.0	0.0	
4.062136654611443	19.38338259194341	0.0	0.0	
10.367111338284904	30.433183999967063	0.0	0.0	
23.95832397625705	26.420086654422274	0.0	0.0	
8.683269150600168	16.28899717518307	0.0	0.0	
28.251513698605866	24.741873214583606	0.0	0.0	
28.18706074625164	7.819095205459583	0.0	0.0	
22.345425138684906	12.59224607556682	0.0	0.0	
11.699128699105444	31.804679669518208	0.0	0.0	
7.270141512139546	14.913619289243492	0.0	0.0	
3.912571879507592	27.066362452264084	0.0	0.0	
7.904172758901325	17.411060029593692	0.0	0.0	
31.989488245861086	10.027221338267605	0.0	0.0	
30.501496395389207	20.3397657126596	0.0	0.0	
10.658502399258609	6.848992839124168	0.0	0.0	
7.802917650376763	10.3299078372881	0.0	0.0	
24.89898129099318	9.470415782882078	0.0	0.0	
27.753111606420216	9.921022911355696	0.0	0.0	
24.00824659103674	24.926131392154687	0.0	0.0	
25.02299707389498	19.986129762169092	0.0	0.0	
8.365771371542209	4.7406726706384	0.0	0.0	
1.0423504582727325	15.97092654491739	0.0	0.0	
8.506809905333444	11.0541507552769	0.0	0.0	
24.089112101840087	18.983295692325306	0.0	0.0	
8.027774220633187	17.25716110624054	0.0	0.0	
31.70999718078015	11.116307081820235	0.0	0.0	
18.188319078477274	19.85846815759669	0.0	0.0	
7.541721624300251	16.890861367276344	0.0	0.0	
0.06846027754171047	3.3987270902742317	0.0	0.0	
22.245173113991044	18.48770196237869	0.0	0.0	
7.211982709360463	19.815687911842435	0.0	0.0	
3.027767347714242	20.159448524214262	0.0	0.0	
4.085710635229173	1.453370799302494	0.0	0.0	
3.4119861704746057	30.563330993218642	0.0	0.0	
9.758465812233919	1.0853687004045582	0.0	0.0	
12.547274259340476	7.622570338359232	0.0	0.0	
20.68625653873633	25.34983090762929	0.0	0.0	
7.7208504974914725	1.7403340833220895	0.0	0.0	
6.600484388977474	1.166203766083079	0.0	0.0	
16.207556386303423	22.124992066664042	0.0	0.0	
4.072143259621381	24.365238309425447	0.0	0.0	
22.19356244211184	23.23146971811949	0.0	0.0	
29.990058092115635	8.864407507589146	0.0	0.0	
31.89126045030056	19.008283999245023	0.0	0.0	
3.1052649479654555	30.524838387721797	0.0	0.0	
13.613186211582107	7.864245293356269	0.0	0.0	
5.973463051810334	29.83316804285833	0.0	0.0	
22.263673411959033	1.5064028085087955	0.0	0.0	
1.0104398663182117	7.647928353372951	0.0	0.0	
19.076661560798268	15.111311195742068	0.0	0.0	
8.699136631305851	30.725838171301632	0.0	0.0	
26.719031577667618	18.144217702958805	0.0	0.0	
11.98244624915121	24.82438665621497	0.0	0.0	
8.099578719420354	20.691604964202686	0.0	0.0	
17.13733332665086	1.9863063032820598	0.0	0.0	
27.34447444405907	31.408867234867213	0.0	0.0	
18.51680409794182	11.008756225672869	0.0	0.0	
2.2344134453738	7.022739780611193	0.0	0.0	
1.3709847212041133	8.436846464570948	0.0	0.0	
23.774167472687154	27.254277027923212	0.0	0.0	
22.081660420371932	12.891331845465643	0.0	0.0	
20.491003249778704	14.523396416596821	0.0	0.0	
22.34306422462177	29.62495498969232	0.0	0.0	
5.100838690377593	15.90719475078905	0.0	0.0	
27.638028598220323	11.573931089733705	0.0	0.0	
20.226568535276048	9.058056076218698	0.0	0.0	
18.533749224859246	13.147826280596536	0.0	0.0	
4.270553355448737	16.871589376822847	0.0	0.0	
20.288945599342398	1.393473485811608	0.0	0.0	
8.836701305578305	4.597214899470252	0.0	0.0	
1.82141431907176	14.279837527501257	0.0	0.0	
3.258019154077381	4.309431133834703	0.0	0.0	
18.175155324611918	22.39722109851145	0.0	0.0	
18.417087333729604	24.93529910597938	0.0	0.0	
15.069721906436058	17.26348742798721	0.0	0.0	
21.21772921015099	20.95936942278904	0.0	0.0	
25.66063687436784	25.992080215040634	0.0	0.0	
10.511635397357466	24.605665367085262	0.0	0.0	
19.188216769423292	13.211417770033432	0.0	0.0	
12.31606782989434	4.363213645881089	0.0	0.0	
7.582817144283744	23.669026044466392	0.0	0.0	
28.877118139702567	21.876857621908073	0.0	0.0	
16.183927220613505	13.358569647527826	0.0	0.0	
0.9676348147979539	10.575867180594582	0.0	0.0	
8.147320255211888	15.412187247440798	0.0	0.0	
30.798894231692977	22.76114045145465	0.0	0.0	
30.806997169931975	13.342216329013741	0.0	0.0	
26.474943767325836	7.212371552392291	0.0	0.0	
3.9716349276624108	15.312118638514953	0.0	0.0	
8.275788361545239	25.60638870902313	0.0	0.0	
17.778009430549364	3.232750709052411	0.0	0.0	
16.814093022987297	17.049461387558807	0.0	0.0	
17.44270665110472	14.822591955544919	0.0	0.0	
23.74912113415168	8.45165600838471	0.0	0.0	
30.812448216146716	15.629249759846314	0.0	0.0	
31.070796477018263	4.707196590838294	0.0	0.0	
29.00897908490524	12.922963855377851	0.0	0.0	
26.960539651443337	2.7051069491487105	0.0	0.0	
24.579305936399276	25.75107984424291	0.0	0.0	
2.385634791098269	29.702410853728445	0.0	0.0	
20.01594634749422	30.899720877937046	0.0	0.0	
2.369059118318585	17.478937581114238	0.0	0.0	
8.184794564869978	2.7041600903178313	0.0	0.0	
15.233220730480205	18.48754953103652	0.0	0.0	
6.43091271372565	27.912175764227776	0.0	0.0	
10.4355406926632	4.818217971720124	0.0	0.0	
20.76369699889575	29.486721703243482	0.0	0.0	
5.0930133946040215	13.25006228399753	0.0	0.0	
0.712134665809053	31.235566249940256	0.0	0.0	
25.728684366957086	24.908688685772795	0.0	0.0	
19.688272206086005	9.720314779491758	0.0	0.0	
0.2448883831475932	18.42328449602458	0.0	0.0	
21.575130548174563	28.97613769271196	0.0	0.0	
30.293158412160484	26.23312779534956	0.0	0.0	
18.158955793518402	23.809373645330197	0.0	0.0	
31.96210010085318	0.11732852160325535	0.0	0.0	
9.308555707540982	23.410281082632476	0.0	0.0	
14.300242247974943	13.29576866250224	0.0	0.0	
0.35357734646109407	30.74256003322579	0.0	0.0	
26.47960763513352	27.819490546330005	0.0	0.0	
17.278242784245325	28.21611965412518	0.0	0.0	
1.7272789384892597	11.536693601544169	0.0	0.0	
1.2313814656192008	30.342129371292806	0.0	0.0	
1.0258797145320457	10.972881808136897	0.0	0.0	
11.057973246792905	14.45461280602792	0.0	0.0	
10.45242241720786	17.678423649000866	0.0	0.0	
5.4772924072452405	26.07448263097289	0.0	0.0	
23.488450082976602	3.045651343912631	0.0	0.0	
12.466400565982891	10.994106262326557	0.0	0.0	
7.691374897884813	15.082469721931968	0.0	0.0	
0.46537455242526704	6.670683387895654	0.0	0.0	
11.123413623787219	22.517931806880696	0.0	0.0	
22.7562416369293	29.123621003250218	0.0	0.0	
2.8368103430965164	16.730102993204095	0.0	0.0	
2.8935694014983646	3.441557362547872	0.0	0.0	
26.211746036751798	21.525585097965173	0.0	0.0	
7.54800272889123	14.984967503983558	0.0	0.0	
26.80317952186086	10.825419872507325	0.0	0.0	
16.322042641882437	12.525002594943174	0.0	0.0	
0.7710157487375682	26.870329254535758	0.0	0.0	
20.36565268919594	10.915428156890243	0.0	0.0	
15.941589057367086	31.56833175556858	0.0	0.0	
6.315614977862882	16.562207291941444	0.0	0.0	
28.957077883065764	7.001673248672326	0.0	0.0	
28.22748855058761	28.322994018843854	0.0	0.0	
5.8959514712430945	27.064253905226465	0.0	0.0	
30.877636637001725	9.366133395329527	0.0	0.0	
25.881117344706528	21.400502753577367	0.0	0.0	
6.0853256692744395	24.302411079303848	0.0	0.0	
12.548953344908831	31.24049031813121	0.0	0.0	
23.373357732207516	31.966322184103415	0.0	0.0	
17.85490947504011	0.9265388496960618	0.0	0.0	
8.14339499433667	17.22097862584074	0.0	0.0	
9.612797385282587	22.392014156692248	0.0	0.0	
18.73104063112968	13.808421242100849	0.0	0.0	
23.41612567289374	0.6014040638799258	0.0	0.0	
13.370816352000546	28.169544702284398	0.0	0.0	
17.46690916703682	29.231730602554002	0.0	0.0	
2.48670890352172	9.86116197619798	0.0	0.0	
0.9342302432493632	17.558612415109224	0.0	0.0	
10.07470743843491	31.473999364269748	0.0	0.0	
29.629869514311313	5.274333771972952	0.0	0.0	
11.235162066948007	21.029206894656166	0.0	0.0	
29.395563222604018	4.118091321233354	0.0	0.0	
22.043307090028627	29.568401634843543	0.0	0.0	
25.97080096883375	18.723961291348452	0.0	0.0	
19.10447475795635	13.410542173951576	0.0	0.0	
11.918543065735662	29.330413076131823	0.0	0.0	
10.937221453920678	5.795153481096769	0.0	0.0	
18.384939346074454	7.371983466424247	0.0	0.0	
16.72870618363782	29.52962993577927	0.0	0.0	
1.9574395141371959	19.501835061545748	0.0	0.0	
19.79553922539228	30.09441962685793	0.0	0.0	
1.1863797162827048	15.919746827047092	0.0	0.0	
22.349193054109143	17.56697724839286	0.0	0.0	
10.607397944945266	30.810140676457493	0.0	0.0	
5.436724821970628	21.349975271957522	0.0	0.0	
26.067258463140796	2.570731487764572	0.0	0.0	
16.011540988421785	1.5081788503312836	0.0	0.0	
4.371435035543495	18.21637689857689	0.0	0.0	
3.556056093748463	14.704741563594844	0.0	0.0	
11.641131768938376	4.213446380231449	0.0	0.0	
31.7824673546351	11.152726441776327	0.0	0.0	
2.1439500381684553	2.62414644172269	0.0	0.0	
12.991731990057545	10.901573899730824	0.0	0.0	
12.89399421289475	16.252609580669823	0.0	0.0	
21.53310813814608	20.750398490846113	0.0	0.0	
3.7957350408244572	22.260080200890172	0.0	0.0	
13.643031071024296	26.854620976288224	0.0	0.0	
8.857901450628955	4.204474922658392	0.0	0.0	
19.67093132002777	17.60770759747692	0.0	0.0	
9.060854568136602	2.903786166877911	0.0	0.0	
9.88278451021477	3.264642806288311	0.0	0.0	
2.0109483511387936	28.456347510488904	0.0	0.0	
13.898924707284142	10.263619679755887	0.0	0.0	
21.842841930471643	19.12692144156784	0.0	0.0	
2.254424208514898	7.561582883791587	0.0	0.0	
28.813514292512803	31.784200152246346	0.0	0.0	
25.82634005537205	25.33616812353958	0.0	0.0	
4.254199506265973	27.006574899632835	0.0	0.0	
20.62645213484356	15.239176559550717	0.0	0.0	
24.020203609377774	19.79932648305983	0.0	0.0	
4.5011371334187515	31.976019183277263	0.0	0.0	
23.740135028124545	24.21730780142536	0.0	0.0	
0.10531332857377151	28.819771862389537	0.0	0.0	
24.747359319030313	20.751852369401192	0.0	0.0	
3.2605581738961895	9.649061640076464	0.0	0.0	
23.403321543726754	11.327048262797806	0.0	0.0	
13.359369920352218	18.688247304733416	0.0	0.0	
28.288246416120124	6.889879906064579	0.0	0.0	
25.083333035419656	14.462470430545476	0.0	0.0	
31.004020565418053	17.658856331419994	0.0	0.0	
2.450626811298733	16.1238432001036	0.0	0.0	
10.070910328982777	19.697847485683777	0.0	0.0	
21.802939021160746	7.209422468794308	0.0	0.0	
2.274667177069034	10.00805731142572	0.0	0.0	
19.924983133023574	15.979161054276524	0.0	0.0	
12.91020537507822	22.811707650193515	0.0	0.0	
19.99533234690664	1.9200667634398947	0.0	0.0	
31.40123970580751	25.984260737416623	0.0	0.0	
17.507257774910073	16.787980236287734	0.0	0.0	
5.997547334144752	31.913060198942713	0.0	0.0	
27.68397072805402	21.844429697671796	0.0	0.0	
20.46294199688928	28.097423858521644	0.0	0.0	
19.14870553454163	20.065053872448306	0.0	0.0	
13.582195543271453	28.969711178952675	0.0	0.0	
21.55722314307751	9.54408896897582	0.0	0.0	
23.240319868834078	2.715030875294296	0.0	0.0	
30.174810855238857	31.805561755009794	0.0	0.0	
11.573089978691382	3.0624613931875153	0.0	0.0	
12.81271516068944	9.703986788689555	0.0	0.0	
23.84158361159776	29.801580399181326	0.0	0.0	
17.002743926022827	14.650624041700716	0.0	0.0	
30.160244718079714	29.191965756185787	0.0	0.0	
29.516552500056083	31.91334579023938	0.0	0.0	
10.406432476397068	17.56476000045506	0.0	0.0	
6.3949621876654135	3.7804386366233516	0.0	0.0	
26.26253348967762	5.008352302780086	0.0	0.0	
21.198463147366773	12.408274315625931	0.0	0.0	
26.372626661453396	14.042567659723048	0.0	0.0	
14.505438972298442	2.2775178391721163	0.0	0.0	
22.140010899968154	10.44418462893428	0.0	0.0	
4.11448114262226	18.669114974444522	0.0	0.0	
17.51497407911281	0.011506390801130806	0.0	0.0	
13.47279625415748	1.9247493453308167	0.0	0.0	
26.888471992774587	22.09341151633412	0.0	0.0	
6.466886176659674	23.865916766344416	0.0	0.0	
26.19003176638141	23.085533423609625	0.0	0.0	
5.9526974421225844	21.896949873276988	0.0	0.0	
18.009858910685363	18.96740710091124	0.0	0.0	
12.628954047401223	6.831510233845282	0.0	0.0	
27.248757940384923	18.06455445436485	0.0	0.0	
10.923905771110675	20.81857766388366	0.0	0.0	
12.935373901106555	29.487988549376315	0.0	0.0	
31.310774066406346	28.778967257017147	0.0	0.0	
11.837521236353957	6.497985245409268	0.0	0.0	
28.42667109441564	24.053350882588184	0.0	0.0	
7.788241038159967	21.898140053934092	0.0	0.0	
9.966210881533087	24.3651121435091	0.0	0.0	
20.657775169366957	8.920255153554105	0.0	0.0	
28.054345761213153	4.765860413071202	0.0	0.0	
18.249524720940546	25.222231496224882	0.0	0.0	
28.925361320839908	1.8220925125779353	0.0	0.0	
26.997471264968343	9.304317769678342	0.0	0.0	
30.507415231185533	6.727788482034544	0.0	0.0	
2.321658288940977	3.1018029891425023	0.0	0.0	
20.371519073300895	24.669669109842065	0.0	0.0	
24.850070591955717	18.71492995921869	0.0	0.0	
16.805915054198955	8.909716568660329	0.0	0.0	
0.9638394483707557	18.513309684996294	0.0	0.0	
8.209561097310335	31.139011450342046	0.0	0.0	
18.86996895510877	12.687678775858313	0.0	0.0	
22.94850467475706	21.09319623257873	0.0	0.0	
4.11412489907957	17.573190182086982	0.0	0.0	
12.001228688498735	14.826697691876088	0.0	0.0	
14.213461382923192	19.853428694371363	0.0	0.0	
24.437616016062627	26.78849813926247	0.0	0.0	
0.026171007407967295	7.532160654237714	0.0	0.0	
15.324973427761648	28.862759211935618	0.0	0.0	
12.607397912306809	1.4871546637927615	0.0	0.0	
4.169522945733199	19.621017251914722	0.0	0.0	
25.41937718368955	14.788699504005717	0.0	0.0	
8.84528754951453	26.846648763890684	0.0	0.0	
29.552293711258802	7.073157691220391	0.0	0.0	
5.038023363974528	25.251372772218335	0.0	0.0	
11.977025233795672	12.06214947823932	0.0	0.0	
30.36452244143133	29.123078469995036	0.0	0.0	
1.3153517524424423	11.619124109083025	0.0	0.0	
23.673582152949603	1.088632840148236	0.0	0.0	
9.523755171162644	3.6271966596617524	0.0	0.0	
31.650077331740334	23.033109535216855	0.0	0.0	
3.546808148463235	7.682535651126706	0.0	0.0	
15.330253062717418	15.595947446322192	0.0	0.0	
22.98474295453891	31.948440036754207	0.0	0.0	
3.8238892915939893	27.16239078383924	0.0	0.0	
24.753184581688714	22.23413245823841	0.0	0.0	
4.054542993903336	8.401312201858683	0.0	0.0	
3.00491823858556	13.586276594505083	0.0	0.0	
23.924311542758748	24.976171749505234	0.0	0.0	
15.35705631953429	7.333986218247052	0.0	0.0	
14.43509597821799	21.30696631841944	0.0	0.0	
5.405943368702321	27.69831253563252	0.0	0.0	
10.515989346913418	7.390561389694994	0.0	0.0	
22.308015624247847	2.3726296666462297	0.0	0.0	
5.2655993557433085	0.38883756484204923	0.0	0.0	
3.429586642881439	26.038548095630755	0.0	0.0	
11.59440321228054	31.47263414120678	0.0	0.0	
26.776176871368023	30.667502628946767	0.0	0.0	
13.613491547393757	19.045657944424867	0.0	0.0	
27.2398594713412	10.921478113577272	0.0	0.0	
17.048604126977544	4.4521202731923175	0.0	0.0	
8.398341712633151	20.38937846408433	0.0	0.0	
18.391704061114876	23.723357114594872	0.0	0.0	
12.867584005039951	22.673504916577674	0.0	0.0	
9.118062975347865	1.9378391463343938	0.0	0.0	
13.084168078325746	1.028977027866258	0.0	0.0	
5.53625263614601	29.27722184462381	0.0	0.0	
22.903495080852323	1.9052731862823222	0.0	0.0	
22.76270535432874	16.44121215127008	0.0	0.0	
30.108994988876493	14.364241554820971	0.0	0.0	
25.25651313688421	28.040895417871287	0.0	0.0	
22.233519798670834	14.454626442854305	0.0	0.0	
1.604297634636385	10.541631208491573	0.0	0.0	
20.30611483374228	11.38770737629838	0.0	0.0	
13.005900365496064	24.312945225144954	0.0	0.0	
16.157543367825472	19.734477363046153	0.0	0.0	
6.099966388907006	30.141415697875683	0.0	0.0	
13.024038778050311	1.3173199452943507	0.0	0.0	
18.074475236380216	17.187808324758553	0.0	0.0	
31.42685456304641	8.526619444653818	0.0	0.0	
22.850953164082664	20.207020507472663	0.0	0.0	
24.029434371355784	15.170347990971635	0.0	0.0	
7.658302234070721	12.567451050112048	0.0	0.0	
12.699674338813328	3.1297620834832287	0.0	0.0	
19.85908477450055	24.271919137147187	0.0	0.0	
5.725292479025946	4.801080517665536	0.0	0.0	
17.437546491884675	21.586326323397373	0.0	0.0	
13.437467419501935	21.558457315781826	0.0	0.0	
18.28131272346967	28.41376882139311	0.0	0.0	
11.64843828577948	25.3277293028792	0.0	0.0	
25.621366854686457	0.20879162647937477	0.0	0.0	
14.571663672717815	10.617496871035371	0.0	0.0	
17.367280836765467	2.9570833076837033	0.0	0.0	
12.025689905562896	19.33077910042023	0.0	0.0	
13.456150111152873	20.8453157449759	0.0	0.0	
20.60015391058793	22.932885309924	0.0	0.0	
2.6803053898846727	10.041603343556641	0.0	0.0	
26.34589447734062	4.706341099469814	0.0	0.0	
19.237182890948127	16.028922573585543	0.0	0.0	
7.236964837823603	21.818829426006022	0.0	0.0	
20.219207354249132	21.694806102060742	0.0	0.0	
2.3079232870838915	11.782091517567178	0.0	0.0	
15.743030786040293	30.5815242337503	0.0	0.0	
10.396475849707649	23.0321688804807	0.0	0.0	
11.17885418486025	16.895225700511453	0.0	0.0	
17.66552701603801	0.33561116168580085	0.0	0.0	
26.522652123281933	17.829399904555242	0.0	0.0	
2.6762175820506933	3.02697520466948	0.0	0.0	
8.253736203655272	27.105159743553354	0.0	0.0	
26.167048485902992	24.275408560287083	0.0	0.0	
8.658686205591454	26.968847446104682	0.0	0.0	
28.17641929191931	11.837964168816956	0.0	0.0	
9.966494343492762	20.717569823612006	0.0	0.0	
10.042418413589967	11.509553097024856	0.0	0.0	
18.379547688742406	7.653158123355997	0.0	0.0	
8.40496259080965	9.665226776773242	0.0	0.0	
27.211824942930118	0.9214999559634869	0.0	0.0	
1.4975789861893105	25.406222295432784	0.0	0.0	
5.801038271234386	11.181985880426307	0.0	0.0	
1.6209514078760883	22.736393611786934	0.0	0.0	
14.828783144448924	4.754760975757996	0.0	0.0	
27.798984745171115	5.297018499857337	0.0	0.0	
25.81347047574432	11.054102290850913	0.0	0.0	
8.613462647043608	28.292542185634417	0.0	0.0	
0.8872219240810288	15.993787874004457	0.0	0.0	
3.5892284355459516	15.320991081401548	0.0	0.0	
6.15765425888673	1.8867841777008962	0.0	0.0	
15.018729851404292	6.925468790249326	0.0	0.0	
23.00990006047053	29.76056025247563	0.0	0.0	
16.375275135369463	26.81907736672193	0.0	0.0	
26.180189409942432	26.848196071671783	0.0	0.0	
15.009802333188524	1.6143764152583877	0.0	0.0	
8.187137592649695	1.427934507193644	0.0	0.0	
4.132613731205744	16.64240131368745	0.0	0.0	
13.173699789209603	1.1263787589922956	0.0	0.0	
23.24742103427278	26.47444153452922	0.0	0.0	
0.5676289472924978	15.751499099462421	0.0	0.0	
12.029368557910587	8.958082343850506	0.0	0.0	
6.853473243186109	0.32439897533853923	0.0	0.0	
14.176142104530463	26.991565387631553	0.0	0.0	
29.08368564140945	2.3970321751071424	0.0	0.0	
31.101977174771065	23.252963733139964	0.0	0.0	
22.82750161914708	14.78900857417706	0.0	0.0	
26.083325958329628	13.100235843400043	0.0	0.0	
21.59744985046625	15.96749376053825	0.0	0.0	
28.06586365946224	11.026301207069206	0.0	0.0	
8.0450587709505	10.288406168216579	0.0	0.0	
13.689554408929688	20.598667967101438	0.0	0.0	
19.244942806821513	12.548258120576804	0.0	0.0	
6.708080527041908	29.093714035777356	0.0	0.0	
2.0893553027170597	17.01983324754199	0.0	0.0	
1.4956578723482465	5.4719606149803255	0.0	0.0	
8.079781316747958	2.507665311344617	0.0	0.0	
1.6001870115818377	21.836272541010686	0.0	0.0	
21.96796896703932	22.977046241067804	0.0	0.0	
11.778789329565523	6.781343943837189	0.0	0.0	
19.683974926519134	5.642341351007516	0.0	0.0	
23.755312379690825	27.909026334774662	0.0	0.0	
24.28311386905943	30.236456686650914	0.0	0.0	
4.714793094253281	31.452883091197197	0.0	0.0	
29.127220098578263	8.233342103916328	0.0	0.0	
4.91423583840929	0.37618201841939225	0.0	0.0	
3.2380997034220833	25.091113490506142	0.0	0.0	
22.09242438137274	18.154868548808107	0.0	0.0	
0.4854876414341831	25.204158321336102	0.0	0.0	
8.316476038299545	21.907700647137048	0.0	0.0	
10.219045027926647	3.7202205688456615	0.0	0.0	
27.355168646856193	22.312292155675177	0.0	0.0	
11.045974618266989	15.43398825756109	0.0	0.0	
6.1691055192347655	19.04805863038783	0.0	0.0	
2.0795272250776726	25.424685917094823	0.0	0.0	
6.3861224001983885	22.33700330849778	0.0	0.0	
12.269509337544722	10.400624919677547	0.0	0.0	
1.75685692445062	26.501531162010046	0.0	0.0	
21.761269189836867	21.600776584725644	0.0	0.0	
26.82100285816161	3.1703662536520945	0.0	0.0	
23.66467410289087	10.724002561090959	0.0	0.0	
13.248853178211728	25.212917391484467	0.0	0.0	
26.57916213634408	9.452029298555221	0.0	0.0	
24.452418031122708	8.731268155497915	0.0	0.0	
15.051148919398557	7.038683798673134	0.0	0.0	
16.159680909578167	11.298758990736662	0.0	0.0	
9.813262740547554	20.686966438931638	0.0	0.0	
31.695924960141493	1.922018680997656	0.0	0.0	
5.062139868847481	30.074075033908063	0.0	0.0	
4.990413190517501	5.071891581257596	0.0	0.0	
26.53156989043546	20.511512606286793	0.0	0.0	
25.838449316049843	16.475900420024246	0.0	0.0	
2.219317955633503	6.854640028423955	0.0	0.0	
21.329181502234906	14.978705986908487	0.0	0.0	
17.854932276334267	1.8502204105186308	0.0	0.0	
13.716255130477524	25.316078995314616	0.0	0.0	
31.88477786079017	19.15993472689264	0.0	0.0	
4.298672719251904	25.038776383988434	0.0	0.0	
21.45431646457051	4.805056828336248	0.0	0.0	
13.633448826133066	0.26021189338724326	0.0	0.0	
30.523117090849247	29.834066126354195	0.0	0.0	
8.365618635355279	19.031351794324	0.0	0.0	
21.019892109346678	29.003723624255702	0.0	0.0	
23.281092600925486	17.3467946220813	0.0	0.0	
10.244101849139298	18.803501663416924	0.0	0.0	
5.945949657648143	10.509996015203459	0.0	0.0	
30.429250871972602	9.501467620206384	0.0	0.0	
20.281172800157297	29.206600395935947	0.0	0.0	
1.1392967792509374	8.516776737899356	0.0	0.0	
22.174356151764467	12.18305879047307	0.0	0.0	
9.722956809188108	13.446485085936782	0.0	0.0	
22.559975883253916	5.373637659083528	0.0	0.0	
0.14095772844570575	2.0808486118214518	0.0	0.0	
31.337695963031532	25.637086752270367	0.0	0.0	
0.5770901468804226	14.65580586191582	0.0	0.0	
29.114267246898223	12.953400106933199	0.0	0.0	
11.451321803458686	12.65034223761312	0.0	0.0	
7.381427425414621	31.992437822233825	0.0	0.0	
3.5217915032962352	5.161946865452741	0.0	0.0	
10.641739663006149	13.919509748961556	0.0	0.0	
2.1856558226172034	3.1608766948301437	0.0	0.0	
13.035959915480923	0.8966463804395914	0.0	0.0	
26.71612706402011	28.861795926645062	0.0	0.0	
2.619474324122784	21.150773056070474	0.0	0.0	
24.64927974376229	11.405759008366367	0.0	0.0	
3.5285477807690633	4.147279490790915	0.0	0.0	
31.53132398948257	27.25999090194599	0.0	0.0	
2.646904051492335	10.255783238385195	0.0	0.0	
15.52169808456421	12.946973663527615	0.0	0.0	
16.02599628044697	21.114693108064966	0.0	0.0	
0.6140791227607956	9.673243071368475	0.0	0.0	
4.536588296792338	25.60407405481278	0.0	0.0	
13.241881808698984	9.521051090976723	0.0	0.0	
4.306652327852472	11.65607063246955	0.0	0.0	
18.58303561250858	22.721061297465596	0.0	0.0	
28.49916891037529	0.7583202256526675	0.0	0.0	
13.177626799136878	26.455426901861006	0.0	0.0	
1.197501252691609	16.726153827799024	0.0	0.0	
9.719994713741471	5.813603590544339	0.0	0.0	
6.9764314351444945	17.368741103918662	0.0	0.0	
22.149232977250847	3.4796919822512145	0.0	0.0	
31.00828870970821	9.214890994370968	0.0	0.0	
21.238935357040553	3.995867349768563	0.0	0.0	
14.09987876441673	14.193779048029398	0.0	0.0	
22.16025270617089	0.08283784964688934	0.0	0.0	
28.83332655144281	6.752687867840994	0.0	0.0	
26.245344941801598	19.621370515657024	0.0	0.0	
23.002414537215774	27.451949978716804	0.0	0.0	
31.794753149464142	12.987276874586279	0.0	0.0	
27.72062419245053	29.212607902702622	0.0	0.0	
4.607905359588344	18.136777746255422	0.0	0.0	
18.396706553233123	5.419827589852783	0.0	0.0	
3.291330262711579	19.714398697071253	0.0	0.0	
14.993255049056817	22.524715786114633	0.0	0.0	
10.585946835230182	5.147342400928004	0.0	0.0	
13.081559073597571	20.574262094957223	0.0	0.0	
20.842332552775	17.651106059712287	0.0	0.0	
19.665079495451373	28.463626852000115	0.0	0.0	
12.157443671866478	31.43352019949262	0.0	0.0	
22.98980943463309	25.539201464106487	0.0	0.0	
5.31158060978418	30.97850111557422	0.0	0.0	
6.030213645682643	27.078653311654627	0.0	0.0	
7.895130671031676	29.03878929146716	0.0	0.0	
11.331442811706886	11.12688150614974	0.0	0.0	
14.48535007244849	16.59555402759711	0.0	0.0	
16.42776694931366	15.893673855249656	0.0	0.0	
23.035043159030618	2.941739623196547	0.0	0.0	
14.085596195854237	6.922328848013759	0.0	0.0	
6.926571418916215	20.13785214082544	0.0	0.0	
10.213140779429704	15.59366740671597	0.0	0.0	
7.64677278306371	12.5080944032396	0.0	0.0	
20.55595780319227	18.552780864066506	0.0	0.0	
23.503492281118433	14.451871665669731	0.0	0.0	
19.4933763118114	9.974301937481133	0.0	0.0	
12.650137520085242	23.68552489659216	0.0	0.0	
11.061179362834803	27.698810997924152	0.0	0.0	
1.8922937820560968	12.362026563646456	0.0	0.0	
3.2935512426781166	31.64337563546601	0.0	0.0	
1.1462506341315795	1.9295954771531356	0.0	0.0	
22.443605610233874	14.862141111477207	0.0	0.0	
24.69564733164058	0.7614070972483056	0.0	0.0	
25.207423804457818	25.523640100938326	0.0	0.0	
1.4941112567986679	21.203771498210994	0.0	0.0	
28.928433514726752	8.753599029422528	0.0	0.0	
10.682420500359662	25.75599534368265	0.0	0.0	
18.43041701998472	18.163571083111517	0.0	0.0	
14.78707714474756	17.63428409589235	0.0	0.0	
2.708452002145332	25.260672909494883	0.0	0.0	
23.45060738540509	21.5463691236439	0.0	0.0	
12.910123757785211	20.206896904242036	0.0	0.0	
8.37653261072822	21.47760842876432	0.0	0.0	
20.04543935129239	17.283935771936875	0.0	0.0	
6.607944383275331	6.988661476873876	0.0	0.0	
23.384085994532718	11.552591735237822	0.0	0.0	
13.145584647145217	17.027923335283713	0.0	0.0	
29.076367905488596	21.631473610778258	0.0	0.0	
13.433691495467542	29.074411339891295	0.0	0.0	
22.816025832574987	28.32191523988544	0.0	0.0	
26.422169513862173	1.423426538398516	0.0	0.0	
24.143862214987276	9.823331412023489	0.0	0.0	
24.006854527568052	25.823885935878675	0.0	0.0	
18.076455355589992	3.8458895291480637	0.0	0.0	
8.243678452317443	0.48664566490636574	0.0	0.0	
6.560974630160256	17.975556175854102	0.0	0.0	
21.702646476646553	6.5800920553393	0.0	0.0	
2.8279334987699727	4.514625124921679	0.0	0.0	
30.336056223300343	9.826892656096355	0.0	0.0	
12.311318390065193	22.530753753652	0.0	0.0	
28.38752916835926	4.7228119134668205	0.0	0.0	
1.4736626517238562	16.573513776648817	0.0	0.0	
17.641342450241847	6.270653912237691	0.0	0.0	
23.87473306316729	25.874359042970887	0.0	0.0	
13.981591916284707	7.197644349635322	0.0	0.0	
8.910000597632155	2.962130830635555	0.0	0.0	
25.540206146390734	17.574901849417024	0.0	0.0	
13.391281096960235	22.05308749695791	0.0	0.0	
22.03676904094289	15.296302906893292	0.0	0.0	
1.922980732379667	12.919920162369479	0.0	0.0	
29.115748060869	11.851535487300822	0.0	0.0	
21.106698370651326	19.938389560574368	0.0	0.0	
27.8695020580641	0.1540406276848998	0.0	0.0	
24.550746964108217	30.96696246141772	0.0	0.0	
9.557383026170413	28.227342519328456	0.0	0.0	
18.830340479883603	17.718920642018027	0.0	0.0	
19.05721976100698	16.973389955177158	0.0	0.0	
9.341211227100818	31.125757885703983	0.0	0.0	
6.575494088721758	6.989357546677681	0.0	0.0	
14.393271488541124	6.722143926344376	0.0	0.0	
16.495768229205538	10.728208288414478	0.0	0.0	
14.209851129094396	30.108118678263384	0.0	0.0	
12.625264989059893	10.280663095598154	0.0	0.0	
7.51402781242718	0.06741296104726757	0.0	0.0	
5.065164072683572	9.107298279018984	0.0	0.0	
24.333915664608632	5.254653279812327	0.0	0.0	
21.207682840517258	19.063574078201516	0.0	0.0	
14.125143791384126	13.411644485845514	0.0	0.0	
13.251795878641477	31.064772199761904	0.0	0.0	
1.0491487040041676	22.63274352349616	0.0	0.0	
26.058578172979466	3.740037182462544	0.0	0.0	
19.216747079970016	5.476873940101452	0.0	0.0	
9.468882761398799	5.910093875532176	0.0	0.0	
11.212501155231376	31.61476665111944	0.0	0.0	
14.837938216114882	0.2800206242148775	0.0	0.0	
19.384333398764394	6.763610690398817	0.0	0.0	
19.760011459726158	29.080524365551792	0.0	0.0	
4.646919263246929	27.712750604333593	0.0	0.0	
1.1920953118187256	31.562881896333632	0.0	0.0	
30.996985971729025	28.578624246744642	0.0	0.0	
2.9383289060949807	17.0601184235693	0.0	0.0	
2.91303032762443	5.38878581218334	0.0	0.0	
24.627830537168652	3.9013840765596193	0.0	0.0	
25.692569894263272	27.19878556009952	0.0	0.0	
11.04167400364194	13.514776675216545	0.0	0.0	
29.734136454083313	14.81946914998165	0.0	0.0	
14.002985068014741	15.481309039387423	0.0	0.0	
8.814752524521765	19.073859453813878	0.0	0.0	
3.2522722855454056	1.3122173314219552	0.0	0.0	
3.8807366522123417	18.671385794100456	0.0	0.0	
23.16144523419103	13.019366710371383	0.0	0.0	
11.927147554158768	29.023277444162602	0.0	0.0	
2.1791181854661374	31.61283513008637	0.0	0.0	
26.635006488314186	6.604596563470512	0.0	0.0	
7.573977717960304	5.671942032434863	0.0	0.0	
8.759765328159588	27.843226501275716	0.0	0.0	
18.04607966243111	20.526842901537456	0.0	0.0	
26.526584591857354	12.263756662296167	0.0	0.0	
30.868764920923105	23.216240243100565	0.0	0.0	
14.27819290698871	17.98793958251226	0.0	0.0	
21.932298248993487	3.4828822693239587	0.0	0.0	
8.452876576724677	20.18795870242533	0.0	0.0	
10.221969937639432	28.111554260163537	0.0	0.0	
6.562291975691998	12.063196867593128	0.0	0.0	
24.52570942625645	5.555385046650951	0.0	0.0	
26.837892113393465	31.582012520710045	0.0	0.0	
14.852027594265532	14.243890771153115	0.0	0.0	
11.178694855795232	29.569900015038623	0.0	0.0	
28.16125962638095	10.230194605162922	0.0	0.0	
0.6098899161159359	8.75766774751143	0.0	0.0	
9.161513959387893	17.48970237588484	0.0	0.0	
16.48552812036751	18.508850473592368	0.0	0.0	
10.19496352616569	24.040120604186562	0.0	0.0	
17.07642351723458	1.10003247479343	0.0	0.0	
0.643075151311816	24.569319599222236	0.0	0.0	
9.0418180482297	4.226359653461902	0.0	0.0	
