2
32.0	0.0	0.0	0.0	
0.0	32.0	0.0	0.0	
24.058367041106802	12.737030262124378	0.0	0.0	
4.656682596847304	16.49226579241464	0.0	0.0	
29.220799248452806	1.5359050856933116	0.0	0.0	
0.13570423698839917	23.35980115340731	0.0	0.0	
30.529275516594975	2.8638046105949506	0.0	0.0	
23.353963389946014	17.35339666464072	0.0	0.0	
26.71535288306983	7.576853304322118	0.0	0.0	
5.735763575552152	13.84679146961863	0.0	0.0	
12.45156154217235	21.239116623931295	0.0	0.0	
9.938290939973236	19.14360969027743	0.0	0.0	
19.464842984306564	27.722375233856503	0.0	0.0	
12.83568346744034	26.250996297223338	0.0	0.0	
3.002100978701719	17.907944261058464	0.0	0.0	
22.718800732897137	14.510777595108213	0.0	0.0	
24.435059655082863	2.908223469148769	0.0	0.0	
20.408584256481582	10.646893116397624	0.0	0.0	
15.610319168906901	20.7267833429077	0.0	0.0	
21.3298227239499	16.215182999394713	0.0	0.0	
15.236902492550314	10.59634273241921	0.0	0.0	
31.395663555457137	23.89967628554651	0.0	0.0	
27.210484911679462	2.6412768719783166	0.0	0.0	
19.97467594017628	30.08132139505512	0.0	0.0	
20.209110022018088	30.95157506440376	0.0	0.0	
9.515699743937486	6.081315765526252	0.0	0.0	
5.666645725675021	3.0373651137293685	0.0	0.0	
20.17049845869723	16.747418978710538	0.0	0.0	
5.1517495551720565	23.716127108684265	0.0	0.0	
25.91807822963496	10.583295673403768	0.0	0.0	
21.93996230988516	25.29269017551729	0.0	0.0	
6.983464309292767	5.152092158230509	0.0	0.0	
9.62257963885206	22.533609312424364	0.0	0.0	
23.165764470413677	9.05402355714471	0.0	0.0	
25.02650120355518	20.445093445778745	0.0	0.0	
8.074136236106	8.380893855705654	0.0	0.0	
20.931573743279852	31.473976230527455	0.0	0.0	
3.891449480475231	14.98097119337018	0.0	0.0	
6.5324071711401395	7.1861999499289375	0.0	0.0	
29.279502264019502	17.30318441894762	0.0	0.0	
5.194217778563932	12.93414149860386	0.0	0.0	
20.482720685452726	0.13406591845009785	0.0	0.0	
9.97837089835263	14.911791042620585	0.0	0.0	
12.195890615774157	2.244716021313014	0.0	0.0	
9.332308858059093	19.602498350518637	0.0	0.0	
7.1369586921217625	31.9336402726141	0.0	0.0	
16.00232725229197	6.692729156218341	0.0	0.0	
12.439330882660666	5.960138879131435	0.0	0.0	
20.940466837585657	14.02888279741159	0.0	0.0	
3.0055447482415687	7.581590242094613	0.0	0.0	
9.0248581481795	7.072143479911606	0.0	0.0	
21.35723129807599	13.196051988315766	0.0	0.0	
21.498024168408804	24.74475111224331	0.0	0.0	
11.09891762206885	6.532259839088102	0.0	0.0	
15.621336211715544	18.15511284251639	0.0	0.0	
13.36063625772291	19.659613524957386	0.0	0.0	
13.605097103127406	16.669176326401416	0.0	0.0	
23.180950948959435	25.726343937408853	0.0	0.0	
16.580970025390577	31.75216158843831	0.0	0.0	
18.76204779911284	10.110098180667354	0.0	0.0	
21.879335060524667	30.57885270961559	0.0	0.0	
0.14842292100546572	25.626472438334254	0.0	0.0	
11.863344821901212	28.19012473475204	0.0	0.0	
8.80138100287203	4.026966379591773	0.0	0.0	
13.56722296393485	20.021444018279396	0.0	0.0	
14.234280065192078	6.75419334020463	0.0	0.0	
13.930132718818726	11.141823495993755	0.0	0.0	
19.178509311201715	0.754685226429288	0.0	0.0	
7.7203739034251875	31.90784895143104	0.0	0.0	
9.336707168087155	12.240874469861218	0.0	0.0	
13.977918313521794	0.6467685042152311	0.0	0.0	
3.2064466911873524	22.846594164395487	0.0	0.0	
1.892564248553171	17.536628108701162	0.0	0.0	
5.061498821664053	9.518547844218752	0.0	0.0	
23.91187367414512	25.227856356735284	0.0	0.0	
2.058313535440064	15.403815574795843	0.0	0.0	
17.192717424075042	1.7111294808263828	0.0	0.0	
27.70871087699029	4.938247358358424	0.0	0.0	
22.110309265523213	11.421459808542686	0.0	0.0	
12.566239276306337	24.21841929039881	0.0	0.0	
0.16834029515362658	18.382196709430673	0.0	0.0	
21.8161665673099	16.445192469208223	0.0	0.0	
17.66825408158165	4.674047615006863	0.0	0.0	
27.10139919889185	26.03631100627182	0.0	0.0	
0.06215568521204773	11.845575953478765	0.0	0.0	
9.051212883283004	22.946322032022266	0.0	0.0	
17.4905773735819	15.801051705130334	0.0	0.0	
26.539484905167477	0.9511260609242562	0.0	0.0	
15.160307662874544	13.582775031064063	0.0	0.0	
20.698913005601888	5.477075882472821	0.0	0.0	
2.4089717838214213	3.3337735366117087	0.0	0.0	
20.015933001327845	15.521054699051955	0.0	0.0	
31.32619100892333	27.650974768258227	0.0	0.0	
23.719796015082956	10.727937854960498	0.0	0.0	
3.231460704656083	29.393901633058217	0.0	0.0	
0.45370022171393387	19.965452057106027	0.0	0.0	
4.9103893752176475	11.942641673645984	0.0	0.0	
28.903989524381814	2.739941599563547	0.0	0.0	
19.576674249373536	2.602369830266376	0.0	0.0	
30.848163872568165	11.892269492581786	0.0	0.0	
31.330573651176465	25.761931882547017	0.0	0.0	
25.969306834200673	29.954635275192548	0.0	0.0	
31.979084594443055	17.76274792443042	0.0	0.0	
27.4126514609527	26.06444508388747	0.0	0.0	
4.875765656716876	9.850657443204355	0.0	0.0	
20.494651466223985	4.074752945778904	0.0	0.0	
21.84302592398056	1.1380398309182098	0.0	0.0	
2.3749268443456053	13.223514776865152	0.0	0.0	
12.892841041679787	6.572227876253859	0.0	0.0	
22.11203868553631	2.880336159047168	0.0	0.0	
18.2990859783013	16.304017588040143	0.0	0.0	
24.84596666347203	28.99034305494671	0.0	0.0	
0.5241635810129672	13.475023537657538	0.0	0.0	
1.2929185525794864	31.77546900817382	0.0	0.0	
7.216628086245134	28.467802741034163	0.0	0.0	
24.868387094960752	4.16699038464731	0.0	0.0	
29.376733872986282	11.633945774258077	0.0	0.0	
25.92620417134466	2.0981204745425472	0.0	0.0	
13.083216134167738	10.971367046397173	0.0	0.0	
13.353778289029119	25.078270498038865	0.0	0.0	
1.9434932651953964	0.7198488662202216	0.0	0.0	
0.34296465228762685	20.666700095072375	0.0	0.0	
16.312569182433744	23.966456416130516	0.0	0.0	
15.639482101574359	10.826795750620878	0.0	0.0	
20.33645403214852	14.22963745160525	0.0	0.0	
1.2781326821640064	21.46198085776159	0.0	0.0	
3.94930610178206	22.98162308443258	0.0	0.0	
29.624887329473182	10.206289111429808	0.0	0.0	
25.379629205959876	25.139205579878837	0.0	0.0	
8.146437885096322	28.589986582748406	0.0	0.0	
16.967875928807995	21.183823559108795	0.0	0.0	
19.368161252049642	3.8698109114912036	0.0	0.0	
22.6904189313314	21.39659914099747	0.0	0.0	
21.24808924229627	9.698023235359553	0.0	0.0	
5.0011681790239955	17.05140079052764	0.0	0.0	
6.274943564636697	3.14124617977318	0.0	0.0	
6.8824102776761755	24.833363665040196	0.0	0.0	
14.416219986718684	12.359637269085582	0.0	0.0	
15.420112801015264	16.468107988801087	0.0	0.0	
21.67930003173494	5.084847451452028	0.0	0.0	
4.913296041749479	4.504153082976071	0.0	0.0	
18.97104334415492	27.49775708173036	0.0	0.0	
25.89196219393585	17.11790459978758	0.0	0.0	
14.296188844893404	25.344739626312847	0.0	0.0	
17.440292015838615	10.18686632619827	0.0	0.0	
4.976714993724389	16.64175269210863	0.0	0.0	
15.601568299148308	11.61952881100282	0.0	0.0	
21.562628555667857	26.770502789212863	0.0	0.0	
9.174630525218845	13.733062768931209	0.0	0.0	
25.21737420167884	7.832465167772973	0.0	0.0	
12.437139744209372	19.20094377934006	0.0	0.0	
30.37764849930541	4.718590624486733	0.0	0.0	
5.122136886341579	30.044183705445253	0.0	0.0	
10.622617822156254	12.697030806485891	0.0	0.0	
9.175191282188123	12.72468810704256	0.0	0.0	
2.375765239251038	6.936277254453071	0.0	0.0	
20.861871105473224	14.9273519274482	0.0	0.0	
12.716763090623726	2.6320008475572365	0.0	0.0	
30.897728499282643	14.633688887970742	0.0	0.0	
13.449479259366061	28.30431348493872	0.0	0.0	
14.123989630404182	28.917140378775187	0.0	0.0	
5.146970533292141	22.070058516356248	0.0	0.0	
6.296543181735611	2.561438912518195	0.0	0.0	
4.868229950886491	16.30187403768209	0.0	0.0	
16.049660179343572	12.703290198927004	0.0	0.0	
2.6538233232253887	19.628590828950937	0.0	0.0	
20.46195104648202	5.446100856040051	0.0	0.0	
27.696872575024233	18.91909109683257	0.0	0.0	
18.99449371261568	6.339175397724077	0.0	0.0	
19.521538897130817	26.964659787218736	0.0	0.0	
31.27230037508657	26.90531230567573	0.0	0.0	
9.839309651890591	30.250289747564437	0.0	0.0	
10.734686830511741	4.2961043539594215	0.0	0.0	
23.7874520974676	14.150849217771416	0.0	0.0	
21.156056422139358	26.001924390962092	0.0	0.0	
24.155995821887547	26.17107764466832	0.0	0.0	
24.15889338646139	20.094850890647216	0.0	0.0	
19.363046235950804	2.9514515351506425	0.0	0.0	
11.978912212642115	31.691430507425267	0.0	0.0	
11.006989311352328	14.391955786523688	0.0	0.0	
0.2716450324470294	23.798528087907783	0.0	0.0	
8.705318165501922	2.3540503930940524	0.0	0.0	
6.353102732134634	18.79449948148832	0.0	0.0	
11.583386999033756	3.177072748387843	0.0	0.0	
11.419623317555317	10.862252930886765	0.0	0.0	
1.1000799295139814	5.479184151768358	0.0	0.0	
30.660111050170975	16.69530890750465	0.0	0.0	
3.0375094835143237	6.560897333807219	0.0	0.0	
3.5936098182848824	20.472835083647382	0.0	0.0	
9.12008223730362	12.931909652401302	0.0	0.0	
23.2386916707001	21.45960892163815	0.0	0.0	
18.030660198577593	0.04616569321756003	0.0	0.0	
29.53787092121667	31.565395660347953	0.0	0.0	
14.270604901408774	31.30430873633352	0.0	0.0	
8.42989486386477	20.324104605588456	0.0	0.0	
17.9814366849221	23.68599107212578	0.0	0.0	
28.126053256850966	12.069736630499847	0.0	0.0	
15.041205896459797	26.81804146590037	0.0	0.0	
21.79465842220797	22.482790441417826	0.0	0.0	
10.39074727603052	17.58203260733952	0.0	0.0	
24.846694875238356	13.791049363059646	0.0	0.0	
11.228873138286762	25.022542184382374	0.0	0.0	
26.959099480402887	30.557529832466987	0.0	0.0	
3.219539691082943	31.41973128307841	0.0	0.0	
22.546079748828387	5.974292409059359	0.0	0.0	
10.914772344209482	12.203262291519724	0.0	0.0	
7.538393064105922	0.40116667747988544	0.0	0.0	
19.698037012985772	8.45385545831735	0.0	0.0	
3.719847525264459	9.617507694417021	0.0	0.0	
0.1721005297347098	18.320239093161508	0.0	0.0	
23.071451990043624	11.469262698775037	0.0	0.0	
21.93724964261583	27.2089374651775	0.0	0.0	
20.371814724998114	24.80941954973709	0.0	0.0	
13.859345544726587	7.8645949545169	0.0	0.0	
23.690208761019857	5.819458387900202	0.0	0.0	
8.799820436822635	26.320877658892556	0.0	0.0	
8.668087570981662	23.408175725736697	0.0	0.0	
15.908317947260954	6.204670720421422	0.0	0.0	
18.618569397625006	26.623735656036597	0.0	0.0	
19.53540004224632	16.562291618300303	0.0	0.0	
0.2617458986455752	19.47395486654401	0.0	0.0	
30.003637576342523	30.126060365271044	0.0	0.0	
19.140177348899027	17.732897589911328	0.0	0.0	
25.404758017542424	11.085148400327803	0.0	0.0	
20.172153216347773	16.977707127385134	0.0	0.0	
6.101342502659854	1.2141921661936728	0.0	0.0	
22.137815856078245	1.078857684713661	0.0	0.0	
24.7445578365589	17.520853281077528	0.0	0.0	
16.73677795553608	4.215657516295394	0.0	0.0	
11.878728196388316	6.518323131062786	0.0	0.0	
8.311074200234472	29.502107729541102	0.0	0.0	
29.367937627292616	23.350874450783948	0.0	0.0	
23.47860152388211	6.250733737297303	0.0	0.0	
13.009161362141924	21.485534130195703	0.0	0.0	
25.487732341986025	25.826959662098215	0.0	0.0	
28.682401335944725	6.449077199104366	0.0	0.0	
26.199589435209894	22.149930320895162	0.0	0.0	
3.0220426031847865	14.567301040839194	0.0	0.0	
26.60790753271066	8.362446129652675	0.0	0.0	
24.05909505175545	14.45173447235359	0.0	0.0	
0.166390432305338	5.196371978894565	0.0	0.0	
13.102348527503501	25.3671801756471	0.0	0.0	
15.285281250821669	15.735985484314568	0.0	0.0	
1.0077375450456785	10.877688762202467	0.0	0.0	
20.119078124154658	13.215531697740332	0.0	0.0	
21.2420505574578	19.22759084210667	0.0	0.0	
24.419074993725193	23.467441613120997	0.0	0.0	
25.094031722610634	5.570018723469715	0.0	0.0	
18.34923143177179	31.576059583934526	0.0	0.0	
4.648930572488279	18.103988323390208	0.0	0.0	
0.9835009987223629	1.8304677896246808	0.0	0.0	
28.312656150064146	25.04549945970314	0.0	0.0	
29.405779208145876	17.510196289749768	0.0	0.0	
4.7948537788503565	10.916847633546535	0.0	0.0	
0.4531794894561436	31.722965540830955	0.0	0.0	
22.68794451739143	26.568686474985867	0.0	0.0	
20.384256598445436	12.938364612136901	0.0	0.0	
21.903931457646255	8.758434767389193	0.0	0.0	
7.944399534913757	7.275733834988678	0.0	0.0	
20.956033838158525	27.97335276437139	0.0	0.0	
7.443959324390029	16.608881445802613	0.0	0.0	
20.394981567064214	5.91363029633542	0.0	0.0	
3.154887211872552	4.310069696785437	0.0	0.0	
8.65292817348168	19.386353151538717	0.0	0.0	
17.18677940645297	14.82021782738348	0.0	0.0	
11.97488286308359	15.157938035216922	0.0	0.0	
14.343509688062277	5.357613690611142	0.0	0.0	
21.47358199409536	23.4642363719447	0.0	0.0	
19.504330474919033	14.495401391274878	0.0	0.0	
0.8131923270604453	27.07326506857699	0.0	0.0	
22.14435838891162	18.56767852600777	0.0	0.0	
10.230487975794354	12.839551029655638	0.0	0.0	
27.586249475848533	3.8485689534219567	0.0	0.0	
22.35824425733791	30.80076045846583	0.0	0.0	
25.532394862005837	29.158938307235033	0.0	0.0	
21.060457789709254	26.035171316933535	0.0	0.0	
20.132942539956055	27.12839520135822	0.0	0.0	
11.237362985330854	2.3794605936005446	0.0	0.0	
5.59713744466541	21.72905363964871	0.0	0.0	
6.575636951618776	19.55579569696167	0.0	0.0	
18.51745219902542	0.2953168679988032	0.0	0.0	
20.963979022806434	8.032426667044486	0.0	0.0	
31.88257413379817	5.210007618637945	0.0	0.0	
16.950501103286133	29.25484716036889	0.0	0.0	
20.472099108907962	28.778057940192536	0.0	0.0	
30.601548895796252	4.657604888141972	0.0	0.0	
10.602532710281316	29.134030569334477	0.0	0.0	
5.692336923948492	13.441014882679145	0.0	0.0	
0.34044645840398857	28.9495478797911	0.0	0.0	
13.013096959794652	8.607159514089378	0.0	0.0	
3.628069226121042	25.04274410908688	0.0	0.0	
9.114285751683742	19.61180762794983	0.0	0.0	
1.138748098578514	11.48199174144419	0.0	0.0	
25.9678152102972	22.4403525504607	0.0	0.0	
11.498408799765166	8.305683105295476	0.0	0.0	
26.354976853117996	8.117493842216405	0.0	0.0	
6.930729254786819	16.16622342181367	0.0	0.0	
14.184819905631699	25.033231658265066	0.0	0.0	
22.08086682431852	23.703154849328097	0.0	0.0	
19.56502730499554	12.859058040552693	0.0	0.0	
7.489615002531952	28.211516908438973	0.0	0.0	
24.47881895338874	5.209272142741138	0.0	0.0	
8.264700806421214	15.631624873577223	0.0	0.0	
17.274069340104074	11.487309677670009	0.0	0.0	
9.098148595488531	24.519567392462587	0.0	0.0	
17.230587449184828	9.02565844449445	0.0	0.0	
19.61490663037035	16.091836130277912	0.0	0.0	
23.514586915809183	31.226185787550346	0.0	0.0	
4.4332487963549525	8.450127978582184	0.0	0.0	
28.30894641998953	13.556520137675669	0.0	0.0	
29.51583456589535	24.160207875681774	0.0	0.0	
7.380201230274608	8.48537883758334	0.0	0.0	
13.44292763490392	19.378093048196718	0.0	0.0	
19.43603738755215	3.6182992869488686	0.0	0.0	
16.05781199425929	9.896521157029994	0.0	0.0	
2.2173021322643187	17.76826236346756	0.0	0.0	
18.77351840063318	22.70081272307136	0.0	0.0	
27.8939933624775	0.47082816063426236	0.0	0.0	
26.683450414752176	18.394388271730488	0.0	0.0	
15.05988061711399	23.03503505580412	0.0	0.0	
11.305347562447832	18.028777086227116	0.0	0.0	
5.439274045994697	10.679222215607187	0.0	0.0	
21.55027147895769	15.633234098386456	0.0	0.0	
19.59243282772505	25.118892709013693	0.0	0.0	
1.1466325664185781	17.115539650569634	0.0	0.0	
23.34460171949268	8.359266974469367	0.0	0.0	
21.860798587264696	4.921108370202145	0.0	0.0	
3.7139324401479463	15.723748418809368	0.0	0.0	
5.6949761936806595	24.460954948776543	0.0	0.0	
19.038949484230177	25.133039760877292	0.0	0.0	
8.522752565527416	5.575681295933716	0.0	0.0	
22.582628600389754	27.72747123118469	0.0	0.0	
31.70591326289477	22.93906598712258	0.0	0.0	
6.516884091481707	14.917869874965724	0.0	0.0	
2.3110956888946212	24.661945975029138	0.0	0.0	
29.45339219914273	11.579415548585384	0.0	0.0	
20.232313655620523	23.617737113118174	0.0	0.0	
31.58957594317149	6.7471456568339185	0.0	0.0	
7.507121676340898	29.172691706820277	0.0	0.0	
7.4838118929357655	10.972113267134635	0.0	0.0	
11.16696068350781	26.249203030392163	0.0	0.0	
28.513100028347388	9.48537228512739	0.0	0.0	
14.367673658909077	7.233251181620581	0.0	0.0	
31.72163856205863	25.48593333025738	0.0	0.0	
3.44915421976264	17.92400797532383	0.0	0.0	
6.27480378487525	21.873624070879185	0.0	0.0	
0.9944582548186247	13.074293629844892	0.0	0.0	
29.518479429767204	21.731136520604977	0.0	0.0	
17.268911166413243	13.772706576684548	0.0	0.0	
23.54226816665621	1.0863666111500336	0.0	0.0	
14.569661720001797	5.97957472761388	0.0	0.0	
24.158946259646385	0.6127724210386312	0.0	0.0	
28.811609710403896	3.7265830621446945	0.0	0.0	
2.6188228309373187	7.834210893426032	0.0	0.0	
13.298337904004612	30.419033033552356	0.0	0.0	
21.522932058045413	7.725682713524666	0.0	0.0	
21.187881470637084	23.232884925963578	0.0	0.0	
23.96054152852867	21.974812421915406	0.0	0.0	
10.353935420425959	27.80835632733261	0.0	0.0	
2.011538033564335	1.6026366076859588	0.0	0.0	
9.220154212817882	28.62256292766736	0.0	0.0	
6.6123971139085	3.8693803689145057	0.0	0.0	
14.947883854163077	1.1339052929660447	0.0	0.0	
29.29334180816132	30.01852460737121	0.0	0.0	
9.989772767180224	10.408832757753881	0.0	0.0	
14.26187329687426	6.65022479411391	0.0	0.0	
23.514088467317546	29.12137963094399	0.0	0.0	
10.326692913336654	27.677959147339607	0.0	0.0	
18.795012974091623	15.411319681987052	0.0	0.0	
2.144396018348548	29.269291070629855	0.0	0.0	
21.303190490761914	26.47090803219532	0.0	0.0	
23.97459667862711	14.506760723988819	0.0	0.0	
19.48585987155102	30.922134033755516	0.0	0.0	
8.092420487708957	12.76070742017978	0.0	0.0	
10.844016748866622	3.593317752168243	0.0	0.0	
16.645865385478434	2.9502429154735026	0.0	0.0	
5.230775739588161	22.78229095759346	0.0	0.0	
17.175394810577764	12.618167771507881	0.0	0.0	
3.9530540313549736	23.97636198673633	0.0	0.0	
10.71607136106529	23.31124959050223	0.0	0.0	
0.5556233457069126	2.511668009088023	0.0	0.0	
8.27853541919842	4.445103715642627	0.0	0.0	
15.924884314811962	3.698052941151875	0.0	0.0	
6.52848169291283	30.757481860552392	0.0	0.0	
26.892339289741454	14.534908627981544	0.0	0.0	
30.62096382722452	29.204500866863263	0.0	0.0	
12.462720783487278	14.34169177133963	0.0	0.0	
8.622456750333267	12.6531345189604	0.0	0.0	
15.891332148697217	30.8439106934664	0.0	0.0	
8.398704705983732	20.36481268527068	0.0	0.0	
2.994689596838839	13.809913109869996	0.0	0.0	
23.557636667457732	12.011400491545789	0.0	0.0	
15.963191352647055	15.102326381607075	0.0	0.0	
15.962787885083486	28.206077845353956	0.0	0.0	
4.489748246484034	28.31206425655966	0.0	0.0	
10.427673609228169	27.47109546673287	0.0	0.0	
3.9101038174715974	21.739286787399628	0.0	0.0	
16.268400522951502	0.9915047948392086	0.0	0.0	
8.617172993807383	8.657829116777979	0.0	0.0	
20.250791765475338	6.881185405493479	0.0	0.0	
31.317559784075655	0.6464820321411864	0.0	0.0	
16.989275408464668	12.12477546844313	0.0	0.0	
11.59936021456718	31.78300649838822	0.0	0.0	
11.168281677129691	15.199716233441308	0.0	0.0	
13.70306973316588	22.610910690860255	0.0	0.0	
15.625685535373464	9.311467971359647	0.0	0.0	
24.74651161199223	17.872108511211866	0.0	0.0	
30.81694119431046	16.99672877413689	0.0	0.0	
2.1384129009445942	24.30123211428704	0.0	0.0	
0.6492649697774944	4.468101657660423	0.0	0.0	
22.045219955163375	17.21687857119355	0.0	0.0	
0.2578983503860144	6.6844407719549075	0.0	0.0	
6.8422528410231145	2.9796350386195734	0.0	0.0	
9.010916357084778	31.617438310390284	0.0	0.0	
0.5413842386529168	1.413532681811116	0.0	0.0	
4.054926911023404	26.815314721854772	0.0	0.0	
4.244441223368657	13.521428845177148	0.0	0.0	
7.388218172994737	0.3451768861478257	0.0	0.0	
19.202001260853706	10.891111079422515	0.0	0.0	
28.18507085822921	22.223578927411495	0.0	0.0	
15.498313461384747	12.183176365494383	0.0	0.0	
17.099420678316566	3.6944430708999363	0.0	0.0	
31.315219562757893	12.44650194086925	0.0	0.0	
15.645397000041527	18.945534923078394	0.0	0.0	
18.577958812775588	18.416114902192277	0.0	0.0	
17.16111555087545	24.501622540232393	0.0	0.0	
30.81315101902185	19.758845472519017	0.0	0.0	
8.698186542914048	9.073585988821211	0.0	0.0	
29.93831106845508	4.622885676656324	0.0	0.0	
2.83605268552623	30.757145336366914	0.0	0.0	
0.187131505304869	11.433778797313593	0.0	0.0	
11.482188481733825	0.6223253064297296	0.0	0.0	
15.337947879817428	27.19910728027154	0.0	0.0	
20.927394326363938	23.21834642698113	0.0	0.0	
10.333284613265988	16.62680656776353	0.0	0.0	
12.157034099761997	26.270087717099745	0.0	0.0	
15.75638245559714	16.94525689136014	0.0	0.0	
5.626157428378377	16.96748969999204	0.0	0.0	
18.861025644537012	14.879110230504363	0.0	0.0	
9.251232384729217	12.012608241480716	0.0	0.0	
26.716109139352426	11.402029137402707	0.0	0.0	
9.887542546815215	8.527352421598444	0.0	0.0	
8.473702095332445	13.299321417648063	0.0	0.0	
27.18249494757939	16.99612668245845	0.0	0.0	
10.040741264447632	7.473517786631636	0.0	0.0	
26.895736563182133	10.314877369439003	0.0	0.0	
17.386076123122674	13.285211695946693	0.0	0.0	
22.29198433802645	10.750499010640837	0.0	0.0	
15.855686355015113	16.616487484561258	0.0	0.0	
4.269674441999687	4.788906954160176	0.0	0.0	
16.897001626536454	24.44904008165489	0.0	0.0	
2.7974238857592866	4.115983983237292	0.0	0.0	
1.9298740160620902	26.73768653998371	0.0	0.0	
10.968974723156922	5.182430890337116	0.0	0.0	
17.79959528205391	18.709546969492653	0.0	0.0	
3.406508501316182	15.986737112407067	0.0	0.0	
18.65721993212874	18.61460268769851	0.0	0.0	
26.108585350598613	20.227890397507327	0.0	0.0	
16.5148922437923	6.833179121354984	0.0	0.0	
19.06194789348413	31.346500854361313	0.0	0.0	
3.7189656315651405	31.31779198577328	0.0	0.0	
13.35109743595818	16.501692688552684	0.0	0.0	
1.3617921686343735	4.151796298691497	0.0	0.0	
13.038098953690731	9.01803377165922	0.0	0.0	
29.381528918268874	13.795373675730783	0.0	0.0	
27.141803036252494	12.044379120530184	0.0	0.0	
24.373606577367227	31.22100380638858	0.0	0.0	
30.773098686616162	29.337418411735	0.0	0.0	
30.019872651090242	3.234106041206381	0.0	0.0	
13.515722418909004	3.1233084056677214	0.0	0.0	
13.595091893609315	23.074345381230547	0.0	0.0	
6.12651341715965	8.23913506474106	0.0	0.0	
6.294760158666303	31.24861285562008	0.0	0.0	
19.521900715119788	8.45871771498938	0.0	0.0	
1.7375492000378863	14.26547398010766	0.0	0.0	
18.375736281726752	30.69850935831252	0.0	0.0	
11.13072413229343	8.518880126700523	0.0	0.0	
6.593904271492917	26.924898882328883	0.0	0.0	
24.933860485389385	20.507910455649554	0.0	0.0	
24.839031989653957	12.022394520545042	0.0	0.0	
21.672961529438034	21.172180501334797	0.0	0.0	
18.56108166089508	17.65372965293121	0.0	0.0	
25.909321103260158	3.7593127757792963	0.0	0.0	
22.423531472939015	13.566109449750815	0.0	0.0	
4.509685015968039	21.712036191886977	0.0	0.0	
3.4111222011371005	1.4798633974998658	0.0	0.0	
16.734937552943286	16.091510386804114	0.0	0.0	
19.771297122264077	26.475705849335142	0.0	0.0	
15.689462177713654	17.837805271010197	0.0	0.0	
12.216298008280344	13.852439192238847	0.0	0.0	
0.18498430862587156	28.103363082245075	0.0	0.0	
19.009932556526074	5.167400633555268	0.0	0.0	
18.768925488756175	4.914709805741232	0.0	0.0	
1.1970221159247387	23.607593694538167	0.0	0.0	
9.942234973614209	22.323101446439438	0.0	0.0	
2.287217324770854	4.150371780684232	0.0	0.0	
9.792346665144024	10.961020504918451	0.0	0.0	
16.432251019447943	16.464541604094222	0.0	0.0	
24.176705557463603	22.27699181582446	0.0	0.0	
22.7529009910133	19.81480012086009	0.0	0.0	
17.186151868615063	19.25578247785225	0.0	0.0	
14.677446334310233	17.576131555864116	0.0	0.0	
29.39397890085718	7.052939257676094	0.0	0.0	
12.926101297044895	5.49655610298824	0.0	0.0	
7.330376319019557	0.5461259560594343	0.0	0.0	
5.79481952673834	27.47761388251276	0.0	0.0	
12.071640081319831	31.388684810021296	0.0	0.0	
1.1563815377087536	3.318879456881941	0.0	0.0	
27.961297084476243	31.815473783834307	0.0	0.0	
13.517438828710784	23.854863616714596	0.0	0.0	
17.510108137325567	0.720253576826785	0.0	0.0	
1.591827551486503	21.66641166824434	0.0	0.0	
25.438134326448456	1.8883611535752145	0.0	0.0	
14.992035796072702	3.5835756875384988	0.0	0.0	
9.203127662504194	5.013729138972206	0.0	0.0	
13.727605321791348	24.021012012586507	0.0	0.0	
1.1526666944611321	27.806284892794814	0.0	0.0	
14.900932486765587	4.666408303820326	0.0	0.0	
4.880932359219109	1.1011010226689457	0.0	0.0	
5.3402738086954535	3.2690318508267247	0.0	0.0	
24.023140134753742	7.810636770565239	0.0	0.0	
10.35169570744662	8.485959780018877	0.0	0.0	
14.304114651761129	18.20508393609915	0.0	0.0	
4.2158223938475885	29.62013879886323	0.0	0.0	
10.29723417619378	31.13666840945766	0.0	0.0	
8.473063757011936	1.7488113747495717	0.0	0.0	
9.965333169696585	30.440792948878187	0.0	0.0	
1.0912705305970043	26.71114288195351	0.0	0.0	
29.558713764370335	29.968443428816965	0.0	0.0	
18.71183284886834	10.279899637388112	0.0	0.0	
23.628441148107044	24.907313177845722	0.0	0.0	
28.11127415117837	25.167452088939996	0.0	0.0	
20.799040809038452	18.766292587747444	0.0	0.0	
1.7520886068169617	17.498647740467774	0.0	0.0	
22.946627154831308	23.676824041566526	0.0	0.0	
7.816021286748974	14.329280074529208	0.0	0.0	
20.168463529196007	2.500313487729752	0.0	0.0	
10.449566792317423	17.89961618613544	0.0	0.0	
26.1545978862724	14.732735387035255	0.0	0.0	
6.313616965300799	10.848304817977592	0.0	0.0	
15.673015601624943	10.917375882142533	0.0	0.0	
18.93258257960663	11.631159576060082	0.0	0.0	
23.434980668353848	8.047990127964535	0.0	0.0	
13.506797781796461	22.285698870618013	0.0	0.0	
31.735180059548398	28.309506660379668	0.0	0.0	
27.632997870254474	18.314464387743744	0.0	0.0	
20.656835789564063	7.015761458617899	0.0	0.0	
31.187513851147997	7.8102934788118965	0.0	0.0	
24.492635854826084	5.868903102522101	0.0	0.0	
21.803002498168784	19.100880214052044	0.0	0.0	
27.6855291835719	28.24485223621119	0.0	0.0	
22.97211665637752	0.6875901294744153	0.0	0.0	
8.056947623728608	20.518588307171527	0.0	0.0	
13.5945866166434	10.332389349536403	0.0	0.0	
10.86743184105979	2.0007731136188376	0.0	0.0	
16.152725392121937	18.10654953249845	0.0	0.0	
29.477853007941334	12.009999408787678	0.0	0.0	
13.974605312357141	0.6838051987072653	0.0	0.0	
14.50358796146751	1.8416722591340466	0.0	0.0	
4.028205198309468	0.8298515109540077	0.0	0.0	
13.589928829815936	19.856394555557948	0.0	0.0	
19.88505039112957	16.03594066162502	0.0	0.0	
20.08104955065749	7.300091546008563	0.0	0.0	
9.231681921945462	8.921469013691343	0.0	0.0	
24.72986796674162	31.581943691869682	0.0	0.0	
1.195998665746977	15.874941552705508	0.0	0.0	
6.368695598560858	7.95720838027356	0.0	0.0	
15.043910302497178	21.52524777687484	0.0	0.0	
3.9086855104309066	30.209671598418105	0.0	0.0	
5.471359523974023	19.58355904131549	0.0	0.0	
8.764029218420376	25.914072962202987	0.0	0.0	
20.821621857961304	19.447248717962957	0.0	0.0	
31.010311884071708	29.520484098477873	0.0	0.0	
6.157372714748078	28.607180791430483	0.0	0.0	
18.475022985963996	5.5491020604838575	0.0	0.0	
13.106590470981217	13.672158741145715	0.0	0.0	
16.563349280119876	27.409951746150195	0.0	0.0	
22.209283866612925	31.69689381952726	0.0	0.0	
23.332157907300708	0.9288124332663692	0.0	0.0	
7.243326451391589	4.014588793166805	0.0	0.0	
9.122858364072908	14.316634237080738	0.0	0.0	
25.078006909138136	15.549170610172311	0.0	0.0	
11.076577675669526	20.26148796654763	0.0	0.0	
4.914476436236143	30.249385391577558	0.0	0.0	
11.091238957824167	17.304604193542346	0.0	0.0	
14.920574875022773	16.32706322676781	0.0	0.0	
17.39067800311546	8.955210072292186	0.0	0.0	
12.379001616637439	27.12193320907725	0.0	0.0	
9.972336535623569	26.159929981764275	0.0	0.0	
18.186822308648914	2.2670038746242334	0.0	0.0	
27.82937389689631	10.311738782850263	0.0	0.0	
7.290182664747306	3.3940452809874664	0.0	0.0	
19.566778424988744	21.102577166764398	0.0	0.0	
22.724206000308957	2.1597573091418987	0.0	0.0	
26.95551265116272	1.8336727251084994	0.0	0.0	
8.54278477467048	31.32200946259832	0.0	0.0	
28.976645036089135	19.921886045109876	0.0	0.0	
25.090203528683872	31.66056108025716	0.0	0.0	
12.778909140456111	27.746662386727714	0.0	0.0	
8.66606734914468	28.381320402156057	0.0	0.0	
18.047666318578223	0.17620552324139993	0.0	0.0	
9.559207440578447	12.650084876930915	0.0	0.0	
20.390954195865927	7.705642681355233	0.0	0.0	
3.383143107065095	28.389275613581592	0.0	0.0	
27.833589577688528	24.750990082151798	0.0	0.0	
30.592219623285445	11.354862867665869	0.0	0.0	
9.567665413977352	28.206233151491684	0.0	0.0	
29.446762328919778	30.719631139847834	0.0	0.0	
6.1662726898357185	19.578316479060422	0.0	0.0	
29.554619050489844	4.233522242553779	0.0	0.0	
28.07841418041541	17.314476578391858	0.0	0.0	
28.05012771686412	24.540417183665024	0.0	0.0	
19.888366211431705	22.235231517191473	0.0	0.0	
23.730838439950496	3.7007116406887803	0.0	0.0	
13.435112123339366	1.7316693409013766	0.0	0.0	
31.216625206020748	7.367052932586738	0.0	0.0	
10.108998384800419	15.292674153237591	0.0	0.0	
2.1636197586102064	30.246299167983608	0.0	0.0	
16.713038301859548	0.6198342162067902	0.0	0.0	
27.24108753235928	20.72268471204144	0.0	0.0	
5.2186747380224645	29.914726911503635	0.0	0.0	
16.913818439200124	18.326400286356524	0.0	0.0	
25.627013473331893	2.4906027755386724	0.0	0.0	
4.578229810449468	25.03390469433968	0.0	0.0	
1.7019159146009137	0.3136424708975163	0.0	0.0	
5.651436040834319	15.269530811299177	0.0	0.0	
2.659836985297485	9.607128687084824	0.0	0.0	
21.428018757984358	30.840922370914036	0.0	0.0	
7.892504968743712	17.96311282430141	0.0	0.0	
26.957053349832496	20.189906248172857	0.0	0.0	
1.6395786073203134	8.223240268678982	0.0	0.0	
17.196200917985717	18.392748448931926	0.0	0.0	
18.56142907489531	17.554632036120918	0.0	0.0	
5.656486820933193	9.32820843503989	0.0	0.0	
26.294432603099175	11.174715279624095	0.0	0.0	
26.566542916725286	5.120632446350591	0.0	0.0	
27.31197277530228	0.8976679320994663	0.0	0.0	
14.063623407894028	21.146095249148356	0.0	0.0	
27.01751975077283	28.787331618461632	0.0	0.0	
1.5187017066429824	0.7584522840299712	0.0	0.0	
2.4272569254213074	11.2940694545828	0.0	0.0	
29.377624687645735	13.336524468233218	0.0	0.0	
4.1816538362115985	6.973616366794261	0.0	0.0	
0.07276380437015817	2.5073558436614682	0.0	0.0	
5.706845085134901	10.34321376534708	0.0	0.0	
22.977098197000668	3.0601954522696992	0.0	0.0	
22.0786860132609	4.484847480027149	0.0	0.0	
11.449913571963414	20.693038662536757	0.0	0.0	
28.859731881841494	19.4654952556741	0.0	0.0	
5.548878459014023	26.8808485460623	0.0	0.0	
6.273575753734054	13.666507598271473	0.0	0.0	
15.885092425506755	29.68821047699003	0.0	0.0	
12.118495663938372	21.56509149961228	0.0	0.0	
23.618121230626425	10.59714227076752	0.0	0.0	
27.94800776982844	10.646949529981544	0.0	0.0	
29.859839346137605	26.437810721964475	0.0	0.0	
29.712373749063726	16.052208883653794	0.0	0.0	
25.082195202730542	8.2807007936761	0.0	0.0	
20.70695397403239	18.164727620052908	0.0	0.0	
17.203266214392716	29.171179745827303	0.0	0.0	
16.271036593464665	18.109838198449616	0.0	0.0	
5.059348527413018	3.7302224529937575	0.0	0.0	
13.2419855429428	4.085981574196008	0.0	0.0	
6.075848980707651	7.236505308643036	0.0	0.0	
7.785669784054374	18.485085673939114	0.0	0.0	
1.4696993047704616	8.391163045895233	0.0	0.0	
8.999128179288988	14.989072022480077	0.0	0.0	
27.64310844096496	8.270235517436458	0.0	0.0	
16.9814629037587	8.41393364236787	0.0	0.0	
23.97896578933915	28.37639086721375	0.0	0.0	
21.10058266839792	22.35850071579787	0.0	0.0	
31.1923195536581	22.6571546963734	0.0	0.0	
7.203438574407425	20.01644699055444	0.0	0.0	
8.720127399036738	15.9550303222812	0.0	0.0	
10.87883708261462	30.108397255100886	0.0	0.0	
26.431234307034302	5.435837167216782	0.0	0.0	
18.058547842105373	17.881727355595363	0.0	0.0	
19.154891452911276	21.043327306445498	0.0	0.0	
14.719727101506525	22.36415696936323	0.0	0.0	
26.316447248929258	19.023308763118507	0.0	0.0	
4.317541271954234	8.782152300790464	0.0	0.0	
26.22732928597906	29.83686766674467	0.0	0.0	
0.7083808969821384	28.59710561249425	0.0	0.0	
13.573348180986589	4.291252185971761	0.0	0.0	
30.106171143814915	10.994034151354594	0.0	0.0	
14.55685782417222	28.176633140221416	0.0	0.0	
19.63180672377771	31.949491276403805	0.0	0.0	
8.789147069724699	3.8172814528798398	0.0	0.0	
22.941238390396816	17.123772581122356	0.0	0.0	
31.61742046051181	6.034173642369698	0.0	0.0	
9.071181589706288	14.648329189873408	0.0	0.0	
26.540884457432576	0.9025927177995889	0.0	0.0	
14.109512442089663	17.27484853958744	0.0	0.0	
5.587457579541457	31.315381552836957	0.0	0.0	
22.038054184456218	7.332357276211511	0.0	0.0	
6.689643507631743	17.21439650378387	0.0	0.0	
15.523635814806749	8.375839203537318	0.0	0.0	
4.063104399846573	23.174489789560564	0.0	0.0	
22.735314633213566	29.454607442413753	0.0	0.0	
14.015786989214643	4.036229438437662	0.0	0.0	
4.7304868324283476	22.969710795440072	0.0	0.0	
13.158472300722778	9.911759490360836	0.0	0.0	
30.684418701377396	19.83720902210351	0.0	0.0	
7.661778897226462	27.040637378782474	0.0	0.0	
20.362515204078825	31.39321779382766	0.0	0.0	
30.345438534160316	22.193513634245285	0.0	0.0	
29.770422923542245	2.0546775560500556	0.0	0.0	
23.811952674764232	31.140158273236885	0.0	0.0	
16.411566826894656	22.433622665076697	0.0	0.0	
2.142166237937218	5.844960377427196	0.0	0.0	
29.772969737112543	9.644870772168137	0.0	0.0	
5.264657406798232	10.956878309773792	0.0	0.0	
2.096190076276745	2.2487910831913887	0.0	0.0	
13.441594062276941	15.258981971725905	0.0	0.0	
9.078463894170742	7.8062241866151645	0.0	0.0	
8.095235176019006	20.088636458691948	0.0	0.0	
14.284901674132733	8.62348483260806	0.0	0.0	
5.797700844838314	12.101757171647815	0.0	0.0	
11.545522978459541	16.000266657277493	0.0	0.0	
9.295812129255193	17.818913024933508	0.0	0.0	
3.904055476734772	1.434317135939228	0.0	0.0	
10.27859312439368	16.773004417494548	0.0	0.0	
23.381578246016545	5.537693314342622	0.0	0.0	
12.879513053691355	4.823664786755298	0.0	0.0	
31.75589938501445	4.1427319777018	0.0	0.0	
25.40624754441522	3.8387517412686663	0.0	0.0	
3.529918978542881	4.36766326102288	0.0	0.0	
21.041439668099045	22.05703305455112	0.0	0.0	
31.266079243813888	16.823078685370003	0.0	0.0	
28.5092191982633	27.64802211510475	0.0	0.0	
5.8863887030664195	28.262816273986278	0.0	0.0	
18.39687403657129	0.223666701025941	0.0	0.0	
24.348534977691934	19.16263941931823	0.0	0.0	
8.801576917796758	16.97856516299053	0.0	0.0	
5.768065133476181	20.66901767433325	0.0	0.0	
10.181661088150495	5.704016978446322	0.0	0.0	
2.6306714649870244	1.1499141096018768	0.0	0.0	
27.913037469092895	29.72517251108329	0.0	0.0	
12.408935962869538	27.7280039645278	0.0	0.0	
25.828925378093967	23.032352624577758	0.0	0.0	
9.486982272849097	28.213523500852595	0.0	0.0	
20.815928410883306	4.949472995904124	0.0	0.0	
21.919986177269973	24.159543268471282	0.0	0.0	
4.784770068976361	21.661826510946355	0.0	0.0	
22.487499704874093	6.930269297891769	0.0	0.0	
22.556530504808258	11.537485289690459	0.0	0.0	
27.725744389910183	7.0461952300621356	0.0	0.0	
2.602274891755915	14.000655356251759	0.0	0.0	
14.976921485489171	27.08302242093749	0.0	0.0	
22.798815023355292	2.6936127106467467	0.0	0.0	
13.471756709150565	28.146732406345414	0.0	0.0	
16.31788755552663	5.441505488807561	0.0	0.0	
13.335993029020056	22.293386451655618	0.0	0.0	
17.17464063047468	21.573091917943668	0.0	0.0	
13.048360029768467	3.9583275392827098	0.0	0.0	
16.364523017552724	15.865880959971747	0.0	0.0	
23.804046841819932	21.38045313747935	0.0	0.0	
6.391961440587817	28.187301625257444	0.0	0.0	
24.392602575865762	30.61689609931836	0.0	0.0	
14.426066491975561	25.21959667790061	0.0	0.0	
29.061760873283404	29.929599206119462	0.0	0.0	
5.209609756050291	22.504124213138343	0.0	0.0	
4.1602906272082905	7.9438711015738726	0.0	0.0	
24.499691178607616	11.879675600556585	0.0	0.0	
12.112741579827972	1.7025763153780105	0.0	0.0	
15.15037055025012	0.9038548810892593	0.0	0.0	
27.26722055461984	26.29750731647075	0.0	0.0	
7.893806333083781	23.856893611953375	0.0	0.0	
8.016881568706737	3.6140644105278774	0.0	0.0	
14.702374611524185	16.457518021820157	0.0	0.0	
19.191648557525802	16.31014274915561	0.0	0.0	
11.24329364053635	11.498990266384787	0.0	0.0	
5.765418277152701	15.524361814476684	0.0	0.0	
18.991726159752552	1.4776700234153068	0.0	0.0	
4.290642859512822	5.096801932022505	0.0	0.0	
10.397847175678756	5.2590417474202695	0.0	0.0	
5.8885447383431995	23.379870230609075	0.0	0.0	
9.773874344889656	18.99839106719663	0.0	0.0	
20.388482678522312	10.127284192604208	0.0	0.0	
0.2735706051539637	15.24685401533338	0.0	0.0	
12.298472997757724	7.166219010018867	0.0	0.0	
3.993542805358363	27.202599111849217	0.0	0.0	
12.577087663448822	11.179497700913828	0.0	0.0	
11.156143453437295	23.639412897638802	0.0	0.0	
12.189366601274887	28.727373440444	0.0	0.0	
8.833710186440133	15.203862681468003	0.0	0.0	
1.910364289176428	31.586835680577103	0.0	0.0	
1.353566044161969	3.9510329650210494	0.0	0.0	
25.54729777430668	8.723431692813897	0.0	0.0	
0.15752603675097632	31.911640926338666	0.0	0.0	
19.775406713409286	19.717271975092746	0.0	0.0	
5.893381091728127	7.251506900847243	0.0	0.0	
20.6862475624888	30.78479816880036	0.0	0.0	
9.298574170643931	11.882995077060801	0.0	0.0	
18.92709511933111	23.607913144017573	0.0	0.0	
10.608071823318355	22.477102572583693	0.0	0.0	
30.873807407719525	24.127526174077726	0.0	0.0	
29.284497981183314	2.701692888359517	0.0	0.0	
16.759753083255102	11.65954668107904	0.0	0.0	
17.026849143805062	10.126745446321308	0.0	0.0	
30.391071357894795	8.97429303625999	0.0	0.0	
18.224869545953226	15.512438991316063	0.0	0.0	
0.22995702878630553	24.595413976716312	0.0	0.0	
4.607574426520916	31.811900226599327	0.0	0.0	
31.78806014340662	10.634754091679618	0.0	0.0	
16.771361608661028	12.172076666499049	0.0	0.0	
1.6268281042909152	23.417712321310344	0.0	0.0	
3.4815343922357442	15.040506023106651	0.0	0.0	
4.3555680953289055	14.319673384784139	0.0	0.0	
9.992882810955251	12.906620574306285	0.0	0.0	
22.168976970361975	17.689639749039372	0.0	0.0	
20.134367273432517	26.97155468058504	0.0	0.0	
18.964353873077247	3.1322213416321603	0.0	0.0	
23.65034400860745	0.37669707052416257	0.0	0.0	
19.909867173191266	9.65365882588231	0.0	0.0	
15.602642058101942	17.55530703986542	0.0	0.0	
6.535261959955086	22.016039573656034	0.0	0.0	
25.043321225766512	27.177372928924754	0.0	0.0	
3.7439815448998424	2.6948836433395194	0.0	0.0	
28.315556832436084	10.062151518547815	0.0	0.0	
2.776450599518771	26.917659104231934	0.0	0.0	
30.449044957479153	0.1568324219928492	0.0	0.0	
11.411594920283722	29.76507298294532	0.0	0.0	
2.375148509404589	6.7957457268114965	0.0	0.0	
7.410246769187346	15.547815648182183	0.0	0.0	
9.59222925543716	12.877756853905478	0.0	0.0	
3.6490499750275625	14.438431182019649	0.0	0.0	
26.113443145970077	17.097616861883914	0.0	0.0	
22.209517378247305	27.5800237318919	0.0	0.0	
0.7053435997167625	27.220379025252797	0.0	0.0	
3.7720665567244396	12.535804895147752	0.0	0.0	
19.38032109934957	13.201037614007937	0.0	0.0	
26.952763302052773	2.2380599031758592	0.0	0.0	
15.597412344967449	29.83487904078563	0.0	0.0	
9.761947802981624	8.750743753219012	0.0	0.0	
28.291282282220802	20.727663227665342	0.0	0.0	
27.71100323020682	6.626980930303343	0.0	0.0	
21.735870271148205	17.830471259037775	0.0	0.0	
9.283564825187195	25.436700534475523	0.0	0.0	
5.494178909039718	18.633493463554018	0.0	0.0	
15.681586842496635	9.947072373965081	0.0	0.0	
18.700486568938814	3.387609931836476	0.0	0.0	
25.584810954524922	26.831204779704525	0.0	0.0	
15.270722559993981	26.140586121365054	0.0	0.0	
3.408628063225912	16.45559539582439	0.0	0.0	
24.69201333693986	23.86017566879231	0.0	0.0	
27.62466929013738	4.639874486704098	0.0	0.0	
31.97819275667656	3.6558749488300393	0.0	0.0	
8.164275116211115	29.456095442227955	0.0	0.0	
26.482147352226267	26.21974688435862	0.0	0.0	
26.540807186552467	21.133176807090564	0.0	0.0	
0.2612327201532132	15.955570437838027	0.0	0.0	
31.935592406842517	6.602989627379415	0.0	0.0	
23.891831869318676	7.715686313054068	0.0	0.0	
9.39252133914091	12.244401443902369	0.0	0.0	
2.1151503955841626	1.0182766416647944	0.0	0.0	
27.069730400189883	14.944559870283893	0.0	0.0	
5.078539538384334	26.352403526409407	0.0	0.0	
4.176023868561963	9.994731582279783	0.0	0.0	
17.781242299629554	12.575616380944346	0.0	0.0	
21.816181914062188	9.731213327126333	0.0	0.0	
4.500793574552869	8.278247640691433	0.0	0.0	
26.70317119663507	28.184971571608386	0.0	0.0	
15.449026903019067	21.23604785356708	0.0	0.0	
11.361312024606093	21.158176049224515	0.0	0.0	
30.170648585204543	26.767946328424458	0.0	0.0	
21.609965532316398	27.865854598156357	0.0	0.0	
24.241074760602572	12.444812230321922	0.0	0.0	
22.99109154548389	25.96956912439022	0.0	0.0	
18.420484616077573	12.80068370926855	0.0	0.0	
20.530187371131944	2.683242556427956	0.0	0.0	
26.31124167248737	10.841502178458331	0.0	0.0	
17.80938618564002	6.157545130297031	0.0	0.0	
16.24651898359258	6.670525427194811	0.0	0.0	
17.387150209839017	31.892161010737155	0.0	0.0	
7.104767604413734	0.16283583068637242	0.0	0.0	
26.068033533397294	13.283657537987185	0.0	0.0	
24.488922522984115	22.307417336676725	0.0	0.0	
20.950861052519052	11.442530907140547	0.0	0.0	
4.047965309944498	17.459662744183206	0.0	0.0	
19.253092446977828	28.052069899579532	0.0	0.0	
25.559533900268	2.55174671853462	0.0	0.0	
17.55038660578218	11.24954766985045	0.0	0.0	
27.950739699415806	0.004050712731434203	0.0	0.0	
12.204097853825832	6.028828923759278	0.0	0.0	
15.460385831491191	27.509209667016925	0.0	0.0	
23.082587821310206	22.400654529671257	0.0	0.0	
14.508972758033543	24.810656320841353	0.0	0.0	
20.261390374546114	10.652319191935842	0.0	0.0	
3.015884351042139	27.209281667604206	0.0	0.0	
27.288904315923748	9.955170946470751	0.0	0.0	
3.3673755217839485	1.2532016468557714	0.0	0.0	
21.156265994766823	21.58228919070553	0.0	0.0	
26.304959213718636	4.2206781306779035	0.0	0.0	
19.984590947400932	3.755125542853751	0.0	0.0	
9.0800323183846	19.81273181669007	0.0	0.0	
18.57557092720657	1.053764219873372	0.0	0.0	
15.63916940547939	21.63605192859673	0.0	0.0	
22.326731613086597	30.590382281709655	0.0	0.0	
27.75050004657518	7.584082059731152	0.0	0.0	
12.65650372394396	19.542756763307725	0.0	0.0	
5.795556623636038	10.21655454034341	0.0	0.0	
4.695195976949243	11.562623604491868	0.0	0.0	
24.62249488077751	15.602437642317895	0.0	0.0	
18.682839166880143	23.17057664194974	0.0	0.0	
19.895370147554882	14.165979128142734	0.0	0.0	
14.019502911859874	2.790939538550969	0.0	0.0	
16.88934467442796	27.676506464509583	0.0	0.0	
2.428701616752317	26.857716344783086	0.0	0.0	
27.296491717810873	0.26986445011732485	0.0	0.0	
16.829802527332518	17.286579518896296	0.0	0.0	
25.04067980389117	5.114214100012628	0.0	0.0	
31.87660822739647	16.314082981085793	0.0	0.0	
19.72289882133164	14.65429652308304	0.0	0.0	
2.603402691874198	20.80369790849188	0.0	0.0	
4.843227638978096	17.926167144476732	0.0	0.0	
3.732579629245997	6.907310041357434	0.0	0.0	
30.630197904149547	27.538012017494957	0.0	0.0	
24.70562031059285	2.7942698352764452	0.0	0.0	
27.61522665665302	10.974020695661402	0.0	0.0	
23.21127931408274	13.516026412437519	0.0	0.0	
19.564001829959274	27.71639955656737	0.0	0.0	
1.0258291175485432	23.882793082214082	0.0	0.0	
4.320133882622159	26.23415619854581	0.0	0.0	
16.272487929540535	21.244792178518377	0.0	0.0	
19.36837640807671	1.2744182058170068	0.0	0.0	
28.636939026402366	20.902729932154923	0.0	0.0	
8.763450385261702	19.61156052400662	0.0	0.0	
1.616328831190959	9.732298400178507	0.0	0.0	
30.88443797981552	28.345465056407775	0.0	0.0	
0.4714200786835754	8.413275785684146	0.0	0.0	
6.062700678337162	23.050389184011106	0.0	0.0	
28.793911754916973	28.443686546805104	0.0	0.0	
17.625679728953678	18.31095860065924	0.0	0.0	
0.2947284401370247	14.40773042741814	0.0	0.0	
24.330467481764096	9.273237821227092	0.0	0.0	
28.517144685739574	10.183839674218522	0.0	0.0	
25.12155494701152	1.835658079116051	0.0	0.0	
4.008371846516749	19.005210934307957	0.0	0.0	
2.3066086868542364	3.5226903849473956	0.0	0.0	
15.947994069292108	18.03212241204205	0.0	0.0	
20.84705701278937	4.7040397370648925	0.0	0.0	
10.2283083200611	15.748505063729095	0.0	0.0	
19.40970679349152	31.65999393514351	0.0	0.0	
0.4103959880651544	10.302914114547733	0.0	0.0	
16.126147507591206	16.171380787877258	0.0	0.0	
1.8886210993549675	17.818205917416936	0.0	0.0	
11.49718367458765	17.69760156731315	0.0	0.0	
1.135013162266194	24.971459162343365	0.0	0.0	
18.424228691651336	13.806503850950104	0.0	0.0	
6.509409616750975	17.849268483119765	0.0	0.0	
4.231550965074792	18.258565653244737	0.0	0.0	
29.855595229284173	31.584681750134326	0.0	0.0	
5.13932942425274	17.19241713697538	0.0	0.0	
20.76092204158488	25.022510219628757	0.0	0.0	
19.697816023000627	10.987753048552328	0.0	0.0	
0.20611027136245497	27.71218453488045	0.0	0.0	
12.649198929918093	31.23349288268116	0.0	0.0	
9.642744216626685	9.542969863679758	0.0	0.0	
14.627567367438274	11.330255860512779	0.0	0.0	
24.248206045097174	26.324256972008282	0.0	0.0	
23.780985240183906	4.42541163165167	0.0	0.0	
6.3759288242876835	18.956586464311645	0.0	0.0	
18.18462795220865	28.50678936191818	0.0	0.0	
21.87682351318213	30.737430349745818	0.0	0.0	
12.638526519929986	12.880019243413482	0.0	0.0	
19.03148954952976	27.261975706672583	0.0	0.0	
9.729860659836532	13.04006218146574	0.0	0.0	
24.889950810512264	22.06637521517184	0.0	0.0	
16.82441765562955	22.641210115390013	0.0	0.0	
26.537279691822405	7.910533089969551	0.0	0.0	
27.652355415742377	28.95719836360462	0.0	0.0	
29.43368831650121	23.520147867722333	0.0	0.0	
20.514359431525083	15.119028473695696	0.0	0.0	
19.630799975353074	6.3842495525501946	0.0	0.0	
12.800799890878505	24.078019284104194	0.0	0.0	
0.39913105312111696	12.085148400162794	0.0	0.0	
17.801837546135605	11.348481970972028	0.0	0.0	
21.04017965476652	26.275582061813555	0.0	0.0	
8.663061275957787	3.8484194100205613	0.0	0.0	
16.59323910394739	3.538281925142961	0.0	0.0	
10.874785778004984	30.576292686124845	0.0	0.0	
10.937912890822837	7.446595044587056	0.0	0.0	
7.126669813305895	5.452805890806157	0.0	0.0	
15.355794684547867	28.605529014062988	0.0	0.0	
4.754061557073278	9.82317915063749	0.0	0.0	
29.70835418391872	15.844920512042517	0.0	0.0	
14.988292517413068	5.123109747392775	0.0	0.0	
11.937687258095888	23.420355936827054	0.0	0.0	
2.4769602188305377	7.473138623572321	0.0	0.0	
29.245180908458742	0.0015394128913932548	0.0	0.0	
21.615568067598105	23.712772296724996	0.0	0.0	
24.134564415577643	15.968274946482904	0.0	0.0	
22.926196391128546	10.388088902214541	0.0	0.0	
26.748442853119215	5.6599722525856855	0.0	0.0	
3.829173518221264	22.64378745724012	0.0	0.0	
16.72315551534779	28.124787278267718	0.0	0.0	
21.70874487569477	14.553275895949454	0.0	0.0	
15.554792358508358	19.72371499333793	0.0	0.0	
13.44719671736054	13.357901376779939	0.0	0.0	
1.798066273023629	27.92007379989601	0.0	0.0	
27.794562004010697	17.849955519521504	0.0	0.0	
12.362313795349543	21.70911709841988	0.0	0.0	
16.155583665028868	7.358811894939677	0.0	0.0	
25.942081390378718	3.954467299972471	0.0	0.0	
26.72072849472047	26.407200439246132	0.0	0.0	
28.986889167093178	27.201664741334724	0.0	0.0	
1.6405884124387455	29.90365641811856	0.0	0.0	
1.2877551620534717	7.665125600377941	0.0	0.0	
1.4498567087079266	30.784734176353354	0.0	0.0	
23.8205462795835	30.387148338296704	0.0	0.0	
16.7326199603104	16.113853084215847	0.0	0.0	
14.563274592884554	17.247782151924227	0.0	0.0	
10.352609020401218	27.844745061149077	0.0	0.0	
5.13333874731067	18.07688756527434	0.0	0.0	
21.97201754503904	31.1922540883783	0.0	0.0	
15.810207174127076	12.879856884745816	0.0	0.0	
25.22431071093409	5.104472108385377	0.0	0.0	
29.608595695715305	0.3318542900984909	0.0	0.0	
8.333686807072166	0.257217565018383	0.0	0.0	
30.78168559769418	3.204760373041246	0.0	0.0	
24.646577879218857	11.704175817082387	0.0	0.0	
27.97118754900645	26.883279754060823	0.0	0.0	
29.014503681477986	31.38883394789843	0.0	0.0	
11.988619789899822	18.747224661333384	0.0	0.0	
2.881314022558964	6.572299967546311	0.0	0.0	
