2
32.0	0.0	0.0	0.0	
0.0	32.0	0.0	0.0	
28.693360914704893	12.68971362296131	0.0	0.0	
23.389127176486	1.856367641553554	0.0	0.0	
6.931743371296825	21.429909399696378	0.0	0.0	
13.299942799510728	29.187655596537514	0.0	0.0	
25.41124006617639	1.67338285623633	0.0	0.0	
21.780078484967337	8.869390522506368	0.0	0.0	
7.056658329328851	1.1781431772538333	0.0	0.0	
28.072789922823123	7.584995471632894	0.0	0.0	
21.450537969418683	31.712912202365484	0.0	0.0	
6.181347858473874	20.506807404883457	0.0	0.0	
17.411907336363168	4.787723565665075	0.0	0.0	
29.468733915867556	3.9684449642989676	0.0	0.0	
13.780194430335957	0.9782018320108321	0.0	0.0	
12.08387957739673	28.758057337016073	0.0	0.0	
1.803998639712173	7.180290314427843	0.0	0.0	
22.794301356329584	6.114313415401085	0.0	0.0	
5.5666263820588675	18.432088351039003	0.0	0.0	
16.355951477470104	9.681005257774178	0.0	0.0	
30.166994497945165	3.4847247123662335	0.0	0.0	
29.516265784281217	21.124670541384578	0.0	0.0	
11.95060145995296	22.66477752897789	0.0	0.0	
10.25681567365504	8.455130419981415	0.0	0.0	
11.703623566621879	17.346469504368674	0.0	0.0	
11.087203723935062	24.887796818577023	0.0	0.0	
30.46974614920085	31.812851179047527	0.0	0.0	
26.43840085359867	2.3673815899751496	0.0	0.0	
1.0521822120736424	20.42164384686901	0.0	0.0	
21.60616355215329	31.76402905428591	0.0	0.0	
29.349584263286697	4.165718216413641	0.0	0.0	
21.65927039035776	8.87725550648032	0.0	0.0	
29.574632867472435	17.795652638697817	0.0	0.0	
3.9125163529232303	24.241963408785136	0.0	0.0	
22.812457921277424	13.938853629803013	0.0	0.0	
10.348207643658544	30.889443788395912	0.0	0.0	
15.248723487792887	5.503038317426945	0.0	0.0	
13.231292983810992	19.934389691448107	0.0	0.0	
14.824116052663832	19.894715593274	0.0	0.0	
24.14362022857669	2.481057747630871	0.0	0.0	
5.1600720021844815	29.02653083980583	0.0	0.0	
9.92022272660224	30.214456554946327	0.0	0.0	
23.58045482082945	3.314617414633517	0.0	0.0	
31.32772837489434	31.642333570599472	0.0	0.0	
11.302223976685987	0.23078639142897117	0.0	0.0	
3.6915832315212604	4.978151975196049	0.0	0.0	
21.925985616112587	19.919992242143863	0.0	0.0	
1.484429510631177	22.98254661846956	0.0	0.0	
1.8007051255836402	14.109776355066302	0.0	0.0	
7.967731772973089	30.054919416571327	0.0	0.0	
8.384916767731152	22.334276046677086	0.0	0.0	
23.543973387092365	28.762776436706105	0.0	0.0	
18.75548074029193	8.82278053289707	0.0	0.0	
15.918823464602493	19.98851577719777	0.0	0.0	
14.360437088551993	20.70386592623555	0.0	0.0	
27.396992274146346	18.75205330078115	0.0	0.0	
12.62058790998902	14.22754129980914	0.0	0.0	
31.1986629299809	28.94425615791491	0.0	0.0	
31.027672150826014	14.63636148216478	0.0	0.0	
25.21192593031939	10.246539246061026	0.0	0.0	
12.761085319996003	4.72547884483059	0.0	0.0	
10.215407108879688	23.46421088148409	0.0	0.0	
3.4014659308447612	23.140111322632315	0.0	0.0	
10.370953081704993	11.25125014233019	0.0	0.0	
17.664016754731254	10.484387855888574	0.0	0.0	
21.778121073346476	27.860035640309572	0.0	0.0	
12.20165329492287	8.555723761681659	0.0	0.0	
2.334416422746628	22.551454999177842	0.0	0.0	
22.08541794472128	9.148051944874393	0.0	0.0	
22.949140034444948	23.2213997553507	0.0	0.0	
12.667109586940231	14.426020076271897	0.0	0.0	
7.388371391491479	27.873783706166623	0.0	0.0	
1.6023275550293086	29.54802657092482	0.0	0.0	
17.529051130904186	30.58811534883447	0.0	0.0	
26.38509202232163	10.729330483441998	0.0	0.0	
23.401486364170427	1.602794259570853	0.0	0.0	
7.215101375901842	27.099014389673073	0.0	0.0	
28.917411772349464	26.297930081280487	0.0	0.0	
29.085381608426808	14.584923692536268	0.0	0.0	
7.594508404120951	17.122503562423844	0.0	0.0	
13.02779452082384	17.94745276870613	0.0	0.0	
2.241758879630005	3.182898070338034	0.0	0.0	
28.92312199434439	21.590609621452632	0.0	0.0	
23.44116920111453	5.47005998275656	0.0	0.0	
31.613700473318307	1.7788061735367542	0.0	0.0	
31.99635864642405	25.323826458448448	0.0	0.0	
4.340498716682948	29.838611084916902	0.0	0.0	
30.296013915673207	26.22268025873123	0.0	0.0	
15.98230640974477	10.440938350593132	0.0	0.0	
9.51460004551561	21.304976969544878	0.0	0.0	
25.107863717160424	8.026415095588682	0.0	0.0	
2.3971740755391515	20.13436746461473	0.0	0.0	
15.334975836339236	12.17826371255568	0.0	0.0	
17.09012346180312	1.9231701549468987	0.0	0.0	
15.720892046572558	25.711757046499965	0.0	0.0	
4.831474381143217	7.335083854089241	0.0	0.0	
15.568360459073546	11.418431187972075	0.0	0.0	
31.093641842848445	22.1973615243098	0.0	0.0	
0.23183387455914684	27.157669532506485	0.0	0.0	
31.011323568986594	19.534593491054228	0.0	0.0	
28.79864969697967	26.574374589158122	0.0	0.0	
30.36390250007958	7.200414742406213	0.0	0.0	
24.20823151980263	20.09780436325874	0.0	0.0	
9.872362911269363	4.86080001938906	0.0	0.0	
29.201412184993426	23.41550253270436	0.0	0.0	
22.483302023223153	28.44942688092157	0.0	0.0	
11.906669961930614	6.96939205621031	0.0	0.0	
26.739937759388983	11.823770442389677	0.0	0.0	
26.056231257391378	23.22704831031592	0.0	0.0	
24.331157967371766	29.612927596192385	0.0	0.0	
18.96300642475385	12.007964507873112	0.0	0.0	
29.110357935384997	12.098149236307062	0.0	0.0	
9.52273383886481	16.478906294304558	0.0	0.0	
9.845430736646858	22.78310217409133	0.0	0.0	
31.125646552838198	9.01424777871042	0.0	0.0	
29.370959111130357	14.00886154169337	0.0	0.0	
1.143623169425009	4.17173385198161	0.0	0.0	
24.49523360137659	26.02946592307141	0.0	0.0	
11.095580587221779	31.65865690247561	0.0	0.0	
1.5429660761877848	14.970668420402628	0.0	0.0	
8.255263833175196	3.0766726323944376	0.0	0.0	
6.4104992349474905	4.520566816404045	0.0	0.0	
28.236751753748532	31.419612941143903	0.0	0.0	
20.691012662754638	4.082376912322246	0.0	0.0	
10.547842873778738	25.202523144392188	0.0	0.0	
21.754405431518734	16.206676065101796	0.0	0.0	
1.607841962609374	21.02606150852546	0.0	0.0	
18.781211698801563	11.986451767993934	0.0	0.0	
18.996053314510924	14.894300565909656	0.0	0.0	
0.9290569200668379	12.907596274576818	0.0	0.0	
4.723971599082759	14.396843178104415	0.0	0.0	
18.06284920893192	3.993036989382688	0.0	0.0	
25.095988969078782	19.683397325731555	0.0	0.0	
6.103627877069076	20.911163459108256	0.0	0.0	
8.991703870097702	27.57986641386388	0.0	0.0	
9.13394699241898	14.314951493078542	0.0	0.0	
9.924164736167715	24.684108106487667	0.0	0.0	
3.3721117688816697	16.54269350555227	0.0	0.0	
16.316351229044542	6.81300755460769	0.0	0.0	
9.869227372136642	5.244589093775783	0.0	0.0	
29.27545517058749	19.008883153135322	0.0	0.0	
2.906816271671861	1.7112825048796267	0.0	0.0	
25.67808676035636	10.868874720763444	0.0	0.0	
13.378676339008734	18.774049053408973	0.0	0.0	
11.280916520580504	29.01890866660726	0.0	0.0	
15.070618494832427	23.813840573443077	0.0	0.0	
7.603699623648005	17.523251493761308	0.0	0.0	
10.657423606312136	2.7336104149330005	0.0	0.0	
3.4570394910399393	1.601337357274808	0.0	0.0	
23.24548797560585	16.27729767613777	0.0	0.0	
20.668230581302037	6.5419717844843035	0.0	0.0	
18.398495378353445	22.633575077227803	0.0	0.0	
25.662704134503795	25.807325472559047	0.0	0.0	
23.586078381119233	2.326804819863881	0.0	0.0	
12.93068986174043	16.891325069507875	0.0	0.0	
28.96499925649988	18.056337406874185	0.0	0.0	
8.925700875457888	25.940182154270307	0.0	0.0	
11.948209344471554	8.684088944767417	0.0	0.0	
17.308099284603003	27.653043931441196	0.0	0.0	
14.128752290888727	28.917654645682674	0.0	0.0	
19.149406636974362	25.385220117176722	0.0	0.0	
17.951716919878507	9.626475002481502	0.0	0.0	
23.298996164323796	23.162755893531973	0.0	0.0	
11.254963441216233	4.75021459071953	0.0	0.0	
17.90692577488746	11.80832064946813	0.0	0.0	
14.618937787215259	13.042286102747305	0.0	0.0	
26.863491751248713	27.01582726552328	0.0	0.0	
21.589744773647357	30.68922033073618	0.0	0.0	
14.323714728769872	4.593622682477154	0.0	0.0	
24.28930787437657	17.22557222050468	0.0	0.0	
3.1697208633284824	30.32638060362965	0.0	0.0	
8.883649337577875	17.99155606466815	0.0	0.0	
0.4363519521129149	18.237037385107225	0.0	0.0	
31.42559538799549	20.884862129548083	0.0	0.0	
26.8899453486702	13.636997204945846	0.0	0.0	
29.955342486421337	29.228375252308094	0.0	0.0	
23.916429360800294	18.358080282474965	0.0	0.0	
14.645986475271606	29.014468057508644	0.0	0.0	
23.3524380833337	2.4617594652722694	0.0	0.0	
16.648804146042504	27.34467900646159	0.0	0.0	
8.969563524696738	22.237227021203704	0.0	0.0	
24.681314633223415	21.057307040853235	0.0	0.0	
22.669721016570467	5.537916820828055	0.0	0.0	
4.886958003073584	5.558811014131436	0.0	0.0	
16.472898225443007	5.8903652828529935	0.0	0.0	
4.1208798467741445	12.378143309355295	0.0	0.0	
29.67636006273214	23.62831276663313	0.0	0.0	
13.675990104756792	6.436636212511463	0.0	0.0	
17.240477217042017	29.234051720409955	0.0	0.0	
0.34170108293780643	31.72967878385591	0.0	0.0	
25.553276347824443	3.4763944684277632	0.0	0.0	
1.6220554768741913	14.43395349649225	0.0	0.0	
23.62474082193721	22.429380432850206	0.0	0.0	
18.687954677141047	18.363116925049514	0.0	0.0	
1.4430086110440783	2.220840311233914	0.0	0.0	
1.3836081327926628	5.147689417290042	0.0	0.0	
16.94882762574149	29.313195087436494	0.0	0.0	
2.117971049853324	1.2474575287102816	0.0	0.0	
20.642468868988548	19.787973904355823	0.0	0.0	
4.252789359160918	0.7869447050425258	0.0	0.0	
3.6805422138668895	24.21570212986219	0.0	0.0	
15.936864457976515	10.747739721353575	0.0	0.0	
22.383597194864752	12.790723062481504	0.0	0.0	
28.531835243547324	10.990098086306606	0.0	0.0	
25.910960342817962	6.5636765688235705	0.0	0.0	
28.590095335676594	5.569434120845422	0.0	0.0	
17.853331418265505	2.4533378041850504	0.0	0.0	
31.068919690168478	21.03806531479736	0.0	0.0	
11.506701085538012	5.618319645275168	0.0	0.0	
28.80951849171498	12.629266658403541	0.0	0.0	
7.075979904960111	24.120633916560944	0.0	0.0	
29.773610037890307	30.881085662050133	0.0	0.0	
16.218912382919758	8.47528481758252	0.0	0.0	
22.873996582860297	5.056889926696616	0.0	0.0	
23.91922117870774	24.220428243876558	0.0	0.0	
0.34248726937456553	0.8468371557107766	0.0	0.0	
12.471937204178168	5.804957594421431	0.0	0.0	
1.1196750913057976	28.679090042644273	0.0	0.0	
13.79506149237345	19.002213983383644	0.0	0.0	
17.72289611967324	0.6842835434745389	0.0	0.0	
7.72163538394571	15.178290145830918	0.0	0.0	
0.05011052567250829	20.389522516437072	0.0	0.0	
3.0029121205790226	28.810536152505403	0.0	0.0	
20.448826785684073	15.96528933288581	0.0	0.0	
28.978511590014453	22.507870885065802	0.0	0.0	
18.56898115069877	20.60268705086399	0.0	0.0	
17.21779119464725	18.48658918212013	0.0	0.0	
14.847892398014327	24.67144511156416	0.0	0.0	
14.834743938118994	29.45470841757994	0.0	0.0	
24.63268718060376	16.034620322936803	0.0	0.0	
14.629144938030208	13.119752611432318	0.0	0.0	
28.58396169466942	27.4232480893896	0.0	0.0	
23.67485691351609	31.254341721605822	0.0	0.0	
12.931041632553033	7.508098194308541	0.0	0.0	
9.989054709870263	31.98965034440357	0.0	0.0	
11.515928553539705	28.294317281894216	0.0	0.0	
6.861794638660353	5.13386451796903	0.0	0.0	
15.57648043999935	12.07269010991877	0.0	0.0	
18.1017628607383	2.585954654895719	0.0	0.0	
9.976397849000225	20.485311735082952	0.0	0.0	
3.3551633579570073	7.566590852138461	0.0	0.0	
24.521951177591053	26.624214731656338	0.0	0.0	
16.352141079281992	18.685304170311383	0.0	0.0	
23.716232737078176	3.4480435264546827	0.0	0.0	
9.408908886763843	23.22027564420903	0.0	0.0	
31.149429394443136	7.265512328690093	0.0	0.0	
4.9453052823157755	4.919230985196531	0.0	0.0	
27.971149356625848	12.904142831405853	0.0	0.0	
23.914185744609508	17.977073822996864	0.0	0.0	
16.250755775745986	23.843889932329464	0.0	0.0	
9.618179520485494	17.19631511604366	0.0	0.0	
21.948713130726055	21.261031323036576	0.0	0.0	
20.510224611734415	4.67716236263961	0.0	0.0	
28.944189258497175	19.311346987781032	0.0	0.0	
3.038914307855997	25.418223086389563	0.0	0.0	
19.800465671793628	21.877568238178643	0.0	0.0	
13.41761354286636	30.733787788406485	0.0	0.0	
8.783815783166958	0.6162545296538582	0.0	0.0	
22.876863417867554	26.507649935218442	0.0	0.0	
9.253872057808426	2.8407616750250106	0.0	0.0	
9.220621420717539	18.392853634580533	0.0	0.0	
24.770987532090242	31.979710565908118	0.0	0.0	
30.545605027556526	16.18587630255813	0.0	0.0	
13.859606906671218	8.829959192501661	0.0	0.0	
26.754140776471683	9.692104204309363	0.0	0.0	
28.499322803190832	27.632529317850167	0.0	0.0	
27.961985818565143	19.41328126717123	0.0	0.0	
18.343611399488704	14.590290139254996	0.0	0.0	
12.410549047704556	0.20817398305323565	0.0	0.0	
21.00952810554214	4.518207078869736	0.0	0.0	
18.471150450660904	26.366535996771102	0.0	0.0	
12.489187113936431	0.43174409871336294	0.0	0.0	
3.4603741100399077	26.970268325967947	0.0	0.0	
8.74584950230473	28.71668761556896	0.0	0.0	
29.714100286635226	1.5432842759292136	0.0	0.0	
14.196497462248015	8.351412370995398	0.0	0.0	
8.18865659469122	13.750892723939305	0.0	0.0	
2.217199519805419	30.820775738672957	0.0	0.0	
27.780819286432145	30.51398770113364	0.0	0.0	
26.35175004865647	2.862832619451723	0.0	0.0	
10.677867178352368	15.933615092216012	0.0	0.0	
8.839406288899017	26.514995106844154	0.0	0.0	
22.183693207096145	31.363747142546213	0.0	0.0	
29.50354257745571	27.6685309656925	0.0	0.0	
29.80013737489859	19.597901589241033	0.0	0.0	
16.486580585328362	10.007798174319763	0.0	0.0	
23.84925128805644	11.80378988655362	0.0	0.0	
16.120535711097897	6.951835786766573	0.0	0.0	
27.674301630301535	29.577548540401416	0.0	0.0	
24.30610610385543	5.1619584194520876	0.0	0.0	
9.504603535324701	12.429182073171692	0.0	0.0	
3.2994465856498607	6.565333264438113	0.0	0.0	
6.417904081308002	25.77318270435176	0.0	0.0	
23.319322523466955	28.952622330517496	0.0	0.0	
19.755933330594214	21.269186902370773	0.0	0.0	
31.508231012983494	13.370061830413583	0.0	0.0	
25.98376482599365	6.861390135219867	0.0	0.0	
11.172903531997605	13.576481519609317	0.0	0.0	
3.1357185461228134	1.086802186915861	0.0	0.0	
20.704770649742336	28.221568274399786	0.0	0.0	
18.10066112135069	12.267987921578541	0.0	0.0	
18.011924789919593	9.661201892921095	0.0	0.0	
16.90741571573926	10.70833564236785	0.0	0.0	
23.09963003769944	7.9293371508318735	0.0	0.0	
12.214901311161121	30.432146807051733	0.0	0.0	
20.43133325753067	30.855888972604564	0.0	0.0	
15.451674670551117	31.528049858137734	0.0	0.0	
10.101427925848345	21.987337932742204	0.0	0.0	
5.227023983621866	26.328566133222832	0.0	0.0	
14.625552758228611	10.640788742259346	0.0	0.0	
25.804710108594495	24.462249157821628	0.0	0.0	
24.78724649608365	14.102109308793466	0.0	0.0	
28.000341917542016	29.319622335019705	0.0	0.0	
5.723252392234379	30.775941721206546	0.0	0.0	
7.796549275238387	31.617043409879614	0.0	0.0	
25.457082860408562	10.719571801116846	0.0	0.0	
1.935397371826518	24.666979551400573	0.0	0.0	
15.913888526770645	0.915772198663408	0.0	0.0	
3.202367301360031	15.213289188620092	0.0	0.0	
24.606512565821127	20.165702616691682	0.0	0.0	
26.440992699572213	23.273634095881327	0.0	0.0	
31.24422196868932	31.403183744015585	0.0	0.0	
15.98682745623114	10.471444118162552	0.0	0.0	
12.420175310313521	2.659764365626291	0.0	0.0	
23.606616956451308	28.276342005117055	0.0	0.0	
20.583587386243348	19.116929628327107	0.0	0.0	
13.920978234451752	0.18944968690773223	0.0	0.0	
24.05766358452965	6.55021295165076	0.0	0.0	
4.122850656184859	16.111797979931254	0.0	0.0	
8.868345580826624	8.810678522812083	0.0	0.0	
6.734487298994601	23.904664100885007	0.0	0.0	
29.402409833955673	21.663416796944965	0.0	0.0	
26.195618854713395	24.659050724292463	0.0	0.0	
23.82143844196499	16.853949652840438	0.0	0.0	
3.075991344630836	4.876280444753629	0.0	0.0	
16.65172209493097	24.23050195665118	0.0	0.0	
16.40014907311847	10.218694933323206	0.0	0.0	
28.67897821712474	6.724869370087848	0.0	0.0	
29.69567380548934	26.941027205950842	0.0	0.0	
25.943138425387744	12.518833975250441	0.0	0.0	
20.060769060230996	14.277176001366652	0.0	0.0	
4.06678577407326	28.590625257250323	0.0	0.0	
5.169472776885382	9.989027059235433	0.0	0.0	
2.126938618153215	21.035482729408546	0.0	0.0	
30.751537719782004	6.86216583389799	0.0	0.0	
26.06089383437519	10.12598821267327	0.0	0.0	
24.691051217348157	18.498497866560008	0.0	0.0	
7.1908770055795515	0.2728785540578471	0.0	0.0	
9.524637671295807	25.0428647538388	0.0	0.0	
10.434112483402608	6.576299203027663	0.0	0.0	
31.354544432700962	2.9451482117208663	0.0	0.0	
11.818046886820177	16.082441064404993	0.0	0.0	
29.843078769767434	23.611683794184774	0.0	0.0	
8.62454786587913	9.867138046765195	0.0	0.0	
3.0028999533737313	8.603544144920992	0.0	0.0	
3.571563914604358	20.508724746982338	0.0	0.0	
6.995287099764965	13.544048708226224	0.0	0.0	
19.491781714259023	4.628163706809687	0.0	0.0	
15.439394037465597	8.75226471344056	0.0	0.0	
20.233216991138665	24.54939985866757	0.0	0.0	
26.975835317854525	30.115505576815146	0.0	0.0	
14.798808134088471	25.25855389061119	0.0	0.0	
8.762956130832745	23.329485834002035	0.0	0.0	
2.0208210234348947	20.598736108457782	0.0	0.0	
30.238819222318877	17.097712763878736	0.0	0.0	
16.661396181120175	27.854949412297916	0.0	0.0	
11.58348436021345	31.618640805920094	0.0	0.0	
13.826339774722271	14.364643002990977	0.0	0.0	
15.504848238885703	5.962441870486877	0.0	0.0	
10.210602581722945	16.88957661716995	0.0	0.0	
30.44377479275839	27.00861769147886	0.0	0.0	
7.164261666133267	27.049059553082376	0.0	0.0	
27.553589839291305	12.368281686704645	0.0	0.0	
13.1560507523314	4.417387508135011	0.0	0.0	
24.309053448286768	21.27361564854685	0.0	0.0	
7.854818006037732	20.075604535132083	0.0	0.0	
6.49440238522444	29.514221783518646	0.0	0.0	
9.421168909747035	25.178356460004363	0.0	0.0	
1.6608449949811792	31.689925608100022	0.0	0.0	
31.607254322785487	5.939179495982145	0.0	0.0	
1.9582635615307034	1.1844302273158824	0.0	0.0	
18.46061874967974	11.033832594914308	0.0	0.0	
21.109985300787997	9.125600532115822	0.0	0.0	
8.536132220932263	3.9680003059675535	0.0	0.0	
1.0979597333990228	15.696708887153193	0.0	0.0	
0.20397577172407821	20.00797180311349	0.0	0.0	
2.4558353607647696	15.998596475531272	0.0	0.0	
12.65557473385692	9.8809747510643	0.0	0.0	
6.990522476401441	10.444638220885121	0.0	0.0	
20.475381081995767	6.9368805914259575	0.0	0.0	
28.362931024539275	0.23968882600469854	0.0	0.0	
6.2023415351016595	1.7062988418487741	0.0	0.0	
8.449974798046934	19.455178755965598	0.0	0.0	
15.837986740911518	26.686423435217783	0.0	0.0	
19.439709489830072	27.68227561806401	0.0	0.0	
29.056165042076618	25.99769677939392	0.0	0.0	
20.04067197375439	2.814096006981316	0.0	0.0	
29.99446095433892	10.783330549765992	0.0	0.0	
26.176686343823974	18.555548673954778	0.0	0.0	
6.736290073262527	19.607140575333528	0.0	0.0	
11.318462825244548	12.369768011958417	0.0	0.0	
21.67981280179699	28.320580097974748	0.0	0.0	
21.405031820066107	10.80534483827402	0.0	0.0	
9.700312568001344	2.957715576705862	0.0	0.0	
10.155480421745274	29.10083331577233	0.0	0.0	
11.73360311293844	6.552247698464331	0.0	0.0	
14.328079643579677	2.082599017950173	0.0	0.0	
10.205946603319603	26.83397976731938	0.0	0.0	
2.0433660216373326	14.717659949258351	0.0	0.0	
17.98917314275645	27.164166249240512	0.0	0.0	
23.68699437087783	25.014035754738973	0.0	0.0	
25.76364117811968	3.2515884520274447	0.0	0.0	
3.729395510458442	2.1044594717418725	0.0	0.0	
30.79078733977985	20.07917004129771	0.0	0.0	
17.395004144476182	0.13388465019276197	0.0	0.0	
12.093899237514304	18.90109105419423	0.0	0.0	
11.42433746597948	3.731486293668386	0.0	0.0	
2.8763954608618647	14.383625647623738	0.0	0.0	
26.87662530027564	19.833063242402574	0.0	0.0	
27.03373850792986	30.56256300410654	0.0	0.0	
25.4700255306936	19.68580922381902	0.0	0.0	
29.983780842891495	30.02163025537984	0.0	0.0	
22.702471491062564	20.96143327394885	0.0	0.0	
5.268361687525356	29.559765584412908	0.0	0.0	
2.369717583221867	8.565913930518438	0.0	0.0	
1.2112890596999613	22.996579189068974	0.0	0.0	
11.162907393316917	16.54806530508002	0.0	0.0	
30.179177424737848	31.824039020925717	0.0	0.0	
30.332810683992616	15.094326702770605	0.0	0.0	
9.794281136617318	1.2133839460946731	0.0	0.0	
22.642635892892187	8.717216014521906	0.0	0.0	
25.086429694211812	22.990954803617555	0.0	0.0	
28.70591725044753	7.468086422488426	0.0	0.0	
6.113516408924244	0.4323343962484856	0.0	0.0	
20.30817022822088	5.219000457136218	0.0	0.0	
11.220678579215907	25.532119559598843	0.0	0.0	
15.057442403880511	2.2881464493924284	0.0	0.0	
8.880223924027774	16.613517744101546	0.0	0.0	
9.63283497344225	18.787877666467246	0.0	0.0	
27.127290430089285	21.837276728056644	0.0	0.0	
7.862430746443071	21.38031614028942	0.0	0.0	
30.542012815793637	1.7171126410768451	0.0	0.0	
24.51151783440377	29.163876579512944	0.0	0.0	
23.553837366659888	21.526554427332595	0.0	0.0	
7.543143449152204	13.252733467327658	0.0	0.0	
17.3995321301433	16.539872779416406	0.0	0.0	
29.555332494522926	20.862429726861553	0.0	0.0	
17.107015371890462	25.312009943847023	0.0	0.0	
13.277266211176308	17.737542694359757	0.0	0.0	
16.80630897565424	0.09100141535735418	0.0	0.0	
5.2809782273466475	8.220170072268154	0.0	0.0	
15.765709443474812	24.655734484866066	0.0	0.0	
12.851339361866184	29.54797761178664	0.0	0.0	
7.664398663854374	9.516910792467431	0.0	0.0	
5.1012664052072445	14.854471400870768	0.0	0.0	
17.538859029767597	20.59589421456431	0.0	0.0	
0.2819290076700618	10.820817288945754	0.0	0.0	
21.557252815695833	26.437464609711757	0.0	0.0	
29.3397085464713	30.276595249656836	0.0	0.0	
5.338751729019805	24.64700539298746	0.0	0.0	
21.425459927077103	12.78663815490928	0.0	0.0	
11.757905396296717	11.422044444597596	0.0	0.0	
15.29863333977918	27.06260768823029	0.0	0.0	
0.9264672491413357	17.512751050163136	0.0	0.0	
16.767991265190314	2.0789804327153867	0.0	0.0	
0.8958722099890295	27.550254043056434	0.0	0.0	
22.577470380096813	22.038154092708012	0.0	0.0	
26.180090953643703	30.028916044987263	0.0	0.0	
15.286517968965768	20.455972571402523	0.0	0.0	
14.887435856814324	2.5414617637110624	0.0	0.0	
16.410686999302655	15.65608873852624	0.0	0.0	
16.186943709106252	29.315628457394524	0.0	0.0	
6.568658041700626	25.318544356318657	0.0	0.0	
6.332048891019561	16.30726220664636	0.0	0.0	
19.47267525366317	29.664929649314743	0.0	0.0	
18.45255558834025	2.6539704298148408	0.0	0.0	
22.390524158000893	30.13535290515799	0.0	0.0	
12.227244088799626	4.239005632154257	0.0	0.0	
4.747891036628221	0.7772356689386228	0.0	0.0	
17.320233413628877	30.89498099139918	0.0	0.0	
26.37200432716223	16.240152742719484	0.0	0.0	
29.920697233884738	1.0200595539509685	0.0	0.0	
16.404784290225486	4.423536338602325	0.0	0.0	
16.99630755408988	8.611752965620884	0.0	0.0	
19.119939795276665	20.212742275732	0.0	0.0	
19.649235711494665	16.21833806912699	0.0	0.0	
15.557769747495435	11.723742415334968	0.0	0.0	
17.726964237996548	12.79797214707154	0.0	0.0	
9.2280136704392	26.74254897057068	0.0	0.0	
28.48666232516109	22.03809925289822	0.0	0.0	
13.404148045418204	26.817929259377593	0.0	0.0	
14.027501118318671	27.95929953113119	0.0	0.0	
30.38258050188808	8.848152872624816	0.0	0.0	
20.598804347978078	31.311525211334775	0.0	0.0	
3.866456450975207	1.3351877592600339	0.0	0.0	
26.07894222732045	25.348338484423483	0.0	0.0	
27.918241491230273	4.039083096129726	0.0	0.0	
9.600907737930466	28.052717784756954	0.0	0.0	
11.44407579613257	16.727198043804194	0.0	0.0	
20.238052890230186	0.4692761204846825	0.0	0.0	
18.945970529703786	30.77383524640955	0.0	0.0	
31.245027555187733	23.52807470578198	0.0	0.0	
22.97559276894829	28.63181568093552	0.0	0.0	
14.656790190678564	4.37034273945665	0.0	0.0	
16.263218868671636	7.3818400423479105	0.0	0.0	
2.1370324520458084	20.87178232881739	0.0	0.0	
16.00789701404686	29.52547136211648	0.0	0.0	
31.076310641887567	23.691562415493113	0.0	0.0	
24.132848712127377	29.398872153628226	0.0	0.0	
21.624123862573047	15.342544705965167	0.0	0.0	
7.48009430959436	31.819974900348498	0.0	0.0	
14.053081531893483	31.698598072498456	0.0	0.0	
7.126640065002562	24.026313761324094	0.0	0.0	
2.132601999799757	24.36117822745311	0.0	0.0	
24.596382941815914	19.849004918779904	0.0	0.0	
21.317473923675305	3.825984705832063	0.0	0.0	
10.90983668173233	0.18669071807496707	0.0	0.0	
10.477141805134888	17.25731250053719	0.0	0.0	
13.677432929795952	30.638204696923133	0.0	0.0	
10.764507942961856	30.727286558387153	0.0	0.0	
1.5390531191125838	23.62891520246982	0.0	0.0	
0.4684912520079294	22.907385448903128	0.0	0.0	
22.764102638994856	25.259328280247257	0.0	0.0	
10.510313179434025	14.036260626191424	0.0	0.0	
29.559058651980052	9.016059164210514	0.0	0.0	
28.365608523968938	11.673920942840411	0.0	0.0	
7.398141331693871	2.139864287008958	0.0	0.0	
5.085979639857793	20.41089419324489	0.0	0.0	
2.0074900052778517	31.17061966359344	0.0	0.0	
25.791638773554943	12.895301314828334	0.0	0.0	
16.31279580489051	23.321739089547282	0.0	0.0	
17.877198827745776	13.672976171819446	0.0	0.0	
20.329240870122643	0.529720813148348	0.0	0.0	
8.087962764004832	26.71735993440575	0.0	0.0	
20.3883900427569	12.948962408051695	0.0	0.0	
10.294826955029663	15.0451646543371	0.0	0.0	
6.038413651301813	17.672361962652268	0.0	0.0	
17.551103273255478	25.597348351105943	0.0	0.0	
26.986887802208898	6.855460104543653	0.0	0.0	
22.031108277068466	24.26938844772169	0.0	0.0	
11.659686689140806	0.6283906445225114	0.0	0.0	
10.829456775310753	22.56068102429012	0.0	0.0	
30.113897348880535	23.521319772263233	0.0	0.0	
26.44216042732544	30.778083232629825	0.0	0.0	
23.57622871360823	5.90824348884864	0.0	0.0	
16.498077453914103	24.207290831470058	0.0	0.0	
18.49865002505989	22.382265805936704	0.0	0.0	
8.345984155039694	6.413275062224265	0.0	0.0	
23.633159200415005	18.847234429722846	0.0	0.0	
16.519867298589425	14.333718707832421	0.0	0.0	
11.570702471766278	20.78573855963272	0.0	0.0	
8.401835421501435	27.790755972620502	0.0	0.0	
29.474126992836318	16.5261665610966	0.0	0.0	
26.162318137188997	23.67345236442771	0.0	0.0	
21.04910916912506	17.734330151989816	0.0	0.0	
24.376903833619124	9.58055283576575	0.0	0.0	
3.638249395370458	4.626072483232825	0.0	0.0	
22.149072809794063	2.997788292121939	0.0	0.0	
19.073243606935698	14.70650872596508	0.0	0.0	
4.380226689860617	8.952620062933303	0.0	0.0	
0.439640218462241	10.647805604553184	0.0	0.0	
13.898322090586863	9.609174095111449	0.0	0.0	
4.025572401811097	11.853287911495048	0.0	0.0	
14.78428737356818	26.478723173335258	0.0	0.0	
31.31505690652527	18.50462907973932	0.0	0.0	
19.76675661328007	3.6372720048024547	0.0	0.0	
0.902152301426689	23.603689849122876	0.0	0.0	
27.84087934239175	25.588048584248373	0.0	0.0	
18.02339575316844	0.8062529338012965	0.0	0.0	
16.661332406884583	1.9129005327170248	0.0	0.0	
25.910416011624545	4.772837869722512	0.0	0.0	
15.693916464411341	3.2776952761478277	0.0	0.0	
30.5294462965555	30.23721748468206	0.0	0.0	
15.176968362620752	6.251546001186323	0.0	0.0	
26.627451271917433	11.609700569358264	0.0	0.0	
30.5279889209526	23.474110507261553	0.0	0.0	
25.141813632497797	18.671835058274315	0.0	0.0	
22.76600380430408	23.530082852884956	0.0	0.0	
29.639100447308447	8.348565951592736	0.0	0.0	
17.05875591676023	16.724508610570776	0.0	0.0	
9.776619714007762	28.988344339728176	0.0	0.0	
10.742114843331379	25.64123717950795	0.0	0.0	
5.045791274270336	15.134921107942862	0.0	0.0	
2.326000118793047	0.5175842936367907	0.0	0.0	
2.4903355759557613	11.726559608939422	0.0	0.0	
22.410425567435897	21.65865266188556	0.0	0.0	
30.308406122937768	22.29295696630651	0.0	0.0	
24.419675366660766	12.639971515202735	0.0	0.0	
19.42953892857236	8.168253149673795	0.0	0.0	
11.483732724881602	27.959719933576356	0.0	0.0	
18.270181370847602	12.808202846048005	0.0	0.0	
10.408548931097542	22.731456042070583	0.0	0.0	
28.128279029813186	0.3429586895846093	0.0	0.0	
0.29767379968345153	17.258426367183517	0.0	0.0	
20.026795139412556	1.378781660864778	0.0	0.0	
5.203418596462459	4.396599740216487	0.0	0.0	
26.615329922811227	20.921663404316238	0.0	0.0	
16.09806160545579	2.888724910720505	0.0	0.0	
30.37324601295574	7.213075386836202	0.0	0.0	
3.1368641575864977	28.988040959736406	0.0	0.0	
9.589247927528135	29.587845533920348	0.0	0.0	
27.079175707786877	5.653764938324471	0.0	0.0	
10.455649052555106	24.72300532199204	0.0	0.0	
8.35674491377803	6.244404169377901	0.0	0.0	
28.879799363715478	19.462585443658238	0.0	0.0	
15.009470614352729	7.465031430067974	0.0	0.0	
29.36608046742994	5.660773414815395	0.0	0.0	
14.56227146509828	31.410699774060678	0.0	0.0	
14.224212591263612	19.889281982333856	0.0	0.0	
0.8349057911526998	25.635321536200255	0.0	0.0	
2.698083365419194	2.286949806582818	0.0	0.0	
17.600742695546483	30.777845107633198	0.0	0.0	
25.102628405649266	7.733491830596556	0.0	0.0	
26.26611155422999	22.405202217767734	0.0	0.0	
30.092132654179917	23.146249031238916	0.0	0.0	
3.705114325003869	15.72114808965954	0.0	0.0	
6.227709721228692	14.932874684950498	0.0	0.0	
26.39472597956511	23.8559626144251	0.0	0.0	
13.621109409962141	27.704950423695674	0.0	0.0	
15.165802916532304	3.0312143443073367	0.0	0.0	
20.241485591509974	14.432098969374955	0.0	0.0	
12.74910767764899	0.7911233247041665	0.0	0.0	
30.894940115108824	25.999337408012504	0.0	0.0	
26.056829526121703	27.659142360781836	0.0	0.0	
13.215825850898	24.248950966108705	0.0	0.0	
30.790159437607425	26.20859800685546	0.0	0.0	
12.297459487765465	10.69366192841245	0.0	0.0	
8.99128563759566	7.649030008592511	0.0	0.0	
18.653173418856564	8.849451751037083	0.0	0.0	
28.286782758885717	6.738785871104483	0.0	0.0	
29.274691269680886	11.568208804670807	0.0	0.0	
18.538396226010438	29.913606473647945	0.0	0.0	
23.96136396328466	8.176942624218345	0.0	0.0	
6.563569193712482	21.258222728419966	0.0	0.0	
13.533370682451388	31.918910934971493	0.0	0.0	
24.442383786602733	29.859101457379627	0.0	0.0	
23.75621333983981	16.125693845071243	0.0	0.0	
11.00880974750655	27.19417510308189	0.0	0.0	
18.417551597465515	0.3605394189192843	0.0	0.0	
24.42318437829208	30.766593971721424	0.0	0.0	
11.237716107919717	13.821333105052272	0.0	0.0	
5.9013562421872265	16.822345572376904	0.0	0.0	
29.924814187382726	1.7374267532337484	0.0	0.0	
6.527539858200864	24.817814834353246	0.0	0.0	
24.375655656611077	17.945729675504865	0.0	0.0	
23.22159292629134	10.757379417031654	0.0	0.0	
13.961405697374683	19.74058894568402	0.0	0.0	
9.350256579831061	9.176830637593412	0.0	0.0	
23.93969697039618	27.655435289257188	0.0	0.0	
21.724934203573753	5.735863032886758	0.0	0.0	
31.878628697098954	16.26307617952942	0.0	0.0	
2.2212274539253904	21.47540468318135	0.0	0.0	
14.031551595985544	26.224177334031356	0.0	0.0	
13.940663880988431	13.780557187830262	0.0	0.0	
5.199481920013746	28.272554223648708	0.0	0.0	
22.26806353550004	26.087797090264676	0.0	0.0	
5.369973870552954	27.890206675705716	0.0	0.0	
31.235510919935837	26.20972128283095	0.0	0.0	
25.163830530433785	23.337846351417774	0.0	0.0	
30.6789313531892	31.09457947987195	0.0	0.0	
2.5186650655578795	26.411940958741614	0.0	0.0	
26.591586854206803	11.976471496319153	0.0	0.0	
13.211293542193157	27.94919617623859	0.0	0.0	
19.852512773750227	28.31178801048488	0.0	0.0	
29.319855216169664	6.712377430272138	0.0	0.0	
7.091158080205613	19.675358279208798	0.0	0.0	
21.09696323345003	20.695111444033785	0.0	0.0	
26.3925145703919	10.266910840708356	0.0	0.0	
21.51729273094566	3.9618034957256967	0.0	0.0	
23.683838976271957	4.201231445197294	0.0	0.0	
30.831984785452217	28.735808305202436	0.0	0.0	
11.646550769747648	26.128904634613786	0.0	0.0	
3.255031766248301	28.3531035405551	0.0	0.0	
7.048254958413214	1.4042055545245944	0.0	0.0	
16.805409726771707	3.909756913029536	0.0	0.0	
25.064671330543646	27.87291718858433	0.0	0.0	
28.878903339654318	15.261372428962854	0.0	0.0	
13.923934744841496	12.618596349677006	0.0	0.0	
26.357460816439474	25.86808726725041	0.0	0.0	
7.203627689283433	28.55030470000638	0.0	0.0	
25.381616250632977	15.779736998092211	0.0	0.0	
23.555004705403633	11.597033857420932	0.0	0.0	
0.9051726867527385	16.575779787621524	0.0	0.0	
24.560542739478635	15.73767798635296	0.0	0.0	
9.350025787222517	9.604021339074325	0.0	0.0	
9.91225368053216	24.883518193726857	0.0	0.0	
8.730780640252476	14.406515352527851	0.0	0.0	
1.4694020588820536	14.227953354507314	0.0	0.0	
13.873273059481711	1.6931342047660607	0.0	0.0	
20.246768683842056	20.76058669876242	0.0	0.0	
15.227868308828366	21.210525711032826	0.0	0.0	
10.977035677248747	2.9561243112798827	0.0	0.0	
2.972288802800513	20.908720893539293	0.0	0.0	
0.5198574900628437	23.784624744761814	0.0	0.0	
28.439328091610022	29.82463258794951	0.0	0.0	
26.99257717534066	1.2458008114516126	0.0	0.0	
6.511081767240313	21.551348678706677	0.0	0.0	
13.564733012105123	21.356312103208925	0.0	0.0	
24.114303479254506	30.51269137648925	0.0	0.0	
20.320790058955915	31.416123155128368	0.0	0.0	
30.609144772664298	16.31397193722101	0.0	0.0	
28.128270308700667	13.530038178736508	0.0	0.0	
29.878941909907947	18.062189248623326	0.0	0.0	
5.240537456229397	29.729720647293362	0.0	0.0	
9.268524224712628	23.552264064782285	0.0	0.0	
17.111391490482543	30.516870798926814	0.0	0.0	
31.674601185996018	8.511062630970986	0.0	0.0	
23.794572561505277	31.28060572971674	0.0	0.0	
2.120964615456927	4.361909270472822	0.0	0.0	
5.308080812028862	1.3212476282809078	0.0	0.0	
9.88274605216515	21.86276470966777	0.0	0.0	
13.218796108118411	15.222781555862309	0.0	0.0	
28.715253218675922	17.314527691750918	0.0	0.0	
5.986361579831417	2.9201432897437165	0.0	0.0	
24.396821948952013	7.053862631615093	0.0	0.0	
9.0448790566528	9.045977345541754	0.0	0.0	
26.64039739346626	22.24361148264209	0.0	0.0	
21.668435256196677	6.213144843929435	0.0	0.0	
30.89128011955634	0.4764441171967384	0.0	0.0	
25.79001791651906	1.7534084660704465	0.0	0.0	
27.248107138152882	3.484954631327252	0.0	0.0	
7.656847092300495	12.780534873776922	0.0	0.0	
2.472165584829831	16.488002267240933	0.0	0.0	
21.951758586274327	31.205686522291646	0.0	0.0	
9.796549994765908	14.818120500524753	0.0	0.0	
6.860330625878305	13.261922717172578	0.0	0.0	
4.128872062689023	5.037354371226382	0.0	0.0	
23.006858523587923	17.521965424448453	0.0	0.0	
24.590834640002054	18.357685248554702	0.0	0.0	
11.823041447279966	31.112266044290976	0.0	0.0	
22.435650117741883	7.825931059794382	0.0	0.0	
26.932187477056655	30.985656124616025	0.0	0.0	
21.049215173747427	9.48580861319292	0.0	0.0	
4.02587766238501	14.027507855683702	0.0	0.0	
29.10413704941637	27.465331070726286	0.0	0.0	
16.849651048801007	4.73445215610549	0.0	0.0	
25.718049430230344	26.655928025613463	0.0	0.0	
22.110257016131364	12.832015709998966	0.0	0.0	
0.4057317498660993	4.5859169772209825	0.0	0.0	
18.789578676951745	23.333826702759353	0.0	0.0	
26.43233484026591	17.731403578497876	0.0	0.0	
15.482382888620695	6.250373169798365	0.0	0.0	
20.330659375132765	20.302400803088524	0.0	0.0	
8.04142974586664	4.606963704048187	0.0	0.0	
28.785752396157203	30.69684634902436	0.0	0.0	
22.24488117730544	9.61578750633295	0.0	0.0	
26.263301336017836	8.109742468861072	0.0	0.0	
9.540055264374057	21.10501219232477	0.0	0.0	
12.876140589172483	22.754236214827202	0.0	0.0	
12.06361772242882	27.036835599076397	0.0	0.0	
13.64037739784997	6.350801348786938	0.0	0.0	
6.830310309233816	11.119684502585844	0.0	0.0	
23.987521681091724	5.537888210466047	0.0	0.0	
23.402403031421272	3.505316902946319	0.0	0.0	
23.78248321837447	24.93351097511206	0.0	0.0	
4.563897162572907	23.728294246423946	0.0	0.0	
19.280259655547457	24.169127338494103	0.0	0.0	
24.172900917875296	11.704904007384656	0.0	0.0	
8.039548498978697	2.9477220954611596	0.0	0.0	
11.70013971692332	12.696914730033555	0.0	0.0	
16.577220890028343	4.778982215698534	0.0	0.0	
17.207178553915426	27.577115406632487	0.0	0.0	
22.251539942561905	21.930122719070223	0.0	0.0	
31.533700620676107	24.87647970183932	0.0	0.0	
27.276049920710165	26.10392127041509	0.0	0.0	
3.5965437313227113	26.024719257541964	0.0	0.0	
9.878667471918604	26.68602516887541	0.0	0.0	
1.2678767320910502	17.436012559111678	0.0	0.0	
30.111284127487774	21.487861317508766	0.0	0.0	
16.41783065105425	1.4260400138060199	0.0	0.0	
2.1180567418764973	26.942015107342367	0.0	0.0	
12.130442548902625	3.3890011422054585	0.0	0.0	
11.959390524457191	29.977010085674515	0.0	0.0	
12.369810548218869	15.645304182735522	0.0	0.0	
10.616102197548543	3.537949471903719	0.0	0.0	
12.104500593361607	6.860289740794041	0.0	0.0	
16.237242181004355	3.545370840344738	0.0	0.0	
28.72931767085756	31.22983898787769	0.0	0.0	
25.574610595356585	2.1153858008011674	0.0	0.0	
15.67178236224574	11.757822379924107	0.0	0.0	
10.468064699231736	2.993398024731505	0.0	0.0	
28.125450551373262	9.016979630533331	0.0	0.0	
25.241365497985107	11.523470937780804	0.0	0.0	
19.746189063077882	23.626643306195586	0.0	0.0	
19.226779380355577	19.576309571763936	0.0	0.0	
30.223988025302194	17.943952407785098	0.0	0.0	
31.88641121544438	23.210619002612596	0.0	0.0	
14.238696979356948	11.872133279776929	0.0	0.0	
3.5468435748091203	15.789231048057875	0.0	0.0	
17.51866293804075	5.392430790153508	0.0	0.0	
8.066617179859666	25.157462489428678	0.0	0.0	
5.69720012904218	14.639579799853795	0.0	0.0	
2.4111912844677903	14.344212768648987	0.0	0.0	
26.20910703778354	21.678168624374177	0.0	0.0	
15.564423036707595	3.8905070114642726	0.0	0.0	
0.482440774680871	12.353106852536563	0.0	0.0	
5.326536683688261	8.211297944363281	0.0	0.0	
29.832472496921223	14.319950946055325	0.0	0.0	
0.9857491325310725	3.7686659941224896	0.0	0.0	
27.451899455694512	18.108016039740402	0.0	0.0	
16.081338807707052	24.81298921419091	0.0	0.0	
20.968846156047327	5.641530618653949	0.0	0.0	
17.36717140685269	21.686470201813986	0.0	0.0	
0.30527622840260804	28.930148834606218	0.0	0.0	
12.965241415140351	13.290015456614732	0.0	0.0	
28.33939603522064	2.3611210000211535	0.0	0.0	
22.178388559484034	5.977801050347022	0.0	0.0	
16.72883915091552	3.9824025998784123	0.0	0.0	
8.165742171549393	18.60579603047897	0.0	0.0	
23.098820159613325	12.418284031052703	0.0	0.0	
2.404475532724039	2.3310099032417817	0.0	0.0	
28.75095392962556	3.1017642285183555	0.0	0.0	
29.77722745536259	3.5125170729492545	0.0	0.0	
26.276684132558774	12.582358949092853	0.0	0.0	
26.093479670124687	6.698785394509304	0.0	0.0	
26.871666525240016	19.298500304288076	0.0	0.0	
30.804089889639613	28.514181369231558	0.0	0.0	
22.477148827273933	10.7923464337179	0.0	0.0	
2.550042902358033	10.783505188000301	0.0	0.0	
8.79003167077266	23.222901195504157	0.0	0.0	
0.3501021175762311	18.789686279479522	0.0	0.0	
6.150600758573951	6.661366105014391	0.0	0.0	
31.78446210909857	26.21371502612464	0.0	0.0	
2.151247831649023	31.044875479887	0.0	0.0	
18.685928387539683	19.37540542019722	0.0	0.0	
28.48232229624874	11.095421954692736	0.0	0.0	
9.158674471302064	11.291386073512172	0.0	0.0	
1.2205873149524642	12.850988546041066	0.0	0.0	
2.137463430148653	14.254732228946231	0.0	0.0	
17.85472074510836	30.175799253002054	0.0	0.0	
18.020088023754674	21.1536022575609	0.0	0.0	
23.808452649481435	21.5279053589743	0.0	0.0	
25.34617000153814	13.383828802099035	0.0	0.0	
28.410581268592235	12.809576523052705	0.0	0.0	
2.2135845797621307	14.542794010550864	0.0	0.0	
28.333448736075464	28.199169381655807	0.0	0.0	
31.228178897809876	21.084400364573796	0.0	0.0	
27.30427403642145	16.093377151119157	0.0	0.0	
15.870135985670679	1.3145698416602016	0.0	0.0	
23.40731620705723	29.605017034346147	0.0	0.0	
11.994521908156564	2.1654014505087886	0.0	0.0	
16.022596856136065	11.72111122096334	0.0	0.0	
10.114882079404993	27.699840690706033	0.0	0.0	
9.805213054996855	9.714976354984866	0.0	0.0	
19.04310066337627	26.824884475543126	0.0	0.0	
22.24086125414318	1.811238751856866	0.0	0.0	
20.657882377912884	28.450064087488315	0.0	0.0	
2.627603918376412	15.287971595179862	0.0	0.0	
3.3880440779202843	4.533213586239562	0.0	0.0	
30.84864788053784	18.862348567124197	0.0	0.0	
31.90582863901283	17.72236786611304	0.0	0.0	
31.951007860175466	29.30175782710929	0.0	0.0	
15.202162998937524	31.897292694085763	0.0	0.0	
10.489990810906129	4.271888094846396	0.0	0.0	
15.454811158239668	25.623044880326972	0.0	0.0	
19.006157426348707	5.085359884274705	0.0	0.0	
10.307735018511451	30.307725231817347	0.0	0.0	
14.65391272145746	18.519643534321563	0.0	0.0	
10.691847812184879	6.2283256911238745	0.0	0.0	
22.661998079766306	24.927748903151933	0.0	0.0	
5.105759363451817	9.00913806803726	0.0	0.0	
19.833640251666566	15.68233115148513	0.0	0.0	
24.681097771345502	12.007566263208957	0.0	0.0	
20.512156607586455	13.032225876149127	0.0	0.0	
23.72729281911075	0.7061398823161298	0.0	0.0	
27.10032609977037	19.12209628058315	0.0	0.0	
9.333077343824598	13.685462233178704	0.0	0.0	
29.223482687457413	5.287309300474991	0.0	0.0	
23.417006351949507	8.698506863379937	0.0	0.0	
23.353053421549486	8.413095522238425	0.0	0.0	
6.830480290066671	29.485062050222528	0.0	0.0	
16.33945116535787	4.871909488383025	0.0	0.0	
6.200075239735273	24.5456524778741	0.0	0.0	
15.282779725497331	15.38968855108211	0.0	0.0	
6.670496475751396	27.952527076864868	0.0	0.0	
13.040695225162079	27.068476571252226	0.0	0.0	
22.771098325259302	14.384268949265262	0.0	0.0	
13.211020757964977	30.486192478696022	0.0	0.0	
24.113188777047935	2.4046566747890203	0.0	0.0	
21.18993938671271	7.426354215084917	0.0	0.0	
30.50961949502607	20.63473757297487	0.0	0.0	
31.966964783024004	11.246034475862096	0.0	0.0	
17.701217551533823	27.574688465245966	0.0	0.0	
10.873041908379832	31.40294127189142	0.0	0.0	
24.8678496136577	6.321622173057754	0.0	0.0	
21.535900953916823	25.267649316503224	0.0	0.0	
17.699766912380607	22.37560303309092	0.0	0.0	
14.831774231021285	22.27047901977811	0.0	0.0	
31.629635256246015	13.12329016317003	0.0	0.0	
8.712394302711328	1.3344852559667117	0.0	0.0	
15.43459929750972	8.779676016426297	0.0	0.0	
6.006340361626382	14.098811103227888	0.0	0.0	
11.158010575056771	14.862644221663775	0.0	0.0	
25.415483247565998	3.496204278549339	0.0	0.0	
10.40819065625007	22.77237458138906	0.0	0.0	
9.736463228533658	17.048612726052628	0.0	0.0	
1.577714382449976	2.5757920138986634	0.0	0.0	
27.243152849600133	21.892482262006535	0.0	0.0	
7.319499683337142	9.808113791487767	0.0	0.0	
15.337970972067744	29.18530161306612	0.0	0.0	
0.9460906753571372	25.99685176979138	0.0	0.0	
10.757570728839038	4.848237336327337	0.0	0.0	
11.958036185998274	16.401546364097147	0.0	0.0	
14.537565234695343	19.14537053466243	0.0	0.0	
8.795904446983492	14.502793554465441	0.0	0.0	
7.8168953113546245	25.017947267821715	0.0	0.0	
15.36903930765082	24.431215637800925	0.0	0.0	
29.701002679483718	20.650328424934813	0.0	0.0	
23.756120566499288	24.367199999868646	0.0	0.0	
15.755736225946539	28.541504033504047	0.0	0.0	
10.098085545896755	25.364129908599065	0.0	0.0	
12.668771299772839	20.54687698041907	0.0	0.0	
18.40951117811812	21.984088696199386	0.0	0.0	
2.408314960708495	20.47229879681103	0.0	0.0	
20.50401301836779	4.736407058376262	0.0	0.0	
22.630144590302198	3.7796244809253317	0.0	0.0	
10.990496180502745	26.53360429851466	0.0	0.0	
13.713512122245309	7.461997266962992	0.0	0.0	
28.21460424207051	29.900341070016616	0.0	0.0	
8.513455260345218	10.369347441988953	0.0	0.0	
10.500175513229927	5.57819291967472	0.0	0.0	
6.241539461881498	11.269096468943204	0.0	0.0	
4.0113323271396375	17.735226856593954	0.0	0.0	
29.230245722742566	30.496449124258877	0.0	0.0	
15.438180515068723	3.3093123436467913	0.0	0.0	
15.520311652066685	6.168498936034933	0.0	0.0	
1.33352010321887	27.203309194595878	0.0	0.0	
29.549062275196057	25.012904195410393	0.0	0.0	
20.172639788825087	10.199629855349219	0.0	0.0	
15.91853184576555	3.1740374785852694	0.0	0.0	
1.2075774628620266	9.624255146587668	0.0	0.0	
9.54798954962105	30.49242340595812	0.0	0.0	
12.43647482020748	2.5012968350690485	0.0	0.0	
22.13904497910631	25.56434186908668	0.0	0.0	
19.29979552679222	31.991486913000404	0.0	0.0	
1.9301029258554543	20.657980729066754	0.0	0.0	
6.1080272991943865	5.421061543442121	0.0	0.0	
25.247147581277126	5.118023163674923	0.0	0.0	
30.37302544644631	12.824096673051212	0.0	0.0	
17.10587478234597	31.224566787665623	0.0	0.0	
21.42129598649524	11.233193612308757	0.0	0.0	
26.602999526165046	27.80934150779547	0.0	0.0	
31.386319255597872	1.4151298423678291	0.0	0.0	
1.0213178771518372	24.79143742134187	0.0	0.0	
12.880222249010888	12.512940294709896	0.0	0.0	
17.021134901673875	1.2645276007895525	0.0	0.0	
18.04275927735425	7.620459530643853	0.0	0.0	
25.542809194664525	22.112890750314946	0.0	0.0	
9.641058199427643	24.054073235047024	0.0	0.0	
26.667970364713536	21.324876479308223	0.0	0.0	
31.147729876598316	27.315600006056393	0.0	0.0	
13.796495325233337	3.0444199831086998	0.0	0.0	
9.43148516645634	11.998016879433425	0.0	0.0	
12.065667307450198	19.113954859142346	0.0	0.0	
28.258102216774073	21.130744448305094	0.0	0.0	
24.44717774021379	10.647151725270458	0.0	0.0	
17.679793591693713	27.422545442882104	0.0	0.0	
21.572829187585093	5.099383220604235	0.0	0.0	
26.118761214949114	3.655514596991516	0.0	0.0	
29.29361541122125	24.570720941628668	0.0	0.0	
1.8645490407571046	12.775849101589124	0.0	0.0	
0.9385186598237638	11.707597676469952	0.0	0.0	
20.281871766635316	7.530632843378285	0.0	0.0	
18.651472985973562	27.38040825755834	0.0	0.0	
10.09294102560856	3.2533558879270927	0.0	0.0	
14.833311225367861	14.779865488749131	0.0	0.0	
31.165361277195117	12.870106701544426	0.0	0.0	
16.908103690231155	19.384388715038217	0.0	0.0	
1.6506545116482627	31.619298357818835	0.0	0.0	
3.22054134522088	24.94965127461019	0.0	0.0	
3.351644085874174	14.831147581168246	0.0	0.0	
17.92559247039653	8.282089327980565	0.0	0.0	
25.53467932573074	30.50581486981796	0.0	0.0	
16.56318388114466	3.5629360470446265	0.0	0.0	
27.794153574027916	26.52814459195802	0.0	0.0	
23.254847840607653	31.17049096875392	0.0	0.0	
17.193081196830796	15.15315034688097	0.0	0.0	
10.968585763139547	22.95302226840168	0.0	0.0	
13.39701551160385	12.264004385300016	0.0	0.0	
1.9643908092867726	29.34315966870179	0.0	0.0	
30.12818869161877	7.758491361521148	0.0	0.0	
11.825632827506507	24.76254183438284	0.0	0.0	
30.67947440379666	21.461335914578616	0.0	0.0	
17.730134964523334	23.149232958216327	0.0	0.0	
20.86313282284761	15.915735798889017	0.0	0.0	
8.544837496671637	21.37839393775396	0.0	0.0	
4.603201199447934	31.50709976220705	0.0	0.0	
20.60012369043258	28.74069873092651	0.0	0.0	
2.5133952483329054	23.316111838646293	0.0	0.0	
30.491975289392965	29.451653678584996	0.0	0.0	
22.217890912250954	21.95886527509804	0.0	0.0	
30.337508160414647	31.245424234603718	0.0	0.0	
29.778269306444187	22.288373476447767	0.0	0.0	
22.4925143083049	10.555905360597048	0.0	0.0	
16.480542979006128	27.24901056383194	0.0	0.0	
27.690125754065974	0.5002594304195078	0.0	0.0	
26.04951706637477	30.31143960366331	0.0	0.0	
13.05961087038009	2.6534952739534923	0.0	0.0	
22.019042306967616	27.085622556710206	0.0	0.0	
6.471627858906878	24.76160161128378	0.0	0.0	
7.227293335572863	12.869451365767567	0.0	0.0	
10.712358169216607	0.23458236872426497	0.0	0.0	
26.997960568930726	0.8999370907399289	0.0	0.0	
26.154503725288812	2.2374521610141223	0.0	0.0	
25.96457833331357	24.611422325531905	0.0	0.0	
14.540885324030846	9.62372617722405	0.0	0.0	
31.83357974309792	18.28361075759334	0.0	0.0	
15.686607682024505	7.062661544349098	0.0	0.0	
17.832189056055228	21.419448411162453	0.0	0.0	
20.69408338592547	20.45972654804839	0.0	0.0	
5.0246900278183695	0.5562561367665637	0.0	0.0	
10.789017725241546	1.5584338001631757	0.0	0.0	
17.794184744625557	3.39444708859061	0.0	0.0	
4.263259631633165	9.086576999428814	0.0	0.0	
25.80872348566259	7.241083118188389	0.0	0.0	
30.20207957235238	2.702220703049239	0.0	0.0	
27.480020808378413	15.450407180658111	0.0	0.0	
9.294764041936418	16.6102792339934	0.0	0.0	
8.456470825791467	9.93743180111806	0.0	0.0	
26.956764570521802	9.90575957270223	0.0	0.0	
25.07672555922781	20.042636159795162	0.0	0.0	
13.569726765499144	29.47382289834277	0.0	0.0	
13.170949900824631	19.71485179951878	0.0	0.0	
28.656375514921752	25.04831362562716	0.0	0.0	
20.681954135892582	14.829053302319778	0.0	0.0	
1.0391258086338624	1.1960433145917762	0.0	0.0	
