2
32.0	0.0	0.0	0.0	
0.0	32.0	0.0	0.0	
8.260059242420432	14.358539927439061	0.0	0.0	
8.454512927692317	23.63858986281466	0.0	0.0	
25.69790029614624	7.096899979345981	0.0	0.0	
13.438117768545656	1.640712833893911	0.0	0.0	
13.668482915979446	10.610056845398866	0.0	0.0	
26.559475430896683	0.5407972433874946	0.0	0.0	
9.311091602714598	5.939813595033357	0.0	0.0	
14.222776129052207	24.679684115373096	0.0	0.0	
17.953198379986453	30.362410428257636	0.0	0.0	
6.521121071953672	9.718386020363656	0.0	0.0	
30.569912779397793	23.454883043808216	0.0	0.0	
29.066264501890572	1.3902510234756598	0.0	0.0	
15.523524976806744	20.458789827681013	0.0	0.0	
8.961559558508213	15.559574112536676	0.0	0.0	
8.587025638474405	28.002780010686706	0.0	0.0	
21.06943795288116	11.761978320833066	0.0	0.0	
10.688157745340309	12.087334866234848	0.0	0.0	
27.1841362186142	20.102840125410662	0.0	0.0	
20.779847146925857	27.833841882862725	0.0	0.0	
7.850306508761957	18.472171406947176	0.0	0.0	
14.352097984772296	8.793367897241069	0.0	0.0	
16.654977639328536	24.910421123308293	0.0	0.0	
28.963756492272868	27.907709091378365	0.0	0.0	
28.981385333759643	7.564418037103334	0.0	0.0	
21.201290128628354	26.464237870363807	0.0	0.0	
21.95485691844524	13.685832569411502	0.0	0.0	
3.392251290577139	9.011740241402403	0.0	0.0	
15.528551945652964	27.160843335395185	0.0	0.0	
28.707177881956536	0.8659554853461344	0.0	0.0	
23.043926662826166	17.899734633122883	0.0	0.0	
26.24670620988264	10.558655009071249	0.0	0.0	
25.255727765282636	10.395189128205054	0.0	0.0	
6.9211771429600475	23.262875940805372	0.0	0.0	
27.08415127153209	25.957971965186314	0.0	0.0	
11.754363501228404	26.388724910355673	0.0	0.0	
3.575085381850471	25.679236980654284	0.0	0.0	
31.71530637118763	25.767272780449197	0.0	0.0	
11.72528791287024	29.899286565629847	0.0	0.0	
6.03621784144239	8.937518569712584	0.0	0.0	
14.80435595327027	2.7097267932727007	0.0	0.0	
23.0410617540042	8.582895732314217	0.0	0.0	
17.310664957015835	20.692064855295374	0.0	0.0	
20.164162924888213	31.386234982450684	0.0	0.0	
16.822767875167937	25.441137239650732	0.0	0.0	
20.017529320387936	14.505010272133234	0.0	0.0	
15.579260609795856	20.825284246840198	0.0	0.0	
8.967464066416866	13.89827058674863	0.0	0.0	
11.901611779928722	16.620037528848165	0.0	0.0	
30.599583125112648	21.333011600364475	0.0	0.0	
10.662932616371464	1.6356256733451744	0.0	0.0	
22.52109085900898	9.048384903079437	0.0	0.0	
22.90027952099198	3.721234925850812	0.0	0.0	
10.02519557072084	22.735289956229014	0.0	0.0	
4.211374908116646	8.476286776594037	0.0	0.0	
4.3188778485377775	22.276307129270705	0.0	0.0	
27.08057083796162	8.929534094876558	0.0	0.0	
25.253567953000992	7.77494087282064	0.0	0.0	
4.131585780279334	21.796258690186185	0.0	0.0	
18.563754787671055	26.528450390829466	0.0	0.0	
11.145022402905226	20.523604856516023	0.0	0.0	
6.174192239367546	28.306844004090237	0.0	0.0	
1.7647000597039302	16.385269774774798	0.0	0.0	
24.241198001764012	27.799376774530412	0.0	0.0	
28.673169610485047	31.42836462670549	0.0	0.0	
13.038397566092492	18.359803728847133	0.0	0.0	
22.913732128168352	30.267633857247038	0.0	0.0	
30.723567700666177	16.774438316443046	0.0	0.0	
31.307576941955165	18.805259342245513	0.0	0.0	
10.3655330248714	2.488360399555585	0.0	0.0	
24.378888868825292	16.772759590980122	0.0	0.0	
0.2990922618952112	15.03357096246409	0.0	0.0	
30.26931727729912	12.81971746124167	0.0	0.0	
0.11386160181071503	5.870862739896332	0.0	0.0	
18.432243963304586	21.39275743106963	0.0	0.0	
16.084983457987914	31.90140549136118	0.0	0.0	
24.835978144837274	11.15777415601151	0.0	0.0	
16.55689311714266	14.936042027183642	0.0	0.0	
1.9090408106433223	15.044981665118815	0.0	0.0	
3.5829748054669146	12.692337336549357	0.0	0.0	
9.355850077041808	5.4481686858032425	0.0	0.0	
23.136458096951973	27.278875946198898	0.0	0.0	
16.74390802002409	1.4276660479490744	0.0	0.0	
4.266942815470713	20.641330385137447	0.0	0.0	
7.577232264284017	30.134539618856408	0.0	0.0	
30.336530245688447	0.12822112922641793	0.0	0.0	
12.535044504760847	31.529904970060766	0.0	0.0	
2.8337855967223895	9.042416067141662	0.0	0.0	
3.8848658847385664	6.321879857798407	0.0	0.0	
23.714534222588878	24.562797521849408	0.0	0.0	
29.097144322616323	6.030231104239057	0.0	0.0	
14.558238298749849	14.145603159018844	0.0	0.0	
30.506997461497836	31.2387095695167	0.0	0.0	
7.782787266900186	18.18765737625654	0.0	0.0	
15.08850935165177	28.58861574609588	0.0	0.0	
12.938867404399723	4.936463125629608	0.0	0.0	
29.21984983658252	6.689051024049846	0.0	0.0	
9.658840658865145	27.31336703193853	0.0	0.0	
4.307150693727937	9.599335281774682	0.0	0.0	
14.82098832696833	11.409402483396487	0.0	0.0	
3.767990702852156	2.6396251005525926	0.0	0.0	
24.842312798322073	17.919055061870758	0.0	0.0	
29.648806693097185	6.595774692476823	0.0	0.0	
25.20057551882394	24.130106713703817	0.0	0.0	
20.06254325176888	13.854413314650994	0.0	0.0	
22.77902824891496	5.696726396735016	0.0	0.0	
18.20958450612639	24.943227684426635	0.0	0.0	
22.7017910343019	21.945669539485085	0.0	0.0	
30.14671310263865	24.518661101048583	0.0	0.0	
17.693703443486882	7.2719559537109255	0.0	0.0	
14.778768438506855	27.790337835659052	0.0	0.0	
30.569858730427566	0.8847509055007983	0.0	0.0	
12.75740715105357	15.67922068404457	0.0	0.0	
11.470144955393927	9.01134307756491	0.0	0.0	
28.693804197450017	18.851305297558902	0.0	0.0	
16.071375599867785	19.775810086194372	0.0	0.0	
29.408896022204818	7.767398358654994	0.0	0.0	
5.913196610687123	18.708759882597825	0.0	0.0	
24.748210979352823	6.574125685108058	0.0	0.0	
15.531955702587425	25.539675077459627	0.0	0.0	
17.063247347861008	4.176949490361391	0.0	0.0	
24.76366009413143	14.514567861291091	0.0	0.0	
21.959992470429572	1.1950675478316946	0.0	0.0	
4.425652283954729	5.7868168293579245	0.0	0.0	
11.41725471222697	15.20426735741243	0.0	0.0	
6.597092857355921	31.488701901714567	0.0	0.0	
30.5066061140372	5.8383519884914	0.0	0.0	
2.84147435182744	15.693764700923623	0.0	0.0	
26.64478907855114	22.714866560826817	0.0	0.0	
25.29314024954261	31.119517417012585	0.0	0.0	
24.83653093746073	28.29589202552861	0.0	0.0	
9.546861819991161	14.561692618240478	0.0	0.0	
11.729043596399428	20.08899552754857	0.0	0.0	
0.1875931611499837	3.935586954052166	0.0	0.0	
15.526426371179337	11.960774062022654	0.0	0.0	
25.763866376826876	3.420730388316244	0.0	0.0	
28.369420567893044	8.242872137303152	0.0	0.0	
11.433631909443871	24.78912083856028	0.0	0.0	
3.860113931474011	26.07977607187878	0.0	0.0	
12.536056100652921	31.032342464843126	0.0	0.0	
0.16633040779766972	13.97868524526979	0.0	0.0	
14.610144781481377	22.856207378004243	0.0	0.0	
4.463382703215814	27.210905229550146	0.0	0.0	
5.765047437139945	17.77311392632877	0.0	0.0	
2.572152920891437	26.04718399053451	0.0	0.0	
26.459339603303167	28.37253262931416	0.0	0.0	
5.8552131677096675	18.968534693593774	0.0	0.0	
1.638590418380236	5.693658189028447	0.0	0.0	
4.811838842322171	20.498929556317602	0.0	0.0	
24.291473273700092	22.414311750970132	0.0	0.0	
3.8540107081646866	8.491490333037401	0.0	0.0	
9.801703104090375	11.94395880551955	0.0	0.0	
19.502391554694817	17.470239513092555	0.0	0.0	
23.68038404322059	11.491998448556377	0.0	0.0	
14.55579967121064	4.924965382359591	0.0	0.0	
2.327042716729867	7.9886421196294	0.0	0.0	
4.013509043771652	19.990488392879474	0.0	0.0	
31.423390630723777	28.70410516984316	0.0	0.0	
3.4503234664042495	17.686447109168203	0.0	0.0	
28.718817997693723	26.48378254134239	0.0	0.0	
26.127459965674927	25.631099127530067	0.0	0.0	
12.818649228133296	7.714689547374185	0.0	0.0	
7.218337850644399	9.947552559992683	0.0	0.0	
24.105688816759994	4.321633393696786	0.0	0.0	
4.838528242277928	28.11870980878679	0.0	0.0	
4.9300507106263005	23.808478794290302	0.0	0.0	
0.7108498789918691	15.006490624251509	0.0	0.0	
0.08097859530573004	24.508553989775397	0.0	0.0	
5.976087650782301	1.6696529476730149	0.0	0.0	
31.679596070858693	15.159800215543953	0.0	0.0	
1.337269957690605	27.595513610654088	0.0	0.0	
31.432261444719966	5.540321586665549	0.0	0.0	
11.46489828161448	12.38838533092192	0.0	0.0	
16.557846798469708	27.459674982345156	0.0	0.0	
12.75554772799773	20.750004999302224	0.0	0.0	
7.8034413522183605	11.196553476868246	0.0	0.0	
23.815335745383774	2.355774555345011	0.0	0.0	
12.529227113823485	8.857475432276477	0.0	0.0	
23.62538240464322	9.801002864823214	0.0	0.0	
29.903896981237487	3.9150149870800455	0.0	0.0	
4.496478674786186	11.960528797885068	0.0	0.0	
0.5792641310292197	16.12515430065333	0.0	0.0	
8.509726474169245	1.2299626826173764	0.0	0.0	
21.346234052592084	27.817385309573723	0.0	0.0	
9.350448999294315	5.218803060015244	0.0	0.0	
14.387583542128308	3.105399808885494	0.0	0.0	
2.3051319727195967	30.55772395087465	0.0	0.0	
3.1949024281468077	15.566199456957271	0.0	0.0	
0.5921802440971504	21.608840665033668	0.0	0.0	
20.76057228459931	26.8926448748881	0.0	0.0	
6.372781588856615	1.2761013366783907	0.0	0.0	
5.732091511802885	0.9802402809028266	0.0	0.0	
15.868519016384528	31.64330123843514	0.0	0.0	
28.22152989301982	0.6778669620307269	0.0	0.0	
19.98447064567153	16.4416798459736	0.0	0.0	
27.503535684635718	0.0475993552724141	0.0	0.0	
24.329070985775875	15.21362012520077	0.0	0.0	
3.769447410456433	0.529308450033561	0.0	0.0	
11.82735187235441	19.472731767452167	0.0	0.0	
5.913886549288108	30.744785123011233	0.0	0.0	
16.304739120380038	9.888270170132763	0.0	0.0	
27.98303502149456	28.093341700014218	0.0	0.0	
0.6444378317736259	18.39117964384754	0.0	0.0	
6.9179508952846795	17.884200066815673	0.0	0.0	
9.46970486484053	7.153050131523898	0.0	0.0	
26.582135179022902	0.6787320791635487	0.0	0.0	
7.3210434474102435	13.34367950749111	0.0	0.0	
3.3344720589432093	13.939974011034924	0.0	0.0	
27.443828115113305	1.0068539432369512	0.0	0.0	
19.494773025566364	19.067295588602555	0.0	0.0	
27.821961458283266	10.158917116915639	0.0	0.0	
25.608851296938166	30.252018037298274	0.0	0.0	
9.992755959481354	15.438193642371107	0.0	0.0	
9.711916730092668	26.251106469303874	0.0	0.0	
7.807345975859423	16.7796515238957	0.0	0.0	
1.8254264325020166	19.5954829602964	0.0	0.0	
0.5396536452973137	17.660961744508807	0.0	0.0	
29.651223182196045	21.272487447079335	0.0	0.0	
28.408010638563514	11.713770851720774	0.0	0.0	
17.922398504714494	30.127606545711515	0.0	0.0	
10.91357975970756	20.076440536164302	0.0	0.0	
26.43647649551188	12.710647723904597	0.0	0.0	
10.563529252309511	7.727323087176096	0.0	0.0	
1.7463923280710567	16.950188469366953	0.0	0.0	
5.862754030058525	19.9830376699954	0.0	0.0	
25.57547763878086	31.772990099732525	0.0	0.0	
14.981412692146929	23.615552668241058	0.0	0.0	
31.269867835562746	16.37215157716202	0.0	0.0	
29.72210229002819	21.569848012039497	0.0	0.0	
3.4982599695607206	25.723774386496686	0.0	0.0	
6.334720740368777	29.72329525107426	0.0	0.0	
13.608259580707895	3.9272336257661067	0.0	0.0	
30.73088549377099	28.94120318771401	0.0	0.0	
3.3747837076952223	27.3068055226906	0.0	0.0	
27.27791493863929	18.866342335311643	0.0	0.0	
1.5060294965293295	15.35718121470514	0.0	0.0	
1.7236333895062153	1.785579570311473	0.0	0.0	
13.26018690277182	7.786383500016683	0.0	0.0	
5.440958642759657	5.071923595367316	0.0	0.0	
24.444011177057458	11.773680664024248	0.0	0.0	
21.948924937319674	11.644352914768692	0.0	0.0	
25.1962484739333	27.432537749224505	0.0	0.0	
21.625846599588	17.97629459556323	0.0	0.0	
17.126277128400925	18.286294769301115	0.0	0.0	
31.73032986267432	23.36521330066629	0.0	0.0	
21.512803882148543	23.11129786856449	0.0	0.0	
2.769239227690317	22.89732572105611	0.0	0.0	
10.696896960572538	19.821471031970074	0.0	0.0	
10.357027258692092	16.30601180519079	0.0	0.0	
30.592300667527752	8.06632870604927	0.0	0.0	
13.833668225097146	0.30104610448669433	0.0	0.0	
24.988454264753177	10.014927567753642	0.0	0.0	
4.090377963766997	16.281318543129068	0.0	0.0	
24.681023404258397	20.704167460455928	0.0	0.0	
0.3144345933864443	21.955345388732727	0.0	0.0	
3.776381379145292	29.35680885551308	0.0	0.0	
1.6693460237247493	17.181776086432986	0.0	0.0	
17.735171832838567	30.294748207357465	0.0	0.0	
14.512604705011487	4.665564864244217	0.0	0.0	
14.60500252058964	6.836705689923125	0.0	0.0	
4.6452232841927525	8.028687099917228	0.0	0.0	
23.60814111248707	11.027662510792531	0.0	0.0	
8.04849744248233	9.257406057999692	0.0	0.0	
4.879138205388301	3.8975081463020764	0.0	0.0	
16.393963356932034	12.022460156250975	0.0	0.0	
15.870379504860775	22.381745023302074	0.0	0.0	
9.567917099019326	16.200978232557187	0.0	0.0	
12.301293670472504	26.96240826576693	0.0	0.0	
28.04434135918668	23.25720683884283	0.0	0.0	
19.221318974725182	20.006688086838665	0.0	0.0	
17.76034111959933	4.592055994010273	0.0	0.0	
29.843445384197505	8.170795903142764	0.0	0.0	
14.834645033043788	29.927395832523572	0.0	0.0	
21.582571348065727	20.667424779908675	0.0	0.0	
15.491002771599526	9.042687045264366	0.0	0.0	
17.285483883320055	24.25310926989808	0.0	0.0	
4.587621589076679	23.66817591495778	0.0	0.0	
18.47166510658374	31.963037576509365	0.0	0.0	
29.017267291923904	7.202526341821724	0.0	0.0	
23.561609565897204	0.42484340676453414	0.0	0.0	
27.495458420056245	5.913607002486103	0.0	0.0	
8.159324137999345	1.9913941431414273	0.0	0.0	
5.474799864090016	4.375561778506775	0.0	0.0	
17.960581141449225	13.145152469692881	0.0	0.0	
26.182593759883325	7.50509383482305	0.0	0.0	
23.47598256303818	6.144501406725542	0.0	0.0	
22.354293472375144	20.72159556016969	0.0	0.0	
17.0013107993655	7.202656299164307	0.0	0.0	
31.8079357109947	28.699020721432767	0.0	0.0	
2.8125274440077312	26.61631140152737	0.0	0.0	
3.2984483127442523	27.442554867299005	0.0	0.0	
23.385640239782333	19.650056139405564	0.0	0.0	
7.8309558099356416	12.735484920230512	0.0	0.0	
2.323065919690002	22.92208798412617	0.0	0.0	
5.82203476401013	12.027802533444522	0.0	0.0	
27.606709148088463	6.02414060928891	0.0	0.0	
29.987385262127248	30.959288338367656	0.0	0.0	
30.656656033393965	3.298454403255729	0.0	0.0	
25.704546048583822	24.09912866821862	0.0	0.0	
6.4969303215748155	12.925281568266723	0.0	0.0	
15.789128883065196	28.729967304621045	0.0	0.0	
9.603519156824799	5.567172827042075	0.0	0.0	
23.876730358832372	6.1526946484509075	0.0	0.0	
20.00011912000023	12.02614766931028	0.0	0.0	
9.274150907787277	17.88445028640498	0.0	0.0	
3.793906579481696	14.29232804062373	0.0	0.0	
13.827538280174188	13.829741388666005	0.0	0.0	
28.823787586608223	11.974776869589661	0.0	0.0	
16.25753564802702	11.323245153069674	0.0	0.0	
20.97530984514005	16.38298755472957	0.0	0.0	
25.02222437121358	13.02185108970746	0.0	0.0	
9.098185708054682	21.29703484423299	0.0	0.0	
24.83525708895804	0.45106319193455846	0.0	0.0	
7.9356368483249895	31.22093895994838	0.0	0.0	
26.81174769176366	8.781677709281624	0.0	0.0	
3.0400469202071605	24.101803323181286	0.0	0.0	
20.20690884475207	29.932142471512122	0.0	0.0	
24.802735900982842	10.636259042416238	0.0	0.0	
25.43699277539987	7.603316293566792	0.0	0.0	
23.844638667059748	17.625161917809116	0.0	0.0	
2.9745757123616556	5.955030437366062	0.0	0.0	
9.086220811252108	7.931695467647494	0.0	0.0	
29.741325913920114	0.3905839635409336	0.0	0.0	
8.787021534146643	31.50308823134652	0.0	0.0	
28.053128583648935	11.53492504787824	0.0	0.0	
26.93609061345641	9.309301755544553	0.0	0.0	
8.941591645030147	11.7922814938468	0.0	0.0	
3.6438487214020476	22.156051407776953	0.0	0.0	
31.89286904201024	1.118159381938785	0.0	0.0	
9.968283346218328	12.929782668539197	0.0	0.0	
6.829344007941351	13.24206822180222	0.0	0.0	
25.928408499836607	12.839323655650961	0.0	0.0	
14.65957285204425	14.797230433973557	0.0	0.0	
14.926204623286267	17.729320576610604	0.0	0.0	
4.931197488141361	6.454815306771746	0.0	0.0	
31.37360725689366	9.00055961325766	0.0	0.0	
12.230085389369584	10.389775083372449	0.0	0.0	
23.209502189845523	23.091791258806655	0.0	0.0	
5.0942855773072715	30.176806812186374	0.0	0.0	
24.060701404857603	26.066305008721713	0.0	0.0	
19.017678761597292	10.015903427012532	0.0	0.0	
27.110191873497318	24.302961635545824	0.0	0.0	
19.86521392430993	28.22206928840506	0.0	0.0	
28.792521306419182	30.563264154441388	0.0	0.0	
19.03447456530455	16.48252093305122	0.0	0.0	
2.804512419977243	2.716658841293409	0.0	0.0	
0.42679713983111256	19.233292882080587	0.0	0.0	
24.44472826591366	21.32337204735798	0.0	0.0	
3.869692386357677	10.444535972214734	0.0	0.0	
22.83288335193516	14.619656934046585	0.0	0.0	
10.738767372650685	4.479136541657468	0.0	0.0	
15.990885159215871	7.510542338408751	0.0	0.0	
2.923675140088921	3.5842902077185386	0.0	0.0	
10.239800952327247	10.866637135209661	0.0	0.0	
24.694462732737556	24.477018721063978	0.0	0.0	
26.742964481028046	2.4475705925146762	0.0	0.0	
17.236318202306297	6.532887863320852	0.0	0.0	
18.322681289548246	18.932612695160906	0.0	0.0	
30.007561236474125	22.724964141688503	0.0	0.0	
10.021699071538443	9.34219331178219	0.0	0.0	
21.211840773371826	22.506435028189465	0.0	0.0	
2.5575845685547094	10.466369250003705	0.0	0.0	
5.2675439355328955	13.790647292421571	0.0	0.0	
23.056954561358772	18.101250774848687	0.0	0.0	
27.46604227213902	11.592584749150625	0.0	0.0	
15.654412147971403	7.914791637204573	0.0	0.0	
25.011661854096143	10.331954633776654	0.0	0.0	
28.699991104055222	23.871509186778656	0.0	0.0	
16.421346152660842	30.81296953115551	0.0	0.0	
8.668472023825448	13.22561433219558	0.0	0.0	
13.079962484236741	27.28225019956388	0.0	0.0	
21.256655011218374	12.651181070147548	0.0	0.0	
7.118057080333735	2.79941369104856	0.0	0.0	
11.993063899141799	17.057019672668122	0.0	0.0	
30.729708211617076	17.493684493463476	0.0	0.0	
28.312869368069673	28.81156059492012	0.0	0.0	
21.790898014579874	18.72833948484394	0.0	0.0	
18.874298653739654	14.399151816547125	0.0	0.0	
28.66849827675999	12.902326231899508	0.0	0.0	
23.96596977354911	18.75236145162223	0.0	0.0	
1.8754303186524126	12.662582716242596	0.0	0.0	
2.3057768844817765	31.84958660159958	0.0	0.0	
7.876870335584275	1.688851272495004	0.0	0.0	
30.667859866173302	17.113306588272103	0.0	0.0	
31.26528108374754	21.185628611383237	0.0	0.0	
21.278699764758894	17.452248391917408	0.0	0.0	
9.02513374464085	15.814286851216913	0.0	0.0	
0.1588668239216453	21.960388690406905	0.0	0.0	
0.9242669782170729	12.187363580192521	0.0	0.0	
14.134730628449113	22.827133869079468	0.0	0.0	
24.383420791408394	13.155028452351	0.0	0.0	
25.62556974699239	0.6367377720644214	0.0	0.0	
22.842175304488528	27.297955683558087	0.0	0.0	
30.627624630225487	8.033807661012894	0.0	0.0	
0.7801432414500802	23.64783245588865	0.0	0.0	
17.421302949645696	27.34367108133364	0.0	0.0	
5.955208765440101	11.29308582786047	0.0	0.0	
2.140450202221743	9.482523647258482	0.0	0.0	
7.746441378501309	31.7521859814472	0.0	0.0	
12.4120375946361	16.858056781454117	0.0	0.0	
29.939132249955446	16.81880049932762	0.0	0.0	
16.110623754390435	14.074920311728782	0.0	0.0	
8.755757433025902	5.734784568069749	0.0	0.0	
17.45698453784239	8.533026632695929	0.0	0.0	
31.79329350213049	19.189856302818935	0.0	0.0	
31.308401873070498	29.653429299416604	0.0	0.0	
4.247822263916422	28.610545856689978	0.0	0.0	
11.05367887715412	19.47472123496757	0.0	0.0	
31.634899143511195	21.027982000685846	0.0	0.0	
20.795261250629775	29.405883113813907	0.0	0.0	
6.94147091191844	28.263835950734872	0.0	0.0	
20.60672536381167	20.35804026757821	0.0	0.0	
8.554214523333265	13.644144065686117	0.0	0.0	
29.359020609880233	7.766158361898846	0.0	0.0	
15.745527494646076	29.6067287233827	0.0	0.0	
21.661487751090956	18.72241727333219	0.0	0.0	
17.38341785581119	3.627338539171081	0.0	0.0	
29.602339515182095	21.635269017779134	0.0	0.0	
26.585073278426123	7.5213533215580455	0.0	0.0	
1.5880697370425167	17.866528735709952	0.0	0.0	
9.240393469582514	2.634532640451294	0.0	0.0	
24.331714046364	12.75824845431315	0.0	0.0	
0.40705282392962516	27.95897070526315	0.0	0.0	
29.690300208365375	23.561173899290306	0.0	0.0	
0.04751768845229165	2.6197459505331615	0.0	0.0	
21.846192046971076	7.89552671206787	0.0	0.0	
9.004437715569654	7.6232597963862005	0.0	0.0	
2.3219816185011446	16.320177610419588	0.0	0.0	
0.7737060902240209	15.599179950901359	0.0	0.0	
17.75611995167923	19.99849652325858	0.0	0.0	
24.180904462943232	31.551418355966764	0.0	0.0	
17.64704569484746	21.484043523614417	0.0	0.0	
12.367474501015039	12.370612277772523	0.0	0.0	
2.1478720737567905	27.522238945535875	0.0	0.0	
19.752324394042123	2.22786899140101	0.0	0.0	
14.980274643698166	26.090480923143048	0.0	0.0	
24.706682137954825	24.227203766449026	0.0	0.0	
30.06855203777259	27.880362530274216	0.0	0.0	
21.33682926522505	1.3200283035558833	0.0	0.0	
10.419574781320687	24.906827067845327	0.0	0.0	
14.293263845438513	13.829749158465763	0.0	0.0	
28.939666906626204	26.039570088242368	0.0	0.0	
13.990142281793705	8.395584361666593	0.0	0.0	
18.437642909397773	4.4084387464112424	0.0	0.0	
12.333548072986474	14.978764128512694	0.0	0.0	
3.5367331721324717	29.10090689168078	0.0	0.0	
20.45711872095527	3.0587291239348104	0.0	0.0	
12.129374261564543	17.779346397417907	0.0	0.0	
14.522814536095442	22.59972093845408	0.0	0.0	
24.482829320542187	4.370174656385323	0.0	0.0	
21.270712680713043	5.795433676981315	0.0	0.0	
23.2401955887567	7.631702976609105	0.0	0.0	
23.817304907503768	15.202522592446538	0.0	0.0	
28.199814703790484	18.41380212863729	0.0	0.0	
29.202939286161552	30.93792272534318	0.0	0.0	
28.97652935350007	16.63379456559592	0.0	0.0	
26.783911407321064	28.213686885142764	0.0	0.0	
13.299937258122505	10.05308510237733	0.0	0.0	
13.094548448762172	20.756835368723554	0.0	0.0	
15.570567375001922	23.735508346950635	0.0	0.0	
20.245947887438884	24.45382529338305	0.0	0.0	
11.66360549457631	27.557873810810584	0.0	0.0	
16.439889111615734	2.1414542011436026	0.0	0.0	
1.908987411565068	17.806994799205512	0.0	0.0	
20.480093639156685	15.323861823980547	0.0	0.0	
3.5751530362500112	16.712583376844098	0.0	0.0	
7.981038095670911	2.3596117998015345	0.0	0.0	
3.7223512094902738	1.6316304368186714	0.0	0.0	
23.832179142630658	27.697405315135143	0.0	0.0	
14.83351234429744	7.297640199465885	0.0	0.0	
4.721548343801199	28.192287894241723	0.0	0.0	
9.990052398669974	15.527118573304346	0.0	0.0	
25.322733966243717	2.4322803336747185	0.0	0.0	
19.65936023410262	29.59460590538652	0.0	0.0	
16.442423120446684	14.70063965045205	0.0	0.0	
16.44217238981277	9.52721512902718	0.0	0.0	
6.809533752123556	30.26164418943492	0.0	0.0	
28.608460063802152	2.597608748605893	0.0	0.0	
25.39536895030667	27.170399704527746	0.0	0.0	
0.5057941104068497	18.32090294127283	0.0	0.0	
12.016864534961794	9.623674377544084	0.0	0.0	
16.448272279631407	7.016962217148347	0.0	0.0	
25.8877526451525	14.76982746382481	0.0	0.0	
2.3296578248925393	2.293111990571038	0.0	0.0	
9.305405921476662	18.025382944015043	0.0	0.0	
6.607091386282843	30.087966346086375	0.0	0.0	
5.895476117444133	22.760688350436837	0.0	0.0	
18.222848666504735	1.8216230556395594	0.0	0.0	
6.813480187157705	13.612458613136845	0.0	0.0	
18.101727034360557	31.39232352640371	0.0	0.0	
2.759405853340251	2.767927618449807	0.0	0.0	
23.71969284823823	22.459673949970842	0.0	0.0	
19.28712987691466	21.963997949339287	0.0	0.0	
20.516866845493254	30.901106639597497	0.0	0.0	
15.812297099769875	21.19958702177792	0.0	0.0	
9.845876717519129	18.40349119311793	0.0	0.0	
27.164612748524842	24.912836196874007	0.0	0.0	
11.710244237201724	28.845814275761168	0.0	0.0	
22.855208260107105	13.540398799051797	0.0	0.0	
11.064520897771608	14.969169634526022	0.0	0.0	
14.939209602490326	6.525500951158019	0.0	0.0	
21.40705619426553	18.148491917767352	0.0	0.0	
8.742654934473293	16.97133017452139	0.0	0.0	
7.316756372185324	18.567181088072143	0.0	0.0	
29.74096900149441	9.540625560653574	0.0	0.0	
8.10841493193562	5.94026525644508	0.0	0.0	
23.12538746697859	30.20847470488983	0.0	0.0	
6.57030875788406	19.692621012654406	0.0	0.0	
10.17950783550743	12.691088516797734	0.0	0.0	
25.13358057592461	0.5149468134855937	0.0	0.0	
1.4671153507274255	12.897614980183313	0.0	0.0	
3.4748155160266307	10.207365108082122	0.0	0.0	
4.793139357196896	16.42841567253203	0.0	0.0	
10.578483793376396	24.202820644226477	0.0	0.0	
4.470499704224423	15.099367036395634	0.0	0.0	
18.77607143013689	11.045390379906966	0.0	0.0	
23.775459114516902	24.075790432828178	0.0	0.0	
18.923753211167483	24.030236841669957	0.0	0.0	
28.818577554569355	18.393875209358427	0.0	0.0	
13.847783329623834	15.721499353310364	0.0	0.0	
10.319600559175484	26.024808273651953	0.0	0.0	
15.210401447087389	17.055571659610223	0.0	0.0	
18.706916255723986	7.329777368843761	0.0	0.0	
12.50821931471063	16.75676359873334	0.0	0.0	
20.913857655860372	24.72660782764721	0.0	0.0	
16.229873076348667	19.36215150507026	0.0	0.0	
28.24665502773269	13.664529687336575	0.0	0.0	
1.628146579919612	8.502687649156627	0.0	0.0	
4.391416310536773	2.644005128858435	0.0	0.0	
22.22707938287147	9.630098852541238	0.0	0.0	
17.177983233132295	27.994291435829137	0.0	0.0	
28.47778790583885	15.046417151091138	0.0	0.0	
28.047318942853426	3.8857233841744403	0.0	0.0	
10.959879481704593	16.65477214368891	0.0	0.0	
17.576345474872262	22.335388901188825	0.0	0.0	
7.518688920681619	16.732739849428622	0.0	0.0	
5.113801895239735	10.343367637807532	0.0	0.0	
21.320201335028003	20.337462335124272	0.0	0.0	
10.001099834551752	25.138046455695672	0.0	0.0	
23.406370457106142	29.01283369768952	0.0	0.0	
13.001045402247446	23.93876855382758	0.0	0.0	
11.576207220862738	24.9408049821047	0.0	0.0	
19.760971643123504	20.064085758742184	0.0	0.0	
26.787864265538662	7.698101611310875	0.0	0.0	
16.161565101343005	28.6388063867149	0.0	0.0	
16.515652454916623	14.092164683399258	0.0	0.0	
13.34912715366853	13.717424915300601	0.0	0.0	
24.78613192086974	2.6644908761303725	0.0	0.0	
22.246334024939014	3.8385834338032723	0.0	0.0	
29.827866184001454	15.539045713614641	0.0	0.0	
2.0014474332805037	8.60072626321223	0.0	0.0	
31.111156081769806	14.856899137783635	0.0	0.0	
5.768066501939206	26.686676346183333	0.0	0.0	
24.87942196298612	20.704975607799096	0.0	0.0	
6.246737243133111	22.27263985433622	0.0	0.0	
3.0642777540802157	11.327989867432333	0.0	0.0	
3.3298922158963578	12.308447417325645	0.0	0.0	
16.02429018264518	6.819847756670004	0.0	0.0	
8.380709941375425	7.11690955851488	0.0	0.0	
26.060536036120013	6.083668967921572	0.0	0.0	
18.69045964556656	19.35951231725331	0.0	0.0	
6.113302394988086	7.204207944072845	0.0	0.0	
6.913906748906118	15.8315291430613	0.0	0.0	
28.186546837954133	5.278738266356559	0.0	0.0	
17.216528120115356	20.983546168431438	0.0	0.0	
28.34636318554658	21.1431289555567	0.0	0.0	
10.606666562611974	26.966788177223698	0.0	0.0	
8.917227941322352	12.239156376750625	0.0	0.0	
6.079046940096763	12.035245545942534	0.0	0.0	
19.027810961605496	14.41942820011463	0.0	0.0	
22.674553488379892	19.95138894497827	0.0	0.0	
21.365214185513384	3.7340832667058983	0.0	0.0	
11.337021091897597	29.615813759384046	0.0	0.0	
14.898926429146492	13.850110476613725	0.0	0.0	
6.720027118456315	13.934719964619926	0.0	0.0	
22.691557492534297	7.855936565662255	0.0	0.0	
16.718596185843932	20.15874392546306	0.0	0.0	
28.54677072223507	30.011698927460273	0.0	0.0	
28.92749695270546	5.579410502950093	0.0	0.0	
10.524023686737312	23.959539708013203	0.0	0.0	
11.985235298257699	6.182370224507601	0.0	0.0	
5.775109259892297	4.63512520650103	0.0	0.0	
16.744222368796493	28.310486917500008	0.0	0.0	
5.398033933485912	14.093503262784711	0.0	0.0	
7.64534751357392	26.69205068571106	0.0	0.0	
6.886432453220095	15.000233144677129	0.0	0.0	
2.5603612346992186	22.916104598663615	0.0	0.0	
17.272245678272796	4.507924822762785	0.0	0.0	
22.928405644725007	16.990599574880843	0.0	0.0	
6.482505243566777	7.640220678032897	0.0	0.0	
31.931479637622893	4.6788487666482546	0.0	0.0	
5.434025288506184	22.901034842101154	0.0	0.0	
22.296505183404392	28.50557473453708	0.0	0.0	
21.381941414065036	0.8833324299144643	0.0	0.0	
8.683034731953128	4.263386511091483	0.0	0.0	
16.507706423003835	15.104494230895831	0.0	0.0	
16.00927068083906	15.908598193322426	0.0	0.0	
14.051011994383309	23.08103004519197	0.0	0.0	
23.72685022506298	13.50362278415301	0.0	0.0	
13.092652639728094	11.480144715150093	0.0	0.0	
24.38213214856534	24.829344372076203	0.0	0.0	
12.521719564006723	27.152083583636905	0.0	0.0	
3.0793953869900896	25.715932935607594	0.0	0.0	
20.85273929242873	20.6755950483255	0.0	0.0	
11.898154565720592	13.350419057262698	0.0	0.0	
6.325442623577448	11.2143810195621	0.0	0.0	
29.627057732374546	9.199478102821192	0.0	0.0	
13.962652197256816	12.649334208267529	0.0	0.0	
8.994272845766446	6.316966199900609	0.0	0.0	
6.197875299013212	22.236869187384922	0.0	0.0	
30.428338958047576	20.504783554682508	0.0	0.0	
20.18116574320385	13.104372303471727	0.0	0.0	
23.25763498986604	0.9646695377446939	0.0	0.0	
25.44031510509962	20.714048082123114	0.0	0.0	
25.5239958073536	19.04552022401508	0.0	0.0	
30.474914845366374	4.93663243488966	0.0	0.0	
9.170141763852037	3.6136824381504837	0.0	0.0	
3.4097229585041404	25.133861640768018	0.0	0.0	
1.4870268997773515	2.643236695477718	0.0	0.0	
3.890936991376119	8.436377123161048	0.0	0.0	
20.19079168046061	17.66052591637505	0.0	0.0	
14.136392042431506	1.7589141861453648	0.0	0.0	
9.407664292877794	4.113644426918775	0.0	0.0	
10.298993482118291	29.195990746951434	0.0	0.0	
8.441521492236621	21.09119506339961	0.0	0.0	
17.957660524606165	11.676909053593317	0.0	0.0	
17.1543376223736	31.68717530757557	0.0	0.0	
5.350866310588508	13.048807619713667	0.0	0.0	
3.9836933860660046	11.893070311206706	0.0	0.0	
30.818168545234524	4.659657593699091	0.0	0.0	
31.499201418002354	10.043728154756113	0.0	0.0	
0.5262749117931946	22.470835196185984	0.0	0.0	
29.158475739564807	25.190562240390403	0.0	0.0	
1.2466956668112168	27.753294355256905	0.0	0.0	
2.245139893279948	14.605019609332594	0.0	0.0	
1.0997201249785356	23.069791043104658	0.0	0.0	
18.96617355329782	13.548481178886174	0.0	0.0	
4.928804218098172	25.293966297773146	0.0	0.0	
18.467859086384482	31.737628135251573	0.0	0.0	
20.313115625091953	3.478366918165417	0.0	0.0	
31.23277054625979	15.42670552080957	0.0	0.0	
21.66083529486809	29.09748251838565	0.0	0.0	
1.1941081233405448	28.83938329522891	0.0	0.0	
4.241824550096954	31.010579740836985	0.0	0.0	
15.130907211283535	15.507938205513668	0.0	0.0	
20.17802575965887	12.4657409898009	0.0	0.0	
10.168667517164856	28.999220604491065	0.0	0.0	
28.774868363886775	24.07046187630895	0.0	0.0	
26.426383596768073	2.378799280503273	0.0	0.0	
24.800334604675342	21.654362554022434	0.0	0.0	
4.210536335314842	12.028286802975327	0.0	0.0	
27.34467903131355	16.612544112603302	0.0	0.0	
25.480387567092322	7.442468204110746	0.0	0.0	
13.087511693456758	25.87962417485626	0.0	0.0	
30.67389651816549	24.80517043844605	0.0	0.0	
12.496713081051926	2.9423264590089495	0.0	0.0	
30.596549591909454	18.488729641098544	0.0	0.0	
14.28358491630009	2.2710224978907725	0.0	0.0	
7.955580104897766	0.6927693694571566	0.0	0.0	
15.419341642502122	16.137764390093572	0.0	0.0	
10.444360238608475	0.7301752606200118	0.0	0.0	
1.9629551676890529	30.183021754639178	0.0	0.0	
19.73450162766541	27.349946131439783	0.0	0.0	
31.47863092967986	30.849201936343245	0.0	0.0	
1.7175283968884472	28.499373070140873	0.0	0.0	
8.369051781657795	20.714438254404502	0.0	0.0	
13.706965632950208	24.378512576684166	0.0	0.0	
18.773136753709288	17.533703962755915	0.0	0.0	
9.785486083266491	29.832516007273554	0.0	0.0	
3.905170449230276	19.528876603932357	0.0	0.0	
29.949073810220114	15.579880004723673	0.0	0.0	
25.08717374966719	26.99544009706641	0.0	0.0	
7.149274820619468	29.704518767422982	0.0	0.0	
31.700798700049937	27.173923068376848	0.0	0.0	
24.644678440976197	25.7063384971877	0.0	0.0	
25.647014388255915	24.62698132739081	0.0	0.0	
2.5908636214985528	30.78385366576158	0.0	0.0	
5.095719109888282	1.0744119820617684	0.0	0.0	
0.8254684043572844	11.755647265014975	0.0	0.0	
29.697903381831217	6.200957287459254	0.0	0.0	
18.831834435053818	1.4568984430591598	0.0	0.0	
22.243634126786823	27.42942251876316	0.0	0.0	
21.024594884436922	24.65287400436889	0.0	0.0	
6.475028121904664	17.518851403094324	0.0	0.0	
12.679360411478726	27.78418849944826	0.0	0.0	
21.056231645863463	31.59484972693842	0.0	0.0	
29.784756218349386	4.052361853250144	0.0	0.0	
10.050461352582712	7.567574638430457	0.0	0.0	
21.18401399982789	7.530055640529831	0.0	0.0	
16.712284545170146	20.234563388133544	0.0	0.0	
7.897516676788385	3.3374657511136974	0.0	0.0	
8.32429966276743	10.070097250937955	0.0	0.0	
24.79793876859128	7.069801149304173	0.0	0.0	
2.147524844489812	9.789543165676498	0.0	0.0	
24.30551824660985	17.99069121192058	0.0	0.0	
25.490394956543405	6.9748984259759865	0.0	0.0	
17.289252240977508	10.97207953919202	0.0	0.0	
29.50322731637129	0.38791488220109116	0.0	0.0	
8.186064519489182	23.678619635552224	0.0	0.0	
10.237699887030008	25.287001788435123	0.0	0.0	
13.904245002187121	23.061401155804315	0.0	0.0	
26.816972483687117	7.947590163845064	0.0	0.0	
16.336863284448253	7.0196380098509294	0.0	0.0	
21.66545955074799	13.065149895284598	0.0	0.0	
12.084990031907761	4.492897227038174	0.0	0.0	
15.581372644129903	20.012967957181658	0.0	0.0	
20.821586287052718	16.03042353022605	0.0	0.0	
29.208310402457865	12.959235667847878	0.0	0.0	
27.5046762922471	26.89756534705474	0.0	0.0	
22.787809414252106	25.809232312345053	0.0	0.0	
7.070965325951583	12.400150526100258	0.0	0.0	
9.078176239660774	9.688672342449397	0.0	0.0	
4.217791677879287	26.40909294540265	0.0	0.0	
22.86994893802673	17.039509226962597	0.0	0.0	
4.3089111916467076	1.1023053235008824	0.0	0.0	
13.780142630812207	7.843369276390106	0.0	0.0	
31.461814425815493	19.79360908840571	0.0	0.0	
24.995393907404758	16.40805340488945	0.0	0.0	
15.043681508956396	22.80643146000318	0.0	0.0	
7.5752038157280595	11.919211692023609	0.0	0.0	
14.369519058625436	28.765157849250627	0.0	0.0	
9.560482472479958	16.59981518655981	0.0	0.0	
31.97185181120233	14.739410352499672	0.0	0.0	
22.009306582621953	24.519110088084176	0.0	0.0	
31.804483054311586	10.835547916398447	0.0	0.0	
16.888742769392284	30.237349068553282	0.0	0.0	
9.88758760753339	25.039550248013278	0.0	0.0	
26.696245504601126	6.644466464259953	0.0	0.0	
28.022343734265405	12.85641192606429	0.0	0.0	
28.427171367267803	5.950924412480212	0.0	0.0	
19.196675034190946	27.01730328168103	0.0	0.0	
14.922337001022054	6.2179884813012904	0.0	0.0	
22.519097496387975	22.605723000352597	0.0	0.0	
8.861329630286665	11.634983251435134	0.0	0.0	
18.664540759148842	12.703809781520292	0.0	0.0	
9.14539369281242	18.748694748509624	0.0	0.0	
7.842876200389579	23.11535081225408	0.0	0.0	
4.2916583236423875	3.713094672357869	0.0	0.0	
29.876024226543752	19.814333174395298	0.0	0.0	
15.316632339834374	14.581796395898742	0.0	0.0	
24.961307088473525	29.034460868406605	0.0	0.0	
3.269691826651414	0.24174392271981304	0.0	0.0	
11.591979061002345	12.595207533139721	0.0	0.0	
8.901093656010492	15.813493252560363	0.0	0.0	
28.470580763146756	1.2265532645961343	0.0	0.0	
15.55717652636158	17.804045527700428	0.0	0.0	
9.424832900633639	4.415319158981696	0.0	0.0	
12.29472890441911	13.142245146960637	0.0	0.0	
19.755109801376886	26.15873929726042	0.0	0.0	
19.912880578824108	18.672627266267043	0.0	0.0	
7.974180366743457	13.965806676379675	0.0	0.0	
12.908643005936998	22.64563928700507	0.0	0.0	
6.361590249133325	30.464287192565823	0.0	0.0	
12.017273847219364	6.170241564637749	0.0	0.0	
20.851574153180703	0.4350614446481984	0.0	0.0	
0.32963533250707755	7.668633924972305	0.0	0.0	
2.9865728353068235	30.862539701156525	0.0	0.0	
9.9752070858207	10.236472405149517	0.0	0.0	
0.8811518762946662	27.72387218645378	0.0	0.0	
7.188478067923292	19.749722918532843	0.0	0.0	
16.444153667077025	25.505014445735284	0.0	0.0	
0.5823662460293342	16.7486113948402	0.0	0.0	
30.1088461762832	28.463202230345413	0.0	0.0	
27.05250214320848	7.19133576490896	0.0	0.0	
8.317758898692961	22.032464370737053	0.0	0.0	
17.405267461093302	24.700278667408497	0.0	0.0	
28.272893394465967	1.0662073848264306	0.0	0.0	
9.816460204200954	8.033260731353344	0.0	0.0	
17.1507936327037	0.6617637837830905	0.0	0.0	
19.59008421555427	13.410127902678983	0.0	0.0	
14.136689090940717	8.279969353759281	0.0	0.0	
21.941012349531114	4.001291487245187	0.0	0.0	
19.664861178381848	18.738371580252466	0.0	0.0	
25.937907206899727	17.74749645844695	0.0	0.0	
12.328060123228486	16.44016187233508	0.0	0.0	
2.9213973822629846	18.939462747297895	0.0	0.0	
13.01507341160378	22.800926985977	0.0	0.0	
20.349699087724503	9.221750160995715	0.0	0.0	
6.259458905802681	29.61631940137753	0.0	0.0	
8.885583563728353	26.88167141789694	0.0	0.0	
15.525065779059268	5.926181049973874	0.0	0.0	
11.668827589182936	21.421617552413693	0.0	0.0	
5.67065008627673	2.0974827952100945	0.0	0.0	
12.481164076673355	2.065027864511414	0.0	0.0	
29.814557338468088	31.477956261038496	0.0	0.0	
27.246001847040585	10.225449180421965	0.0	0.0	
13.852964379935596	1.200664128679783	0.0	0.0	
16.180813179333672	31.22190468486321	0.0	0.0	
15.717798933052975	19.447320680320434	0.0	0.0	
1.1528906091520064	29.473180691669736	0.0	0.0	
21.650389370622946	1.3031629191068888	0.0	0.0	
17.84228819674477	21.242597437366392	0.0	0.0	
29.938939515521476	6.2091030285544875	0.0	0.0	
24.6909544597174	16.05095205558027	0.0	0.0	
29.32066984784926	17.28437636701551	0.0	0.0	
18.75836719758498	10.724474196468261	0.0	0.0	
10.602071834860485	24.481078631029824	0.0	0.0	
16.554098409049526	26.339526594593206	0.0	0.0	
19.994604141201215	12.802382717354014	0.0	0.0	
18.562109954194046	5.602940163335493	0.0	0.0	
27.454501285844	9.765509550384113	0.0	0.0	
20.83572787590303	16.864684845145238	0.0	0.0	
3.9503863620822557	13.556161199131672	0.0	0.0	
30.342120805370584	13.906888362854641	0.0	0.0	
2.32159825166244	20.61350430959337	0.0	0.0	
28.26326539953412	20.93215893975251	0.0	0.0	
12.219538398591048	25.226600442949753	0.0	0.0	
11.10412424961039	31.752794738303503	0.0	0.0	
11.392979585237157	3.910185540093302	0.0	0.0	
21.913061843548586	29.879505061498346	0.0	0.0	
9.879586694518522	29.237729394064484	0.0	0.0	
13.3536855884688	28.096070221457033	0.0	0.0	
28.58489627923106	11.208073973244048	0.0	0.0	
4.041113217480053	2.6794904383512836	0.0	0.0	
25.386803086757485	6.806860183155958	0.0	0.0	
10.661046667262998	1.791210739739217	0.0	0.0	
11.39680981342351	5.789492557868169	0.0	0.0	
20.411360254795596	30.12042162321724	0.0	0.0	
25.15609753334765	15.430952119182837	0.0	0.0	
5.394109834369335	5.210866903060349	0.0	0.0	
6.345208330774621	12.608810400315768	0.0	0.0	
31.48185261602054	28.371279253616528	0.0	0.0	
0.5928300492164915	20.15755182137881	0.0	0.0	
13.882972215860178	2.795676917076971	0.0	0.0	
9.032881221985416	21.053122599971218	0.0	0.0	
29.861819658636207	8.269275050999763	0.0	0.0	
6.480149256063065	0.17114958373520395	0.0	0.0	
28.317758458211387	9.774164835972499	0.0	0.0	
10.083429025732144	19.718102638702362	0.0	0.0	
2.640684939617195	10.666010138883763	0.0	0.0	
24.28368111320685	29.446660724852016	0.0	0.0	
13.304645267490269	1.0391060294517942	0.0	0.0	
0.34061538320585427	9.302442464402137	0.0	0.0	
28.114413320054002	4.119989679280145	0.0	0.0	
22.14617759960928	12.44701802148754	0.0	0.0	
17.185576877333776	7.355234604067469	0.0	0.0	
18.892280865255398	3.535541509729608	0.0	0.0	
16.157362762787432	0.9105884334972991	0.0	0.0	
25.893537059678696	10.4473187558991	0.0	0.0	
2.1892267947842683	2.759976525191899	0.0	0.0	
17.586715523612853	26.078947636091538	0.0	0.0	
20.942613366548898	20.09739303789694	0.0	0.0	
31.09599567602017	24.29341380762587	0.0	0.0	
7.064776840617622	6.742333852624171	0.0	0.0	
6.010596040706929	13.325127649225788	0.0	0.0	
3.161014889941722	4.143307080073562	0.0	0.0	
26.55416551301878	8.765269971256966	0.0	0.0	
14.190459255668596	10.113410595578689	0.0	0.0	
14.485203764841373	30.40737984375757	0.0	0.0	
17.23281131368314	28.304486890143934	0.0	0.0	
3.735330355939393	8.440314091281817	0.0	0.0	
13.58320642707291	13.262634791729695	0.0	0.0	
11.651909722256008	23.019916427522435	0.0	0.0	
29.481114951353515	15.266907886453232	0.0	0.0	
16.724409238392056	25.520387022472203	0.0	0.0	
15.688179177853883	26.39714727438105	0.0	0.0	
15.083226296579614	30.85538872861439	0.0	0.0	
29.13830712261235	3.614023909328367	0.0	0.0	
31.947274072799758	14.208347048016368	0.0	0.0	
25.61382369151743	12.159442761341289	0.0	0.0	
16.51462827395852	21.025359733788502	0.0	0.0	
10.673423683624538	3.501341511242554	0.0	0.0	
6.6607319277788015	17.88414579198515	0.0	0.0	
11.585711789269158	13.633688547288052	0.0	0.0	
15.321626063537238	9.461779816893095	0.0	0.0	
5.2379184706808175	10.731945015531704	0.0	0.0	
29.45045357713026	11.091223764376128	0.0	0.0	
24.796629207530703	7.941439030811885	0.0	0.0	
3.5568531838292934	23.44754394629805	0.0	0.0	
31.65781810316676	0.2688893586432144	0.0	0.0	
27.78364131619702	23.971182364738162	0.0	0.0	
8.087326976519673	24.116926687440206	0.0	0.0	
13.617079131236792	20.893512899081472	0.0	0.0	
11.925692363233523	2.5276507370379058	0.0	0.0	
20.27062516359662	5.641112571036597	0.0	0.0	
3.259464370982446	9.98670853582535	0.0	0.0	
23.711164716879637	17.49822259743695	0.0	0.0	
11.805059914710142	8.612364044953452	0.0	0.0	
25.463516704194614	26.238256217665086	0.0	0.0	
4.346162021961259	7.2995425833101635	0.0	0.0	
10.192288032511005	5.177367643105505	0.0	0.0	
7.8184207881365175	4.931386926746352	0.0	0.0	
22.611792067602565	7.569802338208106	0.0	0.0	
10.276730622815549	20.353761172230975	0.0	0.0	
9.08844768149374	29.13996447643253	0.0	0.0	
21.12954059151768	9.41295737311323	0.0	0.0	
23.51863400304466	22.87843520253935	0.0	0.0	
7.317675579251194	24.529321959328964	0.0	0.0	
19.843983170203767	29.871983679350596	0.0	0.0	
16.560381509578253	25.736131982966214	0.0	0.0	
14.14932023888413	6.585329221810259	0.0	0.0	
20.12917263038266	8.529627365493045	0.0	0.0	
31.715667150670164	13.621922305410525	0.0	0.0	
29.48796951883668	16.05370745601554	0.0	0.0	
10.943324988552114	0.6500407300618747	0.0	0.0	
22.89961828949746	4.715213163184323	0.0	0.0	
12.875100570561123	30.378353481008862	0.0	0.0	
17.866962466910877	5.626162600671922	0.0	0.0	
21.06681496163102	30.456266779036277	0.0	0.0	
16.950856707602888	25.4243987775993	0.0	0.0	
18.813463372582966	20.98916318905217	0.0	0.0	
24.677079708481205	20.467440502711185	0.0	0.0	
21.766847226238085	14.043640488752107	0.0	0.0	
8.55451625703667	8.493212704305943	0.0	0.0	
26.678878776286524	15.04938236959347	0.0	0.0	
15.826171221054768	23.15798762534779	0.0	0.0	
29.195079662644464	27.468569449811245	0.0	0.0	
21.317917599537303	29.27942046387879	0.0	0.0	
8.675278089081054	13.983777283577016	0.0	0.0	
6.5421614572484295	25.58903612459499	0.0	0.0	
31.08638957785183	10.524432318116624	0.0	0.0	
22.773713547168455	23.15252264255566	0.0	0.0	
25.38757009010318	13.135157684493983	0.0	0.0	
20.19232813205861	20.467355970562085	0.0	0.0	
21.775625904499954	15.379624493790384	0.0	0.0	
0.8107017831699146	6.991039967761591	0.0	0.0	
7.989377765784141	26.954141103992075	0.0	0.0	
23.81464938697686	18.032156226739225	0.0	0.0	
18.49037590833997	9.903272276282067	0.0	0.0	
20.411351879767317	0.4269156807033134	0.0	0.0	
4.197744988931021	19.422729748929065	0.0	0.0	
1.7146596235788785	5.764793500845915	0.0	0.0	
13.993730401680345	19.026822196253747	0.0	0.0	
17.384429769682114	6.052054048951138	0.0	0.0	
19.267430794989153	10.425410240560925	0.0	0.0	
28.494759982844123	17.01494261169457	0.0	0.0	
1.60091388682034	11.681534744536158	0.0	0.0	
12.52691174040556	28.26659401834174	0.0	0.0	
14.918387864569123	24.536618405925605	0.0	0.0	
15.977531832099299	10.321648518899256	0.0	0.0	
26.156624058896032	17.791626288170956	0.0	0.0	
27.0545215690547	7.019613477172861	0.0	0.0	
30.943973578474704	28.346107550806217	0.0	0.0	
21.00766721219984	3.4330392135444043	0.0	0.0	
27.902107022864424	11.08637136713494	0.0	0.0	
14.907625807310573	5.239393331098164	0.0	0.0	
29.21916934794636	31.63509854395037	0.0	0.0	
6.324714007936453	24.77388985320184	0.0	0.0	
26.09633664641009	10.26905268455597	0.0	0.0	
29.877271159864414	2.6405655133136143	0.0	0.0	
25.45883092175787	23.753281259751542	0.0	0.0	
16.386083448881717	22.807208648418637	0.0	0.0	
25.183020859601783	9.259878332046462	0.0	0.0	
3.1401163987521485	13.642409688668398	0.0	0.0	
3.1703543129014697	1.3329609093889125	0.0	0.0	
23.210977787023506	11.299965381231814	0.0	0.0	
25.405779660642608	15.400336689219472	0.0	0.0	
4.2701821914151346	20.551608606629966	0.0	0.0	
3.8259913564379886	8.338376079907619	0.0	0.0	
28.096407692126995	3.887728358737789	0.0	0.0	
4.377796880593969	28.761877729604482	0.0	0.0	
19.510372403989024	1.5415999196524837	0.0	0.0	
29.83989964711553	7.1162668683519	0.0	0.0	
29.215538355140495	4.46062579664374	0.0	0.0	
6.090492333172261	18.733847999514257	0.0	0.0	
20.09219943238553	1.6869859990777591	0.0	0.0	
2.2829760000788504	4.677170222198306	0.0	0.0	
31.540532855246045	10.681829229768674	0.0	0.0	
27.751788607021915	5.291328245183514	0.0	0.0	
8.270695848115793	16.76863916650467	0.0	0.0	
23.663018324141103	25.577364287455904	0.0	0.0	
30.933175677024465	10.47775984138115	0.0	0.0	
11.001397836603832	2.084734673318465	0.0	0.0	
21.68035798052849	8.484161023288738	0.0	0.0	
27.693582033502963	9.808297805593153	0.0	0.0	
3.384757370316006	16.557338144635203	0.0	0.0	
24.23127938925922	5.095684167894458	0.0	0.0	
31.500823234612835	23.037950222023113	0.0	0.0	
0.2810472198855578	5.949006951857658	0.0	0.0	
28.89420683344842	25.324964308365438	0.0	0.0	
18.605915451858504	15.537252851845839	0.0	0.0	
7.470379426432199	3.2747673195011267	0.0	0.0	
16.628300321583335	24.977179450447206	0.0	0.0	
7.567969924116312	29.351052604584893	0.0	0.0	
29.149934234297227	11.018163372302801	0.0	0.0	
3.9306320890057194	17.562388253678087	0.0	0.0	
12.574402291622015	31.95351380598775	0.0	0.0	
25.085903503631815	26.493848709722737	0.0	0.0	
10.100192082000834	14.70293771661369	0.0	0.0	
19.661945175565243	17.916866311758497	0.0	0.0	
24.620030440268213	30.68080925042963	0.0	0.0	
5.129690279675174	19.239601568512445	0.0	0.0	
25.27305814638647	21.71939937690981	0.0	0.0	
17.279123185236234	9.84213000017785	0.0	0.0	
7.603705921115807	8.788723528235675	0.0	0.0	
31.654158134798685	12.869531250596744	0.0	0.0	
29.215369041026662	12.01310569195778	0.0	0.0	
31.003948334853614	6.282384607539225	0.0	0.0	
21.88736423556369	2.9937565289991674	0.0	0.0	
2.7275498388650945	29.669599410890722	0.0	0.0	
4.988162382791	0.41664385114111013	0.0	0.0	
4.511571253299092	20.15694365713663	0.0	0.0	
11.890454764114285	24.746699927732447	0.0	0.0	
31.660914270063696	2.027759527302198	0.0	0.0	
1.8786089934266528	14.128571395267546	0.0	0.0	
31.13267627673997	15.064713833010678	0.0	0.0	
9.73776521180282	2.0315616556617755	0.0	0.0	
20.30276836686932	19.053716886379284	0.0	0.0	
24.124698562817034	1.75487090809483	0.0	0.0	
1.0904203218182857	22.771612141450273	0.0	0.0	
24.358238651745992	9.17768398027292	0.0	0.0	
15.031206953923785	12.42238675820813	0.0	0.0	
31.686065998372648	10.1502003205145	0.0	0.0	
22.79014297381735	25.192863929508732	0.0	0.0	
24.46118480662237	24.37968424409419	0.0	0.0	
29.313071225890102	24.428346498586478	0.0	0.0	
8.286760056160478	6.867914122328784	0.0	0.0	
28.008063598406302	31.6499087962618	0.0	0.0	
16.7740896831675	25.637387021231238	0.0	0.0	
16.119862961145145	22.815949144898486	0.0	0.0	
5.3928688612504345	31.239119171381425	0.0	0.0	
29.038808775389928	1.4022462207546305	0.0	0.0	
3.3771548140813046	1.7388466753864265	0.0	0.0	
15.386453106671677	2.9375735518382804	0.0	0.0	
1.315912410371645	3.895592201466858	0.0	0.0	
19.040773988357117	30.26639190160732	0.0	0.0	
18.127838436660955	0.48266872588810017	0.0	0.0	
17.780800160863944	19.255694711043503	0.0	0.0	
10.448564640260741	22.326126432771105	0.0	0.0	
0.12920658948242902	0.49857410653953593	0.0	0.0	
27.7922992703824	0.879139836661146	0.0	0.0	
0.44408455200039754	24.37419249513828	0.0	0.0	
9.689911796697984	20.680497276640978	0.0	0.0	
5.541846196621577	3.8465826410156545	0.0	0.0	
11.534277213710762	26.626926720024922	0.0	0.0	
