2
32.0	0.0	0.0	0.0	
0.0	32.0	0.0	0.0	
10.217198664373466	30.32627622234486	0.0	0.0	
18.381497628446873	25.771121675069974	0.0	0.0	
8.603656891569486	20.432811755466346	0.0	0.0	
26.418065336276623	12.73730638810741	0.0	0.0	
27.971781795709234	3.142079166526056	0.0	0.0	
22.495045800572974	25.371674520231576	0.0	0.0	
20.162105560344862	26.668791208539933	0.0	0.0	
25.757513697129543	21.47410800516736	0.0	0.0	
16.559606938310804	7.464032988004536	0.0	0.0	
31.074677914041853	2.669392803373494	0.0	0.0	
26.454213305235132	3.277159668503188	0.0	0.0	
23.363138965238033	14.24232425720076	0.0	0.0	
2.0595029879639775	9.059976449740994	0.0	0.0	
10.177978078814736	8.115523798906317	0.0	0.0	
29.50269181059653	28.300460232446348	0.0	0.0	
18.017244041523444	29.554449743038354	0.0	0.0	
18.891502573942688	19.96024169549372	0.0	0.0	
30.78566499963388	7.542616447381391	0.0	0.0	
15.086300931947449	13.059369706881665	0.0	0.0	
4.675566041794326	2.5033766465834724	0.0	0.0	
19.584521877907886	29.623609265128486	0.0	0.0	
1.4699761292122453	2.8246830356824333	0.0	0.0	
24.35391104751306	12.728242423476594	0.0	0.0	
1.4728607762108474	31.12444906216559	0.0	0.0	
5.89503083561857	3.218748397202372	0.0	0.0	
15.598851783228177	5.8363703775683575	0.0	0.0	
19.733388618557168	24.99360788224207	0.0	0.0	
27.606134221048517	10.429470832232631	0.0	0.0	
7.511934960191812	21.170243787768456	0.0	0.0	
16.541390051040732	22.865776113006017	0.0	0.0	
14.641952504640305	26.990946569792776	0.0	0.0	
27.024625868314043	24.377317521835867	0.0	0.0	
25.74689291168219	9.539393911502057	0.0	0.0	
7.684466360638428	6.980789620885577	0.0	0.0	
9.420673600898898	17.398868076510748	0.0	0.0	
16.100157025157444	14.947281884412075	0.0	0.0	
24.501178267002455	29.85206001429795	0.0	0.0	
9.786508585938375	0.591237046279943	0.0	0.0	
1.6184877697143953	23.038098193882874	0.0	0.0	
19.493293897212503	9.198411579860466	0.0	0.0	
18.35710808801649	8.344123606607681	0.0	0.0	
11.096583940754524	28.344615238418125	0.0	0.0	
15.722008628260646	13.075375907751088	0.0	0.0	
23.948553067947707	9.478917080813211	0.0	0.0	
28.208762739581204	22.149127982843886	0.0	0.0	
10.414389399147606	31.458361517124622	0.0	0.0	
8.903432171950797	26.28824563662496	0.0	0.0	
24.125855754313523	20.654967746758416	0.0	0.0	
2.1389958743987236	19.204169836380206	0.0	0.0	
12.771179923571992	4.285743476683805	0.0	0.0	
0.4561253523150839	7.251635789011452	0.0	0.0	
16.219536891491984	10.296623559290087	0.0	0.0	
2.356020953739023	6.11116792078024	0.0	0.0	
21.60270645814076	19.990951298236812	0.0	0.0	
12.123512362983941	26.124419409334546	0.0	0.0	
25.078055036412415	11.735669160439954	0.0	0.0	
30.30893444877959	5.442343803268784	0.0	0.0	
20.382491788364366	4.534240071190169	0.0	0.0	
7.649490222151769	2.219138611054529	0.0	0.0	
3.445800211687448	15.5112069216453	0.0	0.0	
19.744128680920614	27.235047070741185	0.0	0.0	
0.6856574330766989	18.81495785166121	0.0	0.0	
13.33806096932694	31.202779068369484	0.0	0.0	
20.652344827043333	7.61742363914334	0.0	0.0	
18.85176206402172	20.395119211690798	0.0	0.0	
30.462300189746504	23.468540775464003	0.0	0.0	
20.70848578592751	1.849951431369103	0.0	0.0	
28.959876403017052	17.62747025418641	0.0	0.0	
24.100087023397126	4.847439580186254	0.0	0.0	
17.680662759455412	6.876561527186034	0.0	0.0	
16.040192598816628	1.2936956433261564	0.0	0.0	
3.7105767684799673	1.3421605851197072	0.0	0.0	
23.014369402041282	16.36369402712728	0.0	0.0	
18.769581315869356	2.3340029824152886	0.0	0.0	
9.362570575250661	7.2742025244241155	0.0	0.0	
21.624446707125994	12.689407761683686	0.0	0.0	
22.380604375806865	1.770060400827198	0.0	0.0	
23.516468008391215	18.870821127690544	0.0	0.0	
28.920896814144115	27.646275176129492	0.0	0.0	
23.248517073637004	17.193589522084288	0.0	0.0	
25.61835652489657	2.5889256591872716	0.0	0.0	
9.200350885147426	1.2745678678198438	0.0	0.0	
14.07035464946745	0.013889488699483366	0.0	0.0	
11.161422858614376	16.64337745648375	0.0	0.0	
7.359587330386628	22.90158970408195	0.0	0.0	
26.665846221706474	23.99646945116584	0.0	0.0	
12.86792103446642	4.654140608602084	0.0	0.0	
8.626068874857033	23.07942839991042	0.0	0.0	
17.35469041866352	28.67328622131324	0.0	0.0	
2.6438474289058185	1.5785968282758063	0.0	0.0	
23.19897154732872	10.608508124561403	0.0	0.0	
19.828648886176907	18.370975014468847	0.0	0.0	
28.533667298906384	12.8727553914138	0.0	0.0	
10.702848743422948	3.741997852377839	0.0	0.0	
11.982079851489534	20.555345567600607	0.0	0.0	
19.53840113337017	7.418217287754079	0.0	0.0	
19.40549086568073	4.696716219672776	0.0	0.0	
25.32303387873595	11.608430883985708	0.0	0.0	
15.000370859782311	25.687839234306697	0.0	0.0	
31.981711157457596	27.14424612472585	0.0	0.0	
0.9486639948609081	12.416515379492786	0.0	0.0	
28.658781048706803	10.11846481063543	0.0	0.0	
1.2713441453855978	27.735836808697776	0.0	0.0	
31.528715013954084	2.2107421772533264	0.0	0.0	
1.8462118220851345	11.505333750889012	0.0	0.0	
18.66682026339107	24.530288802324762	0.0	0.0	
8.306455674231625	18.559369083052278	0.0	0.0	
8.096823731228127	13.986571318726146	0.0	0.0	
7.634167355260736	4.3651278159813	0.0	0.0	
13.526986281658186	28.361426547582948	0.0	0.0	
13.031230478556786	8.709657226214105	0.0	0.0	
28.570291456687844	10.097752410267937	0.0	0.0	
6.619329810296211	30.88005567550658	0.0	0.0	
8.328612320272171	11.169060258088319	0.0	0.0	
28.321636140770575	30.93409637186228	0.0	0.0	
9.85923610743615	11.49567399517661	0.0	0.0	
15.146298878017369	28.878548513496217	0.0	0.0	
16.417390878326707	4.418731010866377	0.0	0.0	
29.145661511922754	30.384368771435913	0.0	0.0	
22.83235073581494	0.42012502704575994	0.0	0.0	
13.040922983560183	0.10827072390782533	0.0	0.0	
31.199820654229157	11.62944502949783	0.0	0.0	
22.13534358146194	20.71570029906984	0.0	0.0	
16.032019074031957	8.094892477602524	0.0	0.0	
0.3367606469488713	16.136140179929413	0.0	0.0	
26.82998993369896	8.001201542929575	0.0	0.0	
6.2884367030865	22.525082071179302	0.0	0.0	
30.5245411327683	4.650722457071755	0.0	0.0	
17.492354290671603	4.49803325821804	0.0	0.0	
17.63420168288201	5.75695991416562	0.0	0.0	
14.229171220945826	20.069913331233128	0.0	0.0	
6.843457814174727	28.774907542806638	0.0	0.0	
13.210870498427688	26.431908528804463	0.0	0.0	
1.627078953578895	21.317582771029414	0.0	0.0	
5.790023438771634	27.07463993922002	0.0	0.0	
24.174789357140142	24.7158802282571	0.0	0.0	
12.735485841775763	13.342861087826748	0.0	0.0	
6.680656422836666	3.076005441187508	0.0	0.0	
3.115507864598115	23.948588304370418	0.0	0.0	
2.753476479276003	8.820417103805141	0.0	0.0	
2.990972048555612	17.226513996683355	0.0	0.0	
18.600862307390827	21.63585091390721	0.0	0.0	
20.468704258904474	10.996409594896718	0.0	0.0	
22.247578888799723	20.854395123869075	0.0	0.0	
23.369185389591276	26.527058322685562	0.0	0.0	
0.5734510311892969	20.522568029159885	0.0	0.0	
26.99659123835052	12.702955166165303	0.0	0.0	
26.063295460570785	19.746271609406985	0.0	0.0	
9.324540661608815	21.513727283487956	0.0	0.0	
20.101186162901662	31.178017489909212	0.0	0.0	
3.713037904633982	12.889060273280506	0.0	0.0	
26.80815345507838	29.437525227319455	0.0	0.0	
13.1700075014843	7.696612871653009	0.0	0.0	
8.881666469452618	20.049078682994615	0.0	0.0	
20.910644288377934	27.53746593168859	0.0	0.0	
1.6756776860142253	7.576820698642461	0.0	0.0	
28.444564966239955	7.5430990728435	0.0	0.0	
18.24348547296799	29.937541281995358	0.0	0.0	
23.398985829202676	12.377922300574852	0.0	0.0	
20.45299507188433	27.428783939955647	0.0	0.0	
30.059403655202996	1.4621761886705968	0.0	0.0	
27.833602298325133	21.2330868973706	0.0	0.0	
9.86075062536898	27.103106002821857	0.0	0.0	
19.87518221053188	19.555521815223877	0.0	0.0	
1.3862973169796113	14.203888122984544	0.0	0.0	
23.208718034755957	13.630194434377351	0.0	0.0	
29.72184900276717	7.402866696009816	0.0	0.0	
12.61082047239406	11.29788803577355	0.0	0.0	
15.473274928736938	31.892524809998687	0.0	0.0	
28.13453613258151	29.19242946974251	0.0	0.0	
7.639391010593524	28.92027653934911	0.0	0.0	
5.394066495032071	11.399078460440212	0.0	0.0	
14.357788142178855	22.975474112777366	0.0	0.0	
19.96845657490547	3.481945241599245	0.0	0.0	
29.10625753074687	11.707219220161473	0.0	0.0	
6.088871707415272	4.52831007728982	0.0	0.0	
3.642731578607261	27.103734490750977	0.0	0.0	
16.00912303921678	29.439197583750403	0.0	0.0	
9.807101445384454	14.80872958366206	0.0	0.0	
4.834564139265471	23.007338246138445	0.0	0.0	
28.44701516137436	10.859922600124083	0.0	0.0	
13.097058021358734	11.763999680138934	0.0	0.0	
10.561683229693244	29.89664991835428	0.0	0.0	
26.427109090901013	27.820042793594272	0.0	0.0	
29.20702261757478	10.325681489872242	0.0	0.0	
16.762395660592958	14.218462900092216	0.0	0.0	
15.753805652805717	19.906643911552433	0.0	0.0	
14.213630975765454	11.923551128317957	0.0	0.0	
5.2450946011718	6.26492281068127	0.0	0.0	
27.40983508322332	17.328958368763814	0.0	0.0	
13.580330827890755	12.155975564120698	0.0	0.0	
24.865866554968694	2.6380587627746337	0.0	0.0	
3.275249427740512	22.563959200902964	0.0	0.0	
10.687567277370654	3.7746231544683226	0.0	0.0	
9.745336096476837	13.143543002640552	0.0	0.0	
7.462030206070015	2.9134777396504887	0.0	0.0	
3.5845833868509516	12.394060554521317	0.0	0.0	
17.169508441670374	9.65477053757903	0.0	0.0	
5.450138896595128	31.815915607668558	0.0	0.0	
19.303525650510696	6.745668763930237	0.0	0.0	
0.7687153521125438	25.595601441880692	0.0	0.0	
26.536415306092493	19.074937396799154	0.0	0.0	
10.63287225087192	20.669770015076775	0.0	0.0	
9.911916782323043	19.411138619875672	0.0	0.0	
27.207765188092974	13.291744864242531	0.0	0.0	
20.39600234103295	10.487642629300176	0.0	0.0	
7.37972960830546	30.462240599207387	0.0	0.0	
21.535375792097902	27.102266341472774	0.0	0.0	
12.353371127788495	5.463243944345525	0.0	0.0	
16.565530346856345	5.067904351515015	0.0	0.0	
6.218444812841476	30.101711759749957	0.0	0.0	
25.441254695301676	15.252364072194332	0.0	0.0	
13.916257355039303	25.9565950732312	0.0	0.0	
25.81105600067337	3.7452255085578017	0.0	0.0	
23.49109539756661	13.256857870484847	0.0	0.0	
2.8197389058851385	9.395462763712583	0.0	0.0	
31.5364785337456	8.910812622992875	0.0	0.0	
31.861259002371366	30.56142347870132	0.0	0.0	
16.695491811900357	6.336428443947341	0.0	0.0	
22.593142767026112	12.687152311388477	0.0	0.0	
9.161473898985143	9.235108201005378	0.0	0.0	
15.376107223723196	24.205036169770864	0.0	0.0	
6.225581902032584	25.312266872236624	0.0	0.0	
9.090547441172475	20.900080576276125	0.0	0.0	
6.987513513833818	5.094294311028552	0.0	0.0	
0.6036585610749583	29.550776269491628	0.0	0.0	
9.163483636067564	13.89815547268735	0.0	0.0	
5.472454147148241	13.164668038592453	0.0	0.0	
21.06105680702275	28.0804129768667	0.0	0.0	
9.805929639403416	0.9633962123279609	0.0	0.0	
27.835746958263965	13.372130431365402	0.0	0.0	
19.434696641350154	16.269853969109818	0.0	0.0	
9.528190080566226	13.419053518419648	0.0	0.0	
4.766474362277798	30.06473771570192	0.0	0.0	
22.396527786219433	6.092890987946021	0.0	0.0	
11.378356510628876	22.623602504334073	0.0	0.0	
7.095334766554721	17.44713030629701	0.0	0.0	
14.282317641308222	2.788720231801996	0.0	0.0	
21.803001636454816	18.074247390016893	0.0	0.0	
22.437954984944945	6.028466283805063	0.0	0.0	
21.12075746624311	11.05073138391531	0.0	0.0	
3.377401799956303	31.034264565692062	0.0	0.0	
5.77744370352606	1.7139776228559853	0.0	0.0	
9.54286007209516	10.924350294143423	0.0	0.0	
19.09186089277057	1.789745957218507	0.0	0.0	
22.677257927552287	20.078645487420715	0.0	0.0	
21.798876127851717	0.0638166802869442	0.0	0.0	
21.570173137264952	24.836430790117372	0.0	0.0	
13.490438941935057	3.0921424983319383	0.0	0.0	
31.35633834262013	31.270560306705026	0.0	0.0	
22.298456079340475	26.024498016496775	0.0	0.0	
6.95063720786035	15.234856314671166	0.0	0.0	
13.627294712294209	26.658140594866772	0.0	0.0	
25.714608162946938	16.80158625399526	0.0	0.0	
6.877029829620554	12.592540885207885	0.0	0.0	
25.714297085048614	19.422517200385396	0.0	0.0	
0.5919863478645091	18.767879741228903	0.0	0.0	
6.064159571859474	2.541191402471487	0.0	0.0	
13.152024072669597	13.023023716271414	0.0	0.0	
2.807412842117188	28.35281365750193	0.0	0.0	
9.31121087249318	26.1720766593476	0.0	0.0	
13.403418220216583	9.798564698861348	0.0	0.0	
7.968800440801104	14.840871972835593	0.0	0.0	
20.948813729480747	30.141973915635127	0.0	0.0	
7.375596793293802	18.562900613675097	0.0	0.0	
6.731112402648552	31.40190200097427	0.0	0.0	
26.13434555934186	12.028450352324832	0.0	0.0	
31.86140031733297	14.313587991228395	0.0	0.0	
8.769629470180398	10.92253659484902	0.0	0.0	
18.020360284019993	13.49833546045155	0.0	0.0	
26.65121166597462	14.051701827501862	0.0	0.0	
1.1922001847346166	26.14852703396844	0.0	0.0	
19.699270919926107	16.139596771611025	0.0	0.0	
8.406111617638583	7.283527123811499	0.0	0.0	
11.02943416563707	17.50877562374005	0.0	0.0	
5.410408206807613	22.558657726027747	0.0	0.0	
10.543722066741317	14.36180322096564	0.0	0.0	
8.144431769810168	22.85052912033033	0.0	0.0	
12.791518982117527	22.765594313479003	0.0	0.0	
27.34868888812948	18.09032574208702	0.0	0.0	
16.421033531091812	28.82120810987684	0.0	0.0	
14.841531198927722	12.199621955956047	0.0	0.0	
6.646202811630033	23.425401185167473	0.0	0.0	
10.67612943424394	0.8759505369924661	0.0	0.0	
20.184192881023794	13.439898356390866	0.0	0.0	
5.153895189891763	27.45871688042256	0.0	0.0	
21.818931646028858	5.090902875139388	0.0	0.0	
24.780726088873603	19.73757491931822	0.0	0.0	
6.406165513042488	0.22258026599436675	0.0	0.0	
29.4056171549244	0.21879868414302805	0.0	0.0	
7.312212555494494	22.289051977064325	0.0	0.0	
10.366584211311938	6.489464512933097	0.0	0.0	
4.909551941442768	5.010493940648786	0.0	0.0	
0.7549307570349555	5.513952253029537	0.0	0.0	
6.7492431673273074	20.395211634690398	0.0	0.0	
11.990747473775183	14.350208114859853	0.0	0.0	
21.135701937664944	12.468777948552827	0.0	0.0	
12.237884525609541	4.334683713291934	0.0	0.0	
8.75202358100556	18.070796739060523	0.0	0.0	
28.792886263315804	3.659526875295626	0.0	0.0	
0.6981383589663075	12.306802167051988	0.0	0.0	
14.065801144613268	10.05391886740529	0.0	0.0	
25.343489388894305	27.26223001165148	0.0	0.0	
15.793022024119455	31.256131223588536	0.0	0.0	
8.019685238345499	2.5494142700873006	0.0	0.0	
19.691556636182828	21.42368151505839	0.0	0.0	
24.558595936842423	11.90540589763139	0.0	0.0	
2.2397200079666177	7.834200512665035	0.0	0.0	
7.253652635202766	3.416876283253682	0.0	0.0	
11.68303031553361	31.669217439092122	0.0	0.0	
12.021133296946445	3.5101229978241015	0.0	0.0	
6.916339326164447	13.49235479674017	0.0	0.0	
5.483291068184101	0.1979766495175035	0.0	0.0	
27.12857213098434	23.248008864435555	0.0	0.0	
12.408784591830912	10.14232340884	0.0	0.0	
3.8139825416108017	8.04325528709068	0.0	0.0	
9.205797177125945	6.391214691503308	0.0	0.0	
4.5723763538125155	18.85019090262146	0.0	0.0	
0.0039549314472893116	11.635337502747305	0.0	0.0	
30.34349598964452	1.8806006130257238	0.0	0.0	
5.951681189497251	23.24610669777515	0.0	0.0	
15.386342903774956	8.968623691104003	0.0	0.0	
28.251447675348338	16.66997896855676	0.0	0.0	
30.938816862635118	19.692792220726016	0.0	0.0	
14.045591083698948	30.11777264087717	0.0	0.0	
3.7517997202323556	12.71768411501823	0.0	0.0	
9.342961799716814	27.086118320734244	0.0	0.0	
12.623300594553125	10.432741619373648	0.0	0.0	
12.230097312265148	13.659584052337667	0.0	0.0	
6.550613647375837	9.665486963253898	0.0	0.0	
22.51283340497241	21.26155919648717	0.0	0.0	
10.211062977885565	0.5883720314780412	0.0	0.0	
26.583954204517394	20.72726940050604	0.0	0.0	
22.69877301352865	10.013603429534442	0.0	0.0	
2.970855081017252	12.399452818107576	0.0	0.0	
27.328252686707856	24.648477919735544	0.0	0.0	
24.19454592367218	26.466822446327416	0.0	0.0	
16.66363721283588	15.04644131373676	0.0	0.0	
23.614747484736107	2.7280533731673913	0.0	0.0	
30.321914767587792	15.966209631201494	0.0	0.0	
21.69699228315367	19.803389169213943	0.0	0.0	
23.31446923782951	22.388997524907357	0.0	0.0	
0.5200282234636227	9.357844323528116	0.0	0.0	
7.457514128761375	27.907701570286513	0.0	0.0	
6.114106816521883	10.15176105951437	0.0	0.0	
20.36834372090426	17.700774775187387	0.0	0.0	
30.719792039896472	5.336382673792166	0.0	0.0	
14.73163693362999	18.67742770962859	0.0	0.0	
23.885631206321086	11.12593454637284	0.0	0.0	
31.033950865059264	23.20652022780779	0.0	0.0	
13.58474941187129	8.382511114360952	0.0	0.0	
15.793880407316028	9.047215464881862	0.0	0.0	
28.36971282467054	26.672365107234786	0.0	0.0	
29.341569716329296	2.0765434521278046	0.0	0.0	
4.844967336726366	0.31850859181137636	0.0	0.0	
21.63101801870913	5.82011716952298	0.0	0.0	
12.326632915515216	8.568434672680382	0.0	0.0	
5.772935960513724	16.07831565255451	0.0	0.0	
7.546874298648774	15.121497245351009	0.0	0.0	
24.88859094660276	28.028549381113027	0.0	0.0	
17.997335467072098	5.211824637876063	0.0	0.0	
17.571079991783613	16.977786752547626	0.0	0.0	
4.355206891165558	23.320665320403933	0.0	0.0	
14.32078536144229	24.443114540127915	0.0	0.0	
6.641722523139382	9.898753289049676	0.0	0.0	
0.9963168816685304	3.498696719620277	0.0	0.0	
25.66757905897454	22.428186668084972	0.0	0.0	
15.811466463236329	9.406375803023455	0.0	0.0	
12.172578255712022	25.49092549753471	0.0	0.0	
13.217527242145469	19.398490552226647	0.0	0.0	
3.106572756144544	20.647901081791712	0.0	0.0	
22.019817108031944	13.671121888798787	0.0	0.0	
3.034002630794646	26.04550271059874	0.0	0.0	
11.035350187274332	0.20230396778561044	0.0	0.0	
14.025083496399478	3.037670035455154	0.0	0.0	
1.1087305683662798	17.289032018790007	0.0	0.0	
17.229836885149137	26.220862195204532	0.0	0.0	
6.54078584378669	17.947696890654854	0.0	0.0	
10.281899137185412	18.270415546763314	0.0	0.0	
7.695621283446403	18.437174804604812	0.0	0.0	
27.665427257037713	3.549875030545838	0.0	0.0	
1.9757916472695278	18.347211631138475	0.0	0.0	
4.455368505652913	20.12633494949972	0.0	0.0	
14.081024625161668	12.553865260278787	0.0	0.0	
6.098046503162145	30.69997113374021	0.0	0.0	
6.071438126162253	12.599281453926935	0.0	0.0	
11.872427833032592	29.946111477938373	0.0	0.0	
22.48997297726072	23.522315423904764	0.0	0.0	
11.6662705901755	23.680919784816748	0.0	0.0	
11.131964576793461	15.843116604351511	0.0	0.0	
19.763378010064308	13.537087513764583	0.0	0.0	
2.9537554702385194	17.689570666515703	0.0	0.0	
4.279914137367747	4.29684941538266	0.0	0.0	
5.861242182360176	13.04072087270147	0.0	0.0	
11.986772207821065	24.827252739222967	0.0	0.0	
22.007994221500915	3.768794743346252	0.0	0.0	
16.237296551027978	11.453038271140638	0.0	0.0	
9.223780429872306	20.281916642238716	0.0	0.0	
19.774385967472735	29.101723218497643	0.0	0.0	
4.083584355635665	19.706053252435453	0.0	0.0	
12.00809706797316	25.051940228438838	0.0	0.0	
28.66966595438615	17.461503262622447	0.0	0.0	
16.408648065250247	13.671439973982043	0.0	0.0	
0.2200554335764089	27.31871247925974	0.0	0.0	
7.609797648449934	17.30846491736315	0.0	0.0	
12.534115566514394	16.722631102583637	0.0	0.0	
6.1841811150254955	16.392374716964813	0.0	0.0	
22.23319356499271	19.8458775986385	0.0	0.0	
11.989686164507948	9.428894504463457	0.0	0.0	
0.2259082892064903	24.265024187134163	0.0	0.0	
27.56030434829995	31.660995560611063	0.0	0.0	
7.727287879163271	2.2986175390196095	0.0	0.0	
9.445965622800244	21.91504564589427	0.0	0.0	
12.560191235005615	4.748523427295083	0.0	0.0	
13.09509000893129	24.015519134334696	0.0	0.0	
29.249997672992045	20.6265544195899	0.0	0.0	
26.803786585335956	13.155025602194598	0.0	0.0	
20.810916410302926	17.168120848036374	0.0	0.0	
7.258575364141588	5.097029392720959	0.0	0.0	
5.245150495959827	9.139312836663066	0.0	0.0	
21.064833094083273	22.576212324728466	0.0	0.0	
22.584847196263837	13.274073093040158	0.0	0.0	
31.013752282483267	8.324205979148452	0.0	0.0	
30.205576205166842	10.386262306018896	0.0	0.0	
22.092917736082402	31.378967819213834	0.0	0.0	
30.99010130517635	28.21535989231061	0.0	0.0	
14.86005896964727	9.113655583433129	0.0	0.0	
4.203917776260177	3.7838136064286836	0.0	0.0	
5.832730634885973	24.994911610021134	0.0	0.0	
4.4893587841869405	11.795527362392487	0.0	0.0	
20.259817463203426	29.170871812006013	0.0	0.0	
12.834401910288605	2.029512835375616	0.0	0.0	
11.137588632489198	7.186782768013572	0.0	0.0	
2.3680130839235822	26.093108798821877	0.0	0.0	
6.358291395395032	30.81260392282923	0.0	0.0	
19.129056012914123	21.7922412897369	0.0	0.0	
16.214317924195683	20.39197835279712	0.0	0.0	
6.091138269290266	2.0857700514888897	0.0	0.0	
21.28063146157135	4.878028256821075	0.0	0.0	
10.77109880056777	9.468622084944553	0.0	0.0	
16.249824463143792	28.55468942184638	0.0	0.0	
29.18025121915081	16.20398686588771	0.0	0.0	
0.7546863724238051	7.866050194836877	0.0	0.0	
19.7417595159709	24.348703879727694	0.0	0.0	
6.817232600869321	15.2998556025095	0.0	0.0	
8.001055761440554	15.441134698799512	0.0	0.0	
15.517573051479552	7.3961345772749745	0.0	0.0	
2.311899643507072	16.78034374103669	0.0	0.0	
15.417250215770686	7.9994116935793365	0.0	0.0	
9.644219469336708	8.175355864722189	0.0	0.0	
10.912126330931905	14.020878554989839	0.0	0.0	
5.825933265642057	8.230405841516006	0.0	0.0	
29.600625045672864	8.274085067309525	0.0	0.0	
21.114824310707082	26.58743364969289	0.0	0.0	
7.282358580042331	23.903835759628194	0.0	0.0	
0.9390428220040405	6.367712421483986	0.0	0.0	
5.171668010091512	26.790787078510004	0.0	0.0	
3.170416582626288	26.5792449882262	0.0	0.0	
21.574972694788222	8.296391101779346	0.0	0.0	
2.5947549021564065	23.979894612827536	0.0	0.0	
27.551052096205762	2.288540809705296	0.0	0.0	
25.598841298637385	22.631764208559826	0.0	0.0	
29.247190076985447	22.683725550478556	0.0	0.0	
29.496910659911524	2.6107230174149585	0.0	0.0	
3.1255215205163935	17.242602874762234	0.0	0.0	
29.56086833879186	14.789002812418943	0.0	0.0	
19.556511711484017	0.44327624296704826	0.0	0.0	
15.732587135102182	15.613368983169643	0.0	0.0	
30.275458841177645	17.83446456993997	0.0	0.0	
0.10034829126371392	30.47050990126422	0.0	0.0	
8.633678160543624	5.806673533250201	0.0	0.0	
1.139301587142178	18.352985326460388	0.0	0.0	
16.219890466131044	7.428047374496707	0.0	0.0	
12.908103849763336	3.138847368782102	0.0	0.0	
17.36862487173891	25.29522695561934	0.0	0.0	
31.37945658497286	8.747638080580593	0.0	0.0	
7.736064053423256	22.48980430164935	0.0	0.0	
10.93053098929871	29.80325558526496	0.0	0.0	
25.476447257902368	8.722551814302498	0.0	0.0	
16.86363990912333	16.780970056219658	0.0	0.0	
20.69617781161108	6.307881545069243	0.0	0.0	
15.355002443536044	2.759103126277118	0.0	0.0	
30.8019130083483	17.26689972701241	0.0	0.0	
23.745388839831953	16.336704811403372	0.0	0.0	
9.048657477208963	12.360959515605241	0.0	0.0	
28.253665053760578	18.72214390196065	0.0	0.0	
5.472080569776484	31.74784888559777	0.0	0.0	
11.746196477793834	20.84064549745616	0.0	0.0	
23.535286133327705	17.30989913297943	0.0	0.0	
22.926089888312738	20.537001392849582	0.0	0.0	
30.66594417213983	25.090902098097605	0.0	0.0	
9.251492241280374	28.40473851077911	0.0	0.0	
18.365263222439967	13.255664432906752	0.0	0.0	
21.69298282774464	9.43537229432076	0.0	0.0	
22.986596386354957	26.71323164716593	0.0	0.0	
11.965396275784183	29.08349893451951	0.0	0.0	
30.881248517365183	11.20234341348149	0.0	0.0	
8.716208146762472	26.777836180070874	0.0	0.0	
24.6188529977442	17.811217248481476	0.0	0.0	
30.111880970037873	8.216959829773494	0.0	0.0	
15.861177837339266	24.347282887303077	0.0	0.0	
7.36497422014666	1.2261355017889741	0.0	0.0	
20.790208684530217	12.367245813461736	0.0	0.0	
6.049233266861911	12.143906515167362	0.0	0.0	
3.321692891148391	5.544366262868667	0.0	0.0	
2.2944729945609197	6.466732982085244	0.0	0.0	
26.548061456985394	10.440800093820403	0.0	0.0	
19.681005264918614	11.019162321898449	0.0	0.0	
4.288596682806286	2.8375150823988164	0.0	0.0	
9.969273093295573	11.251085102225758	0.0	0.0	
29.877124114299825	2.871688304248515	0.0	0.0	
6.2149250894506025	24.453572519757447	0.0	0.0	
26.064047892308743	19.540363539788245	0.0	0.0	
15.490610664463592	21.646319000951845	0.0	0.0	
25.26520290976454	31.703391404293747	0.0	0.0	
12.800699438961448	24.943848929329118	0.0	0.0	
1.3755337399732461	21.752493257682236	0.0	0.0	
7.7880430126691955	30.987922827684915	0.0	0.0	
6.9616099308502974	4.481370001445413	0.0	0.0	
11.08744521506194	9.35271798880639	0.0	0.0	
1.1483426788924262	19.226001451950857	0.0	0.0	
2.1459911964068326	3.167184597940583	0.0	0.0	
25.233942464684635	21.73191807220389	0.0	0.0	
25.49652720162188	15.720920231527199	0.0	0.0	
17.51569168817626	5.367544719581012	0.0	0.0	
2.799494489454812	9.284978553213588	0.0	0.0	
18.32276886942625	22.871481224064944	0.0	0.0	
25.756835185951815	5.357205455657418	0.0	0.0	
4.2003827670282625	7.991671367598855	0.0	0.0	
9.97348640846424	6.179446360934129	0.0	0.0	
30.654096472101333	0.6575055529264482	0.0	0.0	
18.44532755617042	12.960323738393718	0.0	0.0	
5.552670127789707	13.72575816912882	0.0	0.0	
0.2717207397650192	13.34356609032357	0.0	0.0	
10.434110080431932	28.429135214641576	0.0	0.0	
21.583973629113334	11.4134947705214	0.0	0.0	
4.645946995540115	1.526729269582514	0.0	0.0	
30.675068954504948	14.93275828151507	0.0	0.0	
11.077921817870028	8.88341621923702	0.0	0.0	
28.000301066476702	11.109835076927098	0.0	0.0	
5.5609009662724596	27.886858941039748	0.0	0.0	
23.35119105185087	11.26835440420545	0.0	0.0	
1.712376661076398	11.185743796290925	0.0	0.0	
25.026946712003	29.988593046370053	0.0	0.0	
7.5361574382208545	29.067999267811896	0.0	0.0	
3.076663479975892	10.182061160172324	0.0	0.0	
28.68025384257365	28.54162424342898	0.0	0.0	
8.301414353543077	25.139751893787928	0.0	0.0	
9.340207276534912	12.346777120036588	0.0	0.0	
29.154200734758508	29.32061465317661	0.0	0.0	
8.11155055484501	23.671370179821913	0.0	0.0	
17.694002080371575	11.535909867949947	0.0	0.0	
21.373113010159283	16.76878022328178	0.0	0.0	
9.365566763759976	29.889102704816256	0.0	0.0	
28.856980053478292	4.140982547440348	0.0	0.0	
23.669219520643793	14.579728935711245	0.0	0.0	
22.16765716344247	22.772237687073495	0.0	0.0	
26.262051116012	3.536234186804517	0.0	0.0	
3.892922812915007	30.46442228729851	0.0	0.0	
25.111604035041662	12.814694101069882	0.0	0.0	
9.834583536097888	14.320013757163913	0.0	0.0	
22.75766900549455	11.314485283124657	0.0	0.0	
25.748873185273602	16.303247919554707	0.0	0.0	
30.79283057554883	0.41607960074730244	0.0	0.0	
24.816654306095057	14.148402312559028	0.0	0.0	
3.391433386263593	15.18065010936067	0.0	0.0	
25.13834896645395	4.4506436240976655	0.0	0.0	
11.988505979717232	6.808488623270023	0.0	0.0	
29.623645162326948	12.685131976157084	0.0	0.0	
10.49588147868785	9.30117297481646	0.0	0.0	
20.991252208878908	30.490246339154748	0.0	0.0	
6.905449243315427	23.712218497905738	0.0	0.0	
8.882964216876498	21.804440185237443	0.0	0.0	
28.003916587547	6.766454687282746	0.0	0.0	
2.5556286782315603	30.898183682961868	0.0	0.0	
22.273899172947615	7.694250217282594	0.0	0.0	
15.768612409717903	24.90095368709592	0.0	0.0	
4.167610752781766	6.853691678646626	0.0	0.0	
9.190405697623675	1.911056059495511	0.0	0.0	
13.210923361921619	0.24014961078770014	0.0	0.0	
1.994931178601977	16.078396702449275	0.0	0.0	
6.210508155417468	12.198107002118867	0.0	0.0	
28.92200640319395	3.5720074717017205	0.0	0.0	
2.924639948393274	22.6960068065681	0.0	0.0	
13.982619067638822	25.590021327544264	0.0	0.0	
29.85159991044465	25.59158507607879	0.0	0.0	
22.435399881773556	4.401958230749852	0.0	0.0	
21.093944837608117	19.743079222269287	0.0	0.0	
23.5944508652809	28.431170892585058	0.0	0.0	
20.911110941802928	5.26353441853221	0.0	0.0	
13.095386105829917	8.541959560570422	0.0	0.0	
16.0237526445845	8.242859664465843	0.0	0.0	
11.299278501414726	31.036002843085466	0.0	0.0	
9.529749621944585	16.38123136117901	0.0	0.0	
9.403503334274735	10.204952192033506	0.0	0.0	
15.43958113945299	18.012841218969005	0.0	0.0	
14.29982711219072	23.864656793795596	0.0	0.0	
5.319695100718864	5.3379595495027665	0.0	0.0	
26.6828847291237	13.554840024697715	0.0	0.0	
26.45546422748489	7.295272721333276	0.0	0.0	
6.140922777851262	12.478190330088818	0.0	0.0	
15.625905000842884	24.23893989223217	0.0	0.0	
13.501443878967546	19.42998912815204	0.0	0.0	
3.518891046549058	25.508253609567625	0.0	0.0	
15.521536026872155	19.16182303967608	0.0	0.0	
8.379356191531343	27.830345223746328	0.0	0.0	
16.910971448422266	9.394345047756875	0.0	0.0	
3.335149096581212	23.097612696733353	0.0	0.0	
14.675061456683412	28.510886737254502	0.0	0.0	
17.274818494634065	14.271913680462546	0.0	0.0	
15.649822062972905	18.814262402949108	0.0	0.0	
0.8849149082689785	26.05665858961297	0.0	0.0	
24.35440598829103	15.331774577903985	0.0	0.0	
18.96420889576722	20.430078207495303	0.0	0.0	
19.794182010076053	29.778079097508602	0.0	0.0	
7.227457767243834	24.507942524737416	0.0	0.0	
5.909182129838964	31.43224499221523	0.0	0.0	
26.05585704181481	12.205369115161702	0.0	0.0	
26.709807572791654	7.314689575757466	0.0	0.0	
7.852827369996305	16.35607763552427	0.0	0.0	
10.255586926304904	1.6207228136532414	0.0	0.0	
12.032896012979105	4.3696380420072	0.0	0.0	
15.017991721077685	15.109359035086797	0.0	0.0	
17.387140184480476	15.390425098715227	0.0	0.0	
26.368316634804305	29.333919960901866	0.0	0.0	
3.518422556236814	27.989603053445947	0.0	0.0	
2.7671040703502356	16.226994877610043	0.0	0.0	
20.90419469746814	20.0987008109149	0.0	0.0	
25.5447128126797	30.481048868334536	0.0	0.0	
1.4979053685759638	17.735910944737995	0.0	0.0	
17.0654662606745	10.126648211086401	0.0	0.0	
10.924874499854894	3.1485547448564617	0.0	0.0	
16.00461749977127	7.394668809944761	0.0	0.0	
28.814229356509028	12.05426922567814	0.0	0.0	
23.75677141502358	21.859934190986586	0.0	0.0	
20.390834738698793	30.87402396874738	0.0	0.0	
28.38483984128702	15.526117923925526	0.0	0.0	
27.12129053499915	29.69013330683436	0.0	0.0	
19.24560956944975	19.90895891225701	0.0	0.0	
13.505689493396272	12.503745669310891	0.0	0.0	
11.91789212119268	22.08167994920978	0.0	0.0	
8.611810745621199	7.932616627707731	0.0	0.0	
13.36761355469573	1.4921777643625127	0.0	0.0	
15.717152645765943	13.457058940278344	0.0	0.0	
13.970712645450103	7.183289895364627	0.0	0.0	
12.534332263170295	25.282535592229827	0.0	0.0	
0.5543452288963913	0.0036153369320715	0.0	0.0	
20.754354842592015	14.405900628444005	0.0	0.0	
0.4887626407176491	0.07132602836226809	0.0	0.0	
8.912979380607663	1.750807321367894	0.0	0.0	
7.479940262459355	5.521344217365517	0.0	0.0	
25.56019342334329	8.968170311144249	0.0	0.0	
31.41260002278606	6.840762968970882	0.0	0.0	
31.530971189120418	6.533518087264785	0.0	0.0	
8.627825910187813	2.458445138685345	0.0	0.0	
27.20716393131037	11.379891718365961	0.0	0.0	
9.652589363362004	29.51695232932113	0.0	0.0	
10.825118732777575	18.91269998454108	0.0	0.0	
16.8034321954893	18.591895047391052	0.0	0.0	
15.147375380911132	19.09244706979529	0.0	0.0	
4.607005315116439	0.5402674966729109	0.0	0.0	
27.72535929611085	26.13568509550419	0.0	0.0	
11.164657529425018	21.016948144346408	0.0	0.0	
30.939650120496847	22.99223209601551	0.0	0.0	
24.990192429055252	6.723059462381553	0.0	0.0	
1.0800683589235867	8.825009484015247	0.0	0.0	
23.371436026684304	4.5514694906701365	0.0	0.0	
4.198098762390078	6.313481125446977	0.0	0.0	
16.09771641176803	30.728254684424947	0.0	0.0	
24.411368113559003	5.182748033402522	0.0	0.0	
8.107316127171593	6.638287074126435	0.0	0.0	
8.831015309757987	8.011162192178006	0.0	0.0	
1.9333230361363398	16.825670689700825	0.0	0.0	
29.104216087088826	15.015231731487049	0.0	0.0	
20.682200378631265	15.143385341598826	0.0	0.0	
10.231840982079536	3.866999012124399	0.0	0.0	
7.515017913552651	16.432119695468252	0.0	0.0	
28.2165527645988	14.328821468569188	0.0	0.0	
0.2925233489429111	4.2551538563348466	0.0	0.0	
1.2341999779495616	29.328649588770546	0.0	0.0	
7.302835454907392	11.46444290707986	0.0	0.0	
31.193424549365236	4.926187328464845	0.0	0.0	
8.098079538282853	22.78199133489347	0.0	0.0	
31.965810004869468	10.750027137543778	0.0	0.0	
28.726201867580716	17.42694542617565	0.0	0.0	
18.319999400208616	21.3057595970852	0.0	0.0	
31.23699999436523	25.636838753258488	0.0	0.0	
8.022222718283142	2.1679907869390824	0.0	0.0	
21.367781527643583	9.015464829619717	0.0	0.0	
16.55985440533949	9.437624081953931	0.0	0.0	
28.354765700014845	15.371666532150563	0.0	0.0	
14.32544801481896	2.4662274246346243	0.0	0.0	
24.88995865125025	17.562771917967915	0.0	0.0	
11.030417080756013	6.526479925141633	0.0	0.0	
31.335437161930308	9.631901120977258	0.0	0.0	
21.651785706734998	10.106228664412523	0.0	0.0	
17.599607264867764	5.157086655047323	0.0	0.0	
0.09999821830747635	11.792651801774294	0.0	0.0	
20.039616121958826	3.8127290523701056	0.0	0.0	
28.54146319964755	25.657482732692017	0.0	0.0	
7.574853923070794	13.908493596768682	0.0	0.0	
24.228844961846672	0.7604347940636487	0.0	0.0	
19.06075425534787	4.375787027226572	0.0	0.0	
5.477776862711483	10.285777222520142	0.0	0.0	
21.217646225072123	10.287301997823707	0.0	0.0	
0.2228822376113051	22.17050546950853	0.0	0.0	
22.02729515694668	17.01955623936795	0.0	0.0	
8.236554822088777	11.763028134128852	0.0	0.0	
8.192901938085019	24.63707444626084	0.0	0.0	
20.506403045120248	21.29250214613604	0.0	0.0	
8.082017255672927	25.56128106915012	0.0	0.0	
6.273077847706112	25.854818003146054	0.0	0.0	
22.06358114300271	10.760708806246178	0.0	0.0	
26.689134535956608	2.5230671229549877	0.0	0.0	
0.24138559788763558	1.7813151700132899	0.0	0.0	
10.720983809367365	3.2429381937730177	0.0	0.0	
29.932488319341672	9.199607889096722	0.0	0.0	
3.2309534231887795	28.800389026333367	0.0	0.0	
9.84834104943333	14.42969601561266	0.0	0.0	
6.274489848750097	22.346465509186157	0.0	0.0	
15.079246982694375	15.161923550639028	0.0	0.0	
12.776557531429827	31.263926012090117	0.0	0.0	
17.66535221552748	25.31304129706614	0.0	0.0	
15.294614120812266	22.17759510117385	0.0	0.0	
31.928019765979744	28.906827461211808	0.0	0.0	
12.517379322760263	16.895869734883508	0.0	0.0	
8.355158057931138	17.934824453658013	0.0	0.0	
1.2027153316970072	8.866739755151013	0.0	0.0	
6.874859649975267	18.74428363904419	0.0	0.0	
9.366534294078953	31.745529448463248	0.0	0.0	
6.9040313264042155	9.44814210513971	0.0	0.0	
6.7420746644685	26.5607981899868	0.0	0.0	
31.774207502909583	31.643449588109085	0.0	0.0	
20.89830079391455	9.409516148298383	0.0	0.0	
12.392348817905066	24.872154995908073	0.0	0.0	
26.091494592579384	23.839328126886528	0.0	0.0	
10.169273808847944	0.9324284296610621	0.0	0.0	
16.780232301547052	8.427331116897125	0.0	0.0	
13.847470762713815	21.670748021511887	0.0	0.0	
25.517273025457147	4.982067146011115	0.0	0.0	
24.258672494273767	5.651327895392107	0.0	0.0	
1.47732439774013	19.7987273690463	0.0	0.0	
2.8760448261163845	23.162304244330148	0.0	0.0	
24.572380084198066	13.051814339171045	0.0	0.0	
23.506658358452402	3.7005669038318203	0.0	0.0	
21.574082371677424	1.178930533814924	0.0	0.0	
10.656433015089863	9.743594402831018	0.0	0.0	
3.814100363070793	23.53318072108933	0.0	0.0	
4.332591119002107	20.74554086933562	0.0	0.0	
22.48358515844493	26.064334441569137	0.0	0.0	
29.30298087228491	2.9852609192032737	0.0	0.0	
4.323325615419748	22.078565819729892	0.0	0.0	
29.68201659314278	12.068915380414605	0.0	0.0	
7.091928874494034	7.165601533248907	0.0	0.0	
13.630165233748063	5.6668204120558165	0.0	0.0	
1.917446244993343	17.926531185285334	0.0	0.0	
24.47217805507995	6.052973434684702	0.0	0.0	
25.43112334345864	7.76130030791666	0.0	0.0	
21.565311595920367	4.9219594672490885	0.0	0.0	
16.81062141593138	8.368879178799485	0.0	0.0	
23.783064409474566	5.199878980724108	0.0	0.0	
12.869681006560775	21.431783262086054	0.0	0.0	
2.7669333837612022	31.37567058831997	0.0	0.0	
24.12250940677587	0.6029947838490735	0.0	0.0	
25.37928260996432	22.6382108792225	0.0	0.0	
21.43857576605508	7.374492371554123	0.0	0.0	
8.366683446586244	0.9748783992155374	0.0	0.0	
28.606009022383454	27.315855758383	0.0	0.0	
28.641581850582707	4.0411992921422595	0.0	0.0	
28.075549117341854	19.879066147929482	0.0	0.0	
4.08657433442637	6.83817816033125	0.0	0.0	
11.720424668940979	31.572079000075867	0.0	0.0	
16.118068467464948	1.5058854495078435	0.0	0.0	
5.817404234364481	5.248851558961121	0.0	0.0	
16.360761001183945	7.383425553497229	0.0	0.0	
15.87752960129405	6.537718129345077	0.0	0.0	
15.221019439472371	14.17012896238494	0.0	0.0	
12.768974951651018	26.035655363433353	0.0	0.0	
12.781686480055733	18.207548063692442	0.0	0.0	
17.620671562033426	21.250436771650424	0.0	0.0	
16.972393083752035	28.90109409149316	0.0	0.0	
7.500236870867564	22.724690067196423	0.0	0.0	
0.3024936041372932	24.31906861471799	0.0	0.0	
1.1979722361895355	15.304122655895139	0.0	0.0	
25.29608155664535	31.128731475651033	0.0	0.0	
28.01288331005306	6.974153732320165	0.0	0.0	
31.831934816798366	13.570199984660192	0.0	0.0	
19.418958805343106	28.194283015183995	0.0	0.0	
17.218306837703434	7.039021519332092	0.0	0.0	
3.4835274822451723	29.68365241887349	0.0	0.0	
27.835867617861105	25.396720284018034	0.0	0.0	
16.48733291675197	7.4772767174412635	0.0	0.0	
5.754138789814302	4.467648650678985	0.0	0.0	
26.38946810865154	7.571841862119214	0.0	0.0	
3.4666886067119123	14.75121475998764	0.0	0.0	
6.8128425598529425	11.024360025212225	0.0	0.0	
1.0342861080264925	20.886526211490825	0.0	0.0	
27.433152806166493	22.557233449448017	0.0	0.0	
2.0702974020125495	2.8191712737215546	0.0	0.0	
23.17873657384364	10.516291505862338	0.0	0.0	
0.26593062179901494	26.541930837601356	0.0	0.0	
11.961160428506844	22.026510506022404	0.0	0.0	
24.188267889863184	20.012969130285573	0.0	0.0	
25.90528031578149	12.758858744204801	0.0	0.0	
19.39227811829677	6.719131764113904	0.0	0.0	
18.264821364769304	5.513987150115955	0.0	0.0	
23.034281248242984	27.11737997197836	0.0	0.0	
5.790869678297412	9.373388709329976	0.0	0.0	
14.99250382288593	16.548542168538543	0.0	0.0	
0.5562000577826822	27.09578637401286	0.0	0.0	
14.899859286673706	12.430303846147172	0.0	0.0	
21.212493314704677	20.520031542750246	0.0	0.0	
23.829612462199563	28.375213490754735	0.0	0.0	
30.93425300631934	9.472939305798931	0.0	0.0	
6.412724261880616	6.585075691995652	0.0	0.0	
22.69289676687786	21.6686066092823	0.0	0.0	
17.97270335277171	0.19234251349041642	0.0	0.0	
31.705690824803604	19.477877291300835	0.0	0.0	
29.90258251244333	15.934135333665747	0.0	0.0	
1.4068843909362378	0.5376352438024519	0.0	0.0	
9.098261032043759	18.347540687650238	0.0	0.0	
1.6711160027602254	3.9588736039147	0.0	0.0	
20.026922375363576	9.175646913682478	0.0	0.0	
7.467948140778546	16.80164033973193	0.0	0.0	
27.493856034691774	3.0830059162884993	0.0	0.0	
30.12013207014122	15.480618613234594	0.0	0.0	
19.480706254091377	11.221103968915727	0.0	0.0	
20.51844656152835	14.351365583360362	0.0	0.0	
25.150693779644712	2.531094868548145	0.0	0.0	
7.910904234238792	24.715191620378327	0.0	0.0	
9.492127284717174	19.540947867269747	0.0	0.0	
19.88654531461118	16.808813726097792	0.0	0.0	
7.427852464767366	21.048802927028383	0.0	0.0	
22.453515205738388	3.817402286401734	0.0	0.0	
25.321918465210686	4.291561909594691	0.0	0.0	
29.345375215867744	18.376083671122554	0.0	0.0	
18.39427588414767	8.128072726839786	0.0	0.0	
27.478760518586796	16.946088822788802	0.0	0.0	
26.324751874252325	31.702680234382964	0.0	0.0	
7.6413100710699275	31.51132363594923	0.0	0.0	
15.911899548471226	0.007490404944846318	0.0	0.0	
1.4882342637016777	15.796631188539632	0.0	0.0	
31.734832494503983	1.5032524996104506	0.0	0.0	
12.934450260867	22.054505195974702	0.0	0.0	
28.885573516789087	24.72297517615602	0.0	0.0	
3.586443770424193	8.238710454587228	0.0	0.0	
10.224860449760016	3.241320431899865	0.0	0.0	
13.238924294370342	25.43912713328574	0.0	0.0	
0.6195774725868262	22.272022896271764	0.0	0.0	
17.16208009648337	2.1805971497183236	0.0	0.0	
27.364725593796248	1.2131011072651887	0.0	0.0	
6.783095659705115	2.8006411110471987	0.0	0.0	
8.33317751886716	16.472147213525	0.0	0.0	
19.813123290099906	15.3911307662081	0.0	0.0	
27.37268903024336	15.607062540849391	0.0	0.0	
15.870412042449207	14.949076822240947	0.0	0.0	
20.91071719194351	9.676202102353045	0.0	0.0	
16.340370217397236	17.196774844754742	0.0	0.0	
22.04523577295323	12.661313556020733	0.0	0.0	
16.934093435053615	23.808886225151927	0.0	0.0	
14.528395010570126	21.309721328557103	0.0	0.0	
29.073886169138884	12.333231755080039	0.0	0.0	
26.691864007953246	12.804865067683586	0.0	0.0	
0.20326012268807148	19.460946141370446	0.0	0.0	
30.23898835132329	17.814276083122365	0.0	0.0	
20.83765293027443	17.007693246152602	0.0	0.0	
29.5470837069782	8.603717450791219	0.0	0.0	
6.808540647364431	19.18622110135418	0.0	0.0	
7.317683360228301	27.916217628877604	0.0	0.0	
4.622403025284719	0.6879936316654103	0.0	0.0	
20.94634505835071	8.395492375705263	0.0	0.0	
25.344975426882655	18.342050349472732	0.0	0.0	
17.01713363497738	14.126678883623818	0.0	0.0	
12.153633677503155	7.6281192355415435	0.0	0.0	
27.680522060984156	15.419759727541393	0.0	0.0	
6.099438346840266	23.93416301022914	0.0	0.0	
10.157526089791649	31.659573597193813	0.0	0.0	
5.1831649156511475	29.674807714568985	0.0	0.0	
16.813462046615882	19.36020972824009	0.0	0.0	
4.855616073657593	26.58875431601423	0.0	0.0	
12.244752051152947	8.555846800306306	0.0	0.0	
5.179363819092007	10.635905708812324	0.0	0.0	
13.71301216490972	13.685108363426789	0.0	0.0	
27.836881114903875	14.793129409286248	0.0	0.0	
25.07172954296345	30.23451701566011	0.0	0.0	
21.98530875393141	12.133596028500644	0.0	0.0	
3.3581839437539003	0.9708893062138984	0.0	0.0	
7.64355606743754	11.939798337819457	0.0	0.0	
12.082309738714304	0.8340836518666812	0.0	0.0	
11.457354480249645	0.6849821473066413	0.0	0.0	
17.95612350999559	6.744482454801169	0.0	0.0	
16.693479519950053	13.633327163784784	0.0	0.0	
26.6108089964505	15.563484125024559	0.0	0.0	
27.41754044005584	19.191345789040074	0.0	0.0	
6.605984815459202	0.6851052628592811	0.0	0.0	
7.92461325369673	17.424873956776246	0.0	0.0	
11.103640545137061	5.6250812082295525	0.0	0.0	
22.374923603276518	12.479191769308208	0.0	0.0	
31.013054236463073	1.70057009973063	0.0	0.0	
18.814095343055033	17.65551900575396	0.0	0.0	
5.276979600968772	12.57695755496723	0.0	0.0	
13.033285700895082	9.096377049725717	0.0	0.0	
21.8481214547818	24.316458200100772	0.0	0.0	
28.440966687814164	16.873364606990123	0.0	0.0	
26.110288980514216	15.043829136082998	0.0	0.0	
29.21383559745391	10.105332770356089	0.0	0.0	
25.253627044877824	0.11320731176849819	0.0	0.0	
23.312382722290177	23.93843609612193	0.0	0.0	
20.85508885337324	2.5602238356986753	0.0	0.0	
9.03145794408815	17.126442604903968	0.0	0.0	
3.9033125287758104	28.320028324846604	0.0	0.0	
25.82669525796016	2.383200991827529	0.0	0.0	
25.708647241256248	3.5876466045898816	0.0	0.0	
9.184745197646155	26.809434612366793	0.0	0.0	
31.955300737487157	31.59333832453304	0.0	0.0	
6.073739534937889	4.6195818596612455	0.0	0.0	
22.25932471980979	15.35904316788762	0.0	0.0	
2.3254415893945506	26.014296854598403	0.0	0.0	
24.20752588867128	28.590389476498522	0.0	0.0	
19.79747047043303	20.569973123483113	0.0	0.0	
14.07378761352756	22.49020827479281	0.0	0.0	
3.4391384602483406	5.716475822397612	0.0	0.0	
16.37564259851445	15.460473643248722	0.0	0.0	
22.805294525189304	26.807096113577686	0.0	0.0	
13.888207742975112	12.8958174275515	0.0	0.0	
29.06805766816352	5.787588509805701	0.0	0.0	
18.54006970896405	16.956626018884684	0.0	0.0	
29.206244783015368	7.738205964560965	0.0	0.0	
12.211279035348277	7.793398252724224	0.0	0.0	
27.533649377048818	17.14828713623876	0.0	0.0	
21.844297946084108	14.725475653371767	0.0	0.0	
27.134399356927194	27.570753182216745	0.0	0.0	
30.579291956452572	30.92926435270877	0.0	0.0	
26.761057264028985	17.836373923699743	0.0	0.0	
27.990189374480604	8.769809626748355	0.0	0.0	
30.66275153681691	31.89412126419664	0.0	0.0	
4.628339848878117	25.309139012529712	0.0	0.0	
10.095255631079691	25.137315234081548	0.0	0.0	
3.830612173793046	17.20016063347179	0.0	0.0	
25.221535742460464	27.51138372806623	0.0	0.0	
14.830444582885875	31.02839160685534	0.0	0.0	
6.4764966684701015	17.93115832045138	0.0	0.0	
27.94071585121977	25.598001910399713	0.0	0.0	
9.391890968830534	12.898511002152471	0.0	0.0	
15.3638565171651	14.889970899137499	0.0	0.0	
15.981081389052253	0.29912315888364205	0.0	0.0	
6.940581119973878	13.925146561220831	0.0	0.0	
16.178213609273207	2.5445439823388085	0.0	0.0	
11.278737785691717	9.132079732722552	0.0	0.0	
4.103202710591695	25.34064930243294	0.0	0.0	
3.7278466423728425	10.273807376046811	0.0	0.0	
19.02791064580904	23.28242167271277	0.0	0.0	
28.968564916995405	12.571432689819165	0.0	0.0	
10.790971613103718	26.797271874358472	0.0	0.0	
6.143638576738503	17.80819407845467	0.0	0.0	
30.588698391142923	13.90066288909641	0.0	0.0	
24.094530627376333	28.068225569535567	0.0	0.0	
14.319055852334753	5.1305257962587625	0.0	0.0	
1.9356704690016677	14.857509604746511	0.0	0.0	
11.490437243936324	25.841942140863434	0.0	0.0	
28.731718412806174	28.935093998610952	0.0	0.0	
2.5427592835936252	28.673461132331106	0.0	0.0	
22.2490021216523	2.9981782738446228	0.0	0.0	
19.396265435044214	17.290350350007046	0.0	0.0	
27.568688781589938	8.804956900092751	0.0	0.0	
11.23747662174312	14.04769307003891	0.0	0.0	
8.11325668828761	15.476541749467547	0.0	0.0	
5.178757112729425	15.217540641553732	0.0	0.0	
19.89135859656156	22.923973547643214	0.0	0.0	
19.37808478232258	2.189009124795991	0.0	0.0	
12.527280716607603	8.345632356292594	0.0	0.0	
21.91845471144132	18.735432570092378	0.0	0.0	
0.9073980871550056	23.03209766750421	0.0	0.0	
7.201443000134834	30.14968128849249	0.0	0.0	
14.995516235656272	30.918726908615277	0.0	0.0	
7.01743802349808	18.625524110451142	0.0	0.0	
0.9572337026988507	1.3050405578268354	0.0	0.0	
15.655893522361954	29.005264799385987	0.0	0.0	
6.798003651677892	24.678206766493084	0.0	0.0	
20.365654453931132	25.23445274805532	0.0	0.0	
12.802080607327106	29.07924817923929	0.0	0.0	
21.98750696634403	26.825814922058928	0.0	0.0	
4.66594623615833	4.898690023386909	0.0	0.0	
20.42712518082122	29.20330085153913	0.0	0.0	
10.928608644668753	15.43309106214004	0.0	0.0	
10.42638475114304	10.142177907724108	0.0	0.0	
30.166950317071183	30.62030166598608	0.0	0.0	
7.457213539743229	10.374238194151033	0.0	0.0	
12.922268766393376	1.752698477613162	0.0	0.0	
30.0423331161717	21.091767363361708	0.0	0.0	
5.122317749694968	0.16059351777429498	0.0	0.0	
11.963864427861502	12.089278505594773	0.0	0.0	
30.103005613459185	10.300419621381927	0.0	0.0	
5.837653249946097	23.45913907002218	0.0	0.0	
0.24079303994243517	31.85792301590968	0.0	0.0	
0.758077748280332	14.702463897651814	0.0	0.0	
1.402501542143991	20.553654479884216	0.0	0.0	
15.38907328302852	13.86450430306516	0.0	0.0	
4.9540768203320305	12.121171579813584	0.0	0.0	
14.450816022998673	18.764866181957085	0.0	0.0	
7.525923931667233	23.84450561007682	0.0	0.0	
12.01278264289548	26.69829589582698	0.0	0.0	
1.9537238607518255	29.5931250277558	0.0	0.0	
20.13721873016297	8.903071335230745	0.0	0.0	
2.714611209617651	19.280138310848592	0.0	0.0	
16.79442332255449	7.334054126992168	0.0	0.0	
4.66544596257997	12.477322336993964	0.0	0.0	
19.69144347934123	20.3215475356334	0.0	0.0	
4.125324600986236	14.590295522380885	0.0	0.0	
18.327487263066544	3.3308476652577887	0.0	0.0	
12.789380490777784	25.202388408957084	0.0	0.0	
4.323033818775318	16.19907342242602	0.0	0.0	
6.810383568828421	28.70495161643638	0.0	0.0	
8.734716790037211	22.17731301175126	0.0	0.0	
31.607666353731563	7.5585383398787584	0.0	0.0	
31.329264024244385	26.986836213301054	0.0	0.0	
0.21978858428037995	0.03268880091723503	0.0	0.0	
7.55617995119125	0.9528089096922976	0.0	0.0	
26.663170218901094	14.255629530514163	0.0	0.0	
29.568060003589828	21.98934584659974	0.0	0.0	
2.9138167817897624	26.761883936834412	0.0	0.0	
31.712643988466475	19.766883992679336	0.0	0.0	
8.196273738250277	4.877537511771735	0.0	0.0	
24.118213156921826	29.938355288944962	0.0	0.0	
