2
32.0	0.0	0.0	0.0	
0.0	32.0	0.0	0.0	
13.227378342550573	17.77705550746895	0.0	0.0	
28.74159075507356	11.852380710612373	0.0	0.0	
30.6156028368775	28.77216515112499	0.0	0.0	
22.39114098301888	7.088047880431912	0.0	0.0	
27.151480275764076	13.565912529465002	0.0	0.0	
31.692594395420514	30.49178666533605	0.0	0.0	
0.08474124671917949	26.22712515350684	0.0	0.0	
5.708670641275898	2.395857720330607	0.0	0.0	
3.183551592192824	16.589090337404205	0.0	0.0	
11.857922025121589	12.717920041869167	0.0	0.0	
4.757606353481414	25.87103739896327	0.0	0.0	
5.724539416000425	1.9272776718818143	0.0	0.0	
10.843336403902729	29.593337908008195	0.0	0.0	
3.5193788145404596	27.159100898282073	0.0	0.0	
7.1097239100575464	29.375225833713728	0.0	0.0	
10.400930614695088	17.126363880008054	0.0	0.0	
25.624886187960858	24.755050361146424	0.0	0.0	
10.34777172000106	12.130352200236981	0.0	0.0	
26.154945612513437	29.029804624003155	0.0	0.0	
26.911184961771927	6.817543168947097	0.0	0.0	
11.198018147976743	23.271138411456693	0.0	0.0	
20.651400353630567	28.074856793030783	0.0	0.0	
29.787695021959678	11.78159875514105	0.0	0.0	
20.64419333479014	21.459728610265913	0.0	0.0	
28.653452275402195	17.54855976062977	0.0	0.0	
2.279733229915543	12.667327883835227	0.0	0.0	
21.237195836474537	0.551232233180194	0.0	0.0	
30.89090659826584	1.474379685395867	0.0	0.0	
3.9491550209648594	7.650018601636823	0.0	0.0	
4.558348117984508	20.113343885928508	0.0	0.0	
26.616764561995563	3.0045873924767896	0.0	0.0	
25.249674996074603	30.13917953859595	0.0	0.0	
14.401234830867704	5.50607792446263	0.0	0.0	
25.819222519988138	29.54733305216959	0.0	0.0	
5.796141446743228	25.2477626635011	0.0	0.0	
26.673214804598107	14.215807565452948	0.0	0.0	
6.74458399123106	17.5212754614534	0.0	0.0	
21.868259283016236	7.304986040842781	0.0	0.0	
0.6878787823548151	25.469273588199297	0.0	0.0	
31.357138832988273	25.621709344496825	0.0	0.0	
17.87265372510876	6.217353576382688	0.0	0.0	
17.971412194296736	24.33210874011893	0.0	0.0	
8.67851229257883	11.103423592188381	0.0	0.0	
20.1236279752709	10.900738391134183	0.0	0.0	
8.261490925787182	21.182639097267266	0.0	0.0	
11.840567671344196	13.700813605764335	0.0	0.0	
21.632529829382154	8.030334779453735	0.0	0.0	
0.01693021547088236	29.038096630199167	0.0	0.0	
25.620018483360248	22.75160314854068	0.0	0.0	
31.29669821465736	0.7999888267763922	0.0	0.0	
17.537262040792893	30.23401252701848	0.0	0.0	
15.04138143203027	10.750264118855629	0.0	0.0	
3.6760833663229384	3.5521985019561804	0.0	0.0	
16.074053650021472	28.53759644810372	0.0	0.0	
9.84453181456325	18.799195081292236	0.0	0.0	
14.986002352139753	30.720122409048905	0.0	0.0	
16.828791097993676	7.280607912466106	0.0	0.0	
11.810454394178567	6.29903095287985	0.0	0.0	
14.050151758746583	15.25872795994858	0.0	0.0	
12.053432028877186	3.5980397375635107	0.0	0.0	
13.441988120264025	25.7946961643904	0.0	0.0	
14.677899486547158	22.235929232476124	0.0	0.0	
30.87281838017758	22.873367297076133	0.0	0.0	
9.182091284168965	15.636305223642236	0.0	0.0	
16.694000483102272	16.211850213906335	0.0	0.0	
13.41622170147727	12.37440524746491	0.0	0.0	
3.0777975878717143	3.850958582181164	0.0	0.0	
5.67996986167288	6.865503455100217	0.0	0.0	
0.5066667150739441	30.466841746854364	0.0	0.0	
5.832115010656377	22.16937966656452	0.0	0.0	
3.2521748928159866	0.4730087296346639	0.0	0.0	
9.945086121048778	30.060996769577915	0.0	0.0	
10.080137501474763	0.6624838828271358	0.0	0.0	
15.169219975435617	2.4420186802902357	0.0	0.0	
16.674711585594224	17.691298579322144	0.0	0.0	
10.60688955827235	25.455992923063064	0.0	0.0	
3.8966079969469796	31.643199336739396	0.0	0.0	
19.008945032617827	14.88889968232457	0.0	0.0	
29.528465112413624	3.217510345724641	0.0	0.0	
31.473545544572385	22.617222555959227	0.0	0.0	
22.05002766040148	31.878914832437435	0.0	0.0	
5.672504608413803	24.8716566245977	0.0	0.0	
22.19500364850544	17.755354547033882	0.0	0.0	
25.948929338557072	4.818212701640032	0.0	0.0	
13.102344657372203	9.919396621433357	0.0	0.0	
19.386071789314883	28.47580054590032	0.0	0.0	
2.4099842393056186	14.281895492796178	0.0	0.0	
0.19652694726482878	2.602689826234407	0.0	0.0	
26.737704523896177	0.8304278220737444	0.0	0.0	
17.394154575799256	30.88336951077073	0.0	0.0	
15.243682597859731	15.874390019397875	0.0	0.0	
3.796332956546312	3.811560005863207	0.0	0.0	
3.8125301724760625	20.236541476871704	0.0	0.0	
8.7720517380926	25.970987425595794	0.0	0.0	
4.980645276437798	11.989495205785946	0.0	0.0	
18.27340575411297	3.9988510318037136	0.0	0.0	
2.5092161024135393	29.779285084778284	0.0	0.0	
23.56271663839011	25.157623096642382	0.0	0.0	
10.715924662220196	25.9900633288307	0.0	0.0	
1.6288749712077575	2.764090097646193	0.0	0.0	
1.4745056892840935	18.501581937615644	0.0	0.0	
10.269045200296492	9.13662585354112	0.0	0.0	
11.91652648489151	31.336253618057523	0.0	0.0	
6.792405440274848	25.770329157634883	0.0	0.0	
20.559493730691738	26.479589282868083	0.0	0.0	
19.871651496048813	3.8865371949421075	0.0	0.0	
24.071268873147314	17.161434016397813	0.0	0.0	
25.236233226641932	16.020916085268006	0.0	0.0	
7.452477429758563	23.596545084964866	0.0	0.0	
1.9914044926935404	19.956467971764354	0.0	0.0	
2.0057612502941	2.898373833513368	0.0	0.0	
28.886365082705016	3.8583259235072447	0.0	0.0	
11.066186923547424	22.604322524368474	0.0	0.0	
25.2581958168944	11.832061955727973	0.0	0.0	
0.8833404063754848	26.292091352655664	0.0	0.0	
30.239685239874426	6.586137544385846	0.0	0.0	
18.579172959865193	4.896555169349472	0.0	0.0	
15.8564212938015	29.30755356654189	0.0	0.0	
30.34054698584501	19.577651266430703	0.0	0.0	
27.142644651418493	5.706295882792553	0.0	0.0	
26.753895792090248	8.103658341670606	0.0	0.0	
10.293119500545995	0.6492292542083895	0.0	0.0	
7.050179292665746	3.2320436140479494	0.0	0.0	
6.286407980648548	31.56449603421308	0.0	0.0	
8.469432904490333	30.613340261191034	0.0	0.0	
10.804074711331424	20.621340997553894	0.0	0.0	
28.930792588892725	1.58584735069023	0.0	0.0	
27.935471342092374	19.973626582186757	0.0	0.0	
25.5995198576888	27.14155072316993	0.0	0.0	
7.785453381895628	8.99670199803004	0.0	0.0	
16.773546280932464	29.770110736291283	0.0	0.0	
4.449353995957242	27.046529677124003	0.0	0.0	
27.79400337526629	13.310740544673472	0.0	0.0	
27.762716154636603	5.3711571208699915	0.0	0.0	
26.928933971672258	10.056679877130012	0.0	0.0	
1.86916877945405	17.073869105184883	0.0	0.0	
3.379531959067343	30.109275208576406	0.0	0.0	
3.723891230880657	20.120977800951973	0.0	0.0	
13.079424876408208	24.79847472338186	0.0	0.0	
16.690015090699664	25.553876923681006	0.0	0.0	
20.99704781217461	18.162832745511476	0.0	0.0	
3.395406912212014	3.2652482273543946	0.0	0.0	
16.57574796913942	18.10041626123315	0.0	0.0	
5.495471501758974	26.46126760123289	0.0	0.0	
6.772311497618947	25.936169951268706	0.0	0.0	
15.872833356410702	13.202107037977978	0.0	0.0	
28.800272647294	3.589280750399933	0.0	0.0	
0.026995189643677975	15.367461789152937	0.0	0.0	
30.71941881951161	11.350024608236552	0.0	0.0	
9.331797887858556	11.741679753802156	0.0	0.0	
9.381468529207673	13.676958796936741	0.0	0.0	
17.179050960249455	10.4552961179167	0.0	0.0	
5.198008524368305	26.62687538289438	0.0	0.0	
0.6154935514100899	0.2460694112633881	0.0	0.0	
23.605251177922494	19.591199106701	0.0	0.0	
27.293453167550286	10.975404821988697	0.0	0.0	
20.87983206802547	23.583744108721536	0.0	0.0	
1.8196765685071554	6.106717314475322	0.0	0.0	
19.666682840361922	12.683722800155195	0.0	0.0	
5.755964571495653	23.13631063450783	0.0	0.0	
3.9973368934190674	23.173738243780097	0.0	0.0	
31.441850686419926	6.970754260630478	0.0	0.0	
25.946736506689007	21.063568449064757	0.0	0.0	
7.200871591083278	27.405264728263663	0.0	0.0	
10.180777212864498	10.877026367515143	0.0	0.0	
20.592209417522337	9.066873946766634	0.0	0.0	
23.45722055024694	10.17659754237043	0.0	0.0	
22.798470277123936	22.794090487420082	0.0	0.0	
5.655368021912306	12.641259970139348	0.0	0.0	
25.387285719823026	4.763831832360612	0.0	0.0	
28.540896199196027	10.064940769174292	0.0	0.0	
16.33405241575786	0.24190361772607005	0.0	0.0	
12.889166646574171	1.0848048671760644	0.0	0.0	
27.515276965487203	15.825494820796774	0.0	0.0	
4.762193163315732	29.372907799848765	0.0	0.0	
4.796446416707067	3.4576658825212974	0.0	0.0	
28.286815447175425	30.667413939508034	0.0	0.0	
6.939632003366761	10.03123143602657	0.0	0.0	
21.54815510277069	15.368017729880226	0.0	0.0	
4.692764674167918	9.872030034725327	0.0	0.0	
22.602175606146876	21.33287147166604	0.0	0.0	
25.817150941734244	3.323215282775511	0.0	0.0	
6.562576294594727	16.11445371001463	0.0	0.0	
1.5603339813737733	15.074160116337378	0.0	0.0	
26.327205664678324	26.698425575143286	0.0	0.0	
4.969906919592631	28.29928103989472	0.0	0.0	
17.851477574928545	20.17052664436037	0.0	0.0	
12.272310213122676	24.469231342595794	0.0	0.0	
4.420862876773327	4.193884253441695	0.0	0.0	
22.985588197572817	4.247508191329366	0.0	0.0	
16.892775212623217	6.672482263709007	0.0	0.0	
13.426324885670518	16.914588687148818	0.0	0.0	
6.246553260731307	31.64801664743349	0.0	0.0	
12.571080798150497	27.909441339199965	0.0	0.0	
17.59357325338567	27.999135385753604	0.0	0.0	
26.104290037629383	15.349021886411542	0.0	0.0	
17.36068723887594	20.539583057235255	0.0	0.0	
27.97944973805829	20.73782385075901	0.0	0.0	
10.434103198235412	4.114618737744326	0.0	0.0	
0.07667559511412136	5.9763932679985	0.0	0.0	
0.22569113582692424	29.386004870037404	0.0	0.0	
21.64960813148492	29.48831699555763	0.0	0.0	
19.990106046457477	6.0558074936687945	0.0	0.0	
25.50224948531657	2.0214720954682015	0.0	0.0	
27.956846622172698	20.759467271095378	0.0	0.0	
2.089124747310013	26.558792798801903	0.0	0.0	
27.710873156549948	5.132992045208269	0.0	0.0	
27.44864684687726	11.055384860347324	0.0	0.0	
19.247649035620753	3.5680555106813934	0.0	0.0	
28.16443113520563	18.838899130869063	0.0	0.0	
5.660189621866358	6.25771567795481	0.0	0.0	
3.4812005240138255	22.200416669139475	0.0	0.0	
13.533418592136893	10.46014600061551	0.0	0.0	
10.255360018911201	26.804375216074778	0.0	0.0	
21.473460249527175	12.196066761413295	0.0	0.0	
0.9684593878983705	12.941095930494374	0.0	0.0	
19.4701198952421	21.832012208149617	0.0	0.0	
18.25319114367986	17.036790593644856	0.0	0.0	
21.94169742625543	19.767001716013525	0.0	0.0	
24.20961411821075	1.9819108946420414	0.0	0.0	
17.377163857602792	16.872867993723162	0.0	0.0	
28.728066100915974	26.547093101677195	0.0	0.0	
21.838031022953288	27.275399133306685	0.0	0.0	
7.3096218572761416	18.53026778301609	0.0	0.0	
23.222893697977987	1.643935806717984	0.0	0.0	
0.8474466272868746	6.4706648024117435	0.0	0.0	
31.657284254754646	11.125408843444028	0.0	0.0	
24.493339735078738	16.89426248092323	0.0	0.0	
4.2102779381812	31.325121528816137	0.0	0.0	
25.611893154740486	21.81699947111128	0.0	0.0	
9.688431320498747	15.534387765390218	0.0	0.0	
11.123092466041442	28.331147101316102	0.0	0.0	
0.4550816098420931	8.185689159618118	0.0	0.0	
19.385934472752872	7.225605373406626	0.0	0.0	
13.163603678056006	21.148632341368877	0.0	0.0	
26.163657821995866	12.282000518665086	0.0	0.0	
2.927887751977753	3.5019371597035693	0.0	0.0	
13.057234059015894	10.80141801072438	0.0	0.0	
14.047568364590742	2.799730882652401	0.0	0.0	
13.478924822253727	17.582374654628868	0.0	0.0	
29.701895297531188	4.3048737984232055	0.0	0.0	
17.902211565647075	3.8553095632885785	0.0	0.0	
12.50914692574823	1.9245863695756569	0.0	0.0	
25.7978377504216	30.847932838918222	0.0	0.0	
12.578628521471792	17.89493842850648	0.0	0.0	
9.040987584226894	9.98246480564287	0.0	0.0	
0.7410990815734451	4.12774937357193	0.0	0.0	
4.1135848808508015	10.986094019349586	0.0	0.0	
30.649808974716066	6.290579014539702	0.0	0.0	
26.667522634005838	28.240034366236998	0.0	0.0	
18.95748473356363	25.12818856623501	0.0	0.0	
11.223427293775483	1.5280161084045218	0.0	0.0	
18.451158723233913	18.83028831103613	0.0	0.0	
22.02761233283989	24.72951179898717	0.0	0.0	
25.481427527755027	8.171980002611964	0.0	0.0	
14.335712585277221	13.950518647684355	0.0	0.0	
25.752275723803578	12.83634498549861	0.0	0.0	
29.1440024967095	29.452796300712464	0.0	0.0	
17.956207165515735	12.693422942332447	0.0	0.0	
10.179849465993346	29.6093413109251	0.0	0.0	
23.33025498837415	31.332431191284794	0.0	0.0	
20.978273269437388	8.764832445005638	0.0	0.0	
11.659806423221664	8.619223776676446	0.0	0.0	
16.049671124153633	6.658147848321498	0.0	0.0	
13.023973083750835	3.0106918820387527	0.0	0.0	
17.98461553034091	28.19065489164825	0.0	0.0	
12.968973372610233	18.9584055974148	0.0	0.0	
0.6963480630334864	12.571121733530727	0.0	0.0	
4.148109851953425	16.608314131320277	0.0	0.0	
2.6438345174024604	26.570708879553248	0.0	0.0	
23.862435338407014	0.4189197749663691	0.0	0.0	
8.953943694657134	0.7410357593382244	0.0	0.0	
29.584654184187375	19.534970693247082	0.0	0.0	
29.47966922981555	18.04700649118967	0.0	0.0	
16.985622195224742	11.584323807333643	0.0	0.0	
24.838853607545385	4.7918196602437675	0.0	0.0	
17.55927313516833	29.246607504155993	0.0	0.0	
3.06892137284564	30.97395665369081	0.0	0.0	
11.975543803420532	19.894229532062717	0.0	0.0	
7.328968937197885	17.374008484877788	0.0	0.0	
17.85196958663557	16.534425278990053	0.0	0.0	
20.27971140348852	26.013605518999725	0.0	0.0	
23.822394385982243	7.1838553344626455	0.0	0.0	
24.097564990513803	24.237584851657697	0.0	0.0	
12.466940553892183	19.51472971308943	0.0	0.0	
10.182966792609754	11.78676077844645	0.0	0.0	
27.593644697759636	10.616434946011829	0.0	0.0	
31.353752432482608	1.9271920484001939	0.0	0.0	
23.511356232482022	5.598873306726983	0.0	0.0	
17.40221541764237	25.225550037499044	0.0	0.0	
15.228471951111967	9.389819402710799	0.0	0.0	
16.0163114344293	12.39591114166005	0.0	0.0	
27.092659141336714	5.489787884275341	0.0	0.0	
25.577677395458778	11.412860600667038	0.0	0.0	
14.9997192275099	8.670321873627376	0.0	0.0	
16.799084782203206	28.641479723802117	0.0	0.0	
5.195126738951309	18.982436846970383	0.0	0.0	
27.494278378097228	3.0735237168672143	0.0	0.0	
20.799786901833098	1.2118204747074905	0.0	0.0	
6.872713121950309	2.6894740830755985	0.0	0.0	
22.860646913514476	9.047085350210025	0.0	0.0	
8.935439324567533	27.694330902736183	0.0	0.0	
26.936801712294663	2.6881608972030584	0.0	0.0	
30.15918817912209	16.182806830272234	0.0	0.0	
31.418024565048498	10.371343381992343	0.0	0.0	
16.57984030840606	17.653537081671523	0.0	0.0	
8.163762060763535	20.42229664411033	0.0	0.0	
14.653953928858297	21.369952873049918	0.0	0.0	
16.754199370747635	25.546600904307414	0.0	0.0	
8.252264010701705	2.6827420166540037	0.0	0.0	
21.463700804026463	29.97879994989072	0.0	0.0	
7.094182447868672	15.824430674222107	0.0	0.0	
18.522462629236692	21.383945432627254	0.0	0.0	
12.763676048734645	29.908075393372382	0.0	0.0	
11.59907430189024	11.87561971472789	0.0	0.0	
2.4117329812481216	4.605360614022732	0.0	0.0	
6.55272720725084	12.643876829363908	0.0	0.0	
31.284702641719925	22.38610833927847	0.0	0.0	
27.441618100323353	16.751549662476013	0.0	0.0	
0.9971923310132418	20.369835093701038	0.0	0.0	
20.92465809513196	29.43621538656929	0.0	0.0	
14.198116546645224	0.1851580793369827	0.0	0.0	
16.41711166728353	31.667427431132232	0.0	0.0	
13.504366384963205	23.018654173218778	0.0	0.0	
18.32269506667346	7.531012165930068	0.0	0.0	
26.467690757574285	11.603939570473749	0.0	0.0	
28.04639633451727	3.044880483746109	0.0	0.0	
2.1014835524359263	19.661795233667437	0.0	0.0	
14.527248967463422	5.8800803337184	0.0	0.0	
1.3935032370645395	26.88869005386609	0.0	0.0	
22.31871992104086	11.556761898052336	0.0	0.0	
14.414011290972887	26.279041559933027	0.0	0.0	
1.9473780159351115	13.781477267044828	0.0	0.0	
17.579259137466998	21.807221394511043	0.0	0.0	
16.467177529072835	5.431245319519629	0.0	0.0	
25.725739627540978	25.329639402515873	0.0	0.0	
18.643726848564675	21.512020737946443	0.0	0.0	
16.877600677049408	25.685224133764663	0.0	0.0	
23.37647867646567	17.959722940915206	0.0	0.0	
6.257456731148558	26.452477327052367	0.0	0.0	
26.896954697087544	11.805012314435128	0.0	0.0	
16.185663445542797	31.201095286350586	0.0	0.0	
5.124719214837604	23.03597639395658	0.0	0.0	
17.339919716211217	27.013998405261937	0.0	0.0	
10.038558910127428	27.40018281183132	0.0	0.0	
13.802824208441624	14.212202381912665	0.0	0.0	
7.285670801197352	24.89822980887484	0.0	0.0	
9.230535289883711	11.260854364162139	0.0	0.0	
6.224187583592258	4.6870484535258825	0.0	0.0	
5.163162823772701	21.49306792338688	0.0	0.0	
14.275506547634755	3.5169211611333147	0.0	0.0	
23.012322291143224	26.817033950648536	0.0	0.0	
2.1035500584578664	5.759413851724464	0.0	0.0	
22.29085122480307	1.108509930667335	0.0	0.0	
15.69254933400844	17.955157902788873	0.0	0.0	
3.309973218546876	3.6009790255044507	0.0	0.0	
0.5384852950339081	14.2161107452872	0.0	0.0	
22.541307017088712	3.5054293989072924	0.0	0.0	
12.374369240822851	15.150417259220912	0.0	0.0	
11.770039333788048	10.335759711491079	0.0	0.0	
4.790368554630007	16.790093084688333	0.0	0.0	
14.521774845968952	18.187388404352372	0.0	0.0	
6.987339909325712	2.300220354780496	0.0	0.0	
4.302882598167855	8.781331524989096	0.0	0.0	
22.75824023318073	30.716570048471674	0.0	0.0	
1.584507007409858	1.0053663180933121	0.0	0.0	
26.97388844069024	27.634821417084567	0.0	0.0	
27.168783227795593	22.7686447451039	0.0	0.0	
24.17113946629675	27.773828315219163	0.0	0.0	
8.962224852618533	9.696985314202124	0.0	0.0	
19.307790391969558	31.37238312838719	0.0	0.0	
23.915762940610676	8.31756787628785	0.0	0.0	
26.865460016305057	15.715499459988642	0.0	0.0	
9.442049847886683	26.56416578584349	0.0	0.0	
27.123599032837816	1.3947992479484839	0.0	0.0	
31.338627706186763	19.111276145667873	0.0	0.0	
25.907554750406234	23.11629183756903	0.0	0.0	
5.912005204255465	11.632863643671257	0.0	0.0	
12.7395623310158	14.549033635144262	0.0	0.0	
5.723144501334229	22.9751955980287	0.0	0.0	
13.515820689440165	28.692200615687895	0.0	0.0	
2.7345305594861813	1.3427740612884556	0.0	0.0	
13.642955091688666	5.279897251962861	0.0	0.0	
2.707695287632962	30.545701270860036	0.0	0.0	
1.32011669186263	27.11645355916049	0.0	0.0	
17.72855834123311	1.861243501827495	0.0	0.0	
6.796049558997407	22.78168035767549	0.0	0.0	
5.045419229528928	2.659779690066216	0.0	0.0	
17.900885446689827	7.84526659715301	0.0	0.0	
10.595278897520835	27.018522551393968	0.0	0.0	
31.747353223519266	3.7163437716409717	0.0	0.0	
1.4220421780283843	9.508141268103323	0.0	0.0	
20.313575876134465	22.834898684018878	0.0	0.0	
22.893506416305826	2.7610756206433074	0.0	0.0	
15.371371662787261	24.072512263507583	0.0	0.0	
1.390289387037324	9.33314416959973	0.0	0.0	
11.404359797662828	2.1472724641368046	0.0	0.0	
28.747713430730915	9.955400866166695	0.0	0.0	
3.314249369323637	30.5122518250207	0.0	0.0	
12.633203015550254	29.200433228716157	0.0	0.0	
15.181294126516853	16.756303271101718	0.0	0.0	
22.926079867444813	28.13954363086631	0.0	0.0	
12.141974222199451	30.882568923771913	0.0	0.0	
17.57965376185056	5.759962164050165	0.0	0.0	
24.476645259216482	11.212536652103825	0.0	0.0	
29.97720274530191	24.056154380067657	0.0	0.0	
4.404715244877025	7.4961337376264225	0.0	0.0	
26.811086520808395	21.083339126378082	0.0	0.0	
17.06033974509483	21.938869502905924	0.0	0.0	
1.2166919626693122	2.950858682731429	0.0	0.0	
25.928777311891103	8.051660935944955	0.0	0.0	
0.41119909405367494	28.78784402265348	0.0	0.0	
2.8970985391122923	3.4869919931684876	0.0	0.0	
31.292879415871138	21.981007797893106	0.0	0.0	
28.190294353356176	4.734835832509244	0.0	0.0	
16.99320468071309	13.530810205434005	0.0	0.0	
12.194844528215508	21.498421659325654	0.0	0.0	
0.5462403261466129	12.486143970595286	0.0	0.0	
29.474405700485853	20.507799005210046	0.0	0.0	
24.75332920996474	3.8187609795357993	0.0	0.0	
19.43882760438502	0.2585626382776489	0.0	0.0	
31.107468392451384	11.76160492534444	0.0	0.0	
9.671340713176257	29.59610876902571	0.0	0.0	
11.738477238634648	29.154553097217395	0.0	0.0	
14.481580407609492	8.781155039823556	0.0	0.0	
7.499731234502509	8.757774315760205	0.0	0.0	
3.890109131209563	5.202225371921397	0.0	0.0	
10.783871401988801	13.034150323906296	0.0	0.0	
19.85327092482397	1.347793203601256	0.0	0.0	
3.305857863417298	8.666621785676384	0.0	0.0	
8.36071066148385	7.7970804607200925	0.0	0.0	
28.36449098718129	21.7874784744397	0.0	0.0	
23.479604796517847	19.943531776229246	0.0	0.0	
5.269483646128538	10.074292410241263	0.0	0.0	
10.078952548870422	6.265759071745062	0.0	0.0	
23.48256341276542	31.065879284075283	0.0	0.0	
7.831940910961734	25.754634769300726	0.0	0.0	
21.185226391658063	1.546802617735473	0.0	0.0	
19.701680581500387	7.020755410802593	0.0	0.0	
19.18740392136995	31.33050888639229	0.0	0.0	
2.7071904071231145	24.764167820377548	0.0	0.0	
16.98379125886357	11.468922144983345	0.0	0.0	
17.367247907994948	1.8855647706384495	0.0	0.0	
12.480292191134481	1.5614292707412467	0.0	0.0	
4.3835006772222584	6.442447125529853	0.0	0.0	
19.403872918866625	23.10292773136575	0.0	0.0	
24.763323426627327	12.150594033376109	0.0	0.0	
18.816887187898374	6.932351119584624	0.0	0.0	
23.426217696286155	31.203575020691268	0.0	0.0	
8.36379383423364	14.35831782883228	0.0	0.0	
11.822344461200718	9.358020727506482	0.0	0.0	
25.5894064914291	8.06779319426484	0.0	0.0	
9.191362293083163	16.97500070577005	0.0	0.0	
24.545366606793245	1.0257592615533007	0.0	0.0	
8.344018173587006	1.3522884089286151	0.0	0.0	
2.9567010492511834	6.244318892361431	0.0	0.0	
9.45325077856726	8.280849353798416	0.0	0.0	
28.668873662962593	3.0646148346563606	0.0	0.0	
15.247366015549048	27.53138773938214	0.0	0.0	
17.45166256229625	19.150347977409012	0.0	0.0	
6.769553811870679	1.2606430583952033	0.0	0.0	
10.77299354608354	0.17927563653127265	0.0	0.0	
1.2181769237098514	26.76437708549157	0.0	0.0	
11.591383558877304	6.613040959017422	0.0	0.0	
24.480098219851858	0.39680341663907726	0.0	0.0	
18.98581680490328	3.244692236708474	0.0	0.0	
5.232504688894373	14.530272973091552	0.0	0.0	
16.927355120722638	6.940659521789065	0.0	0.0	
17.29594157966541	17.073730548014986	0.0	0.0	
2.937728263036515	0.22135613403736443	0.0	0.0	
26.160355557952876	22.756508760762433	0.0	0.0	
2.6882461900392727	9.828383632587755	0.0	0.0	
31.566536638085978	12.769723734176647	0.0	0.0	
29.19214914492159	24.9938878451388	0.0	0.0	
4.269118643931748	7.30237709608868	0.0	0.0	
21.176988632710486	31.671344791963918	0.0	0.0	
3.856117476125174	12.951256013622334	0.0	0.0	
15.820938188088743	30.020741251762132	0.0	0.0	
12.744390235792395	2.6435818308652124	0.0	0.0	
17.685335207751553	22.95145154949804	0.0	0.0	
19.695120271824255	30.594918381846945	0.0	0.0	
28.44574242635679	3.0593916665222203	0.0	0.0	
10.302896508801929	16.447532477774566	0.0	0.0	
23.25794346829742	6.853700657302202	0.0	0.0	
23.698374227417514	19.545718080928662	0.0	0.0	
26.90546586979542	23.6748223194895	0.0	0.0	
25.487833999838735	24.19307817203723	0.0	0.0	
3.026377398170993	15.503186871028078	0.0	0.0	
30.972787969342782	12.995075128456918	0.0	0.0	
20.118224416701672	12.424998671769966	0.0	0.0	
2.049413303049178	17.108653182298482	0.0	0.0	
9.933821330227097	10.794220993776094	0.0	0.0	
28.619505534574223	4.356341699329015	0.0	0.0	
20.3782089162538	24.706673908772935	0.0	0.0	
21.27463814643786	8.491681473279268	0.0	0.0	
3.018538535776134	27.568460871793008	0.0	0.0	
28.87698613444735	18.6872176114224	0.0	0.0	
25.66600295073154	5.632164955387946	0.0	0.0	
29.91634646984258	20.587747783081277	0.0	0.0	
19.413100895367624	27.50979196484578	0.0	0.0	
20.10531325862575	4.634923778559088	0.0	0.0	
9.8761431204031	12.770343118376228	0.0	0.0	
17.478505359060023	20.664570375135696	0.0	0.0	
1.6312323670380486	2.9151934916503173	0.0	0.0	
27.549151710518295	5.63952402875281	0.0	0.0	
29.93064070911112	16.44487822283481	0.0	0.0	
29.98379996191738	9.07503343637168	0.0	0.0	
17.404026845235922	28.21999926939406	0.0	0.0	
23.805805977953174	26.943150861491947	0.0	0.0	
26.062732477111712	20.40751198781018	0.0	0.0	
28.742211332727138	9.597516649855628	0.0	0.0	
12.629919671273512	2.8084777886110714	0.0	0.0	
17.15620399993026	19.481552114354606	0.0	0.0	
21.955394988192456	24.833180712233595	0.0	0.0	
21.33454732316353	13.810708302140537	0.0	0.0	
13.616851495326348	4.73934599643643	0.0	0.0	
8.483734611605318	15.766229418869983	0.0	0.0	
0.610706288136754	7.755681889104796	0.0	0.0	
1.319839918217781	2.798117284675005	0.0	0.0	
20.619643976875242	26.529135306830643	0.0	0.0	
30.53295873418944	7.888078181084129	0.0	0.0	
6.665790606085125	6.60825405022517	0.0	0.0	
2.535047476801406	7.414211935001653	0.0	0.0	
29.091278434750087	31.94989665930138	0.0	0.0	
20.429565266908256	26.003042161621487	0.0	0.0	
11.089834810330807	4.7326326632477596	0.0	0.0	
2.6634414759104246	6.318566861030643	0.0	0.0	
10.012146412148045	28.88103389097184	0.0	0.0	
25.238989724376754	2.5619303050890885	0.0	0.0	
21.82200290998996	23.879676525642992	0.0	0.0	
27.561958418107007	20.685604105164312	0.0	0.0	
17.07132866360724	11.86371961540273	0.0	0.0	
26.862927731100744	5.843960914277986	0.0	0.0	
29.564545564493486	24.43880516450804	0.0	0.0	
3.907717841187832	28.682785828478263	0.0	0.0	
25.202543927282903	19.476131816659414	0.0	0.0	
2.933600455427513	9.142388890845677	0.0	0.0	
19.612657627056766	17.90327229539135	0.0	0.0	
11.28196077481267	27.5559277243288	0.0	0.0	
13.389245764272648	30.33942085854065	0.0	0.0	
25.68917900182717	13.214154007262835	0.0	0.0	
23.921637386111442	24.893315228864658	0.0	0.0	
12.804105364483572	29.8245849822986	0.0	0.0	
11.263776257897344	4.894362395442535	0.0	0.0	
10.870701515224784	23.74336688205616	0.0	0.0	
0.3283669294628382	27.709713253793364	0.0	0.0	
22.39592481423355	6.086279390934095	0.0	0.0	
5.04326777847907	0.2205542782525427	0.0	0.0	
13.701867447800584	15.892411234789048	0.0	0.0	
7.800587307784642	22.35995159327885	0.0	0.0	
8.076001760573881	7.550223199192324	0.0	0.0	
20.739305743273164	5.27111023361352	0.0	0.0	
9.915171260165739	23.08978966707017	0.0	0.0	
24.982065889701033	29.70731283660896	0.0	0.0	
3.6410223055386304	20.983460298509236	0.0	0.0	
4.973733101070856	18.591327344269338	0.0	0.0	
29.93477229232753	4.7001310105832985	0.0	0.0	
17.293763673540504	25.319279717276807	0.0	0.0	
12.107683688624203	2.742406160267553	0.0	0.0	
26.333732479441757	6.48572583475741	0.0	0.0	
4.003756662456571	7.55994542065288	0.0	0.0	
30.413540432461314	15.334837525151528	0.0	0.0	
31.017960201454375	15.04039471587042	0.0	0.0	
5.4764922084603604	20.66283249480982	0.0	0.0	
0.28685613032816093	20.15478301410378	0.0	0.0	
12.069716823785807	13.95647585916959	0.0	0.0	
5.918560291185397	21.340748840477538	0.0	0.0	
2.6175253469282715	10.891911987252868	0.0	0.0	
21.769746483286426	10.242293229605238	0.0	0.0	
21.248035132098707	27.598262953580118	0.0	0.0	
18.051560885320374	26.855479623583676	0.0	0.0	
4.90631638297134	27.564929120283107	0.0	0.0	
10.988912482547686	20.855309996325225	0.0	0.0	
9.74648912485062	5.477462551106267	0.0	0.0	
2.8922452978480564	1.0727125183638648	0.0	0.0	
29.89790258846447	11.708312741143814	0.0	0.0	
7.316137867658796	27.27970072555887	0.0	0.0	
28.260958198485408	21.791328478554274	0.0	0.0	
1.10563170223244	27.218699578758603	0.0	0.0	
5.12711722376546	8.10387764150073	0.0	0.0	
13.081579323176882	30.161176991774067	0.0	0.0	
29.217383060516678	15.800658875168153	0.0	0.0	
5.213874338061046	25.852630144331812	0.0	0.0	
23.22682741959006	12.010271936562201	0.0	0.0	
21.29561518312744	25.457878632809727	0.0	0.0	
21.97277110858889	21.97007583445466	0.0	0.0	
23.01426877171421	6.122474719663938	0.0	0.0	
29.295805507689863	15.9619755081673	0.0	0.0	
5.948393221015838	30.281200035675262	0.0	0.0	
6.3084290864804125	11.931256163736592	0.0	0.0	
16.198667093596477	15.58519997149461	0.0	0.0	
14.203335766108452	12.636835603630995	0.0	0.0	
26.21903303778048	26.682235363609458	0.0	0.0	
15.269571618387136	3.7613171586914866	0.0	0.0	
21.83436521070351	11.473250005546376	0.0	0.0	
30.377148534224148	4.577769626688692	0.0	0.0	
31.80033675634306	11.920827142974225	0.0	0.0	
24.731602712208215	25.405243158736816	0.0	0.0	
10.163367969690025	28.00143217974415	0.0	0.0	
19.016443286551926	26.516611776797244	0.0	0.0	
4.7933521624188415	14.803691676744858	0.0	0.0	
14.979448654531101	17.593951557820834	0.0	0.0	
19.662021437013713	15.719915234647207	0.0	0.0	
5.110859205785108	19.48028980553474	0.0	0.0	
30.169715252728697	2.143186657630995	0.0	0.0	
17.565677616975027	21.726875544873824	0.0	0.0	
31.410085045758493	2.0511514157641884	0.0	0.0	
19.08248438531933	17.520313071469232	0.0	0.0	
11.029238106073564	23.052171447354528	0.0	0.0	
12.746044040271443	0.93531096851763	0.0	0.0	
3.580676346398562	10.776032062415219	0.0	0.0	
11.913157730717145	7.9600513465824285	0.0	0.0	
0.7463761418917052	5.987443932525707	0.0	0.0	
29.765109919157815	22.546303258839327	0.0	0.0	
14.99439789260078	8.20573136274653	0.0	0.0	
0.8802323832055876	12.90504705858146	0.0	0.0	
15.257207758891468	1.6778275649594754	0.0	0.0	
16.12459774831061	28.009754390958438	0.0	0.0	
16.576755644732344	23.408075489317266	0.0	0.0	
14.479294636526006	27.437336672003696	0.0	0.0	
4.500923122146435	5.967879997409796	0.0	0.0	
21.273723508766437	18.952749799415834	0.0	0.0	
17.97202672335338	15.391805684218081	0.0	0.0	
7.627869879828545	0.42024947428780735	0.0	0.0	
25.854378021492526	23.734599695527923	0.0	0.0	
24.314090689013334	25.7177819034726	0.0	0.0	
0.285188757986063	16.851991436212895	0.0	0.0	
31.76657165507876	10.50325469420342	0.0	0.0	
24.727552915805223	2.2819125776692033	0.0	0.0	
13.365486101786075	7.189807221483225	0.0	0.0	
24.884416773877813	15.3576257639616	0.0	0.0	
24.65774163730791	26.97375710325305	0.0	0.0	
17.971294489706874	23.774003658191575	0.0	0.0	
0.13941467132483254	8.109910954424574	0.0	0.0	
9.255117224394922	7.965531861490575	0.0	0.0	
0.5032570022202982	10.675494110650483	0.0	0.0	
8.843603243848086	3.873391567166127	0.0	0.0	
2.9556596663415924	24.117514322630228	0.0	0.0	
26.860391755194378	24.897215446660766	0.0	0.0	
1.2816823024981332	13.974035490844837	0.0	0.0	
8.901075432542846	8.559723842969458	0.0	0.0	
1.4345127875440014	31.68669515535275	0.0	0.0	
27.347355669291947	14.355709158401869	0.0	0.0	
4.684158096948796	3.1065684619932448	0.0	0.0	
24.189124525920587	27.013450401934268	0.0	0.0	
4.426262711242579	23.48018389518264	0.0	0.0	
6.662798748846427	0.6829193225417782	0.0	0.0	
21.38742271480227	18.52534654542637	0.0	0.0	
13.512984141355652	26.333374654012182	0.0	0.0	
19.828796068993	28.003141170929165	0.0	0.0	
19.100733165173438	9.01075668323903	0.0	0.0	
25.38404213431649	9.408006641503157	0.0	0.0	
13.13490522103237	25.29567799413834	0.0	0.0	
26.34475755163273	29.26170223124856	0.0	0.0	
8.371334764236632	28.095343803480475	0.0	0.0	
13.21680108363271	1.107530217114224	0.0	0.0	
21.63912961146817	11.943326239593748	0.0	0.0	
25.068917701315666	27.312389069015513	0.0	0.0	
6.547717006398997	8.814765773541101	0.0	0.0	
26.94664593289433	1.814522864833279	0.0	0.0	
25.5435139039429	14.541792278019553	0.0	0.0	
9.861596119930415	21.143966817179436	0.0	0.0	
28.51354899759787	9.728678465710647	0.0	0.0	
16.05208502441249	28.123472467062896	0.0	0.0	
25.368885871775408	16.30869235969123	0.0	0.0	
17.161764768071727	20.18063149728774	0.0	0.0	
13.80654805156502	19.737770065629384	0.0	0.0	
25.60089917090495	31.803483848046373	0.0	0.0	
0.7985807692836246	5.6787572118713285	0.0	0.0	
17.382477806143005	15.953221908762373	0.0	0.0	
7.42142048685762	19.87423143411389	0.0	0.0	
16.63393142567228	28.976366322013803	0.0	0.0	
31.08412594061378	10.117290019049275	0.0	0.0	
3.667204213432278	13.522582194806283	0.0	0.0	
5.774406280741324	15.688265065714848	0.0	0.0	
9.704804983824864	16.01583044191208	0.0	0.0	
27.08066135694491	26.85457921058829	0.0	0.0	
16.83083922226316	12.829630222037633	0.0	0.0	
10.200719324035795	27.68595365941963	0.0	0.0	
17.76061617796246	26.080201245617506	0.0	0.0	
27.494691657490367	13.050088087688547	0.0	0.0	
25.636513507593587	15.016508327340013	0.0	0.0	
5.57656407813235	2.482828508810453	0.0	0.0	
7.376613491618258	31.353693012464632	0.0	0.0	
10.867149986440282	27.72782408841152	0.0	0.0	
24.78954947177591	14.644064399645412	0.0	0.0	
25.863086675890617	27.61207417816885	0.0	0.0	
26.302779474585957	8.225772801513163	0.0	0.0	
19.77273525894627	30.676657599483338	0.0	0.0	
9.281395129749367	24.270843133242522	0.0	0.0	
27.67558959812477	9.012201686762108	0.0	0.0	
13.222912304095527	21.39582041758836	0.0	0.0	
6.214908983250211	4.870890828697725	0.0	0.0	
27.036015827074	25.773708353089592	0.0	0.0	
12.445896228013638	14.313643850548388	0.0	0.0	
19.49278750555525	2.2511780586608054	0.0	0.0	
9.41481712593421	25.385888018479623	0.0	0.0	
26.150691060283215	12.529210226315115	0.0	0.0	
12.100542098016422	4.8032813645451	0.0	0.0	
11.85955291599592	18.675526957027078	0.0	0.0	
21.44796589474944	14.520344537983402	0.0	0.0	
10.804343211499617	6.013899543605216	0.0	0.0	
13.125888837492202	29.162248830504282	0.0	0.0	
10.176188489192427	6.599697892922691	0.0	0.0	
31.044912767841943	0.49784788092127386	0.0	0.0	
20.275954066909303	22.70028630935333	0.0	0.0	
6.383170738204509	18.993715370900947	0.0	0.0	
16.629085359905087	31.893242532687765	0.0	0.0	
24.16425102097538	10.213283581288973	0.0	0.0	
11.32957379134292	23.798306740987776	0.0	0.0	
24.54525610858499	13.71221074309435	0.0	0.0	
10.531024930187165	24.18378249184299	0.0	0.0	
8.14451197643055	31.540335526719563	0.0	0.0	
1.926417904189183	28.189576210098316	0.0	0.0	
28.904784830922168	22.899824288879937	0.0	0.0	
22.75215608313675	22.634415444958865	0.0	0.0	
24.997112179094476	17.232863514398638	0.0	0.0	
29.434690349044516	26.394498615558494	0.0	0.0	
0.1976273620398672	8.323110051672028	0.0	0.0	
8.57356630262877	14.794844859255193	0.0	0.0	
27.14714883868772	9.445259895391544	0.0	0.0	
23.365604283383064	30.754542888397946	0.0	0.0	
11.906787552230881	30.27789110219394	0.0	0.0	
14.01695843840924	15.547934270994837	0.0	0.0	
8.186645550452457	16.89547851806844	0.0	0.0	
27.326956284022003	17.514078612419144	0.0	0.0	
28.47340012700105	27.040000161146956	0.0	0.0	
10.346747449359217	1.133944200782377	0.0	0.0	
14.279019546088143	23.030239013180857	0.0	0.0	
13.994970834968722	30.615986954740738	0.0	0.0	
10.489632602109268	18.342420158701554	0.0	0.0	
26.883673784355903	2.245070804185975	0.0	0.0	
14.561383025049349	17.155262469119748	0.0	0.0	
27.13943585144433	11.341705224746441	0.0	0.0	
0.7424404375943361	19.649544386525115	0.0	0.0	
11.449171813983703	25.577593714084898	0.0	0.0	
0.05945440616793718	26.647470285177437	0.0	0.0	
15.644465862215615	27.311720395184764	0.0	0.0	
3.978152401290206	15.228715306083892	0.0	0.0	
19.645336757992965	27.291111131204993	0.0	0.0	
25.17906521340871	7.130886514643045	0.0	0.0	
11.044155116375745	21.848129273590033	0.0	0.0	
13.867101624748823	7.540196849531917	0.0	0.0	
1.8221738757716324	13.477614059412065	0.0	0.0	
25.32302635716114	0.4510591001168791	0.0	0.0	
19.18218804306521	15.239117747406137	0.0	0.0	
7.254401666739973	31.153998109321744	0.0	0.0	
7.222161161574661	21.85570475538824	0.0	0.0	
29.54324257900602	0.49425441034558304	0.0	0.0	
0.41004401890979025	18.58862968089514	0.0	0.0	
23.237253736603968	13.058842811689711	0.0	0.0	
9.935053442735132	16.413858279161026	0.0	0.0	
29.091907306647503	19.943453517120005	0.0	0.0	
25.131684097085085	13.925604488015498	0.0	0.0	
3.296983623788311	0.5749796483932066	0.0	0.0	
11.603198874013998	18.02107390367424	0.0	0.0	
28.01836456696183	26.65251762185147	0.0	0.0	
7.422728629082691	8.047107046479546	0.0	0.0	
2.5121769162875687	19.872019728102448	0.0	0.0	
17.611636921252487	0.9198425307611622	0.0	0.0	
7.621921568195059	4.2515092891139545	0.0	0.0	
5.012880184893611	0.20447489986339562	0.0	0.0	
30.51870488539672	27.034338510145115	0.0	0.0	
20.582562925239085	20.369455019183384	0.0	0.0	
5.511595413656334	27.97931055278109	0.0	0.0	
18.685569716965794	13.325136732831321	0.0	0.0	
6.89805311384751	22.331235654347594	0.0	0.0	
1.6929204303330359	13.859963909229393	0.0	0.0	
31.028822612379262	11.252775152495701	0.0	0.0	
21.077655425300602	17.520563362615754	0.0	0.0	
2.151187523036075	28.608153817653655	0.0	0.0	
17.74692640493902	23.62610330118408	0.0	0.0	
3.978082387552316	13.459395478989013	0.0	0.0	
12.451503850655147	9.840709038289141	0.0	0.0	
28.90290060743535	14.726569825257467	0.0	0.0	
20.36716775027679	12.090594688501966	0.0	0.0	
7.903297979912569	9.558212061924586	0.0	0.0	
10.97945656252871	17.334171433177573	0.0	0.0	
19.94536020228012	22.87028297435023	0.0	0.0	
3.8519627354068433	0.8044916563955802	0.0	0.0	
21.097621844780292	11.585875947648798	0.0	0.0	
16.336676528664036	31.30497407939108	0.0	0.0	
16.84710952323491	9.755617807961013	0.0	0.0	
1.2047436024811944	15.910415751827252	0.0	0.0	
26.261541847642853	5.840111973624957	0.0	0.0	
3.7933990752354028	15.966780295700257	0.0	0.0	
22.361342200815642	17.832695299118843	0.0	0.0	
19.090295985791002	30.501004697772963	0.0	0.0	
2.596350286058289	12.971910200660439	0.0	0.0	
4.3569908497238465	9.180981116472736	0.0	0.0	
19.03195643491134	4.237930152485564	0.0	0.0	
28.98087703632624	22.79200246795829	0.0	0.0	
28.233808396227584	18.793626400551226	0.0	0.0	
13.19923018381418	7.966585790888168	0.0	0.0	
7.397418435470062	4.7423958595093865	0.0	0.0	
4.298996585312803	13.36331325865756	0.0	0.0	
9.817127364587545	19.204565201650304	0.0	0.0	
7.114257780545881	10.782565816166802	0.0	0.0	
26.62524693207186	5.019440283243206	0.0	0.0	
31.145389102507135	16.908366393189212	0.0	0.0	
1.7738298636566867	15.144993907240107	0.0	0.0	
15.360914685962037	12.732749689444681	0.0	0.0	
7.2757702965692275	31.282093408226277	0.0	0.0	
7.6705026315937666	29.32285833774053	0.0	0.0	
31.84483570145687	23.685555449930867	0.0	0.0	
5.141513230995226	23.45056536185904	0.0	0.0	
4.559999524488642	6.857186045271131	0.0	0.0	
29.07068660133278	2.8924537826331544	0.0	0.0	
30.663812840014398	6.865712235802331	0.0	0.0	
13.485617273295855	23.50343059937437	0.0	0.0	
23.485462165162808	10.0459651666506	0.0	0.0	
24.758413617126724	0.9334937245831831	0.0	0.0	
2.6392917114161207	11.958910546524727	0.0	0.0	
11.533275449353606	12.849322149452522	0.0	0.0	
31.047530673916633	1.6228920489133607	0.0	0.0	
21.455453526451695	22.075360698316885	0.0	0.0	
1.7492823180250383	10.671092111076614	0.0	0.0	
6.376447533408033	16.8552409317972	0.0	0.0	
31.178367587974098	2.119908073068377	0.0	0.0	
29.029217541291963	21.916686027480758	0.0	0.0	
5.112387695444671	31.63345449663254	0.0	0.0	
11.416555490480444	22.788426280262367	0.0	0.0	
14.90073413603185	31.525779394664855	0.0	0.0	
25.129035710011266	17.208419554200354	0.0	0.0	
15.433620465742091	7.227166095896774	0.0	0.0	
30.215679416956	27.551207258350676	0.0	0.0	
20.49611480712341	8.564367008963629	0.0	0.0	
19.83013001957619	14.696020763318337	0.0	0.0	
11.136593879906236	14.491676469006372	0.0	0.0	
31.40486586289988	8.4684506400565	0.0	0.0	
31.713996411813646	13.315112336836496	0.0	0.0	
25.820975168959997	11.667665469315573	0.0	0.0	
5.945329510667012	28.818425273730522	0.0	0.0	
24.552534778930795	20.867748294696447	0.0	0.0	
16.818367227192226	24.253014485752256	0.0	0.0	
17.551534517779636	0.20746996622095892	0.0	0.0	
9.484833048521402	26.73789188978982	0.0	0.0	
26.440432587891706	18.416162507505767	0.0	0.0	
23.881789675322523	3.7118155787141234	0.0	0.0	
28.982061397316237	0.47541023978178387	0.0	0.0	
28.26857548194719	2.338332994029745	0.0	0.0	
25.084522867495988	22.60912440487336	0.0	0.0	
2.621592926308228	10.363239916519817	0.0	0.0	
30.019394978345368	10.689724665947846	0.0	0.0	
17.88566076134177	18.26909967520889	0.0	0.0	
13.644909642326333	27.45777498501491	0.0	0.0	
14.180701867984904	11.733794737414456	0.0	0.0	
9.122444889087578	2.007960971560898	0.0	0.0	
30.29951458309335	18.12532158563785	0.0	0.0	
5.249011507132462	20.71862309229771	0.0	0.0	
5.139325514388609	19.915645498188105	0.0	0.0	
24.795737069786867	6.820111392676527	0.0	0.0	
31.847850503215017	27.837799352156058	0.0	0.0	
27.10792570351506	8.750356220762388	0.0	0.0	
8.458927088815255	13.168172155516014	0.0	0.0	
28.703773765963575	11.595498318863168	0.0	0.0	
7.658576156223042	23.85505032234235	0.0	0.0	
23.196339466515546	26.821512774615215	0.0	0.0	
15.639506531825546	16.056394418956987	0.0	0.0	
30.839459794106933	5.920049630409078	0.0	0.0	
7.55025200184275	10.472047011732336	0.0	0.0	
30.99668794691822	26.940032806996268	0.0	0.0	
22.000478034015533	1.1155371503873717	0.0	0.0	
10.11263176608098	17.01952471594571	0.0	0.0	
24.794094529105404	30.253547095812486	0.0	0.0	
30.02960609271466	2.0349832425408962	0.0	0.0	
10.646901092824027	5.056456975541501	0.0	0.0	
22.652520987707927	10.693699195135746	0.0	0.0	
19.401546139420823	16.051419062995045	0.0	0.0	
3.668550630580654	7.2419911026312604	0.0	0.0	
9.080667310002227	14.525240253067828	0.0	0.0	
9.220603662679736	6.534222326041014	0.0	0.0	
22.902963825928325	15.88532684728695	0.0	0.0	
28.706189234440217	5.188730896053645	0.0	0.0	
16.401882150830303	30.34161805313422	0.0	0.0	
4.120862082231152	19.435602038074407	0.0	0.0	
9.853886425781113	27.394976779010403	0.0	0.0	
18.455223247198283	30.151061213526734	0.0	0.0	
14.758401321777622	11.36684790956705	0.0	0.0	
20.73640837110722	18.353694405147195	0.0	0.0	
22.958009908708874	21.99783703910917	0.0	0.0	
17.86169633422959	18.302855015827966	0.0	0.0	
2.0558839417817154	16.99297632233542	0.0	0.0	
14.884919035814953	21.615602011012854	0.0	0.0	
26.863924682689323	26.59684344514134	0.0	0.0	
6.990119492188899	20.61630684511795	0.0	0.0	
17.91361525652195	14.301912009769346	0.0	0.0	
22.61462929053151	8.691933092687492	0.0	0.0	
31.39602166263416	19.960399766565008	0.0	0.0	
21.246217596528744	6.408804676515235	0.0	0.0	
27.85715261984895	31.636142438130893	0.0	0.0	
10.26267218909091	27.441665612117074	0.0	0.0	
14.379116671958723	15.659068763422955	0.0	0.0	
7.988377574355972	17.557736257226736	0.0	0.0	
6.732063227912672	25.872010394449084	0.0	0.0	
26.59184394839379	11.410896995931921	0.0	0.0	
30.68058584050033	7.572427216446421	0.0	0.0	
10.506219968978193	13.593437629186784	0.0	0.0	
26.49782266658464	7.032348978890624	0.0	0.0	
13.2540972124639	12.825379173826569	0.0	0.0	
29.821775197516143	12.58797867354168	0.0	0.0	
22.236476919009895	23.336561998563898	0.0	0.0	
26.806933360866555	24.894761886428363	0.0	0.0	
25.237106908306384	11.35065924242258	0.0	0.0	
18.757529588085525	15.948727599145187	0.0	0.0	
15.81586883095417	18.23493681567086	0.0	0.0	
7.767059305970491	31.677825410130463	0.0	0.0	
13.676921546267103	23.07402568277103	0.0	0.0	
15.568025512084976	10.735161393355234	0.0	0.0	
27.007737552536444	27.76745378635256	0.0	0.0	
31.53118318049461	3.8440195233138112	0.0	0.0	
31.743827162979095	21.84493954837579	0.0	0.0	
30.424225001448054	4.459122221959127	0.0	0.0	
14.179307007312676	16.440197422064337	0.0	0.0	
7.561234955336033	21.014914438342913	0.0	0.0	
16.04465027136433	3.7519079820713443	0.0	0.0	
22.5124263778806	18.831029910863844	0.0	0.0	
27.881640369566572	0.4378391852199499	0.0	0.0	
23.839543141357815	5.626067660203951	0.0	0.0	
4.178728168542303	26.509874526426838	0.0	0.0	
2.4392832326360363	6.351958514942009	0.0	0.0	
13.946193839242046	26.189660690103814	0.0	0.0	
12.907810481288617	26.136693124060162	0.0	0.0	
6.609731630198887	19.848801239115385	0.0	0.0	
18.23978888520412	14.521811664215292	0.0	0.0	
31.905159544138808	29.61795382160441	0.0	0.0	
7.285910512921742	8.133327937007046	0.0	0.0	
31.9422144701211	2.303763165294864	0.0	0.0	
28.627466384764446	16.1531179335027	0.0	0.0	
24.109463641874374	25.950900951294916	0.0	0.0	
3.41886137102221	6.383061579180087	0.0	0.0	
0.4050539635720547	25.14887733958732	0.0	0.0	
21.530108634823893	0.5581555938594391	0.0	0.0	
9.358013000349796	27.5184260123619	0.0	0.0	
27.250302804273993	12.99530286679051	0.0	0.0	
28.344970926283295	21.240207359708798	0.0	0.0	
31.566669877635253	16.28105551348831	0.0	0.0	
31.564145305216496	9.374202469878359	0.0	0.0	
28.392397859955857	16.443244133017657	0.0	0.0	
10.342585665895708	17.03408297346399	0.0	0.0	
14.016880000784482	3.0412694657567876	0.0	0.0	
23.653015589186925	23.515543831249214	0.0	0.0	
25.62979667362421	9.200698206851825	0.0	0.0	
7.613612110505233	23.899196197993508	0.0	0.0	
17.13852861329489	30.91107752101518	0.0	0.0	
15.008258303996264	15.058526833869529	0.0	0.0	
18.22835166775895	16.91070678655672	0.0	0.0	
15.375029352799462	27.058534619768324	0.0	0.0	
24.06620497576878	5.564906287000465	0.0	0.0	
10.69096426690226	17.985267201920305	0.0	0.0	
1.0102979270951487	21.215575994962702	0.0	0.0	
14.831943837231588	24.01146927600047	0.0	0.0	
18.945184154558014	1.282963786792994	0.0	0.0	
24.825473902291655	11.305733694836942	0.0	0.0	
19.74757072123011	8.443823095087026	0.0	0.0	
23.816959798239374	25.03548288968432	0.0	0.0	
30.116321421940764	6.496770924710251	0.0	0.0	
27.768528011664806	30.639094339216793	0.0	0.0	
16.773164748240678	11.74700294884818	0.0	0.0	
18.74238401115139	8.95430392953606	0.0	0.0	
7.367912953696489	15.965985433529724	0.0	0.0	
23.279295589147196	15.102553102455968	0.0	0.0	
23.136593011907472	17.59130569177993	0.0	0.0	
13.754972660039524	8.605109782708375	0.0	0.0	
19.477192923464294	24.46246562868487	0.0	0.0	
23.17763055263883	28.43649179830537	0.0	0.0	
28.858522245876166	5.488839319450875	0.0	0.0	
2.8969155175634285	17.00082113432485	0.0	0.0	
6.173991441123704	1.3410194243231288	0.0	0.0	
16.040465054924745	18.255266064246342	0.0	0.0	
14.129986732925019	23.011452029720584	0.0	0.0	
30.089080393044117	26.865969969138707	0.0	0.0	
12.89354798295562	7.188587949796869	0.0	0.0	
21.44362272753863	8.521901332403264	0.0	0.0	
12.082660176138408	30.80532815335573	0.0	0.0	
14.014398359017893	2.6572321971748494	0.0	0.0	
17.051009903628394	25.357937770205375	0.0	0.0	
22.34802734989331	2.0970481395085727	0.0	0.0	
2.158370213590203	24.00830932166932	0.0	0.0	
7.159835101647353	7.371845481619861	0.0	0.0	
11.878186308996444	17.505907980503316	0.0	0.0	
13.78501829358995	5.922466443350615	0.0	0.0	
22.597327795705336	31.104183397177614	0.0	0.0	
7.359370079213122	27.73247325082263	0.0	0.0	
3.5341469592326114	0.16711600121436732	0.0	0.0	
20.420644038213567	9.352429160946421	0.0	0.0	
16.21173263856929	8.03314673197131	0.0	0.0	
5.376151108974842	15.599580334487666	0.0	0.0	
24.481928313302006	2.995341682778516	0.0	0.0	
28.138823998099372	31.853873563208687	0.0	0.0	
10.306494676855351	28.897547359793847	0.0	0.0	
27.20950408149224	11.488467497474723	0.0	0.0	
14.646802005487395	25.434721276877035	0.0	0.0	
21.560300051143486	21.62726103899932	0.0	0.0	
12.406667998107181	2.5519855641657188	0.0	0.0	
29.333849967107	5.754558290024981	0.0	0.0	
0.7173352143106797	22.730379680756634	0.0	0.0	
9.885941698294175	2.987729561275465	0.0	0.0	
14.20867388995893	8.692144305976566	0.0	0.0	
18.534657955312305	15.580983235488912	0.0	0.0	
10.400506767632336	7.137683323971146	0.0	0.0	
30.690076840531	12.962066205275683	0.0	0.0	
9.876298541920928	0.008107781919605372	0.0	0.0	
8.367346255958438	27.30037899677018	0.0	0.0	
7.910654592718291	30.55634942557657	0.0	0.0	
3.190472722508183	25.86316688026474	0.0	0.0	
11.499181906738773	24.478916676194014	0.0	0.0	
15.249518713018464	13.663550562057182	0.0	0.0	
14.925329805918796	29.923536273338858	0.0	0.0	
13.530461717366009	25.311605185684456	0.0	0.0	
25.722984490912893	21.65039924125857	0.0	0.0	
12.955622663472294	26.334720008516868	0.0	0.0	
4.625325655249718	7.79780104583519	0.0	0.0	
27.577289323801267	3.4230477339293515	0.0	0.0	
3.0303371928977825	7.837314873830881	0.0	0.0	
8.711372538489911	7.603084873177796	0.0	0.0	
4.770225143904796	20.5386034599695	0.0	0.0	
10.36533097911568	28.435936841541142	0.0	0.0	
13.649597470814896	5.5963055850248615	0.0	0.0	
18.263869121095926	10.492903602409857	0.0	0.0	
22.121591384120592	17.81374874288606	0.0	0.0	
16.636429487849906	17.720274889944207	0.0	0.0	
16.133198519097125	13.159969887882163	0.0	0.0	
2.3100837767233564	16.677234507346494	0.0	0.0	
