2
32.0	0.0	0.0	0.0	
0.0	32.0	0.0	0.0	
2.7236479644312013	11.4104974586831	0.0	0.0	
13.62495555431147	4.997758538120685	0.0	0.0	
13.555956731038648	2.0991699433273894	0.0	0.0	
14.797042044586838	28.434333099335415	0.0	0.0	
13.32312906657696	9.532105230925538	0.0	0.0	
21.854058988789014	31.152219166057847	0.0	0.0	
20.064622615322467	23.484273053572654	0.0	0.0	
29.37645463884466	17.6100514390567	0.0	0.0	
20.709546406187542	20.639226051597664	0.0	0.0	
14.118966419387494	17.44250845981789	0.0	0.0	
23.729417528708403	12.660734390871582	0.0	0.0	
31.77939474906062	1.3209683824687488	0.0	0.0	
25.589228903704043	13.953601813900736	0.0	0.0	
11.235973176779225	20.13315598292261	0.0	0.0	
0.9857751195901265	25.687745008710912	0.0	0.0	
29.232308431357733	5.946070926222298	0.0	0.0	
25.762854551592202	1.0211772168907665	0.0	0.0	
25.31410927280383	31.120510549908175	0.0	0.0	
25.63871331363214	2.8293213616639186	0.0	0.0	
5.483671897519308	22.79005145300055	0.0	0.0	
25.769660069395567	0.5469357872693976	0.0	0.0	
27.2633569845183	19.31047620920437	0.0	0.0	
12.445256025456239	0.6826556252019422	0.0	0.0	
3.2077519397759424	8.141836336542521	0.0	0.0	
29.42281755406779	30.62352234899505	0.0	0.0	
11.445571049404915	24.111664384494993	0.0	0.0	
1.440361831199045	20.944804365034834	0.0	0.0	
14.579040177591995	3.3015008479005594	0.0	0.0	
26.664428844643137	6.562941482352045	0.0	0.0	
21.376801335316266	4.6679692907164245	0.0	0.0	
1.5281093522260498	27.154820109629178	0.0	0.0	
29.56170583464083	31.715707972108852	0.0	0.0	
29.448937411068876	7.7724410068407295	0.0	0.0	
22.96207007544345	17.14646739494659	0.0	0.0	
29.836745681984258	0.1680233459403162	0.0	0.0	
12.0094292965425	23.59608748652294	0.0	0.0	
29.348322624416323	13.47198691907306	0.0	0.0	
15.570321469269029	17.80618646457462	0.0	0.0	
27.369456377573368	9.892299102789657	0.0	0.0	
10.780221972478532	29.547773809106076	0.0	0.0	
31.546440757643914	12.234872265114994	0.0	0.0	
24.689321953929447	28.88534006032788	0.0	0.0	
3.8236218589540307	27.373737491733404	0.0	0.0	
12.525139935446227	0.658722227034449	0.0	0.0	
10.15181499679596	8.487785054433107	0.0	0.0	
24.771238782349243	11.895759828603222	0.0	0.0	
20.26109513762621	20.91591489117093	0.0	0.0	
28.343405483501126	8.04599554718855	0.0	0.0	
6.970414534759961	6.028120593819157	0.0	0.0	
23.491588807695436	11.094554724653609	0.0	0.0	
23.926985816101055	5.435977750220648	0.0	0.0	
14.44127550867329	30.399292349243446	0.0	0.0	
12.417020455072837	26.17217641760069	0.0	0.0	
3.04845662841338	7.333722927836934	0.0	0.0	
29.387696849443373	10.694702542092443	0.0	0.0	
19.792708159610658	17.179094514678166	0.0	0.0	
21.4591275440407	19.871750846958776	0.0	0.0	
9.792707338128356	7.333897655613619	0.0	0.0	
25.32242984526721	27.076840413039065	0.0	0.0	
9.485512279546942	2.224385405500392	0.0	0.0	
28.962324004198617	1.2750956745299575	0.0	0.0	
1.2295972734557203	15.499886880988921	0.0	0.0	
1.6845262874579952	20.05406118650769	0.0	0.0	
10.032025413152816	23.067351734370707	0.0	0.0	
24.069264899884647	28.460490500919196	0.0	0.0	
6.339262062872169	29.073721986048284	0.0	0.0	
13.729065867951359	26.218896887699586	0.0	0.0	
21.040568433570083	15.716423486765269	0.0	0.0	
19.23247194204637	21.040215429696733	0.0	0.0	
4.232809515752326	11.122715036137073	0.0	0.0	
4.419823923244554	8.413297847029956	0.0	0.0	
15.33437087998146	14.609591301013186	0.0	0.0	
14.390652515811706	4.130201737679009	0.0	0.0	
4.814301570054891	22.335303314736755	0.0	0.0	
7.8608894018478175	16.597019605197193	0.0	0.0	
30.740021619502098	17.833311704535223	0.0	0.0	
9.398363897390556	12.179664167676425	0.0	0.0	
9.24394829166279	18.97668494709604	0.0	0.0	
17.869918218110286	17.185540817309906	0.0	0.0	
3.3722234026233515	23.241836038834794	0.0	0.0	
3.6865274080953867	11.738851447741695	0.0	0.0	
13.779608249288298	31.56578598501004	0.0	0.0	
2.6134012546067247	10.41888916681797	0.0	0.0	
18.884457159758764	9.314219650576355	0.0	0.0	
9.604715911565393	31.629973466084163	0.0	0.0	
17.23741448929503	26.060911309501076	0.0	0.0	
29.423323637555466	31.770516807124654	0.0	0.0	
28.845425051876106	3.96714199723257	0.0	0.0	
21.750363178673595	10.073249343052584	0.0	0.0	
25.93036415530497	20.594570542938957	0.0	0.0	
19.265581592838256	0.24653567275894162	0.0	0.0	
12.228770505447542	2.4287483810733512	0.0	0.0	
22.154749111192412	6.019408953848583	0.0	0.0	
7.714504694679622	3.318861879478426	0.0	0.0	
2.3877131372295146	19.742707930845746	0.0	0.0	
17.994371792685154	3.690574636842591	0.0	0.0	
5.270092047535346	21.41807348981182	0.0	0.0	
6.023045249667955	5.449714534053484	0.0	0.0	
12.04811999570305	29.372476366465975	0.0	0.0	
4.77274218942814	0.9255568660268132	0.0	0.0	
4.817844446253574	14.838970420625941	0.0	0.0	
27.955864685354616	12.698231644398206	0.0	0.0	
22.459961694419416	18.406947719467922	0.0	0.0	
26.603062099501926	14.955387892304724	0.0	0.0	
9.33845361606868	8.064749895524383	0.0	0.0	
6.092129927448163	5.16029446511002	0.0	0.0	
10.024038883414491	10.369905452577044	0.0	0.0	
0.44725953564534393	6.144998660541486	0.0	0.0	
19.022252133282038	17.158729034854776	0.0	0.0	
12.294269813454733	16.11890447568443	0.0	0.0	
8.722667370138975	22.65109940256535	0.0	0.0	
20.3575697316929	27.917980362252163	0.0	0.0	
27.206541358649336	1.3874221481389206	0.0	0.0	
14.149823382549716	20.468594625345172	0.0	0.0	
15.391004944977496	26.733037332651538	0.0	0.0	
24.392920171716266	11.469970158559672	0.0	0.0	
22.112328036530528	6.984006464789488	0.0	0.0	
23.811328974859205	16.232850792803454	0.0	0.0	
27.449491488399925	16.80326213155616	0.0	0.0	
18.509043062319616	30.20403035699017	0.0	0.0	
26.227711465840994	28.470744182064905	0.0	0.0	
11.763193127663602	19.980076395656134	0.0	0.0	
19.46172389276915	14.602809647330488	0.0	0.0	
13.643139725484883	3.891120657441906	0.0	0.0	
8.484922435260632	7.367894908967713	0.0	0.0	
14.442888580897158	7.187655474412889	0.0	0.0	
29.035322184334078	19.75468172234584	0.0	0.0	
24.768380389497075	14.96928492100627	0.0	0.0	
3.264030693751213	28.274541685247048	0.0	0.0	
10.389090964736067	28.283575321948643	0.0	0.0	
25.867412171500135	17.343988688426954	0.0	0.0	
22.39318068337347	23.033078440991638	0.0	0.0	
11.031386045367839	1.3055718716466806	0.0	0.0	
25.995416533973277	29.166346752620665	0.0	0.0	
19.861572361519148	4.933885962041327	0.0	0.0	
11.02866711768802	27.319641090969817	0.0	0.0	
22.74652317787476	7.590174072208896	0.0	0.0	
26.990884299268828	10.302339570870654	0.0	0.0	
9.871949241476063	23.29723500526549	0.0	0.0	
27.530828515283307	28.61077804398286	0.0	0.0	
21.319227640222838	14.556380210557283	0.0	0.0	
23.68977634625385	20.281794705407517	0.0	0.0	
15.97472892563777	11.091238751614199	0.0	0.0	
10.71633281596441	10.4030379932626	0.0	0.0	
7.671277749417008	8.721693695385131	0.0	0.0	
5.211476133233084	18.864447057699817	0.0	0.0	
26.257835495390726	15.142607229982335	0.0	0.0	
20.040376072248705	30.237207652495112	0.0	0.0	
7.167338484806283	28.262131507741675	0.0	0.0	
14.383675376573738	11.619876618699621	0.0	0.0	
1.2354642950603711	14.128776106718256	0.0	0.0	
16.219581276361847	0.23214200932684648	0.0	0.0	
14.6549033118837	12.363201333342957	0.0	0.0	
12.899415162593623	29.73933534554382	0.0	0.0	
30.078749235992404	17.44293319883495	0.0	0.0	
19.033404527065716	25.854652389401966	0.0	0.0	
14.798042902010451	3.726704792787679	0.0	0.0	
15.757972606002351	17.313660608975393	0.0	0.0	
26.209436967132984	4.23621387756884	0.0	0.0	
28.440309747442402	24.763172874402184	0.0	0.0	
24.088104962025977	18.151887914213763	0.0	0.0	
19.41755459255157	11.784829106462958	0.0	0.0	
18.212378071892108	7.5399534746780255	0.0	0.0	
2.4007281371611526	24.693081895085935	0.0	0.0	
22.84312912714538	5.5152583924229575	0.0	0.0	
16.50850837523622	24.769767402903362	0.0	0.0	
25.16143687861742	4.0664852612398334	0.0	0.0	
6.928415349343883	8.828343791770202	0.0	0.0	
3.6885956413619923	11.488875805621756	0.0	0.0	
19.097947142021614	18.657948601590988	0.0	0.0	
3.6199363256837387	17.954961158167222	0.0	0.0	
17.272540675222636	21.04806891628508	0.0	0.0	
10.57312439168967	16.80129762425801	0.0	0.0	
3.1998106220836107	26.950601173432656	0.0	0.0	
15.359307404356759	24.31263218415382	0.0	0.0	
20.538153110909988	24.562818845357373	0.0	0.0	
22.898506696073856	17.716802399947188	0.0	0.0	
12.067153849649465	15.254234400432964	0.0	0.0	
25.91972705297902	27.284480101231008	0.0	0.0	
20.33242163765239	21.77609384671376	0.0	0.0	
12.656895599304786	4.82397568206558	0.0	0.0	
10.702101230144056	25.36624436174984	0.0	0.0	
30.54882324970041	12.370484854347843	0.0	0.0	
25.176239881938997	30.835382357140553	0.0	0.0	
22.001330852660214	27.475822303232114	0.0	0.0	
13.47129195846675	29.176728522313674	0.0	0.0	
8.21864008821154	20.23863998257525	0.0	0.0	
5.657930517541104	13.794113994894776	0.0	0.0	
24.43065088916915	5.012399220934647	0.0	0.0	
9.197792754833454	7.842397870577795	0.0	0.0	
20.91683974123359	13.282562959792028	0.0	0.0	
10.413328732193527	29.602312897988693	0.0	0.0	
6.005120562550726	5.215025363295556	0.0	0.0	
6.594034772472188	6.677105830402429	0.0	0.0	
14.554109182860945	13.18405793489029	0.0	0.0	
28.563986180046523	7.280712209194064	0.0	0.0	
10.721444638411473	0.6169193370474737	0.0	0.0	
26.672403896103475	23.54569668379981	0.0	0.0	
26.22136000246399	31.946256673115823	0.0	0.0	
31.23440870319198	7.241761100847956	0.0	0.0	
28.414812422119887	4.176903449862788	0.0	0.0	
17.267320557835223	13.835806060297802	0.0	0.0	
11.683263882326699	21.59037048248429	0.0	0.0	
10.547869655732768	0.8506753190762062	0.0	0.0	
23.559565901103813	18.836186181481494	0.0	0.0	
23.6036512098668	8.336711318464236	0.0	0.0	
1.7577463718972623	31.85832493207798	0.0	0.0	
16.569458794392443	17.016037963753814	0.0	0.0	
8.346985645154934	13.173894820997447	0.0	0.0	
18.450846533466915	24.869573020492783	0.0	0.0	
13.502453030188647	28.25676098875838	0.0	0.0	
29.574766494851215	8.075017490344827	0.0	0.0	
29.745925825062805	7.180564211494957	0.0	0.0	
0.7733527006880472	12.319961862094289	0.0	0.0	
27.359639664301287	5.3003579019102744	0.0	0.0	
25.976633103375597	24.461598715919752	0.0	0.0	
23.345932519031145	28.733992747537	0.0	0.0	
29.501514706978025	17.59417691589412	0.0	0.0	
12.610041815967644	5.1470716039249105	0.0	0.0	
28.899109301632603	9.296094607546287	0.0	0.0	
0.562889438152844	12.810126175137416	0.0	0.0	
1.9189374386629439	24.465642580477642	0.0	0.0	
19.786478529288356	19.21711205179347	0.0	0.0	
26.756782352782153	9.488173343752262	0.0	0.0	
27.008327408499927	12.531577733825458	0.0	0.0	
16.11311818620869	22.229067748195412	0.0	0.0	
24.77623837591795	12.669327385811343	0.0	0.0	
16.09445459957033	2.4926054818571295	0.0	0.0	
7.26209929759553	1.6318703714150047	0.0	0.0	
26.61058539339793	7.172033462667393	0.0	0.0	
4.4435810167374505	13.98234343017036	0.0	0.0	
31.529099539195208	25.31284698874013	0.0	0.0	
15.677933802973001	16.667063577229868	0.0	0.0	
1.4019719443557186	16.560064735169817	0.0	0.0	
11.290117844150789	31.523235536214848	0.0	0.0	
27.734354309094766	9.759844735772827	0.0	0.0	
18.239496805631	15.393772853539208	0.0	0.0	
17.632152523697474	5.137836693329543	0.0	0.0	
6.891231454103959	3.101581058480132	0.0	0.0	
12.099382370323326	16.81133814625008	0.0	0.0	
19.35818662262632	8.055263130110053	0.0	0.0	
5.678960082181323	27.629460323420574	0.0	0.0	
28.261686451152553	23.550063194005077	0.0	0.0	
5.163496201973391	29.55966443106572	0.0	0.0	
26.81924026802971	4.182290918688995	0.0	0.0	
3.6256619585261305	12.5573702089732	0.0	0.0	
26.304876036945725	4.604663073058607	0.0	0.0	
18.71393678051777	28.56916951264934	0.0	0.0	
2.8868866495351675	8.604322276313109	0.0	0.0	
16.510979741693788	12.049379991589866	0.0	0.0	
20.746254128537082	13.481267437261742	0.0	0.0	
15.564246501639118	24.908622190027693	0.0	0.0	
16.638455689048193	5.93592161685611	0.0	0.0	
6.880198308028206	24.62798050491725	0.0	0.0	
11.473896375014014	0.07353040623572937	0.0	0.0	
28.738939135238173	15.246357739343402	0.0	0.0	
30.98551273163834	13.625483858243058	0.0	0.0	
5.524102287665549	17.685317503760032	0.0	0.0	
20.3736650413974	7.6124909611339895	0.0	0.0	
3.8710174772384214	15.091234193994964	0.0	0.0	
28.086067716652853	29.83293222653341	0.0	0.0	
1.6781523794464306	10.822568700294187	0.0	0.0	
20.21982466031993	22.253616171354636	0.0	0.0	
26.44552113249272	26.716777640004405	0.0	0.0	
31.500207885132642	27.83502644763214	0.0	0.0	
28.861661746527453	10.91302622463445	0.0	0.0	
1.53097371273439	22.413460476209558	0.0	0.0	
13.717804947466028	2.6508515480775365	0.0	0.0	
27.199227299589392	31.1076572259561	0.0	0.0	
4.410515702599518	17.0708762828257	0.0	0.0	
15.926208382047811	4.543697407426471	0.0	0.0	
10.463660092385236	3.544306703341377	0.0	0.0	
30.361895533084517	6.080481243213839	0.0	0.0	
19.40480398033639	4.205594368938588	0.0	0.0	
24.198310741590323	30.122718179409215	0.0	0.0	
8.574984471470156	26.886564070146356	0.0	0.0	
29.947471568357415	29.186725318209124	0.0	0.0	
1.3361103026287928	4.510113746964407	0.0	0.0	
27.025438891057973	18.80762743861735	0.0	0.0	
30.76589705460722	11.411076571654263	0.0	0.0	
6.141437548014373	17.498147094116447	0.0	0.0	
24.310368735935526	22.95591506617246	0.0	0.0	
26.26814435277764	9.758028510310481	0.0	0.0	
7.247295493049606	31.967643419349585	0.0	0.0	
5.800866796548121	18.91738478161997	0.0	0.0	
28.40860879138123	31.25215250843645	0.0	0.0	
24.575670114459616	20.574213232232182	0.0	0.0	
10.039319622691217	30.012237782691066	0.0	0.0	
27.68380345427791	21.724271566812334	0.0	0.0	
28.59150102724459	25.156346580595496	0.0	0.0	
30.85874303763285	20.10056740213689	0.0	0.0	
2.9458368940816086	9.964786283317103	0.0	0.0	
1.415645802514927	11.808975957409071	0.0	0.0	
13.813057184130756	18.174926445651554	0.0	0.0	
13.023024356076995	27.615473474126837	0.0	0.0	
0.919698669249815	14.460700478878437	0.0	0.0	
26.78677332175007	0.6411221057203633	0.0	0.0	
26.15171180318373	16.762924878938673	0.0	0.0	
17.03331236678779	1.2934833618063486	0.0	0.0	
8.930748480588733	10.90465921185309	0.0	0.0	
17.46540442835226	27.370676399286147	0.0	0.0	
1.2754762232349854	16.158163803573487	0.0	0.0	
21.261817098977108	25.787157001505467	0.0	0.0	
5.674004858848004	20.50582925564287	0.0	0.0	
28.111395516731623	1.1798013619565708	0.0	0.0	
30.295255269377375	13.356434035464883	0.0	0.0	
6.321130782535452	18.613914854144152	0.0	0.0	
13.534251871429543	31.800122889685746	0.0	0.0	
30.879539992121735	13.777453924870546	0.0	0.0	
2.9571202546296718	8.02607364168098	0.0	0.0	
19.349768592072078	28.2311491063453	0.0	0.0	
27.82901987152383	31.367809972655955	0.0	0.0	
5.842157193823272	25.341392557527968	0.0	0.0	
15.325275027408466	4.846973371002907	0.0	0.0	
27.88641516862301	16.052367613857328	0.0	0.0	
11.702643943657968	19.87992999489097	0.0	0.0	
9.61770365776741	21.98619061198712	0.0	0.0	
8.494075003694814	5.5177543629031796	0.0	0.0	
1.6842268812553627	21.23803105926564	0.0	0.0	
7.407621207310477	30.646461855389443	0.0	0.0	
17.537117261502466	7.366134958467477	0.0	0.0	
18.024328438986323	4.1092731423024205	0.0	0.0	
16.39091936149858	15.01158320832523	0.0	0.0	
12.466317019194207	21.969897797689775	0.0	0.0	
19.052119657480212	4.594704296408093	0.0	0.0	
23.44944994454775	31.576073933433857	0.0	0.0	
11.93041414229954	31.379899123128318	0.0	0.0	
29.76846553092401	20.96144975143776	0.0	0.0	
24.554854361950273	31.574549601768595	0.0	0.0	
18.954304362946232	3.6322278741094927	0.0	0.0	
0.9493944373110956	6.563746267892899	0.0	0.0	
30.89211263099431	10.350629409527823	0.0	0.0	
26.962700883511395	21.725826113514024	0.0	0.0	
13.06177522075469	9.459930075784982	0.0	0.0	
3.5492615775123113	27.26092316775375	0.0	0.0	
24.854849763844506	26.736359678549846	0.0	0.0	
26.21144405937763	30.830731144482396	0.0	0.0	
26.777028939087508	21.602514614286793	0.0	0.0	
2.9206785428185533	25.828918167621215	0.0	0.0	
7.094626845509872	20.887476168799612	0.0	0.0	
13.60884148909106	18.79323513600945	0.0	0.0	
28.522819997014732	21.3211020428395	0.0	0.0	
31.563960380862323	5.01995768297736	0.0	0.0	
7.386662798793292	4.421450780184301	0.0	0.0	
14.030852406013945	27.662648495035217	0.0	0.0	
9.163885615016728	19.289418959392712	0.0	0.0	
31.67648685456362	9.158145045639298	0.0	0.0	
21.461871567942627	11.849967958555261	0.0	0.0	
10.349507718090074	5.5339634558965685	0.0	0.0	
0.30259287811758284	23.07448039429464	0.0	0.0	
13.553926038918956	24.46766720561315	0.0	0.0	
14.135575487690144	13.739969208735111	0.0	0.0	
14.64846627983296	13.81233099815572	0.0	0.0	
2.5078055023941097	6.37808854811307	0.0	0.0	
19.751956651239855	1.967438556591194	0.0	0.0	
24.68468444203343	30.432303289917257	0.0	0.0	
29.47114401824122	17.956900198156323	0.0	0.0	
18.83316217682231	25.750065129540296	0.0	0.0	
19.774588342756243	22.017570102245717	0.0	0.0	
13.690053588152988	21.52437350839924	0.0	0.0	
26.143578616082895	28.581567213477843	0.0	0.0	
20.390912522370737	5.294349677248544	0.0	0.0	
24.148436193332703	19.38396477188529	0.0	0.0	
20.758512402604797	18.282119022910067	0.0	0.0	
12.331332558043506	11.23955468642622	0.0	0.0	
11.127020022748155	0.2848941052768552	0.0	0.0	
5.917562268457889	29.180941612244784	0.0	0.0	
22.14168016088399	19.138494112402263	0.0	0.0	
6.400055681861371	29.246706964308693	0.0	0.0	
30.931455553983856	7.980709849866088	0.0	0.0	
24.061567373216874	14.643596479016296	0.0	0.0	
26.42427039910184	25.605466151453605	0.0	0.0	
12.15279600518842	1.6814094963079604	0.0	0.0	
10.87179702922814	31.907695565977676	0.0	0.0	
19.086638686506962	9.146704332698334	0.0	0.0	
3.419775592653263	12.959209155673154	0.0	0.0	
5.378326416704301	12.70808583672191	0.0	0.0	
22.616393831616985	25.24386284617595	0.0	0.0	
23.578706378027075	20.029735196452087	0.0	0.0	
17.459282414885326	10.69370514833679	0.0	0.0	
2.999832359834393	15.31640324123774	0.0	0.0	
8.41539115563878	6.74992951667468	0.0	0.0	
7.007837810186022	28.951152511473776	0.0	0.0	
2.322550963276619	17.78107481777654	0.0	0.0	
2.253337694326291	30.158454809519082	0.0	0.0	
19.428325364583987	15.317383349885233	0.0	0.0	
25.716691862869126	15.849172359586408	0.0	0.0	
26.720359509946658	31.476254465245933	0.0	0.0	
1.5393343523313412	18.781041653660598	0.0	0.0	
18.186029089542807	15.685268377863121	0.0	0.0	
4.474719491105052	27.40045285076141	0.0	0.0	
6.147826888742063	3.7595212675773766	0.0	0.0	
3.8778000183564174	25.552599556738066	0.0	0.0	
11.624929191743593	30.052773539820674	0.0	0.0	
16.128928236726573	16.36961750400041	0.0	0.0	
21.433398597627228	16.740921223597713	0.0	0.0	
28.41933127635521	0.5504930989120034	0.0	0.0	
31.467448261189688	24.7863480958188	0.0	0.0	
3.1359758362445014	7.804548444080137	0.0	0.0	
22.196782889407885	16.989769817763037	0.0	0.0	
3.315840392480254	12.980856148029176	0.0	0.0	
24.59504328348364	22.658868453423548	0.0	0.0	
24.63426283380757	1.90562870301817	0.0	0.0	
14.165286194563539	27.749656925307512	0.0	0.0	
12.086035274853256	11.86917304008842	0.0	0.0	
8.662298661163604	21.477586280562345	0.0	0.0	
16.017817643817768	12.620436374086193	0.0	0.0	
22.04695365498147	9.760446194585697	0.0	0.0	
0.25671474798800276	1.9935425041823152	0.0	0.0	
16.023778320784995	3.3486800907822634	0.0	0.0	
2.681465013097167	28.5317528083187	0.0	0.0	
24.355487135903942	20.975509815586122	0.0	0.0	
8.79041189666982	26.88669952179822	0.0	0.0	
27.12157828715643	4.124409878317145	0.0	0.0	
31.527669059370268	9.358097992925149	0.0	0.0	
31.42423361113643	5.165070663973907	0.0	0.0	
20.431752379475366	5.980570878511102	0.0	0.0	
27.644503332318777	0.7969055741597906	0.0	0.0	
2.9279099848286734	1.2570700187232156	0.0	0.0	
12.997080194180032	30.96491826689408	0.0	0.0	
28.89410340061425	3.5564459749853405	0.0	0.0	
17.37639854442296	10.315904313794654	0.0	0.0	
13.238020651922128	30.17069939196273	0.0	0.0	
20.731115364666877	12.874182902168023	0.0	0.0	
23.398305488000027	3.1402830698095627	0.0	0.0	
29.99082537910912	15.679576286052114	0.0	0.0	
20.990553317775056	20.91071649723952	0.0	0.0	
4.408120352220262	13.771497063971179	0.0	0.0	
12.356708450864812	6.0148730343062695	0.0	0.0	
12.371461390575366	20.316311831894932	0.0	0.0	
14.791300111960293	6.606417726836227	0.0	0.0	
12.410632544961558	4.770510612527488	0.0	0.0	
27.68050143305699	0.7461128268303092	0.0	0.0	
25.824668812088337	8.680912252206983	0.0	0.0	
3.3899558842835766	4.066892250270332	0.0	0.0	
7.110646893484425	9.072138229019895	0.0	0.0	
22.95117627612664	25.201291827240187	0.0	0.0	
1.1358158021883078	12.48467125822846	0.0	0.0	
19.1523339921221	10.0357413648096	0.0	0.0	
3.802435256231238	7.513801701829454	0.0	0.0	
15.904654808487528	23.126198678573658	0.0	0.0	
12.179226733385757	17.584257405385767	0.0	0.0	
7.277135494129329	13.396271965730058	0.0	0.0	
4.39790122245698	1.1461388843795461	0.0	0.0	
11.088252977986524	11.433609464353538	0.0	0.0	
21.767725167503617	19.32002767239753	0.0	0.0	
5.700039895653568	17.792116331690178	0.0	0.0	
13.148218369445583	15.311191573414579	0.0	0.0	
26.932108173573592	19.453592937179838	0.0	0.0	
26.080985452023246	20.30733506846427	0.0	0.0	
20.18744851769981	7.570163956870992	0.0	0.0	
21.345345599880805	28.019548416869373	0.0	0.0	
19.60550654642531	21.528000491716906	0.0	0.0	
30.750410417793994	28.526026959632816	0.0	0.0	
29.737504418359947	31.950435202142632	0.0	0.0	
26.33096417808039	26.645150262189315	0.0	0.0	
3.8962907704046437	31.66370293780783	0.0	0.0	
1.7234879657646722	6.040766226919946	0.0	0.0	
29.542169843964782	1.6699220925134668	0.0	0.0	
23.25565974027664	30.630548768832426	0.0	0.0	
14.205860494083556	21.674209481012266	0.0	0.0	
14.71282761040839	7.201469754108842	0.0	0.0	
15.602146674395925	17.198433943495516	0.0	0.0	
26.360124386307447	16.738430403475583	0.0	0.0	
27.795485431333315	28.173396544565108	0.0	0.0	
29.703063200659816	1.6843685453748414	0.0	0.0	
20.925176547914997	23.010271239543666	0.0	0.0	
19.41832672786205	5.044060900228796	0.0	0.0	
21.777180335860844	11.50809946270492	0.0	0.0	
14.901440416736534	26.124298151734763	0.0	0.0	
9.949282710837227	14.389079929443017	0.0	0.0	
2.6033891069744755	19.04176866309061	0.0	0.0	
15.733054021419935	28.057669719642163	0.0	0.0	
30.161074699438757	4.834853543584494	0.0	0.0	
10.07047409328024	30.53269316177862	0.0	0.0	
10.877817938529741	6.3895203739095905	0.0	0.0	
12.21226674017037	8.386140029645539	0.0	0.0	
0.894120540096143	23.52457734176168	0.0	0.0	
29.46614676647431	29.950247236094373	0.0	0.0	
10.297059078654598	21.712461422573313	0.0	0.0	
30.271251481401436	5.667705490791786	0.0	0.0	
22.394867012989845	24.119782310022572	0.0	0.0	
3.8075522784015696	24.213394898864113	0.0	0.0	
3.990091301584595	15.534110241529746	0.0	0.0	
1.0461916619004619	28.454907962022062	0.0	0.0	
29.962324120333655	17.99399237503698	0.0	0.0	
2.5846555739799335	13.074802760053814	0.0	0.0	
9.458736962765443	5.267018400022277	0.0	0.0	
15.32831325720623	24.73104768494468	0.0	0.0	
4.024434532088581	20.789430850452245	0.0	0.0	
19.934885564673092	31.06528650499209	0.0	0.0	
9.818401316234059	23.074571216259155	0.0	0.0	
31.758703546258275	16.826137762519895	0.0	0.0	
5.47675159088935	29.139009172630136	0.0	0.0	
29.6646544281455	5.515884710351159	0.0	0.0	
28.421998282450218	16.90555100621573	0.0	0.0	
23.023030719580902	26.163415700923824	0.0	0.0	
15.96088467806561	7.763548285208053	0.0	0.0	
9.376964211825324	15.197908234395754	0.0	0.0	
26.380071749723854	31.91549656338262	0.0	0.0	
4.5369176333177705	2.1315812432505368	0.0	0.0	
25.968514070601035	3.631457929397257	0.0	0.0	
3.5424845127019644	5.377498274178677	0.0	0.0	
2.934351928715799	8.791747629175042	0.0	0.0	
1.7263429675225943	17.878601222483613	0.0	0.0	
11.755300479253513	24.302353065167463	0.0	0.0	
7.054763427409764	13.346230282408282	0.0	0.0	
28.591147589982537	31.901073789095268	0.0	0.0	
12.523697535573444	9.167967526935143	0.0	0.0	
28.65276620988132	29.334857763493464	0.0	0.0	
18.608221108389948	20.73062152596102	0.0	0.0	
18.029524084182963	27.64522471567751	0.0	0.0	
20.034935472439866	10.83663675252614	0.0	0.0	
17.42917080496035	15.705955326774195	0.0	0.0	
6.146862261102811	11.232311881818806	0.0	0.0	
12.922327216792912	31.68066555297453	0.0	0.0	
1.4315296462534022	16.553052515984657	0.0	0.0	
11.466102860043787	23.363236810333817	0.0	0.0	
28.280159817963177	28.519308049700644	0.0	0.0	
18.662309191510392	25.33865082288952	0.0	0.0	
19.482447199816338	23.46407385409991	0.0	0.0	
0.14421697171739822	14.36857152628761	0.0	0.0	
15.083460187341082	17.525868735722288	0.0	0.0	
7.7986791374827185	29.1522101177188	0.0	0.0	
9.021004099729957	1.1943425335560107	0.0	0.0	
12.778518076599635	24.79113940668053	0.0	0.0	
31.66524815939729	3.183628088806291	0.0	0.0	
16.821596888067123	19.50693209700153	0.0	0.0	
8.72748220127998	10.20762134171473	0.0	0.0	
18.00063375164868	5.961691884535291	0.0	0.0	
16.806211709446938	20.177458689249168	0.0	0.0	
8.130894632137306	11.12434728098967	0.0	0.0	
30.144554026331168	28.13649906676245	0.0	0.0	
27.455623361734517	9.978207921612047	0.0	0.0	
17.202893430286046	29.924901378298124	0.0	0.0	
10.163861445801125	31.412997312473156	0.0	0.0	
23.164999050012504	20.092611316045748	0.0	0.0	
8.007370891542113	27.288355705034167	0.0	0.0	
21.893477108640532	8.464758707065755	0.0	0.0	
25.329402016864144	9.799783548901907	0.0	0.0	
29.80586232842692	6.2677512275968965	0.0	0.0	
3.0736337896169346	17.68297479199936	0.0	0.0	
6.517831072712088	18.39420328008033	0.0	0.0	
16.678340097887542	8.750631949921566	0.0	0.0	
20.248459702232058	8.221028716569858	0.0	0.0	
5.08841064133772	23.508541526768997	0.0	0.0	
3.405221527223656	26.75018019129623	0.0	0.0	
3.081107639278308	25.530054399610155	0.0	0.0	
21.689243257302028	28.430810352301865	0.0	0.0	
27.955824621036875	0.5540599507630475	0.0	0.0	
2.395887490787352	1.2552875383936808	0.0	0.0	
21.592419213194923	1.8529000205741788	0.0	0.0	
5.592373237898816	17.904130269495976	0.0	0.0	
7.292974198877264	5.2050090876253705	0.0	0.0	
3.197206693853065	27.660771358745215	0.0	0.0	
7.525700785220842	26.58056838750243	0.0	0.0	
4.741479615874745	11.312076996144047	0.0	0.0	
3.6381105287307633	4.8493328351350655	0.0	0.0	
0.03018781570881046	22.905821391788972	0.0	0.0	
12.05036738321014	21.652617575829026	0.0	0.0	
29.087261899348327	10.452560049865802	0.0	0.0	
15.395443022242208	1.4778210585510365	0.0	0.0	
13.96113452684703	4.467171296345125	0.0	0.0	
2.242763816000352	9.390972932271541	0.0	0.0	
29.82555358536603	15.304934075469095	0.0	0.0	
13.025745843967226	1.3242368938623557	0.0	0.0	
31.858371598069475	30.166021397530628	0.0	0.0	
10.70452510935166	29.48363856281522	0.0	0.0	
23.068766797530632	28.34267292964121	0.0	0.0	
0.6617959528297988	3.2783650119825296	0.0	0.0	
4.474711647626766	15.535900845780496	0.0	0.0	
16.002917165937593	31.175569638434627	0.0	0.0	
14.030858576127496	8.01140944761951	0.0	0.0	
1.0391040213030784	2.1362839718345548	0.0	0.0	
1.3122169675004152	30.651849653017976	0.0	0.0	
7.072616881478368	4.539547287732155	0.0	0.0	
1.1842317087952914	9.507090029168555	0.0	0.0	
0.41375249144345005	19.920634961503044	0.0	0.0	
8.390021644404005	7.038530428743613	0.0	0.0	
14.382292746165312	28.256159277706676	0.0	0.0	
30.386163635496597	8.873157875686218	0.0	0.0	
24.145762463245777	26.398712936791703	0.0	0.0	
29.269038841565635	12.416427402332769	0.0	0.0	
21.067984332096756	10.921865530554655	0.0	0.0	
25.296047894650137	0.512547386873063	0.0	0.0	
9.642039830553486	7.620148643313229	0.0	0.0	
19.85174355819767	27.528212289518663	0.0	0.0	
29.85552563239859	11.245246715841926	0.0	0.0	
4.93152401064383	3.729759978845653	0.0	0.0	
30.127793304737484	0.043534251523297485	0.0	0.0	
28.540253612219693	3.7550109908441556	0.0	0.0	
6.798497997320247	17.08536903904611	0.0	0.0	
21.039918889502662	24.89718611719266	0.0	0.0	
13.976012896391374	12.302974710542117	0.0	0.0	
9.261783554065431	16.477972322086888	0.0	0.0	
15.103282371269088	22.78073222640898	0.0	0.0	
3.863412204372981	8.032149486080566	0.0	0.0	
3.092213871466143	15.026230346856032	0.0	0.0	
29.187886344372547	14.97209501508836	0.0	0.0	
25.425485236199616	4.235359464476474	0.0	0.0	
12.336875592934653	3.654858289835545	0.0	0.0	
16.30964085693978	23.155365219992248	0.0	0.0	
4.6322654249210125	11.710139454368981	0.0	0.0	
21.60042089926003	23.404776772100387	0.0	0.0	
25.645901294154203	11.604744656819374	0.0	0.0	
30.345766217610997	6.713234747235745	0.0	0.0	
26.37292437592637	20.536075641701252	0.0	0.0	
27.37675312985244	1.3684186645567422	0.0	0.0	
26.576869115096212	13.591797506617322	0.0	0.0	
7.097244277202698	31.645482411645517	0.0	0.0	
14.34634685795379	4.931737223367513	0.0	0.0	
7.216333788278497	5.398370868028653	0.0	0.0	
13.039328895841741	14.302540106676538	0.0	0.0	
30.953506252106546	11.709109096290241	0.0	0.0	
8.207982576190009	29.438871305142357	0.0	0.0	
18.095668459688476	17.538758895919468	0.0	0.0	
28.588484139970234	2.1767153287980676	0.0	0.0	
23.79503047974774	15.842886756643296	0.0	0.0	
12.982228700001077	19.90351994511239	0.0	0.0	
6.574039278163834	12.295478092447045	0.0	0.0	
30.975819919853723	4.230729853743785	0.0	0.0	
29.029368822172167	20.466626686711248	0.0	0.0	
24.447044310039743	27.76851303420994	0.0	0.0	
11.19980950959059	10.862031696773183	0.0	0.0	
13.035718578367028	30.423563716852037	0.0	0.0	
12.954434558459337	20.17834738153884	0.0	0.0	
15.177348871552077	12.809111214617488	0.0	0.0	
21.489096271035212	3.3253765040077496	0.0	0.0	
27.441289580346876	30.489118448009446	0.0	0.0	
8.321647464201092	10.569010701656023	0.0	0.0	
7.892516590112699	9.081611303057318	0.0	0.0	
11.090919708662586	27.631107970152602	0.0	0.0	
25.922589332714765	30.830976804464697	0.0	0.0	
4.718154814071241	4.287871528015227	0.0	0.0	
31.347579235649107	24.404139670673953	0.0	0.0	
31.78046735327798	20.073810078816397	0.0	0.0	
3.678330321679013	31.780680050948014	0.0	0.0	
14.264266276777068	3.8597967621228406	0.0	0.0	
17.701772034619264	24.002669548505647	0.0	0.0	
13.014390774300846	16.92502088228916	0.0	0.0	
0.19711998336789094	25.78302508027839	0.0	0.0	
6.577754344510904	5.39487673069533	0.0	0.0	
4.91424482426169	6.966423915360085	0.0	0.0	
12.345389336175444	31.987500355844144	0.0	0.0	
7.459485304495274	4.575774281566293	0.0	0.0	
19.85212353722819	9.855724277841109	0.0	0.0	
30.746723324296745	14.978521518243767	0.0	0.0	
7.386371465188841	10.376662435390934	0.0	0.0	
15.320703908220178	30.4726101276562	0.0	0.0	
31.884957459944133	22.815206012349385	0.0	0.0	
1.2215099156442335	8.510691700470908	0.0	0.0	
10.894078252048587	2.130027284311577	0.0	0.0	
16.295297830680898	14.847201955217098	0.0	0.0	
14.772613399018063	24.839393280634624	0.0	0.0	
26.12197875336255	8.543320879080817	0.0	0.0	
12.169812629518663	25.674744302586877	0.0	0.0	
25.807549224361136	16.724299131828264	0.0	0.0	
11.463960579608333	31.789118050153284	0.0	0.0	
17.087119332944333	26.603573727290783	0.0	0.0	
20.69325035212305	3.570368215801313	0.0	0.0	
20.996307150715907	2.5148551154882988	0.0	0.0	
25.473959974992308	8.941365227396332	0.0	0.0	
12.76055384891579	4.408691539127528	0.0	0.0	
28.57227002269439	5.131879329909626	0.0	0.0	
31.07240307276468	13.134799068560024	0.0	0.0	
15.882288858173027	13.920376874131158	0.0	0.0	
0.7987193575668172	29.700295913269333	0.0	0.0	
16.48921532049485	6.292905224193181	0.0	0.0	
18.994104806085577	27.748061436619658	0.0	0.0	
23.992445657849636	21.619599632051738	0.0	0.0	
15.969734899589348	10.748208257677412	0.0	0.0	
15.694881141271019	15.017218003157225	0.0	0.0	
0.8030540579155598	20.28011597872136	0.0	0.0	
21.348614565292426	20.850760926994962	0.0	0.0	
19.255479813489114	11.871984338868256	0.0	0.0	
19.122561350058877	31.052838427800836	0.0	0.0	
0.5395281333363009	9.09870029578293	0.0	0.0	
8.962740363176255	0.5436389249374756	0.0	0.0	
8.778315239969118	30.67034559092463	0.0	0.0	
30.47085008210247	27.14205384489583	0.0	0.0	
13.039856562787289	11.020816380484803	0.0	0.0	
0.2961958186349172	25.614176039273474	0.0	0.0	
5.70017843091545	8.428305829328515	0.0	0.0	
31.49781143221722	7.114646953661662	0.0	0.0	
0.8715651873593906	24.56994378920831	0.0	0.0	
12.507340056229818	0.8590856865232901	0.0	0.0	
8.40162524952245	21.545808225568173	0.0	0.0	
4.972421699773982	7.610138984883065	0.0	0.0	
20.192015240713033	11.346656069313973	0.0	0.0	
6.761340981675978	2.19597031033463	0.0	0.0	
26.221618132386002	17.63490596201607	0.0	0.0	
21.88966760353957	22.670684323853514	0.0	0.0	
25.86899843036976	0.47329141059693924	0.0	0.0	
16.121419895090522	25.294940271218305	0.0	0.0	
11.575358003070232	2.848174868125586	0.0	0.0	
28.62495440719063	30.05701359361138	0.0	0.0	
15.324166360694992	25.710648465415982	0.0	0.0	
25.826456757833853	31.5932203280462	0.0	0.0	
13.575757477702371	22.904088154690218	0.0	0.0	
7.829120252595207	15.356993608235605	0.0	0.0	
16.73957958074678	23.16796345081231	0.0	0.0	
7.486466161004653	16.330516410525487	0.0	0.0	
2.912046558903892	13.407347983786469	0.0	0.0	
23.345992057529173	29.302627154434465	0.0	0.0	
1.8964569857108557	13.086045492239567	0.0	0.0	
25.358648223475583	2.1759764806969386	0.0	0.0	
27.888080909725023	29.795565147966414	0.0	0.0	
1.888776788224849	4.590147418195482	0.0	0.0	
9.68987404966142	8.091095561107476	0.0	0.0	
23.346866248456575	27.865683726559404	0.0	0.0	
27.286388044590527	1.3485341188178666	0.0	0.0	
15.213948702476074	5.1420964751806295	0.0	0.0	
13.03525410212199	27.098040156012818	0.0	0.0	
12.419934199690914	26.638407449098686	0.0	0.0	
21.418309993024636	7.1658620285148125	0.0	0.0	
4.110871296200095	8.10773840187429	0.0	0.0	
16.226901524834776	30.63470961753307	0.0	0.0	
29.48668447000312	10.589671301876134	0.0	0.0	
17.79961476830566	19.500715788392185	0.0	0.0	
9.82831225183229	22.62175520528559	0.0	0.0	
30.146909537691997	15.313500527911103	0.0	0.0	
25.90331290825512	27.72341154781236	0.0	0.0	
13.331790591104099	20.99284987018882	0.0	0.0	
16.674701870632045	6.598861049999847	0.0	0.0	
28.242997788662777	19.43034941784725	0.0	0.0	
12.582833390699289	3.0976106234237264	0.0	0.0	
9.66761653028653	22.59347278593711	0.0	0.0	
13.916396827837374	23.08380021752785	0.0	0.0	
27.405913004671167	29.21500829626834	0.0	0.0	
12.304947709810733	13.94242667563558	0.0	0.0	
1.2176017193655149	22.52465515363919	0.0	0.0	
28.357691856075004	31.79512903336678	0.0	0.0	
13.415008995949428	0.18665547162461138	0.0	0.0	
5.724496477877718	28.19738331414446	0.0	0.0	
12.648070381787957	27.91378621722155	0.0	0.0	
27.293820380577955	7.653475444246723	0.0	0.0	
30.47787658217325	7.266462512123155	0.0	0.0	
28.463696698613926	15.263090801169245	0.0	0.0	
26.27509841576876	5.708388370301048	0.0	0.0	
10.092391908947665	0.6169904923637795	0.0	0.0	
6.2373619442832755	12.861878533346918	0.0	0.0	
0.7141993874600843	2.65970127726769	0.0	0.0	
16.4622874231527	26.319944893048913	0.0	0.0	
21.800976679902668	9.335641130120727	0.0	0.0	
0.40414994501868406	10.453392897397876	0.0	0.0	
0.37283395827633825	16.389307693936757	0.0	0.0	
26.39891264462038	2.5950790882409294	0.0	0.0	
3.666206636328898	28.907011548412864	0.0	0.0	
5.457054740301835	17.605828290333154	0.0	0.0	
6.773012955053609	3.843797567060083	0.0	0.0	
10.178086885003676	30.74697762722714	0.0	0.0	
11.015398211525305	19.26872969680549	0.0	0.0	
6.1032874275251565	8.885973108020657	0.0	0.0	
3.7803682184978555	23.59312605696677	0.0	0.0	
4.141587854118349	18.366521844340944	0.0	0.0	
7.953580317132982	2.2184835036883896	0.0	0.0	
8.461746005624587	15.906650154195177	0.0	0.0	
13.694232804816949	30.1170973710294	0.0	0.0	
8.635832514024909	28.13641181409203	0.0	0.0	
13.161286461337845	2.7647000813792673	0.0	0.0	
30.447028217810885	2.8597305570134033	0.0	0.0	
8.275340532723334	28.431317531784302	0.0	0.0	
21.14165696123435	2.9616863740173542	0.0	0.0	
15.878384167556412	28.277596260400145	0.0	0.0	
11.075678703335097	22.39015783205955	0.0	0.0	
16.76045737662919	0.3794669823204444	0.0	0.0	
27.929647864625974	27.65468494068156	0.0	0.0	
26.5404160512098	27.302810950678058	0.0	0.0	
6.439397195357937	31.345866033761578	0.0	0.0	
3.4826990019508095	0.01304994624683431	0.0	0.0	
24.25561667105937	23.584053661579784	0.0	0.0	
24.83741795840471	29.427012818791283	0.0	0.0	
13.450215640441439	27.531320479859314	0.0	0.0	
6.655610586403316	5.029441571740005	0.0	0.0	
2.930502562209657	10.41498326738138	0.0	0.0	
1.4659299700661492	26.464332722633127	0.0	0.0	
2.2481866111152797	22.616921435846834	0.0	0.0	
12.669133504278264	8.388705551636626	0.0	0.0	
2.577156526123723	10.774420514286895	0.0	0.0	
16.34338871465148	20.935455253719933	0.0	0.0	
28.31377154803878	16.671457060897946	0.0	0.0	
9.069919430048262	18.9196235444044	0.0	0.0	
11.535163732068341	16.863989532405814	0.0	0.0	
28.879696034806468	31.91830876041117	0.0	0.0	
8.037380832466866	24.50074752839758	0.0	0.0	
30.06788901161463	17.586452461183796	0.0	0.0	
27.810722165962122	11.194919868509498	0.0	0.0	
3.0507049694378274	6.4405325449823785	0.0	0.0	
28.28649968866991	5.1707739306709435	0.0	0.0	
23.026356132169152	4.584353505002525	0.0	0.0	
13.179998436694195	20.555424973546444	0.0	0.0	
28.109695734828964	16.078229506862925	0.0	0.0	
7.1060372445860445	16.79477938944396	0.0	0.0	
6.384686076577896	25.390110998459487	0.0	0.0	
24.072031684143255	7.663757474401216	0.0	0.0	
3.1345295360734475	25.023886828212166	0.0	0.0	
23.89523734170906	2.7902169924142477	0.0	0.0	
9.236047570750301	20.06109520548311	0.0	0.0	
21.177713820438097	17.918538401318543	0.0	0.0	
27.50874888842221	29.21773355725535	0.0	0.0	
30.674096887039877	0.5619349059618663	0.0	0.0	
8.314056115672916	2.20930716307846	0.0	0.0	
17.57087074763113	1.7548692830670056	0.0	0.0	
22.224389445845905	13.828914701762933	0.0	0.0	
5.5916867888152275	24.45302482126356	0.0	0.0	
17.90108889035092	14.575361495205168	0.0	0.0	
6.946989604581205	29.93638859954283	0.0	0.0	
24.485920592300126	8.029552730940921	0.0	0.0	
5.19906693119232	20.31958858470692	0.0	0.0	
11.899186707851072	7.1496347187292635	0.0	0.0	
26.408662783755904	8.490052771849388	0.0	0.0	
19.672130686885346	11.693892554418689	0.0	0.0	
9.097850049430988	30.38749578775482	0.0	0.0	
26.13202453598922	15.15446073606849	0.0	0.0	
4.3991825795251	3.8769324394731086	0.0	0.0	
7.106971301386707	4.0957830489725175	0.0	0.0	
14.073931832177717	6.937048295126033	0.0	0.0	
20.137573755709514	2.7659424140429394	0.0	0.0	
15.083943123881081	15.157139535274563	0.0	0.0	
17.895387508012575	8.249532318321748	0.0	0.0	
2.301660281158405	16.18088970850478	0.0	0.0	
26.627582097538358	12.858016627196857	0.0	0.0	
16.300166436683014	2.324864434679977	0.0	0.0	
12.072054150464172	29.921864385465298	0.0	0.0	
11.601375472851565	7.324610797653122	0.0	0.0	
16.5481136130884	10.160426494771816	0.0	0.0	
23.784152226325435	17.914923228484266	0.0	0.0	
24.377045819525154	11.524140029204968	0.0	0.0	
27.011930646826233	8.96886899454006	0.0	0.0	
4.489544506580923	4.976440118886021	0.0	0.0	
7.8404236819216315	28.057571253807232	0.0	0.0	
15.312648279595297	21.287245665422237	0.0	0.0	
17.573719380893735	27.330478219488135	0.0	0.0	
17.04622304144865	0.586441219106014	0.0	0.0	
1.691731896816215	4.872506110086572	0.0	0.0	
5.6813046322635685	8.809821931144281	0.0	0.0	
16.10768335371823	16.229665852851607	0.0	0.0	
16.097061769833132	19.02765487845728	0.0	0.0	
18.895197386286842	30.644251808825747	0.0	0.0	
22.198628579221904	31.74426424337762	0.0	0.0	
23.912573535357918	14.67935034402565	0.0	0.0	
17.30915368727639	4.910721860938292	0.0	0.0	
20.339849917259368	17.054638267584195	0.0	0.0	
5.860692298697071	1.6476780384902057	0.0	0.0	
29.55848871592295	6.1050627260103525	0.0	0.0	
3.0770454103694327	27.056996135079366	0.0	0.0	
8.898094503959026	22.400067457343006	0.0	0.0	
9.589545665830624	0.0145501399192014	0.0	0.0	
12.549017314552568	5.917897927248482	0.0	0.0	
30.53191110653291	24.708864751082587	0.0	0.0	
6.510264123998724	24.10211066786283	0.0	0.0	
8.627426924099233	3.7152526417654386	0.0	0.0	
23.867495570957228	19.79694347632509	0.0	0.0	
31.013968191096385	2.7463048103694057	0.0	0.0	
29.827697003360974	8.120425516720537	0.0	0.0	
26.881580079442912	24.503993025180325	0.0	0.0	
0.2990205615960271	19.387188548206282	0.0	0.0	
18.974422997438715	26.920773462355893	0.0	0.0	
4.500547685755816	21.73730261297868	0.0	0.0	
28.341055965304772	25.919493054677687	0.0	0.0	
16.341599888941918	7.525659415762814	0.0	0.0	
19.197241842645106	8.823190213640597	0.0	0.0	
26.95752916788115	19.863668416846178	0.0	0.0	
0.18647152796319233	16.417517258229427	0.0	0.0	
9.422158220353435	12.312393333918948	0.0	0.0	
5.1245649373493976	15.877160912982024	0.0	0.0	
25.19519970221783	23.828811949788964	0.0	0.0	
16.95956284589101	11.673104736736335	0.0	0.0	
24.252674178795907	15.594368634051914	0.0	0.0	
6.9407557382261515	15.927508078083154	0.0	0.0	
31.640089060343435	21.04123755453047	0.0	0.0	
7.787362251398019	4.859504267230914	0.0	0.0	
23.174784256164756	21.342808501155055	0.0	0.0	
5.988362915700854	21.247736870906696	0.0	0.0	
13.333547175352795	20.871588459019016	0.0	0.0	
14.949140921341208	13.946584518673571	0.0	0.0	
17.405551069874566	13.00834241643501	0.0	0.0	
8.264019577845598	1.7388980518073112	0.0	0.0	
1.351997771582628	16.434571836984567	0.0	0.0	
18.309224205104243	2.938925645540749	0.0	0.0	
15.39185889792952	18.558229781959533	0.0	0.0	
4.482574524168232	22.9944231864217	0.0	0.0	
26.851528898974905	19.482801686843967	0.0	0.0	
10.865049884335804	25.273004896422176	0.0	0.0	
30.386470902632492	29.03238526400312	0.0	0.0	
14.358251050883975	5.686670029027422	0.0	0.0	
25.45216667259655	27.211301162292933	0.0	0.0	
18.170921750193298	28.617939326902434	0.0	0.0	
1.3328205957041526	16.694948631468645	0.0	0.0	
12.214116353784288	4.262427310594678	0.0	0.0	
5.13158656485863	6.5995213174551175	0.0	0.0	
26.83355633229361	23.462305492940562	0.0	0.0	
19.469831973725938	0.6867688363262552	0.0	0.0	
25.67199219857649	7.176451812285503	0.0	0.0	
18.469626184454988	11.133177328710197	0.0	0.0	
9.9694246210856	22.998492254392204	0.0	0.0	
3.292461766917679	5.74843594099293	0.0	0.0	
23.86522893522117	2.9887857419092967	0.0	0.0	
23.99362237423422	1.3972976319321653	0.0	0.0	
19.713193429075556	31.503165157359962	0.0	0.0	
19.765833905829172	30.73783997313528	0.0	0.0	
3.234338249264603	8.573306060163603	0.0	0.0	
0.26586473835545377	14.326204023348748	0.0	0.0	
8.518648574636977	30.012446952297648	0.0	0.0	
21.753053222065365	18.43035163641254	0.0	0.0	
4.820698527843106	15.59312222455257	0.0	0.0	
13.925265204154066	3.948187593757524	0.0	0.0	
12.170512671587385	22.014220829209037	0.0	0.0	
21.080532553005998	30.0008898909856	0.0	0.0	
28.745276927944936	10.975893583220557	0.0	0.0	
7.15378356409451	1.5063446215320617	0.0	0.0	
6.726429005808338	28.940968129981215	0.0	0.0	
0.5061424983020899	1.6643234633278823	0.0	0.0	
24.55610048091411	30.808048725235285	0.0	0.0	
18.091519791670542	15.90775553937776	0.0	0.0	
11.23869071908442	11.449691300538937	0.0	0.0	
31.220681513320482	9.034041620389903	0.0	0.0	
18.692915907689628	24.471367496095958	0.0	0.0	
16.954443906661187	5.99889016311154	0.0	0.0	
19.86572414673506	23.08069506505935	0.0	0.0	
14.808521249745514	1.9255477804056085	0.0	0.0	
9.19664694156037	28.461923450526438	0.0	0.0	
6.202863147696814	1.6006083417582495	0.0	0.0	
0.058043282707252786	26.060550761885196	0.0	0.0	
29.861665681218287	23.356393975857863	0.0	0.0	
15.345737647593644	1.4554488278603763	0.0	0.0	
17.63985664903874	28.585141683444235	0.0	0.0	
30.128739492751386	9.526181872505912	0.0	0.0	
24.589824878101304	22.917465829424245	0.0	0.0	
31.267212011224327	21.215901331834903	0.0	0.0	
12.306421992083354	23.686347939349425	0.0	0.0	
6.6714987114411315	10.332959092896957	0.0	0.0	
2.3459210398809844	30.141153406518267	0.0	0.0	
30.07021268490895	10.003760674586282	0.0	0.0	
4.66779840604616	1.0435439139316962	0.0	0.0	
7.365956628141888	8.950600842770726	0.0	0.0	
31.962832203659627	29.02393545585636	0.0	0.0	
16.122538224167588	29.040007169371474	0.0	0.0	
3.3325642197458443	28.090083554675974	0.0	0.0	
7.949000776973939	5.562942961128719	0.0	0.0	
27.41172361902542	23.323155003896055	0.0	0.0	
4.3512906487414185	12.868390468591866	0.0	0.0	
20.864189567455306	27.54270630409945	0.0	0.0	
14.063901166350867	21.274082350215114	0.0	0.0	
14.518667771065143	24.46917301253602	0.0	0.0	
10.1261273455776	17.30273786506494	0.0	0.0	
29.516225970234675	13.958390998217101	0.0	0.0	
8.799560980351245	22.992584509139974	0.0	0.0	
3.0090921621376694	7.662501746814183	0.0	0.0	
3.3968175605475466	25.11431778925787	0.0	0.0	
2.4970164942375206	2.743147871123135	0.0	0.0	
12.969370521144768	17.71224891785731	0.0	0.0	
17.404460044035275	12.770835191321666	0.0	0.0	
19.940534006433168	11.544615144068501	0.0	0.0	
22.46736349237115	30.852253669587164	0.0	0.0	
13.954047022408801	11.711787926572551	0.0	0.0	
8.643327016597866	22.05974373100518	0.0	0.0	
29.9874942039925	7.437930899165796	0.0	0.0	
12.676478556112158	12.528379178472516	0.0	0.0	
19.653299280454135	15.663320524488888	0.0	0.0	
14.489886640868558	24.056300522754515	0.0	0.0	
15.587388273325853	0.4699882135223845	0.0	0.0	
12.191007008614694	24.26738025107415	0.0	0.0	
19.09197645977355	13.578610004548718	0.0	0.0	
0.5009447420580138	4.7775738525728215	0.0	0.0	
31.306348906805475	15.057110299308668	0.0	0.0	
5.095777732125473	22.466913583673847	0.0	0.0	
13.908626914423397	31.4001330545136	0.0	0.0	
3.0838215680035717	17.0574661318375	0.0	0.0	
24.29562966190537	10.741676658221824	0.0	0.0	
3.874911301212716	16.93219479334766	0.0	0.0	
28.776467455872197	9.239016785399905	0.0	0.0	
8.718660521581715	22.872492983616635	0.0	0.0	
3.1050295702355655	31.90254837219207	0.0	0.0	
26.572366411210695	15.002106250077468	0.0	0.0	
20.704591585007257	12.249131357661323	0.0	0.0	
16.62565922860659	4.798371513008242	0.0	0.0	
9.669592336550703	8.356808004924996	0.0	0.0	
1.0550673614979864	10.69309601576888	0.0	0.0	
30.332972516474122	29.86115982952823	0.0	0.0	
28.247555434053393	22.15150350584017	0.0	0.0	
11.341748780513562	12.463915137683507	0.0	0.0	
26.543657917777484	9.319277560208654	0.0	0.0	
13.883223892543604	27.264805117872456	0.0	0.0	
29.781260663861833	5.992905394889025	0.0	0.0	
14.936070983821132	16.325270737770985	0.0	0.0	
7.70096495124837	27.58499218957161	0.0	0.0	
21.080706567398607	27.93841308981812	0.0	0.0	
8.260853992105979	5.085174851842591	0.0	0.0	
19.46259726620294	12.531281355833737	0.0	0.0	
7.392932820965736	8.158442765288246	0.0	0.0	
3.9887253498798607	18.071109168404327	0.0	0.0	
16.75889977197317	20.494109517827013	0.0	0.0	
6.866498999806133	6.350928178794568	0.0	0.0	
8.354110303430915	30.75636661141237	0.0	0.0	
14.550687169831392	29.837178399956496	0.0	0.0	
12.44146921760127	20.525239803999213	0.0	0.0	
2.807859327091979	22.320320497198423	0.0	0.0	
28.610939108662127	23.75860692020766	0.0	0.0	
5.562740645547549	28.420590805069647	0.0	0.0	
14.440880467432436	31.449951809759774	0.0	0.0	
3.819691407136048	9.397548116486409	0.0	0.0	
1.0617070157946422	9.858437414325895	0.0	0.0	
27.74286877322836	20.465671114906094	0.0	0.0	
1.75976878590291	1.8566271935941465	0.0	0.0	
21.181050780593857	31.426385749113084	0.0	0.0	
3.580696615645458	26.208131083629233	0.0	0.0	
15.031004921370066	10.154191691504188	0.0	0.0	
14.629236604663962	13.503077250504244	0.0	0.0	
8.61008509963268	17.270079225336584	0.0	0.0	
15.079292435884124	23.884721028339513	0.0	0.0	
29.256815875437816	30.20964018592663	0.0	0.0	
17.258981845464906	7.567841504944965	0.0	0.0	
9.51965123513991	9.973234895748334	0.0	0.0	
21.580461538373545	4.310348244053387	0.0	0.0	
26.333197528479374	9.480848532478898	0.0	0.0	
6.922626942948078	8.924841504049446	0.0	0.0	
19.205394430824583	22.343739568756487	0.0	0.0	
25.900778729713917	26.200653011393264	0.0	0.0	
5.017228976570621	7.391726972374819	0.0	0.0	
6.491997114912987	8.315392615276359	0.0	0.0	
6.2291357798310685	18.260154765737077	0.0	0.0	
2.281785134521428	31.83866870322023	0.0	0.0	
26.96633649810915	19.8952807103621	0.0	0.0	
