2
32.0	0.0	0.0	0.0	
0.0	32.0	0.0	0.0	
18.652534500683522	0.20409010072258127	0.0	0.0	
7.204904534942106	10.74981329395619	0.0	0.0	
19.75703892868021	25.9647865645187	0.0	0.0	
4.312935254861504	13.398181935037353	0.0	0.0	
7.190719683342451	19.267974422279526	0.0	0.0	
18.260173858189063	16.00723518103526	0.0	0.0	
5.655662848918254	16.159172206050652	0.0	0.0	
24.88439736946068	16.79450062700378	0.0	0.0	
17.30909702141665	6.420666183649267	0.0	0.0	
9.908489894189977	26.654666779385455	0.0	0.0	
11.341840642529977	22.963679340757952	0.0	0.0	
3.5057216592345277	15.361530556783293	0.0	0.0	
10.768734152760967	6.775079597781531	0.0	0.0	
2.8046170641374566	28.05802828453259	0.0	0.0	
4.454949918998796	14.038834616108211	0.0	0.0	
3.1244059236874584	8.641950934975057	0.0	0.0	
19.94039257331158	2.592408366527067	0.0	0.0	
5.895361034849969	17.610846153621885	0.0	0.0	
29.837897343153273	1.1322494770078322	0.0	0.0	
29.78025679644597	9.215345624154715	0.0	0.0	
9.13765741462926	12.370242540915307	0.0	0.0	
6.624705164617151	20.834930494954914	0.0	0.0	
1.2755141144728377	2.787431339601021	0.0	0.0	
13.298806289389184	11.180074983832963	0.0	0.0	
26.601750028228302	1.0107755969369094	0.0	0.0	
26.54068794542951	19.25518770138872	0.0	0.0	
23.03049249141787	1.6845610118409127	0.0	0.0	
21.2902817505551	27.96339538229117	0.0	0.0	
25.14872150077674	7.7128217411441895	0.0	0.0	
14.904205828925335	28.593716163991736	0.0	0.0	
17.36995233854093	23.65457409815376	0.0	0.0	
1.514257566753507	26.130289667779326	0.0	0.0	
13.507025224432137	19.54917124102495	0.0	0.0	
27.082769679516346	5.105746895582769	0.0	0.0	
17.089249693216274	12.287142853096682	0.0	0.0	
3.6932351453818413	18.489286418070666	0.0	0.0	
16.307076621231285	0.29297118993150306	0.0	0.0	
18.922643207251873	11.21593461267532	0.0	0.0	
30.204146067454168	28.04874712253417	0.0	0.0	
30.275452008224196	2.664959234840527	0.0	0.0	
21.607835212809672	7.867404977861877	0.0	0.0	
12.41887578973676	18.029096020529973	0.0	0.0	
16.61451515414048	27.240886000234777	0.0	0.0	
11.31353106325981	28.364695659539542	0.0	0.0	
3.3213907510599157	18.144876205685406	0.0	0.0	
13.906879679031956	27.493541893330807	0.0	0.0	
9.736639079600451	25.56225081728166	0.0	0.0	
30.53911601308124	5.332574604149592	0.0	0.0	
10.217291508816206	0.9704755202500337	0.0	0.0	
20.36512665527728	12.76840739270311	0.0	0.0	
16.341883711147062	6.0287437353318545	0.0	0.0	
0.7260004011793519	6.715404225529941	0.0	0.0	
6.0269438679594245	8.971597131393374	0.0	0.0	
2.968766293837323	3.898262165457396	0.0	0.0	
28.500859942735627	6.742945121505599	0.0	0.0	
14.623754674142202	13.82261312896108	0.0	0.0	
6.228758735148734	15.595864492050325	0.0	0.0	
22.099903266481565	20.16076934709577	0.0	0.0	
30.49142159724666	28.797505122344766	0.0	0.0	
3.7448735290374664	11.341549611773203	0.0	0.0	
3.981585319143136	28.63235548577347	0.0	0.0	
4.4049670868867565	0.7580437149347858	0.0	0.0	
12.952319343590204	23.521217104828867	0.0	0.0	
28.75746191171138	31.205541185125508	0.0	0.0	
27.68706054489315	24.191964908897134	0.0	0.0	
29.24562793574979	18.183546291260186	0.0	0.0	
0.17180445304822456	7.933170620043562	0.0	0.0	
30.766854230461067	31.16349533152127	0.0	0.0	
18.165309229844226	17.216226916003855	0.0	0.0	
26.949624620238527	18.22504928636979	0.0	0.0	
11.515896895179456	6.845274173888175	0.0	0.0	
11.787299575577467	7.593308636470237	0.0	0.0	
5.677923014041394	13.87475903012864	0.0	0.0	
24.505580958854356	13.961044262632385	0.0	0.0	
8.493314663820726	1.5191962952161688	0.0	0.0	
3.621459297340248	28.08325791552577	0.0	0.0	
26.57210246406558	12.812175814544574	0.0	0.0	
26.25214004206109	7.787429816029647	0.0	0.0	
17.69414277048933	8.897662112520663	0.0	0.0	
1.0141714312771448	2.578003243377143	0.0	0.0	
27.56385924578235	9.176580849702137	0.0	0.0	
21.97789122536436	2.7429573304356865	0.0	0.0	
25.58390439045205	1.351083142119986	0.0	0.0	
12.935791384536753	29.39239936518671	0.0	0.0	
0.051829923011780465	30.743136697145104	0.0	0.0	
26.118299227556292	28.850691243722505	0.0	0.0	
16.92425093129169	6.473042386345796	0.0	0.0	
1.850847370799265	17.119495940486896	0.0	0.0	
22.548964221263173	15.431481789996848	0.0	0.0	
23.163307639269675	11.334583947550673	0.0	0.0	
23.552648268717924	13.70968556277209	0.0	0.0	
11.878162783511442	11.091795110284373	0.0	0.0	
11.37988978834634	2.0724557588469956	0.0	0.0	
19.754374070320097	5.2334907387920175	0.0	0.0	
23.227810695744516	9.051822113258808	0.0	0.0	
16.277641391562966	22.586275246169293	0.0	0.0	
0.6733082730706279	23.010251616138323	0.0	0.0	
12.424403832121207	23.40566553217427	0.0	0.0	
25.255484258348275	21.848581674703354	0.0	0.0	
20.69557756559406	15.022076189873019	0.0	0.0	
16.324946290681346	7.4153600021434265	0.0	0.0	
23.343161181449393	14.905489877098226	0.0	0.0	
4.543817587331478	18.19008378553356	0.0	0.0	
6.519183377118271	17.966451171864975	0.0	0.0	
3.076159687677926	20.279975168107583	0.0	0.0	
16.213304106130177	18.583072190644632	0.0	0.0	
7.7488578811551605	11.421070254119236	0.0	0.0	
11.018205791501579	1.7157769175372763	0.0	0.0	
13.818571554541137	8.808167249868003	0.0	0.0	
28.702148018893404	30.99464273269409	0.0	0.0	
26.97448550887359	9.971084993938728	0.0	0.0	
7.961147647802296	21.8827410320566	0.0	0.0	
4.882884825074683	12.025503820934652	0.0	0.0	
5.482825888159347	21.578209146918727	0.0	0.0	
10.61372840195239	6.221350088200484	0.0	0.0	
28.288078910551683	29.7490689224165	0.0	0.0	
7.592612420284411	30.316961085456462	0.0	0.0	
2.5781114859782868	13.198001044129189	0.0	0.0	
25.589116528306413	29.759077211223655	0.0	0.0	
8.968966120506575	31.84186176499584	0.0	0.0	
17.404919326840965	27.862127597163735	0.0	0.0	
15.815584866792321	15.575779324462925	0.0	0.0	
10.908275425835065	22.58096442461666	0.0	0.0	
24.484637202552413	30.64006992371051	0.0	0.0	
15.577740190893962	5.291777005380485	0.0	0.0	
19.456736651744947	8.412970251366506	0.0	0.0	
15.607543435144482	0.37954852794825555	0.0	0.0	
21.676697504056325	17.479373076156747	0.0	0.0	
6.664542398514438	16.091389060737555	0.0	0.0	
28.382107134532525	12.241033188590272	0.0	0.0	
15.544803193634774	9.986829728205397	0.0	0.0	
15.033156052920404	20.8556629598289	0.0	0.0	
9.84023603995172	16.96204182945736	0.0	0.0	
14.917860342463786	20.566739857135204	0.0	0.0	
8.715441679825947	8.368725700671813	0.0	0.0	
13.699717388540652	19.261941484011043	0.0	0.0	
16.55106503068001	4.983686345798084	0.0	0.0	
30.5708218607142	22.490283604154836	0.0	0.0	
0.6243134881767602	23.905412373194544	0.0	0.0	
9.402420389337596	10.652228773455455	0.0	0.0	
28.89775606063662	30.297305287907662	0.0	0.0	
30.834756813683153	20.93371623603003	0.0	0.0	
26.729011750771143	14.335099500344768	0.0	0.0	
0.4887727197270131	6.303155304023068	0.0	0.0	
16.706158542460788	27.416148304085876	0.0	0.0	
18.29404047939694	0.23416346668194876	0.0	0.0	
11.732044684053012	2.7835455998711787	0.0	0.0	
7.472566403674989	20.171102925703227	0.0	0.0	
4.575677134274915	27.529371470692517	0.0	0.0	
14.2873930263513	6.901367263055427	0.0	0.0	
21.29598109037928	6.3049282869594805	0.0	0.0	
14.79167872596554	30.740698086697563	0.0	0.0	
1.4309350629898177	3.4652854973140776	0.0	0.0	
18.516747920643194	7.287121057774645	0.0	0.0	
6.902282688730725	8.212224388211872	0.0	0.0	
11.557163358577824	24.775080637151053	0.0	0.0	
7.581556574396764	17.59915357582332	0.0	0.0	
1.8204997014625732	19.359235434176654	0.0	0.0	
24.328968765181973	18.552146669778676	0.0	0.0	
27.988642425185194	30.193918436343065	0.0	0.0	
26.631735194021317	2.1699326998002313	0.0	0.0	
6.191805080304476	1.1034853070487713	0.0	0.0	
10.13163099339027	5.669200723196486	0.0	0.0	
1.3220739665016126	3.5207450233884785	0.0	0.0	
31.43961557101329	26.85410527440525	0.0	0.0	
31.408018080937897	27.412753052583508	0.0	0.0	
5.999496600125585	3.370142708773585	0.0	0.0	
10.505932726780571	4.1998507487838275	0.0	0.0	
12.950761505890846	22.708016689840523	0.0	0.0	
6.541361230755761	8.618769154568142	0.0	0.0	
7.277023179325731	11.991188155281584	0.0	0.0	
15.503070733485242	15.564217313362231	0.0	0.0	
28.868546241992725	6.382676834427773	0.0	0.0	
26.390139904478325	10.63395436579653	0.0	0.0	
10.167518214625307	20.64995951217369	0.0	0.0	
23.231418638535633	15.298039862552812	0.0	0.0	
10.88790692628983	16.45411948215858	0.0	0.0	
1.2462367606015157	13.562322576787238	0.0	0.0	
5.895905142497373	17.233597917976738	0.0	0.0	
1.21066312807584	24.707605056738284	0.0	0.0	
5.984998470862273	2.1298503929174544	0.0	0.0	
11.79779862722129	22.824690528295534	0.0	0.0	
16.14380717911709	20.281941620928844	0.0	0.0	
14.64912224609624	23.996014675116403	0.0	0.0	
24.19927181942393	22.993255891162264	0.0	0.0	
6.295668647243531	24.06047675839341	0.0	0.0	
27.51040913118856	8.525504901654664	0.0	0.0	
27.6203050364963	19.434534528540656	0.0	0.0	
19.63304975367205	27.27425848625592	0.0	0.0	
13.405611455552247	23.259805321240908	0.0	0.0	
27.201378914428847	28.73778079906563	0.0	0.0	
19.310219725146787	30.020725885211384	0.0	0.0	
17.399709812395418	25.736866307604668	0.0	0.0	
2.528319707802215	24.820216029273695	0.0	0.0	
10.015769366878295	1.8324529340736788	0.0	0.0	
3.001327542355064	14.65643927414887	0.0	0.0	
19.393673405489967	25.21173953420313	0.0	0.0	
19.211842800912546	22.805387300961062	0.0	0.0	
14.414857926230255	23.73531579715984	0.0	0.0	
27.60034265988954	4.323441691505657	0.0	0.0	
25.10040714450016	25.09955633840538	0.0	0.0	
16.920704987496265	22.45689269815453	0.0	0.0	
22.178279377735148	26.561432027863678	0.0	0.0	
31.322684361672867	25.819295952907773	0.0	0.0	
5.278597147037235	8.987422557193494	0.0	0.0	
24.293587319197627	29.561641055191814	0.0	0.0	
9.894998723837144	10.622857649365027	0.0	0.0	
0.15603215532667036	8.57014904526245	0.0	0.0	
26.566603475611704	28.196415189763332	0.0	0.0	
16.018577254050914	12.49830687714259	0.0	0.0	
24.00481635984802	27.54099911481667	0.0	0.0	
2.901157929222208	8.401134388828861	0.0	0.0	
17.033498658926447	8.924423521830644	0.0	0.0	
6.013108895356286	18.93775985345679	0.0	0.0	
20.390913046218433	31.486837149269682	0.0	0.0	
21.1627055463167	9.22470426624809	0.0	0.0	
15.872225300489244	6.668869230791266	0.0	0.0	
27.036117163003034	21.00098911425529	0.0	0.0	
22.969702101248995	29.069033852071595	0.0	0.0	
25.082967741415064	23.15526297224609	0.0	0.0	
17.381351688435807	27.75698336333689	0.0	0.0	
22.881387962044332	26.785963931884037	0.0	0.0	
13.103304473313226	16.573343309056717	0.0	0.0	
16.577337674575716	25.698258574291927	0.0	0.0	
24.462648429204165	25.072775111006955	0.0	0.0	
1.3972475766624264	15.75710018036057	0.0	0.0	
9.673233542272861	18.577495189920732	0.0	0.0	
15.42750220219813	16.542553050679107	0.0	0.0	
14.339158566496423	26.358221042410246	0.0	0.0	
10.750575114068848	10.871112994359272	0.0	0.0	
6.533178708615758	3.330927451276846	0.0	0.0	
5.387956557435807	8.151241071426167	0.0	0.0	
0.5810363820439761	2.921273943559804	0.0	0.0	
9.648785777720558	12.992598886998081	0.0	0.0	
18.8850189447532	5.387656193018447	0.0	0.0	
21.41747809843989	17.402768622299558	0.0	0.0	
18.135419350741163	7.294309613526799	0.0	0.0	
19.798650936155013	14.090568301528148	0.0	0.0	
4.0141880211039584	2.639162755649469	0.0	0.0	
8.663725561719211	1.7292873468001098	0.0	0.0	
29.989496197654166	25.226950825697415	0.0	0.0	
1.0355022540239496	6.752097658412428	0.0	0.0	
30.305087162017095	12.72520276947363	0.0	0.0	
27.985373879205742	10.078600828398596	0.0	0.0	
20.07241349152592	26.634201355662192	0.0	0.0	
7.736206388407226	18.222337006936172	0.0	0.0	
13.057670580635513	5.7614099219892125	0.0	0.0	
15.985134890380628	23.14719768821333	0.0	0.0	
11.489144757481089	24.992992150251798	0.0	0.0	
25.49140412341559	28.603754476792318	0.0	0.0	
8.900916920510571	17.987735343566584	0.0	0.0	
6.319136699471251	30.290054575779404	0.0	0.0	
15.717259911459983	14.618950508072029	0.0	0.0	
20.74520943182344	28.855532169382244	0.0	0.0	
17.720028531510078	28.15374192793116	0.0	0.0	
19.113727747636307	17.04345451938004	0.0	0.0	
26.46773839847043	29.362938297481044	0.0	0.0	
6.312652832087128	18.48792130781418	0.0	0.0	
29.52922927592235	15.057602541536763	0.0	0.0	
20.583241185075053	5.4501922492220025	0.0	0.0	
5.663151127115366	13.511235151337672	0.0	0.0	
25.38057519901195	30.586367835583122	0.0	0.0	
29.93650833228066	28.930581352168375	0.0	0.0	
9.005687947161384	3.6869453820489575	0.0	0.0	
12.682678585179008	1.221035688029584	0.0	0.0	
25.93296107815739	12.04883710202511	0.0	0.0	
16.877917166121538	19.40441823300895	0.0	0.0	
2.862689021886027	9.049000393506653	0.0	0.0	
5.361915510075274	9.426532212016767	0.0	0.0	
26.09485525726502	0.5393517090380371	0.0	0.0	
13.363254751746595	22.225283992528812	0.0	0.0	
17.682062271007652	14.616957167494373	0.0	0.0	
11.27116883393786	18.881479187810754	0.0	0.0	
21.76047259945883	26.533318586293895	0.0	0.0	
19.096480184553457	27.30487705420002	0.0	0.0	
13.474743341943451	29.4526540674683	0.0	0.0	
30.955967388447096	1.5478475037126138	0.0	0.0	
6.693235172717529	8.89241260121642	0.0	0.0	
19.908448968159078	31.524635824755457	0.0	0.0	
30.24157575731747	24.502129717542292	0.0	0.0	
22.130895377527462	26.125001123860347	0.0	0.0	
11.863145019126293	0.16493988105989388	0.0	0.0	
17.479649454915673	21.998444500523757	0.0	0.0	
14.691833665700713	9.93955738283763	0.0	0.0	
27.386514121766563	25.585225619587565	0.0	0.0	
24.71846141356068	14.85551489747401	0.0	0.0	
0.043885581734219414	7.323142806625945	0.0	0.0	
4.657993077374378	24.92960903577849	0.0	0.0	
25.357581787924456	29.560967355383866	0.0	0.0	
23.370598311604855	26.168790728549425	0.0	0.0	
27.471784176524814	2.0123154178940794	0.0	0.0	
3.3131137516110343	4.321891262631766	0.0	0.0	
29.73373188795136	5.964659895362821	0.0	0.0	
20.201414853046135	29.103462360323935	0.0	0.0	
17.220416505581415	6.758535463341879	0.0	0.0	
16.600419449939555	30.60290329060645	0.0	0.0	
18.876707357679237	29.093848394040066	0.0	0.0	
11.419314600627938	19.71903641611526	0.0	0.0	
13.778296502309178	21.177854965037714	0.0	0.0	
18.350347275479407	11.690914268344958	0.0	0.0	
12.04206707334253	4.034079389766756	0.0	0.0	
20.98541684800364	3.7461104723625596	0.0	0.0	
12.280627247993042	9.61795739938281	0.0	0.0	
10.147277138607137	18.84678489550678	0.0	0.0	
0.8886443555655781	8.748362312262277	0.0	0.0	
25.099270022117008	31.091621294384595	0.0	0.0	
7.618304935311521	29.785713203125738	0.0	0.0	
21.976121183643087	16.08179336804153	0.0	0.0	
13.32370043891613	29.445249520269602	0.0	0.0	
15.299064117895988	7.637922485458059	0.0	0.0	
24.292493718459593	18.436641314207705	0.0	0.0	
3.197378699469404	23.334149301417224	0.0	0.0	
7.3136688048307015	15.43718326374978	0.0	0.0	
2.8685628182223404	17.05137495909486	0.0	0.0	
19.41237091253716	24.457245945025615	0.0	0.0	
23.25426383729362	4.523717674224486	0.0	0.0	
9.601120045210187	24.554293622666453	0.0	0.0	
14.213101887454275	20.965872461476966	0.0	0.0	
8.710341963766421	12.154036987837323	0.0	0.0	
29.402290486437877	30.997227333398087	0.0	0.0	
18.033987335298523	1.2199569972249371	0.0	0.0	
14.67924431224144	30.55258045997693	0.0	0.0	
21.405104340943478	16.59726269450965	0.0	0.0	
10.877708496653465	21.075954807624765	0.0	0.0	
3.190319513214792	24.88419107803711	0.0	0.0	
0.33404688804155924	3.4206628718806407	0.0	0.0	
30.1868839630839	26.540183223620364	0.0	0.0	
21.229721867188715	22.02305977513299	0.0	0.0	
2.5283061590032005	20.523194651975725	0.0	0.0	
26.40503988875922	1.0224862446037548	0.0	0.0	
26.15593370348706	28.412122116270208	0.0	0.0	
4.352504627839931	10.944666388480886	0.0	0.0	
12.737476550029708	12.595497871648039	0.0	0.0	
1.7388802507178234	2.155259248896371	0.0	0.0	
2.9963767800783074	17.985574356083404	0.0	0.0	
17.905526003866907	26.458716754133093	0.0	0.0	
19.116193359837904	6.652274456523802	0.0	0.0	
25.75841873375513	11.1249518220984	0.0	0.0	
25.805488423620215	13.102439677626382	0.0	0.0	
25.860678395014165	7.832722447552239	0.0	0.0	
29.45241421956505	14.835148049376201	0.0	0.0	
1.9199996571259632	29.859874366469416	0.0	0.0	
26.738039142164904	13.140082840701265	0.0	0.0	
0.8105443233741703	2.712360357873269	0.0	0.0	
25.127907349436786	1.6711234358210945	0.0	0.0	
3.70292057067525	1.2000990843704713	0.0	0.0	
22.926726342092284	2.7516139169113707	0.0	0.0	
16.139253191206624	30.915391426356404	0.0	0.0	
12.772550688488703	8.303439477259808	0.0	0.0	
14.268268357465299	21.71474405297272	0.0	0.0	
20.466905672359612	13.215507079584484	0.0	0.0	
8.153484452664053	24.861826557319056	0.0	0.0	
15.667860110429864	29.22424463098073	0.0	0.0	
13.511075887359958	19.973668810429782	0.0	0.0	
7.293192574129858	2.1536385883936724	0.0	0.0	
10.935909358976627	27.34597537910816	0.0	0.0	
31.150598404271438	6.674147566425788	0.0	0.0	
28.706639991868247	3.788125611765391	0.0	0.0	
10.776609685910838	31.947865993994398	0.0	0.0	
22.10376378007467	27.4954378499518	0.0	0.0	
26.347703257557473	22.739890466082805	0.0	0.0	
0.5020304790069083	12.497124812135752	0.0	0.0	
0.08470838543567893	28.93335466388493	0.0	0.0	
13.588673750599153	17.13301262130734	0.0	0.0	
7.222004805609714	15.30706241489153	0.0	0.0	
8.447068788050863	9.207891734564132	0.0	0.0	
26.31911889376877	12.298391700734683	0.0	0.0	
11.230439501398202	2.175127112293687	0.0	0.0	
31.842546885816553	31.09132079695376	0.0	0.0	
4.823414032043072	8.66114990806761	0.0	0.0	
31.667893847717693	10.03657514028242	0.0	0.0	
28.000995646664624	24.816810581849072	0.0	0.0	
13.282091455246931	26.309299858637164	0.0	0.0	
4.222232505791602	7.699206462168441	0.0	0.0	
25.907539956140447	13.967784187985608	0.0	0.0	
7.561241280517702	28.109857373701065	0.0	0.0	
22.150055674015277	5.95311948374793	0.0	0.0	
13.230950138740745	30.51317817572077	0.0	0.0	
18.67192457676231	12.201125685490432	0.0	0.0	
26.55775444069035	4.145741816257086	0.0	0.0	
2.1891713431564668	5.9673668740499295	0.0	0.0	
30.49330619370108	2.747199243572087	0.0	0.0	
10.2501593142267	10.177710817700024	0.0	0.0	
15.461350944964344	30.64579674149081	0.0	0.0	
27.395176053461206	13.650117683625588	0.0	0.0	
0.9634328283896352	30.227733379823842	0.0	0.0	
24.549127985194097	29.33950531770102	0.0	0.0	
11.097748516861344	12.042602793307413	0.0	0.0	
22.557205615348984	25.251893569931	0.0	0.0	
19.944312007683592	25.104346376196983	0.0	0.0	
29.95962403124392	21.7161882486549	0.0	0.0	
14.206938009588207	14.697400446311487	0.0	0.0	
12.413277055580767	16.63421127996112	0.0	0.0	
15.041260520077035	29.07406855863357	0.0	0.0	
2.519040861845628	24.048406086436415	0.0	0.0	
27.12050247209264	15.368235318801183	0.0	0.0	
25.30404539764465	1.196499324423236	0.0	0.0	
27.04119355740362	7.169075819536218	0.0	0.0	
8.626028108888157	3.7374013502290673	0.0	0.0	
8.148995510687762	12.538881726152798	0.0	0.0	
7.3015888413135634	11.037869210639872	0.0	0.0	
21.64954831269212	12.120662390829985	0.0	0.0	
5.407793934857395	22.082029563157732	0.0	0.0	
1.3328651340720405	19.083679880066633	0.0	0.0	
28.042131958637093	12.618499922993088	0.0	0.0	
5.14947612282597	1.6793210115131032	0.0	0.0	
25.248632771565827	15.441604284138787	0.0	0.0	
27.14543547493062	22.103813925894933	0.0	0.0	
23.216740433245278	16.135205718588008	0.0	0.0	
20.800550058998773	0.816679914804169	0.0	0.0	
31.06227824131883	2.466411482385517	0.0	0.0	
0.9138839810738943	0.7258226335980922	0.0	0.0	
17.320590921317038	0.30494388248824933	0.0	0.0	
18.579032777563487	26.79706948450829	0.0	0.0	
15.700570500764936	4.7766332637872715	0.0	0.0	
4.986485754419665	4.716968316562632	0.0	0.0	
30.8743569214155	24.12674292634942	0.0	0.0	
10.20328472785669	31.652666557785626	0.0	0.0	
29.316076587864814	26.195941724147517	0.0	0.0	
8.250964017769864	23.960412579643627	0.0	0.0	
13.032735802320005	0.301420158150993	0.0	0.0	
18.22950189437723	28.127754930473376	0.0	0.0	
29.562700168853407	3.8853196266829286	0.0	0.0	
17.049275628789413	29.230848732571452	0.0	0.0	
16.45519583412853	17.70883334783928	0.0	0.0	
5.265497381604121	14.43680136090715	0.0	0.0	
12.059096299199794	3.7918129007647643	0.0	0.0	
27.793700272792893	4.565846836305081	0.0	0.0	
29.283154674448635	19.250006846908015	0.0	0.0	
3.8726620349960648	15.750701391664535	0.0	0.0	
8.57269616799158	17.47247168943643	0.0	0.0	
14.771561309567701	1.5466588364325666	0.0	0.0	
26.962030722777122	17.13033320704881	0.0	0.0	
5.291228021324535	2.7978365186320566	0.0	0.0	
0.4227643711909508	6.1728093965427355	0.0	0.0	
28.43080730758597	13.64603258905938	0.0	0.0	
9.707016623581254	26.518186802583806	0.0	0.0	
27.199900652879034	29.946525737371328	0.0	0.0	
20.43633800033218	16.700031482507082	0.0	0.0	
8.989463169046545	10.601389626378477	0.0	0.0	
8.811257331080188	22.904235441342017	0.0	0.0	
13.097888121078917	0.328621362648974	0.0	0.0	
31.31031902404348	3.904473320869844	0.0	0.0	
27.371919963192326	20.058428019177395	0.0	0.0	
7.445797136087986	29.199679191745467	0.0	0.0	
0.32072785161610895	12.860261883092761	0.0	0.0	
28.41405131545319	7.420651460024718	0.0	0.0	
9.972637431194745	18.950368965357754	0.0	0.0	
12.439404683585241	11.783661242661726	0.0	0.0	
10.368830752569831	12.984357000617067	0.0	0.0	
6.255781047883598	1.070477709447946	0.0	0.0	
5.19548646368634	9.144116256715353	0.0	0.0	
24.91520837851745	7.5102152939926015	0.0	0.0	
31.26383834244299	29.493685709718285	0.0	0.0	
3.835185602980932	4.303529594901306	0.0	0.0	
24.04732906194418	21.28091121334175	0.0	0.0	
0.08369311341520458	16.825957539953265	0.0	0.0	
18.6847556923495	2.2133982956093554	0.0	0.0	
29.374840078006383	15.783190968466187	0.0	0.0	
4.181156212645664	12.09101519298093	0.0	0.0	
15.638924873802207	7.4997289270859255	0.0	0.0	
20.705531097192463	4.742767553478398	0.0	0.0	
17.00025811875159	19.453521053102797	0.0	0.0	
3.5030923262094724	17.03802392879372	0.0	0.0	
28.489540779637323	11.536031978242637	0.0	0.0	
17.723784038898316	28.916534082560897	0.0	0.0	
29.519886736042157	23.84098365406592	0.0	0.0	
0.5922511706915721	4.5422114022595075	0.0	0.0	
22.248941630312373	19.444363931831035	0.0	0.0	
6.836931764226197	4.1605846817029	0.0	0.0	
19.326651714188245	10.303780411428818	0.0	0.0	
20.972606850968095	14.868687501193765	0.0	0.0	
13.102669985805122	9.215730552621707	0.0	0.0	
22.47392154901062	31.965549419753692	0.0	0.0	
9.081221358401944	2.224396450741448	0.0	0.0	
13.285563186375661	18.435073086816267	0.0	0.0	
16.086966420022257	18.04167511511893	0.0	0.0	
18.051257705220213	28.000795193589056	0.0	0.0	
8.548349766125828	19.114728039938342	0.0	0.0	
19.151693994409193	21.0496194095502	0.0	0.0	
27.741904986491967	9.345631593364914	0.0	0.0	
31.904959861495772	27.736573856646555	0.0	0.0	
8.70379137635781	5.343633725169468	0.0	0.0	
30.64016252770886	25.647900337364003	0.0	0.0	
10.936943937608564	15.183928637265154	0.0	0.0	
25.57048492392772	29.62834748103467	0.0	0.0	
1.384577250496406	7.772399356433624	0.0	0.0	
21.958913503778234	30.353500860352497	0.0	0.0	
12.898219998342999	5.2489656554858115	0.0	0.0	
0.4826201778845771	9.213911466717313	0.0	0.0	
12.051840112870927	7.931727468253531	0.0	0.0	
13.597058621831653	9.194175473445657	0.0	0.0	
28.711131815704203	24.79548135747776	0.0	0.0	
31.674052446458752	28.172549695550032	0.0	0.0	
14.665635192247354	10.786331367238077	0.0	0.0	
28.5974131766287	22.48470980919041	0.0	0.0	
27.411645354902518	24.47734188368864	0.0	0.0	
13.983558193112685	26.19707963617223	0.0	0.0	
18.301646447212324	11.302550033612313	0.0	0.0	
26.04180398037053	1.437358099765806	0.0	0.0	
20.266791044024007	25.045240945031335	0.0	0.0	
14.82972472587986	12.499034659009471	0.0	0.0	
22.44389014275283	28.08906429136334	0.0	0.0	
14.07143819966079	3.5345680359540737	0.0	0.0	
2.2830282768099934	21.293468990847295	0.0	0.0	
17.69495500182941	9.26446974815838	0.0	0.0	
22.10737992260671	26.177265278762206	0.0	0.0	
20.40316913610078	12.142430807015199	0.0	0.0	
30.208023641686353	10.195214566871375	0.0	0.0	
14.263900885728397	25.79421524009732	0.0	0.0	
17.972894901319787	6.864395242044743	0.0	0.0	
19.659534435614574	0.0008395968913319507	0.0	0.0	
12.962207038341038	18.180132091753798	0.0	0.0	
10.009067765556864	12.406445511619193	0.0	0.0	
20.385761129615904	31.454953832314967	0.0	0.0	
0.6020440098021034	26.613720280685627	0.0	0.0	
16.316741545121094	23.109550955868823	0.0	0.0	
28.23767038048551	29.835160723053786	0.0	0.0	
19.59935381858047	27.196997333874382	0.0	0.0	
21.037827290409385	29.13607122944498	0.0	0.0	
6.0490274471083225	20.075587388457937	0.0	0.0	
13.945719357010812	13.687220093647507	0.0	0.0	
14.796216614886557	13.57362832249564	0.0	0.0	
2.0684485430018036	6.051399145883245	0.0	0.0	
10.948708380182381	5.879778328637833	0.0	0.0	
7.104784335713624	22.0902820863934	0.0	0.0	
20.00523966962345	0.19576313682487623	0.0	0.0	
11.808157538410526	10.071542086521994	0.0	0.0	
12.080651030993256	6.63073472152054	0.0	0.0	
0.9714423622026764	20.52214760563339	0.0	0.0	
30.812150952609038	13.325898229685198	0.0	0.0	
17.7385727190015	23.298269766010627	0.0	0.0	
5.816607592315151	8.903547468557598	0.0	0.0	
23.92496412515621	26.286520346504858	0.0	0.0	
13.259780401415597	16.887960319839294	0.0	0.0	
7.123421061104143	20.262113141594188	0.0	0.0	
29.290913657952785	14.77473690553116	0.0	0.0	
5.5658563634640466	11.01513013934936	0.0	0.0	
11.583215773892068	3.8477089596266083	0.0	0.0	
6.919583945144371	7.358613580685411	0.0	0.0	
20.09407065214605	13.274352466567613	0.0	0.0	
6.784843072436221	3.8089104162362943	0.0	0.0	
28.525977914706395	7.1792164527590145	0.0	0.0	
16.201645268928914	2.058613354616309	0.0	0.0	
8.153747550841054	29.76313219474605	0.0	0.0	
23.347799859030243	21.88237953717226	0.0	0.0	
5.671746246186242	11.83367654892843	0.0	0.0	
20.256688992337622	21.683831403598695	0.0	0.0	
31.333804114172974	14.746132380314727	0.0	0.0	
23.853998266788935	9.945788068924529	0.0	0.0	
18.45701449775934	3.382957894236405	0.0	0.0	
11.402694358112434	25.838501196571507	0.0	0.0	
31.454479721536575	1.0290822593794182	0.0	0.0	
15.1770752944418	14.611378430635206	0.0	0.0	
1.2277629951488294	3.054315542395951	0.0	0.0	
20.923746476082894	11.726507168387332	0.0	0.0	
13.513662749167459	21.658748734724103	0.0	0.0	
9.42949406064033	25.156643615313207	0.0	0.0	
16.479938454989828	1.0256290562270998	0.0	0.0	
22.046103248111073	19.619771271663637	0.0	0.0	
4.6789683872552885	19.601112406597142	0.0	0.0	
9.789155576398716	10.24019167820866	0.0	0.0	
1.3964855192310708	6.505597125859023	0.0	0.0	
3.6403295057587037	25.209289470958318	0.0	0.0	
22.060210390693015	13.334267457480141	0.0	0.0	
15.07762198532626	15.125537896722175	0.0	0.0	
24.264749247397543	14.564512645592213	0.0	0.0	
19.25958403071568	12.854387098350767	0.0	0.0	
10.353723476993537	6.713561278696716	0.0	0.0	
25.8732135982945	5.361820933013636	0.0	0.0	
12.335233795220677	31.169046727686908	0.0	0.0	
18.083290912257148	15.159186547007213	0.0	0.0	
9.560296728175516	9.832057124359782	0.0	0.0	
17.74665791829544	12.556111927385363	0.0	0.0	
2.7649160456224244	28.47073743215192	0.0	0.0	
28.367742648091568	29.414322000106175	0.0	0.0	
26.58809784263264	1.191360664856738	0.0	0.0	
30.6155386736139	31.792062925762735	0.0	0.0	
5.694112566174848	31.84749624108771	0.0	0.0	
3.645375306739716	21.843134410266956	0.0	0.0	
7.9188777871349245	27.722836136208176	0.0	0.0	
5.189944072735081	30.156956982943118	0.0	0.0	
5.540036424298481	21.47267205752775	0.0	0.0	
2.539328327693454	6.756496565802795	0.0	0.0	
11.733006131897358	3.9867032786493937	0.0	0.0	
22.920961956089403	9.713485464070807	0.0	0.0	
25.248285826113754	31.58084236949845	0.0	0.0	
25.287205271365078	30.363183146376716	0.0	0.0	
3.7324892578453337	12.742033430895724	0.0	0.0	
12.198614724529978	30.091857989654503	0.0	0.0	
31.70204274447781	22.10756276296317	0.0	0.0	
29.509710855621762	23.331360673343838	0.0	0.0	
24.510598072885465	13.244482419605678	0.0	0.0	
13.116976657896505	21.03852966641767	0.0	0.0	
10.281922391267845	14.996715070707623	0.0	0.0	
14.09104832597989	23.3708582867605	0.0	0.0	
7.763745969380626	13.3354436310694	0.0	0.0	
18.347856636396866	7.269013447007911	0.0	0.0	
31.319291033450423	1.8947024539751425	0.0	0.0	
13.820111006900099	2.7507345343676413	0.0	0.0	
2.130115170567187	4.4403312856856445	0.0	0.0	
2.6037570960603595	14.83424027886452	0.0	0.0	
24.783001826772644	27.89078783729949	0.0	0.0	
31.50616617831284	18.28966784282817	0.0	0.0	
14.858160316097472	4.921927104262597	0.0	0.0	
16.898138911381608	3.6299367521206847	0.0	0.0	
8.143966743394675	13.005345409460624	0.0	0.0	
6.166982343431133	16.94866375302511	0.0	0.0	
10.85290374223474	15.746246778658978	0.0	0.0	
21.213148873003412	22.95638975746086	0.0	0.0	
26.61150021687371	15.742649932474844	0.0	0.0	
5.612958478069817	2.073326010192247	0.0	0.0	
31.497811873883933	8.847985247294698	0.0	0.0	
25.263000169553063	9.460813460654332	0.0	0.0	
7.561831893657239	1.7920584530896448	0.0	0.0	
9.719172632955807	7.389297297979198	0.0	0.0	
31.974269250235135	0.13505943868606352	0.0	0.0	
16.48540562224605	18.619268574271924	0.0	0.0	
27.266271670909607	2.1723500785851186	0.0	0.0	
15.883110084396812	15.837384081609798	0.0	0.0	
30.58834102233495	15.434484964017106	0.0	0.0	
14.836906973338507	10.501821183734783	0.0	0.0	
6.5678046414285625	18.915184376885186	0.0	0.0	
4.952587744327531	29.945410166718087	0.0	0.0	
30.290865019902657	16.63843606310424	0.0	0.0	
8.03514296891018	27.848166036060938	0.0	0.0	
10.186191256790888	26.938868354854034	0.0	0.0	
31.89511330917317	20.405573676989604	0.0	0.0	
7.647952643975927	15.154496788339785	0.0	0.0	
11.191949222682585	28.532252091213987	0.0	0.0	
4.503257925994131	11.328812206559352	0.0	0.0	
30.61155506375505	25.429105100864163	0.0	0.0	
9.91555915101603	18.64316883739704	0.0	0.0	
6.279378206342109	9.471852419704796	0.0	0.0	
22.028608893638243	22.928159354379385	0.0	0.0	
7.850033419332828	29.392330192854867	0.0	0.0	
27.291268868177617	31.918615022749382	0.0	0.0	
0.03207066504679901	16.146668828650377	0.0	0.0	
0.9015257422061893	5.06533861551533	0.0	0.0	
7.291287784602357	6.533186426365923	0.0	0.0	
15.994427064366242	30.347689877844047	0.0	0.0	
0.9641430311589438	14.76802556380565	0.0	0.0	
4.5876131109644795	2.6549040340584114	0.0	0.0	
24.875106967809828	31.701092534901477	0.0	0.0	
9.380377551563768	19.19483525952303	0.0	0.0	
8.183596472201241	0.4998972599582743	0.0	0.0	
14.81139355347187	1.1262218918596751	0.0	0.0	
27.639205239491805	2.3807287466691562	0.0	0.0	
2.691530367068733	25.13732138633202	0.0	0.0	
13.643216455081458	23.026697979055612	0.0	0.0	
3.8678584130077063	28.680480228904912	0.0	0.0	
19.422523539246384	27.71234534971204	0.0	0.0	
13.821219158549244	30.71771795621708	0.0	0.0	
24.889321161259495	27.587772320356102	0.0	0.0	
11.33408570765317	16.282162341803918	0.0	0.0	
22.503886694495346	3.5207251754728013	0.0	0.0	
20.433663261427135	7.61508878933687	0.0	0.0	
10.308297418492558	10.192461807651373	0.0	0.0	
30.984940285987065	2.0904040551558722	0.0	0.0	
16.8199377584787	19.52100651404661	0.0	0.0	
9.594388844779065	22.139274852985032	0.0	0.0	
17.677517968607606	19.54535933922579	0.0	0.0	
7.3383031757528485	5.242344889134149	0.0	0.0	
25.853678047890018	1.723237811362587	0.0	0.0	
5.849015382456667	30.58910748030528	0.0	0.0	
8.082484965627657	27.030822706293648	0.0	0.0	
18.297610189266994	30.62042668252312	0.0	0.0	
17.49673711094512	12.280619759662411	0.0	0.0	
22.25681202425109	25.596970541927277	0.0	0.0	
16.465367509027836	1.1515891075367541	0.0	0.0	
10.691518195285298	21.199235293008044	0.0	0.0	
28.30954808581414	21.345066938272293	0.0	0.0	
22.69705787876001	6.992961256196047	0.0	0.0	
16.046434276814026	5.182012125256055	0.0	0.0	
5.997464768029669	14.728918072553757	0.0	0.0	
4.284136409302743	9.075550667969004	0.0	0.0	
9.710010582498072	21.996189598225538	0.0	0.0	
6.5573012116567995	30.273630087028042	0.0	0.0	
19.04328486364965	10.75420972796508	0.0	0.0	
5.4405086781715255	5.045998663196876	0.0	0.0	
23.127993392790714	4.914821769825778	0.0	0.0	
24.437207866509485	6.516849944528623	0.0	0.0	
28.61806666375754	14.947720416945305	0.0	0.0	
15.752773205773789	24.882814453905503	0.0	0.0	
26.063662518736187	28.374052490526836	0.0	0.0	
12.380704545012357	8.70695262471132	0.0	0.0	
8.923983618872917	20.937444218145885	0.0	0.0	
24.98607940563924	15.509308222883742	0.0	0.0	
20.992629426298816	26.302151340503904	0.0	0.0	
31.849197679508016	9.972551200918549	0.0	0.0	
26.708352354571648	19.577069537660222	0.0	0.0	
16.11885582503431	7.144068126581846	0.0	0.0	
29.026473349870226	19.278374122473974	0.0	0.0	
12.846818417139879	23.89864397986566	0.0	0.0	
1.1294318121339408	14.093865273620573	0.0	0.0	
12.920127619278968	29.730393347584233	0.0	0.0	
2.519992422915365	4.24747677411446	0.0	0.0	
6.480374115417721	6.5380901883833715	0.0	0.0	
26.39510067183826	4.3276424423012685	0.0	0.0	
4.670987488058142	27.78241162987606	0.0	0.0	
12.183373998940414	31.813286097033924	0.0	0.0	
18.86568477553617	11.959083633167296	0.0	0.0	
5.488555938831247	22.829872291773313	0.0	0.0	
20.89825841164605	27.879660517971484	0.0	0.0	
31.08382305219818	2.886437031796685	0.0	0.0	
13.04682042643854	2.4502942649811814	0.0	0.0	
28.423510907990945	18.73331293396896	0.0	0.0	
26.599596537763677	27.369113367480296	0.0	0.0	
0.839037825692774	11.005444399319408	0.0	0.0	
3.891472686634099	6.084185166696226	0.0	0.0	
26.499653799116423	25.558568451833878	0.0	0.0	
3.498684326800607	13.855320843351272	0.0	0.0	
28.04627632988796	22.912909543731594	0.0	0.0	
5.156289081769625	22.745402445210143	0.0	0.0	
27.866344315580086	25.458815693893182	0.0	0.0	
0.5686396047902029	23.784350566297636	0.0	0.0	
16.423458650789016	24.302323248183182	0.0	0.0	
18.65488351947133	25.75376451545378	0.0	0.0	
0.9027564688219591	15.291475986040641	0.0	0.0	
0.6444743147199503	14.34030256423895	0.0	0.0	
25.096920819521422	26.63204014298127	0.0	0.0	
6.575254203936627	13.462415257610306	0.0	0.0	
8.174863488620815	14.83535202549097	0.0	0.0	
11.335959710835787	28.236924619211635	0.0	0.0	
17.905485977258664	8.118378586237395	0.0	0.0	
2.839692788777068	20.66792881780959	0.0	0.0	
8.258597483723054	17.788992134349662	0.0	0.0	
16.256618082634663	28.745802691188644	0.0	0.0	
17.20311801350322	10.728657409615117	0.0	0.0	
9.15815866903824	6.804542474034481	0.0	0.0	
11.86563405218292	3.263602428968312	0.0	0.0	
17.280987686639826	12.615662319063912	0.0	0.0	
8.315384294558545	2.502465545696385	0.0	0.0	
26.97691551943647	8.429359652306129	0.0	0.0	
0.7692953727812935	24.102283683699845	0.0	0.0	
10.636855638688328	9.307755323641114	0.0	0.0	
9.740168312235216	11.701294610156204	0.0	0.0	
19.736965064698236	5.398832423728319	0.0	0.0	
3.7662496142746527	23.184364805439376	0.0	0.0	
22.501561156622753	6.270455913809791	0.0	0.0	
8.224352801501972	23.255945256946383	0.0	0.0	
8.35971931045902	12.358358644095148	0.0	0.0	
21.90620970391949	31.622058194579864	0.0	0.0	
24.01989153904976	21.94889267007747	0.0	0.0	
21.002928944883667	10.883455727791322	0.0	0.0	
14.635164121554261	27.95183173015763	0.0	0.0	
11.646360012238919	0.7880517765895902	0.0	0.0	
9.91898939276614	18.979441393465493	0.0	0.0	
24.913456794773435	11.630548332728793	0.0	0.0	
15.77956303452591	5.204878930875271	0.0	0.0	
29.59055673828716	9.670523201310811	0.0	0.0	
27.57129521534898	4.093268836179508	0.0	0.0	
5.101627994423161	7.803884252395228	0.0	0.0	
18.783347877013675	23.36306774342601	0.0	0.0	
31.65359672566365	11.112259364903093	0.0	0.0	
10.1036903251184	27.826403193828916	0.0	0.0	
3.086694406645286	17.997714594399234	0.0	0.0	
11.038125267720577	20.98744390309249	0.0	0.0	
24.32975858779841	4.982367857336548	0.0	0.0	
23.594351388672507	1.9465368106056786	0.0	0.0	
4.682077695642597	11.602741244306536	0.0	0.0	
10.717323295772903	22.401264862326936	0.0	0.0	
22.054662210245972	19.887290919252237	0.0	0.0	
1.7947042997488936	22.676129629069933	0.0	0.0	
1.9675510016448676	0.6426495945658921	0.0	0.0	
28.524042972819274	28.304173799035727	0.0	0.0	
19.835992249800192	18.087754375972022	0.0	0.0	
23.703907958008575	7.846050077971356	0.0	0.0	
24.223947743843727	20.218972586495678	0.0	0.0	
25.26686057791296	16.515806681911965	0.0	0.0	
31.37042485879704	22.705698223861713	0.0	0.0	
12.591762271595528	19.16125935191014	0.0	0.0	
18.504690578200638	9.752751218150937	0.0	0.0	
27.982106799827037	18.679944259897404	0.0	0.0	
31.208179323247514	2.5305940583238744	0.0	0.0	
17.653720414978665	19.72085165025066	0.0	0.0	
24.425914583794125	22.506977755386593	0.0	0.0	
0.20503430168174575	9.765500010608761	0.0	0.0	
14.428251607498552	9.652954401117142	0.0	0.0	
15.222770714280657	24.51167798076719	0.0	0.0	
4.869758952421744	19.023219042574556	0.0	0.0	
12.596684734078405	4.406317361053269	0.0	0.0	
23.175573294155345	20.096063166339363	0.0	0.0	
6.429999919946432	7.1281409397817015	0.0	0.0	
10.599619667626417	11.933210017784337	0.0	0.0	
7.572424068751147	24.258721815356026	0.0	0.0	
15.897773175573544	11.995298124047611	0.0	0.0	
10.429362710676571	13.13295240817612	0.0	0.0	
19.174427199291188	20.32873384593486	0.0	0.0	
30.275466146849624	9.898225979822659	0.0	0.0	
2.937736980607564	26.185355569015023	0.0	0.0	
2.987545488350495	4.11026398490532	0.0	0.0	
12.708973381957097	26.25480625445107	0.0	0.0	
26.687841913860876	23.179278596582893	0.0	0.0	
30.363058180854022	6.6901023804123625	0.0	0.0	
12.898182825554816	25.01817717797839	0.0	0.0	
14.609414108611592	9.440299853625714	0.0	0.0	
29.514503054448866	11.242427832023822	0.0	0.0	
15.137508100205121	12.324156709999308	0.0	0.0	
20.63443433943868	18.72819218948512	0.0	0.0	
19.796425438901885	25.135006123126455	0.0	0.0	
2.939141761732376	24.92366734482492	0.0	0.0	
26.464612118968333	9.45087895312913	0.0	0.0	
12.733012871774918	6.419237407163617	0.0	0.0	
22.641749744707468	28.209938317450035	0.0	0.0	
17.47948314853292	4.275784016200554	0.0	0.0	
20.67773476317828	2.075296176507212	0.0	0.0	
9.316730707378792	5.157153274213211	0.0	0.0	
13.358676790414762	8.485814956864495	0.0	0.0	
0.0035989476736979498	3.1684878430852095	0.0	0.0	
30.885427729541856	30.977175560072407	0.0	0.0	
16.844404621570035	28.463099594739727	0.0	0.0	
8.654252543283611	31.149681621500637	0.0	0.0	
21.149111498302855	26.551964219009264	0.0	0.0	
11.823958428668675	20.904164019269924	0.0	0.0	
1.5625192676840207	27.44397965690141	0.0	0.0	
15.882292657221807	18.88226610614036	0.0	0.0	
29.679685088179692	0.5492871994851818	0.0	0.0	
14.633039180397063	6.291524958014119	0.0	0.0	
13.242957303341253	26.74723345722445	0.0	0.0	
2.33852261934447	27.020841589347743	0.0	0.0	
17.11870941310505	2.68033565054629	0.0	0.0	
25.825937189117905	29.741524429227226	0.0	0.0	
3.9462183195382288	13.070323243432085	0.0	0.0	
24.379272897551264	7.19628715130186	0.0	0.0	
23.298952274778653	15.291107313569054	0.0	0.0	
10.961529073551063	17.206202609579233	0.0	0.0	
11.20903096465615	2.7138738644094893	0.0	0.0	
3.167019928647875	9.051255958897826	0.0	0.0	
27.837453833250404	18.788559176782147	0.0	0.0	
21.0911541281112	30.391798946130315	0.0	0.0	
14.064290595481495	29.806261068674072	0.0	0.0	
9.14752026051399	17.251783500052593	0.0	0.0	
24.986255094247742	4.721632822023352	0.0	0.0	
11.049632660378233	22.43622389881646	0.0	0.0	
14.952293137275827	2.1159185206940414	0.0	0.0	
19.28616500032009	9.489212218217155	0.0	0.0	
22.492245353324183	12.87203035405965	0.0	0.0	
16.466370212449185	12.30918336310959	0.0	0.0	
16.12124856483043	21.40171638776146	0.0	0.0	
10.084012831848561	14.614317456888845	0.0	0.0	
7.336917254835075	9.769792717563451	0.0	0.0	
31.242376580717004	8.508944375960372	0.0	0.0	
24.967646361683855	11.84266580516147	0.0	0.0	
11.493835291778609	10.468283243422416	0.0	0.0	
29.406104837274007	5.958479134274196	0.0	0.0	
2.8817105495684174	18.318483529397888	0.0	0.0	
31.081911946543666	28.824951689260775	0.0	0.0	
16.382705678275094	1.6037143010409523	0.0	0.0	
8.423069996648465	1.4914734777315175	0.0	0.0	
31.560294131376978	14.115331696867866	0.0	0.0	
23.78574905592483	24.535777232543644	0.0	0.0	
0.10427988937927779	10.226942836829991	0.0	0.0	
5.199764345892614	9.62705688744903	0.0	0.0	
22.252675478136624	24.080558647867306	0.0	0.0	
30.98162027762366	21.93570838378029	0.0	0.0	
12.279784998696293	26.213118886789953	0.0	0.0	
25.140997210637575	30.957902919006468	0.0	0.0	
7.284707278857553	29.652254759079938	0.0	0.0	
24.91519355427852	8.207190702347155	0.0	0.0	
9.939047591990871	28.75918803056938	0.0	0.0	
25.88125998305813	4.053024736859335	0.0	0.0	
26.23250846095837	10.128782866727217	0.0	0.0	
30.19616368322274	7.941399097160378	0.0	0.0	
2.879934128649122	23.424892449814216	0.0	0.0	
18.705290037608574	23.950584701320302	0.0	0.0	
16.99887968382831	17.906697064052892	0.0	0.0	
23.613386594436605	13.265626317700821	0.0	0.0	
18.079225626742765	23.938035194390288	0.0	0.0	
1.8720698612778541	16.896048424786105	0.0	0.0	
19.8260659837214	14.20805415452779	0.0	0.0	
19.091953227628604	5.2541553488543435	0.0	0.0	
29.566414405693358	17.491537372339337	0.0	0.0	
9.7627946849781	19.054011770469316	0.0	0.0	
18.84144969016013	21.938666704576097	0.0	0.0	
11.710013491035031	9.266275164480039	0.0	0.0	
22.843544812823477	2.3218603649479306	0.0	0.0	
17.25536050334236	11.149840851437318	0.0	0.0	
9.632549206446484	9.782415802004877	0.0	0.0	
23.91126410559423	5.354116232538821	0.0	0.0	
27.248249162814144	19.06813637348513	0.0	0.0	
16.065966515892654	7.845902092627888	0.0	0.0	
16.695874535635827	25.784261236008938	0.0	0.0	
14.745931500157425	4.050833571728173	0.0	0.0	
21.52369930992204	29.329882009307585	0.0	0.0	
27.63873320394063	11.371599005231186	0.0	0.0	
20.209892890774533	19.30010059482167	0.0	0.0	
31.656221774991263	28.435322081934174	0.0	0.0	
13.017017283059214	29.250711221301213	0.0	0.0	
27.340374038860702	29.86346876084418	0.0	0.0	
23.986290568681135	1.8833599829648762	0.0	0.0	
10.640170403470343	21.721320888601326	0.0	0.0	
5.713541142369333	22.955103649319508	0.0	0.0	
16.860955902048087	2.239198253331814	0.0	0.0	
7.680851125744031	8.178170812906103	0.0	0.0	
2.807811775269812	15.492015134104907	0.0	0.0	
0.11555987092343045	28.973927396726896	0.0	0.0	
13.490596717232137	2.9282393821898545	0.0	0.0	
24.99546340325219	21.356795602903237	0.0	0.0	
9.211086251500227	19.223763397553036	0.0	0.0	
1.8142069017614268	15.082234794032459	0.0	0.0	
12.779448895658309	31.10540527053336	0.0	0.0	
30.310133236337823	8.19380200452855	0.0	0.0	
29.086793114116364	15.808737900116192	0.0	0.0	
30.70445604946038	6.073652625969736	0.0	0.0	
16.587341092836756	16.907981695458556	0.0	0.0	
14.555638539849078	15.64358333334398	0.0	0.0	
8.909637468869946	18.72768771502182	0.0	0.0	
21.126279483047224	3.1183481904651806	0.0	0.0	
5.52779000991676	27.160900096987692	0.0	0.0	
13.706783433248503	6.01375053293313	0.0	0.0	
27.382892403554667	20.194054338021132	0.0	0.0	
23.554726150374734	31.128810513881632	0.0	0.0	
10.191777386277828	5.309590263129824	0.0	0.0	
25.18049642182021	20.683999239683594	0.0	0.0	
9.481573681462354	17.54061730844152	0.0	0.0	
8.433340426366549	9.500104739295594	0.0	0.0	
28.56026099772185	1.4043049883476044	0.0	0.0	
7.736658771020277	29.3508628086122	0.0	0.0	
6.338369038168487	13.231353428762997	0.0	0.0	
23.79521905357594	9.560081978872251	0.0	0.0	
15.466911303001805	13.713147052032191	0.0	0.0	
15.015659367753152	10.042515107008196	0.0	0.0	
9.072313189788943	8.438889713699929	0.0	0.0	
10.88794711508367	18.469428703016856	0.0	0.0	
18.514039139100106	23.60468670378339	0.0	0.0	
20.145768892713708	15.322218255670748	0.0	0.0	
29.657064191786645	28.91885581988516	0.0	0.0	
21.923360165481512	0.8891762089374531	0.0	0.0	
27.256623239542254	29.897031274152624	0.0	0.0	
3.792799479606309	23.63502779575071	0.0	0.0	
3.269825046727661	31.80662824898302	0.0	0.0	
14.132689983329922	1.37948888078947	0.0	0.0	
5.221364317016189	31.870909723725465	0.0	0.0	
6.151615980063482	27.25654885521525	0.0	0.0	
2.0378755429404016	26.138981488775844	0.0	0.0	
6.513290168243099	4.2688999858110535	0.0	0.0	
30.069694374025417	8.720065971570108	0.0	0.0	
8.018735252764458	18.767958070638123	0.0	0.0	
20.932856116414108	5.79528557605007	0.0	0.0	
20.284462761850655	17.223456054880256	0.0	0.0	
0.0034543487904095116	9.425607713163082	0.0	0.0	
7.085905417169123	15.536220635395907	0.0	0.0	
3.543648744656238	3.8426917996712966	0.0	0.0	
0.5625224679553149	12.623861062495319	0.0	0.0	
11.778708616097923	31.09110082182723	0.0	0.0	
21.37149391120616	12.294084847583619	0.0	0.0	
10.40132876869318	26.180618720589646	0.0	0.0	
2.907002316750795	14.196251450873884	0.0	0.0	
16.4572834427668	21.98694726010437	0.0	0.0	
7.808632914601862	8.940726667287016	0.0	0.0	
13.557177874377153	29.885503761382598	0.0	0.0	
14.28680921890545	13.24126144335467	0.0	0.0	
6.97811878883175	26.437467719340773	0.0	0.0	
12.365643015584105	14.454363509970609	0.0	0.0	
15.137533022976069	13.015038705804017	0.0	0.0	
25.257636931527063	9.594531605305278	0.0	0.0	
3.5250963575329664	23.083904912259865	0.0	0.0	
26.764778455378515	25.16706310604571	0.0	0.0	
18.075671486501147	24.382327307575657	0.0	0.0	
3.420963364426189	20.616373840814752	0.0	0.0	
1.7655075591490856	4.109841380281953	0.0	0.0	
28.821351677301195	31.33633392271176	0.0	0.0	
2.5279204440729686	26.326811421928507	0.0	0.0	
26.42086226425041	5.803232219451576	0.0	0.0	
31.01462756612905	7.428003891417205	0.0	0.0	
16.634437737823223	16.418113899549052	0.0	0.0	
28.96745973692436	0.43059440451439457	0.0	0.0	
30.023467224512437	2.9049910634208054	0.0	0.0	
3.354821193896644	7.899027013979229	0.0	0.0	
31.986659475743103	7.110584219572782	0.0	0.0	
17.811926824794433	6.77555561257693	0.0	0.0	
8.825921387086375	20.171692319220746	0.0	0.0	
12.413278630186035	13.326685896700777	0.0	0.0	
28.659806064500692	10.683949437523502	0.0	0.0	
3.586466713883013	15.65257485750858	0.0	0.0	
10.778775361666739	28.96388473991591	0.0	0.0	
1.6270440983778407	17.70239538661343	0.0	0.0	
24.89160265064242	25.446016782230082	0.0	0.0	
0.6227007714787369	31.149186390261544	0.0	0.0	
8.088584143737602	18.602289446498855	0.0	0.0	
30.215905337869227	21.59364311875829	0.0	0.0	
13.321286353682314	12.713403237672537	0.0	0.0	
9.063622489739174	18.024045386386863	0.0	0.0	
13.676603714896817	4.037789428061405	0.0	0.0	
2.8345479905841735	11.666185895627326	0.0	0.0	
11.279895352546838	12.930108914463528	0.0	0.0	
30.309266139851374	23.453652545468522	0.0	0.0	
19.030833469913112	5.291281417250367	0.0	0.0	
6.724012097205357	14.88319388654351	0.0	0.0	
12.671021550751586	5.746827158081267	0.0	0.0	
18.01402621142989	14.426501322738861	0.0	0.0	
19.872179893273387	28.681043528085368	0.0	0.0	
0.3363361471253121	30.451598915031393	0.0	0.0	
0.6322114761878375	5.328667537170123	0.0	0.0	
8.511949304386349	30.513878861055083	0.0	0.0	
22.672064174179017	19.57665678747044	0.0	0.0	
25.18153619185192	17.85210855855436	0.0	0.0	
14.407836960350409	22.114962682978945	0.0	0.0	
26.27620357754086	7.625302775491171	0.0	0.0	
7.892730597959893	28.792211549260667	0.0	0.0	
21.626427598647624	31.84622678992847	0.0	0.0	
13.19513848918427	29.73184690186613	0.0	0.0	
21.82311841962214	7.2744533023963776	0.0	0.0	
27.077610069233316	24.235830674629565	0.0	0.0	
15.524000773009032	9.718317196082609	0.0	0.0	
26.342910446794573	29.75144538220714	0.0	0.0	
25.38157988084232	15.484253386060363	0.0	0.0	
30.91950944495591	28.491816562188973	0.0	0.0	
1.825918581942645	22.239310327027415	0.0	0.0	
11.906484877604083	21.93007591952559	0.0	0.0	
4.579989613280414	9.65279168167163	0.0	0.0	
18.4947595207028	15.591529700367921	0.0	0.0	
7.0823526300967	15.963416056328679	0.0	0.0	
18.413777311911378	3.654859095077647	0.0	0.0	
21.06088996675468	19.186163880547088	0.0	0.0	
3.389722527276401	20.998038027722163	0.0	0.0	
19.561400976439444	5.3938032828458375	0.0	0.0	
23.755878842047938	12.94597182141013	0.0	0.0	
6.047852580371181	1.425238902139533	0.0	0.0	
14.590606686719195	29.229109524774845	0.0	0.0	
28.428111299624643	26.54445130247907	0.0	0.0	
18.486157369634725	11.732903109785411	0.0	0.0	
21.822265314270737	1.4154071390518155	0.0	0.0	
