2
32.0	0.0	0.0	0.0	
0.0	32.0	0.0	0.0	
29.578694375194498	5.509707305943056	0.0	0.0	
30.341963969068715	9.951288443808114	0.0	0.0	
15.797451722248649	29.235880019813376	0.0	0.0	
0.003044154407067623	28.03258463341216	0.0	0.0	
13.132163043906488	27.13451741800289	0.0	0.0	
30.547597485491174	5.667374660393225	0.0	0.0	
23.75972513672265	8.260621451537862	0.0	0.0	
0.7198200137284836	30.87220538708382	0.0	0.0	
8.726212628597246	30.711559333784496	0.0	0.0	
16.740705853229105	14.932677512376607	0.0	0.0	
17.88303368746872	9.404225431361507	0.0	0.0	
24.113306245159823	16.96106635887075	0.0	0.0	
12.701422620482344	5.507034587546684	0.0	0.0	
31.742328367109703	0.008771702446253471	0.0	0.0	
3.894868848806027	0.44533414705779606	0.0	0.0	
11.664012000326828	10.298251552681151	0.0	0.0	
27.171355250695107	0.38630593670007585	0.0	0.0	
9.121559321067558	12.43295627505086	0.0	0.0	
15.95246389026579	29.15658316046379	0.0	0.0	
25.96785234767602	11.788209238028877	0.0	0.0	
15.336126777221896	18.95595932225507	0.0	0.0	
31.82244572243176	30.264908869128593	0.0	0.0	
10.049093834263367	3.3836973903008456	0.0	0.0	
11.918692808776864	15.36145044243294	0.0	0.0	
30.152919203493713	23.48113003943222	0.0	0.0	
7.206894361902446	29.98189347336464	0.0	0.0	
21.636619109619513	25.77180262296476	0.0	0.0	
12.598726605820403	6.0727665012544705	0.0	0.0	
14.83537200083386	7.450749054174288	0.0	0.0	
18.279307533128378	3.888399100835766	0.0	0.0	
2.4587443574387677	8.896425057497428	0.0	0.0	
2.6441306615469067	1.4693575988647822	0.0	0.0	
2.2766147148744693	24.93693116933882	0.0	0.0	
8.623247645423021	22.534958239959227	0.0	0.0	
8.53079922577436	13.361062095670391	0.0	0.0	
10.101301556512638	5.485066507244692	0.0	0.0	
23.85671265803547	10.840240437136888	0.0	0.0	
13.811458512175534	10.308312578772444	0.0	0.0	
11.541468398352503	15.201255660100191	0.0	0.0	
10.189180012973633	29.217003718407682	0.0	0.0	
30.438231362015415	3.426484952063433	0.0	0.0	
12.634451457714743	25.034656940063208	0.0	0.0	
9.296443573068078	13.121726550383059	0.0	0.0	
20.56233165829348	12.383699432713954	0.0	0.0	
21.84639508169813	28.911221100684028	0.0	0.0	
11.368119506916283	21.626952590945177	0.0	0.0	
24.5952690219714	11.859633936860888	0.0	0.0	
22.860180376683935	6.697699823051561	0.0	0.0	
28.166338586096913	26.1617671737009	0.0	0.0	
26.46951982788676	8.646588090231077	0.0	0.0	
24.265464853959607	7.1952953220707485	0.0	0.0	
7.367413146108198	31.548543330156082	0.0	0.0	
8.049647553128342	20.640027465049503	0.0	0.0	
19.192809351030633	8.864379173749729	0.0	0.0	
6.917194306020818	23.016451829278857	0.0	0.0	
1.668589220869734	29.342478818654577	0.0	0.0	
8.395143044275777	20.33503336789841	0.0	0.0	
25.632130091543537	26.042288562692903	0.0	0.0	
11.460226798902692	13.419407694507559	0.0	0.0	
0.2651953213863756	20.22031140138223	0.0	0.0	
5.173650948864818	13.982821314336384	0.0	0.0	
25.73456343161714	31.319439433034134	0.0	0.0	
2.1805242911187506	8.740053747372148	0.0	0.0	
7.539394383687753	30.121252303971765	0.0	0.0	
31.69030064819255	13.573236733469955	0.0	0.0	
2.23549464799569	7.994157929525532	0.0	0.0	
2.6058945369738282	3.469654154114938	0.0	0.0	
26.808988849143052	26.93646684199596	0.0	0.0	
0.5854743989464133	15.999439928223126	0.0	0.0	
18.92810616930577	16.782912819231225	0.0	0.0	
30.030989476526358	28.012262041164114	0.0	0.0	
14.630015380128949	2.6882724127982627	0.0	0.0	
24.701381909133865	22.705013477592125	0.0	0.0	
8.904644869175556	20.62015928398457	0.0	0.0	
0.6600865566190528	19.99128438824547	0.0	0.0	
5.851436648731845	28.40604336330287	0.0	0.0	
29.129527532273418	15.264843707577747	0.0	0.0	
28.054543841943225	23.68820263034516	0.0	0.0	
4.952880143200819	28.409404945573414	0.0	0.0	
17.032754609322033	13.69039561168324	0.0	0.0	
5.519018164285566	21.197748933169933	0.0	0.0	
13.937083653769065	21.738889958704632	0.0	0.0	
18.483784804761438	24.955383649059904	0.0	0.0	
7.938218777982524	7.2021107275590275	0.0	0.0	
25.68268549433748	28.7395580522409	0.0	0.0	
28.114773370778465	4.862716571722739	0.0	0.0	
0.41236561778648095	9.06728379692397	0.0	0.0	
4.1497401138990035	1.8340258649607755	0.0	0.0	
30.24332126101706	19.49569586196552	0.0	0.0	
12.100984143765736	25.456940174922337	0.0	0.0	
14.022628938675716	3.2660259958834637	0.0	0.0	
10.403071959264626	8.686230542962978	0.0	0.0	
3.040085187698093	11.250462134294345	0.0	0.0	
4.602046514202339	6.348436627875792	0.0	0.0	
31.131543994448936	24.659958039994052	0.0	0.0	
24.456074192878326	15.936119830591714	0.0	0.0	
5.059739216429076	27.363284517675982	0.0	0.0	
21.569016723864298	30.26034546708208	0.0	0.0	
27.58816572162636	15.254931379844916	0.0	0.0	
11.845710380578506	12.71434427753604	0.0	0.0	
26.60204153072819	23.008161293201745	0.0	0.0	
8.691665731633975	29.684544571930136	0.0	0.0	
8.111592806026408	12.495121621684849	0.0	0.0	
22.69661876484195	13.365733610877896	0.0	0.0	
18.362801904457474	27.886058840709143	0.0	0.0	
26.847425108054335	15.32053506647204	0.0	0.0	
0.9657245123372142	20.539385264089322	0.0	0.0	
25.083648666149074	2.826896800018641	0.0	0.0	
0.20932956832088934	0.7407848206960459	0.0	0.0	
27.88395155540109	25.733867891446575	0.0	0.0	
18.13027940247209	0.20801112812826972	0.0	0.0	
18.249193346478762	21.143007951356218	0.0	0.0	
3.693625588581515	28.184573309935438	0.0	0.0	
15.890538482598341	25.25497705819036	0.0	0.0	
9.02838652367684	11.374523196566322	0.0	0.0	
9.999904764708223	28.610370880635998	0.0	0.0	
28.333534115220996	30.111913939072345	0.0	0.0	
0.367802457427981	11.213796221029728	0.0	0.0	
18.502059025224	0.47002026448612	0.0	0.0	
7.980271355176352	0.4726650754627322	0.0	0.0	
1.445109401649848	3.11149896104428	0.0	0.0	
3.576724710659974	0.43858668579259685	0.0	0.0	
0.23535433352273927	12.126038572232162	0.0	0.0	
7.698303264921776	26.314687021547513	0.0	0.0	
0.0334984589039351	29.808795906936655	0.0	0.0	
27.186244884637926	30.108798903961137	0.0	0.0	
2.1900054447400095	1.7644563269512084	0.0	0.0	
4.835447625065367	23.698924798422986	0.0	0.0	
8.753945119028174	5.601713059169928	0.0	0.0	
12.681356748902644	20.161209984772686	0.0	0.0	
8.031341011029188	8.343745826871505	0.0	0.0	
2.9108179280598137	20.27364974694145	0.0	0.0	
18.56610893415158	11.017707026246597	0.0	0.0	
20.765447595407807	16.39703967843276	0.0	0.0	
7.499887240432219	7.916467938702912	0.0	0.0	
30.69945113188005	10.929674420889224	0.0	0.0	
15.229795039217052	8.502998282323482	0.0	0.0	
13.749564005370921	13.541922251077498	0.0	0.0	
5.771698909941236	30.46632741779215	0.0	0.0	
17.028829405338108	17.969039966177387	0.0	0.0	
15.863381049733214	3.04814939436476	0.0	0.0	
12.14978870467062	27.526903542981497	0.0	0.0	
9.920262913263578	2.818058806353015	0.0	0.0	
27.596213341276666	16.509784963808723	0.0	0.0	
28.423196707488774	19.309513912560146	0.0	0.0	
12.828567530143108	27.184061890991103	0.0	0.0	
10.325115431450975	11.397118094606672	0.0	0.0	
2.9590570992073317	18.144646520309134	0.0	0.0	
6.042904364480201	1.519022594837292	0.0	0.0	
22.088638393550553	26.941705732595196	0.0	0.0	
29.58844846684669	20.635500025026367	0.0	0.0	
12.714524540045673	27.15611740515692	0.0	0.0	
16.96695411261826	23.40692295461671	0.0	0.0	
16.753442110914126	9.915072733711423	0.0	0.0	
17.8009776388607	22.05828239995713	0.0	0.0	
20.918793041128637	27.502650593866704	0.0	0.0	
14.654672408093933	26.109139463429788	0.0	0.0	
6.341278327314985	22.5432114233273	0.0	0.0	
25.44618894509749	19.574963578232687	0.0	0.0	
8.236146517813953	11.056318201767652	0.0	0.0	
13.811145870296006	7.070463400756946	0.0	0.0	
8.310225358646122	6.0657989493984985	0.0	0.0	
15.756665182004284	22.027902405395245	0.0	0.0	
14.692663790182298	14.39712294189156	0.0	0.0	
12.505383043563583	9.30538051197145	0.0	0.0	
5.475701179606396	28.747130320675282	0.0	0.0	
5.030260311341994	31.769585265274593	0.0	0.0	
14.116309603843913	17.965180012641344	0.0	0.0	
9.290122622119615	6.889289920056335	0.0	0.0	
0.38807543821254953	4.281439155237557	0.0	0.0	
20.199094948305174	31.39597268179657	0.0	0.0	
30.948727944567302	23.46142264903327	0.0	0.0	
13.708647436363265	11.661569967597902	0.0	0.0	
19.50925803600665	11.869896507473214	0.0	0.0	
19.3543653190337	1.8030602644468985	0.0	0.0	
24.53042800272228	23.657267254474895	0.0	0.0	
3.6946901486685952	24.13925136715198	0.0	0.0	
13.00628612567104	16.07392339693167	0.0	0.0	
7.981509148509286	15.564534167852234	0.0	0.0	
28.838835547947454	22.558012907324997	0.0	0.0	
2.4582093443526034	22.868689211771315	0.0	0.0	
17.13009541685983	27.794154174097148	0.0	0.0	
16.09094453361108	27.043716959812603	0.0	0.0	
17.29203844482692	24.746545543517513	0.0	0.0	
9.023444350510083	5.893834084099893	0.0	0.0	
19.136753712138432	6.611661802644271	0.0	0.0	
5.105293389783334	22.737672225927433	0.0	0.0	
11.70802398219664	26.48762429993295	0.0	0.0	
9.362928614867485	12.728545259802665	0.0	0.0	
1.3859765596756475	23.670753196468343	0.0	0.0	
8.307139342888949	12.859573490767822	0.0	0.0	
15.964353784599854	24.24280220564242	0.0	0.0	
16.076073801223572	14.686735626366744	0.0	0.0	
30.685165018467426	23.069625794322686	0.0	0.0	
9.555836898025998	14.319625426633994	0.0	0.0	
0.05480482378737506	8.14157263588304	0.0	0.0	
16.516326854413336	22.23060420549317	0.0	0.0	
24.862827360378905	30.42228900694341	0.0	0.0	
13.819783523820423	31.71577706902571	0.0	0.0	
29.065891674294768	10.92822172506229	0.0	0.0	
23.537559072267793	24.613845826277416	0.0	0.0	
18.342716629525686	28.093926622084624	0.0	0.0	
23.16970078225711	15.698977211415656	0.0	0.0	
2.120356798798131	17.498005524507533	0.0	0.0	
8.088278252603988	17.410407561814406	0.0	0.0	
23.14915401020603	21.503986183671646	0.0	0.0	
27.491527197197225	29.378428137810598	0.0	0.0	
21.17014334611418	25.32361437476422	0.0	0.0	
23.37523750634701	6.192442612245003	0.0	0.0	
5.358882369224094	4.339479765316842	0.0	0.0	
29.993912221599206	13.560090072921419	0.0	0.0	
12.228445602509307	27.850938877662497	0.0	0.0	
25.715379870034727	18.861412833219536	0.0	0.0	
30.306979287056752	1.4249616418681406	0.0	0.0	
10.845414967206224	24.918952457154187	0.0	0.0	
17.444898070633	9.034252073800921	0.0	0.0	
2.096396569184275	13.573597615943601	0.0	0.0	
19.439265099752134	23.759677481487202	0.0	0.0	
14.911375572209202	4.07642433286771	0.0	0.0	
20.133030922484792	14.544609054389088	0.0	0.0	
7.705398535200974	11.099831992672016	0.0	0.0	
0.5260647777409027	1.8763247463658566	0.0	0.0	
0.3518558829455607	5.3995005184538805	0.0	0.0	
9.433341231533397	1.5923126853579106	0.0	0.0	
17.774869388444774	17.422916093393855	0.0	0.0	
3.032012882155392	16.04850405991305	0.0	0.0	
24.750492276743408	31.533008080176913	0.0	0.0	
8.728836542822211	26.147313016995238	0.0	0.0	
25.880087775479	24.078302515651007	0.0	0.0	
22.421096336319618	13.31975062962427	0.0	0.0	
9.079246956233451	23.67583009009073	0.0	0.0	
4.2579874079679385	27.173457583025417	0.0	0.0	
26.01674217698404	24.315689462195703	0.0	0.0	
20.254599174779994	7.279908104913513	0.0	0.0	
21.630718011658352	7.649165993324765	0.0	0.0	
30.454809315241768	16.002272110356405	0.0	0.0	
10.849855460234604	20.494048425287666	0.0	0.0	
24.3510494188622	1.97540605051395	0.0	0.0	
14.895179275191406	22.674171470969235	0.0	0.0	
29.369658489632908	10.46613142949413	0.0	0.0	
12.012132747741607	25.178717712484865	0.0	0.0	
0.07809298383578778	3.5425870706360634	0.0	0.0	
28.04216652458717	6.893784021736028	0.0	0.0	
20.261564074746108	7.89586667134839	0.0	0.0	
19.588162776760523	30.22734311001062	0.0	0.0	
19.562928487608907	10.324078472871285	0.0	0.0	
10.043913194786423	21.463176707202585	0.0	0.0	
3.229007701471687	2.3677473912212186	0.0	0.0	
28.94676451190063	6.294938978929906	0.0	0.0	
20.444788620607213	2.478487797847631	0.0	0.0	
1.6174204764363687	2.5824865753115773	0.0	0.0	
14.066267586318222	7.135932442877603	0.0	0.0	
15.933217985345678	29.861815271035958	0.0	0.0	
29.62506977019827	13.480575916444185	0.0	0.0	
31.70360726866957	28.413631712516604	0.0	0.0	
27.891702954031906	3.4742040080658896	0.0	0.0	
2.704894108655669	30.999762646824482	0.0	0.0	
1.9895740869089629	10.252637322547312	0.0	0.0	
26.613724373154593	30.066948191592672	0.0	0.0	
14.508133177767835	21.399939412102512	0.0	0.0	
15.677140921783973	1.123651360749463	0.0	0.0	
31.182503423193122	22.8750211757482	0.0	0.0	
1.5205026442401248	29.322662021126163	0.0	0.0	
23.552994894679482	0.683951986974801	0.0	0.0	
0.7617803004725658	2.4696508494182794	0.0	0.0	
3.1145282960683005	22.338825215931642	0.0	0.0	
23.98842540779424	15.620037134129891	0.0	0.0	
3.4042287385599224	7.751922952268163	0.0	0.0	
28.873655430111047	30.72320045211226	0.0	0.0	
13.714832495917673	21.226576699688785	0.0	0.0	
12.948751901861336	24.665822616913474	0.0	0.0	
30.762841054236063	2.6062847092217716	0.0	0.0	
27.869817142836176	13.88989435260764	0.0	0.0	
18.638082389757226	8.45060700121186	0.0	0.0	
22.463083877536818	15.206418178124075	0.0	0.0	
25.077180859769282	1.7938271043720668	0.0	0.0	
13.941934452948033	11.32170304589734	0.0	0.0	
10.417682229188383	19.50663120632782	0.0	0.0	
27.844568453697665	1.7823407629504722	0.0	0.0	
14.542316994841563	24.91999351591901	0.0	0.0	
10.713580381164974	6.999096497143089	0.0	0.0	
8.938322367911276	28.697951463187792	0.0	0.0	
22.198894118604237	6.820696793989541	0.0	0.0	
10.999520028598969	18.522695509708935	0.0	0.0	
5.773241527084416	17.90472549850571	0.0	0.0	
15.334975188439635	22.048667199789367	0.0	0.0	
20.12162303316096	0.1694155066241656	0.0	0.0	
6.980577535015314	1.5712350329861522	0.0	0.0	
3.8611304921119114	29.20003418143749	0.0	0.0	
19.718954388745317	22.720379058047484	0.0	0.0	
16.019124104979337	22.14219595673678	0.0	0.0	
6.770813171812417	31.408729621762934	0.0	0.0	
15.458934358028436	20.047319005624892	0.0	0.0	
7.983267988736845	19.715080628612952	0.0	0.0	
28.260288151063552	29.492218882321342	0.0	0.0	
15.755927901061888	1.3442921770531342	0.0	0.0	
22.475790493114793	6.293670956174854	0.0	0.0	
10.44578413654563	14.992230442617611	0.0	0.0	
14.869249931477658	15.759256965567452	0.0	0.0	
14.198112872644433	1.3244988930411026	0.0	0.0	
13.59369943394027	24.699458486130325	0.0	0.0	
27.977898358373174	22.664743590026873	0.0	0.0	
31.667615411246803	25.770060817604495	0.0	0.0	
24.40908101012402	1.9021049696936743	0.0	0.0	
27.44000405550285	5.235959064342424	0.0	0.0	
28.177942026670813	13.261835688296294	0.0	0.0	
5.278249330291203	23.675546266474697	0.0	0.0	
15.860561902434934	10.284108246795846	0.0	0.0	
20.245090162286516	22.350410141167306	0.0	0.0	
4.652822814754149	5.001788742099574	0.0	0.0	
22.669399528576264	20.53835946443098	0.0	0.0	
16.20166771358884	31.698646490411925	0.0	0.0	
24.093150077827755	9.133954817164454	0.0	0.0	
20.15704152996303	30.47397664704429	0.0	0.0	
25.022423661593255	6.429821966012522	0.0	0.0	
24.293930532704398	15.082533734474357	0.0	0.0	
6.741501576639475	15.640594386953495	0.0	0.0	
28.48047394743466	5.077992726471447	0.0	0.0	
9.611213967362623	19.556248672831877	0.0	0.0	
27.99399197084385	17.411813176220473	0.0	0.0	
21.997981650746514	15.8235947157199	0.0	0.0	
11.14330810904789	15.328493426593297	0.0	0.0	
30.019468421587963	26.814967893044972	0.0	0.0	
17.84614158714543	13.281667305958777	0.0	0.0	
14.775675045493355	25.727154135175834	0.0	0.0	
11.281816744097789	5.356590408691133	0.0	0.0	
24.86349449645487	2.1203295345659825	0.0	0.0	
14.430370179804815	0.4222580621173577	0.0	0.0	
21.757094382136813	17.235007917188295	0.0	0.0	
19.323308629355406	16.624334588590525	0.0	0.0	
28.790887363259408	2.776109166873738	0.0	0.0	
10.709470385469587	23.693006197229224	0.0	0.0	
11.740053146979697	6.002104932278815	0.0	0.0	
27.323664287138726	19.926582449899822	0.0	0.0	
4.452543859424079	28.765178050862282	0.0	0.0	
28.643483356184355	7.437312112012378	0.0	0.0	
20.525033736425335	31.441266502682783	0.0	0.0	
18.279930020697602	7.942496903044621	0.0	0.0	
4.9035054215546054	7.683007609654446	0.0	0.0	
30.311172926507886	7.8771174564291435	0.0	0.0	
6.378643261411632	21.100627579433972	0.0	0.0	
20.070026587520776	0.4612427823444456	0.0	0.0	
13.994933630615012	12.061671175711986	0.0	0.0	
2.515277486829916	22.683283895279303	0.0	0.0	
22.38487606148868	18.418038248231436	0.0	0.0	
7.074066892265087	18.631737014772604	0.0	0.0	
19.45717519411854	27.420269308078513	0.0	0.0	
9.177748834821038	17.947883486873796	0.0	0.0	
13.88628553873383	1.2378897028925202	0.0	0.0	
20.741527687470064	0.7044198110964679	0.0	0.0	
9.711023760047585	17.31122023799755	0.0	0.0	
0.8915845723750166	19.143653939206168	0.0	0.0	
15.320602941557802	18.65434295361902	0.0	0.0	
23.641562933685254	26.386416042586596	0.0	0.0	
17.326813373591676	15.840608913773167	0.0	0.0	
25.2730269642763	16.91029762080795	0.0	0.0	
19.335356507802	3.84399094660618	0.0	0.0	
26.89403666590635	12.58587692053927	0.0	0.0	
29.330312239858856	20.207420717572496	0.0	0.0	
30.64753189917272	4.301803216083947	0.0	0.0	
8.546994316095724	22.000659302517814	0.0	0.0	
1.225827903959953	14.432096657719264	0.0	0.0	
17.935710994214762	8.124444492401732	0.0	0.0	
7.008880482701134	4.942535751918847	0.0	0.0	
1.0937578466572013	5.9983008731899865	0.0	0.0	
21.900686148992207	27.115497940297605	0.0	0.0	
7.385077420704523	15.990125212932178	0.0	0.0	
26.82500146808208	25.66047075495048	0.0	0.0	
18.72831102881006	29.04787308783808	0.0	0.0	
8.72915443407464	27.789828877889793	0.0	0.0	
15.450932146004757	30.37174164936243	0.0	0.0	
26.10929464145039	25.597430238994118	0.0	0.0	
5.657715002359499	0.8414196932676923	0.0	0.0	
1.2244757548720706	22.07177788188071	0.0	0.0	
6.6890990253634435	27.70825155104777	0.0	0.0	
0.5124475313300572	23.513137493956158	0.0	0.0	
26.961732391044766	18.197652578785593	0.0	0.0	
16.972558113936486	1.0851257737981257	0.0	0.0	
22.705990059633322	0.059149131233802166	0.0	0.0	
8.229355094506733	10.716011936044758	0.0	0.0	
30.093520130411296	1.570656017746412	0.0	0.0	
6.293076161690735	18.39472925163149	0.0	0.0	
23.553988244558216	15.159156351485876	0.0	0.0	
25.871304931607998	2.5238513511841916	0.0	0.0	
4.254551616943459	1.0021989771346824	0.0	0.0	
29.02775130766423	15.041097183533552	0.0	0.0	
23.932850038361572	22.12518334090485	0.0	0.0	
28.912232080141546	25.778538807125447	0.0	0.0	
6.429150283679089	19.876786254669085	0.0	0.0	
28.57310012373213	14.690210195530732	0.0	0.0	
20.27462286665469	10.726801028169639	0.0	0.0	
9.546055733906503	0.7873150783842036	0.0	0.0	
14.396016292204152	16.565678008570472	0.0	0.0	
5.918115416837786	12.085971706251982	0.0	0.0	
3.828142852398358	14.445772905449921	0.0	0.0	
9.014510121796821	19.28310834246907	0.0	0.0	
7.118388408151244	30.957828448303882	0.0	0.0	
14.728861003060175	0.09321420493199284	0.0	0.0	
27.605638976063236	18.958990086184286	0.0	0.0	
3.574621750446614	27.106454158032793	0.0	0.0	
20.588317204178654	2.534083154067744	0.0	0.0	
5.653741582835128	12.985758242678024	0.0	0.0	
9.243641117274482	19.834189105064567	0.0	0.0	
3.3263553196898528	26.78537941346999	0.0	0.0	
15.43310005489288	12.370984284469529	0.0	0.0	
27.196877114953864	25.008964649674844	0.0	0.0	
0.36229970791563204	22.314843494694337	0.0	0.0	
13.77214126762194	2.1105755616669306	0.0	0.0	
22.12930851251184	7.0624631148570245	0.0	0.0	
27.169525830234676	21.1218447432687	0.0	0.0	
22.661153638553913	15.50079399946679	0.0	0.0	
4.46946117789982	5.003231968897488	0.0	0.0	
25.268386341953647	25.87677521159148	0.0	0.0	
6.47848300133688	11.511014562020435	0.0	0.0	
1.7746807766696264	17.095721776161895	0.0	0.0	
19.66742759039665	23.89896112524044	0.0	0.0	
17.01717927467466	29.9502875124235	0.0	0.0	
12.993338769693644	0.934042662325794	0.0	0.0	
23.88995708134101	28.12666303277602	0.0	0.0	
19.476598453728556	23.14873612715115	0.0	0.0	
8.354442663237457	0.38876415881142634	0.0	0.0	
24.6584976774787	18.86940265843909	0.0	0.0	
8.114049137468555	29.348536123810746	0.0	0.0	
3.2296634394783403	28.055076629469298	0.0	0.0	
13.344929382190521	19.67148910299498	0.0	0.0	
25.057998829534775	11.706383071083668	0.0	0.0	
30.8762970124161	7.3208060563881645	0.0	0.0	
8.388350545063695	30.51950314051709	0.0	0.0	
27.16927227679642	25.83186019892023	0.0	0.0	
7.488134065689479	4.282389811661602	0.0	0.0	
19.820631230749587	30.423647767094437	0.0	0.0	
22.642270944085233	16.624937931076712	0.0	0.0	
20.56648237642049	3.5145415829369746	0.0	0.0	
26.667556966730412	20.81336237712765	0.0	0.0	
6.152671063582307	6.740443174480241	0.0	0.0	
15.81522100958027	8.188871638786903	0.0	0.0	
7.736417925589258	29.488497973784735	0.0	0.0	
3.917195365986707	31.984689590484926	0.0	0.0	
17.416897234226532	28.67574732205489	0.0	0.0	
23.89618501577324	29.32209503173521	0.0	0.0	
7.16756553979992	28.648084849938115	0.0	0.0	
28.96762234847051	17.255661912550096	0.0	0.0	
30.57249583464969	31.04003127704192	0.0	0.0	
14.93801350132886	4.92029774024936	0.0	0.0	
23.1920262612219	0.03045083426392381	0.0	0.0	
7.804156094994628	19.10472481252873	0.0	0.0	
6.900624080916174	3.115720326283018	0.0	0.0	
16.22732343208271	8.704900135225174	0.0	0.0	
11.972637784875086	7.285341030448841	0.0	0.0	
4.165156411334284	10.491085524018008	0.0	0.0	
11.762628643915583	0.22726908390549028	0.0	0.0	
13.61039925024874	15.136914390663645	0.0	0.0	
0.876704070552293	15.623957878596038	0.0	0.0	
6.712784694576563	1.2800620711074622	0.0	0.0	
23.299131336616075	19.73302861950806	0.0	0.0	
26.726618741899802	13.487908845694367	0.0	0.0	
9.440492557540171	17.979139607235833	0.0	0.0	
14.827535269031038	13.535151743260037	0.0	0.0	
5.5791609782778835	13.32323347245271	0.0	0.0	
14.143758299848649	5.5914494247255675	0.0	0.0	
13.664863880265742	20.97365930084894	0.0	0.0	
22.84435894627472	30.905882164315774	0.0	0.0	
6.938150467049578	22.961870240928945	0.0	0.0	
16.56465080876654	24.82840383937856	0.0	0.0	
6.294574449192307	14.408439090405214	0.0	0.0	
15.798752105305987	8.209730072031416	0.0	0.0	
11.342005154030993	30.364559300828887	0.0	0.0	
25.62752484391656	27.050997802670064	0.0	0.0	
13.244374981835602	5.530865927784916	0.0	0.0	
4.107037075719436	16.15428255515135	0.0	0.0	
31.58409283903347	12.490227948683398	0.0	0.0	
26.60015121195487	16.3127175677336	0.0	0.0	
30.806577395778664	1.6704221745207413	0.0	0.0	
30.478046445987786	9.676528781797366	0.0	0.0	
13.736930236195285	22.22163528153797	0.0	0.0	
14.641827740851788	28.84218322489706	0.0	0.0	
31.375923123503515	24.961852473338922	0.0	0.0	
31.785101797486643	8.173066086754925	0.0	0.0	
10.289075558436767	14.32323564581366	0.0	0.0	
20.054784520538046	21.11907870892119	0.0	0.0	
17.510714762630375	23.69148935565116	0.0	0.0	
26.051258832277675	21.774407532859563	0.0	0.0	
5.6652186054421385	13.258037184992588	0.0	0.0	
11.269786475322558	10.716322182680909	0.0	0.0	
31.610196128415538	13.740035741214136	0.0	0.0	
9.241483898539531	11.725286732143925	0.0	0.0	
9.112596770117513	4.670527669143912	0.0	0.0	
6.406828345998125	8.567001691116563	0.0	0.0	
26.937247278206694	17.65074799888397	0.0	0.0	
8.5477843824501	22.174921835564714	0.0	0.0	
5.8589639310425845	5.394831930280073	0.0	0.0	
3.809891650274814	22.06304718506818	0.0	0.0	
19.967062703064855	14.321648594410838	0.0	0.0	
25.147140026251424	5.72541791962248	0.0	0.0	
19.88876721132949	18.401131232998903	0.0	0.0	
14.724708393723901	25.3473468183358	0.0	0.0	
12.615002662485978	14.643360194290008	0.0	0.0	
22.812542370251695	0.41696847064034515	0.0	0.0	
1.417082109921747	12.016551986068023	0.0	0.0	
9.309719492955562	29.041247715059338	0.0	0.0	
16.64904586390473	16.428527147005425	0.0	0.0	
17.677995442019654	2.519733280272142	0.0	0.0	
19.543276554609555	18.238193151537754	0.0	0.0	
28.046988899574306	25.129438976846462	0.0	0.0	
23.090742940446773	10.920684804076735	0.0	0.0	
17.90671086415184	2.363205673744673	0.0	0.0	
17.601264628346243	15.621254469126704	0.0	0.0	
30.930546825313282	2.4938973932709594	0.0	0.0	
29.42106793295102	23.074509463049516	0.0	0.0	
0.7998373648655708	9.522954352213482	0.0	0.0	
26.1079409417926	25.868614059345006	0.0	0.0	
13.20374830207436	24.29512923676895	0.0	0.0	
14.142066140387776	30.362429763881792	0.0	0.0	
21.875638788962263	9.369142731479855	0.0	0.0	
22.993558247706073	26.204789966740602	0.0	0.0	
16.97377014032261	17.265210752124233	0.0	0.0	
21.944992451519564	21.39575373316103	0.0	0.0	
14.0111656375188	25.30902629587449	0.0	0.0	
3.2593283773148123	4.341344033290763	0.0	0.0	
7.385154256246491	6.367524404065662	0.0	0.0	
12.57466455745729	7.309420712908707	0.0	0.0	
29.128080720881687	8.967082892050275	0.0	0.0	
6.6387728710508505	0.05536013573935605	0.0	0.0	
20.54939003088394	1.9156351955547137	0.0	0.0	
28.795203898389037	21.396182898324174	0.0	0.0	
2.7001103541115548	30.855693408993144	0.0	0.0	
18.197013273926345	3.797201371776101	0.0	0.0	
7.843068190861715	25.46678864759053	0.0	0.0	
3.3238893704354453	12.318326020003894	0.0	0.0	
3.1753122972247	2.049841557044253	0.0	0.0	
15.937856646336972	23.338829322863678	0.0	0.0	
0.8201594609286467	19.532644090093104	0.0	0.0	
3.1061091059651638	31.637103472689653	0.0	0.0	
28.111530752823796	23.20478127374263	0.0	0.0	
25.64027166204919	2.9445206865853883	0.0	0.0	
1.067863130106364	19.977057391386897	0.0	0.0	
1.8291661782418913	8.62999329763289	0.0	0.0	
2.8841443050466076	4.898887902238286	0.0	0.0	
22.40018753383422	0.8618601774794534	0.0	0.0	
12.307641519289959	25.73044312097105	0.0	0.0	
9.259286118425692	18.156328227594624	0.0	0.0	
29.56752433622573	20.719817058616453	0.0	0.0	
23.761095729712306	12.01827079658652	0.0	0.0	
23.3102967064969	29.729330373865047	0.0	0.0	
25.325689695965774	24.54042189398951	0.0	0.0	
11.79159211503018	22.981989505942344	0.0	0.0	
19.674795474715868	4.703261939792771	0.0	0.0	
31.73192717841912	27.317077655275185	0.0	0.0	
8.431916980197062	8.433806158925531	0.0	0.0	
30.538632696022223	8.163027973633042	0.0	0.0	
5.9926704827248365	17.350268097351798	0.0	0.0	
1.7827049631683778	14.151857176375874	0.0	0.0	
15.546177401812994	5.209178021807617	0.0	0.0	
6.62552220515019	0.6869796889143771	0.0	0.0	
10.13767310441619	20.908609724289693	0.0	0.0	
26.33286452128249	10.776346190814088	0.0	0.0	
7.7732602155651875	30.320087209110266	0.0	0.0	
8.886048832947491	27.032937807423085	0.0	0.0	
19.68314876324926	16.543858086607678	0.0	0.0	
29.624988302525864	0.2092820790972496	0.0	0.0	
3.338009648522707	5.917358975139365	0.0	0.0	
5.103675406304426	21.14140939002485	0.0	0.0	
8.93523516467225	2.3010519963304006	0.0	0.0	
11.18808664872316	4.513606393205212	0.0	0.0	
23.83675684151418	13.496961552780544	0.0	0.0	
29.443494970207574	15.787002018151778	0.0	0.0	
31.926260908474596	30.60666699187874	0.0	0.0	
6.772388416436087	22.965320864298807	0.0	0.0	
5.875730861670036	23.95662930924735	0.0	0.0	
0.1997978428643883	31.51695015762344	0.0	0.0	
15.70776025459579	14.767183268416684	0.0	0.0	
20.8981008712663	21.226989361392807	0.0	0.0	
8.176117911168827	21.44114627665226	0.0	0.0	
21.663806806576932	16.551982025756764	0.0	0.0	
29.45836541230477	15.219842385159115	0.0	0.0	
4.148754558426205	21.08714979931806	0.0	0.0	
21.161171241036335	13.528785347112585	0.0	0.0	
23.706374036431512	31.481046726612032	0.0	0.0	
22.307727280644748	4.482658198611361	0.0	0.0	
23.522495561643858	17.48940586408846	0.0	0.0	
29.141123782165007	20.194126316218505	0.0	0.0	
20.784745836418402	30.665693082014393	0.0	0.0	
24.142798399097263	31.088034346494595	0.0	0.0	
16.46768242784173	3.4107666837060933	0.0	0.0	
24.15111806163751	27.904853853417002	0.0	0.0	
11.341417810376136	14.01998173621785	0.0	0.0	
12.14874480812928	19.955493105231536	0.0	0.0	
9.190150029694816	30.4890232581761	0.0	0.0	
8.772783603610481	4.235673318579536	0.0	0.0	
13.567197925477576	30.90297115798402	0.0	0.0	
25.140899820549603	2.8821894935429917	0.0	0.0	
0.24191887460405326	3.242103106738174	0.0	0.0	
3.666957318493754	11.675237983997672	0.0	0.0	
5.800862324020834	17.972026353593947	0.0	0.0	
0.0013283508911818842	0.8442566688712638	0.0	0.0	
26.489465305207293	23.912240920958006	0.0	0.0	
21.790250495121853	22.453215625830982	0.0	0.0	
19.10537410119618	20.06586189144514	0.0	0.0	
20.636758532511042	13.683968691108653	0.0	0.0	
6.554858407117614	15.393272005009006	0.0	0.0	
8.078254009851168	22.406409506149362	0.0	0.0	
3.894236318547815	23.347719714028326	0.0	0.0	
0.3536698429146128	24.149929365620135	0.0	0.0	
29.89622621701271	0.23231430674643505	0.0	0.0	
13.060873152642177	31.440257976450734	0.0	0.0	
1.450413723502816	22.02772686305318	0.0	0.0	
31.460982754493134	30.92215823252289	0.0	0.0	
15.298306176139494	18.962760865629047	0.0	0.0	
28.304461689236916	23.936951354590267	0.0	0.0	
15.229466939082798	26.558677798623325	0.0	0.0	
10.510712073981594	18.93406823994879	0.0	0.0	
23.502301764846674	17.208615594469254	0.0	0.0	
2.0053701356251885	6.082832336772896	0.0	0.0	
17.319537843709792	10.469046787135227	0.0	0.0	
29.307618927275843	6.385278745659896	0.0	0.0	
6.595264939301288	11.484052759803866	0.0	0.0	
17.945073440309788	31.73579955932488	0.0	0.0	
6.320281815836115	15.955131948634651	0.0	0.0	
7.681343798884811	2.2060883660032538	0.0	0.0	
3.4670171607079396	5.243733423671102	0.0	0.0	
6.461507380472479	6.832205286486751	0.0	0.0	
26.03540518243273	14.7737334200508	0.0	0.0	
1.0498183848551008	5.134308276067479	0.0	0.0	
8.922833963086322	14.466244609313744	0.0	0.0	
18.25486203852447	30.532377462731517	0.0	0.0	
4.129259029031992	6.890892807097387	0.0	0.0	
12.759635260043783	1.0998818473980947	0.0	0.0	
18.05671893466962	28.349196070543154	0.0	0.0	
10.229719138594586	7.455541850747789	0.0	0.0	
10.554902601671582	31.988860342663425	0.0	0.0	
27.797044460231387	5.48937566147336	0.0	0.0	
19.825412758771108	19.26702441565421	0.0	0.0	
25.8849370847581	28.208691254210557	0.0	0.0	
14.583053284838268	7.139902280750629	0.0	0.0	
15.26194277211765	8.811928467500547	0.0	0.0	
20.723155155213185	22.80160289745928	0.0	0.0	
0.8536209955845173	23.07343279093642	0.0	0.0	
1.1901341722302767	26.731088964658753	0.0	0.0	
16.13533102262666	21.608131651127607	0.0	0.0	
21.783969793826092	24.92266639841646	0.0	0.0	
4.857868455090184	17.324690970281203	0.0	0.0	
15.465073630750638	26.775296404412437	0.0	0.0	
25.44936939557596	5.378883028069861	0.0	0.0	
22.260321955407132	3.0477599882613404	0.0	0.0	
26.684527445835066	22.100917789658563	0.0	0.0	
27.47273994960697	10.242741851435856	0.0	0.0	
27.20318205235687	26.59344080636083	0.0	0.0	
13.372015447028332	0.10716996402292978	0.0	0.0	
21.037321224493144	24.058898012331653	0.0	0.0	
12.728962303641339	10.266347381923357	0.0	0.0	
14.374423296026094	14.972508856111482	0.0	0.0	
14.7240848485168	30.851486737716648	0.0	0.0	
21.032429440630132	31.306385530538073	0.0	0.0	
31.747443718488082	16.733646571285256	0.0	0.0	
25.66303818602968	27.002858622337293	0.0	0.0	
26.028799873975142	19.411246950099407	0.0	0.0	
3.2429871081576565	14.995184023714096	0.0	0.0	
29.10794085518029	20.613943267372647	0.0	0.0	
15.460588387654756	12.490820668231105	0.0	0.0	
4.3414168441228504	29.85884768060667	0.0	0.0	
13.733315233712151	5.005819413570762	0.0	0.0	
19.568020001925788	8.414606770798308	0.0	0.0	
26.304857158888964	13.150400963573308	0.0	0.0	
20.319272817868054	0.6980047203185116	0.0	0.0	
28.761115123580293	19.744839165245786	0.0	0.0	
7.474790256980235	23.93563942720595	0.0	0.0	
20.816851609107673	24.31601193214222	0.0	0.0	
5.331641325545792	29.78534504083416	0.0	0.0	
16.531621427979687	16.47403704896758	0.0	0.0	
31.85260714048172	17.952288099642946	0.0	0.0	
3.9409492571978113	11.373888697071134	0.0	0.0	
18.314537166499715	19.246594665088935	0.0	0.0	
13.480658888070419	23.358130124146815	0.0	0.0	
0.06027045096443828	21.33719985313817	0.0	0.0	
7.62192668735393	31.0657774054549	0.0	0.0	
1.1195778048115805	15.722691629664325	0.0	0.0	
7.378855096537674	10.55278913740559	0.0	0.0	
27.7848317782412	8.592264005212677	0.0	0.0	
26.950700678983445	27.313926937746878	0.0	0.0	
5.5386600731610685	29.049947943216072	0.0	0.0	
5.728762788868462	27.310292534019982	0.0	0.0	
16.24685776624179	7.289730605340377	0.0	0.0	
6.750371442277963	20.340937112816132	0.0	0.0	
10.217358546092004	6.6412230863067165	0.0	0.0	
20.81963436579539	22.50044173436902	0.0	0.0	
9.068349706741827	2.405993404657327	0.0	0.0	
12.593182112239553	3.7670040408466967	0.0	0.0	
18.511521142514226	9.658671403344698	0.0	0.0	
14.79388079228563	15.178622721819352	0.0	0.0	
16.67696275235726	18.127680293141797	0.0	0.0	
30.99078149631446	15.148393842717777	0.0	0.0	
30.797967371929776	0.2815838757276232	0.0	0.0	
18.983507527138855	30.850869173661227	0.0	0.0	
8.684759925452227	12.142513939328818	0.0	0.0	
16.03916642903529	28.643256743878105	0.0	0.0	
8.65544844813196	23.813317290550813	0.0	0.0	
27.745706308206604	26.459423974896247	0.0	0.0	
3.164356216916456	0.830239177411972	0.0	0.0	
21.677246066464278	30.446678851655303	0.0	0.0	
18.504650949587557	24.879879972181293	0.0	0.0	
27.188570262747703	3.290458124112142	0.0	0.0	
10.84109833288224	25.36259225151326	0.0	0.0	
2.721515595497781	11.93862561044726	0.0	0.0	
16.03919071080258	2.1727205242077154	0.0	0.0	
3.5437146740400323	13.818810040013751	0.0	0.0	
6.1007468922585915	3.1016290420022656	0.0	0.0	
11.356083841287546	0.6992333132143393	0.0	0.0	
28.90503242486031	18.335965171227382	0.0	0.0	
12.119738637212627	3.957508709468023	0.0	0.0	
25.187808270777417	11.574355074445446	0.0	0.0	
10.255752503770431	19.201848943465983	0.0	0.0	
8.156884375415547	0.2515132235747366	0.0	0.0	
13.952944696766764	25.40374396491631	0.0	0.0	
19.195415794588794	20.939007281431323	0.0	0.0	
6.271220264381576	23.04753793875232	0.0	0.0	
13.819228132966941	27.496394102526633	0.0	0.0	
10.988090624232786	5.381624048130714	0.0	0.0	
26.63825991163105	3.1087807837730814	0.0	0.0	
1.6496354479377615	14.293656277788607	0.0	0.0	
19.74089962745752	30.168407855293786	0.0	0.0	
14.01262544474708	31.032522546795544	0.0	0.0	
21.402719348828054	7.750834271074908	0.0	0.0	
15.364340804537417	13.501302152336926	0.0	0.0	
30.08512388454305	11.503544206132588	0.0	0.0	
19.751621814629427	16.187910686457535	0.0	0.0	
17.875271203014147	19.46542780322057	0.0	0.0	
29.683011808998263	19.73707721128621	0.0	0.0	
14.687291667188056	28.23943316135206	0.0	0.0	
4.407731997728703	5.177295427419299	0.0	0.0	
17.617920957330046	10.909952528248365	0.0	0.0	
11.044949812019265	5.774974779768229	0.0	0.0	
30.06939120417108	30.08519912592564	0.0	0.0	
7.279215403011591	12.406747014431506	0.0	0.0	
17.48054891216092	16.914427829131103	0.0	0.0	
24.415187663941996	14.17487868699877	0.0	0.0	
21.432874792872777	28.769516570176492	0.0	0.0	
5.6197908531082845	30.236420875791673	0.0	0.0	
14.167806534247909	27.225126542835465	0.0	0.0	
29.031269379530688	8.908175943921435	0.0	0.0	
11.428832184262546	27.75411076042584	0.0	0.0	
27.082292161940334	9.577508277855419	0.0	0.0	
25.235194367277998	3.500420309523353	0.0	0.0	
31.698565257535755	7.993720468345529	0.0	0.0	
30.228043199387457	22.521145742920936	0.0	0.0	
30.887073490460498	14.596828046662676	0.0	0.0	
18.629120581434147	5.647843806148671	0.0	0.0	
25.41290956605679	31.272485474419707	0.0	0.0	
7.6974844991362374	29.049491449797276	0.0	0.0	
21.981421393643465	24.273230431595824	0.0	0.0	
10.183198483274321	26.841539738725206	0.0	0.0	
10.933901560051545	6.005961913574637	0.0	0.0	
25.559691883736036	17.71759582060958	0.0	0.0	
5.783336052980271	4.173861226459273	0.0	0.0	
20.90880787594043	5.968606421884534	0.0	0.0	
2.4942539844687737	3.8949730742709647	0.0	0.0	
26.2503395759119	20.217557153118822	0.0	0.0	
23.0222214508885	29.230859721899837	0.0	0.0	
31.57916281566476	23.197496743055947	0.0	0.0	
18.470094542877984	12.760239332686577	0.0	0.0	
4.324964313233828	4.155922282085875	0.0	0.0	
10.959544465960498	18.21376658887544	0.0	0.0	
6.561412028549	12.63816486047708	0.0	0.0	
11.29999859297519	19.508591642738402	0.0	0.0	
11.162555291284647	0.6184646291446043	0.0	0.0	
2.0272663301727256	14.155784362501745	0.0	0.0	
0.6923047908330844	24.677161657233665	0.0	0.0	
29.22762625392111	26.757206333641893	0.0	0.0	
24.408741114141158	29.46039546013544	0.0	0.0	
10.276335819533614	4.0671330868053985	0.0	0.0	
17.342932429836832	20.418356947950468	0.0	0.0	
22.91377919949029	7.50548120295478	0.0	0.0	
26.524819694144036	17.49235759808181	0.0	0.0	
30.95134798627799	16.178224318955806	0.0	0.0	
31.677459698126615	11.208903527112344	0.0	0.0	
22.142060956154868	7.3023097676886195	0.0	0.0	
9.800869020043386	15.8578780968447	0.0	0.0	
21.55088617276857	28.385458273719546	0.0	0.0	
15.50755987583036	23.377702986212114	0.0	0.0	
4.211397795533571	15.817634892359894	0.0	0.0	
16.475454464565487	9.253087433248258	0.0	0.0	
9.226090772933535	28.455368140031368	0.0	0.0	
27.579272108931484	14.45141513565099	0.0	0.0	
9.553021769125287	23.577253240173636	0.0	0.0	
21.05957424748108	26.256621771252878	0.0	0.0	
8.783885514121963	23.0469719125771	0.0	0.0	
20.084900685173817	16.155418161851237	0.0	0.0	
9.59481000378868	11.37459902547004	0.0	0.0	
7.411866937090139	24.482129738221836	0.0	0.0	
18.711353758564847	20.97947874557856	0.0	0.0	
16.11959503493162	12.679776886905735	0.0	0.0	
30.02946642519034	13.806005462375612	0.0	0.0	
16.751549623145053	22.558200569010904	0.0	0.0	
9.202301362549349	15.925182070028342	0.0	0.0	
15.433378720894375	0.9028493250109051	0.0	0.0	
26.445741931652666	13.221731204314008	0.0	0.0	
19.717979215891287	0.9998778789558678	0.0	0.0	
16.75114731045848	15.945227611259455	0.0	0.0	
20.615031387075092	25.54267312109173	0.0	0.0	
0.23146689951892796	10.226057711807833	0.0	0.0	
0.30502052401656243	12.699006618211097	0.0	0.0	
22.027726949717465	16.592631952080783	0.0	0.0	
16.772135580947808	31.838117597045986	0.0	0.0	
17.10723560500488	23.38591086275766	0.0	0.0	
4.685435164949784	20.14144856948101	0.0	0.0	
9.342693593212978	4.34673369289159	0.0	0.0	
2.949745641311903	9.034849237632688	0.0	0.0	
26.94261685500197	14.831864396875336	0.0	0.0	
0.7420982144590695	13.729587631878712	0.0	0.0	
27.64382560916038	12.582575453569383	0.0	0.0	
29.798845571221346	10.44264460646588	0.0	0.0	
27.426885970632654	17.249853247361138	0.0	0.0	
10.197157060987703	10.265438220507122	0.0	0.0	
8.203053020758087	9.666670723410537	0.0	0.0	
14.174087039079932	28.648936191960892	0.0	0.0	
1.8547270566284872	24.691474382850476	0.0	0.0	
21.148323969531933	21.143176425481922	0.0	0.0	
10.57712299429107	28.169545322812212	0.0	0.0	
5.977078217526138	5.2589582438623275	0.0	0.0	
3.7787940607722668	4.812480659076151	0.0	0.0	
20.23895850893181	9.772472790327956	0.0	0.0	
21.513234343953314	12.437087108694573	0.0	0.0	
15.580664376031606	13.941849976402011	0.0	0.0	
0.2965300330260696	25.96163729841686	0.0	0.0	
31.58689303554162	0.26095926309125517	0.0	0.0	
30.962239616711187	15.815967971294857	0.0	0.0	
14.893116448937807	7.57914276171681	0.0	0.0	
20.829134683286014	0.5953675713271593	0.0	0.0	
19.527739691092275	29.302524204636594	0.0	0.0	
31.604578992742933	19.964973831038844	0.0	0.0	
21.029609491837768	2.4400847098615905	0.0	0.0	
29.837113695747952	23.541675116389534	0.0	0.0	
23.75456069029063	24.508144451943156	0.0	0.0	
25.186477610868607	17.008704655110183	0.0	0.0	
20.902743727282942	7.1955790571789535	0.0	0.0	
0.5248571194824692	25.036412140822375	0.0	0.0	
31.12982031395592	19.164123805873704	0.0	0.0	
29.554849176122275	21.046860290851	0.0	0.0	
27.871434366945607	1.8752105341394376	0.0	0.0	
2.7837404421732543	21.68490116297907	0.0	0.0	
19.352056674090754	24.049091742821407	0.0	0.0	
19.356678776239363	27.315782873939764	0.0	0.0	
7.526832020485273	22.852082355944017	0.0	0.0	
13.16961972715524	14.458377148699242	0.0	0.0	
29.258073108803856	31.135710488659022	0.0	0.0	
2.5593275974539225	29.457811036234673	0.0	0.0	
6.229281446998378	2.8670657343251094	0.0	0.0	
8.84989305269972	5.341407295888345	0.0	0.0	
13.616458534096882	14.74825054360884	0.0	0.0	
9.711122137126981	12.219406761168987	0.0	0.0	
11.754379778428284	27.13221821494055	0.0	0.0	
19.602628819446533	7.088230500136021	0.0	0.0	
11.59498571140415	12.481877905546959	0.0	0.0	
23.495629868187102	27.261745470032274	0.0	0.0	
14.129907146684538	1.5454170928461686	0.0	0.0	
20.591681842244597	26.272308871115587	0.0	0.0	
29.18548010747953	15.451675773819613	0.0	0.0	
6.413836667316353	22.027251500220622	0.0	0.0	
17.8511184602873	9.094592636923036	0.0	0.0	
27.750355427218214	3.7040868755392715	0.0	0.0	
8.759577141398122	27.86073547664928	0.0	0.0	
8.275485265285571	10.728458726130778	0.0	0.0	
7.67520322215891	4.323710106409067	0.0	0.0	
3.2629069494050817	0.7013206136377335	0.0	0.0	
11.820938811541797	4.459605841562933	0.0	0.0	
6.867781272881395	10.999059562245879	0.0	0.0	
14.393748797926524	29.14455872269366	0.0	0.0	
16.763448870722215	21.718296386260903	0.0	0.0	
28.926224817760012	12.735029456682536	0.0	0.0	
10.253346752197722	7.479205495994204	0.0	0.0	
5.579808994587971	30.91702337935008	0.0	0.0	
27.153172857247313	27.498682370273784	0.0	0.0	
16.469171639491513	5.483261146900897	0.0	0.0	
2.2218532513972136	21.325047866263855	0.0	0.0	
2.676699073790033	15.542186469886072	0.0	0.0	
8.466463151718074	10.745533391568188	0.0	0.0	
30.3464317716988	29.030027188003963	0.0	0.0	
22.327607343650367	10.10101815423571	0.0	0.0	
7.171601631812361	12.038308738066007	0.0	0.0	
3.666040449920061	27.507228205704795	0.0	0.0	
10.998170598338909	6.15164341059069	0.0	0.0	
8.229322968921398	1.6053330280351865	0.0	0.0	
11.696133055952263	26.47083079173915	0.0	0.0	
2.805763801863712	24.839117106845915	0.0	0.0	
8.594650877501962	9.043660737147206	0.0	0.0	
6.86580743653532	8.126802548043166	0.0	0.0	
9.977735216306272	29.981413419109035	0.0	0.0	
2.621283592917983	3.5101080525915975	0.0	0.0	
16.76678751729758	26.83698605197483	0.0	0.0	
20.74202344752211	0.15850829634294783	0.0	0.0	
12.979110438258868	16.642682472282633	0.0	0.0	
19.779979935888452	0.333084776783501	0.0	0.0	
2.0114654512188643	15.526852806099356	0.0	0.0	
6.458072738063329	21.50519714366397	0.0	0.0	
11.42179948854388	17.03317796416254	0.0	0.0	
24.543339054135444	22.931269811420943	0.0	0.0	
21.286544445031325	30.590451686965032	0.0	0.0	
13.340959940554345	1.7754762360301903	0.0	0.0	
27.455526390031505	7.101464922141254	0.0	0.0	
28.700466692827312	30.47163636554205	0.0	0.0	
9.73295310783136	8.69801099664592	0.0	0.0	
26.434076813583523	31.386611421720527	0.0	0.0	
29.543915526645375	18.35884229748277	0.0	0.0	
15.859484213150502	14.343268919160813	0.0	0.0	
2.419811506926756	24.697109300510697	0.0	0.0	
8.64832517306866	17.33102683327091	0.0	0.0	
16.226587959095763	31.529437422419537	0.0	0.0	
3.6302830488374944	5.15588635141162	0.0	0.0	
5.467329965824117	31.19980688366754	0.0	0.0	
27.295107783922553	30.016253685977542	0.0	0.0	
28.284528988396797	22.229499501516575	0.0	0.0	
24.441437644417302	29.991001880918095	0.0	0.0	
20.871450738717144	4.421635614774257	0.0	0.0	
16.57264528770848	10.480450138223613	0.0	0.0	
30.72162313841058	22.683874262988926	0.0	0.0	
26.857877527438056	21.671902653487294	0.0	0.0	
21.588154394821576	27.62560565798369	0.0	0.0	
22.077590362029532	9.407515875624664	0.0	0.0	
26.83619727634448	13.516971047795401	0.0	0.0	
15.428650841286384	7.572452139703298	0.0	0.0	
21.251470981052318	3.1628136413594383	0.0	0.0	
15.955081621955024	28.261774620529383	0.0	0.0	
11.527430440581561	26.118594006394776	0.0	0.0	
13.828086056739892	5.023691382364369	0.0	0.0	
30.42586292978707	20.086024751993882	0.0	0.0	
3.4128132932467246	14.44670944443219	0.0	0.0	
7.282178475857794	13.951191034295569	0.0	0.0	
11.78897280384798	18.043445734051062	0.0	0.0	
6.622304422992453	4.84379555793749	0.0	0.0	
29.833385023372312	9.88833701900527	0.0	0.0	
31.49337730916243	8.59408264393397	0.0	0.0	
21.144630493132873	4.95961361139738	0.0	0.0	
1.71950955440958	11.422469925345226	0.0	0.0	
18.958537921832107	15.384011385665932	0.0	0.0	
1.1049457117932135	18.751977364688027	0.0	0.0	
30.740738017125725	7.975873779023409	0.0	0.0	
11.118085822407345	30.651512563661704	0.0	0.0	
19.459665934955613	13.570017273565547	0.0	0.0	
20.7866865969374	19.529543005841333	0.0	0.0	
3.0070653639119307	29.542964425451178	0.0	0.0	
20.62864345059588	28.516848718668985	0.0	0.0	
10.93548646503497	11.790108502242518	0.0	0.0	
2.9272460138702456	6.772229998934787	0.0	0.0	
16.83757172723211	19.961027350973808	0.0	0.0	
1.7950386362830528	11.886977489893095	0.0	0.0	
29.861981057326535	27.370879324774393	0.0	0.0	
21.13283625619894	10.904216859682158	0.0	0.0	
4.600964312172824	11.39025577345583	0.0	0.0	
23.694109358811733	26.82596449279391	0.0	0.0	
29.622835102675612	23.425213654567006	0.0	0.0	
5.542123963725654	18.678846692903235	0.0	0.0	
26.934150760283007	22.93459297453579	0.0	0.0	
26.91427735372698	18.374419937878233	0.0	0.0	
16.270272540344155	22.405919858732478	0.0	0.0	
17.624606564700642	19.415037113505	0.0	0.0	
30.549234743047236	7.083078626554425	0.0	0.0	
30.015477111422364	5.467295094508479	0.0	0.0	
22.55494585032061	21.492706315939103	0.0	0.0	
23.450293476702523	30.072021304276912	0.0	0.0	
19.413483257780424	23.609173377441685	0.0	0.0	
25.400343018753247	2.715490569433719	0.0	0.0	
7.525888529637921	14.126203106534454	0.0	0.0	
31.91285617101367	10.14880545984282	0.0	0.0	
16.574375353070092	5.121625943891392	0.0	0.0	
2.038260600387133	12.640300785952569	0.0	0.0	
0.18272161323100278	11.9624869566155	0.0	0.0	
23.14094217279017	18.257811187154726	0.0	0.0	
21.777703156794626	12.28595014378017	0.0	0.0	
5.6241923752110665	31.581613642235205	0.0	0.0	
8.75808244706051	17.095986862834135	0.0	0.0	
25.87706516341654	28.3390654717252	0.0	0.0	
30.49089438802077	1.7613208025133567	0.0	0.0	
15.12000065514097	7.775611085479682	0.0	0.0	
21.093374278928543	20.68286043690466	0.0	0.0	
23.674470732555026	7.176253076113497	0.0	0.0	
24.35147022729158	14.002145761655989	0.0	0.0	
7.366875391581164	9.254674918843936	0.0	0.0	
6.947442382070818	5.127369635194473	0.0	0.0	
22.340207194575065	18.31685899096524	0.0	0.0	
6.171812717017623	15.520116156911179	0.0	0.0	
25.85538062932407	15.235765957157113	0.0	0.0	
9.856736220767871	8.882943180374003	0.0	0.0	
28.256698794397842	31.603483203028087	0.0	0.0	
24.679522741539042	10.057598440273132	0.0	0.0	
7.595454893567631	17.097113146564254	0.0	0.0	
6.84215529116565	27.639801923123553	0.0	0.0	
21.189274094247153	18.842410503403123	0.0	0.0	
26.072066972519707	5.120889064865327	0.0	0.0	
16.762378775574867	4.007646170889043	0.0	0.0	
30.651082083777865	29.702990850744317	0.0	0.0	
12.303053339777158	27.850788948275092	0.0	0.0	
13.87151089364642	24.16822928243842	0.0	0.0	
27.06557096982021	13.850219633181055	0.0	0.0	
31.31706725033916	21.955457029058714	0.0	0.0	
0.28411769205898807	5.634926501564351	0.0	0.0	
5.269252686244418	8.006688176969124	0.0	0.0	
14.93061401163348	27.542429099877012	0.0	0.0	
30.787306425145292	7.936352370438851	0.0	0.0	
25.029711063445333	27.177805677260352	0.0	0.0	
15.966583981940506	18.772070464296622	0.0	0.0	
25.74512793149793	25.263181838631574	0.0	0.0	
24.27938469512325	1.793476488677154	0.0	0.0	
4.337186432705984	25.250211001890264	0.0	0.0	
11.953455525882813	20.333267176959115	0.0	0.0	
4.142663336601167	1.5266711564106465	0.0	0.0	
1.459597134674727	22.076341536097907	0.0	0.0	
6.514825929451991	7.745430277385129	0.0	0.0	
7.6799740207322	3.8370803452580304	0.0	0.0	
24.158349701368497	29.96912507055105	0.0	0.0	
22.684091712621022	14.076191324535007	0.0	0.0	
19.08457170626502	26.16664542833279	0.0	0.0	
15.578532257372007	15.33052738881139	0.0	0.0	
5.674018117379056	6.791855648437092	0.0	0.0	
16.52176996993702	12.58125400930983	0.0	0.0	
16.701819221135235	22.90163669969918	0.0	0.0	
3.9032713758425928	26.95527170212931	0.0	0.0	
11.834803934173355	8.49319446100208	0.0	0.0	
1.3406817663456714	4.863583310157637	0.0	0.0	
13.880861341067742	28.533269379064404	0.0	0.0	
5.30180041408331	21.35348784689743	0.0	0.0	
9.821868370406776	27.249385485734713	0.0	0.0	
14.973728663054665	3.4959334075738404	0.0	0.0	
12.940201498026294	29.918510229059226	0.0	0.0	
9.72725901688015	1.650905024636323	0.0	0.0	
13.536714161404461	29.65851430183431	0.0	0.0	
