2
32.0	0.0	0.0	0.0	
0.0	32.0	0.0	0.0	
23.179014870420154	14.40052141926818	0.0	0.0	
27.83339032525064	19.29387613403261	0.0	0.0	
20.942706757219966	10.226633036836397	0.0	0.0	
1.6522768942227124	12.008202864399607	0.0	0.0	
0.05866968423494612	31.006227223606185	0.0	0.0	
0.2165218323990885	6.011894536413841	0.0	0.0	
13.051545386462642	10.427561171106056	0.0	0.0	
19.959430081471368	15.21159591036794	0.0	0.0	
15.103945030865013	6.527014490582413	0.0	0.0	
17.106177885896777	0.377906983384829	0.0	0.0	
26.010052224152634	24.46756136036701	0.0	0.0	
22.654156535211598	7.770571027922649	0.0	0.0	
25.251885016709377	28.72621518582399	0.0	0.0	
27.187772466695584	6.707705039473812	0.0	0.0	
10.14655647900166	6.954787937591291	0.0	0.0	
4.555429612400825	26.08488817889215	0.0	0.0	
28.297905760146545	22.736707808620604	0.0	0.0	
11.424939932142731	10.4625387863152	0.0	0.0	
13.837443841388996	27.65382019210205	0.0	0.0	
12.474321285143436	12.73919335413094	0.0	0.0	
1.606271250464495	23.501135732164244	0.0	0.0	
30.44525765694234	26.806409175698207	0.0	0.0	
22.064725143575803	10.089188849886938	0.0	0.0	
24.555651035173938	3.7776204691588937	0.0	0.0	
22.858155252153423	13.703092784420452	0.0	0.0	
3.7203306300471937	12.135059590218948	0.0	0.0	
6.383704870111583	3.7485227004715753	0.0	0.0	
12.21927712052026	20.42084562919316	0.0	0.0	
17.325482589749704	12.853105932750708	0.0	0.0	
28.19984816132638	0.4356277433989817	0.0	0.0	
10.383638586363247	18.460247030392637	0.0	0.0	
4.21787910911171	28.40824115782621	0.0	0.0	
18.389873609208966	21.625771416233526	0.0	0.0	
26.902506470217787	7.204621144961354	0.0	0.0	
8.380962577241004	27.16629628707828	0.0	0.0	
9.20575203819256	2.0590982456436073	0.0	0.0	
21.162054838164003	17.00298587149686	0.0	0.0	
0.8939307171644586	24.158357885484723	0.0	0.0	
25.351411343242102	19.33863242399704	0.0	0.0	
15.30718659402596	10.715387990758405	0.0	0.0	
15.777129553566386	2.7183566302339948	0.0	0.0	
2.012337873637996	10.098818194895998	0.0	0.0	
18.71574779714155	3.2906183533657973	0.0	0.0	
24.960545777364125	8.820699706270538	0.0	0.0	
10.780937500648907	8.713006432317925	0.0	0.0	
31.27044500901134	16.570962539702272	0.0	0.0	
10.07936552932593	19.411356070878124	0.0	0.0	
13.928424682591341	22.335009766244017	0.0	0.0	
28.167590671005854	13.532986856336862	0.0	0.0	
2.2714676199386865	5.530349366889947	0.0	0.0	
25.484966800720052	0.039540435808085306	0.0	0.0	
17.262227646668705	5.140217587185823	0.0	0.0	
3.868668662549773	10.417990402926502	0.0	0.0	
2.67830336042336	3.405458154041874	0.0	0.0	
24.23610432412329	26.438174390914988	0.0	0.0	
19.690962200722367	24.46368857747262	0.0	0.0	
24.99013700140516	4.573769789325148	0.0	0.0	
0.4524047195066707	28.432784194898566	0.0	0.0	
24.684265291416295	18.447002174579495	0.0	0.0	
21.540676927982048	20.26051084769239	0.0	0.0	
20.695086302724555	0.49866843543811257	0.0	0.0	
7.580451190839966	26.242005952336193	0.0	0.0	
27.115917497231507	27.039274292671628	0.0	0.0	
30.540032834550637	25.942624690224235	0.0	0.0	
3.1276864964679554	29.6393173081147	0.0	0.0	
14.16498532609057	19.222778436411957	0.0	0.0	
7.273521815154673	29.04982617744928	0.0	0.0	
8.14211476693762	23.51163530215987	0.0	0.0	
19.615658229023573	3.320263301540802	0.0	0.0	
25.67256293662407	19.648651207137192	0.0	0.0	
7.512471943531914	20.161402350125595	0.0	0.0	
15.179992856607743	26.520801336771626	0.0	0.0	
23.41416974602169	18.050706131651364	0.0	0.0	
7.787081076298133	19.199935332944428	0.0	0.0	
25.30172502788437	31.958616745371852	0.0	0.0	
28.5658131392948	17.181800588551674	0.0	0.0	
6.091582906762657	22.022256392866783	0.0	0.0	
25.932764189819984	6.8799874170701365	0.0	0.0	
14.502982208102026	23.14435924925831	0.0	0.0	
1.8141308828105522	23.297412147200273	0.0	0.0	
5.256946468595995	11.662209647575235	0.0	0.0	
16.23836865357122	16.10241072664822	0.0	0.0	
21.146842957770986	3.397611211257587	0.0	0.0	
15.99470538653594	3.606369140251605	0.0	0.0	
27.327878495357094	20.86243346278753	0.0	0.0	
12.049301048510994	30.939123572510155	0.0	0.0	
26.463047570710195	11.844198924824447	0.0	0.0	
2.12917307987642	31.301410333518703	0.0	0.0	
14.527629645234267	18.522633157721323	0.0	0.0	
22.978510674778676	22.688234768843415	0.0	0.0	
6.31018443233949	22.670781493528818	0.0	0.0	
19.591860813693092	29.399349400197888	0.0	0.0	
0.10829105175385934	27.07287948540731	0.0	0.0	
23.97334995188724	12.946896170140935	0.0	0.0	
1.6540867877989562	2.3373518784007103	0.0	0.0	
11.522415204227276	24.481736391337225	0.0	0.0	
21.68477120395338	25.171325883136838	0.0	0.0	
5.279642627998246	9.82736589765629	0.0	0.0	
1.1220659829249513	24.47142735155199	0.0	0.0	
25.652336880438757	11.068894664136522	0.0	0.0	
6.601194672675597	22.526121023652685	0.0	0.0	
30.47692420362534	18.346589122740728	0.0	0.0	
12.09991394576538	5.4934740749008135	0.0	0.0	
3.8793139262034195	18.2951525858252	0.0	0.0	
15.062587428702209	12.531935754781895	0.0	0.0	
26.582147685105472	23.561530391857552	0.0	0.0	
8.326020992134968	15.988507986190697	0.0	0.0	
7.628327735205609	6.753322727371771	0.0	0.0	
11.728418236493699	29.539948696826823	0.0	0.0	
24.358169936913217	0.30932100803245177	0.0	0.0	
5.795911581757011	29.801756463405734	0.0	0.0	
3.873919354572813	9.00039143006671	0.0	0.0	
25.01285417941454	19.52536727308267	0.0	0.0	
6.183559687519381	17.256991053018826	0.0	0.0	
7.490856637401087	10.880148178337475	0.0	0.0	
15.10140508801198	27.587364280577518	0.0	0.0	
26.369120345005726	11.116672155754287	0.0	0.0	
23.508716833703783	26.561223334321273	0.0	0.0	
16.498321567451907	11.331524523442116	0.0	0.0	
25.012433007070474	25.01130209288191	0.0	0.0	
27.626378321606673	5.005525927687653	0.0	0.0	
20.833070591745308	23.258774961402604	0.0	0.0	
16.19946298965402	28.310952036654395	0.0	0.0	
29.616877511960247	20.848488243257993	0.0	0.0	
25.031283479694025	28.36433549887002	0.0	0.0	
24.3252459730722	21.690372493040734	0.0	0.0	
26.30287178017687	16.64240100374854	0.0	0.0	
31.38008173706071	26.8372478341837	0.0	0.0	
23.352772082540994	17.496629768883107	0.0	0.0	
23.747208602282782	16.920020647528286	0.0	0.0	
19.67019095805158	15.959514965148077	0.0	0.0	
31.813347560816442	6.827955828740279	0.0	0.0	
7.98886254016832	21.547122185657123	0.0	0.0	
25.094304353807114	6.635594510377189	0.0	0.0	
25.94032517428598	31.138456927317478	0.0	0.0	
15.764607728190661	10.882214803328004	0.0	0.0	
10.945230005430009	21.436149579932597	0.0	0.0	
12.374212618833223	21.58169879791459	0.0	0.0	
21.999854817984474	15.095164524717095	0.0	0.0	
16.620675741444117	5.632741059547445	0.0	0.0	
9.03774985470589	12.95639990220069	0.0	0.0	
28.835003459871984	0.8664926435572085	0.0	0.0	
11.079234828257086	12.054920972342877	0.0	0.0	
13.487260783941757	30.999818316627294	0.0	0.0	
4.343783268562891	23.14498134389511	0.0	0.0	
15.791663400702657	8.371445457821657	0.0	0.0	
12.128466660852297	12.478323046673935	0.0	0.0	
27.43791234318317	11.01679115709403	0.0	0.0	
3.6897454897617052	24.52381046391201	0.0	0.0	
27.413624708519635	22.9592172518372	0.0	0.0	
28.006450364905	18.382730422111223	0.0	0.0	
17.186820604603085	30.325496839055425	0.0	0.0	
21.46521675315172	12.022315861340829	0.0	0.0	
19.180718469757284	5.532997853878054	0.0	0.0	
20.22062401139477	10.464535787592055	0.0	0.0	
18.197336507621053	0.9850552845239662	0.0	0.0	
9.080854176649794	31.29546364837648	0.0	0.0	
0.6354237635680313	26.013821923603906	0.0	0.0	
31.60467333890505	2.0424739675322527	0.0	0.0	
24.283478710931487	27.811583155772183	0.0	0.0	
31.805037241506135	18.472811623680887	0.0	0.0	
20.219557718907243	23.505355866479658	0.0	0.0	
29.269468380663714	7.14683978061716	0.0	0.0	
20.39915174074379	9.417942184591823	0.0	0.0	
20.678939508108513	11.202974946769785	0.0	0.0	
10.864006176641183	18.78114392467269	0.0	0.0	
6.246860722806101	15.563980539553445	0.0	0.0	
2.373076540210157	7.1685193786138015	0.0	0.0	
17.899725890047176	11.80671357503223	0.0	0.0	
5.03526226074095	29.259868407881303	0.0	0.0	
27.403419448142323	10.761708374784881	0.0	0.0	
0.38211813994276866	16.637218046720204	0.0	0.0	
8.430688202830979	8.03638660586823	0.0	0.0	
4.0014157433872874	19.15750498031949	0.0	0.0	
10.248132553317362	17.16436212680495	0.0	0.0	
15.395070377967947	11.59895339806409	0.0	0.0	
15.757836581997537	24.868444392727916	0.0	0.0	
4.714589180454059	8.60032562043256	0.0	0.0	
19.40706975441473	4.843443654774941	0.0	0.0	
19.084071751806636	13.523877156807401	0.0	0.0	
11.978821040784094	28.655729746499937	0.0	0.0	
24.154749131537876	17.663443251733185	0.0	0.0	
15.177711703132577	11.993437281386974	0.0	0.0	
1.2178437675527185	12.984792101819448	0.0	0.0	
19.27836735907759	16.682708412075893	0.0	0.0	
28.85402738946063	10.556527581051903	0.0	0.0	
17.87641378575711	27.954482169184477	0.0	0.0	
14.810041376911926	1.2216160327563301	0.0	0.0	
22.32558291374796	0.12654200340267252	0.0	0.0	
8.888097717083927	2.0206615383861894	0.0	0.0	
31.47714002641601	26.51092328343361	0.0	0.0	
1.506754924809666	19.659557509034208	0.0	0.0	
18.771156976306763	10.71577104950607	0.0	0.0	
7.825622060217537	20.041433061854	0.0	0.0	
9.081737784738955	4.062472982546499	0.0	0.0	
3.3620881645961695	24.607026994730422	0.0	0.0	
22.80462157652199	5.599381442859148	0.0	0.0	
30.06837638981625	18.330991889114138	0.0	0.0	
23.753700861294835	7.089536387461514	0.0	0.0	
15.640819847299465	8.346407628956541	0.0	0.0	
3.4476027133504807	5.5692449931756585	0.0	0.0	
9.051701043353823	22.522091662033894	0.0	0.0	
1.9870481029727713	17.107277120222108	0.0	0.0	
16.192288502829783	8.470607147631743	0.0	0.0	
13.401229073613695	11.167423670700085	0.0	0.0	
8.801850674740283	28.52227860690766	0.0	0.0	
17.281757876142883	9.707981917380291	0.0	0.0	
11.681846846650394	6.279788777950593	0.0	0.0	
5.882954713051603	20.312752156566035	0.0	0.0	
21.980620972272	7.643592295487409	0.0	0.0	
1.7471310562274454	13.642566959855571	0.0	0.0	
21.85330096555711	29.768837961663948	0.0	0.0	
29.045585304592045	19.03726605176489	0.0	0.0	
16.856631714819752	11.844590437531323	0.0	0.0	
3.772993370005114	25.701060165404776	0.0	0.0	
28.672773170186634	29.413206430972775	0.0	0.0	
18.234406952786603	30.24835017315561	0.0	0.0	
20.112442437011218	11.951849209325925	0.0	0.0	
14.464490243929912	4.469359607447828	0.0	0.0	
3.9749588565218197	29.996017952745664	0.0	0.0	
5.27088391507942	18.333721363317213	0.0	0.0	
30.47287986588126	10.814238171437399	0.0	0.0	
18.27459374826637	10.59995818555975	0.0	0.0	
3.7886377862983664	15.145309140618732	0.0	0.0	
4.39962464875223	13.20794316165939	0.0	0.0	
7.088238634839918	18.0587583277582	0.0	0.0	
14.236977582099787	0.511943749084395	0.0	0.0	
10.017649968250737	2.4775244967074634	0.0	0.0	
19.840839306307323	5.640359162640898	0.0	0.0	
13.053527627119845	0.12936229286838952	0.0	0.0	
21.77131288264022	10.891835098888311	0.0	0.0	
23.489146720898383	3.199304846761592	0.0	0.0	
29.40006753035191	23.273680023684395	0.0	0.0	
15.438357958042797	18.017978442194234	0.0	0.0	
27.508516330560145	6.456022596418791	0.0	0.0	
22.469051535330305	3.2227812610969124	0.0	0.0	
9.329549050786685	29.830051120657384	0.0	0.0	
21.160377829914054	8.002578288347625	0.0	0.0	
23.631494181331508	24.776555038640044	0.0	0.0	
20.989823864428075	10.78973943178918	0.0	0.0	
14.223092312956418	31.236549578705855	0.0	0.0	
3.9810082936873137	6.087101519304721	0.0	0.0	
19.460687953554316	1.7687925620621918	0.0	0.0	
9.330568437996117	4.318187914067142	0.0	0.0	
18.51268075995062	12.808861916382433	0.0	0.0	
1.850737303444383	29.903223940622343	0.0	0.0	
11.403343258294424	11.945331537531683	0.0	0.0	
25.37568507213867	30.592271631513327	0.0	0.0	
8.970066708279216	19.2178379935352	0.0	0.0	
0.60109874824008	24.38024713473324	0.0	0.0	
21.350468234831553	24.682612932578472	0.0	0.0	
22.11930985883191	16.928054405251256	0.0	0.0	
31.462232448700007	30.640315309337417	0.0	0.0	
18.785425214046086	18.55061853829705	0.0	0.0	
16.774552677597555	16.100571077528386	0.0	0.0	
20.669623858073336	31.83020775818992	0.0	0.0	
4.945368481000777	7.831675136744039	0.0	0.0	
28.792477209375363	23.09855225409708	0.0	0.0	
4.340034891365438	26.658234871556314	0.0	0.0	
14.611519207393155	22.394316122093922	0.0	0.0	
6.889594636022679	25.940839170468884	0.0	0.0	
7.501673173679091	1.5468436162955541	0.0	0.0	
12.884221743792967	12.057582734433332	0.0	0.0	
26.158144345037176	19.34593201175025	0.0	0.0	
7.024723406195825	14.333249689519008	0.0	0.0	
30.4754397648232	10.941236142258646	0.0	0.0	
19.606450005045417	17.064716901466365	0.0	0.0	
7.085138027363982	24.204527610010636	0.0	0.0	
26.75966916852598	29.412357758313814	0.0	0.0	
13.427436464211524	14.411489720286212	0.0	0.0	
12.565305489221558	10.92714170690764	0.0	0.0	
15.368070677086099	6.703759657089215	0.0	0.0	
11.125251881516572	23.38564414843594	0.0	0.0	
12.373314039918817	17.603499975808116	0.0	0.0	
29.65309215669155	29.917392602336076	0.0	0.0	
14.807198116468932	15.68630514394119	0.0	0.0	
26.105009606802458	5.3735815506829425	0.0	0.0	
25.321294343201842	2.0865190742912283	0.0	0.0	
31.9552050117926	3.3607517760508294	0.0	0.0	
5.066657927956825	31.820043341327047	0.0	0.0	
31.583055464338365	15.62411307374202	0.0	0.0	
21.176346659484626	29.708645454136548	0.0	0.0	
29.096518431333433	31.08711622849904	0.0	0.0	
5.993152321296179	10.692162782342262	0.0	0.0	
3.3484414713971837	12.90504987017087	0.0	0.0	
9.191887027043883	18.00135947150992	0.0	0.0	
11.303522402813087	8.485076887002524	0.0	0.0	
21.448867893026314	5.330360029652411	0.0	0.0	
16.797272507022825	14.692434858890323	0.0	0.0	
16.626215319302283	3.9212789770829346	0.0	0.0	
17.347986936156865	15.998402928861143	0.0	0.0	
21.427026118210797	30.585301851603603	0.0	0.0	
11.709210509578838	27.70800322775428	0.0	0.0	
2.903706325773385	0.020664790036072134	0.0	0.0	
3.033092803974654	28.99529727153834	0.0	0.0	
26.871616667031198	2.5063431321070553	0.0	0.0	
4.263188850342935	26.26785396147783	0.0	0.0	
31.109050113623287	2.767405840319114	0.0	0.0	
0.6338563624393316	4.457220402544031	0.0	0.0	
18.60050808353136	5.8822813158794425	0.0	0.0	
27.94525030164554	12.949922340844044	0.0	0.0	
3.9231548249231203	0.8948926259009546	0.0	0.0	
28.44024212614626	0.5719975374943225	0.0	0.0	
7.30422973153582	29.091318248974314	0.0	0.0	
7.890484362817894	22.224899320880635	0.0	0.0	
19.38476165088491	20.689768422817266	0.0	0.0	
22.472770612641874	20.236508910300042	0.0	0.0	
21.592284111736355	2.207652763475565	0.0	0.0	
5.427721805089213	18.72637914370234	0.0	0.0	
5.855662500799301	13.02365831562458	0.0	0.0	
8.00018695018343	8.95003471404609	0.0	0.0	
12.537732572706403	7.010865178237992	0.0	0.0	
19.61069612225471	4.075079434630247	0.0	0.0	
22.01977386771786	22.28937341469088	0.0	0.0	
17.85140450763866	4.639570766135812	0.0	0.0	
26.384417479944727	16.82764548699965	0.0	0.0	
5.940003340742987	18.59966991410197	0.0	0.0	
29.08564892617827	0.17007365664908747	0.0	0.0	
6.896166416985064	12.554598400728057	0.0	0.0	
15.095992129866517	18.05175496826995	0.0	0.0	
0.8792504401976267	27.012136858395017	0.0	0.0	
6.745579861540278	6.487506163865586	0.0	0.0	
21.85460364051899	28.229478155198667	0.0	0.0	
12.546926694947935	3.5308523359487154	0.0	0.0	
28.583506400152626	22.579421562206917	0.0	0.0	
10.252676770403156	11.387185661070614	0.0	0.0	
7.914161713481828	13.841398180140732	0.0	0.0	
1.162278543948279	8.75589149912452	0.0	0.0	
9.082700108368758	20.522105903714372	0.0	0.0	
24.368392499058874	31.548477354611254	0.0	0.0	
14.747284524221893	27.928889600488215	0.0	0.0	
20.65550815368224	23.662253754896145	0.0	0.0	
2.420768305414537	4.080612693625309	0.0	0.0	
14.001485090198113	10.157053337769597	0.0	0.0	
14.751444451384984	28.815093979264134	0.0	0.0	
1.4835138970151611	16.598119406922486	0.0	0.0	
10.258966525715294	4.775741242417752	0.0	0.0	
5.73214517042798	5.555834434372681	0.0	0.0	
24.63783590621809	3.644651642762991	0.0	0.0	
13.899048351379697	6.562949673000514	0.0	0.0	
10.709412000672188	0.3106472583730948	0.0	0.0	
2.715293103378791	20.660258406855046	0.0	0.0	
12.773079891618135	16.27034480118419	0.0	0.0	
27.410705123658673	0.10876647150703178	0.0	0.0	
7.724651305419314	28.637484889078095	0.0	0.0	
7.142666168400996	13.543793421921784	0.0	0.0	
4.835406585816482	21.236773597165847	0.0	0.0	
9.138402863818474	23.76794821374044	0.0	0.0	
11.399639861242914	22.206239896187018	0.0	0.0	
6.7184199439557055	29.270245118755987	0.0	0.0	
14.635956193324716	13.762838992253023	0.0	0.0	
27.137801987291937	2.6639864100391364	0.0	0.0	
31.08136713002867	9.215748973369823	0.0	0.0	
14.151111172702226	31.99762724203187	0.0	0.0	
8.165545820273085	14.018839942562561	0.0	0.0	
17.92950965387475	6.713027688578009	0.0	0.0	
30.20303523953526	3.573341476374953	0.0	0.0	
29.606115361223512	16.609014695415933	0.0	0.0	
17.771085542858202	15.592919147847677	0.0	0.0	
8.760713089541323	18.012522678613497	0.0	0.0	
8.589087545404354	4.836661064273443	0.0	0.0	
5.821309665105613	27.436816785119728	0.0	0.0	
17.307908482787656	31.811851564487764	0.0	0.0	
14.540568033634695	0.4684653909815282	0.0	0.0	
24.858629197089588	18.934234369352687	0.0	0.0	
23.71552415462327	2.1157931304068818	0.0	0.0	
19.31609461489273	16.093886776111663	0.0	0.0	
9.339221210198122	17.892054402056562	0.0	0.0	
12.932021439743849	6.571734868017838	0.0	0.0	
23.61770706121502	26.480778618555576	0.0	0.0	
23.033906231781476	10.487095888645168	0.0	0.0	
24.28502106391027	2.130882935447495	0.0	0.0	
12.160217991665402	26.499097892992218	0.0	0.0	
15.573164759667897	28.77346064150261	0.0	0.0	
15.594550462369465	28.819414077883604	0.0	0.0	
23.367207725385313	29.473840549000904	0.0	0.0	
29.69570193256213	18.12377942155172	0.0	0.0	
4.008468310825975	15.163757729346852	0.0	0.0	
21.26881426093103	1.1224468597332091	0.0	0.0	
12.104373376901258	19.195391004697246	0.0	0.0	
27.053672602265106	24.74493622271777	0.0	0.0	
5.418654322698153	29.72886569615805	0.0	0.0	
29.96871068809472	17.306133406141186	0.0	0.0	
7.3370869115787585	6.405092652893053	0.0	0.0	
31.212679693370493	7.396937272059741	0.0	0.0	
19.04013173122327	10.994721857809562	0.0	0.0	
0.450174208789452	20.517851286531567	0.0	0.0	
16.972974666812167	27.251906162483706	0.0	0.0	
12.030537308591036	23.69214758506065	0.0	0.0	
3.8007033007823487	27.321338879502846	0.0	0.0	
9.005971629441166	1.3097694355074552	0.0	0.0	
31.167619545031755	16.521994402797297	0.0	0.0	
11.032368739080681	9.724418469608011	0.0	0.0	
15.584191578213744	28.78229334617781	0.0	0.0	
24.610976422507125	30.094215244267808	0.0	0.0	
10.667764168011455	30.339331216656017	0.0	0.0	
21.188183126673266	2.9488755308925647	0.0	0.0	
30.025588500462426	2.5615264082050295	0.0	0.0	
22.088306394014488	15.460706994230655	0.0	0.0	
2.387678016415922	23.52454491392	0.0	0.0	
22.78139580004714	23.39317235334151	0.0	0.0	
31.743700958161163	2.635980950238963	0.0	0.0	
0.6963707795525629	27.04672650910688	0.0	0.0	
31.29749452689036	16.953034339158073	0.0	0.0	
19.712803782049644	3.656225275704358	0.0	0.0	
0.34343747231998023	8.555322005458347	0.0	0.0	
22.089008009084726	12.54025370886513	0.0	0.0	
4.5966284848699495	31.573693609972757	0.0	0.0	
25.427064820368713	5.1393211414425615	0.0	0.0	
30.29727736094931	2.311983212962634	0.0	0.0	
30.176277216200102	9.609270631143861	0.0	0.0	
20.86260887815919	21.479650629275515	0.0	0.0	
9.84918448703296	26.29353136566077	0.0	0.0	
0.9056520365909115	30.344955072630565	0.0	0.0	
28.77195851556765	9.093945241102926	0.0	0.0	
17.5415390912858	26.21167784696373	0.0	0.0	
28.411669797390267	16.55990171845353	0.0	0.0	
8.023634431933633	21.61871615513587	0.0	0.0	
8.368237043978908	8.495200028616644	0.0	0.0	
16.687194196395783	2.770701078231074	0.0	0.0	
15.239898838566376	23.46659800057736	0.0	0.0	
20.816126983482345	28.537286220623884	0.0	0.0	
16.13361410272669	13.858041992074615	0.0	0.0	
12.023215557399443	8.579701216183466	0.0	0.0	
16.525626002616285	1.0022745719877193	0.0	0.0	
7.527605039693185	7.731202064993607	0.0	0.0	
1.6771052330294545	30.836110399329556	0.0	0.0	
21.06665822724864	25.206206474380398	0.0	0.0	
19.63187589679296	19.36852757250564	0.0	0.0	
3.85960559973406	6.290292170519248	0.0	0.0	
5.451573817181256	19.11705855076605	0.0	0.0	
22.967001692515357	25.716072940115538	0.0	0.0	
24.13714866388516	5.920448791530209	0.0	0.0	
9.707717408698596	27.323191743828012	0.0	0.0	
17.001528526290457	13.009248429626616	0.0	0.0	
21.895359145233623	1.1803444413253708	0.0	0.0	
0.7346279619838647	8.359988719008332	0.0	0.0	
0.872073280157732	21.446546875672365	0.0	0.0	
27.49917804470505	11.453680109152273	0.0	0.0	
24.755920672692575	11.53318690714908	0.0	0.0	
17.258226598896357	12.708497396302977	0.0	0.0	
26.923333598666087	5.912417097603864	0.0	0.0	
13.083730850223326	3.8249347043950337	0.0	0.0	
11.263950253872075	2.923822351946967	0.0	0.0	
15.309467759725944	16.49510110166131	0.0	0.0	
24.0849451995992	5.158342197112415	0.0	0.0	
16.42020116078449	6.437094916136836	0.0	0.0	
8.038599912959306	26.83553911321697	0.0	0.0	
14.324187494566306	18.539077111151368	0.0	0.0	
26.4019189088565	13.104804799079641	0.0	0.0	
18.959202187683683	18.74052404810686	0.0	0.0	
29.970102653393127	8.903517972213063	0.0	0.0	
18.049541909715753	4.242825231396598	0.0	0.0	
31.197580201465797	18.628555952791036	0.0	0.0	
18.547991905843165	31.728702060594767	0.0	0.0	
20.320455315821285	21.850054153080936	0.0	0.0	
4.074437030094206	21.82508928708	0.0	0.0	
26.295668687804394	23.120939572175303	0.0	0.0	
26.534400168383925	15.208511623065977	0.0	0.0	
22.096844971752585	15.87406828739677	0.0	0.0	
0.40111679584015647	12.156737117415144	0.0	0.0	
20.629328898420734	27.85134644854757	0.0	0.0	
0.585408320812892	5.751062455685307	0.0	0.0	
15.68304787691314	10.944012890513466	0.0	0.0	
4.106154090946159	28.34808508853335	0.0	0.0	
29.516014334215075	1.2912225022229613	0.0	0.0	
17.371452213551777	17.647619000144562	0.0	0.0	
29.200516329904264	28.574872186175636	0.0	0.0	
10.343307505354389	30.977046046898444	0.0	0.0	
18.180246455122123	14.929641182599408	0.0	0.0	
21.437494745608035	17.02880057205746	0.0	0.0	
26.589126255863416	0.45419236776806216	0.0	0.0	
19.244833550374917	21.10321863358189	0.0	0.0	
19.36831855902004	21.167599164946058	0.0	0.0	
24.939517216290525	9.034845496379052	0.0	0.0	
31.430757857227025	12.964701235500083	0.0	0.0	
12.05160492356898	3.304450729896903	0.0	0.0	
10.309237544239046	0.5826229723754608	0.0	0.0	
13.091150631594601	18.455163927929302	0.0	0.0	
16.92046695895948	31.018271846143357	0.0	0.0	
3.479922471227976	14.69811071089024	0.0	0.0	
28.96897250527125	23.52013909977873	0.0	0.0	
24.45101662426356	8.439384739367519	0.0	0.0	
31.585389496241564	16.993475960075784	0.0	0.0	
5.447833802198051	19.304102857343775	0.0	0.0	
5.04132153027696	8.989209898540185	0.0	0.0	
12.571142710488292	16.340043871969144	0.0	0.0	
29.518134099338084	1.85373973841374	0.0	0.0	
21.230382457990835	15.538400488158906	0.0	0.0	
5.42193550808037	0.8509963053737941	0.0	0.0	
11.730183302218727	14.215118084924487	0.0	0.0	
26.453801614920646	21.755123527542107	0.0	0.0	
16.339752995704245	17.09741459477408	0.0	0.0	
28.84781071601362	19.825931098410233	0.0	0.0	
17.29716768820916	2.3650581126838652	0.0	0.0	
5.14193259970747	5.386986161520674	0.0	0.0	
29.65181780530047	3.8817345553816907	0.0	0.0	
7.360600470962602	4.974025032435833	0.0	0.0	
17.23774354013722	21.767953568173194	0.0	0.0	
29.408271905725286	18.14633244422196	0.0	0.0	
31.468193881188377	30.191317532120156	0.0	0.0	
21.673767559658142	12.081082091464786	0.0	0.0	
30.26114935146847	31.36100210588074	0.0	0.0	
22.065374738660775	2.513280066134211	0.0	0.0	
2.862848449478129	2.122571063817972	0.0	0.0	
19.378989774432988	20.69750925986079	0.0	0.0	
15.52485521360207	8.199980724656928	0.0	0.0	
30.022897592716852	12.38978204904867	0.0	0.0	
15.054394500702507	25.811724063959662	0.0	0.0	
10.009859787343949	9.430503354023855	0.0	0.0	
23.21337511743439	4.677614297405611	0.0	0.0	
3.959511965435251	14.622493187065317	0.0	0.0	
12.657450567009459	7.115362560540664	0.0	0.0	
11.772305579151666	3.3235769284101124	0.0	0.0	
5.6588024433797806	6.646030254854573	0.0	0.0	
7.005302220363056	12.438136073653574	0.0	0.0	
18.703870099822375	25.67312240480207	0.0	0.0	
28.53649084372535	24.64063221086933	0.0	0.0	
0.17822998636364318	13.392822891297907	0.0	0.0	
20.725448978891755	1.1652677189758478	0.0	0.0	
19.263749460370004	25.303623119268668	0.0	0.0	
11.878544587662134	7.834232926527687	0.0	0.0	
17.062654628298077	20.638493592699426	0.0	0.0	
2.45341305504466	31.53711883524458	0.0	0.0	
31.15513526488577	28.88027084247401	0.0	0.0	
23.37141754513744	7.334563219106961	0.0	0.0	
24.827326358227104	0.0387915590418757	0.0	0.0	
11.554620980445893	13.198122202522498	0.0	0.0	
6.520807451482739	3.1612336587482908	0.0	0.0	
15.646575950220484	25.688119158008984	0.0	0.0	
23.320548764053246	15.100378866437513	0.0	0.0	
3.394031400964643	24.222760141848553	0.0	0.0	
23.40824900817932	11.713126691555104	0.0	0.0	
1.931039308529222	17.6111539859965	0.0	0.0	
24.048807068251538	28.721519723814417	0.0	0.0	
10.385286343227687	24.299300712254777	0.0	0.0	
26.04338593029962	18.82143683316773	0.0	0.0	
29.7627347604942	9.72912935262272	0.0	0.0	
8.789253312493194	18.179298868248054	0.0	0.0	
4.161583044840835	7.084551258482964	0.0	0.0	
24.943635595916668	18.376420175922764	0.0	0.0	
30.399639730822518	31.466533496185427	0.0	0.0	
1.7317313908766536	22.831490857349802	0.0	0.0	
30.78010290552316	1.018476921917454	0.0	0.0	
30.756667826353564	23.18604831597335	0.0	0.0	
3.859183620387146	9.751157071776873	0.0	0.0	
27.441544455265635	28.189882284125293	0.0	0.0	
31.72839306643077	28.617340403571138	0.0	0.0	
26.402809865924027	10.891021452486598	0.0	0.0	
8.000374139807938	1.5216283482651747	0.0	0.0	
21.744731997516233	20.752036701255303	0.0	0.0	
31.373905242637782	16.75902458668483	0.0	0.0	
7.117772149808481	30.173217663091243	0.0	0.0	
19.168125232474246	7.341170482491979	0.0	0.0	
10.375520678754597	5.5747156448952815	0.0	0.0	
10.08086118598776	1.913843691582798	0.0	0.0	
10.99918588660346	9.201476784749008	0.0	0.0	
6.4665899474933966	28.287815733665077	0.0	0.0	
3.2382054037378367	6.616353406081128	0.0	0.0	
22.659929173710957	11.021974139292219	0.0	0.0	
31.797292782418687	0.13258294281487437	0.0	0.0	
13.386172646838688	23.680293465199462	0.0	0.0	
21.035255773019255	26.926973140955027	0.0	0.0	
14.069716066592704	18.23278964069181	0.0	0.0	
8.795154966293762	19.28805971371582	0.0	0.0	
4.950818175920606	7.154927425943338	0.0	0.0	
21.709890937088176	29.22631432448286	0.0	0.0	
0.2487259546569156	15.187812219372027	0.0	0.0	
22.608375608009958	16.380857406706475	0.0	0.0	
21.40369007930728	26.924603789151877	0.0	0.0	
9.952332622824464	3.6802512672255077	0.0	0.0	
11.58105447875214	25.751503817923307	0.0	0.0	
12.027533275494495	27.990276113086438	0.0	0.0	
21.976609880173612	20.91197973049332	0.0	0.0	
20.17158191250819	23.05991457024145	0.0	0.0	
6.3846087786721775	11.132225199736943	0.0	0.0	
12.455148569489218	21.813538999560155	0.0	0.0	
30.43922734857091	5.5789622435306505	0.0	0.0	
4.034978002252458	28.01627735962771	0.0	0.0	
9.321423855022843	20.687650789922987	0.0	0.0	
15.559371506203302	14.197519872030092	0.0	0.0	
24.458194621610602	5.728626742946847	0.0	0.0	
29.722952421439345	19.731114061912336	0.0	0.0	
5.239713195937696	2.768250801867918	0.0	0.0	
17.28129292327659	30.052685287115203	0.0	0.0	
16.31366572809777	12.546325929737577	0.0	0.0	
6.415734203413926	10.15279718928181	0.0	0.0	
15.86192749784702	27.509375345525264	0.0	0.0	
5.856728184320051	8.660903904948388	0.0	0.0	
31.0972983793182	12.090528156818568	0.0	0.0	
12.246907827593034	0.5953340746329623	0.0	0.0	
28.655061043254086	4.249334329713822	0.0	0.0	
17.31701476809401	27.809138184129147	0.0	0.0	
24.803288865370224	0.48196118143199485	0.0	0.0	
19.827763181789052	8.405385868107562	0.0	0.0	
2.6331530279721456	28.42018962653671	0.0	0.0	
27.23902265987623	1.9243109757095276	0.0	0.0	
3.909496975988752	23.0564956706704	0.0	0.0	
3.2371784323475907	3.7039456478980206	0.0	0.0	
8.338299770506545	3.4701469764415585	0.0	0.0	
2.2099613840128427	29.721277046043518	0.0	0.0	
22.914022922483554	31.937006812448125	0.0	0.0	
20.864236272294924	11.730809032809052	0.0	0.0	
3.0376665875390145	31.06108070062972	0.0	0.0	
2.0558782572962855	27.747574080483083	0.0	0.0	
22.640003674005477	20.88683787727324	0.0	0.0	
25.0283337929545	13.859355162637328	0.0	0.0	
27.665394380707557	23.760138562467343	0.0	0.0	
26.926135821428694	21.46648295890651	0.0	0.0	
28.16398650609432	17.873041581942598	0.0	0.0	
31.855793630399997	17.177870556547983	0.0	0.0	
15.115467326892936	22.447037679260703	0.0	0.0	
29.465702600634575	4.086640648947679	0.0	0.0	
6.3759639503727215	10.40186839174709	0.0	0.0	
11.166352430002227	0.585381422149041	0.0	0.0	
15.630016002398666	9.168458196171276	0.0	0.0	
23.351883356114627	9.494700593865286	0.0	0.0	
20.78207914464931	25.225650079369675	0.0	0.0	
25.742659977234066	6.314660058050059	0.0	0.0	
29.72089422189152	29.58333551183699	0.0	0.0	
11.425006551259667	20.149879225942062	0.0	0.0	
12.429497551481884	26.79277988758039	0.0	0.0	
8.252399662120098	28.7842355070196	0.0	0.0	
12.262286314894649	10.13058155343197	0.0	0.0	
8.571283087636985	24.94504976294468	0.0	0.0	
0.1287637423296779	15.025080201706125	0.0	0.0	
12.350891236672105	13.31784314711673	0.0	0.0	
23.1074611588721	17.919194385413657	0.0	0.0	
28.598957256358243	20.532097179370698	0.0	0.0	
10.096332054677529	29.43974954388322	0.0	0.0	
17.10433879167478	21.38197361496004	0.0	0.0	
30.145205600134656	14.862058544479964	0.0	0.0	
15.269479113902175	8.026462598547166	0.0	0.0	
5.531686488145706	30.29526869252187	0.0	0.0	
1.2904593110059182	1.3232853453582933	0.0	0.0	
6.8845426484487575	15.340784347486352	0.0	0.0	
4.600205567823814	23.33869496597195	0.0	0.0	
12.497108610519774	0.5428601084978197	0.0	0.0	
12.729814643331512	20.31272278851506	0.0	0.0	
0.6227686937052539	25.643719295912348	0.0	0.0	
28.06009056072334	28.994079639915146	0.0	0.0	
21.751304859249945	4.467778611668145	0.0	0.0	
3.73748952384285	29.732693147943422	0.0	0.0	
16.9545078240234	14.552853360186926	0.0	0.0	
20.062563769741015	25.402743752089727	0.0	0.0	
12.927366712509226	11.447067314480698	0.0	0.0	
26.026987533478923	10.83521749286247	0.0	0.0	
19.19204114585007	25.449414102788626	0.0	0.0	
8.039670308266338	31.341253310884056	0.0	0.0	
19.00328527211261	29.7723709096428	0.0	0.0	
2.621689036126419	22.71647864187038	0.0	0.0	
30.383959702629642	7.533847051202162	0.0	0.0	
24.235827244075296	25.308314098390436	0.0	0.0	
6.178309044221244	29.41323570708846	0.0	0.0	
28.767006670839258	12.37392845251616	0.0	0.0	
0.8982971155587087	13.109799193915919	0.0	0.0	
5.349364912285022	4.958766442394374	0.0	0.0	
19.573002083069913	31.913706344347702	0.0	0.0	
24.306966367362673	11.57476551250619	0.0	0.0	
29.057402294333997	15.160607532429246	0.0	0.0	
22.823581681564022	11.797854786912502	0.0	0.0	
6.773281996371971	3.154309001419918	0.0	0.0	
23.61655709883599	30.973219096596253	0.0	0.0	
24.744780105760803	14.621920437505494	0.0	0.0	
20.548745998028373	12.325288385779032	0.0	0.0	
27.148512305365106	20.021376878621954	0.0	0.0	
4.513753516085753	21.153779780261992	0.0	0.0	
9.052557492744537	15.767301794245505	0.0	0.0	
13.071341049594615	30.230684479795013	0.0	0.0	
21.819291774232408	3.8164225020079137	0.0	0.0	
21.375192605299272	3.8296924657681117	0.0	0.0	
7.4809324891037825	30.493472867951386	0.0	0.0	
8.464620501179194	31.09856390106926	0.0	0.0	
24.63711415815197	12.499421836395342	0.0	0.0	
27.656766073347843	15.1008293273653	0.0	0.0	
10.567296874505992	13.081103890288691	0.0	0.0	
12.299826997520665	30.136926694607197	0.0	0.0	
16.716347034777215	5.767307366680644	0.0	0.0	
15.359762784137374	27.580497987637905	0.0	0.0	
8.313961201603135	21.915999792830267	0.0	0.0	
22.551160413367764	31.933523146734224	0.0	0.0	
22.59271623519987	28.018989531703436	0.0	0.0	
24.219779261335194	15.481594813341356	0.0	0.0	
1.695401577183194	16.546163949330943	0.0	0.0	
21.277858245697036	20.64682524955377	0.0	0.0	
26.786288705853462	24.73837374207531	0.0	0.0	
27.03089143923271	3.2522722533296076	0.0	0.0	
28.088734360839396	13.74936369968955	0.0	0.0	
29.090263798924937	16.67580886692599	0.0	0.0	
21.993010008068303	21.396442634486387	0.0	0.0	
14.32038558093295	11.001250840239287	0.0	0.0	
6.482660835405369	25.12225991108435	0.0	0.0	
0.7421226590523275	18.837253921051644	0.0	0.0	
28.76229940980878	2.4483445943097664	0.0	0.0	
23.42214832709438	31.76580865224628	0.0	0.0	
26.012069842413208	19.872059215393612	0.0	0.0	
12.543143130649213	13.050766082057695	0.0	0.0	
25.164610071006674	26.463352958885984	0.0	0.0	
17.223528853183872	16.177031990388077	0.0	0.0	
15.95326480569559	23.043167403731804	0.0	0.0	
20.441514940879728	14.417406436091778	0.0	0.0	
22.02020714174571	22.0379501625725	0.0	0.0	
16.552718959237833	20.158976226831662	0.0	0.0	
27.407394061569903	21.100708139881366	0.0	0.0	
18.287098398559994	22.39592735577526	0.0	0.0	
28.850634071666676	26.543156276652006	0.0	0.0	
29.156702029645253	6.64172004215996	0.0	0.0	
27.477964099599518	19.861627432521058	0.0	0.0	
9.018407080701909	10.940269543799616	0.0	0.0	
7.882774465315208	17.98386696389693	0.0	0.0	
14.880401798704622	26.322338493227495	0.0	0.0	
10.400805805682658	0.157046449135823	0.0	0.0	
20.349909303203578	20.319452190702183	0.0	0.0	
31.172424565717712	12.22539010653609	0.0	0.0	
8.226804933365376	8.586935650142362	0.0	0.0	
7.415480455763635	2.8919626954565736	0.0	0.0	
21.55685829538797	20.367806270007282	0.0	0.0	
24.688971087716187	5.637408747826413	0.0	0.0	
25.506476298227117	14.099215216732087	0.0	0.0	
11.528186645975943	31.650988907029152	0.0	0.0	
19.146500613647753	20.418966340508156	0.0	0.0	
24.800151217923574	0.9785210285926844	0.0	0.0	
17.14889922171639	25.132517550077257	0.0	0.0	
4.808245212701767	0.802901021620265	0.0	0.0	
30.906136533723032	6.432496671449144	0.0	0.0	
23.702782551873664	5.037518977051565	0.0	0.0	
5.82871963456515	22.219488020634813	0.0	0.0	
24.18618445172979	24.354752065629327	0.0	0.0	
1.5905365388374655	3.769536574153104	0.0	0.0	
15.109906549065975	24.877421277973514	0.0	0.0	
20.968926929557405	15.7633451031787	0.0	0.0	
4.071050455214397	2.041438775610864	0.0	0.0	
30.21113112237579	17.49554848812262	0.0	0.0	
0.500266269881795	21.710658516807005	0.0	0.0	
18.273067301346575	13.502298125476898	0.0	0.0	
7.001285640933297	16.704020608886417	0.0	0.0	
19.07405345760283	23.134740863157436	0.0	0.0	
12.151618102574421	2.746737864936513	0.0	0.0	
24.95066988609018	18.22739846814652	0.0	0.0	
28.2694794634357	0.897645930890068	0.0	0.0	
31.09423686291718	5.230824223757903	0.0	0.0	
0.9685347666587099	10.295402626056148	0.0	0.0	
14.552435384076684	23.007166930680214	0.0	0.0	
10.604639524390223	4.082713221754545	0.0	0.0	
6.753741551691615	7.758587996295724	0.0	0.0	
21.680151566960152	17.033693714837376	0.0	0.0	
31.369238434533788	17.967749665325528	0.0	0.0	
11.991354348341428	28.568881744887623	0.0	0.0	
21.088743246760103	25.73887555049404	0.0	0.0	
6.061646839589979	18.5000254999802	0.0	0.0	
27.812248762562408	30.164983034965843	0.0	0.0	
10.51252126630025	26.776331541788686	0.0	0.0	
1.7105965093707027	12.775656230207279	0.0	0.0	
1.2168497717463573	19.899193981580567	0.0	0.0	
23.303549634406966	11.959937514174339	0.0	0.0	
14.619622088569173	14.19229090116049	0.0	0.0	
29.103981092835188	14.003936016161049	0.0	0.0	
0.02815166854384543	5.213930243509985	0.0	0.0	
11.519772623526471	2.037922278153175	0.0	0.0	
14.757732030093152	15.461076476122361	0.0	0.0	
5.993538246230635	30.436544323231363	0.0	0.0	
24.495399455556228	2.9777428883799644	0.0	0.0	
23.258965689930516	3.560767603823809	0.0	0.0	
7.015739094952366	24.325220974426124	0.0	0.0	
16.78228511760087	12.986869693416235	0.0	0.0	
17.68769741747863	19.401679202168385	0.0	0.0	
12.776996998739754	9.95993750612162	0.0	0.0	
11.951836807733493	15.614358207581652	0.0	0.0	
2.898167286042348	0.28702793816013994	0.0	0.0	
0.3019564655347402	3.330554345933983	0.0	0.0	
18.761068013925026	12.542103760858822	0.0	0.0	
28.098413926693315	4.1966840323343035	0.0	0.0	
29.238906914610734	8.433374095464412	0.0	0.0	
2.8518084079625403	14.513391314494353	0.0	0.0	
12.428623662488437	24.638612170660675	0.0	0.0	
13.63905451339338	23.837509060573087	0.0	0.0	
31.08350669491088	7.387112002149859	0.0	0.0	
13.77244585461273	11.058495839025401	0.0	0.0	
20.762731861122212	19.443859774099927	0.0	0.0	
26.999682304714348	18.72855331816477	0.0	0.0	
15.297692835660836	14.310145648966209	0.0	0.0	
4.177022458490068	24.12114787399773	0.0	0.0	
16.85233526724868	29.973925769470622	0.0	0.0	
19.89537196799741	16.810666922150546	0.0	0.0	
13.807486498051237	15.796382346595589	0.0	0.0	
22.298916779378942	4.796187553843474	0.0	0.0	
10.962509316120112	6.45795708076421	0.0	0.0	
10.100310832409424	12.114423390153053	0.0	0.0	
5.048720062059271	31.383625961889965	0.0	0.0	
1.537991002172511	2.651454829377478	0.0	0.0	
11.865513844576636	25.922398307058774	0.0	0.0	
6.848354214820763	23.70609325131054	0.0	0.0	
7.7157471778471205	26.88819911358006	0.0	0.0	
23.642175196263018	15.730401157336317	0.0	0.0	
11.51333543675917	30.83582957807395	0.0	0.0	
10.175482940739464	13.035955170633645	0.0	0.0	
19.01017667102074	11.237687910011413	0.0	0.0	
13.582303769986357	13.459842993071021	0.0	0.0	
26.922921697890118	14.463462124867018	0.0	0.0	
5.401904927952149	29.84422906214163	0.0	0.0	
12.222197997651111	18.270130690921885	0.0	0.0	
25.212989997389133	6.5351396770973835	0.0	0.0	
16.99983811307506	13.900166578450591	0.0	0.0	
11.169068913211525	28.836280573759698	0.0	0.0	
11.645111498506662	11.185520507649823	0.0	0.0	
18.316076150467445	11.540254533293279	0.0	0.0	
25.80387147635544	4.615310773969629	0.0	0.0	
19.711538724631712	23.196497720496822	0.0	0.0	
24.883457074833306	7.930732326143225	0.0	0.0	
19.88063700693074	13.286956989377831	0.0	0.0	
20.771565788667363	29.736870225467236	0.0	0.0	
23.58032837087877	19.56065082650512	0.0	0.0	
18.46154205402192	15.08787966794015	0.0	0.0	
29.317485079047014	18.153469559903012	0.0	0.0	
13.0463256324112	10.387571602491406	0.0	0.0	
14.535679578682412	2.0472868971860585	0.0	0.0	
1.7295752832335438	2.9820138166093706	0.0	0.0	
0.7417804025131218	4.232173326828548	0.0	0.0	
21.887663459514023	27.100930770578326	0.0	0.0	
3.217180381224864	15.838417083073853	0.0	0.0	
31.992211148375993	12.351299942086754	0.0	0.0	
8.483580089848452	7.822049040510368	0.0	0.0	
11.194736614026265	31.72583700083868	0.0	0.0	
18.7021957627013	23.615214168894127	0.0	0.0	
29.82076670750259	3.4691971525201737	0.0	0.0	
18.031701426115045	25.33460383874844	0.0	0.0	
15.047291118845969	7.758618598248482	0.0	0.0	
14.090231438643478	28.445771813991033	0.0	0.0	
20.867733579795967	2.4929641278059087	0.0	0.0	
10.553812611378365	31.560377028157458	0.0	0.0	
15.479663919031037	5.410068537758185	0.0	0.0	
11.55623430935428	30.935670092892778	0.0	0.0	
6.710614144275716	2.8471181115172755	0.0	0.0	
14.544166747401238	0.712719363250919	0.0	0.0	
8.225864894934741	31.976693817008115	0.0	0.0	
22.991558613789522	20.387129604642833	0.0	0.0	
10.394626264018552	6.938337543629924	0.0	0.0	
11.486099043537862	20.36805597171012	0.0	0.0	
20.86815409333273	26.897535872300768	0.0	0.0	
7.981283495905156	2.394709970800516	0.0	0.0	
21.2182727627944	10.659772706049473	0.0	0.0	
16.796772319330195	20.617472592663177	0.0	0.0	
24.958910859736644	15.332246824887918	0.0	0.0	
13.261726909964505	6.3545597255102955	0.0	0.0	
30.798552537442763	30.337190282781787	0.0	0.0	
7.094346128955344	6.588009271973551	0.0	0.0	
9.361905638739703	21.369981224121144	0.0	0.0	
30.07472241003911	5.85602917665512	0.0	0.0	
13.159490700555956	18.57885892063788	0.0	0.0	
11.88951319021134	28.662061443599605	0.0	0.0	
22.660487988634582	14.192089603661643	0.0	0.0	
4.063605237997894	8.96114029411089	0.0	0.0	
8.62080945247109	22.104849054198006	0.0	0.0	
12.13781501136803	0.8360351921986329	0.0	0.0	
22.743999350176566	4.380461495847044	0.0	0.0	
13.490252932868216	11.098290853868797	0.0	0.0	
13.277724012641166	8.760972530422997	0.0	0.0	
7.024779027410943	12.958473667324515	0.0	0.0	
30.295692294655765	6.008144252326716	0.0	0.0	
19.32219856191115	5.855214768480149	0.0	0.0	
22.51788258116884	8.742517326922297	0.0	0.0	
27.577079270564155	25.207751824425344	0.0	0.0	
0.7107049485711698	2.953186234196874	0.0	0.0	
31.7923631339658	0.3725688684507382	0.0	0.0	
13.055248290558378	11.661975385159916	0.0	0.0	
13.84115039018955	3.116370595960717	0.0	0.0	
19.66974298254168	14.722043622856315	0.0	0.0	
17.664506123049634	20.779027646984613	0.0	0.0	
2.430059254821053	30.537933183387967	0.0	0.0	
29.611437081710253	8.422461824471679	0.0	0.0	
4.9824805264058085	13.200707068590646	0.0	0.0	
1.0597581235526476	14.877482824881508	0.0	0.0	
12.835622386200633	9.288446279819713	0.0	0.0	
25.612755288283875	18.32318765899773	0.0	0.0	
16.66958878234983	29.977035143055243	0.0	0.0	
21.81833308886125	20.81960851173052	0.0	0.0	
26.615099324514812	2.896963371412685	0.0	0.0	
12.271830282600408	2.2743075149854377	0.0	0.0	
12.368173319859725	6.358923771053838	0.0	0.0	
20.37125738814672	29.789566309585275	0.0	0.0	
24.55769630603746	22.81072623518125	0.0	0.0	
7.86333384523704	24.332328610608183	0.0	0.0	
16.3944037330997	4.751137771001595	0.0	0.0	
2.5102083442730674	15.571575679722756	0.0	0.0	
13.298191552521967	3.9236826618779794	0.0	0.0	
2.8289398424488503	10.662174004408467	0.0	0.0	
6.469693553846863	0.8791399475184889	0.0	0.0	
18.80821809238496	1.9860228400659423	0.0	0.0	
9.476569970839787	12.671751118953232	0.0	0.0	
1.6570843000999993	16.003143587212932	0.0	0.0	
24.994223896321696	10.508039101940476	0.0	0.0	
4.013445205631751	13.84289561197798	0.0	0.0	
18.660222232333496	19.141500022641114	0.0	0.0	
25.498671793025423	18.252641132346152	0.0	0.0	
8.669634342830186	30.195836134517307	0.0	0.0	
9.891331872814291	1.5210637034558268	0.0	0.0	
30.68830116906701	2.4141002192439664	0.0	0.0	
26.069133961535353	15.895586976314629	0.0	0.0	
12.690734850215286	30.32098670451167	0.0	0.0	
22.374848780543886	5.789353316173234	0.0	0.0	
2.831696085077052	14.43475993829949	0.0	0.0	
11.6760583024491	13.199441989067186	0.0	0.0	
31.949093416890356	27.841206073659933	0.0	0.0	
3.8851431091322475	18.655023332803353	0.0	0.0	
19.28176212503083	11.499592995077123	0.0	0.0	
10.183457946813768	18.582859803073493	0.0	0.0	
20.134212496418236	2.97773894973599	0.0	0.0	
14.274737436166888	14.000725623772318	0.0	0.0	
27.436233241478064	9.601609885074783	0.0	0.0	
3.6959304460215954	18.110928040693896	0.0	0.0	
5.35033846141642	31.95337196084201	0.0	0.0	
22.435697557730045	7.103655790177825	0.0	0.0	
2.797721229148042	26.31008689074431	0.0	0.0	
0.8294284214325174	30.633190390704325	0.0	0.0	
0.2367602464771572	20.878978930356634	0.0	0.0	
16.26246037759717	1.1920403742474406	0.0	0.0	
18.346670581946306	14.478007277172857	0.0	0.0	
30.67317804321698	11.536985668845492	0.0	0.0	
9.72355524216438	9.822565811090396	0.0	0.0	
11.331066073964323	11.083749466075307	0.0	0.0	
28.2439572455601	15.203437472751215	0.0	0.0	
3.1373001294765537	18.10032123476626	0.0	0.0	
8.241572956837143	16.881885220385822	0.0	0.0	
30.26767638009187	6.950155572710408	0.0	0.0	
3.450634516150682	15.696939361030168	0.0	0.0	
9.902397274936039	9.596155211896264	0.0	0.0	
5.588672997075012	20.751051584071362	0.0	0.0	
31.37708342347122	12.073314186927227	0.0	0.0	
10.66955536379136	9.39817766495085	0.0	0.0	
15.246517518741339	24.332514083995864	0.0	0.0	
20.926815361070506	1.0539157707778557	0.0	0.0	
1.6959785862043937	27.965806920954154	0.0	0.0	
24.720601966677176	22.515139236726494	0.0	0.0	
20.54775043419748	18.911226707832125	0.0	0.0	
8.557970643608996	14.254900591402624	0.0	0.0	
17.278924712732522	14.480087706796088	0.0	0.0	
24.529228433009802	2.059719343755102	0.0	0.0	
9.853066917980804	10.337734630890775	0.0	0.0	
24.944799090251998	26.262205503240285	0.0	0.0	
19.05259611501981	3.559032174039114	0.0	0.0	
19.428442610503943	4.211341018255695	0.0	0.0	
24.719146764258877	21.742157568477182	0.0	0.0	
18.038186280378444	13.270374100484467	0.0	0.0	
6.889453132900655	25.756970089833075	0.0	0.0	
0.4675829661188189	10.8426691727093	0.0	0.0	
27.82543749896413	7.373759231554345	0.0	0.0	
15.529140723442303	7.639425958105413	0.0	0.0	
16.09398009499634	13.126126936488951	0.0	0.0	
11.159549845656986	16.430522752646503	0.0	0.0	
31.051483364549256	20.11729774099839	0.0	0.0	
13.9063411507064	10.623302792949723	0.0	0.0	
15.782101399013843	3.248300177493576	0.0	0.0	
3.5643997099376072	3.0802043069763307	0.0	0.0	
21.520465951230335	13.38364852375856	0.0	0.0	
13.923024259951884	18.324066802228476	0.0	0.0	
23.451076611177808	30.6954842986405	0.0	0.0	
18.227486247423066	9.6639569454953	0.0	0.0	
21.287916046503774	21.838593857437424	0.0	0.0	
25.100074895083313	20.809381966331987	0.0	0.0	
23.067278181772238	31.596696572146318	0.0	0.0	
2.680767959821747	19.005188643107825	0.0	0.0	
10.623221390595916	24.373427798441043	0.0	0.0	
17.80400157281881	4.883153528500095	0.0	0.0	
25.830190122148572	0.9582510442922398	0.0	0.0	
10.189560961667897	2.249688200551965	0.0	0.0	
1.9936221134406615	6.1292972146103715	0.0	0.0	
1.8854433512635325	21.113877535939363	0.0	0.0	
30.018263779474736	14.788868844261362	0.0	0.0	
22.632928173753832	11.41036957243356	0.0	0.0	
7.640393806782015	27.405934882385385	0.0	0.0	
11.910959525769975	18.372523908074367	0.0	0.0	
6.837178426067716	19.639876900118267	0.0	0.0	
26.603773507080987	27.30285639788713	0.0	0.0	
6.205540855044365	13.56901642865813	0.0	0.0	
10.799672781464242	2.910628970224728	0.0	0.0	
27.44546037581894	17.72461046106141	0.0	0.0	
3.0016705333185243	19.898857893553902	0.0	0.0	
8.348738346856202	11.987907332744367	0.0	0.0	
1.0779285858336856	17.886336433554835	0.0	0.0	
14.13000776504402	16.62438736040073	0.0	0.0	
20.432619003478102	17.204008512356545	0.0	0.0	
3.329483698663747	24.940021466167355	0.0	0.0	
20.875104426357115	26.163854381165358	0.0	0.0	
24.57430798362594	22.10625969599439	0.0	0.0	
20.436780102051294	29.26049520655935	0.0	0.0	
20.52761921482704	24.019527699750558	0.0	0.0	
6.736636446187905	19.46021590469505	0.0	0.0	
31.95028432412827	8.223749788277015	0.0	0.0	
19.954185206671223	2.9460996540644047	0.0	0.0	
9.938719911153157	4.216137572138287	0.0	0.0	
29.461627358085245	12.500171963595857	0.0	0.0	
12.251526343679128	6.189206352812189	0.0	0.0	
23.140069247973546	27.246156953505395	0.0	0.0	
19.48541392369668	9.987346663417618	0.0	0.0	
31.94633928828115	13.632096317098831	0.0	0.0	
31.102608055598576	31.43942846129626	0.0	0.0	
8.950048184625615	18.952281033481544	0.0	0.0	
12.738665974403272	12.101671675071199	0.0	0.0	
5.926321860041284	25.14343119013885	0.0	0.0	
9.445120431624833	26.69623421541413	0.0	0.0	
16.517101040692573	0.09921274653885703	0.0	0.0	
24.39834836864447	26.49938585178908	0.0	0.0	
31.302239835217645	27.00942056625352	0.0	0.0	
3.199709238476988	27.8795648848189	0.0	0.0	
22.05622215692316	4.799469201003163	0.0	0.0	
30.45909941291794	11.784978662472586	0.0	0.0	
8.006588284375766	22.767297089618136	0.0	0.0	
20.879536414809106	1.7121072230120582	0.0	0.0	
6.988578127172069	7.021580230823023	0.0	0.0	
10.812066490159957	2.083347067335815	0.0	0.0	
6.4148747901881045	25.20645245192229	0.0	0.0	
20.694217724508114	16.368876375046387	0.0	0.0	
1.2486225604950754	11.948414429443165	0.0	0.0	
25.021393872445312	28.80396101181843	0.0	0.0	
22.991203429823017	26.779146471660965	0.0	0.0	
0.6832921699222041	10.533532618194009	0.0	0.0	
13.675942608824386	29.116036245588568	0.0	0.0	
15.892227980728965	2.0800844442710513	0.0	0.0	
23.177887856278442	6.435346181829679	0.0	0.0	
14.143160888533572	17.469796028295384	0.0	0.0	
3.8925905586716105	2.5364114028503444	0.0	0.0	
27.058290166231824	24.572721010429582	0.0	0.0	
31.233885800898715	25.46802534014755	0.0	0.0	
9.258294039144257	18.911373671814005	0.0	0.0	
